0.2646630072205733
0.26426994572762164
0.26450887555252384
0.2643356908477933
0.2642308295919087
0.2645352614026235
0.26382672648104716
0.2643236148145387
0.26472816020702816
0.26426336876216977
0.2643961063290857
0.26452415184427686
0.26429796776398573
0.26467555934457704
0.26436017397999373
0.2646333649208533
0.26430332899753156
0.2637323834511983
0.26416482362776766
0.2644943925584458
0.26308972665904934
0.26314840438374043
0.2635929509648268
0.2636795369671431
0.26302340667648744
0.2633293829699835
0.2633880886363901
0.26329836124920564
0.2630390216422308
0.2631525595594407
0.26326492588644734
0.26335569049998264
0.26323839204652527
0.26334198371558926
0.2631184765402811
0.2632029274481884
0.2634074540170054
0.26321345094667103
0.2643241337503464
0.26368894020668016
0.2626443397362779
0.26238685083924984
0.26245480157597684
0.26190684395069025
0.26265391361131374
0.26203989370211256
0.26235963929447104
0.2626067943403181
0.2623322647829434
0.26215927207403056
0.2625391301484169
0.26239301319600983
0.26247782331686975
0.2621600676705414
0.2624939078743871
0.26238109401691107
0.2625507631773685
0.2618179569481915
0.2625235375901167
0.26237414962195704
0.2611763492620583
0.2609354041011102
0.26080582916539297
0.26141894803827065
0.26144507410713347
0.26114953848133154
0.2611289572985508
0.26120774308707945
0.2611490757708739
0.26113770493539645
0.2611564655648264
0.2613358848263222
0.26051504009793114
0.2611813452958661
0.26109839440413696
0.2610300690311501
0.260712258494131
0.26092883893505564
0.2611138838651861
0.2610039407576907
0.26013855851625045
0.25988580820094787
0.2601753349569731
0.2603146028924792
0.25964020880838323
0.260023936414564
0.25981482644221515
0.2598581758940464
0.26014264072595267
0.2603144511522422
0.25968754474282263
0.2595863484972945
0.25981563460365314
0.2602814860964986
0.26023523455269026
0.2605062150164266
0.2597330919702485
0.26052387157803514
0.2600140161405662
0.25910995537696135
0.2582686985435845
0.25871944633555566
0.25878349925375504
0.25826321365675736
0.25895409175324563
0.25849086979360414
0.25910703856844564
0.2585602838776366
0.2582374384037142
0.258704201883331
0.2588745336736416
0.25892875613421984
0.25870201897994993
0.2593027606898447
0.2586849065131072
0.2582513450137279
0.25914903793240646
0.25900813210391926
0.2590051280684186
0.2592488117960617
0.2572752348658123
0.2571137114198537
0.25708264844485074
0.25703381336161824
0.25785618229083596
0.25758280323421484
0.25758877225352583
0.25686605473028656
0.2572531808716476
0.2571017336762021
0.25698487754975274
0.25738201699679963
0.25745121299165136
0.2575683575579557
0.257495806414948
0.25733809300988436
0.25663423067478086
0.2572735226483271
0.2574734672293347
0.25759228502769177
0.2552758752347795
0.25571050176421145
0.2554739616207381
0.25604286552465627
0.2558153838104832
0.25554847534766895
0.2553798308056066
0.25513856023895676
0.25586919177781914
0.2562650964965422
0.2554473598655683
0.2557274937869929
0.25557761059042355
0.2553603555621658
0.25546669966727575
0.2562018893226201
0.2554686865760969
0.25541847746542024
0.2560720320374257
0.25592519399012
0.25353263047827296
0.2539227064844696
0.2538243102971001
0.2544559751740125
0.2546953588218991
0.25372690748731563
0.25420906589512415
0.254363248208761
0.25401276261756645
0.25408727627565664
0.2544321764412508
0.25401999205399867
0.2535657594257282
0.25383382634265333
0.25359482325164073
0.2540013367725222
0.25422802479505985
0.2540887855674962
0.25386425099122817
0.2541533243505526
0.2523437348791438
0.2528765746104314
0.2525796260510262
0.25215683565230945
0.2520034332837377
0.25232168930819915
0.25231520042289624
0.25299221868991006
0.2521990602056594
0.25247644402355673
0.2516680477131398
0.2520466811690253
0.252654131559112
0.2529969264674992
0.252318360945929
0.2520598274164637
0.25229516973175903
0.2518941090072282
0.2523335498629173
0.25218713443154384
0.24976493681034487
0.2502156297219282
0.2497535410555484
0.2507561881185036
0.24954129550572554
0.25009080641173403
0.2502267722956293
0.25028535492893217
0.2498658232534726
0.25052324922950553
0.2505084886345405
0.2501005514175702
0.2501099425708065
0.2508693915072815
0.250050239989122
0.24976506628000775
0.2507041921882049
0.24997426344948082
0.24956302593690494
0.24989575560542931
0.24786346696761263
0.24790784140978497
0.2473644060050928
0.24805422648707276
0.2479617383055181
0.24722526103025
0.24818704758275437
0.2483920471643067
0.24842712855986238
0.24767276092258644
0.24822710700856032
0.24808191277954475
0.24784310751633917
0.2477232022619579
0.2487201733491137
0.24796641658446322
0.24754052541435373
0.2475346644924911
0.24798958402431265
0.24788451101094994
0.2454856572989894
0.24535807058381073
0.24507462963286986
0.2466845785600331
0.24622992408157807
0.24535104956322465
0.24510010522769773
0.24612482670247976
0.24536037102306962
0.24653868901807674
0.24588381698756906
0.2455854862321779
0.24528689204671952
0.24533537714140177
0.2455480995640223
0.2456599547128072
0.2453862888476415
0.24543419164379524
0.2454250633732232
0.2457626263241977
0.24310331884018882
0.24330615698274827
0.24223862115149136
0.24332315171911958
0.24344153278124997
0.243269015270714
0.2430503659011553
0.24272785800793986
0.24299171954898993
0.24313600545882957
0.24227229590844376
0.24265631536888935
0.24229068008940607
0.24337153883210122
0.24360709937578787
0.24299319658125904
0.24301463317328745
0.24260687462981503
0.2418965814036111
0.24301000463413794
0.23983645633886366
0.23912799921603006
0.2408684746163494
0.2400100813534724
0.2403743027002194
0.2403269351063583
0.24006145493222744
0.23908067397546096
0.23951576183853782
0.2394079348483121
0.23987460589975285
0.24031169026713967
0.23942272394218805
0.2399078221894601
0.24066243726199898
0.23905487351464802
0.23995205082231397
0.23966556671776412
0.24035837008344338
0.24001336518801572
0.235466390271197
0.23639155899443523
0.23608473642151598
0.2357945272042545
0.23565593686283737
0.23705493659861318
0.23592331224974236
0.2369501901808642
0.23658020179432765
0.23582613299779995
0.23601690138375622
0.23533927121854548
0.23681774593062183
0.2362557391099474
0.23639275464807313
0.23671627633004158
0.23612633016785073
0.23637642570424944
0.2363665457880145
0.23669346970910018
0.23213619541621427
0.23145500828781804
0.23127587170710717
0.23176550027948176
0.23149723669699523
0.23116412702243322
0.23123573912385328
0.23195092761874866
0.23146012722153222
0.23151042911462894
0.2310233658527818
0.23225221964220755
0.23115856868259924
0.23219358930935466
0.23115466172143426
0.23259780811211778
0.23247912153391453
0.23150155627574845
0.2318189524210061
0.23248534788754482
0.22650691775207116
0.22790652518538201
0.2270657502984675
0.2273727473264416
0.22829594935460823
0.22764784921760672
0.22735311071451417
0.22678143331736073
0.22754627126167618
0.22718595435547848
0.22771466262207576
0.22685106828574947
0.22662172253007395
0.2267080758523528
0.22687801357374013
0.22669000413010912
0.2255222964168723
0.22678978112121748
0.22629237151076892
0.2269841555716302
0.21980650232912932
0.22048143732226147
0.22120356094116655
0.22120389317946412
0.22171254815542066
0.2206298829603761
0.22061850732085303
0.22119978921376587
0.22202791484647066
0.2214726541442949
0.22145823124914185
0.2211903324585233
0.22073376727936517
0.22253751131532776
0.22264054876856193
0.22141699466987974
0.22032203052806829
0.2216839803581152
0.22195128027339467
0.22059380287251884
0.21578564631215597
0.2144646698292253
0.21565738905001383
0.2144008662858809
0.2135341556416398
0.21404230241260813
0.21413567388110868
0.21334481251636161
0.21416465881315003
0.21471328695328937
0.21580851923127314
0.21570316800100592
0.21520252260079456
0.2145276821678524
0.21443428910695803
0.21371452477330669
0.21519585883074807
0.21502878745142018
0.2152325971908629
0.21518198924929166
0.2067314997867856
0.207414112538273
0.20600646248815474
0.20641409882986647
0.20639618816626873
0.2066020692053619
0.20656369290608145
0.20616904983610307
0.20657224916146913
0.20791317040268115
0.20736766640895965
0.2063789183935458
0.20775125081668802
0.20661374562646556
0.2067707882758279
0.20547208942245923
0.2056687369703829
0.20643414277054853
0.20590335689052916
0.20583558781987762
0.19588287918387248
0.19510236048003532
0.19564250462125926
0.1969884974760105
0.19679995593005936
0.19473340413756143
0.19692164607394977
0.19804203477432133
0.1958115451141182
0.1951341974806428
0.1951390723713048
0.19690861677409321
0.1956126578717758
0.197091222875867
0.19750249500481779
0.19548539111484695
0.19636112044358467
0.1954315827710189
0.19613674903827943
0.1970479400382495
0.18479164373351598
0.1844117289109062
0.1833744504676626
0.18271075602450382
0.1834330782864881
0.1862825174371897
0.18491255278909904
0.18226630191947135
0.18457452829709012
0.1828903666124084
0.1841423691447126
0.18329599586004702
0.18470055977279234
0.1838357989763887
0.1844494106388562
0.1835021472668073
0.18287324648785755
0.1834345360849971
0.18311399850063495
0.18564356962327508
0.16675413856379717
0.16697163074829988
0.16644274713719237
0.1672263860093087
0.16508033577770603
0.16765448008240855
0.16871303825585857
0.16922860244292337
0.16802296265951214
0.16674776318023554
0.16718451901464818
0.1686374243863804
0.16704757648396618
0.16773799190882402
0.16605525833416943
0.16793088721701818
0.16760665493560542
0.16591844137680958
0.16704393398969575
0.16800592792692778
0.14777235939089375
0.14822555618220182
0.14523912874945824
0.14867968933185519
0.14637793692127793
0.1465875578050747
0.1458213572662632
0.1459082058408672
0.14640349124403537
0.144771878062329
0.14476339768095536
0.14481736506393655
0.14610480613386484
0.1463023433623212
0.14699284692693998
0.14530470342976845
0.14615619529483803
0.1453129120960421
0.14389715366027617
0.14502474586672656
0.11743545867202221
0.11427226132562156
0.11650503158496775
0.11300861933325151
0.11571449291575377
0.11601970979785528
0.11835312644334968
0.11416914413862583
0.11200162506498997
0.11445368264232977
0.11435027561045642
0.11231108133883803
0.11746048155349864
0.11563050822265729
0.11453244981745862
0.11815674176077605
0.11729327286007701
0.11180149962619694
0.11405450288771024
0.11565112478269254
0.07845144366737988
0.07712156051585922
0.07630100533290828
0.0717203493458854
0.06974886038122788
0.07228653897140368
0.07205879454034295
0.07502107381256522
0.07122772864735001
0.07033298075628024
0.07150268259001288
0.07344756812579854
0.07101847701833233
0.07382288632388398
0.07360311257915413
0.07575265133945135
0.07138844228606969
0.07434359209439913
0.07002752366851772
0.07349250011281354
0.02964859513307069
0.02460289886679219
0.028271906104763836
0.02389067710223834
0.02665982922323709
0.028698747193886695
0.02980909857136507
0.026881716138849668
0.030173122390819786
0.024653219926249127
0.027791530012625267
0.024900462556474063
0.026276599553025668
0.026684886673424155
0.02949750205886967
0.03044545557568831
0.02690924401033757
0.02794496077860974
0.02471691016877628
0.028931459837932827
0.0028796522421322963
0.0017537662376220311
0.001183966287525501
0.0015110531496375348
0.005996832690816729
0.004279194749616989
0.001948042804384996
0.0019438908081718033
0.003896755284831819
0.002615363742155047
0.0027026524540406474
0.00320870698073674
0.0011198923245096361
0.0018779008972267851
0.0014206188952857058
0.004675633057373229
0.002989748281588745
0.0016587580801871132
0.002410583120125833
0.004172842600787184
0.0002062988647449794
0.0011895606204895641
0.0004562451466909527
-0.00105126567809216
-0.0006669971205808922
-0.0002750451276402468
-0.0009587812989537001
-0.0006244973650332628
-0.00035022701441868076
0.0009533250933429273
-0.00011126913950775875
0.001494669929746149
0.00012193545409684737
-0.0011664727562583424
0.00018439859801880587
0.0016158401355980427
-0.000629816432207741
0.00011260537828334716
-0.0005753868140474831
-0.0003886940297906181
