13,40,0
2,19,0
24,44,0
23,27,0
21,1,0
46,14,0
3,28,0
29,22,0
11,6,0
42,36,0
44,28,0
28,39,0
41,27,0
28,23,0
47,34,0
1,27,0
9,14,0
15,3,0
1,27,0
26,37,0
33,44,0
34,40,0
34,22,0
27,27,0
24,26,0
45,28,0
20,35,0
8,33,0
25,49,0
48,20,0
9,34,0
38,9,0
8,7,0
31,9,0
15,33,0
7,20,0
26,24,0
13,25,0
19,20,0
46,28,0
17,40,0
30,47,0
18,42,0
1,22,0
15,37,0
44,19,0
12,12,0
9,35,0
38,32,0
23,35,0
31,5,0
18,4,0
40,30,0
24,27,0
9,36,0
14,12,0
33,16,0
33,15,0
20,43,0
1,26,0
7,41,0
14,26,0
26,45,0
6,24,0
40,19,0
9,17,0
14,40,0
31,14,0
35,18,0
43,9,0
47,15,0
8,32,0
10,34,0
22,7,0
5,10,0
26,38,0
19,7,0
32,8,0
33,41,0
25,29,0
12,37,0
24,38,0
45,13,0
21,18,0
26,3,0
34,27,0
28,41,0
43,23,0
24,22,0
15,32,0
26,47,0
20,24,0
29,41,0
33,24,0
21,40,0
22,44,0
19,15,0
8,11,0
23,44,0
2,19,0
33,2,0
30,19,0
34,30,0
40,40,0
25,37,0
10,6,0
19,2,0
48,17,0
14,37,0
24,40,0
9,20,0
1,19,0
5,36,0
31,44,0
37,37,0
11,32,0
45,34,0
3,28,0
9,41,0
5,12,0
30,3,0
42,14,0
41,34,0
30,22,0
38,33,0
45,18,0
36,3,0
5,39,0
31,29,0
23,43,0
7,20,0
29,42,0
12,40,0
16,48,0
46,13,0
10,11,0
17,39,0
28,6,0
21,8,0
24,16,0
25,38,0
43,17,0
28,11,0
12,36,0
48,33,0
36,10,0
6,25,0
11,7,0
19,33,0
28,26,0
42,11,0
13,13,0
16,36,0
4,28,0
30,49,0
21,28,0
50,25,0
38,6,0
21,47,0
15,19,0
13,23,0
45,20,0
24,18,0
26,8,0
30,12,0
24,6,0
45,27,0
31,29,0
11,24,0
37,22,0
43,11,0
16,30,0
32,6,0
31,33,0
19,9,0
15,36,0
19,1,0
41,35,0
16,47,0
39,23,0
18,7,0
7,36,0
16,48,0
14,8,0
13,22,0
30,27,0
32,8,0
29,37,0
29,21,0
1,23,0
31,41,0
26,32,0
22,21,0
43,22,0
8,19,0
36,19,0
9,8,0
44,14,0
36,27,0
44,30,0
12,20,0
11,22,0
35,33,0
5,29,0
26,46,0
45,40,0
24,44,0
34,22,0
47,35,0
13,40,0
16,40,0
7,31,0
9,35,0
29,45,0
26,38,0
44,27,0
24,18,0
49,32,0
44,9,0
2,20,0
23,20,0
46,32,0
29,48,0
37,25,0
18,36,0
8,35,0
29,35,0
21,36,0
38,39,0
10,11,0
23,8,0
22,14,0
31,15,0
22,31,0
10,35,0
37,31,0
19,29,0
35,35,0
6,20,0
42,22,0
25,6,0
29,3,0
11,23,0
41,25,0
21,23,0
30,25,0
5,20,0
30,21,0
33,28,0
17,4,0
315,23,1
346,25,1
307,38,1
312,30,1
320,2,1
305,30,1
318,37,1
338,12,1
305,24,1
306,10,1
320,35,1
326,34,1
323,31,1
345,14,1
321,46,1
313,18,1
338,5,1
327,9,1
331,23,1
319,47,1
348,24,1
307,38,1
305,22,1
311,15,1
323,10,1
310,31,1
311,36,1
303,33,1
344,20,1
330,7,1
302,20,1
318,16,1
314,30,1
327,43,1
308,41,1
312,16,1
313,32,1
305,32,1
320,9,1
337,22,1
323,41,1
330,29,1
311,8,1
331,12,1
323,27,1
305,19,1
314,18,1
310,22,1
308,32,1
331,21,1
315,40,1
306,29,1
319,45,1
323,32,1
332,32,1
326,8,1
317,33,1
329,5,1
331,44,1
317,39,1
310,18,1
307,9,1
330,26,1
347,33,1
312,40,1
326,41,1
320,28,1
321,37,1
332,6,1
305,32,1
317,5,1
315,5,1
316,39,1
323,43,1
315,14,1
309,9,1
327,44,1
320,4,1
326,3,1
324,31,1
322,38,1
330,23,1
307,9,1
317,38,1
343,12,1
334,27,1
347,26,1
338,42,1
336,29,1
347,21,1
327,30,1
304,26,1
339,17,1
329,35,1
317,17,1
312,28,1
333,18,1
310,38,1
341,42,1
326,44,1
326,18,1
317,30,1
322,18,1
301,30,1
323,46,1
334,26,1
333,14,1
339,16,1
344,21,1
329,4,1
337,39,1
336,16,1
341,35,1
325,39,1
301,24,1
304,24,1
323,11,1
345,31,1
334,11,1
345,15,1
325,32,1
344,22,1
321,35,1
330,5,1
328,38,1
316,35,1
326,42,1
324,18,1
319,40,1
340,10,1
314,38,1
328,17,1
329,12,1
307,31,1
301,23,1
309,35,1
338,27,1
330,23,1
325,20,1
326,36,1
304,38,1
315,46,1
338,8,1
345,16,1
314,20,1
346,34,1
347,18,1
334,2,1
337,18,1
344,23,1
340,26,1
301,31,1
323,38,1
349,22,1
302,30,1
320,27,1
319,25,1
316,27,1
316,5,1
315,43,1
323,44,1
310,15,1
340,25,1
341,17,1
326,16,1
327,19,1
306,28,1
323,5,1
307,26,1
305,24,1
324,35,1
324,18,1
342,29,1
349,20,1
334,41,1
341,25,1
322,44,1
338,25,1
331,37,1
341,39,1
334,13,1
309,18,1
336,9,1
308,22,1
340,6,1
340,5,1
327,20,1
337,27,1
323,29,1
311,14,1
350,25,1
339,34,1
335,42,1
314,15,1
303,34,1
321,25,1
304,15,1
339,10,1
324,43,1
310,26,1
320,2,1
332,40,1
330,40,1
333,23,1
322,49,1
347,17,1
338,4,1
315,27,1
309,7,1
349,27,1
317,41,1
321,23,1
324,26,1
333,25,1
304,13,1
326,48,1
336,41,1
311,35,1
336,12,1
326,47,1
313,4,1
323,14,1
342,38,1
324,35,1
307,38,1
316,44,1
309,7,1
314,4,1
314,33,1
314,38,1
326,44,1
307,36,1
313,32,1
317,15,1
302,30,1
307,28,1
337,46,1
327,25,1
343,14,1
336,6,1
318,3,1
324,18,1
314,22,1
331,16,1
316,46,1
325,37,1
330,45,1
315,39,1
306,34,1
323,22,1
