28,7,0
6,16,0
34,25,0
42,10,0
20,17,0
33,23,0
3,34,0
14,17,0
7,42,0
17,9,0
18,8,0
19,22,0
44,28,0
40,37,0
27,26,0
41,20,0
25,49,0
4,13,0
28,17,0
40,42,0
16,18,0
40,14,0
42,7,0
2,33,0
21,40,0
12,13,0
43,34,0
6,26,0
23,41,0
39,36,0
27,46,0
9,32,0
2,24,0
28,26,0
15,41,0
38,16,0
18,26,0
18,19,0
24,36,0
36,35,0
12,45,0
31,6,0
35,38,0
33,29,0
37,16,0
30,35,0
11,9,0
17,10,0
31,1,0
8,33,0
40,43,0
2,25,0
19,44,0
47,24,0
43,35,0
28,43,0
20,39,0
41,13,0
18,46,0
43,30,0
37,35,0
18,45,0
13,34,0
13,46,0
25,35,0
5,38,0
27,14,0
7,13,0
2,24,0
22,30,0
39,31,0
41,33,0
15,39,0
17,26,0
41,23,0
41,25,0
38,23,0
10,41,0
6,19,0
17,45,0
33,36,0
25,37,0
9,43,0
36,18,0
16,11,0
34,6,0
8,16,0
33,9,0
5,20,0
45,11,0
37,19,0
34,37,0
46,17,0
21,49,0
37,16,0
44,23,0
26,40,0
10,35,0
37,39,0
12,27,0
43,42,0
34,48,0
47,20,0
16,20,0
18,32,0
41,19,0
18,41,0
45,18,0
9,25,0
4,22,0
38,11,0
42,18,0
30,5,0
12,21,0
33,8,0
10,22,0
7,28,0
12,9,0
29,11,0
32,43,0
9,30,0
17,47,0
47,22,0
35,17,0
37,41,0
3,25,0
10,39,0
45,10,0
30,45,0
25,37,0
43,9,0
14,25,0
37,38,0
18,23,0
26,36,0
31,43,0
8,30,0
50,25,0
24,4,0
36,18,0
21,48,0
3,28,0
7,8,0
45,11,0
28,27,0
8,24,0
45,35,0
45,37,0
43,41,0
36,34,0
44,28,0
13,26,0
23,40,0
40,38,0
31,13,0
24,32,0
44,20,0
34,32,0
44,15,0
38,30,0
7,14,0
31,37,0
28,34,0
30,47,0
17,7,0
2,34,0
6,18,0
30,36,0
13,45,0
2,30,0
14,8,0
13,28,0
14,5,0
35,23,0
48,27,0
32,18,0
1,28,0
37,10,0
22,19,0
23,44,0
32,39,0
21,13,0
15,29,0
45,17,0
18,3,0
27,18,0
15,28,0
33,19,0
12,39,0
15,30,0
47,14,0
9,18,0
34,21,0
21,26,0
16,11,0
25,16,0
18,45,0
11,32,0
17,15,0
15,33,0
7,14,0
43,18,0
48,21,0
16,12,0
30,4,0
29,5,0
24,25,0
37,25,0
28,28,0
3,17,0
21,41,0
15,25,0
41,41,0
3,28,0
6,40,0
18,27,0
35,23,0
28,41,0
41,20,0
10,19,0
14,36,0
26,38,0
38,4,0
35,40,0
24,37,0
34,45,0
39,29,0
41,29,0
5,38,0
43,19,0
44,34,0
43,32,0
15,47,0
21,49,0
7,11,0
8,10,0
18,20,0
45,38,0
11,30,0
2,18,0
34,3,0
35,38,0
12,16,0
12,46,0
36,12,0
22,45,0
7,24,0
35,30,0
27,46,0
30,10,0
277,8,1
253,18,1
254,10,1
242,32,1
266,46,1
247,41,1
282,35,1
288,24,1
260,40,1
254,13,1
250,5,1
269,6,1
267,33,1
265,6,1
260,9,1
259,28,1
262,37,1
259,27,1
282,30,1
251,25,1
282,33,1
253,33,1
269,3,1
283,22,1
265,36,1
254,4,1
242,20,1
275,40,1
246,36,1
284,30,1
267,9,1
270,5,1
266,15,1
262,25,1
261,4,1
289,32,1
268,24,1
261,35,1
272,27,1
279,10,1
263,29,1
258,25,1
241,25,1
277,42,1
250,42,1
244,18,1
271,37,1
268,2,1
252,12,1
258,18,1
278,15,1
276,14,1
267,21,1
250,38,1
269,2,1
261,4,1
264,21,1
274,34,1
276,11,1
255,18,1
255,23,1
285,31,1
264,29,1
270,14,1
264,22,1
275,14,1
281,11,1
276,7,1
267,25,1
277,36,1
263,20,1
287,30,1
282,21,1
264,37,1
249,29,1
273,30,1
282,16,1
254,39,1
256,7,1
256,32,1
275,12,1
282,38,1
257,5,1
249,23,1
259,3,1
270,47,1
251,42,1
247,22,1
277,35,1
265,47,1
269,48,1
270,18,1
254,29,1
277,17,1
271,3,1
247,23,1
283,13,1
246,24,1
271,35,1
258,28,1
248,18,1
270,45,1
264,5,1
258,21,1
273,46,1
246,36,1
270,7,1
263,34,1
251,44,1
275,14,1
276,40,1
284,30,1
277,8,1
283,23,1
266,3,1
266,20,1
272,46,1
266,36,1
248,14,1
280,5,1
242,29,1
266,21,1
279,19,1
256,42,1
284,13,1
248,14,1
286,33,1
274,15,1
263,2,1
262,42,1
247,39,1
282,28,1
283,11,1
275,14,1
252,42,1
250,36,1
266,22,1
268,22,1
284,20,1
270,26,1
262,34,1
273,15,1
288,21,1
248,17,1
251,40,1
279,12,1
254,39,1
244,28,1
288,31,1
253,26,1
248,9,1
266,38,1
273,18,1
261,32,1
263,48,1
265,37,1
263,41,1
271,1,1
285,26,1
255,23,1
286,17,1
283,27,1
259,5,1
270,46,1
258,5,1
260,28,1
247,15,1
255,15,1
256,21,1
264,10,1
281,19,1
250,13,1
270,44,1
255,23,1
264,26,1
280,40,1
274,31,1
267,45,1
275,41,1
248,31,1
243,24,1
252,34,1
265,48,1
258,41,1
274,2,1
247,27,1
254,34,1
273,27,1
260,48,1
272,15,1
248,26,1
270,6,1
262,30,1
248,16,1
247,10,1
259,27,1
254,27,1
280,28,1
245,13,1
281,18,1
267,14,1
277,22,1
256,25,1
254,8,1
266,44,1
283,36,1
284,18,1
250,39,1
260,25,1
265,45,1
266,3,1
269,48,1
268,12,1
269,23,1
276,21,1
282,26,1
283,11,1
251,21,1
281,18,1
266,14,1
272,16,1
270,19,1
266,28,1
286,35,1
252,19,1
279,10,1
263,5,1
272,42,1
258,24,1
254,9,1
276,4,1
284,21,1
282,12,1
263,11,1
258,39,1
261,9,1
271,16,1
268,9,1
280,12,1
284,33,1
271,16,1
276,19,1
251,15,1
258,16,1
244,27,1
264,6,1
266,13,1
251,23,1
256,7,1
279,23,1
