26,31,0
35,25,0
9,16,0
22,30,0
12,6,0
9,43,0
10,36,0
39,40,0
35,10,0
29,6,0
36,19,0
42,27,0
10,30,0
40,24,0
28,31,0
24,17,0
18,20,0
22,3,0
18,29,0
26,45,0
13,6,0
28,10,0
35,47,0
7,8,0
2,20,0
8,38,0
15,35,0
24,22,0
20,8,0
28,7,0
23,34,0
27,46,0
20,9,0
18,4,0
39,20,0
33,13,0
43,27,0
39,30,0
38,30,0
42,9,0
41,35,0
45,36,0
28,40,0
9,6,0
34,7,0
24,34,0
45,17,0
25,38,0
35,15,0
39,20,0
4,37,0
31,46,0
37,19,0
9,11,0
30,22,0
24,28,0
6,39,0
47,34,0
32,35,0
40,36,0
7,9,0
16,37,0
46,12,0
20,37,0
13,11,0
5,16,0
48,18,0
2,34,0
38,27,0
17,25,0
16,7,0
8,29,0
26,43,0
37,8,0
48,17,0
41,41,0
16,41,0
21,14,0
12,8,0
18,20,0
23,27,0
6,23,0
13,7,0
9,37,0
26,14,0
39,15,0
19,32,0
19,31,0
30,2,0
34,23,0
9,42,0
25,36,0
22,22,0
28,18,0
20,33,0
42,31,0
34,17,0
40,35,0
26,26,0
6,33,0
33,25,0
14,38,0
36,11,0
41,8,0
23,32,0
27,21,0
9,15,0
29,5,0
33,24,0
21,21,0
6,41,0
8,27,0
41,19,0
7,8,0
9,32,0
23,15,0
45,28,0
46,19,0
15,30,0
12,9,0
32,6,0
39,12,0
42,36,0
10,27,0
23,31,0
49,31,0
46,34,0
40,14,0
33,8,0
9,22,0
27,3,0
44,29,0
17,20,0
29,44,0
1,25,0
13,44,0
38,21,0
1,21,0
23,49,0
29,2,0
15,44,0
31,44,0
36,5,0
14,12,0
16,48,0
35,10,0
40,41,0
48,27,0
15,47,0
12,21,0
33,10,0
32,10,0
38,16,0
23,37,0
8,41,0
24,40,0
5,39,0
20,37,0
14,43,0
41,35,0
18,16,0
24,47,0
14,15,0
21,7,0
21,3,0
36,7,0
4,29,0
24,35,0
40,14,0
22,26,0
6,21,0
42,36,0
26,36,0
12,18,0
9,27,0
27,43,0
49,18,0
16,5,0
26,46,0
34,43,0
42,42,0
32,23,0
33,48,0
11,19,0
47,14,0
25,21,0
16,48,0
15,39,0
24,34,0
18,13,0
41,10,0
29,16,0
7,19,0
22,36,0
20,14,0
9,34,0
18,19,0
33,11,0
13,20,0
1,32,0
14,37,0
48,31,0
3,21,0
24,45,0
44,21,0
34,29,0
19,40,0
31,17,0
9,32,0
33,34,0
15,29,0
43,26,0
24,17,0
22,5,0
27,4,0
16,39,0
9,20,0
29,43,0
23,39,0
22,11,0
43,27,0
37,29,0
24,49,0
28,41,0
39,45,0
8,24,0
36,8,0
10,42,0
12,8,0
12,13,0
32,15,0
16,28,0
6,23,0
37,28,0
22,47,0
12,5,0
25,29,0
27,6,0
19,4,0
4,14,0
33,45,0
31,4,0
41,22,0
24,13,0
33,11,0
8,23,0
14,8,0
17,14,0
38,34,0
44,15,0
240,17,1
264,3,1
273,31,1
244,42,1
265,24,1
263,39,1
247,4,1
265,37,1
263,29,1
256,27,1
255,7,1
275,25,1
250,25,1
255,37,1
241,10,1
270,17,1
264,13,1
238,37,1
251,26,1
256,21,1
238,16,1
243,42,1
258,19,1
250,31,1
271,31,1
262,43,1
253,43,1
238,15,1
276,34,1
267,16,1
274,28,1
255,46,1
256,25,1
271,42,1
262,11,1
237,29,1
258,43,1
252,5,1
242,36,1
263,37,1
265,29,1
270,13,1
247,44,1
241,24,1
239,6,1
234,23,1
273,12,1
270,14,1
241,40,1
242,34,1
254,4,1
234,24,1
232,25,1
267,9,1
238,35,1
258,46,1
238,21,1
270,32,1
279,25,1
237,31,1
275,14,1
247,29,1
256,21,1
267,46,1
251,30,1
239,14,1
270,18,1
266,21,1
238,35,1
255,3,1
240,45,1
250,46,1
236,12,1
278,25,1
240,23,1
241,9,1
272,30,1
248,2,1
244,3,1
248,47,1
252,4,1
239,39,1
252,43,1
271,39,1
245,46,1
268,22,1
231,23,1
240,36,1
267,19,1
233,36,1
255,21,1
270,45,1
236,12,1
242,25,1
266,26,1
253,9,1
244,33,1
250,43,1
242,13,1
235,20,1
263,11,1
253,23,1
239,8,1
257,34,1
259,27,1
270,40,1
249,30,1
241,42,1
233,29,1
270,32,1
239,19,1
253,10,1
270,16,1
247,24,1
235,20,1
234,23,1
275,21,1
248,24,1
257,25,1
254,22,1
274,23,1
254,27,1
275,32,1
264,13,1
272,15,1
273,16,1
273,36,1
263,45,1
253,8,1
252,39,1
234,36,1
254,44,1
239,22,1
257,31,1
273,8,1
261,49,1
276,15,1
259,49,1
236,9,1
247,31,1
260,7,1
263,16,1
267,28,1
267,8,1
262,29,1
270,13,1
257,33,1
253,10,1
275,14,1
242,29,1
260,32,1
256,3,1
231,20,1
239,35,1
256,13,1
254,5,1
234,34,1
275,22,1
240,30,1
275,36,1
247,32,1
242,27,1
259,7,1
256,49,1
279,27,1
254,28,1
254,20,1
276,36,1
238,25,1
248,15,1
235,16,1
272,22,1
260,41,1
240,13,1
263,21,1
277,32,1
256,16,1
268,36,1
249,24,1
269,32,1
251,38,1
268,26,1
267,30,1
237,32,1
267,38,1
271,44,1
258,18,1
234,29,1
257,14,1
248,12,1
256,13,1
274,28,1
238,10,1
246,10,1
259,17,1
244,40,1
236,19,1
251,31,1
243,7,1
232,28,1
264,9,1
242,9,1
237,35,1
268,18,1
261,1,1
248,5,1
276,12,1
238,35,1
267,13,1
232,26,1
263,15,1
239,32,1
279,26,1
252,11,1
244,17,1
251,3,1
259,41,1
278,25,1
243,43,1
261,20,1
268,9,1
264,34,1
249,31,1
238,37,1
242,19,1
244,22,1
255,6,1
243,23,1
240,25,1
252,26,1
260,6,1
255,10,1
236,9,1
238,29,1
236,40,1
259,22,1
258,14,1
268,10,1
248,39,1
257,30,1
270,44,1
258,34,1
251,10,1
277,15,1
245,45,1
272,35,1
266,34,1
248,15,1
253,40,1
245,22,1
