16,31,0
41,35,0
25,47,0
47,27,0
26,15,0
41,28,0
37,22,0
28,37,0
27,34,0
8,21,0
31,13,0
43,42,0
28,15,0
46,33,0
32,16,0
44,10,0
36,29,0
25,16,0
42,10,0
29,11,0
19,31,0
38,21,0
10,45,0
26,47,0
23,29,0
49,27,0
32,2,0
41,7,0
40,39,0
25,32,0
28,40,0
7,21,0
46,31,0
12,25,0
36,21,0
13,28,0
3,14,0
31,41,0
32,33,0
1,27,0
18,4,0
14,5,0
28,15,0
23,40,0
20,38,0
38,6,0
17,6,0
18,37,0
43,31,0
31,9,0
7,39,0
26,36,0
48,27,0
7,22,0
17,23,0
13,10,0
39,28,0
2,19,0
37,8,0
15,21,0
28,28,0
33,39,0
16,15,0
8,37,0
31,22,0
13,31,0
45,39,0
26,19,0
32,2,0
19,12,0
46,30,0
8,14,0
47,32,0
43,41,0
18,33,0
31,35,0
12,45,0
37,24,0
34,31,0
27,10,0
37,36,0
42,20,0
25,4,0
36,45,0
17,17,0
47,33,0
6,41,0
28,42,0
14,7,0
32,17,0
12,38,0
15,10,0
31,23,0
26,8,0
17,46,0
18,16,0
21,36,0
29,32,0
26,11,0
9,26,0
17,41,0
31,6,0
15,33,0
8,26,0
9,32,0
9,21,0
29,13,0
16,12,0
35,16,0
9,9,0
14,17,0
39,8,0
26,43,0
6,29,0
10,23,0
7,14,0
23,20,0
28,18,0
23,26,0
16,17,0
35,32,0
15,43,0
44,13,0
25,21,0
49,26,0
4,24,0
10,36,0
5,20,0
42,19,0
22,28,0
23,20,0
40,38,0
42,14,0
40,44,0
9,35,0
48,23,0
40,11,0
38,27,0
27,31,0
38,14,0
21,4,0
45,15,0
9,27,0
11,22,0
41,42,0
18,45,0
28,49,0
41,37,0
36,12,0
26,28,0
10,38,0
49,19,0
14,7,0
33,26,0
36,45,0
45,36,0
27,12,0
10,26,0
16,11,0
8,33,0
22,37,0
6,20,0
24,15,0
23,48,0
35,43,0
27,6,0
5,36,0
13,23,0
29,5,0
48,21,0
19,4,0
13,45,0
32,41,0
28,41,0
27,40,0
30,34,0
31,26,0
42,8,0
36,39,0
43,29,0
14,17,0
9,39,0
8,11,0
10,40,0
13,34,0
36,20,0
13,44,0
37,21,0
34,27,0
22,19,0
31,7,0
33,15,0
15,5,0
29,22,0
34,10,0
12,8,0
31,17,0
45,37,0
42,36,0
34,6,0
37,7,0
11,25,0
17,11,0
18,15,0
19,34,0
32,34,0
5,15,0
26,46,0
31,12,0
7,21,0
23,6,0
30,46,0
41,23,0
34,40,0
27,22,0
13,40,0
42,8,0
46,30,0
49,21,0
9,33,0
13,23,0
9,33,0
33,45,0
48,20,0
19,8,0
5,34,0
16,22,0
38,17,0
42,13,0
37,9,0
1,22,0
3,28,0
27,38,0
32,15,0
39,15,0
11,26,0
32,42,0
9,36,0
38,16,0
5,26,0
46,29,0
35,34,0
8,18,0
15,11,0
12,16,0
1,22,0
27,33,0
26,14,0
22,26,0
11,11,0
263,36,1
265,15,1
236,16,1
245,42,1
256,8,1
249,4,1
257,26,1
263,25,1
256,40,1
251,12,1
259,41,1
279,23,1
270,16,1
252,29,1
262,42,1
276,18,1
267,11,1
244,32,1
238,32,1
252,3,1
232,16,1
274,28,1
249,37,1
251,42,1
246,19,1
235,40,1
274,40,1
236,28,1
265,8,1
263,14,1
265,41,1
271,24,1
251,43,1
276,19,1
260,28,1
257,6,1
265,43,1
260,35,1
254,10,1
240,42,1
244,19,1
274,39,1
279,23,1
247,13,1
247,13,1
239,34,1
263,29,1
242,10,1
271,9,1
257,28,1
257,8,1
245,18,1
262,12,1
265,39,1
241,44,1
268,17,1
253,27,1
248,32,1
262,25,1
234,16,1
267,34,1
232,19,1
254,36,1
270,41,1
261,20,1
253,40,1
250,44,1
270,9,1
241,6,1
244,9,1
236,16,1
270,32,1
245,4,1
251,39,1
244,19,1
269,45,1
259,4,1
252,17,1
259,25,1
267,5,1
265,18,1
247,5,1
244,42,1
278,25,1
265,28,1
231,21,1
258,44,1
261,37,1
265,8,1
260,29,1
268,40,1
274,32,1
257,1,1
249,3,1
253,27,1
266,32,1
253,45,1
257,4,1
270,43,1
255,16,1
261,44,1
244,19,1
237,37,1
254,2,1
235,36,1
241,17,1
249,15,1
253,46,1
246,17,1
249,25,1
232,16,1
247,8,1
253,23,1
278,31,1
254,22,1
255,27,1
268,43,1
274,12,1
243,15,1
257,2,1
249,21,1
245,11,1
270,45,1
259,19,1
279,31,1
235,14,1
246,20,1
257,14,1
250,40,1
258,37,1
249,30,1
258,47,1
235,33,1
257,13,1
270,34,1
264,45,1
259,4,1
244,41,1
263,13,1
252,13,1
242,32,1
250,15,1
243,30,1
258,11,1
240,35,1
259,39,1
239,43,1
259,20,1
257,12,1
258,21,1
264,27,1
259,1,1
247,35,1
258,49,1
254,21,1
240,17,1
244,27,1
243,28,1
252,25,1
245,46,1
239,28,1
276,20,1
234,20,1
248,7,1
263,23,1
271,39,1
256,14,1
259,5,1
274,40,1
259,40,1
264,20,1
273,8,1
266,39,1
254,4,1
233,29,1
276,15,1
266,35,1
241,32,1
249,30,1
274,30,1
263,31,1
249,19,1
242,10,1
245,12,1
259,2,1
253,7,1
273,35,1
240,39,1
249,47,1
240,17,1
261,25,1
252,48,1
272,27,1
244,33,1
274,18,1
243,16,1
270,40,1
274,29,1
241,5,1
260,37,1
248,26,1
277,35,1
256,38,1
263,44,1
253,26,1
260,30,1
237,22,1
269,15,1
273,19,1
264,14,1
273,15,1
251,24,1
254,25,1
236,13,1
264,33,1
273,33,1
248,22,1
261,25,1
269,26,1
277,25,1
271,39,1
260,33,1
252,4,1
251,41,1
267,45,1
269,18,1
258,24,1
247,38,1
270,44,1
273,31,1
247,26,1
238,26,1
267,20,1
261,5,1
278,17,1
241,39,1
235,39,1
277,15,1
266,28,1
253,3,1
237,8,1
244,45,1
259,10,1
275,31,1
271,36,1
239,36,1
251,24,1
272,39,1
248,27,1
256,28,1
