22,45,0
42,31,0
7,27,0
40,13,0
1,26,0
46,19,0
21,10,0
27,11,0
43,24,0
16,4,0
15,18,0
21,41,0
46,15,0
20,5,0
41,17,0
3,33,0
20,49,0
30,47,0
42,37,0
36,42,0
5,32,0
36,32,0
45,14,0
32,40,0
36,7,0
5,12,0
18,36,0
9,29,0
37,23,0
3,36,0
49,23,0
31,1,0
48,22,0
16,9,0
17,29,0
34,4,0
27,18,0
18,28,0
21,15,0
42,32,0
46,20,0
19,26,0
21,1,0
34,22,0
15,37,0
23,48,0
33,11,0
13,13,0
45,26,0
21,49,0
3,29,0
20,22,0
18,9,0
28,47,0
25,40,0
41,24,0
22,15,0
13,26,0
13,40,0
12,23,0
18,42,0
12,15,0
31,44,0
32,12,0
22,6,0
40,41,0
10,20,0
4,36,0
20,36,0
30,33,0
35,43,0
5,23,0
11,41,0
31,8,0
47,34,0
22,21,0
36,46,0
22,38,0
36,33,0
31,17,0
4,29,0
28,29,0
5,27,0
38,22,0
20,12,0
29,7,0
40,42,0
36,16,0
28,34,0
24,42,0
36,47,0
23,44,0
13,19,0
45,14,0
44,22,0
11,12,0
17,42,0
21,45,0
6,41,0
1,30,0
16,37,0
30,36,0
18,18,0
5,22,0
14,14,0
24,26,0
45,25,0
36,42,0
18,46,0
21,14,0
29,49,0
8,21,0
24,29,0
2,33,0
39,11,0
21,36,0
27,13,0
33,48,0
38,8,0
39,25,0
5,21,0
29,41,0
42,15,0
25,22,0
43,15,0
48,16,0
38,12,0
38,11,0
28,47,0
38,42,0
38,12,0
12,20,0
29,16,0
30,32,0
8,42,0
12,28,0
11,31,0
46,20,0
46,38,0
21,16,0
3,14,0
18,11,0
2,32,0
26,46,0
41,14,0
19,5,0
40,38,0
47,21,0
30,36,0
33,19,0
21,13,0
40,32,0
10,35,0
28,3,0
25,16,0
35,8,0
39,42,0
37,14,0
33,41,0
47,16,0
13,35,0
19,36,0
11,32,0
11,31,0
27,18,0
7,32,0
15,3,0
29,24,0
42,30,0
17,38,0
17,39,0
9,20,0
31,6,0
24,49,0
26,6,0
9,14,0
1,25,0
19,44,0
26,16,0
21,22,0
39,22,0
35,12,0
20,47,0
11,18,0
15,8,0
45,10,0
24,31,0
22,1,0
43,39,0
36,5,0
24,30,0
48,18,0
30,45,0
38,8,0
33,43,0
33,14,0
32,1,0
37,19,0
38,18,0
45,10,0
25,17,0
34,11,0
34,8,0
35,39,0
21,6,0
29,18,0
9,9,0
24,47,0
23,31,0
7,31,0
8,7,0
14,35,0
39,15,0
17,12,0
21,24,0
11,24,0
14,4,0
3,25,0
39,13,0
40,25,0
21,3,0
13,22,0
20,17,0
13,15,0
25,14,0
33,36,0
41,34,0
20,39,0
8,7,0
10,12,0
6,40,0
25,41,0
32,28,0
32,19,0
5,15,0
9,32,0
45,14,0
1,22,0
15,27,0
6,36,0
26,48,0
17,15,0
16,32,0
46,23,0
6,15,0
20,3,0
36,13,0
16,37,0
15,17,0
20,12,0
229,42,1
261,8,1
246,16,1
262,9,1
229,18,1
228,26,1
251,35,1
234,13,1
260,39,1
238,46,1
256,8,1
226,30,1
236,22,1
240,2,1
229,34,1
234,3,1
255,32,1
237,25,1
234,45,1
233,35,1
246,32,1
229,21,1
232,39,1
244,4,1
229,34,1
233,31,1
233,32,1
241,40,1
239,31,1
243,35,1
239,15,1
245,35,1
230,9,1
236,44,1
263,20,1
266,23,1
259,14,1
227,34,1
251,45,1
225,37,1
255,23,1
247,9,1
230,45,1
244,6,1
247,41,1
243,13,1
239,45,1
261,31,1
245,4,1
239,40,1
254,33,1
256,42,1
239,6,1
255,25,1
235,14,1
236,4,1
262,41,1
240,32,1
227,41,1
251,19,1
261,34,1
259,33,1
243,3,1
259,38,1
232,34,1
229,6,1
234,10,1
258,29,1
247,9,1
246,10,1
237,47,1
251,6,1
267,22,1
253,11,1
259,36,1
244,34,1
226,30,1
224,36,1
247,18,1
229,14,1
230,27,1
239,46,1
251,36,1
244,39,1
246,36,1
234,23,1
236,45,1
233,10,1
241,12,1
266,12,1
247,46,1
264,20,1
266,29,1
225,39,1
232,40,1
242,15,1
251,31,1
247,1,1
258,20,1
259,45,1
253,43,1
250,33,1
234,18,1
224,28,1
256,35,1
262,7,1
249,23,1
230,6,1
249,7,1
234,46,1
240,19,1
221,20,1
229,31,1
256,8,1
226,31,1
229,16,1
259,23,1
265,29,1
222,28,1
264,24,1
251,18,1
231,13,1
230,33,1
223,21,1
222,28,1
238,36,1
224,14,1
239,37,1
223,29,1
257,43,1
248,49,1
261,38,1
247,40,1
241,5,1
254,5,1
249,20,1
260,39,1
262,7,1
236,14,1
240,16,1
237,28,1
244,34,1
252,36,1
231,41,1
241,17,1
232,42,1
264,22,1
264,32,1
260,37,1
250,14,1
251,4,1
251,39,1
243,41,1
240,36,1
257,14,1
235,27,1
265,38,1
241,49,1
237,43,1
249,9,1
247,8,1
231,27,1
246,25,1
252,46,1
236,16,1
226,27,1
229,15,1
246,17,1
234,22,1
240,35,1
227,29,1
230,26,1
251,2,1
254,31,1
224,19,1
261,9,1
262,39,1
230,37,1
235,42,1
259,12,1
260,28,1
228,24,1
252,19,1
229,11,1
243,10,1
254,19,1
246,46,1
234,16,1
231,23,1
242,16,1
241,28,1
239,30,1
226,30,1
269,23,1
252,13,1
236,35,1
266,13,1
252,3,1
232,43,1
230,18,1
226,29,1
229,9,1
227,28,1
231,42,1
240,41,1
231,45,1
259,39,1
258,6,1
237,37,1
255,4,1
237,27,1
245,13,1
264,11,1
234,15,1
229,44,1
239,9,1
253,33,1
243,17,1
246,34,1
238,33,1
236,17,1
248,21,1
255,33,1
244,34,1
255,19,1
239,1,1
244,38,1
250,29,1
244,17,1
234,35,1
227,32,1
257,34,1
259,29,1
227,33,1
246,13,1
243,8,1
237,34,1
255,34,1
240,1,1
228,33,1
226,23,1
250,20,1
232,9,1
230,20,1
259,41,1
230,36,1
265,11,1
268,30,1
262,9,1
225,23,1
