36,29,0
31,29,0
10,24,0
10,22,0
22,46,0
9,8,0
10,41,0
14,42,0
28,19,0
23,16,0
6,27,0
33,23,0
7,25,0
17,25,0
38,44,0
37,46,0
29,22,0
32,30,0
22,26,0
11,12,0
4,34,0
39,24,0
14,38,0
28,21,0
35,15,0
34,17,0
47,16,0
14,39,0
18,7,0
15,47,0
10,34,0
33,4,0
25,2,0
39,21,0
44,17,0
23,37,0
2,21,0
43,8,0
46,29,0
24,9,0
41,15,0
45,15,0
31,2,0
17,15,0
4,24,0
23,15,0
49,22,0
17,48,0
13,41,0
7,38,0
30,16,0
42,42,0
4,27,0
31,36,0
33,42,0
12,41,0
10,25,0
30,6,0
5,16,0
32,38,0
47,17,0
30,18,0
20,32,0
30,6,0
18,9,0
15,25,0
36,47,0
5,40,0
19,15,0
10,25,0
20,5,0
10,19,0
29,19,0
22,10,0
48,34,0
7,37,0
10,16,0
40,5,0
40,15,0
49,25,0
28,20,0
37,10,0
38,28,0
3,36,0
48,25,0
23,24,0
27,39,0
13,5,0
24,30,0
35,15,0
31,41,0
14,6,0
20,6,0
15,39,0
32,19,0
24,6,0
7,22,0
5,35,0
19,34,0
26,39,0
42,31,0
44,11,0
21,48,0
9,8,0
24,6,0
24,43,0
38,35,0
21,11,0
40,35,0
49,31,0
16,21,0
30,29,0
26,14,0
34,15,0
27,29,0
32,48,0
33,41,0
30,42,0
39,33,0
32,6,0
26,38,0
32,27,0
44,14,0
14,26,0
36,7,0
3,22,0
5,28,0
19,19,0
20,10,0
14,10,0
8,13,0
33,11,0
11,44,0
29,48,0
16,6,0
31,33,0
15,32,0
42,8,0
27,1,0
15,45,0
6,24,0
29,37,0
24,36,0
14,5,0
14,11,0
33,19,0
32,40,0
21,30,0
15,39,0
32,20,0
5,25,0
12,8,0
3,27,0
7,19,0
22,7,0
2,22,0
32,4,0
36,11,0
33,22,0
43,41,0
25,7,0
31,17,0
18,42,0
44,41,0
30,28,0
23,37,0
36,45,0
7,21,0
9,28,0
43,30,0
40,33,0
17,48,0
15,24,0
28,46,0
23,5,0
26,7,0
35,40,0
28,20,0
11,34,0
47,22,0
8,29,0
18,29,0
29,15,0
20,46,0
25,22,0
25,12,0
45,24,0
2,33,0
45,34,0
4,17,0
10,29,0
37,30,0
15,33,0
10,18,0
20,14,0
5,19,0
11,9,0
26,12,0
35,19,0
29,32,0
11,28,0
36,27,0
6,37,0
18,15,0
1,32,0
31,36,0
28,23,0
5,31,0
9,28,0
25,4,0
37,11,0
10,6,0
27,27,0
45,34,0
34,45,0
31,32,0
6,30,0
24,6,0
28,13,0
13,42,0
20,24,0
47,26,0
41,23,0
46,31,0
32,23,0
4,23,0
29,6,0
8,36,0
10,28,0
31,48,0
13,4,0
29,16,0
20,24,0
17,17,0
5,37,0
10,12,0
30,23,0
36,20,0
29,37,0
14,37,0
21,13,0
35,43,0
30,20,0
44,41,0
3,32,0
12,14,0
29,3,0
23,18,0
28,23,0
38,20,0
229,26,1
235,4,1
260,17,1
251,27,1
232,43,1
261,33,1
245,20,1
254,39,1
255,19,1
234,17,1
264,13,1
255,29,1
237,30,1
250,30,1
251,46,1
264,9,1
266,12,1
235,47,1
225,34,1
240,48,1
259,42,1
258,13,1
234,45,1
237,9,1
253,43,1
238,12,1
257,6,1
234,41,1
265,28,1
233,7,1
267,15,1
251,33,1
232,31,1
236,21,1
228,42,1
228,36,1
241,24,1
242,18,1
245,21,1
224,34,1
243,37,1
247,30,1
265,24,1
254,13,1
239,33,1
232,16,1
225,35,1
234,33,1
265,24,1
259,30,1
252,45,1
231,31,1
256,10,1
268,22,1
238,17,1
232,24,1
242,15,1
240,21,1
246,3,1
243,23,1
256,20,1
224,26,1
236,34,1
240,9,1
252,34,1
238,12,1
245,42,1
248,13,1
236,47,1
223,14,1
244,37,1
237,24,1
246,45,1
242,13,1
254,2,1
252,39,1
266,32,1
255,44,1
223,31,1
231,9,1
257,31,1
245,42,1
252,49,1
262,43,1
232,38,1
251,35,1
229,9,1
259,14,1
241,19,1
262,33,1
249,10,1
230,31,1
244,9,1
238,33,1
230,20,1
259,42,1
258,14,1
240,41,1
253,37,1
243,28,1
256,24,1
248,23,1
259,32,1
263,36,1
253,30,1
252,44,1
264,28,1
233,40,1
234,30,1
249,32,1
227,33,1
261,39,1
225,32,1
256,21,1
266,35,1
264,28,1
261,7,1
256,13,1
231,5,1
237,2,1
240,7,1
226,36,1
245,27,1
233,28,1
269,21,1
229,28,1
260,10,1
243,4,1
241,4,1
230,34,1
249,9,1
247,3,1
230,20,1
226,18,1
254,27,1
244,5,1
244,28,1
264,41,1
259,32,1
264,18,1
230,11,1
242,46,1
259,43,1
235,26,1
248,7,1
242,10,1
248,29,1
244,25,1
240,39,1
230,26,1
254,31,1
233,22,1
222,18,1
255,25,1
242,43,1
237,16,1
251,39,1
224,33,1
265,30,1
261,16,1
250,48,1
261,27,1
222,22,1
250,47,1
233,42,1
263,25,1
242,28,1
244,14,1
221,30,1
241,12,1
234,34,1
269,19,1
248,40,1
260,26,1
239,48,1
244,16,1
252,18,1
266,26,1
247,12,1
225,17,1
231,31,1
249,40,1
246,42,1
232,39,1
239,11,1
227,32,1
242,13,1
243,49,1
234,39,1
265,18,1
236,5,1
255,17,1
232,5,1
224,35,1
234,34,1
243,5,1
264,36,1
222,29,1
263,19,1
224,28,1
263,12,1
263,39,1
254,28,1
228,33,1
246,21,1
225,34,1
235,24,1
228,24,1
236,31,1
266,32,1
240,25,1
224,31,1
232,12,1
256,31,1
259,9,1
224,20,1
253,30,1
255,33,1
240,15,1
224,18,1
227,34,1
247,23,1
230,25,1
252,6,1
253,20,1
246,27,1
259,6,1
238,14,1
259,40,1
248,32,1
262,11,1
240,40,1
265,38,1
238,17,1
245,10,1
266,27,1
224,27,1
266,26,1
242,3,1
244,19,1
253,22,1
248,30,1
256,23,1
246,13,1
260,32,1
257,33,1
253,33,1
230,39,1
225,30,1
241,42,1
