15,16,0
16,41,0
33,28,0
8,42,0
12,37,0
16,19,0
36,37,0
24,22,0
37,12,0
41,16,0
38,39,0
27,8,0
6,9,0
40,12,0
42,11,0
39,12,0
27,36,0
47,18,0
19,29,0
45,12,0
30,43,0
2,34,0
35,14,0
49,21,0
33,2,0
32,39,0
36,6,0
36,8,0
47,30,0
33,22,0
28,41,0
26,18,0
38,31,0
5,34,0
5,38,0
15,38,0
23,26,0
27,22,0
31,3,0
19,9,0
18,4,0
34,3,0
13,36,0
30,29,0
42,24,0
49,20,0
15,13,0
27,34,0
4,22,0
6,18,0
24,25,0
31,37,0
17,2,0
32,26,0
45,20,0
44,34,0
41,39,0
13,16,0
45,12,0
7,34,0
30,17,0
28,28,0
27,17,0
11,44,0
28,15,0
26,40,0
25,5,0
26,36,0
29,12,0
9,15,0
33,37,0
27,8,0
49,25,0
39,10,0
46,19,0
22,6,0
41,7,0
15,5,0
16,14,0
17,36,0
28,20,0
9,44,0
21,21,0
41,21,0
29,47,0
6,31,0
16,39,0
16,26,0
38,9,0
45,15,0
43,28,0
37,28,0
6,35,0
11,11,0
3,30,0
29,36,0
9,7,0
13,35,0
34,15,0
11,29,0
18,21,0
18,33,0
33,11,0
45,14,0
45,13,0
37,25,0
35,28,0
21,40,0
3,21,0
20,25,0
41,33,0
43,18,0
20,6,0
20,5,0
38,22,0
9,44,0
44,41,0
15,26,0
48,21,0
28,31,0
27,24,0
33,3,0
6,32,0
15,11,0
24,22,0
23,22,0
10,20,0
29,38,0
45,16,0
10,41,0
5,19,0
33,10,0
17,22,0
24,49,0
10,35,0
16,17,0
10,12,0
21,2,0
36,26,0
24,9,0
47,34,0
30,5,0
43,24,0
30,41,0
18,49,0
9,29,0
41,38,0
44,27,0
27,33,0
43,30,0
36,42,0
28,6,0
7,19,0
21,25,0
38,43,0
38,39,0
36,31,0
38,36,0
35,16,0
44,26,0
33,37,0
32,13,0
16,6,0
27,48,0
32,7,0
41,8,0
4,28,0
45,25,0
20,28,0
25,2,0
16,7,0
24,1,0
12,33,0
22,48,0
37,21,0
40,21,0
39,7,0
34,32,0
12,14,0
16,16,0
8,16,0
20,33,0
31,16,0
40,9,0
30,30,0
18,3,0
8,30,0
22,34,0
15,14,0
22,31,0
17,9,0
43,36,0
24,27,0
10,20,0
27,47,0
11,7,0
28,42,0
46,25,0
33,42,0
26,40,0
44,11,0
26,2,0
27,29,0
47,15,0
14,46,0
18,43,0
3,17,0
39,25,0
44,23,0
12,26,0
43,15,0
18,28,0
22,38,0
37,17,0
10,15,0
21,10,0
31,37,0
31,4,0
26,35,0
43,37,0
14,9,0
12,38,0
28,4,0
43,33,0
47,15,0
27,6,0
21,26,0
29,1,0
17,32,0
20,4,0
36,20,0
43,41,0
42,8,0
24,14,0
20,28,0
30,19,0
4,29,0
5,35,0
29,36,0
33,21,0
29,45,0
32,20,0
40,10,0
30,30,0
10,24,0
28,32,0
37,9,0
42,8,0
32,24,0
35,41,0
254,37,1
266,12,1
231,23,1
232,5,1
238,9,1
269,20,1
234,46,1
243,20,1
234,14,1
236,7,1
245,31,1
236,22,1
224,29,1
251,30,1
256,25,1
258,35,1
248,49,1
269,24,1
237,33,1
234,16,1
250,6,1
252,3,1
259,33,1
247,32,1
243,27,1
235,45,1
228,7,1
233,27,1
241,22,1
234,28,1
251,20,1
236,45,1
251,8,1
245,5,1
266,21,1
257,24,1
262,11,1
225,18,1
256,25,1
226,9,1
235,46,1
245,24,1
244,23,1
245,31,1
256,32,1
253,48,1
251,40,1
231,40,1
258,43,1
221,27,1
262,19,1
235,13,1
262,16,1
269,25,1
265,23,1
233,42,1
251,27,1
238,47,1
242,7,1
244,27,1
235,37,1
242,7,1
240,6,1
245,14,1
244,17,1
232,24,1
260,7,1
231,18,1
266,25,1
250,12,1
238,19,1
265,18,1
232,20,1
240,37,1
224,33,1
264,17,1
240,42,1
232,30,1
234,6,1
247,29,1
253,48,1
236,5,1
255,27,1
247,17,1
264,20,1
255,26,1
221,31,1
240,3,1
250,32,1
244,2,1
256,34,1
227,38,1
240,20,1
264,20,1
223,24,1
239,23,1
229,18,1
240,8,1
222,31,1
263,36,1
237,7,1
225,33,1
238,35,1
247,40,1
231,11,1
242,1,1
229,39,1
230,36,1
250,24,1
232,46,1
231,27,1
251,47,1
238,43,1
244,23,1
236,22,1
246,29,1
247,15,1
228,20,1
232,44,1
246,32,1
245,29,1
252,33,1
232,6,1
245,31,1
222,21,1
240,17,1
235,5,1
239,35,1
248,19,1
236,36,1
231,45,1
269,24,1
264,9,1
246,4,1
247,19,1
261,36,1
240,2,1
247,39,1
236,10,1
241,47,1
233,26,1
260,15,1
251,46,1
263,21,1
251,34,1
228,24,1
237,48,1
235,37,1
237,21,1
261,44,1
238,6,1
228,38,1
241,32,1
253,14,1
253,34,1
255,15,1
263,25,1
268,31,1
259,26,1
247,22,1
239,29,1
267,19,1
226,33,1
261,40,1
268,27,1
256,18,1
257,30,1
252,7,1
263,32,1
225,21,1
255,31,1
244,4,1
260,14,1
263,32,1
257,8,1
229,8,1
253,5,1
243,36,1
260,10,1
257,43,1
247,21,1
230,30,1
240,11,1
224,15,1
263,36,1
265,35,1
239,23,1
250,13,1
266,22,1
231,32,1
234,38,1
231,38,1
231,9,1
227,29,1
257,21,1
234,22,1
232,43,1
257,43,1
224,34,1
228,35,1
251,30,1
251,1,1
229,38,1
252,16,1
235,23,1
268,20,1
259,22,1
241,37,1
249,42,1
252,4,1
241,7,1
243,8,1
248,39,1
229,28,1
263,19,1
248,43,1
249,20,1
232,30,1
256,29,1
244,14,1
261,42,1
264,23,1
231,14,1
225,13,1
262,33,1
247,9,1
225,35,1
232,20,1
263,18,1
254,16,1
224,27,1
250,19,1
256,3,1
233,13,1
252,14,1
246,43,1
233,22,1
234,47,1
241,43,1
263,41,1
262,7,1
247,32,1
253,15,1
238,45,1
223,27,1
229,38,1
256,30,1
233,14,1
227,19,1
259,31,1
