13,44,0
16,38,0
29,2,0
12,34,0
24,39,0
9,39,0
14,44,0
7,39,0
29,42,0
7,23,0
30,39,0
5,22,0
5,40,0
20,46,0
45,13,0
19,6,0
6,17,0
10,9,0
28,19,0
39,16,0
45,20,0
31,1,0
41,28,0
43,11,0
20,21,0
31,2,0
40,31,0
40,9,0
46,29,0
4,29,0
36,29,0
32,41,0
35,47,0
16,17,0
1,21,0
46,23,0
23,17,0
29,48,0
28,30,0
41,7,0
45,24,0
41,39,0
18,42,0
37,11,0
37,35,0
33,24,0
17,33,0
9,36,0
2,27,0
8,40,0
9,15,0
35,7,0
40,35,0
26,31,0
7,41,0
10,38,0
29,9,0
11,40,0
43,40,0
31,20,0
28,29,0
19,28,0
17,6,0
5,21,0
39,11,0
42,23,0
35,40,0
15,21,0
31,39,0
33,39,0
16,47,0
40,38,0
22,7,0
12,8,0
40,12,0
32,42,0
6,28,0
49,21,0
12,11,0
13,12,0
22,28,0
15,19,0
30,37,0
20,17,0
41,34,0
17,21,0
26,44,0
24,28,0
29,14,0
40,27,0
18,18,0
43,41,0
20,25,0
36,42,0
38,13,0
27,49,0
27,27,0
16,38,0
20,11,0
45,18,0
33,38,0
31,4,0
17,16,0
15,21,0
47,16,0
13,27,0
25,31,0
17,36,0
2,33,0
30,43,0
4,20,0
24,8,0
20,34,0
26,43,0
41,26,0
5,10,0
40,20,0
29,23,0
39,22,0
7,11,0
29,27,0
42,23,0
4,23,0
19,47,0
18,25,0
30,1,0
40,17,0
27,17,0
29,36,0
29,4,0
18,13,0
38,38,0
32,29,0
29,17,0
20,47,0
45,14,0
34,26,0
18,23,0
35,41,0
14,24,0
15,20,0
20,15,0
24,7,0
16,15,0
19,15,0
35,21,0
20,40,0
17,45,0
44,27,0
45,37,0
18,3,0
26,30,0
39,15,0
17,35,0
47,14,0
12,15,0
25,11,0
22,11,0
27,17,0
27,36,0
14,6,0
32,2,0
45,14,0
38,11,0
28,28,0
12,20,0
3,14,0
26,22,0
12,27,0
25,32,0
42,31,0
42,19,0
18,24,0
24,7,0
8,40,0
17,28,0
19,2,0
25,7,0
38,38,0
41,6,0
41,35,0
9,15,0
7,29,0
30,41,0
49,26,0
7,37,0
17,27,0
39,13,0
33,41,0
13,40,0
27,8,0
2,33,0
42,38,0
9,34,0
18,41,0
24,9,0
30,24,0
29,45,0
4,12,0
9,43,0
34,21,0
36,44,0
30,17,0
4,23,0
23,4,0
44,16,0
17,26,0
27,38,0
11,6,0
47,24,0
10,30,0
29,31,0
4,26,0
6,40,0
20,49,0
9,39,0
20,44,0
8,41,0
26,28,0
38,28,0
38,17,0
29,4,0
24,36,0
35,24,0
21,37,0
48,16,0
39,17,0
11,28,0
16,9,0
45,29,0
22,9,0
30,20,0
9,44,0
32,7,0
39,6,0
30,30,0
5,28,0
15,8,0
25,30,0
7,41,0
42,41,0
22,46,0
15,21,0
13,43,0
19,16,0
48,25,0
20,11,0
41,7,0
19,34,0
47,24,0
314,27,1
313,18,1
331,39,1
331,32,1
305,17,1
341,27,1
328,31,1
332,8,1
316,44,1
319,14,1
334,14,1
329,30,1
320,45,1
332,3,1
312,37,1
320,38,1
322,38,1
312,46,1
315,3,1
308,17,1
306,13,1
336,10,1
324,27,1
321,7,1
346,38,1
305,39,1
328,33,1
324,21,1
308,18,1
326,40,1
339,5,1
318,37,1
338,16,1
321,25,1
312,30,1
324,16,1
311,18,1
321,49,1
328,11,1
336,44,1
326,46,1
348,27,1
315,18,1
346,16,1
347,14,1
305,18,1
315,13,1
301,26,1
342,19,1
321,18,1
312,9,1
340,35,1
340,6,1
309,22,1
340,40,1
316,27,1
334,29,1
345,31,1
324,34,1
308,17,1
323,25,1
340,17,1
334,28,1
308,15,1
319,33,1
304,33,1
308,37,1
319,33,1
320,3,1
337,23,1
325,10,1
338,32,1
335,3,1
333,25,1
344,24,1
340,20,1
328,2,1
323,45,1
335,10,1
331,9,1
330,30,1
345,36,1
311,31,1
312,19,1
312,6,1
343,41,1
320,26,1
340,9,1
333,31,1
345,16,1
319,21,1
317,45,1
337,30,1
345,16,1
335,17,1
320,4,1
317,36,1
325,37,1
336,28,1
333,23,1
328,18,1
342,30,1
314,11,1
331,29,1
334,16,1
338,27,1
313,16,1
307,21,1
316,2,1
315,27,1
309,7,1
325,0,1
305,21,1
346,32,1
344,10,1
309,23,1
324,13,1
342,43,1
328,20,1
302,25,1
321,19,1
323,4,1
317,44,1
337,31,1
315,22,1
303,25,1
326,21,1
309,23,1
308,32,1
309,35,1
333,23,1
310,33,1
327,48,1
339,25,1
346,21,1
336,22,1
343,16,1
338,17,1
318,36,1
322,7,1
305,19,1
339,11,1
346,28,1
313,17,1
314,20,1
307,40,1
329,16,1
339,9,1
329,2,1
338,44,1
325,28,1
306,28,1
314,14,1
305,12,1
306,28,1
344,41,1
337,25,1
330,44,1
315,34,1
330,1,1
344,9,1
302,24,1
347,34,1
323,47,1
343,11,1
309,42,1
328,14,1
311,10,1
341,11,1
330,28,1
335,13,1
314,35,1
317,16,1
316,19,1
326,20,1
334,48,1
329,1,1
343,10,1
321,2,1
306,19,1
337,23,1
315,20,1
331,29,1
333,48,1
310,12,1
322,9,1
310,40,1
348,18,1
307,29,1
323,21,1
321,10,1
331,45,1
307,30,1
309,8,1
327,4,1
343,25,1
320,48,1
332,13,1
315,10,1
316,48,1
340,18,1
334,43,1
326,46,1
315,43,1
305,18,1
315,6,1
336,44,1
304,36,1
336,16,1
335,20,1
311,42,1
306,31,1
324,7,1
324,47,1
333,21,1
318,11,1
342,12,1
331,45,1
306,41,1
330,9,1
345,14,1
311,14,1
325,45,1
330,34,1
331,36,1
308,19,1
309,6,1
312,6,1
318,26,1
341,21,1
305,10,1
325,12,1
330,9,1
343,21,1
339,34,1
345,27,1
307,11,1
349,22,1
344,35,1
321,19,1
321,31,1
314,6,1
326,23,1
320,22,1
325,18,1
344,9,1
310,21,1
325,28,1
317,24,1
311,41,1
