7,16,0
29,48,0
30,37,0
14,15,0
30,43,0
18,47,0
25,3,0
23,17,0
32,14,0
14,34,0
18,36,0
45,25,0
22,42,0
26,19,0
46,32,0
39,10,0
20,27,0
31,32,0
1,22,0
32,30,0
11,12,0
14,45,0
22,43,0
38,45,0
29,23,0
8,43,0
35,12,0
18,23,0
16,20,0
10,14,0
20,23,0
29,43,0
33,43,0
10,36,0
29,25,0
13,41,0
39,5,0
34,31,0
31,24,0
35,15,0
49,31,0
11,18,0
30,5,0
6,18,0
33,22,0
25,2,0
37,43,0
27,26,0
2,22,0
6,22,0
13,10,0
21,18,0
30,24,0
8,18,0
20,45,0
19,25,0
31,43,0
29,19,0
37,16,0
30,31,0
37,25,0
44,26,0
29,10,0
33,30,0
25,49,0
48,26,0
11,12,0
48,19,0
30,5,0
21,26,0
44,23,0
28,19,0
20,17,0
14,16,0
14,7,0
15,9,0
17,42,0
31,39,0
23,48,0
7,30,0
27,25,0
11,25,0
3,22,0
34,7,0
4,22,0
44,38,0
43,19,0
10,42,0
37,25,0
28,11,0
20,46,0
3,22,0
31,29,0
35,17,0
26,41,0
44,41,0
39,38,0
18,23,0
8,31,0
13,5,0
44,27,0
35,13,0
22,33,0
36,8,0
14,42,0
2,25,0
49,26,0
42,24,0
44,31,0
14,38,0
19,12,0
4,30,0
8,40,0
37,40,0
26,25,0
32,19,0
22,3,0
10,11,0
17,43,0
32,45,0
39,7,0
39,10,0
4,21,0
37,8,0
28,28,0
25,38,0
30,23,0
41,30,0
9,33,0
24,14,0
7,16,0
13,34,0
34,7,0
40,30,0
6,36,0
36,34,0
43,16,0
33,40,0
13,32,0
14,20,0
30,26,0
40,5,0
13,41,0
42,22,0
20,36,0
38,14,0
22,31,0
14,42,0
46,32,0
48,23,0
10,5,0
18,35,0
4,23,0
19,19,0
19,40,0
11,33,0
3,14,0
17,26,0
46,33,0
25,7,0
38,25,0
14,31,0
25,38,0
17,22,0
11,21,0
17,8,0
36,17,0
38,5,0
41,28,0
14,22,0
21,21,0
23,3,0
29,34,0
18,8,0
3,36,0
40,39,0
20,25,0
15,39,0
5,32,0
6,17,0
21,45,0
31,45,0
18,40,0
22,5,0
39,8,0
20,33,0
10,28,0
4,20,0
28,10,0
30,10,0
23,8,0
47,18,0
14,46,0
20,31,0
4,14,0
24,12,0
27,17,0
37,11,0
38,33,0
21,28,0
26,38,0
28,36,0
21,49,0
26,45,0
32,6,0
31,43,0
34,47,0
10,12,0
45,17,0
12,16,0
20,39,0
28,29,0
9,26,0
33,28,0
19,13,0
42,38,0
40,11,0
21,25,0
34,5,0
31,14,0
12,41,0
47,24,0
37,46,0
46,23,0
29,5,0
44,29,0
25,45,0
18,40,0
15,39,0
32,43,0
42,40,0
42,34,0
24,34,0
6,18,0
8,24,0
2,23,0
26,38,0
28,1,0
22,48,0
39,33,0
43,22,0
25,35,0
28,39,0
34,2,0
21,24,0
36,19,0
22,45,0
42,35,0
28,31,0
25,38,0
239,45,1
258,29,1
242,32,1
232,15,1
223,36,1
229,8,1
244,47,1
257,24,1
251,27,1
232,39,1
230,17,1
240,43,1
234,8,1
231,12,1
228,10,1
238,25,1
241,37,1
257,19,1
231,34,1
239,21,1
234,42,1
223,39,1
243,33,1
242,46,1
239,47,1
227,41,1
244,27,1
254,40,1
236,31,1
256,16,1
233,17,1
226,34,1
217,31,1
256,24,1
221,30,1
250,36,1
222,21,1
251,27,1
230,36,1
234,28,1
259,24,1
236,15,1
245,28,1
224,44,1
211,29,1
238,26,1
246,32,1
223,38,1
215,11,1
222,20,1
228,4,1
245,32,1
253,18,1
220,16,1
230,11,1
233,2,1
226,40,1
223,42,1
256,35,1
245,12,1
259,31,1
229,42,1
236,6,1
255,29,1
211,26,1
244,33,1
219,24,1
252,41,1
246,24,1
243,42,1
217,21,1
230,40,1
220,29,1
220,17,1
246,29,1
227,28,1
241,40,1
231,36,1
234,36,1
229,1,1
253,37,1
238,28,1
248,25,1
225,28,1
254,22,1
247,18,1
227,24,1
237,28,1
217,23,1
227,33,1
218,39,1
253,31,1
239,48,1
230,10,1
213,20,1
217,21,1
248,39,1
220,34,1
228,49,1
240,7,1
257,17,1
212,34,1
219,24,1
215,38,1
226,4,1
252,16,1
233,37,1
218,38,1
259,19,1
256,14,1
225,6,1
239,11,1
238,15,1
240,1,1
254,28,1
231,2,1
238,5,1
251,16,1
233,1,1
241,45,1
232,39,1
218,23,1
226,12,1
248,35,1
232,11,1
230,28,1
233,44,1
228,11,1
254,26,1
246,20,1
228,16,1
242,32,1
240,34,1
242,34,1
223,28,1
218,10,1
245,30,1
223,6,1
231,9,1
232,17,1
251,36,1
232,36,1
226,47,1
252,10,1
235,20,1
213,19,1
247,5,1
229,6,1
223,46,1
254,12,1
226,45,1
227,2,1
251,7,1
239,33,1
238,3,1
250,17,1
214,30,1
217,27,1
238,4,1
245,9,1
231,35,1
227,39,1
231,11,1
228,3,1
237,47,1
222,16,1
221,42,1
237,33,1
227,23,1
238,39,1
221,43,1
225,8,1
258,28,1
248,46,1
249,8,1
255,29,1
221,24,1
227,9,1
218,12,1
244,3,1
238,43,1
237,27,1
229,43,1
225,42,1
237,11,1
222,13,1
231,18,1
226,5,1
234,37,1
222,43,1
242,3,1
236,45,1
254,28,1
232,32,1
249,41,1
236,7,1
222,16,1
222,26,1
235,14,1
236,5,1
241,44,1
257,14,1
242,19,1
238,26,1
253,32,1
257,29,1
245,9,1
240,21,1
227,14,1
214,20,1
258,27,1
217,22,1
241,34,1
240,7,1
253,42,1
243,30,1
236,22,1
259,25,1
225,3,1
249,6,1
228,43,1
219,44,1
223,46,1
226,38,1
245,37,1
220,22,1
252,18,1
247,21,1
229,13,1
229,3,1
249,29,1
222,4,1
244,22,1
217,34,1
219,21,1
212,22,1
237,18,1
245,30,1
241,35,1
224,21,1
242,5,1
238,7,1
256,28,1
244,24,1
230,1,1
241,9,1
223,40,1
215,36,1
221,27,1
228,23,1
