1,18,0
1,20,0
24,18,0
28,39,0
40,27,0
39,44,0
11,23,0
37,8,0
32,8,0
21,5,0
34,19,0
45,31,0
26,34,0
23,44,0
36,26,0
24,18,0
43,20,0
40,30,0
32,17,0
10,45,0
44,28,0
35,39,0
33,18,0
9,44,0
22,7,0
27,24,0
36,9,0
24,7,0
18,49,0
35,6,0
23,25,0
41,21,0
33,12,0
15,39,0
45,26,0
29,45,0
26,42,0
44,9,0
24,33,0
14,11,0
27,38,0
32,26,0
40,17,0
30,41,0
3,17,0
10,39,0
21,40,0
20,41,0
20,23,0
24,12,0
25,2,0
21,2,0
16,14,0
15,44,0
25,14,0
21,49,0
36,16,0
45,20,0
25,31,0
30,29,0
42,36,0
27,14,0
11,38,0
39,17,0
7,18,0
11,29,0
18,45,0
10,25,0
36,17,0
32,15,0
32,20,0
38,18,0
29,40,0
13,4,0
5,28,0
23,27,0
18,8,0
34,44,0
23,15,0
7,40,0
39,39,0
24,11,0
37,6,0
19,39,0
13,23,0
35,37,0
43,11,0
29,32,0
20,12,0
29,21,0
35,5,0
21,41,0
35,24,0
48,27,0
25,2,0
16,33,0
9,26,0
7,26,0
4,24,0
29,5,0
5,30,0
37,23,0
31,11,0
8,22,0
33,46,0
21,31,0
12,25,0
18,22,0
22,45,0
34,2,0
26,48,0
43,22,0
7,24,0
17,24,0
34,36,0
9,44,0
19,4,0
38,24,0
45,40,0
49,25,0
23,22,0
34,40,0
15,18,0
28,2,0
27,4,0
41,33,0
4,22,0
29,5,0
23,49,0
11,5,0
14,27,0
8,30,0
25,44,0
24,20,0
30,16,0
47,30,0
43,23,0
24,36,0
17,30,0
15,43,0
18,25,0
43,18,0
33,11,0
29,17,0
23,12,0
35,11,0
14,34,0
41,29,0
41,40,0
37,34,0
39,17,0
35,41,0
32,43,0
15,18,0
30,20,0
18,8,0
39,31,0
32,20,0
7,34,0
38,4,0
31,40,0
31,49,0
36,21,0
14,19,0
35,16,0
30,22,0
42,28,0
17,36,0
14,43,0
32,45,0
20,14,0
35,40,0
37,11,0
2,32,0
13,7,0
10,41,0
29,37,0
6,12,0
2,30,0
24,23,0
39,45,0
17,30,0
33,42,0
16,22,0
13,33,0
10,7,0
8,31,0
45,15,0
30,13,0
37,22,0
15,25,0
38,18,0
33,35,0
40,23,0
38,28,0
29,39,0
7,34,0
31,45,0
9,12,0
15,38,0
40,13,0
8,15,0
18,16,0
33,41,0
18,44,0
32,48,0
2,22,0
25,0,0
16,14,0
29,31,0
19,25,0
33,12,0
21,15,0
23,14,0
12,30,0
42,37,0
24,19,0
6,41,0
39,37,0
47,35,0
24,22,0
49,19,0
34,47,0
31,16,0
0,25,0
3,35,0
41,34,0
40,16,0
9,29,0
43,22,0
30,43,0
33,14,0
38,28,0
1,18,0
30,29,0
17,47,0
14,13,0
7,21,0
5,29,0
13,21,0
7,14,0
22,13,0
16,8,0
21,21,0
36,47,0
24,31,0
2,19,0
40,7,0
37,38,0
34,32,0
232,2,1
251,33,1
251,19,1
256,26,1
212,17,1
235,41,1
223,8,1
228,12,1
256,27,1
253,29,1
243,26,1
224,4,1
231,41,1
247,32,1
240,18,1
253,16,1
241,32,1
217,25,1
228,26,1
218,19,1
249,32,1
240,8,1
237,1,1
249,38,1
220,40,1
254,27,1
228,46,1
225,19,1
221,17,1
256,20,1
249,43,1
224,4,1
247,15,1
233,34,1
233,23,1
222,28,1
215,15,1
244,37,1
212,33,1
240,8,1
250,5,1
251,10,1
236,40,1
237,25,1
235,14,1
248,45,1
250,11,1
247,5,1
247,45,1
225,39,1
234,35,1
245,15,1
239,39,1
226,17,1
240,46,1
226,33,1
236,45,1
243,8,1
225,39,1
241,43,1
224,47,1
225,44,1
234,16,1
230,5,1
218,15,1
234,27,1
225,21,1
220,13,1
220,18,1
220,21,1
252,37,1
242,39,1
224,31,1
245,16,1
215,32,1
240,27,1
233,1,1
247,30,1
242,42,1
211,26,1
253,22,1
231,41,1
222,23,1
229,10,1
211,18,1
213,26,1
227,29,1
215,18,1
231,40,1
244,38,1
249,11,1
248,21,1
222,18,1
237,36,1
254,12,1
238,40,1
245,4,1
239,5,1
224,40,1
223,36,1
226,15,1
248,13,1
245,21,1
235,4,1
239,18,1
234,42,1
226,19,1
222,34,1
251,19,1
247,24,1
247,24,1
248,28,1
228,41,1
235,11,1
237,45,1
213,26,1
214,15,1
250,20,1
220,21,1
221,33,1
236,15,1
217,22,1
217,18,1
229,47,1
217,30,1
220,44,1
247,24,1
249,31,1
242,29,1
258,34,1
235,23,1
252,11,1
236,24,1
253,22,1
239,49,1
247,26,1
235,50,1
249,29,1
244,34,1
232,5,1
235,20,1
236,36,1
245,43,1
233,48,1
219,28,1
232,19,1
217,9,1
235,20,1
239,4,1
249,42,1
244,21,1
237,49,1
233,28,1
221,29,1
228,49,1
229,12,1
247,27,1
217,28,1
222,30,1
242,24,1
223,24,1
239,33,1
234,34,1
220,30,1
239,26,1
224,10,1
241,11,1
252,43,1
243,33,1
247,18,1
240,48,1
219,9,1
229,41,1
229,26,1
221,15,1
227,28,1
231,37,1
240,8,1
246,35,1
236,30,1
241,17,1
220,19,1
252,12,1
224,33,1
241,38,1
233,25,1
251,12,1
234,45,1
247,27,1
252,33,1
257,28,1
239,35,1
221,33,1
216,41,1
241,26,1
254,24,1
223,44,1
232,31,1
216,13,1
211,23,1
246,19,1
246,18,1
232,18,1
234,31,1
244,28,1
237,25,1
243,6,1
218,22,1
247,40,1
240,31,1
251,38,1
228,24,1
252,7,1
258,17,1
225,14,1
240,11,1
248,19,1
243,25,1
220,8,1
230,9,1
230,23,1
226,18,1
229,15,1
243,13,1
226,27,1
256,31,1
222,42,1
222,8,1
243,5,1
246,33,1
226,20,1
236,16,1
221,13,1
237,45,1
254,21,1
251,11,1
225,20,1
242,39,1
235,8,1
218,12,1
249,5,1
231,39,1
246,31,1
230,35,1
228,24,1
230,20,1
246,19,1
244,21,1
222,5,1
243,13,1
