36,44,0
25,11,0
15,6,0
47,14,0
32,3,0
18,27,0
20,22,0
9,20,0
35,4,0
15,32,0
30,12,0
44,9,0
18,27,0
25,32,0
37,23,0
33,18,0
8,27,0
33,2,0
36,47,0
30,17,0
30,20,0
8,14,0
26,25,0
22,7,0
20,45,0
42,41,0
27,46,0
19,19,0
41,9,0
14,29,0
31,3,0
28,17,0
40,30,0
26,20,0
21,27,0
7,31,0
31,6,0
15,33,0
49,18,0
10,8,0
35,26,0
36,29,0
13,44,0
33,34,0
30,30,0
26,33,0
23,32,0
30,39,0
25,0,0
49,32,0
45,36,0
22,16,0
32,27,0
10,11,0
11,24,0
42,41,0
8,38,0
39,28,0
45,11,0
16,32,0
38,7,0
18,37,0
36,3,0
27,14,0
7,14,0
39,27,0
45,37,0
12,40,0
24,44,0
19,30,0
15,3,0
24,21,0
15,30,0
3,32,0
8,36,0
26,36,0
27,25,0
44,18,0
30,2,0
39,15,0
19,8,0
39,41,0
13,23,0
33,20,0
39,24,0
37,24,0
6,38,0
43,42,0
9,40,0
36,46,0
28,16,0
39,34,0
46,37,0
21,12,0
40,9,0
28,33,0
23,45,0
15,23,0
43,11,0
40,12,0
47,26,0
39,37,0
37,34,0
6,27,0
39,40,0
24,35,0
38,36,0
46,34,0
28,43,0
39,43,0
3,26,0
16,22,0
18,30,0
45,18,0
47,28,0
13,7,0
9,28,0
18,25,0
29,35,0
12,43,0
25,32,0
40,44,0
25,8,0
7,12,0
27,45,0
5,40,0
31,48,0
27,4,0
46,17,0
17,39,0
18,25,0
31,37,0
34,47,0
40,13,0
41,14,0
37,44,0
17,35,0
15,11,0
33,11,0
12,44,0
27,14,0
46,29,0
6,12,0
39,42,0
19,37,0
7,22,0
14,47,0
33,40,0
21,41,0
40,13,0
10,8,0
16,45,0
18,6,0
24,28,0
37,15,0
39,34,0
25,11,0
26,14,0
35,23,0
16,8,0
37,39,0
12,44,0
40,38,0
10,28,0
15,18,0
10,7,0
23,45,0
18,39,0
9,6,0
24,39,0
25,28,0
13,30,0
8,38,0
2,27,0
43,39,0
14,39,0
3,28,0
14,10,0
20,35,0
34,37,0
13,38,0
26,31,0
35,30,0
15,3,0
23,28,0
23,19,0
43,19,0
21,12,0
49,29,0
4,15,0
35,11,0
32,4,0
32,33,0
40,12,0
18,44,0
24,3,0
13,33,0
14,44,0
6,10,0
43,27,0
18,35,0
36,44,0
38,16,0
48,29,0
3,35,0
38,18,0
44,14,0
34,16,0
24,29,0
16,10,0
4,21,0
39,24,0
26,42,0
14,42,0
29,18,0
40,40,0
27,18,0
5,30,0
20,2,0
23,40,0
7,38,0
14,33,0
14,33,0
3,30,0
8,33,0
26,30,0
17,42,0
24,36,0
29,10,0
13,42,0
37,25,0
42,43,0
44,36,0
8,17,0
7,41,0
37,16,0
28,27,0
26,6,0
38,28,0
27,23,0
9,17,0
28,19,0
47,28,0
28,47,0
21,10,0
10,20,0
23,7,0
30,46,0
22,38,0
19,19,0
304,15,1
318,30,1
304,26,1
316,24,1
305,10,1
319,11,1
301,24,1
338,17,1
345,31,1
336,18,1
317,46,1
337,22,1
338,21,1
341,23,1
314,10,1
308,26,1
320,43,1
314,42,1
311,23,1
323,43,1
322,46,1
330,38,1
309,23,1
331,42,1
323,20,1
346,22,1
321,37,1
344,40,1
337,9,1
343,9,1
311,8,1
315,46,1
349,18,1
343,37,1
331,20,1
322,22,1
319,36,1
310,23,1
343,21,1
316,32,1
336,26,1
334,15,1
302,22,1
311,33,1
324,15,1
345,13,1
309,32,1
315,31,1
331,24,1
307,8,1
343,8,1
343,34,1
317,33,1
303,26,1
326,38,1
312,23,1
342,29,1
302,21,1
337,37,1
305,24,1
304,17,1
348,31,1
340,7,1
308,26,1
344,33,1
331,18,1
312,26,1
309,38,1
338,29,1
337,34,1
327,5,1
349,27,1
309,30,1
316,13,1
342,41,1
315,32,1
316,16,1
324,3,1
325,12,1
319,46,1
313,37,1
311,27,1
327,16,1
321,6,1
343,34,1
318,22,1
331,6,1
317,20,1
327,42,1
331,44,1
310,17,1
310,26,1
322,23,1
309,34,1
321,45,1
317,20,1
328,33,1
315,15,1
326,5,1
306,36,1
339,9,1
339,34,1
324,49,1
316,46,1
328,30,1
306,41,1
332,11,1
317,26,1
317,4,1
314,8,1
323,27,1
320,35,1
322,2,1
312,23,1
309,9,1
343,17,1
317,23,1
316,3,1
318,38,1
346,38,1
305,39,1
331,16,1
343,30,1
322,49,1
320,33,1
333,37,1
336,33,1
330,44,1
320,40,1
343,32,1
314,45,1
322,46,1
333,29,1
318,21,1
335,7,1
337,15,1
314,27,1
332,35,1
322,31,1
341,19,1
324,38,1
340,21,1
310,36,1
316,12,1
330,29,1
342,9,1
337,23,1
336,40,1
314,45,1
327,9,1
331,28,1
326,19,1
313,27,1
322,43,1
308,14,1
340,14,1
331,34,1
327,20,1
304,16,1
348,25,1
317,18,1
325,27,1
334,5,1
338,15,1
345,40,1
328,32,1
305,12,1
334,22,1
300,25,1
323,45,1
328,22,1
317,4,1
325,16,1
322,40,1
314,15,1
344,15,1
317,5,1
308,17,1
301,32,1
307,31,1
336,20,1
341,39,1
306,41,1
316,22,1
333,13,1
317,43,1
325,0,1
313,43,1
313,28,1
330,39,1
344,24,1
339,38,1
321,2,1
335,35,1
345,13,1
346,16,1
321,8,1
330,36,1
318,11,1
335,32,1
328,6,1
324,5,1
330,33,1
347,18,1
308,33,1
301,32,1
329,47,1
332,2,1
332,7,1
340,31,1
337,30,1
316,30,1
340,32,1
339,24,1
311,26,1
348,20,1
318,27,1
320,16,1
345,17,1
343,40,1
332,1,1
315,32,1
342,19,1
332,16,1
339,43,1
308,15,1
345,11,1
316,33,1
327,5,1
326,1,1
337,36,1
308,17,1
345,37,1
325,37,1
343,25,1
303,16,1
325,40,1
337,10,1
335,6,1
342,23,1
324,7,1
325,0,1
329,41,1
339,11,1
321,19,1
312,37,1
315,6,1
315,18,1
319,38,1
328,37,1
