33,9,0
26,14,0
42,19,0
19,15,0
10,31,0
4,20,0
36,40,0
1,29,0
45,37,0
32,22,0
19,13,0
40,26,0
18,28,0
26,36,0
35,26,0
39,32,0
4,33,0
29,18,0
14,21,0
14,27,0
10,19,0
27,28,0
8,42,0
18,9,0
37,31,0
45,38,0
37,42,0
26,12,0
9,16,0
35,39,0
33,2,0
40,25,0
9,25,0
37,31,0
22,43,0
30,38,0
25,34,0
25,30,0
21,16,0
23,28,0
11,40,0
35,23,0
14,14,0
12,22,0
3,24,0
11,26,0
39,31,0
42,31,0
2,27,0
44,31,0
32,30,0
11,6,0
24,18,0
40,35,0
40,17,0
46,37,0
35,22,0
30,6,0
36,42,0
19,10,0
22,46,0
5,21,0
10,37,0
21,41,0
25,38,0
33,11,0
36,17,0
45,10,0
26,13,0
24,16,0
22,20,0
43,30,0
18,32,0
10,39,0
26,10,0
30,21,0
28,23,0
40,18,0
11,34,0
15,45,0
4,16,0
34,44,0
16,37,0
2,22,0
18,32,0
20,40,0
17,46,0
13,4,0
17,25,0
19,32,0
18,32,0
10,43,0
33,42,0
5,31,0
33,39,0
31,23,0
19,4,0
34,21,0
18,38,0
27,47,0
13,32,0
36,38,0
24,8,0
16,32,0
23,16,0
34,42,0
30,9,0
9,17,0
44,24,0
17,39,0
27,47,0
25,38,0
14,37,0
40,18,0
6,25,0
22,17,0
44,23,0
27,34,0
13,17,0
18,43,0
24,8,0
14,37,0
29,20,0
39,40,0
20,42,0
8,20,0
18,31,0
26,41,0
14,25,0
44,22,0
19,22,0
43,41,0
41,29,0
13,29,0
20,5,0
46,35,0
13,36,0
34,15,0
17,38,0
33,41,0
39,22,0
4,38,0
15,17,0
20,1,0
21,36,0
22,20,0
36,12,0
34,44,0
25,11,0
28,29,0
19,39,0
18,49,0
14,47,0
36,13,0
30,42,0
8,26,0
38,29,0
33,48,0
14,33,0
31,7,0
19,24,0
15,20,0
12,13,0
16,12,0
16,44,0
41,42,0
24,18,0
19,49,0
41,36,0
24,47,0
7,15,0
44,15,0
48,30,0
34,46,0
42,28,0
45,33,0
27,32,0
30,33,0
32,37,0
32,36,0
45,19,0
46,17,0
22,8,0
15,24,0
40,40,0
4,12,0
9,18,0
34,32,0
13,19,0
43,41,0
16,26,0
29,34,0
44,13,0
33,32,0
33,17,0
13,10,0
39,25,0
43,35,0
16,20,0
10,30,0
8,22,0
16,43,0
41,25,0
28,41,0
9,13,0
8,36,0
22,37,0
42,28,0
1,29,0
36,9,0
22,27,0
1,28,0
24,38,0
8,10,0
16,27,0
39,14,0
38,25,0
27,13,0
36,46,0
20,45,0
11,23,0
9,24,0
37,29,0
26,34,0
12,35,0
40,35,0
13,30,0
25,47,0
19,37,0
15,32,0
49,25,0
25,19,0
40,44,0
23,15,0
43,17,0
15,40,0
25,20,0
28,38,0
31,9,0
39,27,0
24,33,0
38,44,0
21,49,0
20,36,0
32,8,0
12,25,0
33,28,0
19,19,0
4,21,0
20,39,0
210,17,1
208,37,1
224,3,1
234,15,1
210,25,1
233,38,1
227,29,1
241,32,1
218,12,1
222,28,1
234,26,1
216,8,1
218,47,1
226,45,1
209,20,1
217,7,1
227,34,1
234,9,1
229,7,1
218,3,1
207,16,1
210,30,1
243,26,1
233,30,1
241,7,1
234,7,1
217,32,1
224,47,1
242,18,1
208,13,1
202,32,1
245,21,1
226,12,1
220,47,1
225,21,1
240,14,1
222,9,1
224,45,1
223,40,1
240,23,1
240,10,1
223,33,1
242,25,1
245,16,1
219,10,1
236,12,1
243,40,1
207,39,1
249,22,1
230,16,1
224,37,1
219,17,1
241,21,1
211,40,1
234,35,1
201,26,1
235,35,1
202,27,1
202,20,1
213,28,1
220,20,1
211,41,1
231,31,1
226,6,1
218,41,1
236,37,1
207,18,1
231,25,1
205,30,1
246,23,1
237,34,1
232,34,1
232,12,1
228,20,1
209,20,1
244,12,1
206,13,1
227,35,1
213,25,1
243,13,1
238,40,1
240,9,1
230,5,1
214,33,1
214,24,1
211,23,1
222,40,1
212,39,1
203,36,1
214,5,1
210,38,1
234,36,1
203,26,1
215,27,1
228,9,1
229,6,1
204,34,1
206,24,1
227,3,1
234,9,1
229,9,1
239,19,1
237,32,1
228,34,1
209,8,1
209,32,1
240,33,1
202,34,1
219,4,1
225,42,1
235,29,1
221,14,1
222,45,1
233,48,1
225,37,1
217,31,1
240,9,1
203,17,1
235,25,1
212,44,1
231,42,1
234,12,1
208,27,1
205,31,1
223,49,1
205,31,1
240,24,1
244,17,1
237,26,1
222,37,1
220,15,1
236,22,1
232,38,1
221,48,1
214,33,1
204,19,1
238,5,1
232,43,1
232,2,1
237,35,1
245,16,1
221,10,1
214,10,1
223,47,1
225,0,1
221,29,1
212,21,1
236,45,1
226,9,1
244,18,1
223,15,1
245,30,1
215,42,1
225,36,1
204,29,1
236,23,1
212,18,1
218,38,1
209,12,1
231,25,1
208,17,1
226,17,1
231,16,1
215,32,1
222,3,1
236,45,1
227,45,1
249,26,1
221,6,1
220,24,1
220,18,1
210,8,1
218,15,1
229,28,1
216,34,1
212,13,1
235,43,1
216,3,1
205,12,1
220,13,1
205,27,1
216,5,1
232,27,1
240,28,1
244,20,1
214,21,1
222,4,1
203,18,1
240,8,1
213,36,1
215,34,1
234,46,1
219,28,1
231,33,1
231,24,1
219,35,1
220,33,1
233,9,1
245,16,1
226,34,1
247,30,1
249,23,1
215,33,1
245,19,1
216,4,1
225,10,1
217,48,1
211,11,1
217,11,1
218,7,1
216,41,1
212,30,1
223,31,1
229,34,1
236,43,1
216,29,1
243,12,1
211,33,1
239,20,1
223,25,1
215,26,1
235,26,1
238,23,1
211,32,1
208,26,1
225,31,1
232,11,1
242,23,1
209,37,1
237,43,1
231,3,1
221,8,1
241,42,1
210,20,1
231,43,1
222,48,1
226,43,1
243,17,1
213,13,1
238,10,1
209,16,1
238,35,1
210,45,1
224,34,1
224,32,1
203,28,1
202,25,1
224,14,1
214,40,1
225,48,1
