32,7,0
42,23,0
29,33,0
33,43,0
15,3,0
47,30,0
6,18,0
35,10,0
36,30,0
11,14,0
18,33,0
1,20,0
35,23,0
16,46,0
13,23,0
28,32,0
42,23,0
40,10,0
14,42,0
25,36,0
33,44,0
27,9,0
39,12,0
41,33,0
20,42,0
37,42,0
32,32,0
5,12,0
14,31,0
23,12,0
15,4,0
8,9,0
27,19,0
16,40,0
25,23,0
16,22,0
11,23,0
14,7,0
25,18,0
23,40,0
18,38,0
1,31,0
16,28,0
21,1,0
26,17,0
32,15,0
26,46,0
16,27,0
35,6,0
20,13,0
26,32,0
26,27,0
30,22,0
26,5,0
35,36,0
11,13,0
11,43,0
1,22,0
15,42,0
10,18,0
17,27,0
36,42,0
13,44,0
23,25,0
20,43,0
21,8,0
10,36,0
32,9,0
29,27,0
9,26,0
31,48,0
30,16,0
39,41,0
13,17,0
47,30,0
30,28,0
43,13,0
40,25,0
12,10,0
37,30,0
41,31,0
46,35,0
11,13,0
18,27,0
22,9,0
26,29,0
26,20,0
40,35,0
6,9,0
6,35,0
6,31,0
36,5,0
34,4,0
4,21,0
2,34,0
43,8,0
37,31,0
12,27,0
25,23,0
29,28,0
47,21,0
20,31,0
29,4,0
36,40,0
42,30,0
34,7,0
20,49,0
21,32,0
12,9,0
24,11,0
32,6,0
19,10,0
39,7,0
15,6,0
10,11,0
15,4,0
25,44,0
15,39,0
32,1,0
6,18,0
33,34,0
36,19,0
20,5,0
10,44,0
30,25,0
32,26,0
30,16,0
24,7,0
5,32,0
7,38,0
33,46,0
12,22,0
26,35,0
26,32,0
14,6,0
18,27,0
8,10,0
42,26,0
15,29,0
20,49,0
38,19,0
14,46,0
17,46,0
22,25,0
23,13,0
15,44,0
28,20,0
15,22,0
28,10,0
32,39,0
27,21,0
38,11,0
42,22,0
26,14,0
29,47,0
42,30,0
5,23,0
4,22,0
25,12,0
17,37,0
31,28,0
43,32,0
34,36,0
21,4,0
7,8,0
18,5,0
42,37,0
22,41,0
31,14,0
40,36,0
11,40,0
6,11,0
33,17,0
45,12,0
20,2,0
40,35,0
33,36,0
33,8,0
36,22,0
29,32,0
19,42,0
38,37,0
38,46,0
14,3,0
39,35,0
17,28,0
38,4,0
44,35,0
3,36,0
37,27,0
35,40,0
40,27,0
10,22,0
15,32,0
10,21,0
10,6,0
6,29,0
38,8,0
42,31,0
8,41,0
4,37,0
43,18,0
23,5,0
7,28,0
47,17,0
8,12,0
23,45,0
31,35,0
28,15,0
36,28,0
14,35,0
28,34,0
16,30,0
10,45,0
4,35,0
37,34,0
26,23,0
23,28,0
10,29,0
7,19,0
35,40,0
7,35,0
45,27,0
25,46,0
34,10,0
42,42,0
47,16,0
35,35,0
23,23,0
42,13,0
26,31,0
38,41,0
11,20,0
45,36,0
23,35,0
39,41,0
17,43,0
13,22,0
31,1,0
43,33,0
19,27,0
9,26,0
31,8,0
29,30,0
40,15,0
21,13,0
49,29,0
37,44,0
44,36,0
10,41,0
222,11,1
222,31,1
232,10,1
216,49,1
233,37,1
220,35,1
202,11,1
237,23,1
225,19,1
204,34,1
227,10,1
234,14,1
198,30,1
209,10,1
191,21,1
210,47,1
228,31,1
220,1,1
207,34,1
225,19,1
211,17,1
224,31,1
218,34,1
200,42,1
221,48,1
200,16,1
209,11,1
212,14,1
195,29,1
233,15,1
220,46,1
203,20,1
196,10,1
197,41,1
206,27,1
198,39,1
229,24,1
229,29,1
214,1,1
233,34,1
195,28,1
198,21,1
222,33,1
225,31,1
211,45,1
234,14,1
235,17,1
234,33,1
233,41,1
207,2,1
210,7,1
194,27,1
201,36,1
226,5,1
225,23,1
209,16,1
237,29,1
203,26,1
225,25,1
221,40,1
232,10,1
225,6,1
233,10,1
224,28,1
217,1,1
206,34,1
191,22,1
227,33,1
213,30,1
217,43,1
199,29,1
232,17,1
205,15,1
208,7,1
238,21,1
236,23,1
208,21,1
229,42,1
208,5,1
216,31,1
231,30,1
228,42,1
215,40,1
209,31,1
216,47,1
201,19,1
220,4,1
225,27,1
204,31,1
200,38,1
238,17,1
226,45,1
226,7,1
200,27,1
207,32,1
217,3,1
210,43,1
223,47,1
226,25,1
205,14,1
228,46,1
212,15,1
217,14,1
230,32,1
199,28,1
195,13,1
228,12,1
233,19,1
194,16,1
234,39,1
199,19,1
213,4,1
233,33,1
208,17,1
200,21,1
221,18,1
202,38,1
205,12,1
232,39,1
204,35,1
214,22,1
210,31,1
214,43,1
211,28,1
196,37,1
223,30,1
197,11,1
218,11,1
225,8,1
219,39,1
223,43,1
205,34,1
233,27,1
216,44,1
229,27,1
212,5,1
221,30,1
231,38,1
203,25,1
226,10,1
209,20,1
225,9,1
216,44,1
206,45,1
206,46,1
211,44,1
230,23,1
216,43,1
218,41,1
222,21,1
234,30,1
207,18,1
197,33,1
216,28,1
207,13,1
232,13,1
199,30,1
214,22,1
210,49,1
204,12,1
221,2,1
207,34,1
218,44,1
224,9,1
220,47,1
204,28,1
210,47,1
194,12,1
227,10,1
232,18,1
218,49,1
222,13,1
203,5,1
212,19,1
200,22,1
217,38,1
232,27,1
208,18,1
219,13,1
206,28,1
239,19,1
212,44,1
193,34,1
234,13,1
217,18,1
234,20,1
213,42,1
206,21,1
229,41,1
230,34,1
202,33,1
206,48,1
208,10,1
209,23,1
220,22,1
231,7,1
209,13,1
218,32,1
222,21,1
216,34,1
195,38,1
218,6,1
220,40,1
207,20,1
198,24,1
221,13,1
192,17,1
208,48,1
215,28,1
197,25,1
213,42,1
228,36,1
219,28,1
209,11,1
225,31,1
230,26,1
196,26,1
229,30,1
201,38,1
225,28,1
202,8,1
218,48,1
221,11,1
201,44,1
197,39,1
216,43,1
220,41,1
197,17,1
220,3,1
218,19,1
219,16,1
200,45,1
223,32,1
210,45,1
211,26,1
220,1,1
225,24,1
203,9,1
216,9,1
215,23,1
212,39,1
223,26,1
224,24,1
229,44,1
215,33,1
220,1,1
236,28,1
206,18,1
199,11,1
214,4,1
