9,23,0
13,10,0
38,11,0
45,19,0
8,29,0
14,24,0
20,23,0
15,7,0
25,37,0
5,12,0
31,38,0
21,5,0
44,24,0
14,10,0
7,22,0
14,28,0
40,5,0
8,35,0
3,28,0
46,38,0
46,31,0
37,21,0
12,13,0
31,49,0
42,35,0
22,1,0
36,46,0
14,5,0
34,42,0
9,7,0
28,3,0
13,14,0
21,20,0
41,8,0
35,38,0
30,35,0
42,21,0
46,23,0
8,19,0
26,23,0
22,5,0
22,40,0
40,23,0
36,40,0
31,36,0
41,21,0
35,41,0
31,19,0
10,16,0
36,45,0
46,18,0
29,41,0
10,38,0
26,13,0
34,14,0
17,5,0
7,21,0
41,42,0
29,40,0
45,17,0
15,44,0
11,28,0
20,15,0
31,27,0
36,23,0
39,42,0
17,19,0
23,20,0
41,25,0
49,19,0
42,21,0
34,40,0
18,28,0
45,31,0
15,28,0
28,17,0
47,24,0
15,3,0
8,42,0
16,2,0
30,33,0
22,48,0
21,45,0
47,23,0
26,46,0
3,24,0
7,8,0
21,1,0
31,24,0
40,9,0
17,23,0
35,32,0
31,34,0
5,36,0
46,20,0
34,20,0
48,31,0
46,17,0
42,26,0
29,26,0
31,23,0
17,48,0
23,20,0
19,45,0
3,32,0
25,13,0
24,21,0
33,44,0
16,14,0
37,7,0
44,35,0
17,48,0
45,24,0
37,42,0
30,18,0
29,20,0
40,29,0
17,35,0
22,7,0
29,3,0
35,25,0
27,42,0
5,11,0
20,27,0
26,2,0
9,38,0
22,31,0
42,24,0
27,34,0
33,9,0
19,43,0
4,17,0
29,49,0
13,9,0
8,22,0
15,13,0
28,9,0
13,37,0
45,11,0
19,25,0
11,44,0
17,22,0
26,34,0
18,23,0
16,46,0
30,7,0
15,28,0
2,22,0
28,7,0
13,8,0
22,44,0
20,17,0
18,43,0
10,10,0
42,32,0
22,25,0
35,11,0
12,42,0
35,12,0
30,4,0
26,39,0
14,12,0
45,38,0
20,21,0
32,18,0
21,2,0
4,12,0
34,46,0
22,16,0
34,47,0
13,32,0
8,31,0
43,20,0
15,47,0
29,16,0
17,45,0
22,10,0
43,21,0
13,32,0
2,20,0
27,16,0
24,4,0
18,38,0
15,10,0
36,19,0
45,26,0
23,2,0
23,5,0
11,21,0
26,45,0
14,20,0
39,33,0
8,38,0
39,29,0
43,25,0
28,41,0
8,23,0
19,39,0
27,23,0
18,45,0
25,8,0
32,5,0
32,31,0
15,27,0
12,42,0
14,21,0
36,13,0
5,33,0
16,4,0
33,20,0
24,29,0
42,33,0
1,32,0
41,30,0
20,48,0
3,30,0
24,48,0
46,22,0
9,22,0
17,3,0
31,33,0
14,38,0
23,4,0
26,33,0
23,25,0
14,47,0
14,8,0
9,26,0
18,28,0
17,2,0
25,27,0
6,10,0
39,41,0
39,29,0
45,25,0
31,25,0
33,47,0
14,3,0
2,33,0
30,16,0
45,27,0
27,24,0
24,49,0
21,10,0
29,40,0
31,48,0
48,30,0
27,27,0
41,24,0
38,17,0
208,23,1
218,47,1
227,20,1
204,44,1
232,25,1
230,23,1
194,17,1
210,14,1
225,38,1
218,24,1
219,4,1
235,20,1
207,4,1
210,47,1
230,17,1
230,26,1
217,27,1
214,25,1
225,16,1
229,6,1
212,15,1
223,47,1
220,11,1
225,11,1
207,9,1
212,40,1
223,28,1
227,35,1
217,34,1
204,34,1
230,5,1
216,35,1
216,48,1
228,12,1
212,46,1
240,25,1
203,16,1
219,41,1
211,12,1
224,38,1
232,25,1
221,19,1
222,12,1
198,36,1
194,25,1
193,29,1
221,12,1
221,19,1
211,10,1
193,16,1
202,25,1
234,30,1
210,14,1
221,12,1
215,23,1
219,25,1
214,37,1
217,17,1
226,4,1
223,33,1
195,28,1
195,18,1
231,21,1
214,10,1
229,18,1
220,29,1
206,14,1
227,6,1
205,35,1
229,45,1
228,26,1
231,28,1
217,18,1
229,28,1
208,39,1
223,18,1
206,25,1
193,28,1
229,42,1
195,27,1
231,22,1
214,17,1
193,19,1
193,19,1
205,45,1
218,42,1
221,15,1
219,47,1
224,41,1
200,6,1
228,21,1
231,13,1
227,29,1
223,8,1
191,21,1
215,38,1
234,17,1
231,33,1
195,20,1
236,12,1
233,15,1
192,17,1
198,27,1
206,32,1
193,35,1
203,15,1
205,11,1
231,43,1
208,21,1
204,22,1
211,22,1
224,21,1
220,46,1
208,10,1
225,41,1
210,41,1
229,35,1
197,35,1
218,15,1
201,17,1
227,26,1
225,21,1
237,35,1
215,40,1
220,23,1
197,25,1
212,5,1
210,34,1
195,26,1
208,7,1
218,34,1
219,40,1
194,14,1
235,32,1
238,23,1
218,32,1
222,18,1
195,21,1
218,47,1
211,39,1
227,33,1
212,29,1
194,27,1
206,24,1
233,36,1
202,41,1
215,16,1
230,45,1
221,22,1
206,22,1
238,30,1
217,21,1
235,26,1
239,29,1
204,30,1
208,28,1
204,33,1
192,34,1
222,42,1
199,40,1
210,11,1
208,42,1
213,24,1
237,21,1
221,40,1
214,28,1
215,50,1
220,2,1
217,12,1
204,39,1
203,28,1
214,5,1
209,19,1
200,25,1
219,46,1
214,8,1
213,3,1
230,15,1
232,16,1
214,41,1
222,38,1
219,20,1
202,35,1
225,43,1
219,25,1
204,34,1
228,11,1
202,21,1
229,9,1
225,47,1
233,15,1
217,12,1
212,2,1
217,33,1
212,25,1
227,36,1
208,15,1
224,35,1
228,46,1
219,5,1
223,25,1
238,24,1
199,10,1
209,41,1
238,18,1
208,13,1
230,37,1
236,22,1
217,33,1
203,22,1
235,38,1
219,6,1
224,46,1
226,6,1
213,7,1
233,20,1
204,44,1
229,37,1
211,1,1
201,36,1
209,48,1
201,37,1
217,14,1
219,15,1
206,44,1
209,38,1
239,22,1
220,12,1
195,30,1
193,29,1
203,30,1
191,28,1
219,22,1
212,44,1
230,22,1
209,29,1
216,6,1
230,12,1
220,29,1
233,41,1
228,9,1
200,29,1
235,12,1
209,27,1
218,10,1
207,12,1
205,42,1
238,20,1
213,35,1
206,36,1
