9,26,0
34,17,0
27,38,0
1,24,0
26,21,0
44,35,0
40,34,0
26,44,0
12,41,0
5,15,0
47,25,0
14,19,0
25,27,0
34,30,0
43,10,0
38,12,0
30,29,0
41,38,0
2,33,0
22,23,0
21,38,0
20,2,0
40,32,0
14,3,0
36,18,0
10,35,0
33,37,0
21,32,0
12,43,0
15,33,0
11,22,0
5,33,0
40,42,0
43,30,0
36,7,0
12,44,0
21,22,0
15,11,0
29,3,0
42,37,0
47,32,0
12,10,0
7,21,0
1,28,0
9,21,0
2,29,0
31,33,0
25,19,0
31,49,0
30,13,0
40,13,0
12,41,0
40,27,0
19,25,0
24,41,0
34,11,0
17,6,0
18,25,0
27,38,0
41,16,0
30,1,0
47,15,0
33,26,0
2,29,0
32,18,0
10,12,0
14,39,0
36,40,0
6,26,0
12,4,0
13,29,0
18,17,0
21,33,0
31,29,0
33,11,0
37,18,0
31,45,0
38,35,0
22,1,0
25,15,0
29,10,0
26,42,0
18,17,0
44,17,0
23,12,0
23,6,0
18,20,0
22,48,0
20,7,0
33,45,0
21,32,0
24,1,0
24,35,0
13,39,0
14,6,0
0,25,0
17,30,0
40,41,0
41,6,0
39,30,0
25,28,0
44,34,0
29,6,0
31,31,0
22,34,0
8,26,0
40,11,0
21,1,0
46,21,0
46,23,0
20,21,0
12,6,0
7,14,0
2,26,0
44,25,0
8,36,0
43,38,0
45,22,0
6,30,0
41,21,0
15,21,0
16,8,0
43,20,0
29,41,0
42,15,0
5,39,0
30,40,0
6,9,0
16,48,0
34,39,0
12,15,0
20,26,0
43,26,0
34,19,0
17,29,0
24,47,0
7,16,0
14,13,0
41,7,0
38,19,0
44,14,0
18,29,0
29,35,0
38,20,0
9,12,0
38,41,0
13,42,0
15,38,0
41,13,0
18,5,0
30,20,0
31,46,0
32,27,0
2,24,0
1,19,0
17,3,0
33,18,0
42,43,0
26,38,0
24,8,0
7,12,0
4,27,0
23,45,0
7,29,0
6,38,0
39,38,0
39,43,0
31,35,0
12,20,0
4,15,0
16,20,0
1,26,0
11,35,0
15,6,0
34,36,0
33,20,0
49,31,0
26,2,0
49,19,0
18,41,0
39,9,0
24,23,0
28,22,0
34,12,0
27,36,0
42,13,0
49,32,0
13,32,0
35,21,0
23,47,0
47,29,0
25,1,0
17,11,0
14,42,0
21,29,0
30,24,0
24,32,0
24,13,0
21,32,0
40,33,0
31,9,0
27,8,0
26,22,0
11,37,0
26,23,0
25,26,0
25,32,0
37,40,0
32,48,0
27,18,0
21,12,0
29,13,0
25,31,0
12,42,0
38,4,0
5,39,0
35,38,0
17,24,0
25,50,0
41,26,0
5,30,0
15,6,0
48,27,0
46,31,0
36,12,0
21,5,0
41,23,0
49,18,0
22,11,0
41,43,0
22,1,0
14,42,0
14,25,0
24,33,0
45,18,0
30,47,0
31,11,0
45,21,0
3,34,0
41,6,0
40,23,0
23,25,0
11,41,0
28,28,0
34,29,0
31,18,0
12,37,0
29,31,0
30,45,0
45,29,0
210,9,1
211,8,1
228,23,1
189,44,1
199,35,1
203,32,1
226,24,1
218,42,1
199,39,1
203,9,1
206,23,1
197,45,1
227,31,1
184,22,1
204,31,1
200,46,1
194,43,1
219,36,1
211,4,1
210,9,1
227,31,1
217,31,1
186,25,1
204,23,1
221,21,1
221,6,1
195,38,1
193,7,1
207,26,1
205,47,1
210,15,1
226,32,1
201,26,1
203,25,1
189,29,1
203,46,1
200,41,1
199,38,1
206,15,1
215,44,1
225,13,1
217,29,1
188,13,1
227,27,1
182,26,1
195,41,1
189,29,1
201,28,1
212,19,1
181,27,1
210,33,1
216,30,1
213,8,1
216,8,1
195,42,1
200,15,1
216,47,1
183,17,1
214,4,1
224,22,1
190,25,1
227,36,1
216,24,1
202,45,1
191,24,1
226,18,1
214,46,1
213,4,1
186,33,1
197,37,1
209,20,1
196,28,1
217,15,1
191,44,1
225,32,1
204,1,1
211,42,1
226,37,1
207,44,1
196,22,1
189,43,1
229,32,1
214,15,1
217,21,1
202,47,1
228,32,1
192,22,1
219,44,1
193,34,1
224,14,1
213,3,1
192,5,1
224,22,1
210,17,1
187,34,1
225,29,1
219,18,1
216,40,1
216,13,1
193,4,1
210,5,1
201,11,1
195,32,1
188,7,1
186,24,1
189,13,1
200,41,1
203,42,1
206,41,1
192,21,1
202,10,1
220,45,1
218,16,1
212,8,1
227,29,1
193,40,1
223,25,1
199,34,1
210,27,1
192,5,1
202,2,1
195,20,1
189,20,1
215,33,1
211,29,1
214,27,1
207,9,1
212,1,1
217,12,1
224,21,1
216,41,1
181,21,1
199,1,1
201,25,1
197,38,1
195,12,1
184,26,1
203,1,1
215,40,1
197,12,1
229,32,1
199,1,1
226,24,1
214,18,1
203,10,1
199,20,1
212,46,1
199,18,1
223,37,1
229,19,1
183,19,1
191,8,1
203,38,1
202,10,1
201,22,1
207,13,1
189,30,1
192,40,1
223,31,1
203,16,1
200,39,1
209,46,1
207,49,1
210,35,1
225,22,1
201,47,1
194,40,1
194,33,1
218,35,1
195,6,1
201,39,1
220,27,1
228,34,1
194,29,1
199,26,1
191,25,1
220,34,1
205,25,1
191,39,1
190,26,1
212,34,1
210,11,1
211,48,1
216,46,1
195,14,1
206,25,1
202,11,1
205,47,1
196,28,1
226,13,1
216,4,1
194,33,1
200,40,1
198,9,1
214,44,1
206,29,1
201,46,1
197,8,1
200,46,1
201,29,1
189,8,1
207,6,1
210,35,1
220,33,1
199,44,1
222,31,1
196,24,1
222,41,1
199,22,1
208,34,1
211,16,1
202,7,1
210,16,1
207,49,1
192,39,1
200,26,1
202,11,1
201,7,1
197,47,1
223,21,1
197,2,1
222,28,1
200,32,1
194,47,1
228,17,1
202,20,1
183,17,1
221,21,1
217,25,1
214,12,1
207,28,1
203,38,1
191,32,1
215,6,1
199,30,1
230,25,1
183,31,1
198,29,1
205,23,1
186,26,1
197,34,1
196,45,1
193,30,1
219,21,1
222,15,1
225,12,1
190,30,1
209,3,1
204,1,1
221,11,1
