19,3,0
24,8,0
22,29,0
10,25,0
22,31,0
32,44,0
36,7,0
15,8,0
43,21,0
9,41,0
29,20,0
3,17,0
37,42,0
43,21,0
13,18,0
31,13,0
12,28,0
13,20,0
15,9,0
40,26,0
1,31,0
31,17,0
20,30,0
31,40,0
28,31,0
29,12,0
49,21,0
23,7,0
18,6,0
33,35,0
33,27,0
6,27,0
46,16,0
32,43,0
12,37,0
8,28,0
44,20,0
48,17,0
27,28,0
25,42,0
26,5,0
18,43,0
30,23,0
25,50,0
25,17,0
32,26,0
20,24,0
27,42,0
35,13,0
5,24,0
35,32,0
8,18,0
17,5,0
38,39,0
25,47,0
9,43,0
34,48,0
40,15,0
23,39,0
27,26,0
37,22,0
12,22,0
9,39,0
11,24,0
44,27,0
9,29,0
18,6,0
32,23,0
10,38,0
47,32,0
23,32,0
32,41,0
3,21,0
13,37,0
17,18,0
17,30,0
19,20,0
27,12,0
6,26,0
8,30,0
16,33,0
32,44,0
7,13,0
15,17,0
38,7,0
33,3,0
5,21,0
18,33,0
17,32,0
32,11,0
25,26,0
36,32,0
22,10,0
17,11,0
19,42,0
49,23,0
21,44,0
28,49,0
28,43,0
42,15,0
48,29,0
47,18,0
9,31,0
15,36,0
37,19,0
17,2,0
26,41,0
30,45,0
10,14,0
46,24,0
2,18,0
28,47,0
23,45,0
12,10,0
20,44,0
47,17,0
15,46,0
21,6,0
28,27,0
20,45,0
14,22,0
37,14,0
24,34,0
30,23,0
38,45,0
12,9,0
43,14,0
36,10,0
29,24,0
45,36,0
36,35,0
20,47,0
39,26,0
18,12,0
25,9,0
28,38,0
44,19,0
17,16,0
24,31,0
30,22,0
15,33,0
40,8,0
6,34,0
39,8,0
22,8,0
46,18,0
36,24,0
43,36,0
13,38,0
31,20,0
20,23,0
42,20,0
22,6,0
34,15,0
22,49,0
20,30,0
28,47,0
35,45,0
39,25,0
47,23,0
20,15,0
22,3,0
12,20,0
38,17,0
18,4,0
30,15,0
16,9,0
5,32,0
35,19,0
43,42,0
41,36,0
26,3,0
7,31,0
9,21,0
17,35,0
21,30,0
27,9,0
25,48,0
22,38,0
21,42,0
18,33,0
21,38,0
42,12,0
42,34,0
34,12,0
38,22,0
43,16,0
26,44,0
23,1,0
9,8,0
43,12,0
39,36,0
35,36,0
7,36,0
36,24,0
27,48,0
12,14,0
39,44,0
18,36,0
22,17,0
5,26,0
30,42,0
28,28,0
20,6,0
32,4,0
7,9,0
45,16,0
26,3,0
19,23,0
2,29,0
22,44,0
48,21,0
13,24,0
23,43,0
37,13,0
23,28,0
16,48,0
24,5,0
22,46,0
19,47,0
24,9,0
26,30,0
19,37,0
31,31,0
16,31,0
42,30,0
22,46,0
26,32,0
11,44,0
47,21,0
43,38,0
32,2,0
31,25,0
32,25,0
42,31,0
3,32,0
13,7,0
3,33,0
2,20,0
38,18,0
22,37,0
38,10,0
47,36,0
19,18,0
34,15,0
5,28,0
9,40,0
26,46,0
25,10,0
10,30,0
177,33,1
179,42,1
150,28,1
152,8,1
146,39,1
188,28,1
142,26,1
153,37,1
152,24,1
170,5,1
176,39,1
176,26,1
166,6,1
182,18,1
161,15,1
162,38,1
171,12,1
159,13,1
151,34,1
168,4,1
186,24,1
184,28,1
159,45,1
177,17,1
153,40,1
150,45,1
174,26,1
172,6,1
181,31,1
147,26,1
182,25,1
152,44,1
157,12,1
169,33,1
147,41,1
166,5,1
177,36,1
174,45,1
149,36,1
156,33,1
175,47,1
168,22,1
164,10,1
169,5,1
144,21,1
166,44,1
153,43,1
183,37,1
174,19,1
156,23,1
169,32,1
165,33,1
161,23,1
151,32,1
182,22,1
187,34,1
173,33,1
155,34,1
184,20,1
151,36,1
161,30,1
177,5,1
168,11,1
175,32,1
151,30,1
175,11,1
186,22,1
172,45,1
164,48,1
156,14,1
186,16,1
154,15,1
153,22,1
153,40,1
160,17,1
156,38,1
180,14,1
176,44,1
142,16,1
166,4,1
174,43,1
162,2,1
160,4,1
160,20,1
173,37,1
171,49,1
175,13,1
147,40,1
174,36,1
152,29,1
157,32,1
165,24,1
169,29,1
168,40,1
176,10,1
178,33,1
165,27,1
153,7,1
170,33,1
174,27,1
155,35,1
165,12,1
185,39,1
152,13,1
172,9,1
155,34,1
170,36,1
171,7,1
174,18,1
180,8,1
169,49,1
171,5,1
168,38,1
178,5,1
182,22,1
173,31,1
187,29,1
164,21,1
172,45,1
162,30,1
155,27,1
163,18,1
144,29,1
172,9,1
150,41,1
181,38,1
173,6,1
147,32,1
186,15,1
179,6,1
163,2,1
167,1,1
148,17,1
187,24,1
153,32,1
167,32,1
161,42,1
163,4,1
158,1,1
162,2,1
160,35,1
147,16,1
145,13,1
182,23,1
156,5,1
170,31,1
172,18,1
151,10,1
165,46,1
168,24,1
181,34,1
146,21,1
161,24,1
156,24,1
142,30,1
159,17,1
170,14,1
148,33,1
160,17,1
159,3,1
165,16,1
150,41,1
153,4,1
158,10,1
176,37,1
179,6,1
151,35,1
146,17,1
163,21,1
177,43,1
156,12,1
155,13,1
185,27,1
155,9,1
170,5,1
155,36,1
158,15,1
161,47,1
164,36,1
180,38,1
150,21,1
149,13,1
167,40,1
146,23,1
163,33,1
154,24,1
162,28,1
143,32,1
189,28,1
150,31,1
168,22,1
172,37,1
166,8,1
173,38,1
184,19,1
157,6,1
151,18,1
167,32,1
182,37,1
174,4,1
168,39,1
143,31,1
181,13,1
160,10,1
163,47,1
176,14,1
148,40,1
162,18,1
186,18,1
182,30,1
151,17,1
189,31,1
180,43,1
153,18,1
180,38,1
162,17,1
172,21,1
158,23,1
173,25,1
181,24,1
145,32,1
158,19,1
179,7,1
162,3,1
187,23,1
167,46,1
167,19,1
153,22,1
161,22,1
162,5,1
174,2,1
162,30,1
166,14,1
153,20,1
176,32,1
162,19,1
166,25,1
172,33,1
180,16,1
180,12,1
162,17,1
185,19,1
184,39,1
152,25,1
175,28,1
180,25,1
181,17,1
155,20,1
172,29,1
178,39,1
