48,21,0
22,39,0
8,42,0
14,43,0
19,23,0
24,14,0
30,37,0
15,11,0
34,44,0
10,41,0
16,17,0
33,3,0
14,24,0
8,28,0
8,37,0
25,47,0
14,37,0
16,2,0
43,25,0
30,13,0
37,9,0
11,12,0
49,26,0
27,31,0
42,33,0
31,32,0
18,39,0
36,5,0
11,7,0
21,26,0
47,25,0
34,8,0
46,28,0
23,12,0
40,42,0
15,47,0
42,29,0
37,33,0
37,35,0
36,35,0
37,7,0
12,6,0
34,40,0
27,24,0
42,31,0
26,49,0
39,33,0
12,10,0
38,7,0
36,18,0
45,12,0
35,30,0
6,22,0
24,17,0
3,31,0
3,28,0
18,38,0
43,42,0
25,35,0
30,8,0
41,18,0
20,16,0
42,26,0
44,28,0
9,33,0
13,36,0
38,44,0
48,17,0
30,47,0
5,37,0
23,36,0
17,46,0
32,25,0
29,31,0
13,40,0
26,46,0
48,24,0
40,17,0
40,41,0
44,32,0
47,29,0
11,20,0
50,25,0
24,43,0
30,20,0
10,45,0
31,3,0
11,32,0
8,21,0
9,27,0
12,5,0
5,12,0
25,14,0
21,9,0
16,17,0
31,37,0
22,41,0
23,22,0
46,15,0
48,32,0
4,29,0
27,9,0
18,7,0
16,5,0
33,39,0
32,3,0
41,7,0
29,32,0
2,18,0
33,6,0
4,18,0
15,14,0
33,4,0
31,19,0
24,28,0
18,33,0
32,3,0
31,14,0
29,11,0
22,39,0
20,49,0
15,16,0
39,15,0
45,22,0
14,4,0
19,30,0
20,31,0
20,42,0
22,8,0
22,22,0
29,23,0
19,19,0
29,16,0
9,16,0
24,44,0
36,18,0
31,27,0
13,20,0
28,39,0
14,4,0
16,27,0
24,37,0
34,20,0
20,33,0
11,8,0
40,24,0
48,28,0
48,29,0
25,21,0
2,29,0
23,4,0
2,33,0
26,26,0
36,8,0
46,33,0
34,37,0
19,34,0
29,10,0
43,26,0
9,39,0
7,23,0
29,20,0
32,15,0
46,22,0
48,20,0
44,35,0
2,23,0
33,23,0
26,14,0
11,37,0
40,20,0
28,38,0
17,21,0
18,8,0
20,44,0
31,39,0
38,26,0
42,36,0
44,41,0
16,23,0
12,12,0
41,11,0
10,31,0
39,11,0
22,23,0
28,36,0
5,32,0
28,37,0
46,16,0
12,15,0
40,7,0
42,16,0
27,47,0
33,8,0
39,42,0
40,25,0
42,12,0
7,42,0
30,12,0
23,23,0
23,38,0
11,5,0
47,30,0
39,30,0
28,4,0
24,7,0
29,23,0
34,42,0
8,43,0
30,13,0
41,7,0
49,31,0
18,46,0
9,28,0
24,21,0
6,12,0
35,44,0
8,11,0
21,31,0
40,33,0
34,12,0
31,31,0
40,6,0
28,21,0
32,4,0
44,31,0
7,22,0
46,27,0
32,1,0
14,29,0
15,34,0
13,38,0
37,12,0
20,49,0
12,17,0
25,37,0
5,35,0
6,25,0
33,42,0
12,41,0
44,17,0
29,17,0
33,47,0
31,3,0
12,8,0
24,13,0
3,18,0
27,33,0
25,37,0
25,38,0
155,31,1
157,41,1
164,2,1
158,12,1
162,34,1
161,26,1
168,38,1
159,5,1
139,30,1
161,5,1
156,8,1
150,23,1
153,13,1
136,21,1
143,8,1
169,45,1
166,16,1
168,8,1
161,44,1
159,18,1
163,3,1
165,10,1
163,25,1
162,23,1
139,32,1
163,42,1
167,14,1
132,28,1
147,8,1
169,11,1
157,36,1
157,5,1
135,11,1
142,17,1
171,38,1
170,31,1
164,16,1
175,18,1
177,32,1
158,7,1
137,20,1
162,11,1
146,29,1
147,8,1
133,17,1
156,48,1
153,5,1
155,50,1
141,36,1
178,32,1
167,11,1
140,28,1
144,40,1
161,11,1
145,16,1
136,39,1
142,20,1
153,8,1
153,30,1
149,5,1
137,37,1
165,4,1
160,47,1
133,34,1
169,15,1
179,26,1
162,25,1
161,26,1
140,30,1
157,44,1
170,41,1
161,48,1
153,1,1
149,17,1
159,29,1
143,26,1
175,30,1
159,13,1
170,34,1
171,22,1
144,28,1
157,49,1
152,9,1
165,26,1
166,45,1
135,30,1
147,29,1
147,34,1
179,22,1
148,37,1
166,15,1
175,29,1
160,48,1
167,11,1
157,29,1
159,47,1
156,11,1
146,24,1
170,34,1
153,11,1
141,38,1
142,16,1
165,3,1
175,34,1
141,21,1
147,18,1
136,11,1
135,17,1
140,10,1
169,12,1
141,42,1
142,17,1
162,22,1
160,33,1
171,30,1
154,10,1
154,5,1
140,17,1
152,4,1
149,45,1
172,39,1
172,22,1
138,12,1
160,13,1
137,19,1
141,33,1
141,14,1
138,36,1
163,47,1
161,39,1
138,20,1
178,33,1
160,27,1
166,46,1
142,15,1
151,34,1
147,48,1
150,47,1
175,14,1
159,20,1
165,9,1
162,45,1
162,20,1
165,37,1
152,2,1
152,44,1
159,44,1
159,3,1
148,34,1
166,32,1
160,36,1
163,28,1
151,4,1
155,35,1
170,14,1
155,41,1
145,45,1
151,15,1
141,18,1
146,18,1
161,18,1
175,35,1
170,42,1
160,40,1
151,11,1
166,3,1
140,7,1
161,1,1
172,35,1
146,47,1
163,22,1
143,13,1
159,48,1
166,45,1
162,41,1
156,17,1
147,6,1
150,35,1
169,36,1
158,23,1
141,33,1
142,45,1
156,44,1
147,27,1
158,21,1
150,16,1
161,4,1
151,30,1
137,41,1
173,15,1
137,32,1
152,19,1
151,41,1
149,10,1
160,9,1
140,19,1
175,33,1
160,32,1
159,15,1
150,7,1
177,34,1
132,16,1
173,20,1
154,29,1
158,6,1
154,44,1
149,1,1
158,5,1
139,41,1
148,7,1
148,13,1
140,43,1
165,4,1
151,37,1
164,10,1
147,12,1
146,18,1
174,23,1
139,39,1
170,34,1
148,23,1
162,43,1
133,18,1
161,24,1
158,27,1
175,32,1
150,29,1
168,31,1
147,22,1
148,11,1
141,45,1
160,1,1
150,3,1
133,23,1
152,24,1
170,24,1
153,5,1
179,25,1
165,36,1
155,40,1
150,16,1
146,46,1
150,11,1
151,1,1
174,27,1
142,45,1
155,38,1
146,3,1
138,30,1
145,16,1
