34,41,0
42,37,0
29,45,0
17,3,0
35,22,0
34,39,0
37,18,0
30,31,0
12,45,0
40,12,0
21,20,0
37,6,0
16,32,0
41,23,0
10,39,0
19,11,0
2,30,0
39,8,0
39,27,0
15,44,0
5,31,0
38,39,0
35,27,0
44,20,0
28,31,0
7,13,0
6,11,0
14,38,0
42,40,0
6,39,0
6,9,0
22,40,0
14,14,0
3,22,0
13,46,0
48,23,0
19,26,0
16,8,0
32,14,0
12,31,0
27,42,0
44,35,0
4,16,0
31,15,0
3,14,0
41,37,0
32,49,0
27,37,0
41,33,0
19,15,0
26,28,0
13,11,0
38,5,0
19,29,0
5,37,0
25,50,0
42,40,0
27,35,0
8,9,0
33,6,0
40,18,0
28,40,0
46,32,0
33,16,0
7,19,0
36,34,0
28,36,0
31,20,0
40,31,0
5,24,0
46,26,0
47,28,0
23,24,0
29,43,0
19,37,0
29,49,0
35,29,0
43,22,0
34,15,0
40,20,0
23,42,0
5,16,0
11,32,0
1,27,0
12,19,0
42,13,0
28,21,0
14,6,0
23,35,0
14,4,0
18,49,0
24,35,0
33,25,0
11,44,0
47,28,0
33,7,0
49,22,0
14,18,0
45,38,0
35,31,0
40,25,0
34,40,0
26,10,0
20,10,0
24,47,0
31,13,0
32,26,0
14,21,0
15,6,0
15,6,0
25,31,0
36,30,0
26,32,0
27,34,0
22,18,0
12,25,0
32,6,0
28,26,0
8,35,0
15,41,0
24,22,0
44,35,0
32,46,0
22,36,0
45,20,0
45,19,0
32,28,0
40,9,0
12,42,0
13,13,0
28,25,0
40,15,0
11,44,0
40,34,0
19,1,0
23,49,0
37,45,0
20,11,0
44,18,0
15,23,0
24,31,0
27,10,0
39,24,0
33,38,0
17,32,0
13,28,0
16,18,0
25,30,0
40,12,0
3,20,0
31,9,0
32,37,0
16,22,0
4,36,0
1,31,0
18,16,0
43,36,0
13,23,0
32,38,0
15,42,0
30,22,0
2,16,0
19,38,0
3,33,0
23,11,0
21,26,0
13,40,0
21,9,0
44,11,0
45,34,0
9,13,0
39,24,0
35,42,0
28,25,0
29,36,0
13,7,0
26,17,0
2,21,0
21,10,0
12,41,0
29,47,0
24,1,0
32,31,0
42,36,0
41,26,0
12,11,0
30,30,0
39,44,0
28,38,0
30,5,0
30,24,0
23,38,0
9,17,0
26,26,0
31,40,0
44,27,0
32,17,0
11,22,0
10,11,0
9,42,0
13,32,0
38,25,0
27,1,0
8,14,0
7,22,0
26,3,0
3,23,0
23,43,0
20,35,0
15,15,0
26,6,0
16,4,0
47,15,0
16,39,0
12,37,0
26,2,0
18,44,0
27,19,0
26,38,0
39,33,0
40,26,0
8,32,0
29,40,0
49,21,0
29,40,0
40,17,0
25,15,0
30,38,0
36,38,0
35,4,0
4,28,0
17,8,0
42,37,0
40,33,0
25,33,0
48,33,0
10,35,0
48,24,0
29,45,0
21,41,0
2,34,0
11,43,0
22,2,0
5,23,0
3,19,0
1,32,0
46,19,0
34,27,0
39,37,0
20,10,0
148,9,1
173,38,1
170,6,1
145,46,1
175,26,1
160,17,1
153,37,1
158,43,1
144,5,1
161,27,1
168,20,1
137,25,1
140,41,1
165,10,1
159,9,1
168,23,1
143,33,1
151,36,1
150,47,1
140,22,1
135,31,1
138,18,1
145,7,1
142,18,1
171,21,1
172,7,1
168,32,1
162,19,1
162,11,1
170,14,1
161,1,1
168,8,1
178,26,1
158,9,1
151,47,1
173,29,1
152,32,1
159,7,1
173,21,1
155,27,1
161,47,1
156,4,1
138,30,1
160,41,1
173,23,1
156,33,1
168,40,1
153,35,1
145,32,1
141,15,1
174,38,1
154,48,1
144,28,1
142,35,1
174,28,1
158,31,1
151,48,1
174,16,1
136,23,1
133,15,1
164,39,1
156,14,1
170,11,1
157,36,1
153,33,1
146,39,1
162,30,1
168,30,1
141,10,1
148,20,1
160,16,1
157,10,1
160,14,1
138,19,1
160,31,1
150,49,1
159,41,1
132,21,1
171,42,1
152,27,1
163,36,1
171,10,1
167,46,1
159,37,1
166,44,1
143,16,1
164,20,1
132,19,1
145,39,1
158,13,1
157,12,1
166,9,1
156,5,1
163,2,1
150,23,1
176,38,1
146,48,1
135,26,1
163,15,1
177,20,1
141,35,1
155,0,1
166,22,1
142,22,1
158,2,1
153,15,1
165,12,1
165,35,1
172,17,1
136,30,1
173,28,1
139,33,1
170,12,1
157,45,1
169,20,1
171,30,1
149,5,1
169,9,1
165,37,1
168,17,1
156,35,1
172,21,1
150,34,1
171,36,1
168,27,1
171,23,1
132,31,1
138,26,1
131,22,1
142,42,1
167,42,1
167,9,1
169,45,1
162,1,1
155,17,1
167,25,1
155,7,1
156,11,1
162,36,1
151,23,1
168,30,1
165,40,1
148,13,1
158,46,1
145,22,1
150,38,1
164,29,1
137,22,1
174,12,1
174,14,1
178,29,1
166,15,1
139,26,1
148,26,1
160,23,1
167,13,1
135,11,1
136,18,1
175,26,1
146,30,1
151,6,1
137,24,1
134,20,1
172,15,1
165,43,1
175,37,1
168,7,1
176,14,1
148,30,1
148,3,1
152,35,1
131,19,1
154,26,1
141,32,1
165,5,1
156,39,1
173,20,1
159,40,1
137,19,1
157,12,1
160,18,1
157,38,1
173,8,1
173,28,1
137,14,1
162,48,1
136,12,1
139,8,1
147,14,1
172,9,1
163,31,1
166,3,1
162,14,1
152,30,1
170,16,1
170,42,1
137,34,1
139,15,1
162,5,1
168,39,1
176,30,1
156,28,1
155,41,1
168,39,1
175,33,1
162,36,1
148,24,1
144,11,1
165,21,1
179,21,1
163,22,1
149,37,1
159,25,1
167,38,1
169,37,1
152,21,1
141,27,1
172,12,1
157,6,1
163,12,1
158,2,1
156,21,1
170,6,1
141,33,1
138,38,1
131,18,1
174,35,1
140,30,1
152,36,1
152,18,1
169,13,1
162,20,1
147,27,1
150,40,1
158,48,1
153,34,1
173,26,1
163,48,1
172,24,1
162,47,1
155,28,1
173,8,1
162,15,1
163,23,1
147,14,1
146,2,1
138,11,1
146,22,1
164,9,1
154,23,1
