19,10,0
40,39,0
12,44,0
10,27,0
12,46,0
29,3,0
32,5,0
34,20,0
5,22,0
33,14,0
5,18,0
10,32,0
18,20,0
1,28,0
3,19,0
11,10,0
28,35,0
40,45,0
42,34,0
43,12,0
30,34,0
29,29,0
17,33,0
33,41,0
45,11,0
36,20,0
21,35,0
2,28,0
18,34,0
42,15,0
12,33,0
9,10,0
12,38,0
6,28,0
32,25,0
37,26,0
13,24,0
5,38,0
34,48,0
16,30,0
14,5,0
18,26,0
45,38,0
10,36,0
28,22,0
16,6,0
27,41,0
32,31,0
5,35,0
12,39,0
37,43,0
12,29,0
24,40,0
11,29,0
28,39,0
6,11,0
17,45,0
26,19,0
5,38,0
9,27,0
42,42,0
21,23,0
48,17,0
27,49,0
20,27,0
6,17,0
38,18,0
11,33,0
36,20,0
5,10,0
4,23,0
39,25,0
49,18,0
38,27,0
20,2,0
21,41,0
34,46,0
32,16,0
25,38,0
18,21,0
30,26,0
45,13,0
26,33,0
45,39,0
34,4,0
21,40,0
32,42,0
22,18,0
22,34,0
42,17,0
8,29,0
15,36,0
12,45,0
30,12,0
45,39,0
48,30,0
30,17,0
33,48,0
24,7,0
30,20,0
18,43,0
21,24,0
16,2,0
32,40,0
3,19,0
25,14,0
44,18,0
38,11,0
18,25,0
30,36,0
39,5,0
28,15,0
18,5,0
18,16,0
30,5,0
5,12,0
30,33,0
45,22,0
22,45,0
39,21,0
6,19,0
32,38,0
40,22,0
31,15,0
18,19,0
29,18,0
38,21,0
47,21,0
20,13,0
40,41,0
7,39,0
40,43,0
11,41,0
25,24,0
43,22,0
20,39,0
36,33,0
44,37,0
20,14,0
29,39,0
20,38,0
23,42,0
42,35,0
26,27,0
45,23,0
19,5,0
18,28,0
11,21,0
15,22,0
27,30,0
34,10,0
30,44,0
32,14,0
19,6,0
37,19,0
22,9,0
17,39,0
24,39,0
27,1,0
14,14,0
8,41,0
43,15,0
29,25,0
38,9,0
26,37,0
48,32,0
7,23,0
8,37,0
34,28,0
16,39,0
21,29,0
42,34,0
41,26,0
19,5,0
29,33,0
29,45,0
4,37,0
36,30,0
11,15,0
9,36,0
19,32,0
38,27,0
33,23,0
36,32,0
21,5,0
31,5,0
16,19,0
25,46,0
36,8,0
21,29,0
32,43,0
9,37,0
3,22,0
1,21,0
16,10,0
33,13,0
45,15,0
22,43,0
12,16,0
41,34,0
37,11,0
33,18,0
20,4,0
5,36,0
29,43,0
39,24,0
14,45,0
6,36,0
34,7,0
29,34,0
22,25,0
11,23,0
22,49,0
26,47,0
35,18,0
26,25,0
22,36,0
44,14,0
14,7,0
15,13,0
48,34,0
31,41,0
28,22,0
27,24,0
39,35,0
39,22,0
3,15,0
12,40,0
26,45,0
12,42,0
28,25,0
47,29,0
38,9,0
23,19,0
25,16,0
15,21,0
9,36,0
21,40,0
24,22,0
16,9,0
35,29,0
31,48,0
21,41,0
3,25,0
19,30,0
46,29,0
10,32,0
19,30,0
12,8,0
27,5,0
133,35,1
146,38,1
152,19,1
173,37,1
173,36,1
140,10,1
145,22,1
164,19,1
141,9,1
136,12,1
163,33,1
142,46,1
156,30,1
144,25,1
179,21,1
170,5,1
176,24,1
131,32,1
162,33,1
159,17,1
148,10,1
160,31,1
136,18,1
134,22,1
156,10,1
140,7,1
144,46,1
153,22,1
160,4,1
167,15,1
148,16,1
143,26,1
149,11,1
157,17,1
151,35,1
164,44,1
161,29,1
149,32,1
164,47,1
172,43,1
146,22,1
150,12,1
176,19,1
171,32,1
174,37,1
145,16,1
140,42,1
142,14,1
166,25,1
149,25,1
135,32,1
162,34,1
154,9,1
166,11,1
165,16,1
145,7,1
147,26,1
175,40,1
150,25,1
136,18,1
164,36,1
148,31,1
151,30,1
134,36,1
165,29,1
155,21,1
140,11,1
174,11,1
165,8,1
131,31,1
164,4,1
132,22,1
153,4,1
160,35,1
143,21,1
172,24,1
139,25,1
169,36,1
165,29,1
132,25,1
162,9,1
161,17,1
158,14,1
154,17,1
159,41,1
143,21,1
155,50,1
170,10,1
166,45,1
152,27,1
146,22,1
176,21,1
165,23,1
137,12,1
170,18,1
139,42,1
166,45,1
136,21,1
152,28,1
138,12,1
168,44,1
151,28,1
153,28,1
148,49,1
165,37,1
155,22,1
155,24,1
150,40,1
176,26,1
144,34,1
157,32,1
149,33,1
154,37,1
140,25,1
162,12,1
163,24,1
138,16,1
175,20,1
159,8,1
168,32,1
163,33,1
136,9,1
167,24,1
145,22,1
159,22,1
152,31,1
172,36,1
155,2,1
153,49,1
139,24,1
149,28,1
172,20,1
158,13,1
177,21,1
137,34,1
137,41,1
146,36,1
153,27,1
144,13,1
152,12,1
142,44,1
133,17,1
144,25,1
164,40,1
142,42,1
135,19,1
158,13,1
144,13,1
163,40,1
132,32,1
140,41,1
158,9,1
169,25,1
170,32,1
171,14,1
167,39,1
152,42,1
149,13,1
177,15,1
154,3,1
133,20,1
148,15,1
171,29,1
149,36,1
152,14,1
179,27,1
173,19,1
162,40,1
160,32,1
170,29,1
141,42,1
142,30,1
142,22,1
169,29,1
158,32,1
151,23,1
140,35,1
131,28,1
155,39,1
153,35,1
137,40,1
155,18,1
155,3,1
159,49,1
179,27,1
160,36,1
157,49,1
137,40,1
143,6,1
152,25,1
167,45,1
149,10,1
151,2,1
173,14,1
153,23,1
158,36,1
155,42,1
169,9,1
176,28,1
145,32,1
176,24,1
159,35,1
175,27,1
168,10,1
151,34,1
152,9,1
179,23,1
169,16,1
143,40,1
157,8,1
158,15,1
150,31,1
140,36,1
132,19,1
146,11,1
153,19,1
171,10,1
138,11,1
167,6,1
137,38,1
155,26,1
132,30,1
171,42,1
158,42,1
159,21,1
140,42,1
149,10,1
138,8,1
153,12,1
157,47,1
160,44,1
166,27,1
158,11,1
146,15,1
133,30,1
137,33,1
142,5,1
168,31,1
141,22,1
148,38,1
136,39,1
174,26,1
166,30,1
160,10,1
151,35,1
164,10,1
160,9,1
166,23,1
170,36,1
159,33,1
