31,32,0
44,24,0
19,38,0
43,34,0
41,24,0
15,10,0
43,34,0
40,16,0
14,12,0
32,3,0
47,36,0
43,9,0
23,46,0
25,22,0
15,10,0
26,4,0
26,4,0
7,15,0
6,17,0
34,26,0
28,41,0
39,9,0
36,8,0
1,30,0
37,31,0
38,24,0
42,21,0
17,40,0
3,28,0
25,35,0
18,37,0
15,40,0
19,29,0
23,1,0
16,10,0
26,18,0
26,18,0
17,41,0
14,38,0
25,0,0
4,33,0
31,35,0
36,38,0
29,31,0
36,33,0
45,33,0
32,22,0
1,31,0
45,22,0
24,20,0
18,28,0
12,27,0
19,12,0
19,3,0
10,24,0
15,33,0
11,33,0
33,16,0
34,30,0
31,33,0
15,5,0
1,27,0
41,40,0
21,47,0
13,6,0
28,43,0
37,13,0
31,40,0
17,39,0
26,41,0
40,8,0
10,10,0
9,36,0
16,43,0
48,32,0
20,33,0
36,22,0
18,19,0
19,29,0
2,19,0
30,41,0
35,46,0
11,39,0
38,44,0
14,42,0
17,24,0
14,10,0
29,31,0
42,43,0
4,30,0
42,7,0
45,30,0
45,31,0
5,39,0
39,16,0
15,7,0
26,21,0
23,45,0
11,32,0
6,21,0
26,7,0
15,12,0
5,12,0
9,14,0
37,36,0
25,10,0
30,35,0
32,41,0
22,8,0
30,8,0
23,12,0
24,26,0
11,17,0
20,47,0
8,35,0
4,24,0
24,14,0
9,25,0
19,24,0
19,49,0
8,33,0
8,39,0
21,2,0
16,22,0
42,12,0
7,19,0
25,17,0
24,29,0
47,18,0
41,39,0
37,10,0
11,14,0
8,39,0
2,34,0
35,12,0
18,8,0
34,13,0
34,17,0
17,43,0
13,36,0
2,21,0
18,48,0
13,33,0
24,9,0
23,37,0
10,45,0
13,38,0
24,48,0
17,31,0
40,6,0
29,39,0
12,30,0
8,39,0
35,46,0
10,17,0
40,12,0
30,1,0
32,18,0
30,28,0
19,26,0
38,37,0
38,26,0
26,49,0
4,23,0
9,11,0
40,30,0
8,35,0
23,47,0
24,1,0
14,37,0
7,27,0
22,34,0
42,31,0
21,27,0
46,22,0
26,33,0
16,2,0
40,6,0
31,48,0
23,18,0
42,36,0
10,23,0
21,3,0
15,7,0
25,1,0
25,13,0
15,13,0
25,21,0
8,26,0
31,20,0
20,35,0
41,42,0
27,16,0
6,19,0
44,25,0
22,5,0
28,29,0
44,26,0
6,16,0
46,18,0
8,26,0
5,40,0
20,13,0
13,6,0
37,38,0
45,12,0
15,7,0
44,10,0
27,5,0
4,13,0
31,33,0
27,37,0
10,30,0
15,45,0
14,36,0
16,28,0
37,9,0
39,11,0
13,38,0
28,34,0
25,10,0
32,32,0
33,15,0
24,44,0
27,46,0
24,19,0
23,8,0
37,29,0
4,13,0
34,38,0
12,35,0
43,27,0
38,17,0
26,49,0
29,6,0
23,40,0
25,33,0
33,39,0
23,34,0
24,7,0
24,22,0
20,47,0
16,18,0
43,10,0
34,46,0
42,16,0
15,27,0
31,10,0
25,14,0
44,19,0
135,13,1
158,4,1
147,30,1
144,23,1
153,39,1
134,23,1
134,28,1
154,22,1
149,13,1
161,13,1
163,48,1
150,15,1
171,31,1
161,14,1
148,43,1
175,37,1
153,17,1
175,11,1
136,17,1
167,4,1
148,13,1
168,21,1
164,39,1
156,22,1
140,34,1
163,41,1
133,31,1
147,11,1
154,9,1
157,35,1
160,5,1
159,41,1
171,12,1
150,30,1
155,39,1
162,14,1
155,31,1
136,41,1
145,29,1
132,18,1
151,12,1
143,34,1
154,23,1
139,23,1
143,26,1
137,41,1
141,35,1
156,4,1
141,6,1
172,26,1
161,3,1
148,5,1
169,6,1
166,5,1
174,33,1
153,30,1
154,46,1
170,40,1
156,11,1
165,9,1
156,43,1
149,4,1
156,29,1
155,49,1
156,24,1
150,41,1
147,20,1
151,35,1
143,20,1
162,16,1
153,15,1
153,26,1
176,37,1
170,34,1
138,8,1
148,44,1
149,49,1
145,6,1
143,24,1
141,20,1
164,23,1
164,29,1
161,1,1
152,34,1
166,25,1
144,30,1
165,7,1
162,11,1
150,1,1
162,42,1
134,36,1
152,27,1
171,27,1
164,6,1
169,26,1
151,9,1
175,37,1
147,39,1
154,17,1
175,35,1
175,10,1
144,43,1
157,38,1
170,45,1
163,26,1
163,29,1
175,39,1
138,18,1
145,36,1
145,27,1
143,8,1
141,35,1
163,47,1
166,46,1
168,23,1
155,44,1
144,15,1
179,30,1
164,16,1
155,5,1
159,21,1
138,34,1
161,11,1
156,40,1
154,12,1
176,36,1
159,33,1
162,10,1
149,36,1
149,4,1
151,4,1
159,2,1
151,33,1
168,11,1
131,23,1
147,42,1
139,9,1
151,17,1
155,11,1
145,33,1
177,24,1
176,17,1
175,19,1
134,23,1
159,22,1
161,9,1
155,45,1
149,47,1
140,27,1
155,19,1
157,37,1
173,35,1
160,34,1
147,42,1
176,27,1
147,8,1
163,31,1
160,35,1
168,41,1
179,18,1
160,31,1
145,23,1
137,39,1
140,18,1
153,5,1
177,20,1
154,44,1
171,7,1
160,11,1
154,39,1
144,17,1
153,1,1
152,29,1
173,13,1
166,13,1
155,4,1
136,41,1
163,18,1
143,42,1
161,27,1
172,36,1
167,26,1
141,40,1
165,4,1
135,28,1
134,27,1
167,6,1
144,19,1
157,39,1
143,44,1
145,44,1
155,38,1
143,11,1
156,10,1
168,6,1
158,24,1
174,13,1
175,18,1
155,8,1
138,35,1
155,34,1
134,25,1
147,43,1
159,11,1
150,11,1
172,35,1
173,28,1
159,5,1
134,29,1
164,30,1
167,15,1
141,25,1
146,12,1
138,24,1
140,23,1
170,14,1
165,5,1
153,20,1
169,9,1
152,18,1
144,15,1
145,7,1
161,14,1
158,5,1
133,14,1
147,37,1
141,34,1
147,8,1
162,4,1
174,15,1
161,28,1
164,2,1
146,15,1
142,20,1
169,33,1
147,4,1
166,15,1
152,3,1
153,21,1
168,4,1
167,30,1
164,35,1
153,20,1
169,30,1
160,34,1
155,26,1
134,26,1
162,46,1
168,10,1
154,2,1
