45,16,0
14,7,0
20,47,0
26,30,0
6,22,0
19,2,0
41,7,0
46,36,0
5,36,0
42,16,0
28,25,0
22,26,0
45,15,0
27,39,0
28,36,0
8,15,0
8,43,0
26,47,0
6,18,0
12,37,0
4,35,0
22,29,0
21,26,0
44,33,0
46,17,0
30,11,0
19,23,0
18,36,0
45,30,0
7,22,0
6,20,0
29,15,0
49,21,0
19,22,0
11,29,0
40,30,0
31,27,0
27,25,0
41,18,0
4,37,0
11,26,0
29,1,0
39,36,0
31,36,0
45,13,0
6,27,0
28,22,0
33,44,0
38,26,0
31,11,0
29,45,0
8,16,0
19,44,0
15,37,0
40,27,0
37,9,0
12,33,0
13,29,0
16,20,0
19,26,0
46,31,0
21,25,0
23,32,0
9,37,0
25,12,0
40,21,0
21,43,0
32,47,0
44,31,0
27,42,0
34,45,0
34,32,0
23,42,0
20,24,0
24,13,0
41,44,0
49,24,0
46,16,0
31,5,0
16,42,0
10,17,0
45,38,0
13,41,0
28,41,0
24,29,0
25,41,0
23,7,0
14,18,0
14,38,0
10,16,0
27,5,0
23,13,0
15,28,0
26,33,0
24,16,0
31,23,0
27,38,0
23,40,0
16,32,0
17,45,0
44,27,0
37,25,0
43,18,0
16,28,0
33,2,0
41,10,0
28,8,0
20,44,0
22,14,0
49,31,0
12,34,0
27,8,0
6,20,0
8,26,0
2,23,0
35,31,0
4,33,0
19,6,0
35,15,0
18,10,0
9,15,0
17,17,0
23,22,0
38,14,0
23,37,0
45,26,0
30,32,0
9,32,0
24,16,0
26,35,0
40,42,0
31,15,0
40,26,0
32,44,0
49,25,0
13,36,0
16,18,0
19,4,0
35,7,0
25,1,0
22,40,0
16,43,0
38,39,0
4,15,0
12,7,0
14,11,0
36,11,0
13,15,0
15,20,0
28,41,0
12,25,0
29,4,0
16,34,0
33,33,0
28,43,0
29,46,0
21,34,0
16,7,0
39,22,0
35,27,0
37,7,0
37,20,0
26,2,0
48,32,0
25,44,0
37,32,0
4,23,0
18,16,0
41,40,0
41,27,0
34,10,0
23,12,0
46,32,0
23,1,0
14,10,0
18,47,0
26,45,0
36,3,0
16,42,0
3,23,0
42,31,0
5,14,0
47,34,0
36,18,0
33,34,0
34,36,0
39,38,0
23,41,0
24,14,0
29,46,0
14,44,0
9,28,0
5,35,0
42,34,0
23,49,0
33,45,0
14,37,0
45,33,0
8,27,0
21,10,0
33,37,0
7,12,0
13,23,0
7,19,0
36,15,0
13,31,0
30,25,0
22,31,0
33,43,0
17,8,0
13,20,0
5,19,0
14,18,0
42,37,0
17,17,0
23,27,0
40,31,0
9,23,0
31,39,0
6,9,0
36,21,0
8,34,0
41,25,0
16,21,0
30,3,0
45,12,0
30,5,0
9,44,0
18,7,0
34,42,0
4,34,0
29,29,0
24,49,0
20,16,0
26,32,0
18,35,0
40,8,0
6,23,0
45,21,0
46,23,0
18,27,0
23,38,0
13,8,0
16,2,0
16,32,0
43,32,0
22,14,0
29,30,0
47,16,0
36,17,0
137,14,1
148,39,1
145,30,1
155,13,1
142,21,1
126,20,1
138,24,1
139,25,1
158,20,1
145,46,1
139,38,1
154,19,1
145,17,1
139,13,1
152,16,1
165,11,1
168,27,1
151,36,1
151,15,1
167,23,1
141,38,1
132,9,1
128,13,1
154,15,1
127,31,1
145,16,1
138,49,1
144,41,1
138,15,1
136,35,1
146,4,1
152,17,1
156,29,1
159,40,1
128,38,1
144,4,1
167,33,1
138,20,1
146,38,1
125,39,1
139,23,1
136,11,1
150,25,1
135,40,1
136,4,1
165,13,1
128,41,1
157,26,1
138,37,1
140,17,1
144,24,1
153,36,1
133,33,1
147,31,1
165,39,1
152,29,1
154,8,1
163,30,1
149,47,1
149,38,1
160,22,1
133,16,1
131,7,1
123,28,1
128,42,1
123,14,1
138,41,1
147,43,1
148,32,1
150,18,1
163,15,1
144,42,1
156,10,1
158,6,1
156,24,1
167,26,1
149,18,1
146,25,1
133,39,1
163,40,1
134,13,1
128,19,1
134,22,1
162,43,1
124,23,1
123,21,1
165,13,1
142,9,1
131,20,1
125,14,1
126,12,1
127,40,1
152,43,1
147,19,1
140,44,1
126,39,1
148,44,1
153,30,1
142,39,1
150,3,1
132,44,1
148,26,1
149,45,1
136,12,1
147,49,1
129,25,1
138,22,1
127,37,1
146,2,1
157,32,1
121,31,1
124,27,1
145,19,1
135,44,1
169,19,1
130,13,1
151,9,1
135,34,1
133,41,1
145,25,1
147,34,1
133,34,1
134,33,1
127,20,1
145,8,1
134,34,1
169,19,1
123,14,1
165,22,1
124,32,1
163,31,1
132,34,1
157,25,1
137,21,1
125,32,1
121,24,1
164,17,1
154,22,1
158,15,1
140,46,1
157,5,1
149,49,1
152,3,1
124,17,1
166,29,1
154,6,1
164,13,1
148,3,1
140,13,1
143,8,1
151,2,1
158,25,1
163,29,1
126,25,1
154,32,1
128,30,1
123,31,1
144,8,1
159,26,1
141,16,1
156,30,1
168,30,1
154,48,1
157,29,1
158,22,1
153,31,1
139,42,1
158,37,1
123,31,1
152,25,1
162,32,1
164,12,1
137,22,1
147,20,1
133,37,1
155,14,1
148,18,1
139,17,1
131,31,1
153,10,1
147,20,1
167,23,1
167,20,1
149,43,1
154,36,1
148,19,1
156,9,1
142,24,1
145,16,1
141,39,1
149,43,1
147,26,1
149,5,1
161,40,1
149,9,1
151,44,1
135,35,1
154,11,1
141,18,1
144,18,1
165,38,1
154,12,1
136,29,1
141,25,1
159,21,1
134,6,1
165,17,1
158,13,1
153,24,1
156,20,1
154,23,1
157,15,1
165,27,1
166,24,1
130,41,1
144,48,1
149,3,1
124,35,1
143,38,1
154,25,1
141,30,1
128,35,1
161,40,1
130,12,1
150,21,1
159,22,1
139,12,1
142,46,1
140,4,1
152,29,1
155,39,1
140,40,1
135,20,1
147,32,1
147,24,1
124,22,1
135,36,1
163,37,1
129,44,1
143,1,1
151,39,1
142,11,1
159,11,1
143,26,1
144,16,1
163,9,1
133,9,1
151,28,1
134,6,1
128,31,1
