38,22,0
47,17,0
11,25,0
34,36,0
28,12,0
3,22,0
18,37,0
31,34,0
10,7,0
18,9,0
1,27,0
16,30,0
22,6,0
42,14,0
19,19,0
26,20,0
23,48,0
10,10,0
37,35,0
16,31,0
19,14,0
23,47,0
18,18,0
14,9,0
30,23,0
28,10,0
25,34,0
21,35,0
6,40,0
17,47,0
34,39,0
38,32,0
36,40,0
38,9,0
34,7,0
8,14,0
10,20,0
27,49,0
41,21,0
29,20,0
45,39,0
40,14,0
16,36,0
23,39,0
15,36,0
36,28,0
18,45,0
30,28,0
17,30,0
25,2,0
33,41,0
39,6,0
29,26,0
28,2,0
39,24,0
15,34,0
13,26,0
13,22,0
20,11,0
37,22,0
37,31,0
16,2,0
25,27,0
28,1,0
7,26,0
11,11,0
28,32,0
28,9,0
5,11,0
1,21,0
13,42,0
19,25,0
19,29,0
11,16,0
29,13,0
41,7,0
19,7,0
33,35,0
21,5,0
17,44,0
21,21,0
41,15,0
14,29,0
28,35,0
46,23,0
23,27,0
33,41,0
13,6,0
9,11,0
7,24,0
24,7,0
13,21,0
21,42,0
5,18,0
1,18,0
22,32,0
38,44,0
24,10,0
40,44,0
25,4,0
8,27,0
19,19,0
17,15,0
31,2,0
23,25,0
24,12,0
49,26,0
2,29,0
20,12,0
32,48,0
39,14,0
40,26,0
32,23,0
23,13,0
18,20,0
11,38,0
25,15,0
15,32,0
24,18,0
24,16,0
23,19,0
48,27,0
10,36,0
30,31,0
31,36,0
26,22,0
13,22,0
18,36,0
22,32,0
40,35,0
15,10,0
19,34,0
44,35,0
41,23,0
46,30,0
22,23,0
19,23,0
4,17,0
11,16,0
26,37,0
28,45,0
32,36,0
11,15,0
24,44,0
14,8,0
11,21,0
32,30,0
10,11,0
40,30,0
41,39,0
38,24,0
15,42,0
25,48,0
16,9,0
40,37,0
20,10,0
6,14,0
13,35,0
35,44,0
14,32,0
35,20,0
30,9,0
18,14,0
16,10,0
14,44,0
37,24,0
46,25,0
46,24,0
22,19,0
22,7,0
13,24,0
1,28,0
18,48,0
32,43,0
29,34,0
17,46,0
37,29,0
28,35,0
33,48,0
45,10,0
29,20,0
48,21,0
29,49,0
27,2,0
27,9,0
21,9,0
33,34,0
11,34,0
26,43,0
25,38,0
10,40,0
13,33,0
11,23,0
3,30,0
20,14,0
46,15,0
25,48,0
44,12,0
30,30,0
9,25,0
23,47,0
24,38,0
22,13,0
38,14,0
40,17,0
41,23,0
19,36,0
25,38,0
25,5,0
38,4,0
24,2,0
32,46,0
13,12,0
8,28,0
34,13,0
37,39,0
33,11,0
39,33,0
28,27,0
21,29,0
49,18,0
18,46,0
24,19,0
15,33,0
17,41,0
32,47,0
42,12,0
40,30,0
39,18,0
13,35,0
29,19,0
32,4,0
30,3,0
7,10,0
25,49,0
37,7,0
21,4,0
7,17,0
32,33,0
35,7,0
22,37,0
32,11,0
33,23,0
17,36,0
20,48,0
32,37,0
31,49,0
5,31,0
33,23,0
9,24,0
126,35,1
155,16,1
124,27,1
149,47,1
147,48,1
169,31,1
166,31,1
122,33,1
164,12,1
143,24,1
164,40,1
124,30,1
149,4,1
148,4,1
125,18,1
143,44,1
136,40,1
141,43,1
160,33,1
144,24,1
142,28,1
150,45,1
144,28,1
169,27,1
131,30,1
158,46,1
144,36,1
152,34,1
135,44,1
150,38,1
152,45,1
164,15,1
124,23,1
145,11,1
138,44,1
157,9,1
129,31,1
135,35,1
152,35,1
153,43,1
148,22,1
144,5,1
149,15,1
143,11,1
131,32,1
159,41,1
152,49,1
151,34,1
132,29,1
132,31,1
129,20,1
163,30,1
142,43,1
166,21,1
158,42,1
148,13,1
139,30,1
152,23,1
135,41,1
166,37,1
150,32,1
153,42,1
165,17,1
124,32,1
134,18,1
134,33,1
152,42,1
158,11,1
169,19,1
135,6,1
160,27,1
130,45,1
152,23,1
151,5,1
160,15,1
147,9,1
159,9,1
139,1,1
132,26,1
158,10,1
148,4,1
161,41,1
137,25,1
135,5,1
155,20,1
126,30,1
126,31,1
143,49,1
156,14,1
135,14,1
143,6,1
158,22,1
144,49,1
137,44,1
145,36,1
160,32,1
160,20,1
164,36,1
166,22,1
146,15,1
149,42,1
128,32,1
136,8,1
164,36,1
161,15,1
141,32,1
143,45,1
163,15,1
131,38,1
141,13,1
146,5,1
163,30,1
160,18,1
123,24,1
134,45,1
145,28,1
143,40,1
139,18,1
142,42,1
149,35,1
153,40,1
161,6,1
131,13,1
163,34,1
169,20,1
154,26,1
126,40,1
156,38,1
150,6,1
153,18,1
139,7,1
144,28,1
135,46,1
128,35,1
168,32,1
151,16,1
124,17,1
156,32,1
152,1,1
123,16,1
156,36,1
126,33,1
153,27,1
124,33,1
152,12,1
123,32,1
157,35,1
147,25,1
144,45,1
145,19,1
164,29,1
138,28,1
148,20,1
153,4,1
137,3,1
144,21,1
162,40,1
135,22,1
157,13,1
149,14,1
131,27,1
147,2,1
144,29,1
127,23,1
135,6,1
142,36,1
144,33,1
143,42,1
156,15,1
140,45,1
157,36,1
142,7,1
146,19,1
139,8,1
134,46,1
127,28,1
127,37,1
168,18,1
129,17,1
125,29,1
161,44,1
156,39,1
149,34,1
131,7,1
148,24,1
142,41,1
168,29,1
140,16,1
158,40,1
150,14,1
152,24,1
140,49,1
134,8,1
142,1,1
152,15,1
128,31,1
164,16,1
152,32,1
137,19,1
152,49,1
155,12,1
165,37,1
156,23,1
141,42,1
124,37,1
148,21,1
142,49,1
159,13,1
166,27,1
163,10,1
161,19,1
165,16,1
139,46,1
124,37,1
159,36,1
133,21,1
129,41,1
139,21,1
126,19,1
155,47,1
128,14,1
146,43,1
138,34,1
157,21,1
125,19,1
126,13,1
143,31,1
131,25,1
152,22,1
152,6,1
168,27,1
140,30,1
147,18,1
134,43,1
165,10,1
160,20,1
128,21,1
135,6,1
133,21,1
129,9,1
124,36,1
151,35,1
126,18,1
146,18,1
135,15,1
161,9,1
160,10,1
135,17,1
154,27,1
158,29,1
