24,40,0
16,19,0
17,47,0
15,16,0
42,40,0
27,14,0
41,11,0
7,10,0
9,22,0
37,44,0
23,16,0
15,46,0
31,32,0
15,43,0
46,26,0
10,19,0
25,25,0
19,12,0
25,26,0
28,33,0
38,29,0
12,14,0
35,14,0
31,8,0
26,25,0
40,5,0
18,47,0
1,28,0
19,28,0
25,22,0
45,31,0
25,32,0
46,26,0
8,19,0
41,42,0
28,33,0
43,24,0
26,23,0
29,45,0
7,34,0
39,20,0
8,36,0
32,27,0
29,12,0
17,3,0
39,31,0
20,33,0
9,28,0
15,40,0
36,28,0
5,14,0
18,30,0
40,22,0
20,21,0
27,21,0
28,20,0
7,17,0
37,24,0
2,20,0
8,14,0
40,24,0
21,21,0
12,23,0
9,27,0
35,20,0
46,16,0
40,12,0
30,42,0
30,14,0
33,25,0
47,19,0
20,11,0
41,16,0
44,28,0
38,26,0
34,10,0
44,21,0
23,26,0
2,34,0
34,20,0
23,48,0
27,24,0
15,19,0
41,17,0
50,25,0
40,35,0
12,6,0
9,33,0
39,18,0
33,8,0
33,36,0
45,24,0
42,28,0
19,43,0
7,15,0
25,12,0
10,16,0
26,28,0
27,8,0
19,7,0
13,31,0
12,20,0
10,29,0
40,43,0
5,27,0
33,15,0
45,38,0
36,13,0
32,15,0
20,1,0
26,22,0
32,47,0
32,10,0
25,23,0
39,12,0
28,13,0
9,29,0
33,17,0
29,29,0
24,35,0
23,39,0
42,21,0
40,20,0
20,27,0
14,18,0
28,38,0
29,32,0
46,20,0
8,30,0
17,41,0
19,2,0
28,5,0
7,34,0
29,10,0
8,7,0
26,5,0
34,14,0
39,11,0
19,19,0
8,34,0
29,29,0
14,7,0
32,16,0
31,2,0
1,32,0
10,21,0
17,31,0
26,25,0
44,15,0
21,47,0
38,20,0
9,21,0
8,10,0
21,1,0
41,7,0
16,12,0
35,26,0
6,39,0
12,19,0
17,12,0
37,29,0
19,20,0
22,18,0
16,44,0
36,19,0
19,10,0
40,35,0
9,28,0
7,22,0
32,24,0
12,32,0
13,29,0
18,26,0
26,26,0
24,5,0
37,5,0
13,41,0
34,24,0
34,8,0
32,7,0
27,40,0
18,14,0
22,4,0
24,34,0
38,21,0
15,30,0
12,16,0
8,13,0
47,29,0
20,39,0
8,14,0
31,33,0
41,13,0
12,12,0
23,35,0
33,48,0
26,31,0
7,39,0
26,27,0
45,22,0
33,13,0
35,10,0
10,23,0
12,40,0
41,35,0
35,39,0
39,5,0
8,33,0
16,15,0
28,12,0
49,31,0
12,39,0
21,2,0
47,33,0
38,44,0
38,43,0
38,43,0
20,42,0
24,22,0
41,43,0
27,15,0
38,33,0
18,48,0
36,15,0
33,21,0
16,18,0
47,30,0
12,40,0
40,21,0
42,21,0
45,14,0
27,11,0
29,25,0
23,12,0
39,8,0
48,34,0
4,34,0
36,11,0
11,15,0
25,30,0
50,25,0
49,19,0
17,22,0
27,45,0
44,30,0
31,22,0
29,29,0
33,23,0
16,26,0
18,44,0
147,12,1
128,27,1
137,33,1
149,20,1
149,34,1
129,14,1
131,35,1
145,15,1
152,46,1
158,18,1
161,33,1
161,42,1
162,10,1
129,39,1
157,18,1
122,34,1
153,47,1
131,17,1
147,43,1
128,9,1
135,18,1
140,28,1
138,33,1
150,13,1
135,10,1
150,37,1
142,49,1
169,27,1
126,23,1
150,45,1
154,11,1
141,17,1
158,33,1
155,45,1
159,41,1
122,31,1
135,37,1
159,14,1
153,42,1
168,27,1
162,20,1
141,1,1
166,18,1
127,23,1
154,4,1
147,14,1
155,20,1
167,30,1
137,45,1
153,45,1
156,20,1
131,30,1
126,19,1
141,10,1
165,30,1
128,13,1
159,41,1
134,16,1
132,5,1
150,14,1
159,27,1
143,22,1
159,11,1
140,41,1
123,14,1
159,15,1
143,41,1
132,27,1
138,22,1
156,18,1
150,11,1
169,29,1
158,38,1
141,26,1
165,36,1
133,37,1
148,29,1
133,26,1
158,14,1
169,30,1
158,8,1
147,8,1
121,30,1
137,14,1
157,39,1
149,26,1
142,34,1
128,19,1
137,47,1
139,2,1
166,27,1
142,22,1
156,38,1
125,40,1
140,32,1
124,12,1
166,27,1
138,29,1
154,31,1
159,33,1
152,41,1
138,2,1
154,48,1
140,47,1
125,38,1
157,26,1
130,17,1
157,41,1
143,20,1
127,16,1
162,30,1
129,35,1
141,35,1
158,9,1
158,15,1
137,29,1
162,42,1
145,39,1
134,39,1
139,42,1
132,7,1
130,44,1
133,27,1
127,26,1
158,9,1
138,16,1
157,19,1
142,43,1
154,7,1
130,14,1
135,6,1
156,18,1
152,40,1
138,46,1
126,11,1
163,32,1
162,37,1
159,24,1
121,19,1
148,34,1
142,9,1
147,36,1
157,4,1
147,17,1
131,24,1
138,9,1
125,25,1
154,21,1
135,5,1
124,21,1
140,10,1
163,33,1
143,1,1
152,42,1
153,26,1
148,49,1
141,9,1
157,30,1
134,23,1
140,22,1
134,45,1
162,7,1
139,43,1
139,25,1
161,18,1
152,42,1
147,25,1
149,40,1
144,30,1
154,11,1
132,20,1
129,36,1
136,8,1
152,22,1
159,5,1
155,20,1
161,28,1
137,22,1
122,27,1
158,6,1
129,12,1
151,12,1
146,46,1
150,35,1
164,16,1
133,33,1
152,18,1
125,16,1
130,20,1
146,35,1
125,16,1
129,30,1
158,37,1
148,29,1
125,31,1
150,16,1
136,43,1
156,42,1
166,29,1
132,31,1
124,22,1
145,32,1
128,19,1
150,4,1
130,43,1
159,17,1
132,20,1
135,37,1
152,44,1
133,7,1
163,39,1
158,19,1
164,10,1
147,20,1
164,9,1
122,19,1
129,14,1
166,12,1
130,23,1
141,39,1
134,7,1
149,24,1
156,26,1
140,25,1
141,43,1
140,44,1
140,44,1
140,47,1
163,31,1
141,7,1
135,33,1
149,25,1
156,38,1
148,31,1
143,21,1
156,23,1
152,49,1
162,11,1
133,38,1
168,26,1
152,40,1
141,35,1
141,27,1
164,28,1
145,20,1
161,29,1
159,44,1
163,17,1
146,18,1
126,13,1
