17,17,0
13,10,0
43,18,0
9,43,0
38,9,0
20,44,0
26,43,0
20,17,0
31,49,0
21,6,0
44,9,0
26,18,0
29,1,0
39,17,0
17,48,0
32,23,0
39,42,0
8,26,0
40,19,0
8,20,0
39,5,0
16,22,0
46,36,0
33,12,0
15,24,0
47,23,0
45,28,0
30,20,0
3,33,0
11,23,0
34,23,0
5,28,0
42,27,0
31,43,0
47,15,0
34,10,0
8,41,0
20,3,0
33,23,0
40,8,0
37,16,0
46,30,0
15,30,0
20,47,0
39,17,0
19,6,0
32,25,0
13,27,0
18,42,0
26,42,0
22,19,0
24,13,0
40,45,0
37,44,0
28,32,0
8,40,0
44,34,0
35,5,0
8,7,0
19,38,0
36,17,0
5,12,0
6,13,0
45,37,0
26,47,0
10,8,0
21,14,0
38,28,0
24,5,0
24,12,0
45,37,0
45,39,0
19,29,0
34,45,0
23,11,0
38,4,0
6,14,0
42,20,0
40,26,0
32,30,0
26,8,0
33,13,0
44,9,0
36,47,0
29,16,0
4,23,0
25,31,0
28,41,0
31,20,0
9,20,0
35,47,0
18,4,0
39,31,0
4,30,0
8,38,0
36,33,0
35,22,0
24,26,0
21,29,0
35,30,0
43,26,0
8,25,0
31,45,0
25,4,0
46,37,0
11,9,0
13,41,0
23,1,0
15,6,0
40,29,0
1,22,0
30,39,0
47,24,0
38,15,0
36,14,0
25,2,0
42,25,0
9,24,0
41,34,0
17,28,0
2,31,0
35,19,0
34,41,0
41,27,0
5,12,0
9,19,0
22,49,0
6,40,0
15,42,0
23,25,0
38,36,0
31,42,0
48,20,0
42,10,0
42,24,0
37,28,0
26,9,0
31,5,0
14,46,0
24,24,0
46,32,0
37,9,0
29,16,0
40,8,0
23,1,0
36,46,0
4,38,0
32,33,0
15,34,0
33,19,0
15,32,0
18,25,0
42,20,0
23,19,0
6,38,0
18,2,0
45,31,0
9,16,0
8,10,0
4,18,0
47,21,0
37,34,0
24,20,0
3,17,0
25,0,0
7,11,0
29,30,0
35,28,0
24,13,0
16,25,0
32,35,0
33,24,0
16,24,0
28,14,0
28,25,0
26,39,0
38,9,0
21,8,0
19,35,0
27,42,0
40,7,0
14,42,0
11,25,0
8,15,0
47,34,0
17,37,0
30,46,0
40,40,0
7,28,0
22,5,0
43,36,0
39,7,0
13,9,0
40,19,0
4,23,0
16,39,0
29,20,0
3,26,0
26,34,0
29,46,0
45,39,0
23,40,0
28,49,0
16,5,0
12,25,0
33,14,0
39,5,0
11,37,0
34,47,0
33,14,0
20,9,0
46,17,0
33,36,0
21,15,0
25,13,0
45,29,0
26,30,0
4,18,0
44,30,0
11,10,0
26,37,0
34,24,0
25,15,0
4,13,0
43,10,0
41,18,0
13,36,0
30,15,0
15,41,0
21,48,0
15,23,0
35,19,0
19,19,0
27,34,0
3,32,0
16,44,0
14,13,0
24,14,0
12,30,0
43,16,0
19,35,0
45,39,0
33,33,0
33,5,0
12,5,0
3,26,0
37,28,0
35,10,0
36,24,0
11,43,0
326,14,1
283,28,1
318,35,1
299,27,1
318,26,1
298,40,1
321,31,1
298,21,1
314,32,1
308,35,1
298,32,1
309,23,1
291,18,1
312,33,1
319,31,1
289,43,1
306,4,1
285,27,1
313,11,1
298,6,1
289,41,1
311,33,1
294,31,1
310,19,1
300,11,1
288,33,1
313,37,1
316,17,1
316,3,1
306,12,1
319,41,1
319,43,1
312,34,1
314,23,1
304,12,1
330,25,1
308,49,1
323,11,1
295,18,1
312,2,1
328,28,1
306,35,1
306,22,1
323,25,1
293,35,1
318,33,1
312,48,1
307,32,1
301,43,1
316,35,1
299,49,1
310,14,1
304,47,1
292,4,1
314,5,1
303,46,1
328,27,1
316,20,1
314,10,1
304,3,1
311,10,1
283,14,1
313,6,1
302,39,1
313,36,1
306,10,1
317,44,1
312,7,1
288,14,1
311,16,1
304,24,1
319,27,1
318,6,1
326,26,1
297,27,1
295,37,1
313,28,1
315,31,1
307,7,1
304,20,1
326,26,1
300,4,1
291,25,1
320,17,1
303,44,1
301,2,1
313,31,1
300,2,1
291,35,1
302,14,1
319,34,1
295,7,1
307,16,1
305,9,1
300,36,1
311,41,1
296,2,1
326,17,1
286,30,1
315,13,1
288,39,1
320,7,1
292,33,1
295,19,1
324,31,1
286,29,1
287,35,1
317,18,1
308,25,1
314,43,1
314,37,1
290,11,1
305,6,1
289,38,1
315,42,1
314,5,1
311,36,1
312,15,1
317,36,1
311,41,1
308,48,1
323,12,1
307,31,1
281,18,1
322,23,1
307,3,1
291,40,1
296,28,1
311,48,1
299,22,1
312,10,1
304,19,1
314,39,1
323,18,1
291,30,1
300,6,1
288,38,1
302,35,1
287,31,1
309,4,1
319,12,1
311,4,1
317,26,1
306,34,1
303,13,1
293,13,1
329,29,1
297,16,1
293,4,1
305,0,1
287,26,1
311,11,1
313,5,1
300,44,1
322,27,1
295,21,1
303,28,1
326,26,1
293,32,1
322,32,1
293,39,1
302,5,1
318,21,1
305,32,1
320,10,1
321,25,1
297,9,1
322,42,1
291,29,1
304,26,1
318,5,1
310,27,1
303,26,1
310,41,1
328,16,1
297,43,1
306,33,1
281,26,1
316,43,1
290,31,1
329,32,1
305,39,1
319,25,1
309,31,1
288,9,1
325,38,1
323,31,1
312,31,1
317,45,1
289,10,1
297,44,1
304,2,1
298,12,1
282,20,1
305,40,1
310,29,1
306,15,1
320,33,1
283,28,1
297,32,1
327,29,1
316,28,1
329,27,1
316,37,1
291,10,1
293,41,1
290,31,1
304,47,1
321,23,1
293,34,1
323,20,1
313,27,1
295,44,1
289,14,1
304,4,1
311,18,1
310,2,1
286,32,1
312,23,1
289,40,1
312,33,1
303,5,1
297,45,1
301,34,1
325,16,1
294,47,1
293,24,1
301,17,1
314,31,1
294,23,1
307,13,1
324,11,1
299,45,1
303,21,1
323,11,1
294,44,1
310,38,1
306,4,1
302,3,1
311,33,1
324,13,1
311,25,1
293,11,1
298,43,1
314,32,1
282,27,1
313,36,1
312,39,1
309,49,1
322,9,1
