29,42,0
22,18,0
46,16,0
46,25,0
36,16,0
35,11,0
41,31,0
40,8,0
14,31,0
16,29,0
18,44,0
18,9,0
9,8,0
28,23,0
25,7,0
25,43,0
6,36,0
41,37,0
25,34,0
13,43,0
17,31,0
42,31,0
10,10,0
11,15,0
45,30,0
28,15,0
27,35,0
17,32,0
30,32,0
5,35,0
23,38,0
8,32,0
42,31,0
20,11,0
39,12,0
18,39,0
40,32,0
38,7,0
36,17,0
26,22,0
29,14,0
20,47,0
35,25,0
34,4,0
34,46,0
30,9,0
27,13,0
27,46,0
15,30,0
14,20,0
38,8,0
45,25,0
29,33,0
20,23,0
7,40,0
20,49,0
41,17,0
3,17,0
24,3,0
21,27,0
21,4,0
8,25,0
22,24,0
40,23,0
36,11,0
18,16,0
11,17,0
30,35,0
6,28,0
22,6,0
26,34,0
20,34,0
3,35,0
16,24,0
6,32,0
29,20,0
6,32,0
47,14,0
29,14,0
9,26,0
43,34,0
41,29,0
8,15,0
43,42,0
42,11,0
42,32,0
32,47,0
45,23,0
8,42,0
18,21,0
13,24,0
19,15,0
49,20,0
40,44,0
27,2,0
29,4,0
15,3,0
38,40,0
26,40,0
32,49,0
6,36,0
30,9,0
37,14,0
38,18,0
16,6,0
4,14,0
46,20,0
26,47,0
20,23,0
28,30,0
40,30,0
49,31,0
9,12,0
15,42,0
16,42,0
35,37,0
11,18,0
39,18,0
11,30,0
4,33,0
12,7,0
12,15,0
19,21,0
24,6,0
32,12,0
32,14,0
38,39,0
41,24,0
16,47,0
19,45,0
34,5,0
43,28,0
24,15,0
21,41,0
18,15,0
33,10,0
45,13,0
4,22,0
36,11,0
40,32,0
34,25,0
21,48,0
10,8,0
20,48,0
20,46,0
21,22,0
8,14,0
42,18,0
49,24,0
48,33,0
18,19,0
40,30,0
7,29,0
9,10,0
37,40,0
26,37,0
19,37,0
30,3,0
29,29,0
23,14,0
21,41,0
6,34,0
44,15,0
33,20,0
33,23,0
26,21,0
30,39,0
15,24,0
17,38,0
19,17,0
11,21,0
10,38,0
21,14,0
13,38,0
29,26,0
30,18,0
23,4,0
32,14,0
19,49,0
35,31,0
44,36,0
10,21,0
31,34,0
44,19,0
11,29,0
5,32,0
16,30,0
12,12,0
44,30,0
4,17,0
4,12,0
7,32,0
7,15,0
32,40,0
34,31,0
28,37,0
20,25,0
17,46,0
26,43,0
25,42,0
43,8,0
15,20,0
25,5,0
21,1,0
38,32,0
29,41,0
11,36,0
25,40,0
34,47,0
9,23,0
26,48,0
31,35,0
33,20,0
12,25,0
21,33,0
39,27,0
22,4,0
23,38,0
26,35,0
5,21,0
45,28,0
39,37,0
31,21,0
3,22,0
20,44,0
19,26,0
40,31,0
7,25,0
29,25,0
10,39,0
3,23,0
31,3,0
40,24,0
18,35,0
44,37,0
12,34,0
19,33,0
25,43,0
30,6,0
29,6,0
47,15,0
5,37,0
38,6,0
22,6,0
29,48,0
28,44,0
46,28,0
6,16,0
16,19,0
38,10,0
123,25,1
133,28,1
110,27,1
122,14,1
138,18,1
149,30,1
142,43,1
107,19,1
136,10,1
145,23,1
135,18,1
143,9,1
122,48,1
108,42,1
110,10,1
109,41,1
141,18,1
131,25,1
119,49,1
125,23,1
144,21,1
135,33,1
132,29,1
134,22,1
130,5,1
140,33,1
124,12,1
104,27,1
120,26,1
138,30,1
133,28,1
106,29,1
120,46,1
119,17,1
140,18,1
132,18,1
127,24,1
138,9,1
126,18,1
137,46,1
106,21,1
118,3,1
106,30,1
143,24,1
139,41,1
114,24,1
147,36,1
124,19,1
132,7,1
120,38,1
141,36,1
102,16,1
138,23,1
132,32,1
142,16,1
117,13,1
120,22,1
122,35,1
125,29,1
108,43,1
121,5,1
138,43,1
134,15,1
110,5,1
120,12,1
137,15,1
109,42,1
115,26,1
124,40,1
124,4,1
135,3,1
144,13,1
137,36,1
117,21,1
120,44,1
108,21,1
110,31,1
139,39,1
112,5,1
115,47,1
134,32,1
112,35,1
147,33,1
142,20,1
126,43,1
126,18,1
121,4,1
114,32,1
103,14,1
138,44,1
133,44,1
145,38,1
101,20,1
133,25,1
114,21,1
115,10,1
115,13,1
125,9,1
122,44,1
118,7,1
133,12,1
104,34,1
125,26,1
109,13,1
109,33,1
127,47,1
141,26,1
134,21,1
102,29,1
132,31,1
135,17,1
127,9,1
106,11,1
118,37,1
122,16,1
103,14,1
133,30,1
149,26,1
132,47,1
110,22,1
133,9,1
143,42,1
109,25,1
120,23,1
112,5,1
127,8,1
116,38,1
137,21,1
121,31,1
128,10,1
133,12,1
114,14,1
103,17,1
137,42,1
114,13,1
127,17,1
108,27,1
107,39,1
109,29,1
108,29,1
134,47,1
120,40,1
121,14,1
137,43,1
111,14,1
113,32,1
127,19,1
103,16,1
104,33,1
130,37,1
135,22,1
148,26,1
125,21,1
135,20,1
118,6,1
116,13,1
127,15,1
112,46,1
139,24,1
142,11,1
110,6,1
113,28,1
116,36,1
120,24,1
120,39,1
132,7,1
110,20,1
116,11,1
129,43,1
109,22,1
139,44,1
141,8,1
148,21,1
128,1,1
130,19,1
129,37,1
126,38,1
134,2,1
122,35,1
103,36,1
103,21,1
118,16,1
129,30,1
132,24,1
136,4,1
148,33,1
107,25,1
116,18,1
133,17,1
104,31,1
114,8,1
112,42,1
148,29,1
131,33,1
128,15,1
136,22,1
115,46,1
128,35,1
121,28,1
143,15,1
102,31,1
147,30,1
113,32,1
140,44,1
136,27,1
102,18,1
116,27,1
132,33,1
102,20,1
124,14,1
137,17,1
111,40,1
113,24,1
120,11,1
115,38,1
147,18,1
137,28,1
123,28,1
144,33,1
141,10,1
138,15,1
134,3,1
115,29,1
140,28,1
127,29,1
117,9,1
123,17,1
126,13,1
117,8,1
108,24,1
115,33,1
128,12,1
119,17,1
135,7,1
144,18,1
124,30,1
131,49,1
113,44,1
110,6,1
147,16,1
132,49,1
116,14,1
128,13,1
125,41,1
132,49,1
142,21,1
137,44,1
113,17,1
137,23,1
110,31,1
