23,3,0
37,4,0
10,43,0
4,36,0
20,18,0
14,36,0
45,18,0
22,5,0
17,12,0
18,35,0
32,17,0
24,4,0
32,37,0
47,22,0
48,18,0
4,21,0
26,46,0
19,5,0
13,33,0
5,23,0
19,2,0
3,15,0
37,6,0
39,9,0
30,25,0
8,20,0
44,32,0
26,15,0
41,13,0
26,27,0
33,22,0
21,44,0
23,30,0
31,14,0
24,29,0
12,13,0
40,11,0
39,14,0
37,30,0
31,25,0
24,2,0
33,39,0
27,11,0
45,26,0
19,29,0
13,46,0
3,19,0
11,6,0
35,30,0
5,32,0
13,41,0
24,5,0
32,29,0
38,10,0
22,18,0
44,21,0
48,31,0
35,22,0
43,24,0
11,6,0
21,26,0
28,27,0
40,29,0
30,26,0
27,6,0
26,4,0
14,47,0
35,23,0
22,5,0
34,19,0
14,35,0
8,24,0
26,29,0
17,17,0
11,43,0
37,17,0
8,38,0
38,46,0
2,27,0
47,15,0
1,29,0
29,14,0
13,15,0
38,42,0
23,25,0
26,24,0
28,37,0
8,26,0
35,31,0
23,4,0
5,28,0
22,48,0
40,24,0
38,31,0
34,15,0
45,33,0
37,21,0
34,20,0
17,8,0
6,16,0
10,44,0
39,44,0
24,17,0
40,42,0
18,42,0
41,41,0
3,21,0
36,14,0
19,42,0
46,36,0
22,42,0
28,6,0
47,32,0
36,16,0
26,19,0
20,33,0
43,13,0
43,31,0
40,11,0
25,17,0
20,7,0
44,21,0
28,46,0
38,20,0
16,25,0
28,30,0
48,22,0
8,31,0
27,43,0
8,35,0
32,6,0
38,38,0
33,29,0
20,47,0
8,43,0
27,47,0
31,34,0
40,21,0
31,22,0
32,33,0
19,29,0
41,24,0
42,21,0
10,44,0
13,14,0
0,25,0
37,44,0
24,41,0
9,25,0
18,41,0
22,29,0
18,41,0
4,35,0
18,4,0
32,49,0
17,39,0
25,50,0
28,34,0
13,8,0
32,31,0
17,5,0
31,3,0
24,49,0
20,31,0
15,39,0
10,17,0
28,48,0
30,37,0
36,30,0
36,12,0
29,4,0
30,4,0
30,4,0
40,38,0
19,29,0
6,16,0
38,44,0
35,47,0
12,25,0
36,30,0
21,13,0
21,46,0
45,15,0
27,3,0
3,26,0
23,3,0
26,3,0
6,14,0
9,14,0
27,11,0
10,19,0
26,2,0
39,18,0
41,8,0
24,15,0
43,15,0
26,37,0
10,21,0
17,46,0
26,30,0
25,20,0
30,32,0
10,26,0
34,3,0
29,43,0
27,9,0
21,16,0
45,32,0
27,29,0
27,48,0
31,27,0
9,18,0
25,16,0
18,3,0
11,5,0
39,10,0
42,32,0
30,36,0
24,1,0
41,43,0
31,49,0
28,42,0
6,37,0
16,39,0
25,24,0
36,18,0
33,22,0
49,32,0
23,17,0
31,46,0
45,20,0
34,10,0
11,35,0
12,4,0
14,44,0
44,11,0
42,19,0
34,25,0
26,34,0
22,8,0
38,30,0
12,23,0
39,38,0
16,18,0
37,9,0
13,12,0
46,23,0
41,40,0
11,44,0
4,38,0
137,25,1
114,39,1
128,11,1
109,18,1
127,45,1
132,22,1
105,26,1
116,6,1
111,25,1
121,5,1
140,10,1
123,45,1
143,12,1
143,39,1
120,13,1
102,24,1
113,37,1
148,18,1
111,45,1
117,23,1
145,27,1
114,10,1
104,35,1
114,37,1
130,37,1
122,14,1
126,38,1
107,34,1
109,16,1
114,16,1
120,24,1
110,21,1
137,37,1
126,28,1
130,48,1
116,31,1
106,25,1
124,21,1
110,45,1
141,15,1
107,42,1
127,1,1
117,38,1
133,38,1
113,45,1
142,8,1
123,41,1
103,27,1
143,13,1
119,17,1
109,38,1
114,19,1
133,8,1
128,22,1
123,37,1
121,1,1
121,5,1
111,17,1
124,13,1
130,3,1
128,11,1
129,8,1
124,43,1
127,45,1
109,37,1
112,5,1
122,45,1
134,32,1
139,14,1
105,28,1
136,15,1
120,14,1
106,31,1
138,27,1
116,42,1
127,48,1
130,40,1
127,43,1
126,3,1
102,33,1
124,17,1
106,25,1
141,8,1
133,48,1
133,9,1
111,21,1
145,30,1
140,17,1
108,21,1
124,30,1
135,4,1
128,8,1
107,29,1
120,19,1
111,7,1
129,42,1
141,27,1
133,34,1
126,40,1
142,9,1
133,42,1
141,22,1
106,9,1
131,29,1
120,49,1
119,11,1
135,24,1
140,11,1
134,44,1
139,24,1
119,46,1
121,10,1
141,13,1
124,12,1
138,22,1
133,8,1
144,14,1
115,43,1
130,29,1
123,22,1
133,28,1
140,13,1
103,28,1
108,24,1
139,6,1
136,34,1
107,11,1
123,17,1
127,41,1
125,48,1
118,29,1
102,33,1
115,39,1
128,3,1
127,17,1
137,42,1
107,26,1
119,8,1
119,32,1
124,26,1
140,45,1
128,40,1
117,25,1
114,11,1
121,38,1
105,24,1
119,1,1
132,42,1
129,36,1
135,12,1
148,23,1
110,34,1
142,35,1
117,22,1
127,18,1
124,23,1
108,7,1
124,30,1
147,23,1
130,14,1
125,5,1
116,6,1
149,18,1
109,26,1
146,13,1
117,23,1
108,26,1
122,20,1
121,43,1
123,33,1
145,14,1
142,31,1
107,33,1
120,36,1
105,28,1
105,40,1
136,18,1
127,44,1
124,38,1
125,12,1
115,24,1
114,41,1
135,44,1
143,10,1
116,6,1
139,5,1
136,8,1
135,43,1
142,39,1
118,14,1
116,6,1
107,8,1
133,9,1
126,49,1
110,5,1
140,22,1
139,11,1
122,46,1
146,21,1
113,32,1
110,27,1
111,21,1
119,47,1
116,28,1
110,8,1
109,29,1
121,39,1
140,13,1
118,34,1
110,27,1
112,41,1
112,32,1
144,14,1
134,44,1
114,31,1
136,37,1
129,4,1
141,41,1
132,22,1
126,32,1
104,28,1
130,46,1
111,28,1
141,21,1
102,33,1
129,17,1
126,2,1
113,28,1
140,37,1
112,34,1
108,34,1
108,36,1
130,33,1
113,31,1
121,6,1
127,7,1
108,39,1
123,22,1
110,8,1
139,23,1
128,24,1
120,38,1
138,33,1
107,10,1
112,18,1
123,35,1
128,34,1
118,39,1
140,11,1
127,38,1
