6,22,0
12,34,0
44,23,0
44,23,0
36,18,0
44,22,0
34,12,0
6,21,0
24,39,0
28,22,0
47,23,0
42,26,0
25,5,0
10,39,0
24,46,0
11,25,0
4,38,0
18,17,0
22,23,0
37,26,0
24,39,0
21,20,0
24,40,0
4,34,0
31,6,0
25,26,0
9,17,0
15,10,0
14,29,0
22,26,0
37,37,0
19,37,0
7,35,0
26,46,0
44,16,0
16,14,0
23,21,0
10,26,0
27,21,0
36,31,0
4,38,0
31,4,0
8,8,0
42,27,0
22,24,0
41,38,0
38,15,0
20,8,0
20,6,0
31,11,0
27,47,0
22,3,0
38,20,0
14,12,0
9,34,0
23,20,0
17,3,0
7,21,0
42,7,0
45,32,0
7,42,0
12,10,0
43,20,0
7,37,0
17,44,0
15,18,0
3,17,0
44,28,0
23,47,0
22,30,0
37,17,0
40,34,0
1,22,0
26,48,0
20,6,0
24,4,0
50,25,0
40,26,0
21,42,0
28,14,0
4,23,0
16,41,0
38,29,0
49,27,0
15,30,0
36,26,0
2,26,0
42,41,0
20,26,0
8,27,0
35,9,0
33,39,0
13,39,0
22,34,0
31,16,0
18,39,0
1,31,0
42,43,0
38,17,0
9,12,0
21,25,0
1,31,0
29,35,0
33,29,0
21,40,0
26,28,0
5,30,0
12,41,0
9,29,0
13,39,0
13,10,0
27,2,0
19,40,0
38,15,0
45,15,0
24,45,0
46,22,0
44,15,0
41,37,0
42,34,0
42,25,0
25,28,0
18,45,0
14,14,0
41,41,0
28,39,0
26,24,0
29,47,0
36,33,0
29,29,0
21,19,0
33,35,0
11,22,0
36,45,0
31,33,0
17,43,0
24,37,0
10,44,0
26,31,0
36,16,0
31,5,0
32,46,0
32,1,0
24,20,0
44,33,0
40,44,0
40,37,0
18,25,0
7,23,0
29,12,0
16,11,0
30,42,0
36,27,0
16,6,0
46,37,0
14,28,0
9,43,0
46,21,0
37,11,0
18,26,0
24,2,0
38,23,0
32,7,0
38,43,0
46,21,0
33,47,0
42,24,0
42,12,0
25,22,0
37,6,0
26,22,0
40,36,0
13,33,0
5,37,0
41,42,0
9,31,0
28,28,0
30,39,0
39,5,0
30,43,0
31,19,0
32,39,0
32,5,0
10,22,0
24,36,0
39,34,0
11,12,0
25,0,0
35,16,0
28,45,0
7,12,0
28,1,0
4,12,0
39,5,0
48,33,0
11,31,0
43,42,0
42,31,0
24,40,0
47,28,0
23,48,0
11,38,0
25,47,0
4,12,0
15,40,0
28,14,0
42,37,0
33,3,0
25,47,0
30,18,0
16,19,0
18,33,0
38,12,0
39,12,0
25,15,0
36,12,0
20,15,0
25,32,0
42,37,0
37,16,0
35,36,0
4,15,0
28,48,0
6,16,0
7,37,0
27,44,0
37,12,0
42,11,0
43,26,0
20,42,0
34,39,0
17,37,0
16,40,0
35,14,0
19,9,0
36,40,0
28,22,0
21,16,0
31,20,0
16,19,0
33,44,0
32,5,0
30,22,0
8,27,0
8,19,0
46,30,0
35,41,0
40,26,0
29,21,0
7,30,0
123,46,1
112,17,1
130,36,1
115,7,1
129,9,1
143,25,1
147,18,1
127,1,1
115,5,1
125,5,1
140,29,1
119,16,1
125,36,1
109,31,1
131,12,1
134,36,1
123,16,1
117,23,1
146,13,1
140,35,1
139,40,1
128,3,1
108,7,1
140,14,1
134,45,1
132,6,1
114,29,1
147,35,1
126,21,1
136,43,1
134,11,1
131,30,1
137,12,1
122,38,1
127,18,1
127,30,1
139,22,1
131,48,1
124,39,1
137,19,1
121,35,1
133,11,1
110,28,1
109,40,1
145,30,1
145,29,1
122,14,1
145,22,1
146,14,1
105,18,1
116,27,1
122,45,1
132,37,1
135,46,1
139,39,1
147,33,1
142,23,1
128,7,1
113,46,1
134,15,1
103,26,1
106,40,1
140,24,1
114,44,1
101,23,1
103,27,1
117,2,1
121,6,1
129,26,1
122,32,1
128,13,1
119,38,1
123,14,1
129,26,1
132,12,1
103,35,1
102,16,1
129,15,1
149,19,1
140,17,1
117,7,1
119,10,1
139,11,1
109,6,1
110,12,1
148,32,1
106,13,1
138,43,1
146,14,1
116,41,1
136,44,1
111,24,1
108,37,1
120,29,1
117,6,1
120,11,1
129,29,1
101,18,1
139,9,1
130,40,1
123,2,1
127,35,1
144,20,1
128,2,1
106,36,1
122,20,1
106,28,1
120,38,1
134,33,1
128,11,1
118,16,1
119,49,1
137,35,1
119,6,1
101,18,1
124,47,1
126,36,1
140,29,1
140,9,1
102,33,1
116,45,1
130,22,1
132,30,1
116,17,1
136,32,1
143,39,1
118,1,1
114,33,1
108,23,1
131,18,1
113,19,1
123,31,1
142,21,1
119,9,1
134,32,1
124,49,1
109,40,1
110,9,1
123,5,1
137,27,1
137,27,1
126,48,1
136,30,1
122,46,1
138,12,1
127,39,1
142,12,1
124,46,1
142,41,1
124,25,1
134,48,1
139,32,1
140,38,1
147,15,1
146,15,1
112,37,1
125,19,1
112,19,1
118,14,1
120,17,1
129,49,1
145,10,1
122,47,1
106,18,1
108,18,1
131,13,1
130,29,1
133,18,1
124,7,1
104,37,1
125,6,1
111,22,1
145,31,1
101,21,1
112,44,1
108,41,1
116,29,1
115,43,1
124,28,1
144,21,1
112,35,1
143,39,1
127,20,1
121,10,1
146,25,1
149,20,1
149,32,1
121,32,1
104,30,1
128,45,1
142,27,1
123,49,1
106,19,1
107,28,1
122,11,1
116,26,1
135,47,1
125,3,1
112,29,1
110,6,1
135,36,1
131,46,1
139,34,1
121,46,1
141,12,1
115,38,1
111,20,1
131,23,1
118,47,1
118,10,1
117,38,1
138,42,1
140,18,1
140,45,1
125,8,1
112,34,1
128,23,1
143,38,1
125,23,1
121,36,1
116,24,1
134,17,1
114,38,1
110,23,1
106,28,1
107,42,1
116,11,1
115,8,1
132,24,1
108,31,1
128,16,1
107,32,1
120,33,1
137,23,1
115,8,1
144,28,1
111,28,1
115,28,1
116,44,1
105,10,1
106,27,1
126,45,1
135,32,1
142,36,1
122,2,1
135,24,1
135,32,1
119,38,1
106,39,1
109,34,1
