24,33,0
4,16,0
32,38,0
13,16,0
40,35,0
37,6,0
21,16,0
42,39,0
18,34,0
0,25,0
18,41,0
31,49,0
11,21,0
5,29,0
17,16,0
42,16,0
18,1,0
22,9,0
18,27,0
21,44,0
43,19,0
42,29,0
13,7,0
25,8,0
45,16,0
42,39,0
24,13,0
15,40,0
26,48,0
27,10,0
17,47,0
27,2,0
12,34,0
31,19,0
31,26,0
6,23,0
9,33,0
8,8,0
21,31,0
38,8,0
23,2,0
43,26,0
18,37,0
13,4,0
24,1,0
46,35,0
19,2,0
26,14,0
41,29,0
5,24,0
38,8,0
23,44,0
33,18,0
43,27,0
29,39,0
33,34,0
29,25,0
1,18,0
17,33,0
17,21,0
7,12,0
40,42,0
45,13,0
23,10,0
25,35,0
42,9,0
4,23,0
25,48,0
5,17,0
24,41,0
16,6,0
9,19,0
43,34,0
15,44,0
12,46,0
42,8,0
7,23,0
43,38,0
39,36,0
13,46,0
18,31,0
14,37,0
39,18,0
2,16,0
31,45,0
15,41,0
12,10,0
12,36,0
37,6,0
46,30,0
20,26,0
10,6,0
24,29,0
19,28,0
16,9,0
45,26,0
19,40,0
15,37,0
5,21,0
42,22,0
12,20,0
27,22,0
41,26,0
46,34,0
30,34,0
27,32,0
33,43,0
24,33,0
12,36,0
25,47,0
42,32,0
34,35,0
11,19,0
16,23,0
8,22,0
12,4,0
4,14,0
10,38,0
43,26,0
43,22,0
17,24,0
44,36,0
24,13,0
43,15,0
33,23,0
34,19,0
47,26,0
12,44,0
27,48,0
33,5,0
6,19,0
17,17,0
34,30,0
13,31,0
25,19,0
30,45,0
38,41,0
26,1,0
3,29,0
3,15,0
18,2,0
45,38,0
10,18,0
38,20,0
40,19,0
35,8,0
33,29,0
34,10,0
28,1,0
15,10,0
4,26,0
17,46,0
23,28,0
6,41,0
10,31,0
23,16,0
37,33,0
20,27,0
18,13,0
32,7,0
16,2,0
3,22,0
11,44,0
2,21,0
22,19,0
24,11,0
20,48,0
14,14,0
16,13,0
46,18,0
38,38,0
17,12,0
12,42,0
40,27,0
28,40,0
45,15,0
36,26,0
44,13,0
7,20,0
35,5,0
3,27,0
32,43,0
25,12,0
9,6,0
27,15,0
33,19,0
34,11,0
26,25,0
31,12,0
38,31,0
46,20,0
47,14,0
45,21,0
18,10,0
22,47,0
15,43,0
7,18,0
36,3,0
49,21,0
15,9,0
22,12,0
30,11,0
26,32,0
31,42,0
31,5,0
28,6,0
6,12,0
13,31,0
15,21,0
15,20,0
49,18,0
20,23,0
25,6,0
27,31,0
13,30,0
29,10,0
44,15,0
1,18,0
5,16,0
29,41,0
42,16,0
3,32,0
24,2,0
21,11,0
26,11,0
36,36,0
27,25,0
10,22,0
21,32,0
43,11,0
40,5,0
38,40,0
9,37,0
28,40,0
34,35,0
38,20,0
4,27,0
32,30,0
41,16,0
17,27,0
6,28,0
22,10,0
9,19,0
38,26,0
2,17,0
15,13,0
32,7,0
40,7,0
8,42,0
6,35,0
319,24,1
290,33,1
286,28,1
295,20,1
314,41,1
318,31,1
306,42,1
323,20,1
313,42,1
314,19,1
308,9,1
302,25,1
310,4,1
329,30,1
316,3,1
309,19,1
315,38,1
304,20,1
301,24,1
311,22,1
308,26,1
288,26,1
315,17,1
304,1,1
294,35,1
305,48,1
305,2,1
316,40,1
318,16,1
302,17,1
299,14,1
312,11,1
305,44,1
322,30,1
313,15,1
294,35,1
321,35,1
292,39,1
298,35,1
307,5,1
316,14,1
297,17,1
312,48,1
311,34,1
290,41,1
311,35,1
323,30,1
310,35,1
289,44,1
296,12,1
320,6,1
308,11,1
299,20,1
285,39,1
318,46,1
328,19,1
315,45,1
302,49,1
300,22,1
312,8,1
302,45,1
311,1,1
312,21,1
301,37,1
308,11,1
305,16,1
305,12,1
292,33,1
315,34,1
297,7,1
291,32,1
323,27,1
327,24,1
318,44,1
293,9,1
294,22,1
326,15,1
292,17,1
306,33,1
311,16,1
295,43,1
288,27,1
293,26,1
295,31,1
306,34,1
320,20,1
290,20,1
285,29,1
305,47,1
287,35,1
312,49,1
305,30,1
307,2,1
309,32,1
303,11,1
310,6,1
305,43,1
295,32,1
287,40,1
298,13,1
304,11,1
324,40,1
289,36,1
309,43,1
311,45,1
293,26,1
295,7,1
321,16,1
305,27,1
291,10,1
293,19,1
300,40,1
308,1,1
313,15,1
302,9,1
289,39,1
319,38,1
320,27,1
302,14,1
313,3,1
297,48,1
299,11,1
308,28,1
286,26,1
296,3,1
289,8,1
295,21,1
309,2,1
322,20,1
326,32,1
314,31,1
318,30,1
326,18,1
298,41,1
320,16,1
287,14,1
324,39,1
286,21,1
326,34,1
312,24,1
302,17,1
305,17,1
303,6,1
313,45,1
321,43,1
309,7,1
284,24,1
321,27,1
297,12,1
284,29,1
289,39,1
310,46,1
281,30,1
321,42,1
295,22,1
306,22,1
292,14,1
318,8,1
299,9,1
312,27,1
322,16,1
289,42,1
312,15,1
298,18,1
312,18,1
310,6,1
282,28,1
306,5,1
306,32,1
303,21,1
314,40,1
315,22,1
323,12,1
308,6,1
318,37,1
321,22,1
304,33,1
289,33,1
318,40,1
302,22,1
319,6,1
288,31,1
312,31,1
286,21,1
303,25,1
282,16,1
313,27,1
296,14,1
325,34,1
313,18,1
300,29,1
320,26,1
288,35,1
299,28,1
329,27,1
285,30,1
305,15,1
284,17,1
324,18,1
319,42,1
309,49,1
315,40,1
311,41,1
298,43,1
284,22,1
308,48,1
320,36,1
304,43,1
291,41,1
323,18,1
313,3,1
289,24,1
323,36,1
316,19,1
319,45,1
324,35,1
292,29,1
314,32,1
292,10,1
306,43,1
315,36,1
291,12,1
314,39,1
325,14,1
295,19,1
312,18,1
294,9,1
285,10,1
302,17,1
315,26,1
289,28,1
297,21,1
323,20,1
321,29,1
290,21,1
319,28,1
301,32,1
290,39,1
303,28,1
288,28,1
321,6,1
293,41,1
305,20,1
306,37,1
312,13,1
286,41,1
312,4,1
298,32,1
315,22,1
315,33,1
