35,19,0
17,36,0
30,1,0
6,16,0
20,7,0
25,15,0
32,20,0
23,46,0
13,22,0
49,25,0
13,6,0
32,24,0
45,16,0
32,38,0
28,18,0
16,40,0
11,15,0
49,32,0
26,10,0
23,1,0
40,28,0
44,41,0
35,28,0
17,46,0
11,44,0
28,18,0
10,31,0
37,11,0
11,45,0
47,26,0
43,40,0
6,29,0
41,28,0
27,29,0
37,17,0
18,25,0
20,43,0
3,35,0
11,10,0
42,26,0
38,46,0
31,9,0
25,44,0
13,31,0
13,29,0
17,31,0
5,35,0
32,39,0
21,45,0
26,3,0
13,7,0
22,31,0
40,8,0
18,24,0
11,43,0
46,23,0
35,40,0
18,13,0
38,14,0
12,7,0
28,38,0
20,5,0
38,9,0
41,8,0
14,6,0
7,18,0
30,49,0
4,37,0
26,30,0
31,49,0
26,48,0
36,30,0
8,39,0
5,21,0
15,37,0
13,25,0
35,26,0
16,31,0
37,16,0
27,30,0
48,17,0
49,30,0
7,34,0
34,34,0
12,6,0
25,42,0
20,24,0
32,6,0
40,18,0
24,44,0
32,26,0
32,40,0
37,46,0
45,29,0
1,32,0
35,38,0
43,23,0
38,9,0
16,30,0
33,20,0
33,4,0
41,27,0
17,44,0
19,48,0
39,11,0
13,30,0
15,28,0
44,29,0
45,33,0
5,17,0
28,19,0
41,35,0
35,12,0
18,48,0
39,8,0
47,29,0
16,44,0
35,39,0
23,13,0
10,39,0
26,21,0
10,43,0
13,24,0
13,31,0
40,15,0
9,27,0
11,13,0
23,43,0
33,41,0
26,6,0
28,47,0
22,45,0
18,36,0
24,11,0
23,20,0
24,47,0
25,43,0
18,37,0
17,30,0
15,3,0
32,20,0
28,22,0
12,23,0
5,32,0
40,39,0
20,1,0
2,16,0
17,15,0
12,38,0
20,40,0
45,32,0
23,28,0
41,6,0
9,11,0
30,14,0
17,14,0
39,25,0
18,20,0
29,3,0
27,14,0
12,34,0
23,13,0
37,23,0
13,37,0
5,13,0
25,15,0
26,6,0
10,43,0
31,16,0
3,25,0
37,25,0
48,22,0
32,44,0
21,17,0
23,13,0
32,39,0
14,38,0
5,18,0
45,38,0
25,16,0
31,49,0
17,3,0
31,14,0
29,26,0
19,27,0
32,22,0
10,33,0
19,32,0
27,37,0
40,8,0
10,17,0
19,48,0
17,16,0
41,32,0
20,11,0
19,33,0
19,10,0
17,39,0
42,26,0
22,13,0
24,17,0
44,22,0
32,49,0
45,14,0
17,46,0
26,24,0
13,17,0
32,17,0
24,46,0
21,5,0
28,42,0
33,43,0
9,19,0
49,20,0
10,24,0
23,45,0
7,25,0
37,33,0
35,30,0
35,4,0
18,32,0
3,19,0
47,20,0
8,13,0
1,26,0
21,35,0
11,12,0
9,33,0
33,42,0
12,13,0
2,32,0
1,27,0
48,33,0
21,38,0
36,6,0
18,18,0
34,40,0
13,12,0
10,18,0
41,37,0
16,42,0
34,3,0
16,26,0
20,5,0
16,23,0
37,21,0
43,17,0
28,36,0
43,12,0
10,29,0
136,31,1
136,15,1
126,12,1
97,41,1
128,38,1
134,28,1
125,18,1
113,43,1
133,32,1
116,18,1
96,20,1
125,3,1
109,12,1
115,25,1
109,46,1
106,35,1
127,31,1
124,18,1
132,10,1
118,14,1
95,28,1
98,39,1
123,41,1
130,32,1
118,7,1
100,17,1
120,29,1
138,23,1
93,20,1
125,27,1
122,20,1
125,46,1
111,35,1
119,3,1
96,34,1
98,10,1
117,37,1
100,38,1
130,10,1
121,25,1
96,11,1
129,21,1
96,30,1
101,25,1
100,29,1
132,10,1
129,21,1
104,36,1
100,11,1
95,28,1
111,6,1
114,32,1
113,10,1
130,23,1
129,33,1
120,39,1
111,43,1
101,21,1
118,5,1
119,7,1
136,30,1
112,25,1
107,32,1
102,20,1
108,48,1
120,38,1
128,15,1
123,30,1
114,40,1
115,37,1
126,15,1
98,40,1
134,29,1
132,31,1
96,30,1
115,41,1
101,30,1
93,36,1
126,10,1
114,38,1
107,47,1
102,25,1
98,22,1
119,48,1
105,16,1
107,5,1
132,7,1
139,26,1
120,7,1
139,28,1
119,5,1
119,32,1
96,15,1
114,14,1
133,19,1
134,18,1
97,32,1
109,18,1
123,28,1
134,16,1
113,41,1
109,30,1
115,48,1
119,17,1
107,2,1
120,16,1
127,6,1
132,13,1
112,10,1
124,31,1
95,16,1
97,20,1
112,29,1
118,33,1
95,37,1
132,20,1
107,5,1
111,28,1
129,43,1
126,8,1
111,6,1
136,32,1
129,7,1
101,29,1
101,43,1
110,9,1
118,22,1
135,40,1
102,32,1
134,20,1
116,2,1
96,37,1
98,28,1
132,32,1
110,49,1
119,24,1
118,34,1
132,33,1
94,23,1
99,30,1
119,9,1
91,25,1
117,5,1
104,3,1
134,33,1
112,24,1
119,4,1
118,1,1
112,44,1
125,33,1
126,13,1
124,47,1
111,47,1
117,4,1
124,17,1
115,39,1
108,39,1
116,41,1
126,32,1
129,36,1
111,1,1
112,29,1
98,7,1
112,38,1
118,4,1
95,15,1
106,10,1
108,17,1
130,11,1
130,43,1
112,2,1
127,28,1
131,18,1
126,45,1
96,25,1
131,37,1
125,13,1
131,13,1
138,30,1
138,24,1
129,34,1
126,46,1
128,34,1
118,20,1
119,2,1
108,4,1
98,31,1
125,6,1
113,34,1
122,39,1
128,16,1
99,34,1
139,26,1
120,48,1
105,29,1
134,40,1
111,21,1
130,13,1
114,26,1
119,45,1
113,27,1
124,26,1
129,45,1
105,44,1
135,13,1
124,45,1
113,19,1
118,43,1
128,19,1
126,16,1
129,18,1
107,31,1
112,29,1
128,36,1
104,4,1
122,31,1
128,21,1
116,39,1
113,8,1
104,38,1
122,2,1
121,1,1
134,39,1
105,19,1
117,11,1
101,12,1
123,9,1
105,36,1
131,35,1
112,7,1
132,23,1
128,44,1
118,43,1
131,17,1
124,18,1
139,29,1
114,5,1
134,18,1
118,42,1
103,24,1
127,35,1
112,48,1
123,45,1
128,38,1
112,11,1
116,23,1
117,26,1
125,35,1
137,22,1
108,47,1
