24,42,0
6,40,0
7,29,0
27,6,0
24,11,0
40,6,0
45,17,0
35,24,0
44,14,0
16,12,0
12,39,0
12,33,0
8,19,0
17,36,0
38,12,0
11,37,0
30,49,0
47,17,0
20,32,0
29,12,0
22,20,0
15,47,0
32,11,0
16,14,0
14,3,0
11,25,0
41,18,0
46,38,0
37,26,0
35,19,0
46,15,0
18,45,0
29,9,0
35,14,0
13,6,0
17,10,0
48,27,0
40,5,0
27,8,0
28,12,0
22,22,0
37,31,0
22,41,0
48,20,0
35,41,0
20,22,0
33,12,0
3,27,0
23,20,0
12,33,0
36,18,0
43,34,0
20,13,0
45,40,0
10,31,0
3,14,0
34,18,0
48,21,0
29,9,0
2,21,0
32,26,0
20,39,0
10,21,0
24,14,0
9,20,0
37,26,0
10,39,0
10,38,0
19,49,0
49,27,0
14,4,0
15,42,0
49,22,0
27,40,0
39,34,0
49,22,0
17,47,0
17,8,0
31,14,0
15,3,0
3,33,0
29,34,0
31,39,0
11,14,0
18,48,0
24,10,0
36,37,0
26,47,0
47,21,0
31,22,0
17,36,0
6,12,0
19,10,0
33,23,0
6,27,0
15,47,0
29,4,0
43,27,0
18,14,0
43,8,0
44,23,0
14,33,0
8,27,0
43,29,0
26,44,0
28,27,0
25,47,0
27,24,0
11,23,0
25,29,0
24,49,0
19,5,0
23,8,0
13,4,0
27,5,0
17,37,0
38,28,0
26,27,0
23,6,0
37,13,0
28,16,0
44,11,0
5,35,0
18,5,0
39,14,0
42,9,0
18,32,0
24,39,0
34,9,0
31,39,0
6,18,0
40,20,0
29,8,0
22,20,0
8,13,0
24,41,0
24,29,0
19,10,0
44,22,0
28,14,0
16,8,0
18,28,0
32,34,0
29,35,0
12,15,0
43,29,0
11,36,0
43,20,0
18,49,0
29,47,0
16,30,0
31,30,0
15,15,0
40,8,0
16,19,0
29,26,0
9,12,0
12,42,0
30,26,0
31,36,0
27,35,0
30,11,0
28,6,0
27,43,0
17,4,0
18,30,0
18,21,0
4,14,0
9,41,0
35,17,0
11,22,0
7,29,0
43,26,0
27,33,0
14,39,0
14,34,0
22,20,0
16,23,0
24,37,0
5,37,0
4,32,0
14,32,0
3,33,0
48,21,0
26,44,0
42,16,0
30,13,0
10,13,0
42,33,0
45,13,0
26,14,0
37,44,0
8,40,0
32,12,0
37,9,0
13,22,0
47,18,0
11,7,0
9,24,0
21,6,0
2,27,0
48,25,0
26,24,0
21,2,0
3,29,0
18,27,0
32,26,0
32,24,0
44,23,0
11,9,0
35,5,0
23,25,0
22,4,0
10,40,0
32,49,0
38,39,0
12,9,0
43,35,0
10,8,0
4,28,0
28,16,0
15,23,0
34,42,0
42,36,0
9,19,0
35,22,0
9,36,0
11,14,0
32,24,0
35,38,0
23,2,0
13,20,0
37,43,0
33,18,0
16,38,0
16,32,0
22,1,0
32,28,0
10,17,0
21,42,0
7,16,0
31,41,0
17,26,0
39,5,0
38,18,0
43,23,0
45,27,0
26,29,0
24,17,0
32,13,0
112,35,1
138,25,1
118,17,1
108,29,1
127,28,1
117,26,1
98,35,1
106,20,1
105,33,1
130,33,1
126,11,1
115,28,1
137,24,1
126,47,1
105,29,1
112,37,1
117,14,1
118,49,1
119,49,1
126,34,1
122,48,1
116,17,1
100,43,1
107,42,1
124,14,1
124,45,1
126,26,1
108,32,1
112,9,1
112,29,1
115,7,1
104,24,1
107,18,1
109,27,1
116,4,1
117,14,1
125,28,1
131,36,1
131,41,1
137,21,1
120,4,1
105,12,1
117,22,1
105,40,1
105,38,1
117,49,1
117,4,1
97,8,1
100,41,1
112,39,1
101,36,1
135,34,1
137,29,1
92,26,1
108,21,1
98,28,1
116,19,1
106,44,1
112,46,1
109,28,1
97,33,1
104,8,1
110,19,1
131,39,1
129,25,1
132,42,1
90,25,1
108,41,1
117,44,1
136,18,1
117,27,1
118,39,1
95,31,1
104,25,1
94,32,1
101,27,1
102,32,1
114,31,1
128,26,1
134,12,1
129,30,1
122,47,1
98,16,1
118,47,1
135,24,1
107,31,1
105,31,1
94,32,1
105,12,1
95,34,1
124,34,1
108,5,1
112,34,1
108,5,1
99,32,1
118,12,1
129,23,1
113,5,1
104,13,1
98,22,1
111,6,1
110,3,1
134,20,1
110,37,1
105,20,1
129,8,1
123,31,1
105,7,1
125,9,1
114,44,1
106,33,1
108,12,1
110,22,1
121,42,1
135,28,1
111,44,1
113,25,1
109,14,1
101,31,1
112,37,1
95,24,1
129,41,1
133,39,1
109,14,1
121,47,1
116,48,1
130,14,1
139,21,1
101,41,1
121,13,1
117,39,1
101,33,1
126,26,1
112,42,1
116,1,1
118,14,1
132,30,1
99,20,1
107,37,1
110,5,1
102,36,1
123,21,1
121,36,1
126,37,1
111,14,1
111,34,1
110,47,1
113,12,1
136,16,1
126,40,1
100,26,1
103,15,1
118,45,1
102,12,1
127,21,1
127,7,1
100,28,1
91,20,1
102,4,1
121,16,1
94,23,1
100,12,1
117,5,1
116,8,1
135,30,1
120,48,1
120,23,1
120,35,1
113,25,1
98,17,1
100,22,1
118,49,1
129,17,1
119,49,1
111,43,1
96,23,1
107,43,1
133,16,1
109,15,1
129,32,1
99,43,1
102,7,1
111,12,1
131,9,1
96,38,1
104,7,1
113,15,1
96,12,1
123,11,1
122,30,1
95,36,1
114,32,1
104,8,1
121,36,1
119,22,1
95,34,1
132,34,1
105,43,1
132,28,1
105,21,1
104,47,1
99,41,1
101,32,1
104,13,1
125,25,1
134,11,1
122,12,1
118,18,1
120,27,1
122,41,1
102,36,1
135,34,1
107,15,1
130,28,1
133,40,1
136,29,1
113,21,1
104,30,1
128,10,1
108,16,1
113,11,1
134,28,1
133,30,1
117,29,1
120,33,1
137,20,1
108,31,1
92,33,1
118,3,1
100,19,1
108,12,1
118,30,1
108,13,1
123,41,1
96,24,1
130,5,1
135,10,1
121,33,1
124,31,1
116,48,1
118,32,1
115,46,1
115,32,1
108,37,1
104,39,1
102,18,1
137,23,1
136,28,1
119,41,1
103,29,1
