3,34,0
14,39,0
14,17,0
2,18,0
36,25,0
26,41,0
13,22,0
5,29,0
21,45,0
36,46,0
20,9,0
40,11,0
18,35,0
6,12,0
45,10,0
16,46,0
33,2,0
48,30,0
25,8,0
10,42,0
27,42,0
21,34,0
21,47,0
32,23,0
10,41,0
5,13,0
42,21,0
25,1,0
15,41,0
27,35,0
30,46,0
42,22,0
29,18,0
24,12,0
3,33,0
40,13,0
42,35,0
37,43,0
32,3,0
33,12,0
29,32,0
17,17,0
48,27,0
29,20,0
46,26,0
5,17,0
9,18,0
17,27,0
5,16,0
13,10,0
4,38,0
19,26,0
47,24,0
19,40,0
27,45,0
22,1,0
31,48,0
12,39,0
21,13,0
36,27,0
17,23,0
15,12,0
46,25,0
9,39,0
44,20,0
20,39,0
48,29,0
4,26,0
30,37,0
27,15,0
2,16,0
3,17,0
42,28,0
11,42,0
11,16,0
9,42,0
40,9,0
25,43,0
10,10,0
18,3,0
35,46,0
30,29,0
10,29,0
4,13,0
17,19,0
34,6,0
39,40,0
10,21,0
33,21,0
38,4,0
25,24,0
30,26,0
43,26,0
17,31,0
31,5,0
26,47,0
40,41,0
17,20,0
30,47,0
12,42,0
1,27,0
18,38,0
48,19,0
37,45,0
6,38,0
34,16,0
23,9,0
2,32,0
22,4,0
14,5,0
33,14,0
14,43,0
37,8,0
11,16,0
19,2,0
43,10,0
34,12,0
8,26,0
39,43,0
40,43,0
15,24,0
40,25,0
42,20,0
11,39,0
2,33,0
12,26,0
6,41,0
44,25,0
28,13,0
8,35,0
33,10,0
34,23,0
32,11,0
10,32,0
32,32,0
20,35,0
46,36,0
38,40,0
12,44,0
48,26,0
35,21,0
3,29,0
34,33,0
33,43,0
40,11,0
31,11,0
9,8,0
38,26,0
46,21,0
46,32,0
30,33,0
18,46,0
21,25,0
3,17,0
16,2,0
35,27,0
41,23,0
26,47,0
30,21,0
46,33,0
24,48,0
12,23,0
25,39,0
13,36,0
27,35,0
23,14,0
15,36,0
24,20,0
26,47,0
33,17,0
8,32,0
45,35,0
24,10,0
5,26,0
15,34,0
21,41,0
26,19,0
8,30,0
9,36,0
44,16,0
3,16,0
23,42,0
30,17,0
35,32,0
15,21,0
11,29,0
36,35,0
46,30,0
41,32,0
34,41,0
20,39,0
12,23,0
10,39,0
47,19,0
37,35,0
25,35,0
37,41,0
43,30,0
14,46,0
6,30,0
14,6,0
20,36,0
41,12,0
28,22,0
7,10,0
14,34,0
14,40,0
45,25,0
45,20,0
27,30,0
35,35,0
19,1,0
15,37,0
20,25,0
27,24,0
36,27,0
1,18,0
46,36,0
44,37,0
35,28,0
10,28,0
21,30,0
24,3,0
32,18,0
25,41,0
13,28,0
25,26,0
38,21,0
45,20,0
3,22,0
40,41,0
41,24,0
21,46,0
11,36,0
24,21,0
9,14,0
13,8,0
25,10,0
17,20,0
22,6,0
29,33,0
43,33,0
41,23,0
46,33,0
34,30,0
25,15,0
44,21,0
46,25,0
11,40,0
23,47,0
111,31,1
100,37,1
119,34,1
96,29,1
107,24,1
128,19,1
129,12,1
136,18,1
127,21,1
122,19,1
118,31,1
91,29,1
119,16,1
138,17,1
121,17,1
93,30,1
101,10,1
106,48,1
113,38,1
105,28,1
127,19,1
116,37,1
99,20,1
129,44,1
135,15,1
130,37,1
118,36,1
131,24,1
132,20,1
116,38,1
95,10,1
117,30,1
135,25,1
114,49,1
107,41,1
124,29,1
94,33,1
118,13,1
130,36,1
103,34,1
117,9,1
124,19,1
104,16,1
111,6,1
135,31,1
124,8,1
137,15,1
107,44,1
119,38,1
106,9,1
98,37,1
114,32,1
129,10,1
118,37,1
126,13,1
93,18,1
108,5,1
129,9,1
96,32,1
101,45,1
94,25,1
93,31,1
127,13,1
106,35,1
95,23,1
114,35,1
127,17,1
137,25,1
129,14,1
129,7,1
126,43,1
118,44,1
122,40,1
125,41,1
112,1,1
109,9,1
125,17,1
125,41,1
106,48,1
133,40,1
132,12,1
113,43,1
126,17,1
97,40,1
119,18,1
112,1,1
130,12,1
110,1,1
126,42,1
127,6,1
130,16,1
123,35,1
120,12,1
96,21,1
134,36,1
122,29,1
120,29,1
132,22,1
105,33,1
102,20,1
117,44,1
113,12,1
128,9,1
93,14,1
127,27,1
98,17,1
125,15,1
121,37,1
101,32,1
139,19,1
120,40,1
115,6,1
124,4,1
96,32,1
117,38,1
130,27,1
120,7,1
112,34,1
114,43,1
97,36,1
123,21,1
106,41,1
92,34,1
103,34,1
112,11,1
115,42,1
108,28,1
99,22,1
118,3,1
99,39,1
91,20,1
123,23,1
122,43,1
102,28,1
130,13,1
105,24,1
101,27,1
123,16,1
136,22,1
127,7,1
124,3,1
117,35,1
100,20,1
108,48,1
98,25,1
121,12,1
127,34,1
106,28,1
122,40,1
101,19,1
116,41,1
117,21,1
108,24,1
120,14,1
113,38,1
118,34,1
108,12,1
134,30,1
136,35,1
103,24,1
99,20,1
97,38,1
122,5,1
120,20,1
93,26,1
114,47,1
136,26,1
104,41,1
126,5,1
107,34,1
109,23,1
102,35,1
116,1,1
111,48,1
134,11,1
105,32,1
114,11,1
131,7,1
123,35,1
111,28,1
108,25,1
130,7,1
106,11,1
134,35,1
107,12,1
102,13,1
136,31,1
113,9,1
123,6,1
133,39,1
135,14,1
107,28,1
124,33,1
117,1,1
109,20,1
107,27,1
113,47,1
107,9,1
119,25,1
106,28,1
125,47,1
100,39,1
132,18,1
101,19,1
125,20,1
110,44,1
123,38,1
131,39,1
113,45,1
112,13,1
111,43,1
120,40,1
127,9,1
99,24,1
112,46,1
129,38,1
123,12,1
119,31,1
125,20,1
105,25,1
125,5,1
132,16,1
92,22,1
104,45,1
128,26,1
137,29,1
112,36,1
111,20,1
133,14,1
106,2,1
118,22,1
94,22,1
110,14,1
99,31,1
132,10,1
128,46,1
118,39,1
121,40,1
122,5,1
131,24,1
114,1,1
111,40,1
129,19,1
100,11,1
112,2,1
119,7,1
103,27,1
136,37,1
121,43,1
122,10,1
