27,25,0
43,37,0
25,0,0
24,13,0
35,42,0
20,13,0
26,3,0
22,2,0
23,1,0
29,27,0
24,15,0
30,31,0
29,16,0
48,25,0
18,36,0
7,14,0
26,2,0
35,27,0
27,25,0
36,44,0
26,33,0
8,16,0
3,33,0
39,30,0
28,10,0
43,15,0
28,19,0
35,32,0
14,18,0
11,25,0
48,22,0
22,18,0
8,26,0
13,25,0
38,41,0
40,21,0
12,31,0
31,15,0
8,24,0
36,35,0
40,20,0
27,10,0
49,18,0
29,37,0
4,37,0
31,31,0
14,16,0
3,34,0
24,7,0
10,36,0
20,29,0
36,9,0
28,41,0
47,26,0
23,36,0
48,33,0
14,20,0
41,25,0
49,22,0
31,38,0
31,9,0
10,26,0
12,35,0
45,37,0
31,6,0
41,39,0
30,37,0
11,21,0
28,35,0
16,9,0
48,29,0
25,45,0
21,22,0
17,26,0
37,7,0
12,7,0
17,29,0
27,4,0
19,40,0
22,49,0
2,23,0
35,18,0
32,8,0
15,10,0
8,43,0
20,18,0
24,20,0
25,1,0
42,23,0
5,35,0
32,21,0
16,6,0
2,26,0
21,46,0
17,40,0
38,46,0
28,10,0
45,29,0
5,18,0
4,15,0
32,38,0
17,4,0
37,32,0
37,43,0
34,11,0
3,24,0
21,9,0
4,15,0
26,34,0
37,22,0
31,13,0
30,40,0
6,16,0
14,25,0
22,12,0
19,24,0
39,6,0
23,18,0
30,20,0
42,25,0
47,26,0
21,20,0
39,18,0
6,14,0
23,36,0
19,7,0
28,14,0
41,10,0
4,36,0
7,17,0
6,9,0
45,16,0
42,42,0
27,9,0
1,27,0
13,42,0
5,10,0
2,22,0
22,19,0
28,37,0
10,30,0
7,42,0
25,15,0
22,43,0
7,8,0
24,42,0
5,37,0
3,35,0
31,5,0
26,38,0
4,22,0
39,6,0
16,43,0
24,12,0
10,30,0
23,45,0
12,8,0
42,14,0
32,7,0
26,30,0
35,42,0
30,4,0
43,8,0
36,16,0
16,27,0
18,19,0
21,15,0
37,7,0
12,4,0
41,23,0
45,10,0
29,34,0
11,43,0
7,42,0
10,27,0
2,24,0
41,34,0
34,6,0
26,35,0
22,45,0
9,19,0
13,28,0
34,8,0
19,6,0
23,10,0
42,28,0
13,39,0
17,18,0
36,26,0
26,29,0
14,15,0
38,5,0
44,18,0
2,18,0
42,20,0
48,34,0
11,23,0
42,19,0
10,12,0
33,10,0
22,34,0
23,13,0
3,32,0
25,46,0
25,8,0
18,12,0
31,19,0
43,24,0
41,10,0
28,10,0
8,30,0
25,44,0
17,21,0
18,49,0
30,32,0
3,28,0
41,30,0
21,43,0
21,5,0
43,35,0
46,35,0
5,25,0
9,20,0
17,31,0
16,12,0
23,11,0
31,36,0
10,5,0
32,49,0
32,17,0
31,27,0
41,6,0
14,3,0
31,24,0
20,46,0
13,26,0
11,38,0
31,26,0
24,41,0
19,41,0
32,14,0
17,41,0
27,12,0
26,7,0
19,23,0
44,19,0
24,16,0
36,33,0
23,37,0
18,25,0
83,35,1
111,44,1
104,23,1
105,5,1
102,33,1
85,10,1
86,15,1
94,6,1
103,15,1
91,27,1
124,19,1
106,17,1
119,28,1
101,40,1
92,41,1
113,46,1
105,25,1
125,10,1
98,37,1
100,29,1
91,6,1
104,43,1
92,22,1
118,46,1
96,9,1
104,28,1
86,27,1
120,22,1
112,9,1
86,38,1
125,20,1
88,29,1
122,11,1
120,42,1
109,9,1
126,28,1
98,32,1
92,14,1
93,36,1
106,11,1
103,15,1
113,29,1
93,33,1
106,42,1
120,14,1
110,17,1
113,39,1
117,14,1
120,42,1
119,29,1
87,10,1
121,22,1
85,39,1
115,3,1
109,28,1
91,42,1
96,15,1
97,22,1
117,17,1
88,36,1
106,29,1
96,47,1
97,11,1
119,39,1
124,34,1
99,31,1
114,22,1
117,32,1
100,34,1
111,1,1
120,43,1
116,37,1
95,20,1
111,35,1
118,8,1
101,29,1
119,23,1
122,8,1
125,39,1
108,33,1
113,4,1
118,25,1
114,15,1
104,36,1
94,30,1
92,33,1
96,24,1
128,21,1
85,30,1
86,16,1
123,26,1
105,30,1
118,21,1
112,34,1
97,24,1
116,23,1
113,46,1
128,18,1
120,42,1
105,24,1
91,38,1
85,15,1
127,14,1
126,26,1
98,38,1
124,32,1
120,8,1
116,36,1
107,28,1
91,15,1
84,30,1
88,21,1
96,31,1
117,23,1
115,8,1
95,45,1
94,32,1
90,10,1
100,41,1
105,12,1
110,33,1
115,14,1
81,26,1
93,6,1
125,31,1
111,7,1
99,23,1
106,3,1
94,42,1
93,26,1
95,41,1
113,10,1
112,28,1
125,28,1
86,22,1
101,10,1
107,23,1
88,37,1
96,11,1
87,33,1
104,31,1
114,48,1
113,24,1
123,18,1
112,4,1
116,33,1
95,41,1
108,45,1
102,25,1
121,42,1
84,29,1
113,45,1
108,41,1
119,28,1
114,23,1
118,6,1
101,38,1
126,29,1
114,11,1
94,3,1
110,10,1
102,19,1
110,7,1
118,28,1
122,32,1
93,6,1
102,18,1
109,2,1
115,29,1
101,13,1
92,42,1
113,47,1
98,32,1
125,38,1
111,27,1
109,48,1
85,22,1
84,33,1
114,8,1
125,23,1
91,21,1
84,30,1
114,18,1
100,1,1
109,37,1
89,20,1
88,8,1
92,34,1
117,46,1
109,49,1
122,28,1
108,16,1
121,36,1
88,18,1
94,34,1
111,15,1
105,9,1
107,30,1
106,8,1
92,36,1
114,23,1
121,15,1
101,18,1
94,12,1
114,37,1
96,48,1
89,9,1
92,29,1
112,38,1
90,10,1
97,38,1
103,42,1
105,2,1
105,19,1
107,22,1
102,14,1
100,34,1
112,33,1
104,39,1
100,28,1
121,25,1
103,49,1
100,13,1
90,13,1
105,2,1
127,18,1
91,16,1
92,13,1
100,4,1
83,31,1
109,16,1
115,5,1
82,30,1
103,18,1
99,4,1
115,18,1
91,15,1
98,34,1
101,24,1
92,5,1
87,18,1
82,22,1
86,24,1
102,38,1
113,47,1
109,29,1
121,18,1
114,25,1
127,35,1
89,44,1
