13,15,0
42,13,0
15,23,0
43,10,0
40,28,0
28,11,0
28,15,0
38,11,0
16,41,0
30,9,0
15,27,0
15,29,0
28,27,0
3,24,0
24,43,0
9,36,0
27,32,0
17,47,0
10,22,0
4,31,0
10,8,0
36,14,0
9,30,0
42,41,0
5,37,0
27,39,0
18,16,0
44,23,0
18,45,0
12,17,0
26,2,0
33,16,0
23,5,0
18,11,0
37,39,0
15,33,0
20,47,0
44,20,0
29,24,0
30,42,0
33,45,0
23,15,0
31,2,0
14,8,0
33,37,0
31,33,0
19,32,0
13,42,0
37,38,0
13,40,0
49,19,0
23,22,0
19,33,0
10,18,0
19,22,0
13,46,0
38,6,0
11,6,0
44,23,0
9,9,0
20,24,0
22,35,0
36,23,0
34,6,0
30,3,0
10,30,0
35,10,0
24,48,0
5,21,0
49,27,0
20,37,0
17,13,0
10,21,0
2,34,0
34,11,0
35,18,0
38,31,0
13,25,0
3,27,0
29,45,0
40,30,0
34,30,0
15,32,0
16,18,0
20,22,0
38,35,0
32,29,0
41,11,0
8,29,0
15,8,0
33,12,0
4,31,0
25,42,0
26,19,0
15,44,0
42,13,0
44,10,0
26,4,0
37,26,0
20,36,0
18,6,0
42,36,0
45,18,0
16,13,0
25,3,0
45,20,0
36,12,0
14,8,0
14,22,0
25,15,0
42,11,0
2,29,0
27,26,0
10,42,0
18,44,0
19,28,0
37,37,0
17,42,0
30,43,0
15,28,0
39,34,0
16,45,0
19,34,0
20,26,0
5,28,0
15,39,0
22,25,0
45,35,0
6,10,0
33,29,0
40,14,0
21,46,0
5,23,0
23,26,0
23,10,0
33,23,0
36,34,0
45,35,0
32,13,0
13,39,0
45,13,0
27,47,0
28,27,0
38,16,0
27,38,0
28,39,0
37,6,0
31,33,0
16,6,0
16,3,0
45,25,0
36,10,0
44,32,0
33,24,0
27,6,0
12,37,0
35,19,0
34,16,0
25,13,0
23,24,0
34,38,0
30,18,0
12,34,0
20,33,0
44,37,0
12,15,0
16,17,0
15,40,0
43,38,0
27,15,0
44,40,0
26,18,0
30,16,0
13,35,0
23,47,0
18,38,0
26,18,0
17,14,0
32,47,0
27,6,0
23,48,0
3,21,0
8,26,0
45,21,0
23,22,0
11,43,0
2,17,0
37,19,0
11,19,0
40,45,0
34,3,0
47,22,0
34,35,0
1,19,0
7,32,0
5,28,0
38,41,0
6,25,0
6,41,0
24,6,0
15,32,0
13,11,0
5,23,0
30,42,0
9,19,0
9,28,0
8,21,0
32,48,0
10,33,0
45,15,0
23,24,0
46,13,0
36,27,0
11,20,0
37,11,0
14,37,0
5,31,0
41,10,0
18,9,0
14,42,0
8,17,0
22,40,0
7,8,0
21,40,0
17,45,0
9,24,0
44,35,0
35,16,0
9,8,0
42,33,0
14,40,0
48,24,0
40,32,0
11,31,0
47,22,0
7,18,0
26,3,0
19,32,0
49,20,0
37,32,0
1,26,0
8,27,0
22,15,0
35,23,0
23,20,0
38,10,0
13,12,0
15,13,0
27,20,0
28,16,0
88,29,1
67,30,1
88,48,1
90,49,1
99,40,1
61,26,1
98,21,1
83,22,1
63,21,1
94,12,1
103,21,1
96,33,1
88,24,1
89,26,1
64,17,1
89,9,1
78,13,1
87,39,1
93,28,1
84,24,1
93,17,1
71,14,1
86,2,1
100,8,1
95,47,1
82,23,1
69,25,1
98,22,1
88,42,1
104,26,1
64,23,1
103,16,1
97,35,1
98,21,1
109,26,1
81,26,1
81,19,1
103,37,1
77,33,1
72,33,1
77,10,1
74,16,1
69,24,1
97,42,1
101,25,1
97,13,1
95,24,1
74,17,1
80,5,1
93,47,1
89,20,1
93,8,1
74,35,1
94,3,1
70,28,1
65,14,1
76,3,1
93,6,1
98,28,1
76,27,1
108,20,1
105,32,1
84,47,1
98,37,1
88,16,1
76,6,1
94,37,1
74,47,1
105,28,1
76,19,1
79,48,1
83,28,1
74,5,1
104,24,1
72,20,1
92,18,1
103,20,1
78,5,1
62,17,1
78,19,1
98,41,1
89,29,1
81,18,1
71,28,1
99,35,1
70,31,1
89,23,1
98,20,1
91,10,1
75,23,1
61,29,1
104,20,1
77,47,1
62,16,1
81,10,1
89,17,1
81,44,1
68,22,1
102,30,1
104,40,1
98,21,1
66,36,1
77,20,1
86,43,1
106,17,1
96,31,1
67,37,1
104,35,1
96,43,1
94,38,1
83,4,1
65,33,1
88,30,1
74,5,1
69,24,1
87,34,1
89,41,1
66,23,1
73,25,1
91,45,1
69,33,1
61,32,1
68,42,1
93,16,1
82,6,1
100,44,1
79,45,1
92,39,1
72,41,1
88,40,1
101,37,1
100,6,1
77,28,1
103,41,1
108,33,1
79,31,1
80,37,1
74,14,1
76,12,1
74,46,1
88,24,1
99,38,1
82,34,1
104,32,1
106,12,1
80,29,1
85,38,1
98,36,1
72,5,1
98,46,1
107,17,1
98,20,1
87,10,1
102,14,1
94,30,1
72,36,1
62,26,1
77,34,1
103,21,1
90,44,1
78,41,1
92,11,1
82,29,1
82,48,1
92,15,1
79,21,1
80,9,1
86,47,1
87,42,1
93,20,1
74,15,1
82,46,1
66,31,1
108,33,1
91,26,1
102,38,1
88,28,1
97,15,1
89,5,1
75,39,1
73,15,1
99,5,1
71,7,1
106,20,1
67,38,1
91,11,1
103,42,1
79,23,1
64,21,1
100,7,1
69,17,1
99,17,1
84,27,1
65,16,1
90,2,1
67,29,1
80,37,1
94,14,1
64,36,1
69,13,1
74,6,1
104,34,1
68,13,1
91,20,1
80,48,1
104,41,1
99,34,1
69,38,1
94,4,1
93,23,1
97,23,1
87,29,1
94,41,1
75,25,1
96,8,1
67,17,1
74,31,1
83,10,1
71,36,1
70,9,1
74,19,1
87,4,1
102,39,1
80,32,1
75,25,1
83,16,1
69,8,1
95,11,1
86,22,1
97,28,1
66,18,1
95,46,1
71,32,1
90,17,1
75,27,1
91,14,1
102,13,1
84,24,1
89,21,1
100,7,1
90,9,1
69,22,1
78,13,1
78,20,1
110,25,1
86,3,1
83,38,1
67,9,1
66,29,1
98,43,1
