19,7,0
47,20,0
29,11,0
39,28,0
35,12,0
35,11,0
39,27,0
21,41,0
16,38,0
29,21,0
15,6,0
19,22,0
18,34,0
27,39,0
11,31,0
43,15,0
34,28,0
41,20,0
24,46,0
48,28,0
6,37,0
40,44,0
22,20,0
17,36,0
10,23,0
34,22,0
9,15,0
3,18,0
24,30,0
38,28,0
43,32,0
9,38,0
18,37,0
9,18,0
35,28,0
27,1,0
39,25,0
7,35,0
17,48,0
21,37,0
12,31,0
38,30,0
28,33,0
31,13,0
47,17,0
38,21,0
38,29,0
26,30,0
17,8,0
20,46,0
36,32,0
46,14,0
23,2,0
43,19,0
13,35,0
28,18,0
41,26,0
28,33,0
26,6,0
36,20,0
40,29,0
29,1,0
21,31,0
13,26,0
26,23,0
2,17,0
28,9,0
18,13,0
36,26,0
42,34,0
34,27,0
15,41,0
12,35,0
15,24,0
5,21,0
29,21,0
39,28,0
44,11,0
3,33,0
41,37,0
14,22,0
5,11,0
24,14,0
40,33,0
35,22,0
9,44,0
22,6,0
34,26,0
22,13,0
18,37,0
41,44,0
20,38,0
41,21,0
39,19,0
44,34,0
27,33,0
45,39,0
23,11,0
15,29,0
42,9,0
47,25,0
34,26,0
43,8,0
24,31,0
35,28,0
12,36,0
17,45,0
2,34,0
38,14,0
40,13,0
17,30,0
44,33,0
40,8,0
18,24,0
13,25,0
15,28,0
44,33,0
24,8,0
18,13,0
44,36,0
28,9,0
7,38,0
11,22,0
31,38,0
49,29,0
15,28,0
5,39,0
14,9,0
8,32,0
46,18,0
37,12,0
44,11,0
34,47,0
14,19,0
19,2,0
2,29,0
21,11,0
47,30,0
1,19,0
18,10,0
30,3,0
25,21,0
16,34,0
40,17,0
36,19,0
6,17,0
26,22,0
12,20,0
41,25,0
25,5,0
14,38,0
33,44,0
32,12,0
30,18,0
46,36,0
46,29,0
15,29,0
41,11,0
22,35,0
14,6,0
11,34,0
47,29,0
18,4,0
32,17,0
35,8,0
26,14,0
12,41,0
36,17,0
43,30,0
15,21,0
35,17,0
40,17,0
38,46,0
47,24,0
22,12,0
19,18,0
24,24,0
16,23,0
38,44,0
2,26,0
39,33,0
42,38,0
23,39,0
8,8,0
18,43,0
20,3,0
6,14,0
21,1,0
40,17,0
23,31,0
24,35,0
46,33,0
3,16,0
2,20,0
33,45,0
16,42,0
21,49,0
46,21,0
41,44,0
40,33,0
2,34,0
29,6,0
1,24,0
38,43,0
20,30,0
24,10,0
18,35,0
45,23,0
49,27,0
10,43,0
35,28,0
47,31,0
25,12,0
23,29,0
18,2,0
30,23,0
13,12,0
32,21,0
17,46,0
35,3,0
10,40,0
35,43,0
19,4,0
18,16,0
26,35,0
26,44,0
29,2,0
10,33,0
12,40,0
42,11,0
27,28,0
1,30,0
37,35,0
35,25,0
34,16,0
8,8,0
40,23,0
25,44,0
42,9,0
6,18,0
36,6,0
25,4,0
33,19,0
20,29,0
20,13,0
30,2,0
9,6,0
46,28,0
43,12,0
36,10,0
100,33,1
78,35,1
76,15,1
90,44,1
105,34,1
96,24,1
93,19,1
97,32,1
63,32,1
80,45,1
108,27,1
95,7,1
101,30,1
80,44,1
65,39,1
61,20,1
96,39,1
65,32,1
85,16,1
82,38,1
70,6,1
94,3,1
86,4,1
103,12,1
103,29,1
85,10,1
93,39,1
86,23,1
74,11,1
88,47,1
77,39,1
106,31,1
86,49,1
83,13,1
94,47,1
104,19,1
73,15,1
78,17,1
93,35,1
67,37,1
101,34,1
80,17,1
78,46,1
104,36,1
81,49,1
76,40,1
98,39,1
93,38,1
93,8,1
96,9,1
99,24,1
74,7,1
98,32,1
109,29,1
73,22,1
72,27,1
92,14,1
86,47,1
94,45,1
70,37,1
103,32,1
72,17,1
93,18,1
98,15,1
67,41,1
70,11,1
106,27,1
97,42,1
87,32,1
101,31,1
81,4,1
67,24,1
83,36,1
87,28,1
87,35,1
96,4,1
73,27,1
91,46,1
81,30,1
79,41,1
87,33,1
77,39,1
64,17,1
95,42,1
99,25,1
93,25,1
70,42,1
69,12,1
80,6,1
61,21,1
78,4,1
78,32,1
88,13,1
67,8,1
86,35,1
75,44,1
72,35,1
74,14,1
108,27,1
91,14,1
87,46,1
97,39,1
101,42,1
73,26,1
78,10,1
98,14,1
69,28,1
92,24,1
99,20,1
86,44,1
91,32,1
87,39,1
68,28,1
95,25,1
81,29,1
73,18,1
65,31,1
68,35,1
99,44,1
85,47,1
61,20,1
76,23,1
108,24,1
93,22,1
67,27,1
80,3,1
90,35,1
92,10,1
69,37,1
99,33,1
103,26,1
65,38,1
68,9,1
98,33,1
92,40,1
82,6,1
77,43,1
79,17,1
96,17,1
98,40,1
81,24,1
66,32,1
101,9,1
80,47,1
100,31,1
82,30,1
92,26,1
82,48,1
62,32,1
93,46,1
66,25,1
73,32,1
93,48,1
109,30,1
72,26,1
92,32,1
79,10,1
78,16,1
90,27,1
76,18,1
62,20,1
100,24,1
107,36,1
72,25,1
78,49,1
98,17,1
76,34,1
71,30,1
85,42,1
87,19,1
76,5,1
100,42,1
101,35,1
93,27,1
83,8,1
89,46,1
71,21,1
102,29,1
90,44,1
87,29,1
69,11,1
88,21,1
72,25,1
94,29,1
74,39,1
98,44,1
73,22,1
82,43,1
87,8,1
78,29,1
65,17,1
64,36,1
69,10,1
97,20,1
88,47,1
88,36,1
72,13,1
69,23,1
99,40,1
96,14,1
92,44,1
91,39,1
110,25,1
88,19,1
82,8,1
95,37,1
102,33,1
72,10,1
96,17,1
67,32,1
99,14,1
101,19,1
89,43,1
70,18,1
105,21,1
65,27,1
82,42,1
76,29,1
86,15,1
74,20,1
82,31,1
97,34,1
90,38,1
88,10,1
93,41,1
89,41,1
105,16,1
94,6,1
94,47,1
83,48,1
77,16,1
88,29,1
80,28,1
105,34,1
101,29,1
70,24,1
61,27,1
91,12,1
88,26,1
67,14,1
100,33,1
67,20,1
99,20,1
85,26,1
78,28,1
64,12,1
103,12,1
99,14,1
99,17,1
82,48,1
