46,27,0
42,31,0
17,17,0
17,37,0
26,4,0
46,30,0
39,21,0
28,15,0
13,41,0
39,7,0
29,11,0
5,14,0
17,22,0
44,13,0
40,42,0
30,16,0
20,35,0
27,3,0
23,20,0
12,34,0
36,3,0
27,4,0
32,23,0
33,44,0
33,27,0
34,29,0
33,14,0
16,2,0
49,21,0
39,5,0
2,30,0
6,41,0
24,34,0
4,13,0
27,40,0
28,45,0
43,11,0
29,1,0
34,19,0
6,11,0
23,8,0
27,20,0
24,14,0
26,29,0
36,8,0
7,27,0
5,31,0
37,34,0
20,40,0
36,20,0
24,13,0
14,25,0
18,40,0
1,28,0
33,11,0
35,13,0
19,31,0
21,6,0
9,11,0
30,6,0
25,21,0
39,43,0
34,29,0
10,10,0
25,9,0
14,13,0
37,30,0
25,6,0
14,18,0
15,20,0
45,12,0
10,25,0
10,17,0
26,9,0
48,19,0
34,43,0
15,17,0
0,25,0
23,17,0
24,35,0
35,46,0
31,1,0
38,26,0
35,14,0
45,18,0
13,18,0
28,39,0
13,43,0
18,37,0
26,46,0
34,19,0
21,1,0
10,26,0
35,40,0
25,26,0
44,28,0
30,12,0
8,11,0
7,42,0
31,26,0
40,41,0
48,34,0
9,10,0
9,31,0
26,24,0
32,5,0
46,15,0
4,14,0
4,28,0
38,4,0
10,28,0
38,21,0
20,49,0
29,3,0
12,24,0
33,25,0
29,40,0
16,47,0
32,3,0
35,18,0
42,35,0
49,24,0
24,13,0
48,27,0
15,46,0
30,4,0
15,7,0
23,1,0
9,39,0
18,43,0
14,5,0
25,32,0
3,36,0
28,29,0
5,34,0
46,26,0
23,40,0
6,33,0
1,31,0
16,19,0
46,29,0
19,32,0
12,30,0
38,30,0
6,9,0
19,10,0
34,48,0
42,13,0
16,32,0
34,17,0
17,23,0
36,47,0
18,2,0
24,30,0
45,13,0
15,24,0
43,27,0
17,15,0
6,33,0
15,33,0
4,29,0
17,15,0
35,14,0
16,34,0
19,2,0
41,13,0
20,10,0
14,26,0
14,44,0
23,14,0
34,15,0
29,34,0
3,23,0
30,16,0
38,19,0
42,19,0
31,4,0
30,28,0
28,18,0
4,15,0
17,45,0
5,39,0
16,47,0
17,44,0
37,42,0
12,12,0
15,13,0
35,11,0
41,23,0
37,23,0
3,14,0
11,28,0
38,29,0
12,8,0
7,13,0
33,29,0
40,43,0
38,24,0
21,4,0
11,27,0
12,22,0
27,37,0
36,22,0
46,22,0
45,25,0
28,39,0
21,4,0
25,31,0
11,35,0
15,46,0
23,15,0
33,47,0
49,24,0
28,8,0
30,36,0
23,48,0
15,43,0
23,7,0
12,10,0
37,9,0
46,25,0
27,26,0
2,18,0
46,25,0
36,38,0
31,30,0
27,28,0
25,10,0
26,34,0
29,27,0
18,14,0
12,11,0
43,37,0
19,27,0
28,18,0
26,22,0
42,43,0
0,25,0
23,23,0
39,16,0
41,34,0
18,17,0
28,3,0
40,32,0
26,36,0
2,29,0
28,25,0
25,20,0
4,35,0
28,32,0
73,26,1
70,14,1
74,36,1
74,36,1
78,5,1
78,35,1
58,23,1
91,44,1
86,29,1
85,34,1
96,32,1
63,24,1
78,13,1
82,28,1
62,23,1
93,38,1
89,8,1
77,22,1
67,16,1
68,1,1
96,36,1
92,41,1
82,16,1
58,40,1
93,9,1
87,12,1
79,27,1
85,42,1
78,40,1
65,20,1
82,3,1
67,30,1
94,19,1
88,32,1
89,30,1
82,4,1
75,12,1
55,13,1
78,8,1
92,29,1
56,10,1
88,24,1
75,10,1
80,43,1
76,34,1
97,19,1
77,6,1
97,14,1
76,25,1
61,15,1
82,5,1
71,12,1
58,14,1
86,36,1
73,22,1
52,29,1
99,31,1
77,47,1
81,4,1
96,31,1
91,15,1
86,35,1
85,20,1
64,40,1
86,39,1
71,3,1
61,7,1
78,21,1
74,37,1
60,20,1
99,29,1
80,25,1
61,45,1
68,29,1
73,35,1
72,43,1
81,19,1
65,3,1
85,6,1
81,10,1
59,44,1
63,11,1
73,15,1
69,49,1
55,37,1
92,11,1
82,39,1
98,17,1
95,28,1
78,9,1
82,35,1
68,41,1
70,5,1
64,47,1
80,35,1
82,6,1
80,1,1
61,44,1
91,41,1
52,28,1
59,31,1
83,31,1
72,46,1
59,14,1
88,45,1
95,40,1
76,45,1
61,34,1
97,21,1
75,36,1
63,39,1
63,17,1
58,13,1
93,23,1
89,8,1
94,14,1
81,14,1
79,40,1
71,19,1
96,20,1
54,30,1
80,40,1
91,15,1
56,30,1
88,27,1
65,36,1
57,12,1
81,14,1
84,19,1
98,21,1
84,29,1
95,18,1
59,40,1
93,33,1
66,40,1
96,22,1
68,25,1
60,38,1
69,46,1
77,4,1
78,48,1
83,25,1
82,40,1
83,28,1
62,39,1
78,10,1
84,8,1
82,36,1
84,23,1
55,24,1
93,31,1
83,8,1
85,6,1
81,46,1
77,4,1
83,24,1
92,25,1
72,19,1
61,7,1
61,22,1
68,27,1
69,33,1
90,43,1
87,18,1
63,13,1
72,24,1
57,33,1
76,24,1
67,19,1
86,3,1
73,48,1
51,21,1
63,24,1
65,40,1
89,20,1
97,20,1
72,40,1
81,10,1
62,43,1
83,44,1
71,30,1
80,1,1
99,29,1
81,3,1
63,31,1
83,24,1
82,3,1
71,45,1
68,42,1
89,31,1
87,18,1
75,42,1
72,3,1
71,45,1
95,14,1
67,47,1
74,4,1
62,16,1
76,44,1
76,15,1
79,10,1
62,32,1
57,16,1
98,28,1
70,15,1
87,17,1
80,9,1
82,11,1
67,40,1
55,30,1
73,45,1
93,19,1
69,34,1
60,39,1
80,13,1
84,14,1
78,1,1
76,44,1
64,35,1
80,2,1
81,24,1
67,40,1
85,7,1
90,35,1
97,16,1
75,47,1
75,48,1
80,5,1
72,48,1
72,21,1
81,26,1
97,18,1
79,17,1
68,9,1
73,33,1
73,24,1
81,42,1
76,43,1
58,34,1
63,40,1
56,32,1
88,40,1
55,29,1
88,29,1
72,5,1
57,30,1
83,26,1
76,29,1
87,13,1
60,16,1
