39,22,0
24,12,0
28,6,0
4,23,0
2,30,0
43,41,0
36,24,0
6,16,0
19,36,0
16,9,0
8,21,0
33,2,0
36,35,0
12,26,0
27,25,0
36,28,0
40,6,0
49,32,0
13,5,0
23,34,0
13,30,0
32,42,0
27,37,0
22,26,0
10,31,0
14,41,0
31,15,0
22,12,0
36,17,0
2,21,0
29,18,0
7,31,0
43,9,0
23,48,0
29,40,0
13,43,0
43,22,0
31,49,0
17,17,0
35,38,0
7,39,0
47,30,0
31,14,0
24,13,0
39,24,0
33,10,0
21,45,0
26,13,0
16,47,0
27,26,0
3,29,0
23,4,0
11,45,0
13,13,0
28,42,0
7,31,0
12,4,0
26,41,0
6,20,0
31,25,0
36,8,0
2,31,0
35,17,0
23,11,0
8,41,0
16,41,0
27,42,0
48,25,0
44,33,0
25,13,0
43,21,0
28,43,0
36,18,0
10,34,0
25,28,0
20,26,0
26,6,0
39,11,0
37,24,0
26,35,0
3,14,0
13,34,0
38,43,0
6,31,0
34,32,0
46,24,0
22,36,0
15,31,0
19,8,0
31,2,0
16,4,0
17,31,0
22,47,0
8,34,0
19,12,0
24,4,0
4,22,0
23,28,0
8,34,0
18,6,0
13,35,0
14,46,0
31,49,0
6,32,0
23,24,0
33,38,0
23,2,0
19,38,0
10,41,0
22,15,0
36,32,0
40,19,0
47,14,0
8,24,0
11,10,0
21,33,0
27,14,0
24,48,0
48,17,0
31,33,0
37,29,0
38,13,0
3,18,0
17,28,0
17,9,0
10,15,0
26,38,0
7,13,0
40,38,0
31,6,0
20,33,0
35,45,0
12,7,0
30,38,0
37,8,0
24,27,0
13,28,0
13,39,0
46,27,0
15,30,0
18,23,0
37,22,0
31,31,0
21,46,0
41,33,0
21,4,0
33,33,0
20,34,0
29,36,0
45,19,0
24,43,0
33,2,0
35,25,0
11,32,0
39,28,0
23,19,0
28,32,0
18,5,0
34,22,0
15,21,0
35,6,0
39,36,0
45,35,0
33,2,0
11,44,0
19,47,0
19,7,0
28,4,0
34,47,0
15,41,0
9,13,0
21,35,0
16,34,0
41,19,0
43,17,0
3,14,0
5,28,0
32,36,0
10,26,0
9,27,0
33,9,0
23,47,0
33,32,0
34,37,0
45,25,0
24,15,0
4,16,0
36,14,0
8,25,0
45,17,0
32,15,0
34,34,0
42,21,0
14,47,0
27,24,0
21,15,0
24,38,0
10,7,0
15,25,0
19,36,0
39,8,0
32,5,0
34,31,0
9,18,0
12,14,0
26,29,0
38,23,0
18,42,0
31,35,0
48,22,0
46,31,0
47,23,0
24,19,0
25,20,0
9,17,0
22,33,0
47,33,0
19,33,0
45,22,0
13,13,0
26,32,0
17,21,0
16,36,0
22,39,0
19,32,0
10,11,0
44,21,0
27,17,0
41,16,0
17,35,0
11,29,0
37,24,0
23,34,0
1,18,0
26,27,0
24,17,0
37,27,0
1,31,0
2,28,0
42,35,0
43,33,0
24,9,0
29,44,0
34,3,0
28,21,0
17,43,0
41,9,0
24,28,0
14,9,0
8,28,0
309,36,1
300,34,1
304,37,1
317,38,1
301,41,1
296,3,1
320,33,1
283,15,1
291,27,1
314,3,1
290,9,1
284,20,1
314,8,1
312,39,1
305,15,1
290,5,1
317,16,1
305,49,1
323,41,1
293,18,1
322,12,1
285,32,1
297,47,1
305,0,1
294,11,1
312,44,1
318,29,1
292,33,1
300,1,1
284,35,1
307,30,1
308,30,1
285,15,1
326,13,1
302,31,1
307,27,1
293,8,1
308,47,1
314,21,1
295,39,1
307,19,1
325,11,1
285,30,1
314,11,1
323,11,1
314,33,1
299,25,1
290,37,1
321,26,1
301,40,1
299,25,1
316,47,1
318,4,1
329,23,1
297,47,1
321,24,1
292,40,1
320,5,1
310,7,1
308,23,1
316,5,1
300,32,1
320,31,1
294,44,1
305,1,1
288,28,1
290,21,1
304,24,1
315,33,1
324,10,1
282,28,1
321,30,1
297,17,1
313,7,1
292,8,1
327,14,1
284,38,1
300,2,1
293,13,1
317,45,1
299,17,1
307,31,1
291,32,1
324,19,1
288,43,1
322,11,1
313,14,1
304,13,1
283,17,1
300,41,1
310,31,1
304,43,1
296,23,1
310,23,1
304,26,1
314,46,1
282,25,1
310,27,1
312,46,1
324,15,1
296,27,1
286,17,1
301,24,1
329,25,1
327,26,1
312,14,1
281,20,1
319,40,1
316,30,1
328,26,1
324,30,1
310,38,1
309,30,1
307,25,1
309,36,1
305,11,1
325,29,1
326,23,1
320,45,1
304,40,1
318,25,1
300,30,1
329,31,1
285,22,1
303,12,1
311,35,1
325,36,1
319,11,1
308,17,1
283,14,1
293,19,1
285,29,1
321,37,1
312,39,1
326,33,1
326,21,1
296,15,1
301,32,1
291,29,1
305,31,1
286,32,1
315,17,1
318,39,1
301,46,1
305,31,1
308,4,1
319,23,1
321,29,1
314,48,1
315,17,1
287,22,1
294,46,1
306,1,1
314,37,1
301,8,1
302,2,1
319,35,1
281,27,1
290,23,1
297,32,1
311,16,1
315,18,1
301,5,1
318,33,1
308,23,1
302,42,1
316,3,1
294,22,1
305,21,1
303,40,1
288,15,1
302,28,1
306,46,1
290,17,1
285,24,1
293,30,1
300,39,1
295,29,1
321,35,1
300,16,1
320,14,1
296,4,1
304,38,1
323,28,1
295,45,1
327,19,1
303,25,1
306,34,1
297,26,1
287,30,1
283,19,1
315,46,1
324,15,1
320,42,1
324,39,1
292,6,1
288,28,1
318,29,1
326,33,1
301,3,1
329,20,1
316,19,1
284,21,1
294,46,1
304,20,1
289,7,1
285,30,1
288,21,1
304,31,1
290,38,1
302,29,1
307,39,1
300,13,1
324,39,1
298,5,1
298,2,1
323,16,1
312,37,1
322,17,1
288,19,1
315,36,1
291,37,1
293,27,1
296,48,1
288,10,1
299,4,1
294,23,1
296,22,1
323,36,1
326,18,1
290,24,1
311,29,1
322,38,1
292,36,1
292,24,1
325,20,1
283,15,1
308,38,1
316,24,1
323,42,1
282,29,1
315,9,1
315,5,1
312,46,1
307,20,1
311,13,1
300,29,1
297,24,1
295,45,1
298,33,1
