29,24,0
9,22,0
15,12,0
33,15,0
31,49,0
35,11,0
11,15,0
12,23,0
32,33,0
21,28,0
28,40,0
41,6,0
18,3,0
29,5,0
8,34,0
10,27,0
11,35,0
16,40,0
25,7,0
44,16,0
32,21,0
26,5,0
10,27,0
48,30,0
20,36,0
42,15,0
8,36,0
38,24,0
23,20,0
14,7,0
38,18,0
45,22,0
39,8,0
16,23,0
34,25,0
17,42,0
17,21,0
25,21,0
16,34,0
25,12,0
8,28,0
13,15,0
25,5,0
15,3,0
23,8,0
39,24,0
12,14,0
13,21,0
13,37,0
48,18,0
11,20,0
19,41,0
6,34,0
14,47,0
17,2,0
47,36,0
16,5,0
11,20,0
11,30,0
42,40,0
15,34,0
40,5,0
18,12,0
28,5,0
38,14,0
12,29,0
22,43,0
30,7,0
1,20,0
18,4,0
24,20,0
24,22,0
3,17,0
24,39,0
29,42,0
8,14,0
27,19,0
19,11,0
30,3,0
42,8,0
37,32,0
40,14,0
40,24,0
48,21,0
21,28,0
3,25,0
24,40,0
45,24,0
5,11,0
19,37,0
25,11,0
19,21,0
16,33,0
40,16,0
46,28,0
24,5,0
5,24,0
28,12,0
10,43,0
27,21,0
1,23,0
22,23,0
14,19,0
47,17,0
8,15,0
17,35,0
29,22,0
20,44,0
36,19,0
30,2,0
40,16,0
47,33,0
17,30,0
46,20,0
12,36,0
8,28,0
37,44,0
32,48,0
26,19,0
39,24,0
6,32,0
26,19,0
40,25,0
2,25,0
11,30,0
20,33,0
22,1,0
15,7,0
20,48,0
23,15,0
9,19,0
38,20,0
20,34,0
2,25,0
0,25,0
28,39,0
6,14,0
29,40,0
31,28,0
30,21,0
24,5,0
15,21,0
9,44,0
47,20,0
13,6,0
42,30,0
38,28,0
15,17,0
6,16,0
15,27,0
22,16,0
31,28,0
31,24,0
24,38,0
24,44,0
35,7,0
9,10,0
34,12,0
38,30,0
28,13,0
28,17,0
41,43,0
40,18,0
25,7,0
34,45,0
42,34,0
24,38,0
30,49,0
24,9,0
35,24,0
45,16,0
16,4,0
31,6,0
14,42,0
14,3,0
26,35,0
34,18,0
37,30,0
18,31,0
39,11,0
25,36,0
31,44,0
42,18,0
34,20,0
18,47,0
27,29,0
41,23,0
32,27,0
15,11,0
31,28,0
17,20,0
6,34,0
22,19,0
15,34,0
28,38,0
20,28,0
34,48,0
40,14,0
13,25,0
25,4,0
20,11,0
28,39,0
49,19,0
34,39,0
27,28,0
8,34,0
29,28,0
12,23,0
10,24,0
34,45,0
21,21,0
42,8,0
13,23,0
35,12,0
32,45,0
11,23,0
10,7,0
9,6,0
35,4,0
17,41,0
7,27,0
36,39,0
42,43,0
28,4,0
30,3,0
17,24,0
15,15,0
39,7,0
25,7,0
16,14,0
26,30,0
31,47,0
18,18,0
20,43,0
40,42,0
33,38,0
44,22,0
35,7,0
16,19,0
19,23,0
20,26,0
1,21,0
19,11,0
33,15,0
30,46,0
34,10,0
38,43,0
28,29,0
4,29,0
22,22,0
72,12,1
66,14,1
45,29,1
40,42,1
45,7,1
53,30,1
44,33,1
46,35,1
63,19,1
40,9,1
37,14,1
35,26,1
31,21,1
41,36,1
60,35,1
77,33,1
67,28,1
51,14,1
59,47,1
58,5,1
56,22,1
32,21,1
57,46,1
36,20,1
39,20,1
46,47,1
76,29,1
43,34,1
64,33,1
79,28,1
67,12,1
73,10,1
65,27,1
58,7,1
66,10,1
60,21,1
72,15,1
72,16,1
46,2,1
45,37,1
32,23,1
32,33,1
49,22,1
56,9,1
62,1,1
63,19,1
34,38,1
64,42,1
60,49,1
49,13,1
45,3,1
44,10,1
39,17,1
38,12,1
67,13,1
35,25,1
37,11,1
52,4,1
42,34,1
46,11,1
59,13,1
69,22,1
51,8,1
60,44,1
60,34,1
66,33,1
59,39,1
51,18,1
34,16,1
70,26,1
54,37,1
63,44,1
73,20,1
45,28,1
62,35,1
50,25,1
34,24,1
76,22,1
54,34,1
67,5,1
60,40,1
53,7,1
59,12,1
39,28,1
47,9,1
43,35,1
60,4,1
36,34,1
43,8,1
76,31,1
47,36,1
36,36,1
69,26,1
70,23,1
52,29,1
31,30,1
69,26,1
51,27,1
41,8,1
40,8,1
49,30,1
68,11,1
36,20,1
37,38,1
48,46,1
37,31,1
65,16,1
64,24,1
74,24,1
71,42,1
51,11,1
69,9,1
73,9,1
58,26,1
45,31,1
37,15,1
39,33,1
41,29,1
78,29,1
39,11,1
40,10,1
36,26,1
69,43,1
69,11,1
76,19,1
70,23,1
51,2,1
45,23,1
38,8,1
60,32,1
74,17,1
35,39,1
52,44,1
51,11,1
72,29,1
61,21,1
61,28,1
60,15,1
45,47,1
45,16,1
39,14,1
36,12,1
52,3,1
49,8,1
37,19,1
61,15,1
76,35,1
48,27,1
39,26,1
35,31,1
59,26,1
42,43,1
32,26,1
74,19,1
64,17,1
46,17,1
45,37,1
66,37,1
54,25,1
66,17,1
61,46,1
45,24,1
66,38,1
70,19,1
39,28,1
77,36,1
32,32,1
62,10,1
69,40,1
65,46,1
61,4,1
65,31,1
51,40,1
43,19,1
74,12,1
48,22,1
66,45,1
55,21,1
61,9,1
70,34,1
64,2,1
72,24,1
68,45,1
78,18,1
67,27,1
42,18,1
44,9,1
79,28,1
56,22,1
55,35,1
40,20,1
73,22,1
44,18,1
51,7,1
62,36,1
58,41,1
69,16,1
34,28,1
53,15,1
74,38,1
65,25,1
71,28,1
37,36,1
57,11,1
38,20,1
58,44,1
57,18,1
39,40,1
46,8,1
62,25,1
74,18,1
36,22,1
55,18,1
41,33,1
54,8,1
31,30,1
43,46,1
68,9,1
44,31,1
64,14,1
62,18,1
53,25,1
65,36,1
38,25,1
40,40,1
52,25,1
64,33,1
72,20,1
56,32,1
66,35,1
77,33,1
69,29,1
67,4,1
46,25,1
67,33,1
60,5,1
67,34,1
59,18,1
48,9,1
68,15,1
56,42,1
49,22,1
49,13,1
42,32,1
35,28,1
67,17,1
43,45,1
69,9,1
44,22,1
36,36,1
