34,48,0
34,16,0
24,4,0
14,30,0
37,46,0
43,31,0
21,13,0
36,13,0
40,36,0
21,45,0
9,43,0
15,41,0
37,28,0
8,8,0
5,40,0
20,49,0
10,8,0
8,30,0
23,2,0
26,21,0
31,16,0
14,33,0
36,11,0
15,45,0
4,24,0
11,29,0
31,46,0
36,12,0
12,11,0
46,30,0
33,4,0
30,31,0
3,15,0
45,11,0
36,3,0
12,9,0
12,33,0
35,45,0
29,14,0
32,5,0
15,19,0
34,46,0
31,35,0
32,3,0
28,4,0
36,40,0
20,31,0
47,31,0
40,26,0
13,4,0
38,38,0
13,5,0
1,30,0
48,31,0
15,42,0
23,22,0
18,5,0
7,16,0
8,20,0
20,42,0
8,32,0
7,31,0
4,18,0
10,9,0
23,32,0
19,19,0
46,19,0
6,32,0
20,12,0
20,27,0
4,16,0
16,23,0
22,22,0
4,26,0
23,5,0
37,33,0
12,39,0
27,34,0
18,22,0
43,9,0
50,25,0
46,17,0
41,33,0
13,43,0
48,23,0
37,14,0
20,2,0
31,42,0
36,30,0
10,19,0
24,44,0
7,33,0
32,35,0
4,31,0
45,32,0
15,15,0
47,26,0
47,15,0
13,43,0
31,32,0
36,45,0
7,42,0
14,13,0
5,25,0
31,40,0
47,17,0
19,41,0
46,30,0
40,13,0
30,44,0
19,36,0
30,18,0
25,15,0
3,35,0
35,20,0
17,12,0
15,11,0
19,21,0
11,9,0
20,24,0
26,6,0
16,47,0
29,18,0
26,20,0
34,28,0
45,24,0
36,29,0
43,21,0
2,20,0
46,20,0
19,19,0
2,22,0
9,27,0
9,19,0
43,14,0
33,28,0
19,44,0
13,18,0
21,40,0
47,14,0
33,12,0
19,21,0
17,12,0
22,26,0
8,20,0
20,24,0
44,23,0
26,8,0
30,27,0
31,24,0
10,44,0
13,11,0
38,29,0
14,32,0
42,18,0
12,20,0
43,21,0
12,23,0
23,24,0
37,38,0
33,8,0
34,33,0
17,47,0
38,37,0
19,18,0
6,25,0
6,25,0
4,29,0
34,11,0
39,34,0
49,27,0
10,33,0
21,49,0
27,24,0
31,4,0
22,48,0
13,11,0
31,27,0
44,33,0
48,24,0
34,41,0
25,16,0
30,22,0
49,32,0
30,47,0
37,23,0
8,28,0
32,18,0
22,25,0
17,7,0
12,7,0
22,13,0
10,22,0
16,15,0
36,31,0
39,5,0
3,34,0
19,34,0
10,38,0
3,35,0
19,46,0
30,27,0
15,8,0
12,5,0
35,35,0
4,19,0
5,23,0
32,31,0
30,45,0
41,42,0
36,18,0
46,19,0
38,25,0
40,28,0
41,19,0
20,18,0
45,38,0
27,23,0
46,15,0
34,38,0
4,27,0
27,47,0
31,24,0
33,14,0
29,31,0
36,26,0
15,26,0
27,15,0
49,25,0
47,23,0
14,12,0
26,1,0
20,17,0
34,2,0
41,25,0
25,47,0
29,4,0
44,17,0
17,38,0
22,4,0
38,41,0
27,29,0
31,4,0
2,25,0
5,23,0
32,17,0
13,20,0
18,33,0
12,42,0
31,23,0
49,1,1
40,20,1
29,20,1
24,20,1
33,38,1
41,17,1
56,17,1
33,45,1
57,27,1
49,1,1
43,43,1
48,18,1
44,27,1
51,31,1
61,33,1
53,46,1
37,23,1
53,34,1
27,28,1
43,46,1
31,15,1
57,45,1
45,31,1
37,36,1
31,39,1
67,15,1
41,36,1
23,35,1
39,19,1
30,42,1
39,49,1
48,12,1
48,9,1
52,8,1
51,35,1
57,14,1
55,25,1
44,17,1
50,5,1
25,31,1
61,14,1
35,18,1
29,23,1
33,38,1
49,22,1
61,29,1
64,17,1
54,8,1
49,2,1
29,22,1
46,40,1
25,39,1
52,1,1
35,27,1
62,39,1
52,13,1
36,32,1
28,21,1
48,48,1
50,44,1
64,23,1
60,43,1
41,4,1
52,14,1
21,24,1
45,45,1
46,11,1
60,23,1
36,26,1
66,35,1
55,12,1
62,14,1
61,14,1
67,25,1
55,12,1
52,32,1
45,46,1
56,12,1
44,34,1
57,6,1
46,4,1
68,29,1
59,39,1
49,19,1
40,4,1
26,29,1
40,48,1
29,20,1
45,21,1
30,5,1
44,46,1
23,18,1
21,18,1
62,32,1
57,10,1
47,37,1
67,25,1
24,13,1
52,2,1
46,43,1
30,30,1
45,32,1
61,22,1
65,28,1
45,48,1
56,47,1
63,34,1
45,41,1
52,2,1
58,32,1
51,25,1
33,40,1
33,23,1
34,26,1
68,33,1
35,6,1
49,32,1
39,13,1
61,19,1
47,4,1
26,11,1
34,3,1
68,33,1
60,26,1
26,29,1
43,11,1
62,32,1
61,9,1
43,35,1
51,14,1
55,28,1
44,31,1
27,22,1
36,31,1
62,13,1
23,36,1
39,26,1
35,44,1
32,32,1
30,23,1
32,18,1
47,5,1
38,17,1
58,37,1
45,47,1
51,21,1
57,20,1
66,16,1
32,15,1
21,24,1
34,41,1
58,10,1
42,27,1
57,26,1
52,27,1
50,42,1
26,38,1
34,22,1
30,18,1
25,19,1
33,41,1
27,17,1
59,41,1
28,11,1
36,17,1
60,6,1
30,13,1
47,2,1
49,2,1
63,27,1
27,30,1
49,23,1
37,40,1
61,15,1
31,31,1
62,37,1
50,13,1
46,47,1
50,42,1
38,42,1
68,23,1
47,40,1
60,28,1
35,18,1
61,38,1
25,19,1
53,6,1
40,17,1
47,36,1
46,29,1
52,13,1
22,28,1
57,46,1
29,14,1
51,28,1
26,25,1
24,12,1
59,22,1
46,20,1
61,29,1
25,34,1
44,15,1
54,7,1
59,29,1
43,3,1
67,16,1
46,21,1
64,21,1
67,35,1
66,12,1
36,28,1
61,42,1
35,26,1
57,22,1
50,43,1
47,46,1
60,44,1
53,36,1
27,30,1
35,27,1
57,8,1
44,28,1
54,47,1
35,9,1
56,30,1
61,15,1
58,37,1
60,21,1
26,41,1
60,12,1
32,25,1
21,20,1
55,45,1
43,37,1
52,37,1
45,24,1
43,34,1
48,15,1
48,43,1
59,17,1
38,24,1
46,41,1
54,5,1
25,28,1
58,30,1
26,18,1
55,3,1
40,29,1
31,6,1
35,16,1
