31,29,0
42,34,0
24,8,0
23,10,0
38,44,0
20,46,0
43,37,0
9,40,0
9,26,0
30,40,0
41,6,0
17,39,0
45,15,0
28,31,0
8,43,0
30,11,0
38,20,0
28,37,0
36,16,0
33,3,0
17,32,0
48,17,0
40,20,0
26,39,0
45,40,0
10,43,0
9,16,0
32,30,0
46,20,0
34,25,0
34,39,0
10,37,0
42,20,0
21,34,0
8,7,0
36,14,0
36,42,0
36,18,0
41,11,0
41,18,0
37,29,0
20,47,0
32,39,0
42,24,0
17,30,0
21,45,0
14,18,0
42,41,0
24,1,0
12,15,0
19,4,0
23,46,0
1,22,0
10,19,0
16,17,0
35,42,0
27,3,0
20,30,0
9,32,0
21,13,0
39,15,0
27,38,0
38,22,0
31,39,0
21,43,0
34,13,0
38,31,0
14,11,0
14,22,0
5,29,0
36,32,0
23,21,0
27,18,0
34,27,0
37,12,0
30,1,0
4,32,0
46,37,0
32,16,0
28,44,0
33,22,0
30,26,0
35,17,0
31,16,0
31,19,0
2,22,0
22,33,0
6,26,0
46,13,0
33,11,0
4,18,0
1,21,0
45,12,0
25,18,0
30,20,0
3,27,0
35,44,0
13,19,0
39,5,0
16,20,0
42,43,0
28,9,0
35,10,0
37,27,0
17,27,0
6,31,0
15,3,0
29,13,0
25,43,0
42,12,0
16,35,0
40,22,0
11,42,0
19,41,0
16,45,0
37,24,0
35,47,0
32,16,0
12,40,0
8,16,0
35,21,0
37,19,0
40,27,0
31,26,0
32,32,0
32,18,0
25,21,0
44,23,0
31,20,0
35,46,0
40,27,0
12,4,0
34,41,0
43,12,0
44,24,0
30,21,0
35,8,0
3,27,0
47,25,0
24,36,0
15,31,0
42,28,0
47,28,0
18,16,0
32,31,0
11,31,0
34,4,0
24,24,0
19,12,0
9,41,0
9,12,0
24,39,0
19,23,0
40,18,0
8,42,0
32,30,0
32,25,0
25,50,0
6,38,0
2,29,0
33,2,0
19,15,0
30,21,0
49,25,0
17,35,0
47,36,0
7,12,0
37,8,0
4,28,0
34,34,0
41,19,0
6,34,0
25,36,0
21,32,0
23,8,0
26,26,0
31,16,0
11,34,0
7,38,0
22,3,0
29,15,0
33,16,0
41,23,0
19,42,0
9,13,0
22,46,0
23,42,0
2,16,0
29,37,0
30,13,0
10,16,0
15,23,0
23,45,0
11,43,0
8,40,0
10,34,0
27,16,0
15,29,0
38,12,0
49,29,0
26,39,0
26,45,0
11,44,0
40,32,0
6,21,0
13,5,0
23,34,0
42,28,0
16,8,0
20,31,0
5,15,0
1,30,0
30,44,0
16,24,0
25,15,0
41,38,0
26,10,0
36,35,0
16,36,0
45,40,0
40,12,0
21,49,0
31,46,0
23,33,0
17,18,0
37,4,0
42,40,0
31,49,0
7,10,0
42,7,0
21,18,0
3,35,0
4,32,0
3,28,0
11,8,0
30,5,0
12,22,0
15,42,0
3,16,0
7,10,0
22,14,0
34,17,0
6,38,0
19,16,0
10,8,0
25,13,0
31,19,0
9,26,0
35,28,0
40,33,0
42,4,1
56,3,1
51,1,1
31,32,1
31,33,1
41,1,1
31,25,1
45,49,1
66,36,1
26,12,1
50,32,1
35,36,1
69,27,1
63,30,1
59,28,1
31,13,1
66,35,1
32,28,1
57,10,1
27,17,1
57,34,1
32,17,1
42,23,1
27,13,1
45,9,1
44,34,1
29,39,1
41,19,1
60,41,1
69,27,1
46,48,1
32,41,1
40,15,1
28,23,1
47,19,1
56,44,1
58,39,1
52,10,1
45,16,1
68,18,1
62,30,1
32,39,1
42,29,1
45,48,1
23,22,1
47,3,1
55,45,1
48,4,1
46,8,1
53,15,1
63,9,1
32,19,1
54,40,1
51,41,1
53,34,1
56,42,1
66,33,1
48,6,1
42,49,1
42,6,1
44,7,1
30,39,1
44,49,1
29,20,1
56,42,1
43,33,1
24,29,1
59,43,1
62,16,1
61,39,1
51,9,1
49,28,1
60,25,1
41,14,1
59,5,1
35,17,1
33,9,1
36,26,1
41,39,1
23,24,1
65,26,1
38,36,1
49,38,1
25,37,1
41,16,1
67,30,1
48,42,1
28,40,1
44,9,1
54,41,1
31,14,1
45,18,1
28,21,1
68,29,1
25,14,1
61,42,1
52,46,1
62,20,1
41,23,1
52,15,1
60,13,1
31,12,1
38,45,1
44,17,1
57,21,1
69,27,1
40,41,1
35,23,1
42,47,1
25,16,1
25,10,1
44,5,1
36,38,1
24,20,1
60,34,1
49,49,1
33,43,1
63,36,1
57,12,1
57,8,1
27,9,1
51,34,1
53,41,1
56,25,1
45,23,1
33,28,1
66,30,1
42,4,1
51,7,1
44,3,1
22,24,1
43,10,1
26,32,1
52,25,1
41,15,1
68,29,1
61,35,1
45,41,1
60,45,1
64,31,1
38,45,1
39,35,1
56,8,1
34,36,1
32,9,1
49,4,1
62,23,1
28,24,1
60,24,1
47,48,1
29,14,1
32,27,1
48,5,1
67,35,1
24,24,1
28,35,1
30,34,1
58,43,1
57,29,1
67,27,1
52,18,1
27,10,1
53,37,1
61,24,1
60,38,1
43,11,1
34,29,1
61,36,1
47,34,1
30,12,1
40,35,1
40,37,1
42,32,1
23,20,1
59,9,1
26,24,1
56,5,1
26,38,1
50,20,1
52,16,1
33,25,1
54,5,1
43,3,1
44,11,1
64,29,1
40,27,1
50,18,1
38,39,1
45,9,1
42,10,1
66,35,1
45,25,1
53,45,1
37,33,1
36,36,1
42,29,1
29,33,1
25,32,1
40,37,1
22,34,1
62,8,1
50,13,1
25,24,1
24,14,1
54,29,1
30,36,1
22,22,1
34,22,1
61,35,1
34,47,1
53,16,1
49,40,1
45,8,1
39,43,1
38,11,1
57,30,1
40,17,1
50,11,1
29,40,1
46,5,1
57,27,1
32,11,1
57,41,1
49,2,1
46,17,1
28,40,1
29,34,1
30,6,1
38,43,1
51,20,1
59,43,1
52,49,1
57,13,1
61,33,1
39,34,1
54,10,1
56,10,1
48,30,1
42,25,1
29,43,1
48,14,1
68,31,1
23,35,1
26,13,1
60,26,1
60,33,1
55,28,1
66,12,1
50,11,1
52,45,1
