43,10,0
44,13,0
21,27,0
26,9,0
19,34,0
11,32,0
10,21,0
29,21,0
32,16,0
29,2,0
48,30,0
21,7,0
30,19,0
25,0,0
49,29,0
24,37,0
9,34,0
26,17,0
43,36,0
2,17,0
8,9,0
12,33,0
45,20,0
22,16,0
29,37,0
27,32,0
34,37,0
25,50,0
30,26,0
34,22,0
15,36,0
18,30,0
16,41,0
29,36,0
21,28,0
17,13,0
38,23,0
34,26,0
43,8,0
24,39,0
14,12,0
40,18,0
17,20,0
3,19,0
37,32,0
12,35,0
16,26,0
41,43,0
40,31,0
25,12,0
9,19,0
5,11,0
6,17,0
32,42,0
27,48,0
34,25,0
24,48,0
29,29,0
5,33,0
22,44,0
23,48,0
19,3,0
27,12,0
35,43,0
22,36,0
41,22,0
14,40,0
14,33,0
38,44,0
15,24,0
39,15,0
6,9,0
41,35,0
37,42,0
23,23,0
5,25,0
22,21,0
43,11,0
21,6,0
42,20,0
38,24,0
26,40,0
4,16,0
24,3,0
39,17,0
9,27,0
26,16,0
14,5,0
27,46,0
3,29,0
21,22,0
10,25,0
40,23,0
12,5,0
29,46,0
29,21,0
5,10,0
30,35,0
20,48,0
24,25,0
19,6,0
35,24,0
38,40,0
20,42,0
1,21,0
47,29,0
6,12,0
34,19,0
43,35,0
39,28,0
30,17,0
13,46,0
5,23,0
22,44,0
13,6,0
5,12,0
3,34,0
40,27,0
31,5,0
12,43,0
38,35,0
4,22,0
33,45,0
22,47,0
43,25,0
12,37,0
22,27,0
20,41,0
3,31,0
44,33,0
1,32,0
39,38,0
32,16,0
14,16,0
24,30,0
30,43,0
39,8,0
14,27,0
33,13,0
34,15,0
16,9,0
6,35,0
21,4,0
15,37,0
47,35,0
18,9,0
35,43,0
28,11,0
33,5,0
40,28,0
15,34,0
27,41,0
9,42,0
15,9,0
28,2,0
24,21,0
23,12,0
29,6,0
17,13,0
44,33,0
14,40,0
42,8,0
32,12,0
23,42,0
45,13,0
25,1,0
42,7,0
12,45,0
40,43,0
26,17,0
27,44,0
12,22,0
25,42,0
7,20,0
12,30,0
14,34,0
19,14,0
3,24,0
42,43,0
28,12,0
32,22,0
28,26,0
43,12,0
33,19,0
27,49,0
24,8,0
48,30,0
2,34,0
35,19,0
2,18,0
19,48,0
44,34,0
30,11,0
42,22,0
10,28,0
16,29,0
29,43,0
34,11,0
32,49,0
28,24,0
27,3,0
41,12,0
26,11,0
7,36,0
17,2,0
6,34,0
28,29,0
9,27,0
10,10,0
16,3,0
10,41,0
7,34,0
25,18,0
28,19,0
43,38,0
45,32,0
8,38,0
32,20,0
42,39,0
14,38,0
15,40,0
15,27,0
9,31,0
27,46,0
39,32,0
24,3,0
38,42,0
23,25,0
39,11,0
30,6,0
36,12,0
8,25,0
46,34,0
22,18,0
10,16,0
26,43,0
44,18,0
7,40,0
16,19,0
33,30,0
29,34,0
39,36,0
21,8,0
30,39,0
10,13,0
4,31,0
16,46,0
47,32,0
1,27,0
47,31,0
59,43,1
32,32,1
26,15,1
37,4,1
48,23,1
27,35,1
63,23,1
47,9,1
40,41,1
38,9,1
68,17,1
49,32,1
40,24,1
64,23,1
27,13,1
31,33,1
44,20,1
45,7,1
31,30,1
66,25,1
53,37,1
33,30,1
44,17,1
30,5,1
26,21,1
47,24,1
55,43,1
48,12,1
39,49,1
27,28,1
48,22,1
50,34,1
38,2,1
42,28,1
43,45,1
33,45,1
67,23,1
36,10,1
34,37,1
38,26,1
56,16,1
36,20,1
37,20,1
46,31,1
43,30,1
28,21,1
66,23,1
53,43,1
53,42,1
38,25,1
33,7,1
64,21,1
56,9,1
40,40,1
54,43,1
70,25,1
36,45,1
58,22,1
61,22,1
47,25,1
41,21,1
51,17,1
38,9,1
43,33,1
50,23,1
39,2,1
34,20,1
22,34,1
61,20,1
30,21,1
39,11,1
56,45,1
54,14,1
43,17,1
52,22,1
62,14,1
34,40,1
42,34,1
67,34,1
26,20,1
27,41,1
55,36,1
22,26,1
64,21,1
64,25,1
43,19,1
39,40,1
39,24,1
31,40,1
47,2,1
51,26,1
66,25,1
34,41,1
55,24,1
42,3,1
48,5,1
35,14,1
68,21,1
60,19,1
39,18,1
62,14,1
54,30,1
37,9,1
45,38,1
28,37,1
33,32,1
47,44,1
32,32,1
39,48,1
29,34,1
35,28,1
29,26,1
59,16,1
35,34,1
65,33,1
50,10,1
47,46,1
49,15,1
53,31,1
30,14,1
31,42,1
49,24,1
40,12,1
60,42,1
59,5,1
42,9,1
37,34,1
26,18,1
31,40,1
45,34,1
43,6,1
57,14,1
22,30,1
41,25,1
22,31,1
45,25,1
30,18,1
55,25,1
59,36,1
43,16,1
54,25,1
40,5,1
44,28,1
44,26,1
35,10,1
44,3,1
68,20,1
56,33,1
36,34,1
53,4,1
49,21,1
54,40,1
25,12,1
35,43,1
29,39,1
63,30,1
32,14,1
61,24,1
52,30,1
55,23,1
44,14,1
59,40,1
49,27,1
67,20,1
39,48,1
42,46,1
62,34,1
34,5,1
38,9,1
27,42,1
65,36,1
45,50,1
51,20,1
68,26,1
59,25,1
40,48,1
52,18,1
46,41,1
29,33,1
39,49,1
32,28,1
30,28,1
46,21,1
50,2,1
39,11,1
55,24,1
43,34,1
55,25,1
60,22,1
51,47,1
67,25,1
31,28,1
54,35,1
35,25,1
45,21,1
47,17,1
30,7,1
38,40,1
27,8,1
42,28,1
47,31,1
52,4,1
43,39,1
58,11,1
22,33,1
32,11,1
38,32,1
42,24,1
63,38,1
32,27,1
48,30,1
64,13,1
58,28,1
37,15,1
42,48,1
42,7,1
39,2,1
54,17,1
25,32,1
46,43,1
50,20,1
56,21,1
30,28,1
48,27,1
56,28,1
54,36,1
50,2,1
47,37,1
21,31,1
63,35,1
55,20,1
28,33,1
35,45,1
65,15,1
46,20,1
42,43,1
47,36,1
34,12,1
21,29,1
28,30,1
60,20,1
58,17,1
28,24,1
59,12,1
51,37,1
43,45,1
59,16,1
31,41,1
28,7,1
48,38,1
