10,10,0
19,1,0
49,30,0
15,12,0
30,1,0
8,22,0
43,20,0
27,40,0
42,41,0
35,28,0
4,18,0
23,1,0
24,1,0
41,27,0
41,10,0
41,33,0
43,30,0
7,10,0
7,13,0
36,35,0
19,6,0
8,9,0
36,39,0
33,43,0
43,37,0
20,30,0
22,17,0
2,28,0
42,23,0
10,37,0
29,37,0
19,1,0
47,14,0
35,41,0
13,10,0
17,38,0
16,5,0
16,33,0
40,5,0
46,26,0
46,18,0
2,24,0
38,20,0
4,35,0
43,12,0
47,29,0
9,16,0
20,8,0
19,2,0
11,22,0
9,6,0
45,19,0
40,20,0
7,24,0
39,24,0
45,28,0
14,36,0
30,10,0
21,2,0
11,12,0
2,24,0
19,12,0
37,25,0
25,21,0
21,7,0
46,20,0
6,39,0
26,29,0
44,19,0
16,25,0
27,21,0
42,14,0
41,6,0
45,36,0
44,26,0
7,26,0
41,11,0
29,12,0
46,27,0
6,33,0
17,16,0
30,9,0
34,18,0
11,7,0
32,38,0
13,33,0
33,47,0
29,40,0
37,12,0
31,5,0
20,25,0
30,3,0
10,38,0
26,6,0
23,12,0
28,29,0
8,25,0
33,34,0
22,1,0
12,4,0
17,18,0
40,7,0
38,38,0
22,15,0
2,34,0
23,33,0
27,37,0
41,7,0
25,40,0
26,45,0
23,20,0
40,18,0
27,18,0
7,12,0
45,24,0
42,41,0
21,47,0
28,31,0
8,41,0
45,39,0
38,16,0
21,14,0
7,24,0
22,15,0
6,29,0
18,10,0
30,36,0
7,19,0
13,27,0
37,42,0
20,40,0
28,15,0
11,10,0
35,47,0
14,41,0
45,38,0
5,38,0
47,33,0
39,24,0
25,50,0
28,32,0
14,12,0
37,9,0
14,32,0
6,41,0
12,21,0
32,32,0
19,45,0
18,49,0
16,15,0
16,26,0
31,28,0
27,44,0
5,15,0
12,36,0
36,31,0
2,24,0
47,26,0
2,17,0
30,41,0
25,36,0
36,32,0
10,42,0
37,30,0
43,20,0
40,17,0
17,9,0
29,26,0
28,4,0
2,30,0
11,24,0
19,13,0
42,21,0
26,24,0
21,36,0
29,25,0
35,43,0
42,28,0
22,10,0
24,47,0
39,13,0
17,17,0
37,6,0
5,40,0
33,47,0
27,5,0
18,43,0
14,38,0
26,22,0
4,19,0
20,11,0
30,31,0
23,25,0
8,38,0
9,21,0
19,47,0
14,16,0
19,34,0
39,6,0
24,21,0
25,25,0
10,37,0
15,5,0
46,27,0
19,27,0
41,11,0
2,29,0
18,32,0
11,31,0
25,14,0
16,4,0
11,23,0
12,18,0
10,41,0
38,29,0
13,45,0
26,37,0
17,26,0
35,29,0
8,42,0
47,31,0
42,37,0
27,39,0
49,21,0
20,43,0
40,28,0
44,32,0
26,31,0
40,26,0
6,22,0
41,25,0
46,38,0
10,21,0
38,29,0
16,16,0
28,38,0
46,37,0
43,37,0
34,33,0
20,1,0
14,46,0
15,32,0
37,37,0
20,46,0
2,21,0
15,14,0
5,34,0
15,37,0
3,34,0
15,30,0
41,30,1
65,18,1
68,18,1
40,47,1
57,22,1
62,32,1
37,3,1
52,37,1
30,38,1
28,8,1
56,28,1
29,39,1
22,16,1
51,3,1
26,24,1
32,37,1
23,14,1
69,25,1
26,39,1
43,26,1
50,21,1
57,36,1
28,35,1
44,17,1
44,21,1
50,5,1
62,10,1
67,25,1
55,36,1
41,7,1
45,4,1
52,22,1
64,13,1
37,23,1
49,24,1
38,14,1
27,22,1
59,26,1
53,45,1
53,44,1
51,46,1
53,26,1
63,11,1
28,30,1
54,40,1
52,44,1
36,15,1
60,31,1
40,27,1
61,28,1
47,28,1
23,14,1
46,42,1
53,32,1
52,46,1
30,27,1
41,49,1
34,15,1
39,3,1
44,47,1
42,35,1
64,26,1
47,41,1
56,4,1
60,7,1
68,26,1
57,22,1
42,28,1
50,47,1
43,43,1
32,19,1
46,4,1
41,14,1
54,2,1
24,27,1
68,26,1
41,30,1
37,46,1
55,47,1
55,17,1
63,24,1
31,42,1
60,45,1
67,15,1
23,31,1
61,18,1
59,31,1
45,50,1
61,31,1
38,12,1
38,33,1
41,1,1
58,22,1
30,6,1
31,36,1
40,1,1
29,24,1
62,17,1
36,16,1
57,40,1
28,37,1
58,11,1
48,12,1
31,38,1
54,12,1
48,9,1
42,21,1
60,43,1
59,40,1
41,7,1
61,15,1
56,21,1
43,29,1
45,7,1
38,47,1
57,26,1
61,39,1
46,45,1
25,21,1
45,45,1
53,45,1
21,24,1
35,37,1
64,39,1
30,13,1
58,6,1
49,47,1
57,10,1
44,35,1
37,14,1
64,28,1
34,19,1
29,27,1
60,44,1
61,44,1
46,31,1
49,5,1
56,7,1
55,14,1
58,16,1
50,14,1
34,30,1
30,37,1
59,23,1
43,32,1
28,10,1
45,9,1
44,8,1
62,22,1
43,19,1
40,34,1
46,30,1
33,38,1
34,3,1
30,30,1
31,29,1
31,19,1
53,40,1
53,5,1
26,23,1
31,31,1
29,40,1
59,34,1
54,6,1
45,37,1
38,19,1
60,22,1
46,14,1
53,20,1
41,5,1
55,12,1
35,44,1
49,5,1
47,48,1
32,6,1
33,40,1
28,14,1
56,42,1
64,16,1
53,44,1
45,28,1
36,5,1
50,44,1
59,12,1
60,17,1
34,16,1
29,30,1
63,39,1
46,25,1
47,37,1
48,44,1
49,36,1
45,38,1
63,31,1
55,7,1
37,2,1
26,27,1
69,24,1
51,30,1
56,42,1
52,17,1
61,10,1
39,9,1
38,26,1
38,6,1
42,24,1
45,20,1
60,6,1
62,28,1
26,11,1
41,8,1
64,27,1
22,18,1
21,19,1
64,32,1
69,23,1
33,23,1
67,25,1
34,12,1
48,43,1
36,46,1
46,3,1
30,9,1
59,13,1
49,38,1
39,12,1
28,9,1
65,20,1
31,32,1
43,8,1
22,21,1
40,21,1
37,8,1
66,34,1
23,31,1
69,30,1
59,32,1
65,40,1
52,35,1
44,16,1
65,37,1
46,18,1
32,15,1
39,15,1
46,12,1
56,28,1
54,3,1
29,35,1
56,4,1
56,46,1
