34,46,0
4,15,0
41,8,0
24,35,0
15,5,0
4,38,0
14,9,0
18,6,0
23,30,0
47,35,0
18,17,0
39,44,0
10,43,0
12,43,0
5,37,0
10,14,0
21,44,0
7,31,0
8,34,0
43,17,0
45,16,0
14,29,0
44,25,0
21,37,0
9,13,0
14,13,0
16,4,0
20,21,0
13,40,0
27,10,0
31,13,0
20,19,0
30,12,0
6,35,0
14,23,0
35,45,0
42,41,0
19,38,0
37,41,0
20,48,0
33,40,0
15,45,0
11,6,0
43,14,0
49,26,0
15,28,0
18,17,0
35,3,0
8,18,0
45,28,0
9,19,0
28,31,0
14,47,0
8,40,0
22,14,0
21,18,0
29,34,0
35,9,0
27,41,0
25,42,0
21,5,0
40,21,0
20,34,0
40,40,0
26,49,0
27,5,0
21,2,0
16,2,0
6,31,0
27,20,0
42,23,0
44,40,0
22,37,0
23,46,0
38,31,0
9,27,0
42,19,0
18,39,0
40,34,0
21,6,0
38,16,0
9,35,0
29,27,0
19,15,0
7,19,0
24,26,0
45,21,0
34,38,0
30,42,0
43,8,0
2,33,0
20,29,0
39,14,0
16,38,0
26,16,0
31,23,0
25,40,0
5,26,0
19,7,0
36,28,0
38,28,0
32,36,0
43,9,0
13,12,0
44,35,0
27,9,0
21,23,0
14,12,0
49,32,0
36,33,0
16,32,0
19,39,0
13,28,0
8,40,0
20,26,0
49,20,0
6,12,0
18,4,0
22,3,0
7,29,0
43,33,0
46,19,0
26,6,0
40,27,0
39,32,0
33,35,0
19,48,0
34,44,0
30,19,0
23,18,0
32,16,0
15,7,0
14,28,0
12,32,0
24,34,0
44,26,0
40,38,0
26,29,0
27,41,0
45,29,0
46,19,0
19,6,0
31,2,0
40,19,0
27,47,0
48,25,0
29,45,0
11,18,0
27,35,0
25,32,0
35,12,0
32,40,0
19,17,0
16,10,0
35,45,0
14,17,0
30,26,0
33,6,0
45,17,0
38,38,0
44,17,0
12,22,0
20,7,0
3,16,0
15,47,0
44,9,0
24,24,0
8,43,0
23,12,0
19,25,0
6,9,0
42,31,0
18,47,0
38,33,0
44,18,0
37,34,0
36,8,0
21,37,0
20,20,0
46,24,0
13,34,0
36,12,0
27,13,0
42,10,0
28,11,0
19,12,0
11,31,0
41,31,0
9,18,0
17,32,0
13,13,0
20,10,0
7,40,0
23,43,0
10,29,0
41,15,0
29,30,0
22,19,0
43,34,0
21,18,0
37,12,0
34,21,0
46,18,0
4,28,0
4,25,0
23,48,0
38,39,0
18,48,0
47,25,0
35,16,0
34,41,0
20,34,0
41,15,0
43,13,0
13,14,0
42,36,0
12,13,0
10,45,0
21,36,0
28,47,0
40,29,0
3,19,0
43,42,0
41,15,0
18,2,0
27,7,0
2,18,0
15,13,0
17,41,0
18,34,0
34,7,0
25,15,0
23,9,0
6,35,0
41,28,0
30,6,0
21,4,0
19,48,0
15,27,0
20,44,0
6,9,0
27,35,0
32,2,0
33,19,0
32,43,0
37,42,0
19,1,0
29,45,0
35,29,0
2,21,0
41,25,1
29,4,1
58,22,1
16,25,1
34,43,1
26,20,1
32,27,1
36,15,1
55,32,1
23,25,1
33,10,1
34,37,1
53,24,1
17,21,1
20,24,1
19,7,1
25,42,1
52,18,1
44,9,1
21,37,1
40,48,1
41,10,1
38,48,1
37,18,1
52,13,1
51,26,1
40,25,1
46,20,1
47,27,1
35,2,1
25,36,1
48,33,1
33,4,1
35,10,1
35,2,1
11,29,1
31,39,1
50,38,1
24,19,1
44,23,1
46,6,1
53,8,1
28,30,1
34,14,1
24,8,1
17,41,1
53,30,1
21,44,1
45,20,1
15,40,1
21,45,1
53,41,1
37,39,1
50,41,1
51,9,1
30,25,1
55,33,1
27,20,1
11,19,1
47,43,1
44,21,1
28,15,1
30,15,1
22,7,1
24,22,1
22,8,1
38,24,1
46,35,1
41,44,1
52,29,1
34,10,1
44,16,1
17,9,1
27,15,1
41,11,1
35,18,1
52,14,1
40,32,1
33,13,1
55,28,1
18,13,1
44,13,1
40,7,1
45,17,1
28,40,1
20,27,1
47,28,1
38,11,1
40,18,1
51,27,1
29,48,1
47,27,1
30,48,1
24,36,1
41,28,1
40,2,1
44,16,1
59,27,1
40,33,1
39,3,1
50,12,1
52,10,1
26,43,1
24,9,1
42,31,1
59,30,1
45,25,1
38,15,1
34,2,1
30,28,1
43,19,1
36,38,1
24,16,1
49,37,1
29,44,1
59,28,1
49,9,1
30,18,1
42,8,1
44,32,1
37,26,1
58,28,1
25,14,1
26,31,1
16,17,1
44,15,1
45,31,1
59,30,1
13,36,1
31,24,1
17,13,1
39,46,1
24,4,1
47,15,1
51,21,1
50,44,1
40,24,1
51,29,1
17,33,1
19,14,1
48,40,1
52,23,1
37,33,1
54,37,1
23,18,1
43,19,1
21,32,1
34,16,1
46,19,1
24,43,1
42,5,1
15,13,1
58,16,1
50,30,1
33,24,1
15,22,1
42,31,1
37,49,1
34,2,1
45,11,1
23,13,1
33,18,1
39,30,1
42,4,1
29,19,1
14,15,1
44,2,1
53,12,1
23,41,1
33,38,1
24,26,1
27,34,1
54,30,1
40,40,1
18,34,1
48,7,1
28,9,1
29,23,1
23,12,1
53,17,1
21,29,1
47,30,1
40,15,1
19,34,1
38,39,1
26,17,1
35,26,1
31,22,1
58,25,1
39,9,1
34,34,1
48,9,1
49,25,1
55,28,1
42,45,1
39,32,1
15,22,1
35,28,1
21,41,1
56,16,1
40,11,1
33,44,1
42,31,1
42,14,1
15,11,1
19,6,1
36,27,1
48,30,1
41,33,1
26,8,1
43,2,1
40,30,1
21,39,1
21,18,1
40,18,1
50,33,1
52,17,1
24,41,1
47,22,1
31,4,1
31,37,1
30,28,1
49,35,1
35,28,1
37,46,1
36,12,1
36,41,1
38,7,1
15,32,1
17,25,1
51,44,1
25,47,1
37,12,1
36,49,1
33,11,1
30,4,1
17,16,1
20,39,1
40,36,1
37,24,1
15,29,1
35,10,1
33,42,1
56,29,1
40,9,1
19,23,1
55,23,1
30,12,1
17,30,1
36,29,1
