15,25,0
29,30,0
13,28,0
39,27,0
44,11,0
31,46,0
21,3,0
24,27,0
21,18,0
38,43,0
25,44,0
24,2,0
14,39,0
24,41,0
29,7,0
44,15,0
26,4,0
30,24,0
20,43,0
33,26,0
27,48,0
40,43,0
19,16,0
16,24,0
29,36,0
28,10,0
26,41,0
32,38,0
33,30,0
8,8,0
16,38,0
28,15,0
7,24,0
45,31,0
47,36,0
15,13,0
47,20,0
17,28,0
22,4,0
10,28,0
36,6,0
16,46,0
19,23,0
18,43,0
11,43,0
36,13,0
35,45,0
24,48,0
10,18,0
24,25,0
40,34,0
7,34,0
36,37,0
39,32,0
38,12,0
41,8,0
35,5,0
36,45,0
32,46,0
46,26,0
37,28,0
42,26,0
23,27,0
6,14,0
20,25,0
29,43,0
43,15,0
22,42,0
36,31,0
6,28,0
38,10,0
16,31,0
32,46,0
13,31,0
29,26,0
33,10,0
12,23,0
20,9,0
11,31,0
4,24,0
46,35,0
20,32,0
12,18,0
2,30,0
17,26,0
32,21,0
41,13,0
24,41,0
13,19,0
31,26,0
35,27,0
8,37,0
41,13,0
16,29,0
13,36,0
13,30,0
32,21,0
36,21,0
27,42,0
38,35,0
32,12,0
2,17,0
2,33,0
38,24,0
13,10,0
39,27,0
13,29,0
11,11,0
26,29,0
44,19,0
37,4,0
12,9,0
38,35,0
44,15,0
30,46,0
7,29,0
37,6,0
3,34,0
7,18,0
47,20,0
11,31,0
45,30,0
28,21,0
16,30,0
18,22,0
17,25,0
6,31,0
14,5,0
24,20,0
23,27,0
26,35,0
32,22,0
7,37,0
28,5,0
28,15,0
32,49,0
28,40,0
7,38,0
48,17,0
14,22,0
13,20,0
5,14,0
29,35,0
25,32,0
1,25,0
4,22,0
22,7,0
21,23,0
44,12,0
5,20,0
45,33,0
20,35,0
43,18,0
20,34,0
13,7,0
20,3,0
27,31,0
34,32,0
42,19,0
48,26,0
20,23,0
41,26,0
34,32,0
37,39,0
11,33,0
43,17,0
3,26,0
37,40,0
21,13,0
19,43,0
31,32,0
11,38,0
3,30,0
18,47,0
6,33,0
26,27,0
47,22,0
7,18,0
23,17,0
5,17,0
2,32,0
20,13,0
46,33,0
13,42,0
2,16,0
29,49,0
12,42,0
6,10,0
28,12,0
23,9,0
46,37,0
46,38,0
48,19,0
21,40,0
25,17,0
23,38,0
28,2,0
29,21,0
21,3,0
12,10,0
39,23,0
32,34,0
30,49,0
36,20,0
37,18,0
38,30,0
43,26,0
2,21,0
10,30,0
37,18,0
48,28,0
34,7,0
14,5,0
24,6,0
2,33,0
26,47,0
39,24,0
39,35,0
49,24,0
35,29,0
22,34,0
31,45,0
8,8,0
11,31,0
1,19,0
25,31,0
22,36,0
31,28,0
36,33,0
8,32,0
44,35,0
39,15,0
37,45,0
23,36,0
18,11,0
41,30,0
36,5,0
48,29,0
21,22,0
11,42,0
25,20,0
15,20,0
7,10,0
41,34,0
4,12,0
3,35,0
46,37,0
45,29,0
15,4,0
6,9,0
27,17,1
50,21,1
40,37,1
38,1,1
40,36,1
45,13,1
35,46,1
49,14,1
18,31,1
38,47,1
53,12,1
29,10,1
16,31,1
16,29,1
11,28,1
40,4,1
32,28,1
18,40,1
37,3,1
46,35,1
46,31,1
19,26,1
22,45,1
29,42,1
37,9,1
55,30,1
36,42,1
58,33,1
44,5,1
17,17,1
41,40,1
39,20,1
38,7,1
21,42,1
15,30,1
28,21,1
31,23,1
47,29,1
54,34,1
35,36,1
11,29,1
29,33,1
33,2,1
30,31,1
49,9,1
14,17,1
37,31,1
46,19,1
49,7,1
14,31,1
56,36,1
13,18,1
25,7,1
49,22,1
24,43,1
17,42,1
26,22,1
14,14,1
25,12,1
40,22,1
48,22,1
28,16,1
54,37,1
53,38,1
22,38,1
47,4,1
13,30,1
15,19,1
42,30,1
41,3,1
49,19,1
34,21,1
44,35,1
39,28,1
18,31,1
30,39,1
25,4,1
37,10,1
37,16,1
35,49,1
51,26,1
22,18,1
25,12,1
45,8,1
23,30,1
33,45,1
29,47,1
46,34,1
26,39,1
28,29,1
38,35,1
58,27,1
52,31,1
59,22,1
27,23,1
36,10,1
47,22,1
43,27,1
28,36,1
59,30,1
38,29,1
37,28,1
26,27,1
58,20,1
34,8,1
14,17,1
40,6,1
24,9,1
51,9,1
32,28,1
48,17,1
44,38,1
54,23,1
39,43,1
37,37,1
36,17,1
42,12,1
31,49,1
30,36,1
35,4,1
24,11,1
41,42,1
51,15,1
33,15,1
35,47,1
14,15,1
49,38,1
34,30,1
38,43,1
20,9,1
23,27,1
14,28,1
50,9,1
31,30,1
48,23,1
41,14,1
11,22,1
36,29,1
17,17,1
25,24,1
20,34,1
46,20,1
19,27,1
51,27,1
21,44,1
35,4,1
34,18,1
29,40,1
36,27,1
46,32,1
41,4,1
54,11,1
38,43,1
28,16,1
33,8,1
22,27,1
39,13,1
19,37,1
18,15,1
28,47,1
58,34,1
41,19,1
54,10,1
41,37,1
56,29,1
22,23,1
32,8,1
47,17,1
36,13,1
50,41,1
26,5,1
47,18,1
29,10,1
55,11,1
40,34,1
42,20,1
43,12,1
24,14,1
46,32,1
19,31,1
28,5,1
13,27,1
58,18,1
50,35,1
59,26,1
50,25,1
33,23,1
54,31,1
26,18,1
52,14,1
22,7,1
22,39,1
54,41,1
28,15,1
33,4,1
48,4,1
19,13,1
32,45,1
19,26,1
42,26,1
45,17,1
42,18,1
35,8,1
31,33,1
40,23,1
46,11,1
41,23,1
41,29,1
24,37,1
48,44,1
36,29,1
49,42,1
29,14,1
34,19,1
43,30,1
34,11,1
52,12,1
33,25,1
31,19,1
54,14,1
34,13,1
33,20,1
37,22,1
40,5,1
48,44,1
12,16,1
32,14,1
50,44,1
23,36,1
42,5,1
41,41,1
37,32,1
40,12,1
36,40,1
32,14,1
15,37,1
28,18,1
53,16,1
11,26,1
45,41,1
58,26,1
19,23,1
25,15,1
39,44,1
45,36,1
54,22,1
11,31,1
56,33,1
35,24,1
16,41,1
