30,5,0
16,5,0
46,20,0
18,20,0
14,3,0
21,17,0
1,26,0
10,23,0
24,8,0
31,5,0
32,32,0
44,40,0
33,48,0
27,19,0
35,29,0
14,26,0
2,31,0
14,18,0
44,29,0
25,38,0
25,35,0
46,33,0
10,11,0
49,22,0
7,8,0
19,47,0
6,20,0
12,43,0
18,26,0
25,35,0
39,26,0
44,35,0
25,43,0
21,10,0
15,30,0
44,15,0
18,33,0
42,20,0
26,29,0
16,35,0
7,41,0
47,23,0
18,46,0
4,26,0
15,30,0
40,17,0
30,26,0
28,35,0
30,20,0
5,23,0
43,8,0
32,30,0
35,26,0
34,19,0
12,34,0
23,22,0
19,12,0
19,19,0
12,31,0
28,45,0
4,13,0
31,20,0
8,17,0
34,8,0
4,32,0
20,41,0
47,27,0
29,38,0
3,24,0
41,18,0
35,17,0
6,33,0
8,29,0
2,16,0
26,1,0
44,12,0
6,13,0
44,13,0
44,15,0
42,7,0
18,3,0
13,23,0
24,16,0
4,31,0
9,22,0
26,34,0
1,30,0
26,46,0
30,9,0
32,30,0
47,17,0
6,15,0
44,40,0
41,35,0
30,12,0
12,21,0
13,35,0
7,31,0
45,39,0
3,15,0
25,14,0
27,44,0
43,35,0
22,6,0
38,12,0
36,41,0
35,14,0
33,9,0
11,40,0
6,39,0
36,32,0
2,29,0
35,23,0
30,32,0
3,25,0
17,11,0
35,16,0
39,11,0
19,8,0
14,3,0
15,36,0
30,46,0
38,36,0
38,39,0
13,37,0
32,12,0
27,40,0
35,30,0
12,46,0
14,24,0
21,37,0
20,11,0
9,19,0
17,29,0
30,2,0
25,42,0
33,22,0
7,21,0
36,11,0
29,44,0
25,23,0
41,37,0
19,22,0
46,24,0
6,28,0
2,29,0
7,38,0
24,19,0
14,32,0
27,47,0
36,28,0
6,18,0
18,34,0
33,13,0
23,19,0
23,7,0
43,18,0
23,5,0
28,12,0
15,36,0
20,35,0
18,10,0
27,30,0
46,33,0
46,35,0
17,48,0
42,25,0
35,20,0
34,29,0
1,26,0
32,38,0
16,15,0
37,8,0
22,22,0
6,32,0
17,28,0
21,15,0
11,43,0
26,34,0
41,40,0
15,36,0
22,34,0
46,17,0
16,12,0
21,43,0
10,44,0
24,38,0
44,15,0
28,17,0
14,12,0
11,23,0
47,31,0
5,19,0
8,11,0
25,3,0
24,12,0
29,49,0
29,11,0
10,25,0
16,22,0
35,24,0
10,33,0
18,2,0
8,19,0
11,35,0
37,44,0
7,28,0
42,34,0
30,2,0
12,24,0
45,32,0
26,41,0
3,17,0
18,49,0
40,24,0
11,27,0
38,15,0
41,14,0
33,34,0
6,37,0
37,46,0
47,36,0
31,19,0
34,38,0
14,26,0
31,45,0
44,41,0
49,26,0
16,21,0
34,37,0
5,39,0
30,35,0
16,31,0
24,19,0
21,14,0
16,35,0
26,33,0
2,26,0
18,27,0
8,8,0
28,28,0
28,46,0
34,23,0
15,8,0
23,23,0
33,28,0
23,31,0
27,36,0
42,27,0
17,33,0
59,21,1
53,13,1
48,18,1
46,21,1
52,40,1
23,23,1
21,38,1
32,31,1
55,15,1
22,45,1
59,30,1
47,30,1
34,12,1
19,20,1
20,33,1
32,32,1
48,22,1
19,36,1
51,36,1
20,33,1
57,19,1
16,33,1
41,31,1
13,14,1
39,12,1
49,25,1
25,30,1
57,23,1
53,38,1
35,44,1
46,16,1
31,49,1
39,47,1
34,35,1
52,17,1
31,35,1
51,9,1
18,32,1
37,25,1
16,20,1
58,30,1
42,25,1
27,22,1
22,44,1
45,23,1
43,10,1
47,5,1
24,25,1
22,9,1
17,37,1
42,24,1
17,11,1
22,44,1
50,26,1
55,36,1
34,45,1
32,43,1
30,12,1
42,13,1
12,29,1
21,30,1
22,43,1
36,25,1
41,10,1
35,13,1
58,16,1
28,11,1
28,14,1
54,26,1
45,13,1
49,28,1
13,17,1
39,4,1
42,34,1
13,33,1
56,31,1
29,20,1
48,34,1
28,17,1
25,37,1
24,31,1
39,39,1
12,26,1
51,31,1
43,25,1
39,1,1
43,31,1
48,17,1
44,8,1
27,44,1
44,27,1
58,33,1
33,32,1
37,40,1
22,27,1
16,22,1
24,17,1
31,41,1
12,27,1
59,23,1
15,39,1
54,20,1
45,25,1
59,24,1
32,15,1
43,10,1
34,10,1
14,13,1
38,25,1
40,28,1
40,45,1
12,20,1
32,42,1
15,22,1
43,18,1
16,26,1
34,15,1
45,14,1
30,29,1
52,13,1
45,31,1
27,42,1
18,9,1
42,32,1
32,21,1
24,18,1
43,6,1
37,19,1
31,20,1
40,37,1
35,42,1
27,3,1
43,6,1
39,12,1
29,29,1
54,38,1
47,42,1
23,27,1
48,27,1
45,29,1
26,22,1
25,44,1
27,41,1
37,28,1
36,8,1
20,17,1
47,10,1
15,13,1
47,22,1
27,46,1
16,29,1
33,29,1
18,27,1
45,15,1
32,9,1
48,11,1
50,14,1
27,27,1
30,7,1
44,43,1
47,15,1
15,18,1
22,46,1
32,22,1
23,45,1
14,26,1
30,48,1
32,40,1
40,1,1
19,8,1
41,20,1
34,38,1
15,11,1
24,39,1
32,36,1
54,25,1
18,39,1
35,32,1
42,33,1
52,33,1
42,27,1
55,36,1
39,2,1
36,33,1
35,42,1
35,29,1
39,33,1
30,39,1
17,37,1
21,32,1
30,5,1
28,44,1
23,41,1
36,34,1
36,1,1
33,33,1
53,12,1
42,22,1
19,10,1
48,32,1
26,20,1
44,25,1
16,21,1
32,32,1
52,11,1
55,24,1
29,23,1
33,4,1
49,14,1
34,1,1
15,13,1
34,15,1
25,45,1
12,21,1
14,25,1
47,40,1
25,45,1
44,45,1
16,40,1
32,39,1
16,12,1
20,45,1
56,37,1
48,31,1
33,40,1
30,44,1
29,33,1
41,7,1
49,26,1
37,40,1
45,40,1
54,41,1
43,9,1
19,12,1
60,25,1
24,43,1
40,7,1
42,37,1
42,7,1
26,9,1
40,9,1
46,17,1
29,22,1
52,30,1
25,35,1
47,9,1
23,44,1
18,33,1
52,25,1
49,22,1
