32,24,0
41,6,0
25,6,0
14,28,0
7,26,0
2,27,0
6,23,0
2,16,0
22,22,0
19,17,0
24,46,0
40,15,0
31,43,0
21,21,0
37,30,0
21,7,0
15,32,0
20,27,0
11,38,0
33,12,0
21,13,0
46,12,0
26,49,0
41,8,0
42,38,0
24,40,0
46,35,0
34,48,0
9,44,0
11,13,0
26,6,0
27,25,0
22,42,0
14,17,0
42,30,0
10,44,0
5,26,0
0,25,0
1,28,0
14,6,0
33,48,0
10,16,0
24,31,0
35,33,0
28,23,0
20,5,0
31,14,0
40,44,0
27,29,0
21,3,0
26,29,0
46,21,0
15,14,0
19,19,0
30,18,0
32,13,0
5,38,0
22,35,0
45,20,0
39,18,0
7,10,0
32,6,0
31,17,0
4,17,0
20,8,0
14,24,0
30,7,0
27,8,0
25,43,0
43,28,0
32,13,0
7,35,0
27,25,0
40,35,0
37,35,0
9,34,0
18,17,0
41,32,0
48,27,0
13,22,0
17,35,0
46,15,0
33,44,0
22,17,0
8,39,0
16,42,0
28,20,0
37,40,0
41,30,0
19,6,0
27,17,0
5,22,0
4,16,0
8,16,0
15,21,0
30,32,0
12,28,0
24,2,0
13,8,0
16,45,0
12,30,0
16,48,0
14,38,0
27,18,0
43,38,0
31,14,0
21,45,0
30,24,0
14,19,0
11,28,0
33,12,0
32,6,0
42,28,0
29,10,0
8,11,0
15,8,0
10,15,0
24,48,0
44,16,0
20,41,0
7,38,0
14,19,0
17,7,0
32,33,0
15,8,0
31,33,0
42,33,0
36,4,0
38,37,0
29,3,0
37,7,0
39,24,0
25,47,0
6,19,0
7,37,0
40,10,0
24,32,0
31,17,0
7,25,0
47,16,0
8,23,0
30,18,0
18,45,0
35,34,0
16,33,0
9,41,0
7,39,0
11,32,0
30,34,0
18,35,0
21,28,0
26,30,0
40,19,0
12,23,0
37,44,0
36,20,0
19,47,0
45,20,0
21,32,0
4,22,0
40,11,0
11,31,0
6,34,0
21,28,0
25,12,0
23,4,0
35,22,0
39,38,0
32,49,0
18,46,0
43,34,0
3,15,0
40,43,0
37,35,0
33,35,0
15,36,0
45,31,0
28,16,0
26,27,0
39,44,0
31,38,0
37,9,0
45,27,0
36,35,0
33,20,0
6,41,0
26,2,0
31,10,0
23,22,0
13,15,0
35,3,0
27,29,0
34,28,0
40,38,0
46,36,0
45,14,0
19,34,0
24,20,0
44,26,0
21,13,0
31,44,0
20,39,0
41,39,0
16,24,0
30,36,0
21,40,0
25,21,0
42,34,0
38,23,0
20,7,0
4,23,0
36,26,0
10,21,0
42,19,0
27,10,0
28,38,0
13,6,0
4,14,0
11,20,0
21,18,0
34,31,0
40,18,0
24,32,0
17,3,0
47,30,0
3,26,0
39,10,0
36,6,0
16,22,0
25,25,0
13,12,0
39,13,0
18,31,0
13,30,0
39,7,0
21,2,0
21,37,0
12,5,0
7,9,0
24,49,0
43,20,0
26,41,0
39,30,0
30,20,0
22,29,0
45,26,0
31,14,0
33,32,0
25,14,0
22,11,0
39,12,1
32,27,1
42,31,1
14,26,1
53,9,1
12,34,1
59,27,1
26,2,1
27,29,1
46,17,1
42,9,1
20,39,1
42,3,1
48,35,1
41,18,1
36,1,1
59,31,1
42,3,1
57,25,1
44,19,1
54,41,1
42,46,1
43,48,1
53,15,1
14,16,1
35,39,1
20,35,1
32,9,1
22,31,1
42,14,1
13,21,1
52,16,1
35,47,1
36,48,1
21,24,1
27,42,1
33,14,1
29,38,1
17,39,1
56,35,1
28,42,1
40,40,1
28,19,1
18,40,1
16,37,1
53,13,1
25,5,1
44,5,1
23,37,1
54,15,1
52,18,1
33,49,1
39,32,1
42,17,1
14,26,1
31,24,1
46,44,1
42,26,1
49,12,1
34,9,1
30,41,1
38,29,1
29,14,1
23,25,1
42,23,1
46,27,1
16,25,1
47,29,1
41,18,1
15,16,1
48,24,1
47,25,1
18,28,1
29,34,1
44,47,1
50,7,1
45,29,1
45,39,1
47,34,1
32,17,1
32,1,1
46,40,1
58,18,1
45,42,1
46,36,1
59,30,1
32,47,1
35,36,1
38,47,1
28,25,1
33,14,1
53,10,1
33,18,1
54,35,1
25,22,1
11,32,1
44,4,1
48,37,1
39,19,1
38,27,1
25,33,1
36,18,1
49,44,1
53,22,1
49,8,1
30,19,1
30,41,1
40,36,1
14,27,1
35,44,1
18,15,1
17,28,1
39,28,1
40,26,1
29,4,1
48,37,1
20,22,1
29,40,1
16,28,1
44,25,1
38,18,1
13,30,1
37,37,1
29,40,1
18,36,1
13,18,1
51,39,1
30,18,1
38,47,1
44,36,1
34,41,1
38,34,1
52,32,1
33,19,1
37,28,1
49,44,1
28,49,1
40,49,1
47,40,1
13,22,1
18,36,1
13,17,1
54,12,1
44,31,1
23,25,1
56,15,1
31,32,1
21,20,1
16,23,1
33,30,1
14,17,1
28,23,1
23,25,1
17,17,1
43,19,1
14,22,1
58,33,1
25,35,1
51,12,1
58,19,1
55,31,1
38,16,1
19,12,1
24,28,1
47,32,1
28,21,1
56,26,1
44,27,1
42,43,1
44,44,1
29,42,1
33,21,1
11,32,1
35,28,1
39,26,1
47,41,1
48,43,1
50,36,1
37,17,1
35,23,1
56,15,1
32,8,1
14,29,1
46,9,1
28,2,1
31,5,1
52,26,1
43,42,1
58,31,1
14,23,1
39,38,1
29,14,1
35,6,1
40,24,1
55,39,1
32,3,1
43,16,1
33,2,1
55,26,1
32,19,1
25,3,1
52,34,1
28,19,1
56,15,1
45,23,1
24,7,1
27,9,1
40,19,1
43,34,1
14,34,1
31,18,1
40,45,1
22,21,1
59,24,1
52,26,1
12,29,1
24,7,1
24,44,1
35,10,1
24,17,1
32,39,1
36,7,1
40,43,1
27,34,1
26,41,1
15,16,1
39,22,1
26,44,1
31,32,1
55,16,1
59,24,1
21,32,1
20,28,1
31,31,1
58,32,1
47,12,1
38,27,1
36,37,1
30,24,1
26,6,1
40,42,1
43,35,1
49,9,1
55,30,1
55,34,1
48,46,1
16,24,1
57,36,1
27,30,1
46,4,1
