31,6,0
31,49,0
30,33,0
28,43,0
1,28,0
11,11,0
17,8,0
24,33,0
36,27,0
10,30,0
27,16,0
42,41,0
9,16,0
39,40,0
15,42,0
35,21,0
40,25,0
13,20,0
43,12,0
21,22,0
37,34,0
27,7,0
13,16,0
35,26,0
22,5,0
29,9,0
27,11,0
38,37,0
12,37,0
32,22,0
34,3,0
46,30,0
24,24,0
22,45,0
18,3,0
8,36,0
47,34,0
13,36,0
21,8,0
1,31,0
44,31,0
24,31,0
24,25,0
10,8,0
43,22,0
22,26,0
41,28,0
16,41,0
19,19,0
28,14,0
34,46,0
25,6,0
20,5,0
28,23,0
33,14,0
42,24,0
34,22,0
42,43,0
35,19,0
4,12,0
28,40,0
2,33,0
29,6,0
40,10,0
18,12,0
13,39,0
49,19,0
26,8,0
43,15,0
45,21,0
21,46,0
28,5,0
29,13,0
5,17,0
11,8,0
13,11,0
16,2,0
34,5,0
22,35,0
15,45,0
10,22,0
36,11,0
15,12,0
41,8,0
5,27,0
36,15,0
37,30,0
29,18,0
39,20,0
11,24,0
32,3,0
17,3,0
12,30,0
37,16,0
25,37,0
19,6,0
32,16,0
30,48,0
30,23,0
23,14,0
17,34,0
31,49,0
26,32,0
17,30,0
19,31,0
38,42,0
28,30,0
16,46,0
17,37,0
18,35,0
21,6,0
26,5,0
42,8,0
43,20,0
29,1,0
17,18,0
42,25,0
16,14,0
3,36,0
44,16,0
26,20,0
44,20,0
24,25,0
3,29,0
15,9,0
18,7,0
28,35,0
16,45,0
14,9,0
14,30,0
13,22,0
29,2,0
29,37,0
34,47,0
21,14,0
8,31,0
25,34,0
16,39,0
32,36,0
35,27,0
25,9,0
32,8,0
21,1,0
20,14,0
18,45,0
30,35,0
15,24,0
32,6,0
25,3,0
38,43,0
37,34,0
16,38,0
13,41,0
5,32,0
22,24,0
11,8,0
43,41,0
1,23,0
7,12,0
26,42,0
20,49,0
25,12,0
23,30,0
23,31,0
26,11,0
35,10,0
5,23,0
5,12,0
40,10,0
13,23,0
44,12,0
49,30,0
11,36,0
8,10,0
15,26,0
19,47,0
35,23,0
11,26,0
15,34,0
24,31,0
11,45,0
16,27,0
22,9,0
46,32,0
4,16,0
29,23,0
30,21,0
37,10,0
9,22,0
9,43,0
21,46,0
17,5,0
39,35,0
25,40,0
36,42,0
23,15,0
29,21,0
31,29,0
27,8,0
7,39,0
4,31,0
30,15,0
35,47,0
14,45,0
27,6,0
6,25,0
5,14,0
12,46,0
30,24,0
32,30,0
40,7,0
8,19,0
26,18,0
45,14,0
29,26,0
9,37,0
18,13,0
40,36,0
26,20,0
28,15,0
21,6,0
9,18,0
5,13,0
22,10,0
28,9,0
29,16,0
2,17,0
35,47,0
16,20,0
14,25,0
36,47,0
11,22,0
5,29,0
15,10,0
26,39,0
34,11,0
25,46,0
33,12,0
33,31,0
45,35,0
25,6,0
31,23,0
32,46,0
2,31,0
34,20,0
31,16,0
23,6,0
38,28,0
5,35,0
40,31,0
315,32,1
316,22,1
287,26,1
321,24,1
299,20,1
296,46,1
321,32,1
291,24,1
302,28,1
298,33,1
285,16,1
326,33,1
313,39,1
306,22,1
319,31,1
309,40,1
289,33,1
318,17,1
296,17,1
282,19,1
325,37,1
286,29,1
303,4,1
294,21,1
291,34,1
290,22,1
302,24,1
296,32,1
288,42,1
308,40,1
316,15,1
309,27,1
315,43,1
290,45,1
318,44,1
308,8,1
298,18,1
307,47,1
322,28,1
314,9,1
301,10,1
316,28,1
311,35,1
317,36,1
291,36,1
298,48,1
316,21,1
282,18,1
317,31,1
324,29,1
286,40,1
318,12,1
309,11,1
282,34,1
311,3,1
305,44,1
297,29,1
294,47,1
288,25,1
297,2,1
292,20,1
303,11,1
309,45,1
302,10,1
308,12,1
307,13,1
315,35,1
285,14,1
314,36,1
285,31,1
322,26,1
291,26,1
317,38,1
296,48,1
288,27,1
301,18,1
290,29,1
301,6,1
291,7,1
305,35,1
299,14,1
287,23,1
313,11,1
294,14,1
301,28,1
311,46,1
292,12,1
297,30,1
304,18,1
320,38,1
288,17,1
297,5,1
301,48,1
291,14,1
316,46,1
292,14,1
305,30,1
325,18,1
315,38,1
290,20,1
316,30,1
320,45,1
283,16,1
327,23,1
316,8,1
325,15,1
303,9,1
291,28,1
308,21,1
320,43,1
291,44,1
328,22,1
324,31,1
321,17,1
302,38,1
313,43,1
315,7,1
289,39,1
328,24,1
301,4,1
289,43,1
285,28,1
310,37,1
315,5,1
327,17,1
324,16,1
307,19,1
296,13,1
303,4,1
307,26,1
321,6,1
326,12,1
320,37,1
303,45,1
301,46,1
310,13,1
297,28,1
320,40,1
318,9,1
302,42,1
288,25,1
301,17,1
297,35,1
315,4,1
301,25,1
290,38,1
293,21,1
310,21,1
307,48,1
307,25,1
299,11,1
294,24,1
303,28,1
325,24,1
297,28,1
322,16,1
315,32,1
290,36,1
295,28,1
303,48,1
314,37,1
326,27,1
313,39,1
286,9,1
288,14,1
287,34,1
299,15,1
304,16,1
328,16,1
295,19,1
300,20,1
326,24,1
312,6,1
299,45,1
302,21,1
306,36,1
289,7,1
306,28,1
303,1,1
315,38,1
307,46,1
292,44,1
324,39,1
325,35,1
312,33,1
321,26,1
298,21,1
296,24,1
307,13,1
316,5,1
326,17,1
297,22,1
283,18,1
309,32,1
294,20,1
304,28,1
297,3,1
310,26,1
305,14,1
312,16,1
288,35,1
306,7,1
325,19,1
323,39,1
319,32,1
297,25,1
294,34,1
292,36,1
317,27,1
305,15,1
300,28,1
329,30,1
306,48,1
324,23,1
322,10,1
287,20,1
297,26,1
284,27,1
311,42,1
311,14,1
326,29,1
307,22,1
310,7,1
322,27,1
303,8,1
293,13,1
281,29,1
281,31,1
323,11,1
302,12,1
313,31,1
320,37,1
314,47,1
290,22,1
301,5,1
316,9,1
318,28,1
301,27,1
290,29,1
318,15,1
307,39,1
282,18,1
304,10,1
317,19,1
323,36,1
293,39,1
302,36,1
291,17,1
315,4,1
298,1,1
