30,32,0
37,21,0
24,33,0
39,43,0
8,12,0
30,1,0
10,25,0
36,47,0
36,13,0
29,28,0
22,19,0
45,36,0
43,17,0
24,18,0
41,6,0
35,31,0
25,22,0
42,38,0
27,27,0
29,23,0
7,28,0
47,30,0
37,27,0
20,28,0
34,45,0
9,39,0
14,24,0
32,42,0
17,27,0
41,35,0
27,15,0
7,30,0
42,43,0
19,2,0
16,16,0
45,31,0
31,15,0
43,38,0
13,14,0
15,30,0
30,19,0
2,24,0
35,44,0
30,3,0
21,39,0
31,27,0
23,47,0
46,28,0
25,11,0
30,36,0
21,20,0
5,18,0
32,3,0
15,14,0
21,25,0
24,21,0
39,44,0
29,7,0
4,17,0
25,0,0
22,14,0
13,45,0
20,45,0
29,27,0
9,11,0
44,15,0
34,34,0
26,4,0
18,43,0
49,25,0
38,44,0
47,15,0
29,36,0
36,41,0
23,35,0
7,12,0
44,29,0
43,32,0
17,42,0
26,44,0
11,37,0
21,35,0
23,23,0
30,33,0
40,23,0
4,20,0
38,29,0
28,10,0
26,16,0
25,41,0
8,21,0
39,12,0
26,24,0
33,5,0
12,33,0
33,6,0
45,30,0
39,37,0
44,24,0
31,24,0
13,11,0
19,38,0
27,36,0
31,38,0
31,38,0
29,40,0
24,13,0
47,20,0
16,14,0
36,32,0
45,19,0
49,30,0
16,8,0
29,48,0
26,16,0
25,39,0
34,27,0
15,12,0
22,24,0
15,14,0
32,30,0
24,20,0
29,7,0
34,11,0
29,15,0
40,20,0
39,35,0
20,40,0
23,9,0
30,14,0
31,10,0
11,21,0
42,23,0
38,38,0
11,27,0
37,45,0
30,2,0
39,28,0
47,35,0
34,18,0
9,14,0
34,24,0
18,9,0
16,40,0
26,5,0
31,41,0
35,9,0
45,37,0
24,13,0
42,14,0
10,30,0
9,24,0
24,44,0
14,11,0
13,24,0
22,42,0
9,39,0
3,20,0
14,14,0
22,40,0
19,15,0
26,41,0
39,11,0
21,24,0
14,24,0
34,26,0
25,2,0
17,8,0
22,18,0
32,4,0
9,39,0
33,10,0
31,37,0
20,16,0
37,26,0
13,39,0
30,48,0
38,15,0
11,32,0
10,40,0
21,6,0
45,16,0
45,18,0
21,4,0
40,43,0
43,32,0
30,46,0
36,28,0
26,35,0
28,27,0
15,9,0
17,25,0
15,23,0
17,10,0
32,23,0
41,13,0
10,30,0
14,8,0
41,27,0
19,17,0
9,29,0
35,34,0
18,49,0
30,4,0
16,39,0
43,33,0
13,30,0
22,33,0
24,13,0
16,27,0
23,48,0
19,20,0
1,26,0
23,23,0
32,30,0
31,30,0
33,34,0
11,34,0
15,32,0
40,45,0
15,33,0
20,25,0
41,18,0
28,36,0
20,19,0
46,15,0
5,28,0
17,23,0
13,8,0
14,11,0
31,12,0
37,39,0
11,22,0
41,42,0
23,38,0
44,29,0
18,12,0
33,27,0
37,46,0
47,26,0
36,44,0
5,17,0
21,21,0
45,39,0
34,48,0
33,27,0
27,27,0
12,39,0
36,38,0
23,23,0
43,38,1
44,26,1
47,35,1
24,3,1
17,6,1
32,35,1
31,32,1
15,29,1
41,43,1
18,48,1
7,9,1
3,30,1
33,26,1
19,45,1
28,34,1
20,1,1
16,2,1
38,29,1
29,24,1
39,11,1
3,16,1
14,6,1
21,25,1
21,37,1
15,11,1
43,11,1
34,25,1
30,48,1
12,40,1
24,12,1
37,25,1
39,36,1
48,19,1
36,36,1
4,27,1
45,11,1
24,10,1
33,43,1
40,8,1
18,41,1
27,41,1
37,22,1
41,38,1
4,35,1
14,32,1
20,40,1
2,24,1
17,20,1
39,9,1
46,12,1
8,27,1
36,12,1
35,46,1
20,36,1
34,6,1
31,36,1
21,4,1
42,28,1
33,17,1
18,9,1
27,17,1
19,14,1
11,36,1
22,2,1
28,39,1
32,29,1
19,19,1
19,3,1
29,18,1
12,27,1
37,45,1
11,12,1
25,48,1
7,24,1
6,36,1
19,42,1
36,18,1
7,39,1
10,36,1
12,14,1
24,46,1
28,44,1
46,29,1
45,37,1
47,36,1
21,14,1
17,9,1
31,6,1
11,7,1
38,8,1
12,7,1
8,25,1
46,35,1
14,21,1
12,28,1
37,28,1
38,35,1
26,2,1
2,31,1
22,38,1
22,11,1
12,30,1
38,4,1
44,38,1
12,6,1
33,13,1
32,47,1
44,29,1
36,4,1
15,22,1
7,34,1
41,6,1
7,34,1
32,37,1
47,28,1
35,9,1
24,43,1
10,7,1
46,36,1
20,8,1
31,13,1
1,27,1
19,27,1
43,21,1
36,39,1
42,9,1
14,43,1
31,5,1
11,16,1
21,41,1
38,20,1
28,22,1
17,22,1
46,26,1
37,38,1
41,41,1
23,43,1
31,24,1
19,7,1
23,2,1
30,30,1
11,41,1
28,13,1
37,29,1
18,4,1
24,10,1
33,36,1
39,32,1
29,30,1
29,18,1
31,20,1
38,9,1
44,36,1
40,19,1
30,13,1
24,4,1
45,10,1
27,5,1
24,18,1
29,39,1
8,24,1
29,15,1
18,4,1
17,4,1
7,9,1
47,16,1
13,17,1
27,26,1
20,33,1
32,9,1
11,35,1
24,49,1
40,8,1
47,21,1
13,45,1
30,42,1
9,31,1
47,19,1
27,6,1
27,22,1
6,24,1
48,18,1
25,16,1
5,33,1
47,30,1
28,44,1
17,12,1
33,6,1
9,39,1
32,34,1
45,22,1
28,48,1
28,28,1
45,31,1
40,8,1
37,5,1
16,3,1
40,37,1
30,4,1
22,25,1
18,43,1
23,32,1
31,38,1
32,31,1
20,46,1
41,32,1
6,23,1
23,4,1
40,24,1
33,30,1
29,38,1
22,24,1
3,32,1
10,11,1
37,11,1
35,32,1
13,19,1
9,26,1
39,38,1
2,31,1
32,26,1
22,37,1
39,25,1
8,41,1
44,36,1
31,34,1
24,8,1
29,32,1
32,39,1
45,23,1
13,14,1
43,11,1
48,32,1
23,19,1
48,25,1
35,43,1
27,15,1
24,41,1
45,33,1
27,28,1
43,42,1
22,28,1
40,12,1
31,30,1
36,22,1
22,10,1
20,14,1
44,16,1
7,22,1
24,7,1
