42,13,0
10,19,0
22,46,0
23,38,0
30,18,0
11,18,0
16,13,0
41,31,0
27,17,0
34,34,0
29,5,0
1,27,0
3,26,0
33,26,0
15,21,0
5,36,0
26,33,0
25,27,0
12,37,0
7,14,0
37,44,0
48,25,0
12,15,0
41,44,0
11,20,0
28,13,0
10,37,0
13,29,0
14,6,0
42,23,0
5,11,0
42,9,0
28,26,0
20,39,0
44,18,0
29,7,0
38,6,0
27,29,0
15,25,0
11,19,0
26,9,0
7,37,0
15,9,0
20,48,0
43,33,0
21,35,0
14,34,0
13,46,0
38,6,0
39,17,0
24,13,0
17,3,0
30,34,0
38,37,0
46,29,0
32,35,0
25,32,0
17,29,0
9,44,0
22,12,0
34,4,0
30,49,0
40,8,0
45,29,0
35,33,0
36,19,0
38,16,0
47,19,0
25,5,0
23,18,0
48,16,0
6,15,0
9,7,0
13,13,0
18,42,0
21,8,0
48,21,0
11,44,0
33,22,0
25,1,0
32,21,0
11,28,0
10,33,0
27,11,0
31,5,0
34,40,0
37,45,0
24,39,0
21,21,0
14,15,0
2,26,0
46,19,0
12,4,0
46,30,0
6,17,0
12,39,0
23,18,0
22,39,0
7,29,0
5,19,0
30,43,0
34,25,0
42,27,0
27,35,0
21,19,0
42,13,0
13,28,0
18,48,0
16,23,0
42,15,0
15,5,0
10,37,0
40,31,0
32,35,0
7,20,0
42,20,0
7,8,0
35,38,0
5,37,0
25,20,0
27,28,0
31,40,0
34,13,0
27,6,0
28,15,0
34,12,0
34,40,0
26,22,0
22,33,0
48,18,0
12,9,0
30,4,0
29,23,0
15,10,0
42,28,0
36,33,0
29,7,0
28,39,0
18,33,0
20,36,0
14,9,0
3,17,0
45,18,0
22,27,0
20,45,0
34,36,0
13,43,0
23,7,0
1,27,0
15,15,0
22,13,0
20,46,0
17,4,0
32,25,0
10,44,0
40,32,0
16,30,0
27,2,0
29,35,0
29,19,0
32,44,0
47,20,0
20,44,0
27,28,0
29,18,0
22,37,0
26,46,0
6,18,0
37,26,0
39,41,0
33,14,0
26,36,0
34,45,0
29,3,0
13,5,0
40,34,0
24,3,0
32,36,0
40,23,0
8,27,0
26,27,0
37,27,0
41,30,0
30,35,0
20,29,0
25,12,0
5,26,0
10,13,0
17,5,0
34,23,0
16,47,0
21,48,0
20,36,0
36,35,0
40,9,0
28,40,0
16,26,0
21,30,0
16,12,0
44,38,0
20,12,0
31,37,0
48,29,0
28,20,0
38,26,0
32,3,0
44,24,0
35,38,0
29,47,0
20,36,0
44,29,0
23,28,0
30,25,0
21,11,0
13,23,0
28,30,0
35,18,0
4,36,0
42,7,0
24,22,0
5,15,0
45,35,0
9,11,0
23,31,0
28,27,0
14,41,0
18,34,0
33,14,0
30,20,0
35,47,0
7,38,0
15,44,0
35,18,0
28,48,0
13,37,0
25,45,0
25,17,0
16,36,0
47,33,0
11,19,0
5,37,0
2,26,0
11,41,0
32,16,0
6,18,0
40,11,0
6,16,0
40,17,0
34,4,0
47,34,0
43,17,1
4,25,1
8,23,1
22,19,1
23,20,1
17,41,1
17,12,1
8,9,1
44,22,1
9,10,1
34,45,1
15,25,1
21,18,1
44,14,1
42,26,1
7,36,1
15,47,1
22,27,1
29,12,1
46,15,1
10,6,1
15,22,1
34,18,1
41,12,1
25,33,1
31,29,1
9,36,1
32,9,1
28,28,1
25,49,1
47,22,1
29,24,1
22,36,1
37,30,1
40,35,1
43,21,1
19,6,1
10,23,1
21,31,1
22,18,1
37,18,1
40,20,1
1,29,1
22,33,1
17,19,1
1,30,1
36,28,1
40,9,1
25,25,1
44,17,1
2,17,1
27,36,1
23,49,1
29,38,1
20,27,1
37,16,1
17,9,1
26,42,1
27,16,1
8,32,1
46,31,1
19,39,1
34,9,1
22,2,1
25,50,1
27,13,1
35,28,1
37,13,1
25,31,1
38,18,1
30,18,1
32,43,1
13,42,1
21,37,1
15,32,1
33,29,1
9,19,1
24,9,1
15,20,1
19,30,1
9,16,1
29,31,1
12,6,1
14,21,1
13,42,1
38,11,1
7,11,1
12,16,1
36,28,1
38,4,1
13,15,1
47,32,1
22,28,1
32,31,1
44,41,1
30,16,1
32,20,1
30,24,1
44,39,1
25,48,1
29,6,1
6,19,1
2,34,1
20,32,1
24,14,1
25,43,1
41,18,1
11,29,1
16,17,1
4,20,1
22,30,1
36,46,1
31,26,1
37,41,1
36,37,1
43,33,1
27,13,1
37,35,1
35,30,1
14,24,1
4,14,1
33,17,1
39,42,1
11,30,1
23,35,1
21,4,1
31,21,1
30,34,1
36,20,1
25,0,1
18,46,1
20,29,1
12,12,1
24,10,1
17,9,1
12,42,1
22,41,1
3,20,1
21,31,1
23,5,1
14,16,1
16,6,1
12,31,1
33,43,1
38,40,1
17,42,1
31,45,1
49,22,1
16,22,1
15,45,1
47,26,1
26,45,1
44,31,1
41,22,1
41,29,1
25,19,1
34,12,1
38,10,1
42,12,1
46,30,1
49,31,1
7,27,1
32,5,1
11,5,1
25,24,1
32,23,1
20,25,1
42,11,1
48,29,1
12,4,1
18,19,1
44,28,1
5,38,1
37,22,1
19,17,1
4,28,1
17,44,1
3,21,1
20,24,1
6,22,1
43,27,1
29,6,1
7,27,1
26,10,1
47,18,1
26,39,1
6,36,1
32,29,1
1,25,1
33,39,1
22,41,1
18,40,1
26,21,1
17,47,1
35,15,1
14,9,1
5,19,1
48,21,1
39,5,1
45,26,1
36,6,1
16,8,1
29,26,1
23,46,1
41,18,1
38,33,1
8,23,1
35,26,1
45,29,1
16,2,1
18,15,1
18,43,1
45,23,1
34,9,1
27,29,1
44,18,1
40,15,1
27,1,1
8,42,1
46,33,1
5,33,1
12,18,1
19,23,1
45,21,1
34,44,1
30,13,1
40,13,1
33,6,1
33,37,1
26,4,1
16,45,1
21,11,1
32,8,1
30,45,1
33,20,1
44,12,1
27,12,1
36,34,1
44,41,1
8,11,1
10,24,1
39,41,1
12,46,1
29,9,1
10,18,1
39,14,1
10,14,1
43,38,1
36,16,1
4,37,1
