32,2,0
5,18,0
5,24,0
44,19,0
15,25,0
9,35,0
20,20,0
20,12,0
41,41,0
18,12,0
23,24,0
10,45,0
15,7,0
24,42,0
31,40,0
49,18,0
20,20,0
14,43,0
24,28,0
38,4,0
37,35,0
42,11,0
8,34,0
30,39,0
7,31,0
17,2,0
22,14,0
40,37,0
30,48,0
3,30,0
46,26,0
24,19,0
25,43,0
30,47,0
44,17,0
6,39,0
31,39,0
29,32,0
42,25,0
30,24,0
38,30,0
14,18,0
31,9,0
32,5,0
28,14,0
37,8,0
14,3,0
40,33,0
36,45,0
4,18,0
24,45,0
11,36,0
31,35,0
7,31,0
3,20,0
24,33,0
30,46,0
13,34,0
30,29,0
28,34,0
6,17,0
46,17,0
13,42,0
29,28,0
8,16,0
41,16,0
43,36,0
33,8,0
24,47,0
28,1,0
37,9,0
8,13,0
25,26,0
13,23,0
2,24,0
24,37,0
33,34,0
24,30,0
6,16,0
14,18,0
40,14,0
14,38,0
18,27,0
26,45,0
8,18,0
41,10,0
12,4,0
21,5,0
6,11,0
27,41,0
7,26,0
8,26,0
4,38,0
33,27,0
28,31,0
35,21,0
11,15,0
49,21,0
23,6,0
27,19,0
4,18,0
19,48,0
3,19,0
4,18,0
43,32,0
35,3,0
10,31,0
15,32,0
40,33,0
49,31,0
21,8,0
6,13,0
16,25,0
32,29,0
22,21,0
7,41,0
47,32,0
7,33,0
49,28,0
32,36,0
21,9,0
11,10,0
32,18,0
46,33,0
6,40,0
17,7,0
16,2,0
34,27,0
21,8,0
22,42,0
26,26,0
3,18,0
30,6,0
31,14,0
27,27,0
8,17,0
31,44,0
9,36,0
7,23,0
14,32,0
10,11,0
5,16,0
12,21,0
7,20,0
13,17,0
4,31,0
22,15,0
16,34,0
16,34,0
16,25,0
34,37,0
14,17,0
5,38,0
40,13,0
22,39,0
30,40,0
19,27,0
35,30,0
35,33,0
43,41,0
25,35,0
6,30,0
13,27,0
16,25,0
45,11,0
13,34,0
2,19,0
33,39,0
25,14,0
38,36,0
7,35,0
32,47,0
31,42,0
44,11,0
5,12,0
26,15,0
41,30,0
43,40,0
30,40,0
30,10,0
37,34,0
3,15,0
37,35,0
42,33,0
23,18,0
24,35,0
36,7,0
24,17,0
44,30,0
17,26,0
31,42,0
6,30,0
46,14,0
49,29,0
14,43,0
41,22,0
11,27,0
16,31,0
34,26,0
15,43,0
17,25,0
15,24,0
30,12,0
15,37,0
19,11,0
6,27,0
20,46,0
20,36,0
46,18,0
15,21,0
11,12,0
20,15,0
45,23,0
29,44,0
35,28,0
8,33,0
16,9,0
31,45,0
6,38,0
25,8,0
23,5,0
15,4,0
47,35,0
21,3,0
33,21,0
34,47,0
2,33,0
47,24,0
42,10,0
47,24,0
47,15,0
38,20,0
38,33,0
10,35,0
40,36,0
29,32,0
2,26,0
26,16,0
25,18,0
21,45,0
36,16,0
26,23,0
33,40,0
40,12,0
9,11,0
24,30,0
20,4,0
8,32,0
18,34,0
37,26,0
286,14,1
303,39,1
300,4,1
292,37,1
281,31,1
312,12,1
272,16,1
301,31,1
282,44,1
296,41,1
293,5,1
297,28,1
319,24,1
282,19,1
283,32,1
306,6,1
302,7,1
319,28,1
280,5,1
313,8,1
303,20,1
273,34,1
278,8,1
308,22,1
312,28,1
275,21,1
292,30,1
284,39,1
286,47,1
275,18,1
296,17,1
295,33,1
301,24,1
316,14,1
293,5,1
284,47,1
308,23,1
313,27,1
292,19,1
315,39,1
283,33,1
302,1,1
298,30,1
305,40,1
315,26,1
307,46,1
316,38,1
314,39,1
304,47,1
273,14,1
292,8,1
307,31,1
309,25,1
297,47,1
276,23,1
287,3,1
279,12,1
307,21,1
311,39,1
276,41,1
307,14,1
272,29,1
306,13,1
271,20,1
284,34,1
314,20,1
300,17,1
292,1,1
289,10,1
301,9,1
294,21,1
290,17,1
309,28,1
309,19,1
288,9,1
306,12,1
309,16,1
273,32,1
272,17,1
307,10,1
283,11,1
274,18,1
305,6,1
285,8,1
299,41,1
296,8,1
314,10,1
298,45,1
303,3,1
301,4,1
281,11,1
281,45,1
281,40,1
286,34,1
279,30,1
283,27,1
314,35,1
312,26,1
306,46,1
275,11,1
287,39,1
307,32,1
313,10,1
282,40,1
297,45,1
296,19,1
290,24,1
294,3,1
280,40,1
298,21,1
278,13,1
307,39,1
282,24,1
298,17,1
293,45,1
295,29,1
303,21,1
308,36,1
282,9,1
280,33,1
298,27,1
307,18,1
306,33,1
278,26,1
293,47,1
317,22,1
301,7,1
304,8,1
299,29,1
298,10,1
300,13,1
313,31,1
315,35,1
304,35,1
316,36,1
293,42,1
304,7,1
280,30,1
305,15,1
290,27,1
313,17,1
318,17,1
297,2,1
295,37,1
285,20,1
280,6,1
284,15,1
273,28,1
307,43,1
309,7,1
301,18,1
315,24,1
273,32,1
296,15,1
314,31,1
276,25,1
314,15,1
313,24,1
285,38,1
304,41,1
275,18,1
281,45,1
290,8,1
277,14,1
289,12,1
272,30,1
292,32,1
319,24,1
296,21,1
287,20,1
275,28,1
304,35,1
288,25,1
292,35,1
299,43,1
311,29,1
280,24,1
304,38,1
302,12,1
276,39,1
313,31,1
275,32,1
283,31,1
283,9,1
274,19,1
301,10,1
284,32,1
298,41,1
307,39,1
293,35,1
296,2,1
287,47,1
298,34,1
290,19,1
295,21,1
315,11,1
307,21,1
310,27,1
292,38,1
275,33,1
291,22,1
312,30,1
311,8,1
288,40,1
304,39,1
289,35,1
280,44,1
294,28,1
291,7,1
312,12,1
314,16,1
308,9,1
290,20,1
316,23,1
284,9,1
283,7,1
299,44,1
277,12,1
308,4,1
315,19,1
290,38,1
306,29,1
284,33,1
282,5,1
307,17,1
317,15,1
302,21,1
305,11,1
301,2,1
286,6,1
300,25,1
289,11,1
284,20,1
296,35,1
287,25,1
292,46,1
286,37,1
283,4,1
293,10,1
307,11,1
310,9,1
316,14,1
285,20,1
300,4,1
295,23,1
294,27,1
296,28,1
307,41,1
283,42,1
301,18,1
