2,-181,0
-11,-204,0
22,-184,0
-5,-196,0
-2,-185,0
17,-190,0
-18,-188,0
7,-181,0
-4,-178,0
20,-205,0
9,-170,0
-15,-192,0
24,-183,0
18,-175,0
-10,-183,0
7,-177,0
-10,-203,0
10,-175,0
9,-210,0
-12,-179,0
-9,-176,0
8,-173,0
-10,-209,0
16,-195,0
-9,-193,0
-20,-180,0
-17,-195,0
-18,-204,0
-14,-178,0
13,-209,0
-5,-194,0
-19,-203,0
4,-184,0
-20,-177,0
8,-205,0
-7,-184,0
-24,-183,0
-9,-211,0
18,-200,0
10,-168,0
-14,-210,0
-4,-166,0
-3,-202,0
-3,-184,0
9,-190,0
20,-196,0
-4,-193,0
21,-200,0
-8,-204,0
0,-207,0
-15,-174,0
-4,-188,0
-15,-210,0
9,-169,0
-3,-175,0
10,-186,0
-5,-185,0
21,-190,0
11,-177,0
-6,-203,0
18,-178,0
-16,-183,0
14,-186,0
6,-205,0
2,-169,0
-9,-182,0
11,-171,0
-13,-208,0
3,-200,0
-7,-198,0
-20,-176,0
8,-194,0
-20,-177,0
10,-202,0
1,-201,0
14,-180,0
22,-182,0
13,-193,0
1,-191,0
-7,-204,0
-3,-185,0
-1,-187,0
-9,-189,0
-9,-200,0
-2,-170,0
-17,-206,0
1,-197,0
-10,-187,0
11,-208,0
1,-186,0
5,-185,0
-8,-185,0
1,-174,0
-10,-202,0
15,-208,0
-11,-190,0
12,-208,0
22,-193,0
-15,-186,0
7,-199,0
19,-204,0
14,-201,0
12,-175,0
-11,-195,0
-5,-194,0
1,-201,0
-23,-193,0
-15,-202,0
-5,-205,0
14,-170,0
-19,-203,0
14,-189,0
7,-170,0
2,-210,0
14,-170,0
-12,-184,0
5,-205,0
3,-184,0
-7,-209,0
-18,-199,0
-6,-167,0
-19,-206,0
-12,-180,0
18,-191,0
20,-193,0
10,-200,0
15,-190,0
9,-203,0
-3,-196,0
14,-176,0
18,-193,0
-16,-208,0
-1,-172,0
-14,-195,0
5,-206,0
-7,-193,0
-15,-196,0
20,-194,0
-2,-194,0
-8,-196,0
-5,-174,0
5,-185,0
-12,-175,0
9,-206,0
22,-187,0
17,-205,0
2,-192,0
-17,-191,0
-1,-206,0
-24,-192,0
11,-212,0
-4,-212,0
-18,-189,0
6,-203,0
-9,-178,0
3,-181,0
1,-166,0
17,-178,0
-8,-171,0
15,-178,0
-19,-193,0
-11,-177,0
14,-179,0
20,-177,0
-7,-175,0
19,-184,0
13,-203,0
-24,-187,0
-4,-172,0
-5,-166,0
-6,-191,0
12,-181,0
-8,-174,0
21,-188,0
-4,-183,0
-3,-166,0
8,-195,0
-13,-210,0
2,-198,0
-15,-177,0
0,-172,0
-4,-196,0
-5,-189,0
-21,-197,0
9,-177,0
-7,-193,0
-3,-174,0
6,-198,0
-11,-195,0
-19,-186,0
-6,-178,0
-7,-205,0
6,-201,0
-13,-185,0
5,-209,0
-3,-192,0
10,-176,0
20,-197,0
-21,-199,0
20,-187,0
15,-184,0
-9,-211,0
9,-213,0
-4,-166,0
-11,-197,0
7,-182,0
14,-202,0
7,-180,0
-9,-198,0
-3,-179,0
-23,-194,0
17,-178,0
1,-166,0
2,-186,0
17,-196,0
-3,-205,0
-5,-209,0
-16,-184,0
-1,-205,0
6,-206,0
18,-182,0
3,-172,0
5,-203,0
18,-183,0
6,-204,0
-1,-188,0
20,-190,0
22,-188,0
-7,-205,0
18,-195,0
-7,-214,0
3,-176,0
19,-202,0
5,-192,0
-11,-180,0
2,-183,0
-2,-211,0
2,-191,0
5,-182,0
-8,-196,0
5,-193,0
-2,-205,0
-4,-206,0
-20,-186,0
-16,-206,0
-7,-167,0
-2,-186,0
-6,-207,0
-7,-187,0
-11,-185,0
-18,-182,0
-13,-190,0
10,-180,0
-19,-177,0
-10,-168,0
-4,-177,0
-1,-183,0
-13,-196,0
0,-191,0
-22,-201,0
-2,-189,0
8,-213,0
22,-181,0
4,-179,0
-22,-189,0
-1,-177,0
11,-191,0
-9,-185,0
3,-201,0
-15,-171,0
-6,-176,0
-21,-200,0
-21,-193,0
15,-172,0
-13,-184,0
-8,-210,0
-16,-209,0
-3,-179,0
-12,-169,0
17,-193,0
22,-187,0
-9,-193,0
1,-212,0
-15,-209,0
21,-187,0
-3,-182,0
16,-209,0
17,-205,0
14,-173,0
12,-185,0
7,-190,0
-16,-181,0
-16,-182,0
5,-189,0
5,-210,0
-16,-207,0
-9,-172,0
2,-198,0
3,-202,0
20,-188,0
-7,-172,0
-14,-194,0
11,-179,0
-7,-178,0
5,-181,0
-6,-196,0
6,-166,0
-17,-207,0
0,-207,0
-19,-204,0
23,-197,0
9,-189,0
-3,-196,0
13,-201,0
-9,-204,0
-12,-210,0
-15,-174,0
-4,-185,0
10,-179,0
9,-183,0
-12,-210,0
10,-181,0
-9,-211,0
7,-189,0
-4,-197,0
14,-201,0
-5,-213,0
2,-202,0
-13,-209,0
12,-172,0
-15,-197,0
11,-188,0
-18,-206,0
172,73,1
189,98,1
164,86,1
169,89,1
178,88,1
166,95,1
145,109,1
160,97,1
151,89,1
164,77,1
158,89,1
171,110,1
154,113,1
159,78,1
174,116,1
173,97,1
187,100,1
163,81,1
164,82,1
169,87,1
171,91,1
148,102,1
148,100,1
147,82,1
182,107,1
172,118,1
155,106,1
164,104,1
185,96,1
181,78,1
186,107,1
153,97,1
174,76,1
171,84,1
178,113,1
161,73,1
174,101,1
155,75,1
178,89,1
157,87,1
144,107,1
173,77,1
172,111,1
182,102,1
148,103,1
168,116,1
163,112,1
182,110,1
150,76,1
172,85,1
177,85,1
168,117,1
146,108,1
157,103,1
179,112,1
155,74,1
171,108,1
173,73,1
181,95,1
144,92,1
163,119,1
172,75,1
172,114,1
163,74,1
175,84,1
182,102,1
183,81,1
153,94,1
180,86,1
182,105,1
175,93,1
148,80,1
153,88,1
180,106,1
164,109,1
159,81,1
146,100,1
182,79,1
159,115,1
160,101,1
156,78,1
177,106,1
143,102,1
150,78,1
179,78,1
177,104,1
154,75,1
173,114,1
177,113,1
184,96,1
154,117,1
145,95,1
176,73,1
187,97,1
163,109,1
177,107,1
157,117,1
188,88,1
142,91,1
155,96,1
165,90,1
173,102,1
154,82,1
166,95,1
180,81,1
152,105,1
167,96,1
163,108,1
179,108,1
157,98,1
154,108,1
159,110,1
167,84,1
167,97,1
165,111,1
140,91,1
152,82,1
143,91,1
185,104,1
150,83,1
149,109,1
155,98,1
162,98,1
147,91,1
171,86,1
180,111,1
164,97,1
185,108,1
170,84,1
155,108,1
158,81,1
176,111,1
157,96,1
145,83,1
163,107,1
150,111,1
151,78,1
169,90,1
147,88,1
156,93,1
149,77,1
175,104,1
181,101,1
169,113,1
175,108,1
182,102,1
180,99,1
154,95,1
163,98,1
157,103,1
159,92,1
171,104,1
156,114,1
175,77,1
168,80,1
160,80,1
179,113,1
151,92,1
170,72,1
156,87,1
156,99,1
148,97,1
167,118,1
145,87,1
143,85,1
171,87,1
173,100,1
173,86,1
171,95,1
166,86,1
177,110,1
171,98,1
171,73,1
164,98,1
168,111,1
147,98,1
159,99,1
179,113,1
162,96,1
151,110,1
174,101,1
155,117,1
148,104,1
176,88,1
179,109,1
145,96,1
142,91,1
155,85,1
149,78,1
176,88,1
148,95,1
151,78,1
169,102,1
143,84,1
171,78,1
150,115,1
148,78,1
162,90,1
152,77,1
170,76,1
159,99,1
151,80,1
163,76,1
174,86,1
158,101,1
171,96,1
155,106,1
159,117,1
156,118,1
159,106,1
158,111,1
174,81,1
186,105,1
154,107,1
172,108,1
153,90,1
173,88,1
175,81,1
175,83,1
171,114,1
144,81,1
160,74,1
164,94,1
140,98,1
162,87,1
150,105,1
161,90,1
166,84,1
178,112,1
157,98,1
147,111,1
181,78,1
181,93,1
176,100,1
158,101,1
189,90,1
163,97,1
146,80,1
162,76,1
177,80,1
170,108,1
151,94,1
174,97,1
152,79,1
147,88,1
173,90,1
180,103,1
163,100,1
167,77,1
180,94,1
163,105,1
150,82,1
184,92,1
180,78,1
181,97,1
179,94,1
153,84,1
172,88,1
188,93,1
164,95,1
169,115,1
180,107,1
153,101,1
167,85,1
146,85,1
187,85,1
173,89,1
164,76,1
171,113,1
185,90,1
178,82,1
163,90,1
161,101,1
175,91,1
164,96,1
163,73,1
163,91,1
142,89,1
177,77,1
143,106,1
175,108,1
174,93,1
153,107,1
142,96,1
144,82,1
182,88,1
159,109,1
167,75,1
162,108,1
173,107,1
170,112,1
158,119,1
162,84,1
145,91,1
173,106,1
164,101,1
186,89,1
151,107,1
159,97,1
163,90,1
148,81,1
147,110,1
147,111,1
158,82,1
184,99,1
166,95,1
148,110,1
185,96,1
146,98,1
152,77,1
167,78,1
159,111,1
162,86,1
173,116,1
157,95,1
170,71,1
168,83,1
165,115,1
172,79,1
155,75,1
174,86,1
167,111,1
170,97,1
142,86,1
153,74,1
175,108,1
180,102,1
170,71,1
176,114,1
187,95,1
170,89,1
179,77,1
160,84,1
-142,94,1
-169,76,1
-159,77,1
-160,71,1
-155,115,1
-178,76,1
-182,86,1
-141,96,1
-161,73,1
-186,99,1
-171,99,1
-174,88,1
-184,98,1
-159,88,1
-155,105,1
-176,86,1
-152,81,1
-169,71,1
-148,77,1
-168,89,1
-178,85,1
-153,117,1
-175,108,1
-146,111,1
-184,99,1
-153,80,1
-148,100,1
-153,111,1
-159,98,1
-181,105,1
-177,102,1
-168,75,1
-175,87,1
-152,91,1
-152,88,1
-167,85,1
-144,98,1
-157,96,1
-178,92,1
-158,114,1
-161,83,1
-149,77,1
-167,114,1
-143,93,1
-164,79,1
-157,99,1
-161,99,1
-154,96,1
-171,71,1
-173,83,1
-144,89,1
-159,78,1
-148,91,1
-160,77,1
-166,118,1
-175,83,1
-184,83,1
-142,98,1
-168,71,1
-165,91,1
-174,96,1
-155,102,1
-141,91,1
-182,85,1
-166,116,1
-159,96,1
-181,96,1
-160,92,1
-148,111,1
-177,102,1
-156,93,1
-159,88,1
-166,103,1
-144,109,1
-145,81,1
-169,101,1
-147,101,1
-148,110,1
-156,88,1
-173,118,1
-154,111,1
-144,103,1
-179,84,1
-185,109,1
-185,82,1
-174,98,1
-161,110,1
-161,96,1
-146,87,1
-160,112,1
-175,101,1
-160,112,1
-165,103,1
-151,91,1
-170,95,1
-145,100,1
-167,86,1
-151,112,1
-168,95,1
-166,86,1
-171,108,1
-171,112,1
-144,90,1
-170,110,1
-164,75,1
-171,93,1
-171,81,1
-147,108,1
-146,106,1
-151,78,1
-147,103,1
-171,114,1
-145,88,1
-189,94,1
-150,107,1
-176,86,1
-164,90,1
-157,94,1
-185,81,1
-182,104,1
-149,83,1
-177,97,1
-186,94,1
-185,96,1
-150,97,1
-173,79,1
-162,87,1
-163,102,1
-173,104,1
-164,89,1
-172,74,1
-141,89,1
-164,109,1
-159,80,1
-164,94,1
-158,88,1
-167,82,1
-181,102,1
-168,94,1
-184,89,1
-175,93,1
-174,100,1
-177,113,1
-174,97,1
-182,81,1
-145,107,1
-168,82,1
-166,92,1
-160,99,1
-167,88,1
-156,102,1
-173,93,1
-169,116,1
-184,80,1
-157,73,1
-169,84,1
-178,104,1
-176,81,1
-152,82,1
-183,110,1
-181,107,1
-158,103,1
-146,106,1
-155,106,1
-186,102,1
-142,95,1
-168,75,1
-188,101,1
-148,92,1
-168,80,1
-164,119,1
-160,109,1
-148,98,1
-147,97,1
-179,114,1
-188,92,1
-150,113,1
-181,92,1
-159,102,1
-161,97,1
-170,94,1
-170,95,1
-169,112,1
-164,112,1
-184,95,1
-161,118,1
-180,108,1
-162,110,1
-182,101,1
-166,105,1
-184,81,1
-168,71,1
-167,77,1
-187,85,1
-183,91,1
-175,101,1
-161,82,1
-147,85,1
-171,72,1
-167,71,1
-166,107,1
-152,94,1
-157,118,1
-157,83,1
-182,101,1
-171,95,1
-178,111,1
-140,92,1
-155,113,1
-150,80,1
-171,79,1
-168,76,1
-152,95,1
-167,108,1
-184,94,1
-158,111,1
-183,111,1
-168,79,1
-158,85,1
-159,72,1
-144,84,1
-157,98,1
-173,77,1
-142,100,1
-174,83,1
-151,90,1
-144,82,1
-147,107,1
-171,108,1
-179,108,1
-188,89,1
-182,96,1
-186,88,1
-170,95,1
-182,105,1
-182,110,1
-173,94,1
-161,84,1
-155,118,1
-164,93,1
-159,86,1
-157,100,1
-143,105,1
-180,109,1
-147,83,1
-160,118,1
-183,111,1
-160,85,1
-167,106,1
-154,79,1
-155,90,1
-158,79,1
-175,91,1
-180,108,1
-156,114,1
-172,96,1
-178,94,1
-160,80,1
-175,110,1
-146,106,1
-183,86,1
-146,91,1
-184,95,1
-165,78,1
-153,73,1
-175,117,1
-172,112,1
-156,107,1
-165,111,1
-189,91,1
-150,99,1
-159,115,1
-164,94,1
-167,104,1
-163,106,1
-173,77,1
-170,97,1
-154,76,1
-164,116,1
-172,103,1
-172,88,1
-157,109,1
-159,110,1
-188,91,1
-161,100,1
-163,100,1
-157,115,1
-151,113,1
-179,90,1
-153,80,1
-177,77,1
-165,76,1
-187,103,1
-182,96,1
-171,104,1
-153,97,1
-156,113,1
-178,97,1
-177,86,1
-171,98,1
-157,82,1
-141,88,1
-170,111,1
-154,101,1
-183,108,1
-156,93,1
-179,104,1
-188,88,1
-166,115,1
-164,98,1
-164,113,1
-168,89,1
-174,73,1
-174,116,1
-182,89,1
-168,108,1
-165,81,1
-175,74,1
-171,107,1
-185,88,1
-147,93,1
-168,82,1
-157,110,1
-152,81,1
-172,118,1
-152,115,1
-184,108,1
-188,91,1
-166,78,1
-175,100,1
-146,82,1
-152,104,1
-158,81,1
