6,-258,0
-21,-250,0
12,-230,0
10,-235,0
-18,-236,0
-21,-238,0
21,-250,0
-10,-231,0
16,-252,0
2,-239,0
10,-224,0
21,-233,0
-6,-226,0
-7,-250,0
-11,-221,0
6,-260,0
-1,-252,0
-14,-224,0
3,-259,0
-5,-223,0
-14,-242,0
-6,-218,0
-13,-255,0
11,-220,0
12,-219,0
4,-261,0
-3,-237,0
-6,-252,0
-9,-223,0
-3,-241,0
9,-250,0
-23,-231,0
19,-243,0
-7,-234,0
-13,-243,0
14,-231,0
9,-222,0
1,-219,0
-16,-227,0
-19,-239,0
-6,-258,0
-1,-234,0
20,-238,0
9,-255,0
2,-228,0
-5,-241,0
-19,-252,0
17,-248,0
12,-238,0
-13,-251,0
-18,-248,0
5,-244,0
-18,-250,0
-14,-254,0
-6,-239,0
13,-247,0
-15,-257,0
-13,-226,0
10,-233,0
-16,-230,0
8,-218,0
7,-260,0
-11,-218,0
-17,-222,0
6,-256,0
3,-235,0
12,-247,0
2,-242,0
0,-224,0
-6,-246,0
6,-218,0
22,-248,0
-15,-242,0
20,-231,0
1,-221,0
-12,-249,0
2,-256,0
21,-230,0
-2,-257,0
12,-229,0
1,-237,0
-5,-225,0
3,-236,0
-5,-238,0
-10,-231,0
-1,-220,0
13,-244,0
1,-255,0
9,-235,0
-16,-259,0
5,-230,0
-17,-246,0
-10,-231,0
12,-242,0
14,-242,0
9,-262,0
-6,-219,0
16,-233,0
13,-219,0
-2,-245,0
-10,-239,0
9,-247,0
-7,-256,0
-15,-226,0
-19,-253,0
-4,-253,0
-4,-260,0
23,-237,0
9,-218,0
-2,-234,0
-2,-240,0
25,-240,0
-3,-246,0
11,-231,0
13,-242,0
-7,-254,0
-12,-227,0
19,-251,0
0,-233,0
-6,-232,0
3,-253,0
2,-228,0
-7,-252,0
1,-242,0
6,-216,0
-2,-243,0
8,-218,0
-12,-251,0
-15,-249,0
0,-222,0
9,-225,0
9,-229,0
13,-253,0
-1,-227,0
2,-244,0
-18,-240,0
0,-244,0
3,-247,0
12,-244,0
-3,-222,0
10,-261,0
19,-230,0
-19,-230,0
-9,-225,0
-12,-222,0
-10,-233,0
9,-225,0
17,-230,0
2,-264,0
7,-222,0
-6,-229,0
-9,-256,0
-11,-227,0
-3,-216,0
12,-235,0
10,-221,0
-24,-241,0
12,-230,0
9,-227,0
7,-237,0
7,-226,0
3,-239,0
2,-245,0
-22,-243,0
-12,-261,0
15,-254,0
-12,-232,0
-13,-261,0
-18,-241,0
-2,-254,0
-18,-224,0
19,-253,0
-20,-243,0
5,-250,0
21,-238,0
6,-256,0
-15,-255,0
2,-224,0
8,-249,0
-4,-228,0
5,-245,0
17,-239,0
20,-244,0
21,-245,0
21,-228,0
-11,-222,0
13,-233,0
-23,-249,0
4,-219,0
10,-246,0
-11,-244,0
1,-231,0
-6,-258,0
-16,-242,0
-22,-244,0
5,-224,0
1,-257,0
-15,-240,0
-20,-234,0
-13,-230,0
7,-260,0
16,-248,0
10,-249,0
-6,-233,0
-5,-254,0
-2,-261,0
-6,-244,0
15,-249,0
17,-258,0
-1,-230,0
-16,-221,0
7,-220,0
-1,-228,0
-1,-264,0
17,-226,0
6,-246,0
-8,-259,0
-18,-237,0
-3,-237,0
13,-240,0
17,-238,0
-15,-249,0
-6,-217,0
-7,-230,0
8,-231,0
-12,-236,0
14,-238,0
-20,-230,0
-4,-245,0
7,-243,0
3,-261,0
-9,-223,0
12,-227,0
-18,-252,0
12,-245,0
-24,-241,0
2,-227,0
10,-238,0
-8,-254,0
11,-223,0
7,-239,0
2,-246,0
2,-238,0
1,-262,0
-2,-241,0
2,-234,0
22,-233,0
6,-238,0
-15,-256,0
-7,-248,0
15,-243,0
-9,-225,0
-22,-239,0
10,-237,0
9,-248,0
3,-231,0
4,-235,0
-8,-220,0
15,-236,0
17,-233,0
1,-216,0
-7,-259,0
14,-224,0
24,-237,0
12,-250,0
-17,-256,0
16,-252,0
-6,-249,0
-20,-227,0
-23,-239,0
6,-223,0
5,-226,0
3,-245,0
-12,-252,0
2,-240,0
-19,-241,0
-7,-229,0
7,-262,0
-3,-249,0
22,-241,0
7,-255,0
-18,-250,0
1,-222,0
3,-237,0
-2,-264,0
-19,-244,0
-12,-229,0
1,-264,0
-5,-219,0
23,-246,0
-3,-221,0
-4,-228,0
9,-229,0
-14,-221,0
-7,-228,0
18,-240,0
-4,-219,0
-18,-245,0
20,-234,0
-5,-239,0
20,-231,0
-12,-252,0
-9,-261,0
7,-242,0
10,-254,0
18,-252,0
-14,-238,0
20,-244,0
12,-232,0
-13,-227,0
-13,-221,0
24,-240,0
0,-239,0
9,-247,0
-2,-261,0
-2,-219,0
-12,-237,0
-5,-231,0
-11,-227,0
4,-234,0
-3,-249,0
-8,-238,0
-5,-258,0
18,-236,0
0,-231,0
10,-222,0
4,-261,0
0,-224,0
-10,-251,0
5,-237,0
-1,-248,0
6,-219,0
-13,-241,0
221,108,1
194,100,1
186,119,1
223,137,1
214,125,1
208,138,1
229,118,1
216,100,1
186,126,1
214,132,1
224,103,1
198,138,1
229,108,1
196,127,1
214,120,1
205,139,1
198,113,1
223,127,1
187,114,1
212,124,1
218,134,1
220,128,1
213,138,1
222,114,1
230,117,1
211,134,1
207,100,1
214,105,1
218,127,1
203,106,1
194,131,1
204,118,1
188,105,1
222,117,1
198,110,1
210,97,1
231,122,1
224,108,1
220,141,1
201,109,1
187,113,1
223,125,1
223,137,1
190,103,1
219,142,1
200,132,1
210,134,1
205,110,1
231,121,1
211,138,1
224,129,1
215,115,1
220,122,1
185,122,1
185,118,1
225,122,1
187,131,1
218,131,1
205,111,1
221,120,1
219,113,1
194,123,1
207,130,1
199,138,1
217,123,1
208,135,1
203,126,1
230,130,1
204,100,1
221,113,1
209,115,1
214,106,1
188,133,1
218,137,1
205,122,1
221,115,1
188,122,1
204,107,1
219,106,1
212,107,1
206,134,1
213,132,1
191,131,1
207,112,1
206,113,1
213,119,1
219,121,1
189,110,1
226,113,1
213,140,1
228,108,1
221,126,1
211,131,1
223,133,1
184,117,1
212,114,1
225,131,1
205,131,1
192,134,1
203,111,1
191,119,1
195,104,1
203,130,1
189,135,1
190,104,1
199,135,1
191,137,1
207,138,1
210,109,1
197,123,1
196,114,1
189,114,1
202,117,1
218,111,1
195,117,1
214,105,1
191,108,1
197,122,1
193,112,1
205,101,1
207,108,1
192,101,1
197,132,1
213,128,1
205,129,1
219,118,1
217,97,1
204,136,1
196,141,1
213,119,1
198,132,1
201,130,1
206,104,1
186,111,1
205,123,1
227,126,1
211,99,1
201,107,1
209,113,1
221,139,1
188,119,1
202,115,1
196,104,1
195,123,1
208,142,1
187,109,1
210,106,1
223,105,1
197,124,1
230,115,1
217,100,1
227,114,1
205,109,1
198,134,1
201,110,1
221,112,1
214,110,1
186,117,1
213,137,1
223,114,1
202,140,1
202,136,1
215,127,1
212,137,1
229,126,1
199,142,1
206,141,1
226,103,1
188,132,1
191,136,1
209,129,1
192,135,1
216,98,1
211,103,1
205,101,1
188,113,1
210,111,1
231,129,1
217,125,1
209,131,1
199,134,1
216,100,1
220,126,1
205,138,1
189,132,1
219,108,1
204,133,1
203,123,1
209,139,1
196,110,1
211,111,1
204,113,1
187,107,1
221,104,1
196,118,1
221,129,1
209,114,1
201,115,1
184,117,1
209,115,1
207,105,1
217,120,1
202,142,1
195,121,1
211,100,1
191,117,1
189,135,1
222,102,1
206,138,1
216,133,1
221,106,1
220,107,1
220,117,1
223,113,1
203,101,1
197,130,1
222,102,1
223,106,1
197,120,1
196,124,1
205,101,1
200,104,1
202,104,1
226,113,1
194,101,1
192,125,1
189,113,1
204,101,1
193,122,1
206,111,1
195,136,1
208,121,1
202,112,1
185,123,1
205,102,1
219,106,1
225,134,1
221,112,1
215,99,1
217,116,1
223,118,1
220,121,1
226,106,1
203,127,1
205,97,1
210,126,1
221,122,1
211,103,1
218,125,1
221,136,1
208,108,1
226,103,1
205,115,1
210,105,1
214,102,1
193,127,1
218,140,1
193,121,1
220,110,1
194,128,1
200,101,1
207,131,1
216,143,1
219,127,1
222,102,1
226,119,1
207,102,1
212,132,1
218,142,1
212,133,1
195,130,1
212,108,1
205,128,1
198,119,1
223,106,1
225,129,1
210,118,1
194,114,1
216,134,1
207,117,1
193,128,1
215,139,1
213,112,1
204,118,1
220,135,1
213,136,1
220,126,1
199,125,1
201,130,1
219,139,1
204,97,1
199,106,1
195,127,1
193,101,1
221,134,1
226,130,1
215,125,1
221,117,1
197,138,1
199,115,1
205,106,1
220,139,1
210,116,1
207,129,1
208,106,1
203,103,1
196,123,1
198,129,1
224,137,1
188,124,1
228,131,1
209,99,1
192,116,1
205,133,1
223,113,1
210,96,1
196,128,1
184,114,1
213,103,1
221,127,1
210,131,1
202,136,1
203,98,1
210,98,1
197,98,1
218,118,1
221,133,1
187,113,1
201,99,1
200,128,1
188,123,1
217,130,1
230,122,1
-201,116,1
-207,105,1
-203,119,1
-207,102,1
-222,102,1
-219,107,1
-193,117,1
-195,113,1
-203,123,1
-199,142,1
-230,130,1
-207,104,1
-184,115,1
-189,115,1
-217,111,1
-188,121,1
-221,115,1
-210,137,1
-203,108,1
-231,125,1
-195,113,1
-216,127,1
-188,130,1
-217,129,1
-216,102,1
-221,134,1
-216,98,1
-213,122,1
-216,102,1
-227,119,1
-216,107,1
-207,103,1
-202,100,1
-214,126,1
-197,140,1
-188,116,1
-194,133,1
-202,103,1
-201,108,1
-209,123,1
-205,144,1
-225,103,1
-220,124,1
-213,142,1
-187,122,1
-209,96,1
-194,133,1
-202,135,1
-230,114,1
-213,114,1
-200,124,1
-209,99,1
-226,114,1
-226,127,1
-190,133,1
-217,100,1
-190,124,1
-209,117,1
-231,111,1
-193,104,1
-205,116,1
-185,124,1
-205,114,1
-222,116,1
-209,109,1
-199,106,1
-185,126,1
-228,118,1
-211,108,1
-192,123,1
-214,96,1
-221,126,1
-205,116,1
-220,138,1
-203,119,1
-201,111,1
-203,115,1
-200,99,1
-205,123,1
-225,102,1
-188,111,1
-193,130,1
-198,114,1
-211,111,1
-205,130,1
-217,98,1
-204,116,1
-202,130,1
-219,111,1
-203,99,1
-187,124,1
-193,105,1
-214,124,1
-228,108,1
-205,142,1
-222,138,1
-221,114,1
-207,138,1
-202,121,1
-209,127,1
-201,97,1
-223,104,1
-197,99,1
-198,103,1
-214,142,1
-192,116,1
-229,131,1
-225,109,1
-225,130,1
-185,126,1
-208,124,1
-219,100,1
-200,131,1
-210,141,1
-215,128,1
-224,131,1
-207,125,1
-191,125,1
-209,120,1
-200,134,1
-195,107,1
-193,128,1
-213,135,1
-224,119,1
-200,126,1
-218,123,1
-206,129,1
-184,127,1
-193,101,1
-207,136,1
-214,115,1
-189,106,1
-206,117,1
-218,103,1
-219,138,1
-211,121,1
-216,131,1
-188,133,1
-197,101,1
-219,117,1
-230,118,1
-214,129,1
-196,116,1
-216,110,1
-199,122,1
-222,126,1
-214,141,1
-189,117,1
-195,139,1
-213,103,1
-198,102,1
-198,119,1
-207,143,1
-222,112,1
-209,130,1
-213,143,1
-201,142,1
-208,107,1
-190,115,1
-208,108,1
-209,130,1
-200,115,1
-209,126,1
-187,120,1
-189,108,1
-190,110,1
-211,130,1
-213,128,1
-227,109,1
-196,106,1
-226,114,1
-197,98,1
-222,130,1
-223,134,1
-216,134,1
-193,121,1
-194,134,1
-215,133,1
-196,114,1
-187,117,1
-189,109,1
-207,105,1
-203,109,1
-199,142,1
-207,128,1
-199,107,1
-224,107,1
-215,137,1
-213,96,1
-206,105,1
-219,116,1
-214,139,1
-187,109,1
-232,117,1
-215,128,1
-190,134,1
-197,132,1
-201,102,1
-221,118,1
-191,108,1
-221,122,1
-193,123,1
-211,127,1
-213,110,1
-207,132,1
-216,122,1
-220,132,1
-216,113,1
-210,112,1
-220,108,1
-198,121,1
-189,118,1
-212,142,1
-209,137,1
-212,120,1
-213,124,1
-218,119,1
-211,111,1
-185,122,1
-218,122,1
-190,117,1
-200,115,1
-191,105,1
-205,126,1
-210,132,1
-213,116,1
-201,97,1
-204,122,1
-213,140,1
-192,139,1
-187,128,1
-189,111,1
-208,109,1
-213,111,1
-209,98,1
-200,104,1
-209,109,1
-226,134,1
-214,135,1
-206,126,1
-225,109,1
-209,132,1
-212,130,1
-187,108,1
-204,108,1
-232,126,1
-183,122,1
-196,141,1
-226,136,1
-205,108,1
-208,107,1
-217,141,1
-203,117,1
-191,131,1
-208,143,1
-194,119,1
-223,135,1
-201,125,1
-223,136,1
-216,125,1
-199,107,1
-186,117,1
-183,121,1
-219,132,1
-211,112,1
-200,120,1
-218,125,1
-208,123,1
-217,114,1
-221,130,1
-210,113,1
-190,120,1
-191,126,1
-195,135,1
-192,107,1
-192,114,1
-222,120,1
-210,133,1
-210,101,1
-202,106,1
-225,110,1
-224,102,1
-227,135,1
-218,142,1
-211,124,1
-217,106,1
-218,142,1
-187,132,1
-206,139,1
-219,109,1
-194,139,1
-197,142,1
-221,122,1
-220,131,1
-200,127,1
-210,110,1
-189,108,1
-214,115,1
-185,128,1
-216,101,1
-217,107,1
-207,97,1
-191,137,1
-226,127,1
-230,111,1
-211,119,1
-226,120,1
-217,114,1
-197,113,1
-212,141,1
-199,114,1
-215,117,1
-209,107,1
-191,103,1
-220,130,1
-226,121,1
-231,128,1
-220,108,1
-190,108,1
-192,109,1
-186,124,1
-191,107,1
-191,131,1
-207,133,1
-211,119,1
-212,140,1
-193,139,1
-199,99,1
-222,122,1
-223,111,1
-190,135,1
-226,135,1
-227,109,1
