-5,-184,0
-18,-175,0
17,-176,0
-15,-206,0
8,-196,0
-11,-174,0
13,-169,0
3,-182,0
-13,-188,0
-14,-190,0
-9,-208,0
8,-183,0
-2,-181,0
17,-205,0
-12,-179,0
-11,-182,0
-16,-183,0
19,-200,0
1,-183,0
3,-183,0
-2,-184,0
0,-183,0
13,-190,0
4,-171,0
5,-196,0
-8,-167,0
-13,-176,0
-2,-214,0
7,-187,0
-10,-183,0
-4,-200,0
-9,-185,0
-12,-208,0
-3,-180,0
-2,-188,0
13,-206,0
-20,-197,0
-23,-181,0
16,-191,0
0,-202,0
19,-193,0
-8,-175,0
11,-196,0
16,-208,0
-13,-183,0
3,-171,0
15,-180,0
8,-206,0
-3,-181,0
15,-200,0
-13,-193,0
14,-181,0
7,-192,0
-21,-182,0
20,-195,0
-9,-197,0
3,-180,0
-5,-180,0
4,-166,0
-8,-194,0
16,-204,0
13,-202,0
14,-206,0
9,-211,0
15,-177,0
-23,-192,0
-17,-181,0
-2,-197,0
1,-193,0
-10,-212,0
-5,-193,0
-15,-209,0
-7,-189,0
-14,-197,0
1,-167,0
16,-203,0
3,-213,0
8,-213,0
4,-179,0
0,-188,0
0,-193,0
12,-202,0
-16,-202,0
5,-173,0
24,-193,0
9,-194,0
20,-193,0
-17,-189,0
-13,-186,0
-5,-188,0
9,-208,0
-4,-197,0
-13,-174,0
11,-205,0
2,-170,0
8,-197,0
13,-189,0
-6,-178,0
10,-186,0
13,-189,0
20,-197,0
-1,-202,0
6,-213,0
21,-191,0
-12,-174,0
21,-186,0
13,-208,0
-1,-177,0
-7,-188,0
24,-192,0
-5,-192,0
-11,-169,0
19,-199,0
-9,-178,0
20,-201,0
1,-207,0
-11,-182,0
-13,-202,0
1,-190,0
2,-208,0
-5,-207,0
-12,-207,0
-6,-177,0
-13,-169,0
22,-196,0
-24,-185,0
-6,-167,0
8,-200,0
18,-195,0
-11,-210,0
-22,-191,0
-16,-190,0
-8,-169,0
16,-196,0
16,-193,0
-18,-178,0
-4,-187,0
13,-187,0
-3,-171,0
8,-207,0
16,-180,0
5,-213,0
5,-173,0
-23,-188,0
16,-174,0
22,-181,0
-8,-167,0
15,-207,0
-2,-198,0
21,-178,0
7,-181,0
3,-168,0
-14,-181,0
13,-183,0
-12,-191,0
-22,-200,0
3,-181,0
17,-201,0
-7,-207,0
21,-186,0
3,-174,0
-13,-199,0
-22,-198,0
-18,-204,0
0,-213,0
-2,-166,0
-4,-168,0
3,-189,0
18,-187,0
0,-196,0
3,-204,0
-13,-204,0
6,-201,0
11,-209,0
9,-189,0
-3,-200,0
-21,-191,0
8,-201,0
10,-203,0
5,-182,0
-18,-179,0
2,-214,0
19,-177,0
2,-208,0
-3,-181,0
-23,-187,0
4,-175,0
9,-204,0
1,-209,0
-22,-185,0
-14,-207,0
7,-181,0
-7,-189,0
10,-204,0
0,-169,0
-20,-200,0
-9,-193,0
2,-185,0
-23,-195,0
2,-206,0
-12,-176,0
3,-196,0
7,-172,0
-10,-196,0
10,-212,0
-16,-184,0
8,-192,0
1,-207,0
-17,-199,0
-8,-194,0
6,-194,0
-11,-209,0
18,-178,0
1,-182,0
17,-202,0
20,-198,0
8,-199,0
6,-184,0
-6,-190,0
-7,-179,0
-5,-214,0
14,-186,0
-14,-181,0
-2,-187,0
-22,-189,0
-5,-203,0
11,-178,0
-11,-202,0
-6,-182,0
-4,-192,0
-10,-196,0
21,-191,0
-3,-189,0
-6,-193,0
-11,-172,0
11,-175,0
-7,-193,0
6,-188,0
3,-177,0
5,-189,0
19,-200,0
18,-178,0
1,-205,0
-5,-181,0
-17,-174,0
-17,-206,0
-7,-177,0
7,-192,0
21,-199,0
-23,-187,0
6,-168,0
-2,-172,0
11,-209,0
-4,-172,0
-5,-212,0
-15,-189,0
18,-190,0
-2,-166,0
-11,-191,0
-5,-191,0
-3,-187,0
-18,-183,0
-10,-200,0
-9,-212,0
-7,-194,0
-12,-179,0
25,-190,0
-10,-182,0
-9,-186,0
-3,-175,0
-5,-187,0
-16,-195,0
10,-193,0
8,-185,0
-12,-210,0
20,-204,0
10,-203,0
-19,-201,0
-13,-172,0
-7,-186,0
6,-188,0
-8,-181,0
18,-176,0
1,-181,0
21,-199,0
-4,-168,0
5,-206,0
1,-214,0
7,-208,0
-8,-205,0
8,-170,0
7,-180,0
1,-204,0
7,-202,0
16,-175,0
-12,-170,0
19,-184,0
-20,-193,0
18,-201,0
0,-181,0
7,-188,0
-16,-207,0
1,-201,0
18,-193,0
-1,-211,0
-3,-201,0
-8,-202,0
-2,-213,0
9,-175,0
-3,-177,0
5,-192,0
-10,-173,0
17,-176,0
-8,-183,0
23,-191,0
4,-178,0
5,-176,0
-10,-192,0
-1,-200,0
-9,-192,0
12,-185,0
16,-199,0
-18,-183,0
15,-210,0
0,-196,0
-12,-171,0
-14,-182,0
6,-188,0
-17,-173,0
14,-201,0
-5,-204,0
18,-191,0
-12,-190,0
156,116,1
152,80,1
173,92,1
149,91,1
180,103,1
174,98,1
182,98,1
167,73,1
189,93,1
173,97,1
149,82,1
184,110,1
168,107,1
156,88,1
181,89,1
170,73,1
167,90,1
182,104,1
162,107,1
178,94,1
163,88,1
170,117,1
153,93,1
178,84,1
154,112,1
186,90,1
177,109,1
146,92,1
169,119,1
170,105,1
165,98,1
148,93,1
168,83,1
166,77,1
169,95,1
167,112,1
173,101,1
144,87,1
147,105,1
163,111,1
176,100,1
183,95,1
183,106,1
159,79,1
149,87,1
140,94,1
150,110,1
148,97,1
158,98,1
153,90,1
145,85,1
169,111,1
157,90,1
181,77,1
159,94,1
160,90,1
156,85,1
173,93,1
155,113,1
169,76,1
172,87,1
176,84,1
163,111,1
158,110,1
145,100,1
159,90,1
147,93,1
161,113,1
166,100,1
171,112,1
165,117,1
179,104,1
148,83,1
173,104,1
171,98,1
157,81,1
180,81,1
188,91,1
145,102,1
173,87,1
170,83,1
162,103,1
165,107,1
162,88,1
146,86,1
183,100,1
160,104,1
169,94,1
149,84,1
169,75,1
155,111,1
151,108,1
174,103,1
183,98,1
179,89,1
155,99,1
162,96,1
170,77,1
173,86,1
146,85,1
154,101,1
157,77,1
162,85,1
167,95,1
174,78,1
185,81,1
170,103,1
146,101,1
147,110,1
169,74,1
162,71,1
147,78,1
150,90,1
147,94,1
160,105,1
177,109,1
179,92,1
173,114,1
183,103,1
161,114,1
179,85,1
184,108,1
176,73,1
180,84,1
145,87,1
184,98,1
145,102,1
161,95,1
186,97,1
165,99,1
162,99,1
174,93,1
154,106,1
175,96,1
155,100,1
161,112,1
151,105,1
161,104,1
172,98,1
176,102,1
175,116,1
150,76,1
175,96,1
154,110,1
162,84,1
170,93,1
143,100,1
184,109,1
148,93,1
163,80,1
162,79,1
166,89,1
181,88,1
146,95,1
175,111,1
175,96,1
161,107,1
141,93,1
144,92,1
156,110,1
163,73,1
160,117,1
146,103,1
150,106,1
186,92,1
184,83,1
172,103,1
143,99,1
169,90,1
154,90,1
166,99,1
165,85,1
182,84,1
141,96,1
184,105,1
162,75,1
168,99,1
145,91,1
150,104,1
166,115,1
180,82,1
151,75,1
146,93,1
172,97,1
185,104,1
181,88,1
147,108,1
171,103,1
178,102,1
146,95,1
179,88,1
163,77,1
175,77,1
176,74,1
163,87,1
165,76,1
180,94,1
160,78,1
168,103,1
165,84,1
163,86,1
150,105,1
159,85,1
151,76,1
182,112,1
158,89,1
155,99,1
150,103,1
159,84,1
159,85,1
162,89,1
184,96,1
160,90,1
164,80,1
171,119,1
177,76,1
189,93,1
184,98,1
188,100,1
164,74,1
161,93,1
172,111,1
173,114,1
160,71,1
165,107,1
151,86,1
163,72,1
173,77,1
167,98,1
182,80,1
166,92,1
177,79,1
173,97,1
184,83,1
171,109,1
155,118,1
186,93,1
181,86,1
166,87,1
179,105,1
156,116,1
156,118,1
184,81,1
171,105,1
168,99,1
143,103,1
155,99,1
173,103,1
151,104,1
159,105,1
182,86,1
171,116,1
175,74,1
177,92,1
164,116,1
184,92,1
158,106,1
164,109,1
153,114,1
159,97,1
175,81,1
157,116,1
180,85,1
159,84,1
144,103,1
171,105,1
154,88,1
182,88,1
185,94,1
177,76,1
173,106,1
176,104,1
143,85,1
157,118,1
148,79,1
179,94,1
162,118,1
183,102,1
149,112,1
158,85,1
168,116,1
154,83,1
160,72,1
181,93,1
162,118,1
161,104,1
184,94,1
181,102,1
159,109,1
164,72,1
178,81,1
167,99,1
185,92,1
175,116,1
187,85,1
164,81,1
174,72,1
174,116,1
164,86,1
161,86,1
155,92,1
171,102,1
176,110,1
164,108,1
179,90,1
158,104,1
147,100,1
176,94,1
172,74,1
185,94,1
158,81,1
153,88,1
147,90,1
174,118,1
149,110,1
182,97,1
180,93,1
156,118,1
164,71,1
186,92,1
158,119,1
153,82,1
167,100,1
169,81,1
152,106,1
160,115,1
154,86,1
163,96,1
155,89,1
154,100,1
164,102,1
144,87,1
152,112,1
-145,98,1
-180,79,1
-153,107,1
-153,93,1
-184,89,1
-165,114,1
-151,93,1
-176,83,1
-169,112,1
-181,103,1
-168,108,1
-161,98,1
-170,94,1
-162,97,1
-170,111,1
-148,109,1
-151,92,1
-171,85,1
-144,82,1
-159,104,1
-167,110,1
-154,95,1
-143,102,1
-154,88,1
-153,95,1
-170,104,1
-176,79,1
-161,92,1
-166,101,1
-171,103,1
-160,89,1
-175,78,1
-176,79,1
-173,118,1
-169,86,1
-163,107,1
-172,114,1
-149,90,1
-158,104,1
-183,110,1
-174,106,1
-184,105,1
-162,90,1
-158,87,1
-178,96,1
-176,83,1
-166,83,1
-170,78,1
-178,93,1
-163,86,1
-165,95,1
-166,101,1
-168,106,1
-178,107,1
-176,92,1
-166,95,1
-176,111,1
-175,80,1
-154,76,1
-149,90,1
-164,107,1
-159,99,1
-147,84,1
-171,96,1
-151,105,1
-155,110,1
-167,115,1
-167,103,1
-174,73,1
-171,75,1
-141,87,1
-175,107,1
-178,98,1
-160,116,1
-150,106,1
-182,88,1
-169,72,1
-149,111,1
-166,90,1
-169,74,1
-170,77,1
-160,80,1
-160,113,1
-153,113,1
-147,88,1
-170,113,1
-174,88,1
-157,73,1
-158,107,1
-154,111,1
-143,106,1
-184,107,1
-159,81,1
-158,91,1
-176,115,1
-177,103,1
-183,87,1
-160,82,1
-144,97,1
-161,116,1
-160,116,1
-181,100,1
-174,107,1
-163,105,1
-173,93,1
-168,73,1
-144,109,1
-173,103,1
-143,86,1
-151,86,1
-154,97,1
-145,109,1
-176,113,1
-176,111,1
-181,102,1
-180,93,1
-152,96,1
-148,112,1
-172,104,1
-153,78,1
-149,111,1
-170,93,1
-169,78,1
-146,89,1
-150,82,1
-160,99,1
-164,100,1
-146,106,1
-176,115,1
-148,79,1
-152,75,1
-159,117,1
-152,87,1
-167,89,1
-186,100,1
-187,86,1
-150,92,1
-145,82,1
-146,82,1
-164,78,1
-158,71,1
-163,73,1
-159,113,1
-161,103,1
-141,88,1
-172,108,1
-151,85,1
-171,96,1
-172,75,1
-188,98,1
-174,115,1
-148,95,1
-167,88,1
-171,117,1
-165,89,1
-174,95,1
-176,82,1
-189,94,1
-182,105,1
-153,115,1
-150,114,1
-170,100,1
-171,88,1
-165,82,1
-169,71,1
-169,111,1
-154,108,1
-168,82,1
-155,100,1
-171,92,1
-168,102,1
-185,105,1
-174,91,1
-154,111,1
-143,102,1
-174,112,1
-174,96,1
-181,78,1
-180,95,1
-187,103,1
-172,108,1
-174,90,1
-161,118,1
-177,106,1
-164,117,1
-151,81,1
-162,102,1
-151,76,1
-155,110,1
-152,83,1
-176,115,1
-178,104,1
-188,93,1
-180,86,1
-168,73,1
-160,102,1
-171,78,1
-158,75,1
-168,87,1
-157,78,1
-154,111,1
-158,79,1
-156,90,1
-155,80,1
-161,87,1
-174,115,1
-158,115,1
-173,108,1
-157,113,1
-182,96,1
-154,109,1
-171,76,1
-149,88,1
-167,90,1
-172,80,1
-186,85,1
-155,115,1
-189,95,1
-151,83,1
-182,111,1
-178,102,1
-174,81,1
-140,95,1
-184,99,1
-143,95,1
-150,81,1
-179,112,1
-159,105,1
-155,95,1
-165,100,1
-143,93,1
-169,95,1
-161,87,1
-161,105,1
-151,82,1
-151,78,1
-155,92,1
-160,81,1
-152,92,1
-148,91,1
-160,85,1
-153,78,1
-148,106,1
-169,101,1
-172,75,1
-174,105,1
-158,108,1
-152,83,1
-170,89,1
-167,106,1
-165,82,1
-161,118,1
-145,81,1
-176,102,1
-152,90,1
-181,106,1
-159,118,1
-148,101,1
-161,75,1
-160,74,1
-174,77,1
-162,77,1
-180,86,1
-185,90,1
-159,82,1
-143,83,1
-168,110,1
-175,112,1
-183,99,1
-168,79,1
-147,87,1
-156,95,1
-179,99,1
-162,79,1
-161,118,1
-173,113,1
-153,94,1
-173,107,1
-162,87,1
-161,71,1
-164,104,1
-174,103,1
-188,103,1
-153,83,1
-149,76,1
-167,75,1
-182,105,1
-185,90,1
-152,79,1
-185,108,1
-175,89,1
-172,77,1
-153,111,1
-164,90,1
-150,98,1
-185,88,1
-164,113,1
-156,116,1
-159,96,1
-176,93,1
-158,107,1
-146,102,1
-183,100,1
-154,91,1
-148,79,1
-165,94,1
-175,97,1
-167,84,1
-177,99,1
-157,110,1
-183,103,1
-175,111,1
-185,83,1
-151,114,1
-185,84,1
-146,83,1
-165,97,1
-161,91,1
-176,100,1
-158,116,1
-181,99,1
-164,84,1
-185,93,1
-151,79,1
-176,81,1
-172,112,1
-152,87,1
-147,78,1
-176,93,1
-182,88,1
-168,90,1
-174,112,1
-146,101,1
