18,-192,0
1,-164,0
-20,-174,0
7,-182,0
4,-192,0
13,-160,0
21,-169,0
4,-197,0
10,-171,0
16,-193,0
-5,-160,0
23,-175,0
-3,-175,0
21,-169,0
-12,-192,0
-1,-177,0
14,-200,0
-19,-177,0
10,-176,0
-9,-197,0
-17,-166,0
-8,-161,0
-13,-173,0
4,-178,0
2,-168,0
3,-203,0
7,-163,0
-9,-175,0
0,-171,0
7,-165,0
-4,-191,0
19,-164,0
7,-169,0
-14,-200,0
6,-182,0
-10,-175,0
10,-184,0
23,-189,0
-23,-180,0
-7,-186,0
7,-173,0
0,-166,0
1,-190,0
8,-201,0
10,-176,0
-20,-191,0
-9,-163,0
-12,-163,0
12,-164,0
21,-176,0
-20,-166,0
6,-203,0
19,-166,0
10,-178,0
-6,-189,0
-20,-166,0
-14,-195,0
-6,-168,0
-13,-172,0
5,-197,0
10,-189,0
-17,-173,0
-13,-191,0
7,-162,0
16,-187,0
-1,-184,0
-12,-171,0
-7,-180,0
10,-180,0
-17,-170,0
-1,-195,0
-11,-197,0
-10,-188,0
19,-171,0
4,-177,0
7,-168,0
9,-169,0
-10,-168,0
-3,-182,0
12,-194,0
3,-199,0
-15,-180,0
-10,-167,0
0,-187,0
21,-175,0
-5,-182,0
-11,-165,0
-2,-184,0
-14,-190,0
3,-160,0
-10,-168,0
0,-195,0
-17,-185,0
16,-187,0
-15,-171,0
-16,-173,0
17,-185,0
-6,-181,0
-3,-162,0
-21,-185,0
17,-192,0
16,-165,0
1,-157,0
16,-182,0
20,-173,0
13,-189,0
22,-183,0
6,-189,0
9,-161,0
21,-175,0
-13,-191,0
4,-181,0
11,-184,0
4,-203,0
-6,-178,0
6,-162,0
-6,-159,0
-9,-165,0
5,-181,0
5,-195,0
-17,-182,0
21,-189,0
2,-166,0
11,-173,0
5,-182,0
18,-185,0
-20,-184,0
-7,-178,0
-4,-180,0
22,-170,0
-12,-174,0
19,-167,0
-11,-201,0
13,-162,0
-8,-170,0
-8,-184,0
3,-160,0
-6,-178,0
3,-187,0
9,-183,0
6,-189,0
6,-166,0
-4,-171,0
-6,-181,0
7,-168,0
10,-169,0
13,-174,0
11,-167,0
-1,-203,0
10,-182,0
8,-157,0
-10,-173,0
1,-197,0
1,-177,0
-23,-172,0
-8,-193,0
-10,-174,0
0,-163,0
12,-167,0
16,-182,0
-16,-199,0
-21,-192,0
-6,-156,0
7,-161,0
-3,-164,0
12,-165,0
7,-190,0
-2,-190,0
-5,-199,0
0,-168,0
-7,-194,0
-12,-199,0
-18,-169,0
-9,-199,0
-5,-164,0
2,-157,0
4,-166,0
17,-184,0
-8,-160,0
-3,-159,0
18,-168,0
22,-176,0
-22,-172,0
4,-203,0
-24,-176,0
18,-169,0
10,-192,0
-3,-158,0
-10,-181,0
-9,-197,0
1,-193,0
12,-195,0
-4,-200,0
-1,-201,0
15,-166,0
3,-194,0
3,-193,0
-7,-164,0
-1,-197,0
-8,-187,0
8,-177,0
9,-163,0
-2,-159,0
-18,-173,0
-12,-199,0
-6,-162,0
9,-169,0
-5,-178,0
22,-191,0
5,-204,0
3,-201,0
8,-168,0
-11,-175,0
22,-171,0
3,-162,0
-19,-183,0
1,-176,0
15,-167,0
14,-178,0
-23,-174,0
5,-192,0
-4,-178,0
8,-203,0
-7,-196,0
-15,-188,0
9,-180,0
-14,-184,0
-6,-195,0
16,-188,0
-6,-192,0
5,-162,0
-2,-169,0
19,-182,0
-12,-164,0
-4,-163,0
8,-164,0
-21,-189,0
-6,-157,0
20,-191,0
21,-187,0
10,-183,0
-12,-174,0
14,-169,0
-9,-173,0
19,-172,0
21,-189,0
-3,-175,0
14,-190,0
12,-178,0
-8,-188,0
13,-182,0
-3,-177,0
3,-187,0
2,-189,0
15,-200,0
-10,-163,0
4,-194,0
-18,-185,0
4,-196,0
7,-187,0
11,-200,0
-6,-173,0
-24,-177,0
-17,-165,0
6,-197,0
-5,-180,0
-6,-157,0
-23,-184,0
2,-167,0
18,-195,0
12,-162,0
9,-176,0
-1,-170,0
-19,-170,0
12,-195,0
-9,-170,0
14,-193,0
19,-174,0
0,-190,0
-4,-158,0
7,-159,0
2,-181,0
-16,-170,0
2,-188,0
-19,-189,0
14,-170,0
9,-185,0
-12,-163,0
-6,-186,0
-5,-158,0
23,-180,0
-6,-194,0
-2,-175,0
15,-176,0
-8,-167,0
-20,-177,0
14,-164,0
-22,-173,0
19,-167,0
-4,-169,0
-11,-175,0
12,-198,0
14,-186,0
18,-172,0
-17,-189,0
3,-196,0
1,-169,0
8,-159,0
-21,-187,0
8,-169,0
14,-181,0
-13,-177,0
-3,-169,0
-6,-158,0
-7,-173,0
-13,-177,0
1,-188,0
-19,-178,0
-13,-195,0
-3,-195,0
6,-176,0
-4,-191,0
15,-160,0
12,-183,0
0,-194,0
-11,-199,0
-22,-190,0
-19,-174,0
-20,-177,0
-22,-173,0
-14,-181,0
5,-195,0
3,-191,0
153,102,1
167,99,1
164,101,1
161,95,1
153,90,1
151,105,1
165,99,1
162,91,1
141,93,1
153,93,1
157,91,1
154,113,1
167,88,1
171,104,1
155,102,1
170,75,1
162,67,1
175,93,1
134,96,1
170,84,1
161,87,1
151,68,1
132,93,1
153,66,1
174,76,1
178,84,1
143,85,1
142,87,1
153,99,1
169,103,1
158,82,1
159,89,1
133,81,1
153,73,1
168,92,1
169,94,1
133,85,1
163,106,1
167,69,1
148,111,1
155,102,1
162,93,1
171,98,1
147,85,1
139,89,1
158,102,1
157,102,1
149,74,1
154,71,1
141,94,1
152,72,1
137,78,1
166,91,1
143,83,1
169,85,1
176,85,1
158,75,1
169,81,1
176,83,1
156,100,1
167,84,1
165,101,1
156,79,1
168,89,1
140,104,1
171,77,1
159,83,1
171,92,1
175,89,1
134,79,1
145,68,1
138,78,1
161,71,1
151,92,1
176,104,1
144,74,1
176,98,1
140,82,1
139,72,1
173,102,1
146,95,1
137,87,1
160,86,1
145,81,1
153,84,1
143,96,1
164,101,1
158,74,1
145,96,1
147,88,1
172,81,1
132,87,1
136,90,1
153,83,1
144,89,1
153,78,1
157,77,1
147,71,1
164,75,1
168,85,1
147,90,1
141,86,1
164,80,1
146,96,1
134,92,1
164,80,1
137,76,1
154,70,1
167,106,1
158,97,1
143,78,1
160,110,1
146,88,1
153,85,1
150,83,1
151,111,1
141,76,1
152,88,1
175,100,1
137,102,1
149,85,1
159,82,1
154,88,1
144,75,1
137,83,1
166,84,1
139,100,1
136,105,1
164,83,1
172,84,1
165,105,1
174,106,1
168,106,1
177,91,1
158,85,1
143,89,1
154,78,1
159,89,1
153,112,1
144,97,1
177,83,1
159,72,1
150,97,1
174,83,1
172,106,1
161,73,1
156,87,1
155,114,1
168,86,1
153,112,1
150,96,1
157,66,1
158,85,1
155,86,1
168,86,1
174,100,1
133,90,1
161,109,1
134,79,1
157,85,1
175,94,1
164,87,1
155,96,1
180,93,1
156,72,1
156,72,1
143,78,1
177,96,1
154,69,1
147,93,1
150,74,1
157,72,1
158,103,1
158,81,1
135,87,1
146,68,1
141,81,1
152,77,1
171,103,1
168,98,1
172,77,1
167,105,1
164,79,1
171,88,1
153,98,1
165,74,1
151,85,1
180,88,1
172,104,1
156,95,1
173,106,1
153,92,1
177,78,1
140,85,1
139,85,1
142,71,1
169,88,1
166,109,1
166,70,1
139,87,1
154,104,1
151,99,1
149,101,1
142,93,1
171,100,1
163,76,1
132,95,1
149,66,1
134,80,1
137,88,1
144,71,1
135,94,1
159,83,1
158,85,1
159,67,1
162,75,1
172,104,1
163,86,1
165,98,1
149,103,1
154,67,1
175,91,1
176,100,1
173,99,1
159,107,1
168,111,1
165,97,1
159,108,1
140,89,1
159,106,1
168,95,1
161,88,1
154,100,1
144,110,1
171,86,1
162,87,1
141,71,1
174,95,1
170,75,1
141,98,1
161,83,1
165,89,1
169,70,1
167,88,1
140,99,1
136,77,1
148,80,1
166,76,1
156,79,1
177,92,1
173,101,1
153,82,1
136,84,1
151,79,1
174,93,1
158,114,1
169,102,1
135,87,1
172,79,1
173,79,1
156,109,1
144,99,1
164,91,1
167,94,1
172,97,1
143,74,1
140,98,1
147,103,1
146,97,1
159,91,1
161,97,1
166,68,1
157,113,1
147,108,1
156,65,1
160,114,1
165,76,1
161,101,1
171,72,1
150,81,1
143,80,1
174,104,1
143,86,1
160,78,1
161,98,1
144,108,1
171,94,1
175,100,1
135,85,1
173,106,1
151,87,1
139,105,1
156,79,1
176,92,1
162,72,1
144,100,1
169,108,1
166,106,1
176,76,1
161,109,1
148,98,1
133,99,1
156,113,1
154,104,1
157,72,1
160,82,1
163,108,1
168,79,1
158,71,1
146,88,1
176,80,1
139,107,1
147,94,1
160,114,1
160,70,1
168,110,1
153,75,1
137,87,1
168,110,1
163,104,1
158,104,1
159,109,1
153,110,1
151,93,1
155,73,1
140,84,1
173,96,1
145,78,1
159,79,1
137,98,1
145,82,1
139,105,1
160,99,1
-158,83,1
-135,83,1
-151,84,1
-167,94,1
-147,93,1
-150,87,1
-133,86,1
-154,81,1
-140,75,1
-161,91,1
-135,101,1
-140,91,1
-177,94,1
-171,100,1
-156,91,1
-168,80,1
-148,70,1
-160,114,1
-139,86,1
-167,68,1
-151,87,1
-163,95,1
-135,91,1
-142,76,1
-147,67,1
-163,77,1
-148,100,1
-178,100,1
-151,68,1
-149,76,1
-155,106,1
-137,76,1
-151,86,1
-142,94,1
-137,103,1
-133,83,1
-144,69,1
-133,99,1
-143,107,1
-170,96,1
-162,112,1
-166,108,1
-162,84,1
-148,107,1
-171,100,1
-154,101,1
-176,91,1
-161,66,1
-172,99,1
-151,77,1
-174,100,1
-167,106,1
-154,114,1
-148,103,1
-157,98,1
-158,84,1
-167,88,1
-147,107,1
-167,104,1
-142,98,1
-172,101,1
-160,91,1
-135,101,1
-151,81,1
-175,103,1
-155,94,1
-169,110,1
-170,73,1
-176,87,1
-161,72,1
-137,91,1
-162,67,1
-168,108,1
-169,91,1
-165,89,1
-146,91,1
-174,100,1
-152,83,1
-155,74,1
-175,75,1
-140,95,1
-161,72,1
-156,114,1
-144,110,1
-152,82,1
-132,84,1
-152,90,1
-157,97,1
-146,72,1
-150,93,1
-142,92,1
-159,89,1
-160,68,1
-169,70,1
-172,100,1
-133,96,1
-159,95,1
-151,93,1
-170,97,1
-142,100,1
-143,90,1
-163,85,1
-136,78,1
-142,96,1
-161,114,1
-162,113,1
-152,95,1
-152,108,1
-157,101,1
-157,106,1
-157,84,1
-145,79,1
-151,93,1
-140,91,1
-153,98,1
-164,90,1
-164,85,1
-171,104,1
-136,85,1
-132,86,1
-178,85,1
-167,71,1
-168,98,1
-178,84,1
-170,86,1
-168,91,1
-164,79,1
-159,98,1
-151,101,1
-177,78,1
-149,92,1
-173,88,1
-162,71,1
-166,88,1
-152,76,1
-170,75,1
-164,88,1
-176,89,1
-155,87,1
-136,89,1
-178,88,1
-171,76,1
-154,94,1
-155,107,1
-176,98,1
-178,81,1
-146,70,1
-168,102,1
-153,114,1
-166,82,1
-152,99,1
-170,84,1
-142,82,1
-158,89,1
-177,81,1
-138,78,1
-161,85,1
-148,113,1
-157,86,1
-168,82,1
-157,75,1
-176,78,1
-139,89,1
-175,103,1
-136,96,1
-141,101,1
-138,101,1
-176,104,1
-158,85,1
-154,84,1
-150,110,1
-177,102,1
-149,96,1
-157,91,1
-168,92,1
-168,102,1
-164,75,1
-142,82,1
-137,75,1
-151,100,1
-141,77,1
-152,74,1
-140,83,1
-142,106,1
-156,101,1
-146,83,1
-140,94,1
-138,103,1
-148,94,1
-149,75,1
-138,100,1
-173,82,1
-147,113,1
-177,96,1
-138,102,1
-149,96,1
-166,81,1
-161,90,1
-132,90,1
-173,98,1
-134,78,1
-164,88,1
-170,93,1
-149,112,1
-143,107,1
-171,104,1
-133,87,1
-150,67,1
-162,100,1
-171,73,1
-165,77,1
-143,89,1
-164,98,1
-164,108,1
-140,108,1
-143,84,1
-149,82,1
-135,103,1
-165,108,1
-161,94,1
-160,101,1
-148,103,1
-164,95,1
-169,97,1
-148,101,1
-145,91,1
-162,111,1
-144,95,1
-159,73,1
-152,104,1
-161,89,1
-171,83,1
-138,81,1
-155,81,1
-145,79,1
-159,97,1
-170,89,1
-171,104,1
-146,98,1
-170,83,1
-145,75,1
-161,79,1
-169,80,1
-149,114,1
-142,73,1
-137,93,1
-154,93,1
-174,76,1
-170,85,1
-148,86,1
-166,84,1
-138,91,1
-157,107,1
-173,82,1
-169,99,1
-168,98,1
-167,89,1
-137,83,1
-173,75,1
-165,86,1
-159,74,1
-165,103,1
-141,93,1
-136,84,1
-140,91,1
-145,73,1
-156,89,1
-144,73,1
-147,90,1
-168,70,1
-154,111,1
-140,85,1
-155,104,1
-177,101,1
-174,100,1
-152,71,1
-135,103,1
-137,91,1
-157,71,1
-135,98,1
-153,72,1
-148,105,1
-150,99,1
-149,104,1
-174,90,1
-167,90,1
-164,95,1
-150,90,1
-138,75,1
-164,74,1
-157,105,1
-145,95,1
-148,97,1
-149,110,1
-143,96,1
-146,106,1
-154,112,1
-148,88,1
-164,75,1
-151,80,1
-152,102,1
-162,90,1
-173,83,1
-139,82,1
-137,94,1
-178,92,1
-147,82,1
-149,113,1
-143,90,1
-140,99,1
-167,77,1
-166,92,1
-150,82,1
-174,94,1
-165,91,1
-174,106,1
-153,110,1
-179,94,1
-147,100,1
-155,93,1
-150,73,1
-153,104,1
-171,97,1
-144,95,1
-154,71,1
-146,98,1
-146,112,1
-177,89,1
-137,100,1
-149,85,1
-178,79,1
-148,103,1
-135,77,1
