-14,-239,0
-23,-225,0
0,-252,0
21,-231,0
-12,-249,0
-10,-250,0
-18,-222,0
-3,-211,0
-3,-209,0
20,-242,0
15,-234,0
11,-219,0
4,-228,0
8,-232,0
10,-226,0
1,-217,0
2,-230,0
11,-232,0
-10,-221,0
14,-220,0
17,-213,0
-6,-213,0
13,-230,0
-9,-240,0
5,-210,0
22,-221,0
4,-221,0
21,-226,0
-14,-224,0
23,-229,0
6,-222,0
-13,-248,0
-11,-217,0
-20,-234,0
1,-229,0
-16,-212,0
-9,-214,0
25,-230,0
-17,-217,0
-2,-248,0
9,-227,0
7,-242,0
12,-230,0
-22,-239,0
12,-240,0
0,-223,0
11,-220,0
8,-244,0
-1,-209,0
-4,-213,0
-13,-233,0
-5,-243,0
-13,-218,0
-17,-233,0
0,-234,0
8,-220,0
-18,-241,0
6,-252,0
2,-243,0
-5,-211,0
-3,-234,0
1,-221,0
-10,-246,0
3,-245,0
-4,-250,0
8,-238,0
19,-240,0
-3,-240,0
-17,-231,0
11,-250,0
8,-212,0
18,-233,0
15,-221,0
3,-249,0
-6,-221,0
5,-245,0
11,-237,0
22,-230,0
-11,-224,0
-8,-226,0
2,-214,0
-6,-210,0
-7,-219,0
-13,-240,0
5,-220,0
22,-238,0
-19,-221,0
15,-234,0
-3,-216,0
-8,-251,0
7,-230,0
-4,-223,0
-12,-225,0
-17,-240,0
-12,-227,0
19,-222,0
18,-224,0
18,-217,0
-23,-233,0
-11,-238,0
3,-244,0
-16,-222,0
-22,-235,0
-19,-220,0
-9,-243,0
-1,-206,0
22,-225,0
-16,-232,0
-11,-215,0
15,-211,0
-2,-245,0
11,-222,0
0,-241,0
14,-221,0
4,-222,0
-15,-247,0
-18,-232,0
5,-217,0
21,-220,0
-6,-247,0
-24,-229,0
3,-239,0
5,-212,0
-2,-250,0
-10,-214,0
-10,-236,0
-1,-244,0
-5,-243,0
17,-223,0
5,-240,0
20,-220,0
0,-222,0
-12,-226,0
10,-246,0
-9,-250,0
-11,-212,0
-9,-244,0
-10,-241,0
3,-212,0
-9,-228,0
10,-246,0
-7,-241,0
3,-210,0
-20,-220,0
-9,-239,0
-5,-223,0
1,-218,0
-3,-214,0
21,-236,0
19,-237,0
-7,-229,0
0,-220,0
16,-234,0
6,-241,0
5,-207,0
-17,-236,0
11,-226,0
18,-218,0
0,-245,0
7,-225,0
17,-214,0
13,-221,0
24,-230,0
17,-217,0
-9,-247,0
-2,-223,0
-24,-230,0
-5,-211,0
9,-226,0
19,-246,0
5,-241,0
0,-226,0
-14,-227,0
-17,-220,0
-6,-228,0
-1,-240,0
-18,-246,0
2,-249,0
-15,-216,0
-6,-215,0
-2,-246,0
-9,-217,0
16,-235,0
19,-216,0
-16,-247,0
5,-226,0
0,-218,0
6,-228,0
-21,-225,0
-8,-230,0
15,-229,0
-22,-226,0
-6,-235,0
2,-250,0
-4,-243,0
-22,-228,0
-12,-229,0
-8,-214,0
11,-229,0
3,-215,0
14,-233,0
6,-212,0
-5,-225,0
-8,-251,0
6,-246,0
11,-221,0
-11,-246,0
6,-230,0
-7,-218,0
-13,-221,0
-19,-220,0
-13,-237,0
-3,-242,0
-3,-223,0
-12,-249,0
17,-236,0
2,-238,0
-11,-222,0
-20,-234,0
-1,-252,0
-6,-209,0
0,-211,0
-3,-210,0
14,-250,0
18,-221,0
25,-230,0
24,-231,0
1,-234,0
-16,-229,0
4,-243,0
22,-231,0
-9,-242,0
-23,-234,0
-16,-231,0
11,-243,0
-6,-226,0
19,-219,0
-10,-251,0
-3,-246,0
-13,-216,0
-8,-213,0
17,-228,0
-7,-222,0
-10,-233,0
3,-248,0
-21,-217,0
-12,-242,0
-11,-219,0
19,-234,0
15,-249,0
-11,-228,0
-2,-225,0
-16,-232,0
15,-223,0
21,-229,0
9,-253,0
-9,-209,0
-12,-234,0
23,-232,0
-14,-246,0
-15,-238,0
15,-243,0
-10,-214,0
-14,-211,0
17,-212,0
-9,-221,0
1,-207,0
13,-218,0
-13,-210,0
-22,-239,0
-17,-231,0
-24,-235,0
1,-241,0
0,-212,0
0,-209,0
-24,-225,0
0,-235,0
-1,-240,0
2,-216,0
-11,-221,0
-8,-231,0
-18,-225,0
3,-249,0
-13,-210,0
23,-222,0
-14,-238,0
19,-223,0
14,-240,0
-3,-247,0
1,-209,0
-5,-247,0
-9,-225,0
17,-216,0
-9,-237,0
7,-233,0
5,-227,0
-24,-225,0
6,-211,0
21,-225,0
-4,-241,0
-5,-241,0
-10,-250,0
-14,-247,0
-8,-234,0
-14,-216,0
16,-233,0
-10,-250,0
7,-248,0
20,-229,0
-15,-237,0
-6,-250,0
22,-234,0
11,-239,0
-7,-228,0
14,-212,0
2,-222,0
-5,-234,0
-10,-252,0
7,-249,0
3,-221,0
12,-226,0
-7,-245,0
15,-216,0
-23,-223,0
14,-242,0
13,-242,0
-1,-223,0
0,-223,0
3,-239,0
9,-243,0
10,-231,0
-18,-214,0
12,-230,0
187,128,1
198,125,1
222,117,1
216,108,1
184,98,1
212,114,1
183,113,1
212,103,1
182,108,1
209,102,1
198,108,1
205,104,1
184,124,1
192,95,1
184,122,1
209,124,1
203,113,1
221,111,1
181,99,1
210,125,1
185,105,1
208,96,1
216,118,1
197,104,1
181,99,1
215,116,1
212,115,1
180,106,1
219,104,1
189,102,1
189,101,1
206,103,1
185,134,1
205,101,1
193,129,1
220,127,1
220,128,1
181,130,1
186,110,1
185,132,1
206,135,1
212,125,1
189,133,1
198,93,1
189,110,1
177,119,1
198,121,1
218,127,1
213,120,1
191,112,1
202,134,1
217,119,1
193,108,1
198,124,1
220,112,1
199,119,1
184,98,1
185,130,1
197,127,1
207,105,1
205,134,1
185,99,1
218,113,1
217,128,1
195,129,1
192,112,1
214,113,1
202,120,1
200,136,1
202,120,1
199,96,1
206,114,1
207,112,1
202,124,1
184,124,1
189,115,1
204,108,1
195,118,1
190,117,1
188,137,1
192,99,1
189,93,1
199,128,1
202,93,1
189,136,1
189,117,1
188,101,1
216,104,1
183,99,1
215,98,1
185,114,1
188,134,1
194,132,1
200,107,1
191,101,1
202,139,1
195,111,1
220,107,1
219,108,1
207,130,1
198,106,1
178,114,1
213,100,1
190,133,1
191,116,1
194,99,1
210,109,1
196,96,1
177,119,1
183,115,1
189,127,1
189,100,1
181,132,1
202,100,1
218,119,1
180,102,1
186,100,1
208,134,1
221,104,1
183,105,1
215,109,1
191,112,1
210,122,1
177,113,1
212,110,1
182,120,1
180,115,1
201,108,1
194,104,1
204,113,1
178,114,1
215,98,1
179,104,1
215,111,1
204,119,1
212,102,1
221,110,1
210,98,1
183,113,1
212,131,1
218,99,1
203,132,1
196,114,1
185,120,1
197,120,1
187,111,1
179,107,1
191,103,1
211,99,1
211,109,1
203,102,1
211,132,1
189,132,1
190,108,1
220,112,1
178,112,1
217,102,1
213,101,1
188,112,1
215,106,1
217,103,1
209,137,1
177,106,1
197,116,1
189,101,1
199,138,1
186,112,1
210,114,1
196,102,1
192,107,1
186,133,1
199,124,1
184,125,1
186,119,1
192,122,1
207,116,1
195,97,1
202,129,1
209,117,1
212,127,1
194,122,1
191,107,1
192,112,1
187,117,1
205,95,1
202,110,1
181,115,1
219,120,1
211,93,1
211,119,1
182,102,1
188,107,1
207,96,1
189,119,1
181,119,1
218,107,1
187,105,1
212,119,1
205,95,1
185,107,1
202,115,1
189,103,1
189,125,1
215,126,1
195,126,1
206,112,1
189,106,1
189,97,1
178,111,1
209,112,1
208,112,1
222,119,1
206,113,1
183,128,1
205,111,1
200,100,1
188,131,1
212,109,1
219,126,1
183,114,1
210,136,1
202,115,1
211,104,1
220,126,1
219,100,1
192,113,1
217,124,1
195,97,1
180,100,1
219,119,1
208,97,1
188,112,1
179,122,1
191,123,1
217,105,1
176,106,1
209,126,1
186,98,1
201,98,1
203,113,1
210,120,1
193,95,1
204,127,1
222,116,1
212,111,1
217,124,1
222,120,1
198,104,1
191,130,1
204,121,1
202,122,1
200,124,1
205,119,1
217,130,1
212,111,1
212,105,1
199,101,1
218,125,1
218,99,1
208,136,1
204,110,1
179,114,1
210,112,1
218,112,1
182,119,1
179,122,1
201,102,1
221,114,1
193,91,1
178,103,1
179,119,1
222,125,1
177,104,1
181,123,1
215,121,1
182,123,1
211,116,1
206,108,1
210,131,1
222,107,1
207,97,1
206,95,1
203,128,1
223,113,1
220,121,1
192,99,1
211,103,1
214,97,1
179,110,1
185,105,1
180,124,1
195,99,1
200,105,1
182,109,1
209,137,1
189,137,1
194,131,1
192,133,1
183,118,1
178,123,1
212,117,1
211,96,1
216,100,1
196,130,1
207,95,1
184,115,1
212,108,1
177,118,1
203,132,1
213,98,1
219,115,1
190,115,1
215,103,1
180,131,1
194,124,1
209,116,1
191,117,1
184,115,1
216,113,1
198,139,1
223,119,1
181,103,1
217,108,1
188,113,1
215,127,1
212,104,1
216,98,1
188,118,1
188,132,1
204,128,1
222,117,1
195,100,1
190,127,1
-207,114,1
-182,102,1
-191,94,1
-188,102,1
-216,108,1
-212,97,1
-220,126,1
-191,113,1
-223,112,1
-198,112,1
-191,108,1
-195,128,1
-191,100,1
-189,97,1
-206,120,1
-210,131,1
-198,109,1
-196,124,1
-216,122,1
-207,97,1
-208,137,1
-183,128,1
-190,114,1
-210,103,1
-193,92,1
-186,118,1
-203,101,1
-219,122,1
-220,124,1
-213,124,1
-205,106,1
-203,134,1
-208,121,1
-193,128,1
-192,125,1
-214,124,1
-189,117,1
-182,129,1
-197,132,1
-186,105,1
-195,126,1
-185,99,1
-194,138,1
-197,95,1
-222,116,1
-209,128,1
-214,117,1
-191,122,1
-214,125,1
-216,121,1
-207,129,1
-189,130,1
-197,103,1
-178,108,1
-202,115,1
-189,128,1
-182,100,1
-201,111,1
-201,126,1
-219,117,1
-206,101,1
-214,120,1
-194,117,1
-188,112,1
-187,127,1
-211,120,1
-181,113,1
-203,107,1
-208,108,1
-210,119,1
-218,120,1
-214,99,1
-200,130,1
-211,96,1
-199,122,1
-210,119,1
-211,114,1
-214,121,1
-198,135,1
-194,133,1
-197,138,1
-207,95,1
-176,108,1
-196,98,1
-190,104,1
-196,98,1
-196,111,1
-210,119,1
-176,106,1
-189,122,1
-207,124,1
-201,103,1
-200,99,1
-183,106,1
-188,113,1
-206,111,1
-201,136,1
-182,128,1
-189,94,1
-181,104,1
-200,109,1
-222,117,1
-215,111,1
-203,129,1
-203,126,1
-213,102,1
-183,101,1
-180,105,1
-216,104,1
-211,124,1
-208,107,1
-217,107,1
-181,98,1
-197,112,1
-200,123,1
-200,117,1
-192,106,1
-211,105,1
-189,130,1
-202,119,1
-199,107,1
-217,111,1
-186,134,1
-205,135,1
-186,122,1
-216,104,1
-204,96,1
-209,112,1
-210,112,1
-202,114,1
-212,134,1
-212,128,1
-185,113,1
-223,112,1
-211,97,1
-208,126,1
-221,124,1
-211,115,1
-202,91,1
-191,127,1
-206,110,1
-190,123,1
-202,115,1
-216,125,1
-210,117,1
-195,118,1
-182,115,1
-201,138,1
-193,97,1
-212,130,1
-188,98,1
-189,126,1
-217,103,1
-208,123,1
-176,106,1
-206,100,1
-217,117,1
-185,100,1
-197,93,1
-217,119,1
-180,122,1
-217,131,1
-218,109,1
-198,126,1
-175,118,1
-206,134,1
-200,108,1
-205,130,1
-181,124,1
-221,124,1
-208,129,1
-198,120,1
-177,114,1
-183,97,1
-179,113,1
-219,106,1
-207,101,1
-186,120,1
-215,110,1
-185,129,1
-224,118,1
-207,135,1
-208,126,1
-195,93,1
-215,103,1
-192,121,1
-210,97,1
-209,102,1
-216,102,1
-204,94,1
-200,132,1
-213,97,1
-188,98,1
-206,111,1
-202,111,1
-188,116,1
-194,134,1
-207,135,1
-211,107,1
-196,114,1
-185,130,1
-218,121,1
-184,107,1
-208,134,1
-186,136,1
-176,123,1
-204,132,1
-204,105,1
-197,137,1
-181,110,1
-197,107,1
-192,118,1
-180,129,1
-189,127,1
-194,91,1
-222,119,1
-183,110,1
-204,95,1
-183,126,1
-195,117,1
-203,111,1
-194,113,1
-181,121,1
-188,106,1
-209,108,1
-203,108,1
-205,116,1
-177,107,1
-205,126,1
-206,117,1
-203,109,1
-196,136,1
-183,120,1
-200,138,1
-214,111,1
-216,100,1
-192,118,1
-197,95,1
-209,107,1
-180,127,1
-209,103,1
-184,133,1
-208,103,1
-193,127,1
-186,99,1
-199,94,1
-205,114,1
-199,116,1
-195,113,1
-183,114,1
-199,112,1
-210,131,1
-201,129,1
-211,96,1
-177,118,1
-186,113,1
-190,95,1
-188,133,1
-178,112,1
-195,121,1
-217,114,1
-195,113,1
-194,119,1
-188,123,1
-206,92,1
-209,114,1
-185,121,1
-213,115,1
-191,133,1
-200,92,1
-181,101,1
-195,102,1
-181,104,1
-212,118,1
-209,111,1
-203,127,1
-200,126,1
-183,116,1
-191,136,1
-202,98,1
-209,97,1
-189,103,1
-180,104,1
-207,103,1
-214,120,1
-192,123,1
-201,122,1
-213,100,1
-201,127,1
-208,138,1
-201,110,1
-191,111,1
-204,106,1
-200,111,1
-211,135,1
-185,114,1
-186,121,1
-214,122,1
-211,106,1
-190,113,1
-221,115,1
-199,107,1
-221,114,1
-192,102,1
-190,114,1
-179,111,1
-205,110,1
-197,110,1
-206,108,1
-216,113,1
-188,97,1
-217,112,1
-203,138,1
-191,119,1
-204,103,1
-200,128,1
-219,103,1
-206,95,1
-189,117,1
-202,123,1
-197,116,1
-212,134,1
-193,110,1
-192,133,1
-210,97,1
-187,106,1
-192,138,1
-205,107,1
-212,99,1
-210,102,1
-216,116,1
-196,96,1
-197,135,1
