-8,-245,0
3,-210,0
-8,-232,0
15,-240,0
-7,-212,0
-3,-236,0
3,-245,0
4,-248,0
-7,-236,0
-5,-224,0
18,-233,0
-21,-236,0
-2,-237,0
-11,-247,0
-3,-237,0
-1,-251,0
-3,-208,0
9,-232,0
-12,-237,0
-20,-241,0
-14,-216,0
23,-233,0
-12,-215,0
-5,-252,0
-3,-233,0
-22,-219,0
-20,-232,0
7,-240,0
-9,-217,0
6,-251,0
-16,-212,0
-12,-243,0
-21,-237,0
16,-239,0
6,-227,0
12,-219,0
-3,-237,0
-10,-237,0
-9,-250,0
-5,-215,0
-3,-211,0
-13,-227,0
17,-235,0
-13,-218,0
-2,-252,0
-12,-238,0
23,-226,0
22,-224,0
-9,-246,0
11,-229,0
14,-226,0
9,-225,0
9,-246,0
20,-245,0
1,-220,0
5,-207,0
-15,-235,0
17,-242,0
14,-235,0
-15,-235,0
1,-251,0
24,-234,0
21,-229,0
11,-235,0
6,-238,0
-13,-238,0
7,-239,0
-6,-243,0
11,-210,0
-13,-222,0
-20,-237,0
8,-249,0
-5,-233,0
7,-230,0
11,-225,0
-2,-239,0
5,-235,0
-2,-249,0
4,-212,0
2,-222,0
7,-245,0
4,-217,0
4,-246,0
19,-230,0
16,-214,0
-12,-225,0
1,-233,0
-7,-240,0
-13,-211,0
-16,-238,0
-12,-233,0
5,-225,0
18,-218,0
0,-249,0
5,-216,0
8,-248,0
-10,-237,0
8,-210,0
-5,-208,0
-15,-220,0
11,-229,0
-2,-229,0
9,-234,0
-9,-228,0
-4,-240,0
-8,-230,0
-4,-249,0
-15,-221,0
-21,-230,0
23,-232,0
11,-227,0
1,-217,0
4,-233,0
-2,-207,0
-5,-216,0
-13,-250,0
-9,-217,0
-13,-230,0
16,-227,0
-11,-226,0
4,-249,0
-20,-229,0
-24,-228,0
-16,-242,0
6,-207,0
18,-247,0
11,-229,0
22,-238,0
-25,-230,0
-14,-235,0
-21,-234,0
7,-236,0
10,-234,0
-16,-245,0
9,-227,0
15,-236,0
-15,-237,0
14,-238,0
24,-227,0
-2,-211,0
-14,-236,0
3,-215,0
-2,-253,0
7,-229,0
2,-222,0
-10,-217,0
-2,-233,0
5,-226,0
16,-230,0
-13,-225,0
3,-225,0
-3,-238,0
18,-242,0
-7,-253,0
-8,-214,0
20,-243,0
-8,-226,0
-4,-215,0
-9,-222,0
-2,-227,0
0,-236,0
-20,-231,0
1,-207,0
13,-221,0
14,-237,0
-18,-225,0
-16,-213,0
14,-219,0
7,-213,0
-4,-206,0
3,-211,0
-6,-232,0
0,-226,0
22,-233,0
-11,-247,0
13,-246,0
-2,-244,0
19,-223,0
24,-228,0
8,-224,0
-18,-234,0
13,-242,0
-19,-245,0
-24,-229,0
-6,-238,0
0,-229,0
2,-227,0
-4,-250,0
8,-213,0
-10,-229,0
-19,-244,0
2,-225,0
16,-249,0
12,-216,0
-6,-211,0
15,-228,0
-6,-227,0
-5,-246,0
-2,-211,0
-2,-251,0
-6,-214,0
19,-221,0
3,-252,0
6,-220,0
-14,-235,0
11,-218,0
-1,-207,0
2,-219,0
4,-250,0
-11,-225,0
17,-228,0
-12,-248,0
6,-224,0
-23,-237,0
7,-233,0
-13,-242,0
-20,-231,0
-13,-249,0
5,-248,0
0,-225,0
22,-236,0
8,-213,0
12,-226,0
13,-251,0
5,-240,0
-2,-249,0
-13,-220,0
11,-248,0
-17,-227,0
2,-243,0
-22,-239,0
3,-253,0
4,-211,0
-11,-231,0
11,-210,0
0,-255,0
-1,-228,0
2,-207,0
10,-214,0
6,-249,0
-15,-246,0
16,-247,0
21,-217,0
19,-236,0
-15,-218,0
-16,-246,0
23,-224,0
-8,-237,0
-12,-250,0
-10,-222,0
6,-207,0
-1,-232,0
-6,-233,0
13,-238,0
-3,-219,0
17,-226,0
16,-237,0
-3,-249,0
16,-241,0
-15,-222,0
-8,-238,0
-1,-253,0
-6,-234,0
-22,-236,0
16,-213,0
9,-225,0
-6,-252,0
-4,-226,0
-11,-223,0
-13,-247,0
9,-239,0
-9,-252,0
-2,-252,0
8,-249,0
5,-225,0
16,-248,0
23,-239,0
-17,-241,0
22,-241,0
9,-250,0
11,-244,0
-15,-244,0
12,-239,0
-20,-239,0
-11,-211,0
-4,-227,0
21,-237,0
2,-241,0
-3,-234,0
-14,-243,0
-7,-212,0
-12,-240,0
-6,-228,0
-5,-216,0
-10,-242,0
-9,-212,0
16,-245,0
-6,-221,0
-12,-214,0
-4,-219,0
-16,-246,0
-7,-221,0
-15,-215,0
-11,-225,0
14,-240,0
3,-219,0
23,-232,0
-22,-220,0
3,-238,0
1,-210,0
-5,-246,0
-12,-220,0
-14,-218,0
1,-224,0
-7,-254,0
24,-227,0
-17,-242,0
-11,-230,0
8,-242,0
-13,-209,0
15,-228,0
6,-208,0
-4,-248,0
20,-224,0
-13,-218,0
-7,-238,0
2,-241,0
8,-224,0
-10,-247,0
17,-212,0
0,-226,0
-15,-217,0
12,-235,0
179,127,1
203,105,1
211,134,1
200,114,1
212,115,1
208,102,1
197,112,1
189,108,1
199,121,1
222,115,1
206,124,1
182,105,1
208,108,1
201,119,1
218,126,1
203,97,1
188,132,1
192,113,1
190,125,1
187,117,1
220,114,1
181,106,1
217,109,1
195,109,1
187,95,1
199,134,1
217,98,1
216,109,1
194,96,1
205,117,1
180,122,1
202,102,1
184,120,1
177,116,1
195,109,1
181,120,1
195,119,1
191,92,1
183,112,1
215,102,1
203,130,1
209,93,1
183,97,1
203,130,1
204,129,1
189,114,1
190,96,1
180,127,1
217,112,1
202,111,1
181,113,1
178,113,1
200,115,1
202,93,1
205,112,1
186,131,1
209,103,1
181,118,1
194,138,1
200,99,1
213,100,1
214,120,1
196,120,1
197,134,1
201,107,1
206,136,1
207,110,1
175,110,1
202,120,1
186,94,1
184,123,1
221,103,1
202,119,1
198,121,1
208,104,1
195,121,1
210,126,1
186,99,1
185,113,1
186,99,1
198,104,1
202,111,1
212,118,1
205,108,1
217,107,1
189,127,1
206,123,1
193,99,1
205,110,1
203,137,1
188,117,1
177,116,1
195,135,1
198,110,1
216,129,1
202,120,1
213,113,1
184,106,1
214,95,1
201,122,1
213,125,1
198,114,1
217,129,1
199,96,1
215,111,1
202,104,1
182,102,1
211,128,1
217,125,1
195,125,1
205,95,1
191,117,1
218,118,1
199,104,1
210,114,1
204,97,1
185,113,1
181,116,1
201,128,1
219,121,1
199,121,1
206,131,1
189,102,1
177,125,1
196,122,1
218,113,1
210,113,1
213,97,1
184,102,1
186,104,1
189,93,1
216,114,1
190,96,1
217,127,1
196,107,1
192,104,1
193,103,1
214,106,1
204,118,1
175,121,1
199,136,1
189,107,1
184,126,1
198,112,1
183,105,1
214,103,1
209,129,1
189,135,1
212,98,1
199,92,1
207,119,1
219,107,1
190,126,1
216,102,1
196,138,1
198,134,1
193,126,1
205,115,1
219,124,1
215,98,1
223,114,1
210,105,1
217,111,1
206,139,1
202,139,1
215,100,1
176,110,1
220,118,1
196,104,1
203,120,1
202,96,1
200,112,1
209,107,1
199,129,1
186,99,1
205,100,1
186,95,1
196,114,1
214,131,1
208,104,1
207,127,1
208,138,1
193,94,1
207,97,1
189,95,1
182,102,1
207,137,1
205,137,1
206,127,1
184,101,1
191,126,1
205,128,1
221,118,1
205,125,1
208,128,1
193,114,1
203,123,1
201,91,1
194,138,1
201,122,1
190,116,1
212,123,1
179,122,1
187,107,1
190,138,1
206,126,1
180,108,1
191,101,1
195,133,1
193,122,1
196,108,1
194,139,1
205,121,1
200,93,1
185,124,1
198,96,1
178,116,1
212,129,1
201,125,1
206,92,1
195,134,1
211,100,1
193,137,1
192,97,1
209,117,1
193,124,1
191,110,1
204,130,1
200,138,1
213,120,1
201,93,1
217,111,1
202,135,1
185,104,1
186,124,1
209,107,1
186,111,1
176,107,1
213,124,1
213,124,1
200,137,1
202,106,1
177,113,1
188,101,1
201,106,1
210,130,1
192,123,1
194,113,1
197,118,1
207,109,1
220,106,1
180,114,1
181,120,1
206,132,1
181,115,1
212,125,1
195,91,1
191,115,1
215,108,1
211,130,1
207,125,1
194,124,1
206,116,1
180,121,1
193,124,1
202,114,1
188,127,1
194,104,1
183,120,1
206,91,1
199,120,1
184,124,1
194,106,1
197,124,1
187,113,1
194,96,1
218,119,1
207,120,1
209,115,1
176,120,1
221,110,1
212,96,1
196,112,1
192,113,1
198,91,1
184,130,1
193,123,1
179,121,1
217,118,1
209,122,1
176,124,1
188,122,1
207,134,1
189,111,1
221,104,1
176,107,1
192,93,1
196,96,1
181,117,1
202,101,1
205,133,1
193,121,1
216,103,1
191,94,1
207,137,1
190,123,1
191,103,1
208,118,1
203,128,1
204,95,1
187,96,1
206,105,1
215,107,1
205,135,1
179,117,1
205,133,1
204,139,1
206,108,1
206,111,1
220,123,1
212,119,1
209,125,1
181,109,1
212,113,1
215,134,1
192,120,1
204,110,1
218,101,1
211,137,1
202,100,1
206,120,1
180,120,1
179,110,1
-186,94,1
-215,106,1
-211,119,1
-207,110,1
-199,96,1
-191,135,1
-207,92,1
-179,128,1
-182,126,1
-203,139,1
-215,103,1
-177,112,1
-215,98,1
-207,109,1
-197,106,1
-197,138,1
-197,136,1
-206,132,1
-214,96,1
-188,121,1
-214,129,1
-203,114,1
-185,110,1
-175,111,1
-200,127,1
-180,104,1
-210,103,1
-190,106,1
-177,124,1
-196,114,1
-206,136,1
-191,124,1
-183,133,1
-192,129,1
-197,106,1
-189,119,1
-204,95,1
-214,118,1
-199,114,1
-191,129,1
-207,95,1
-218,114,1
-179,102,1
-203,123,1
-207,114,1
-176,120,1
-179,109,1
-196,104,1
-177,105,1
-190,95,1
-204,138,1
-201,137,1
-210,111,1
-218,107,1
-192,93,1
-195,101,1
-205,134,1
-210,102,1
-191,96,1
-208,122,1
-194,133,1
-178,120,1
-214,97,1
-196,138,1
-217,102,1
-186,131,1
-205,132,1
-215,115,1
-216,110,1
-206,126,1
-194,111,1
-198,135,1
-221,111,1
-202,120,1
-184,133,1
-181,123,1
-196,122,1
-206,116,1
-196,137,1
-196,129,1
-187,133,1
-198,95,1
-192,116,1
-217,107,1
-222,118,1
-207,130,1
-190,105,1
-177,124,1
-204,133,1
-189,119,1
-191,98,1
-194,123,1
-193,106,1
-195,116,1
-208,99,1
-224,117,1
-214,128,1
-198,117,1
-193,118,1
-185,104,1
-189,101,1
-188,124,1
-190,127,1
-180,99,1
-189,102,1
-220,117,1
-208,132,1
-209,106,1
-214,99,1
-177,122,1
-219,116,1
-216,125,1
-204,123,1
-199,137,1
-200,129,1
-177,105,1
-199,91,1
-189,98,1
-222,114,1
-181,110,1
-202,116,1
-190,113,1
-208,100,1
-194,105,1
-202,118,1
-212,97,1
-210,95,1
-202,113,1
-211,123,1
-199,106,1
-193,123,1
-218,105,1
-194,93,1
-209,107,1
-182,111,1
-186,108,1
-194,132,1
-197,124,1
-179,108,1
-206,92,1
-221,104,1
-215,122,1
-188,94,1
-189,137,1
-208,103,1
-207,112,1
-201,94,1
-203,131,1
-202,117,1
-196,116,1
-204,110,1
-178,103,1
-187,120,1
-198,93,1
-185,99,1
-199,99,1
-199,100,1
-221,125,1
-210,137,1
-203,123,1
-222,123,1
-206,137,1
-189,116,1
-214,133,1
-221,103,1
-197,127,1
-199,102,1
-177,106,1
-209,93,1
-204,91,1
-221,118,1
-194,94,1
-194,115,1
-187,136,1
-214,105,1
-194,133,1
-203,104,1
-219,110,1
-200,114,1
-217,106,1
-202,124,1
-201,92,1
-196,132,1
-201,114,1
-213,132,1
-198,125,1
-211,100,1
-201,133,1
-179,117,1
-207,111,1
-194,123,1
-197,105,1
-189,132,1
-220,122,1
-199,118,1
-220,115,1
-220,117,1
-188,124,1
-214,124,1
-198,138,1
-207,96,1
-185,118,1
-207,135,1
-195,135,1
-204,124,1
-203,101,1
-194,104,1
-194,137,1
-219,106,1
-197,103,1
-181,101,1
-197,98,1
-192,122,1
-205,93,1
-183,132,1
-178,127,1
-191,123,1
-193,111,1
-190,136,1
-184,102,1
-202,94,1
-219,122,1
-193,100,1
-208,92,1
-202,121,1
-213,123,1
-213,124,1
-220,103,1
-178,112,1
-203,103,1
-216,104,1
-195,127,1
-209,120,1
-212,100,1
-185,131,1
-199,128,1
-210,94,1
-184,121,1
-192,121,1
-188,121,1
-185,126,1
-218,128,1
-199,92,1
-181,115,1
-218,127,1
-202,94,1
-194,107,1
-201,91,1
-180,114,1
-190,108,1
-186,120,1
-192,108,1
-200,115,1
-182,105,1
-211,115,1
-216,113,1
-216,129,1
-202,124,1
-189,114,1
-208,118,1
-213,135,1
-212,131,1
-193,130,1
-205,96,1
-213,113,1
-191,107,1
-182,106,1
-198,130,1
-206,106,1
-179,104,1
-201,95,1
-202,123,1
-196,100,1
-189,107,1
-208,96,1
-175,119,1
-215,108,1
-204,125,1
-215,108,1
-222,116,1
-203,102,1
-195,128,1
-200,139,1
-194,115,1
-202,115,1
-183,116,1
-192,115,1
-217,110,1
-202,105,1
-214,135,1
-203,105,1
-202,96,1
-198,108,1
-216,125,1
-198,126,1
-204,129,1
-194,108,1
-196,139,1
-177,107,1
-214,108,1
-193,105,1
-212,122,1
-210,131,1
-220,118,1
-181,126,1
-189,136,1
-199,117,1
-222,109,1
-195,130,1
-205,115,1
-200,92,1
-202,109,1
-198,117,1
-211,130,1
-214,122,1
-218,117,1
-188,131,1
-210,129,1
-212,116,1
-199,120,1
-189,121,1
-205,130,1
-187,119,1
-208,108,1
-222,113,1
-189,97,1
-210,93,1
-188,131,1
-195,113,1
-208,121,1
-189,101,1
-199,99,1
-215,105,1
