13,-216,0
10,-218,0
-13,-207,0
-19,-233,0
21,-222,0
-21,-209,0
-9,-223,0
-19,-216,0
16,-226,0
-7,-232,0
10,-236,0
-17,-207,0
1,-204,0
-3,-198,0
-10,-226,0
-10,-231,0
12,-228,0
-7,-207,0
4,-243,0
17,-210,0
-13,-224,0
22,-214,0
13,-206,0
-1,-198,0
17,-231,0
12,-208,0
8,-214,0
-1,-204,0
-3,-211,0
5,-206,0
24,-226,0
8,-226,0
-5,-197,0
-8,-212,0
20,-226,0
-4,-224,0
-4,-228,0
6,-220,0
-8,-198,0
-20,-211,0
-12,-221,0
1,-232,0
2,-205,0
-16,-210,0
7,-212,0
-14,-203,0
-21,-210,0
-17,-205,0
23,-220,0
-17,-205,0
9,-214,0
-7,-232,0
-3,-210,0
-10,-223,0
12,-209,0
3,-204,0
10,-232,0
-15,-206,0
-16,-203,0
-3,-240,0
-14,-200,0
-10,-201,0
16,-231,0
22,-211,0
-18,-205,0
3,-231,0
-10,-236,0
-9,-204,0
10,-208,0
-13,-228,0
21,-220,0
-12,-224,0
-18,-213,0
2,-217,0
-13,-221,0
19,-208,0
-1,-207,0
-12,-240,0
-13,-223,0
13,-228,0
-10,-202,0
3,-208,0
15,-200,0
-19,-233,0
16,-235,0
-5,-197,0
10,-233,0
-17,-225,0
24,-221,0
24,-219,0
-3,-243,0
-4,-232,0
6,-243,0
15,-226,0
-17,-226,0
0,-223,0
9,-240,0
9,-242,0
3,-216,0
5,-243,0
13,-215,0
-6,-209,0
20,-216,0
-17,-217,0
-8,-224,0
4,-236,0
-14,-209,0
11,-221,0
4,-205,0
9,-224,0
-14,-200,0
1,-234,0
7,-199,0
13,-237,0
-13,-208,0
2,-239,0
3,-214,0
4,-243,0
-12,-231,0
19,-221,0
-21,-232,0
-16,-220,0
18,-221,0
-24,-227,0
5,-196,0
-5,-227,0
-1,-214,0
5,-243,0
8,-207,0
19,-206,0
3,-221,0
-7,-211,0
2,-205,0
-17,-209,0
-5,-220,0
11,-205,0
-2,-227,0
1,-244,0
19,-204,0
0,-224,0
7,-204,0
-11,-200,0
-3,-234,0
-3,-222,0
-7,-230,0
17,-203,0
-24,-223,0
16,-202,0
1,-207,0
15,-233,0
-12,-230,0
-6,-235,0
16,-206,0
7,-209,0
5,-208,0
-2,-205,0
1,-244,0
-16,-224,0
-11,-206,0
-10,-228,0
-6,-226,0
-8,-212,0
-12,-212,0
18,-230,0
3,-213,0
-24,-223,0
9,-239,0
-22,-226,0
-14,-208,0
-17,-214,0
-12,-220,0
15,-240,0
20,-226,0
11,-213,0
2,-232,0
-9,-217,0
0,-238,0
-13,-203,0
-18,-236,0
-5,-233,0
6,-217,0
-8,-217,0
1,-240,0
-22,-227,0
-2,-230,0
-21,-218,0
-20,-224,0
-9,-235,0
-18,-211,0
-14,-236,0
13,-238,0
11,-241,0
-6,-215,0
-8,-213,0
9,-228,0
13,-213,0
0,-230,0
12,-236,0
23,-226,0
-5,-202,0
11,-214,0
-15,-214,0
1,-197,0
6,-200,0
17,-203,0
-10,-228,0
22,-224,0
-3,-212,0
8,-237,0
2,-220,0
-22,-229,0
6,-232,0
11,-238,0
-12,-203,0
2,-208,0
-16,-202,0
-5,-219,0
-2,-204,0
-5,-208,0
23,-226,0
-21,-233,0
-4,-206,0
11,-242,0
17,-214,0
-7,-227,0
14,-203,0
-11,-214,0
0,-207,0
12,-222,0
-16,-214,0
-7,-237,0
-11,-198,0
-18,-203,0
13,-214,0
8,-213,0
16,-235,0
14,-208,0
-16,-224,0
-15,-221,0
-4,-224,0
-2,-209,0
-6,-212,0
-9,-230,0
20,-219,0
15,-204,0
-23,-229,0
-17,-230,0
-2,-221,0
16,-223,0
15,-217,0
19,-231,0
15,-207,0
6,-203,0
-7,-240,0
-11,-236,0
-20,-209,0
14,-212,0
4,-219,0
8,-241,0
10,-198,0
18,-225,0
2,-217,0
-22,-230,0
-13,-230,0
12,-236,0
-3,-243,0
-11,-207,0
13,-218,0
23,-218,0
8,-217,0
9,-213,0
6,-236,0
-1,-208,0
2,-240,0
-19,-218,0
11,-202,0
-19,-207,0
7,-209,0
-2,-203,0
17,-209,0
11,-235,0
3,-238,0
3,-198,0
-18,-206,0
-19,-233,0
3,-222,0
20,-206,0
-18,-228,0
-7,-205,0
-22,-214,0
-2,-236,0
9,-198,0
20,-206,0
-7,-220,0
-2,-215,0
19,-222,0
10,-208,0
-20,-205,0
-6,-217,0
-13,-206,0
-22,-231,0
2,-197,0
9,-233,0
-20,-222,0
-14,-209,0
8,-219,0
3,-227,0
11,-230,0
13,-214,0
-11,-223,0
14,-201,0
-3,-225,0
9,-220,0
-2,-226,0
14,-211,0
16,-218,0
-15,-209,0
-1,-231,0
17,-218,0
21,-232,0
5,-226,0
-4,-211,0
9,-203,0
-17,-238,0
-1,-229,0
-15,-231,0
2,-220,0
9,-223,0
4,-229,0
-5,-218,0
3,-238,0
10,-240,0
-16,-203,0
209,98,1
188,104,1
195,96,1
195,133,1
182,98,1
179,106,1
195,107,1
193,130,1
195,108,1
183,99,1
197,87,1
177,127,1
186,99,1
204,101,1
212,121,1
207,105,1
186,105,1
201,123,1
187,110,1
179,88,1
204,102,1
191,113,1
187,106,1
197,93,1
194,121,1
185,99,1
169,122,1
178,90,1
205,95,1
181,113,1
188,126,1
173,117,1
204,120,1
204,130,1
181,120,1
209,97,1
198,124,1
198,87,1
201,126,1
176,120,1
208,126,1
198,103,1
213,117,1
207,116,1
176,109,1
210,100,1
195,127,1
190,121,1
177,107,1
180,110,1
173,109,1
179,114,1
169,122,1
211,109,1
179,95,1
200,108,1
184,96,1
199,120,1
186,99,1
180,95,1
209,94,1
207,96,1
181,94,1
181,104,1
197,95,1
180,120,1
209,95,1
204,105,1
201,98,1
172,112,1
184,97,1
206,104,1
168,106,1
191,101,1
193,87,1
215,112,1
180,96,1
200,98,1
186,93,1
213,116,1
177,90,1
170,103,1
189,96,1
213,108,1
189,122,1
193,96,1
204,125,1
213,102,1
170,120,1
172,105,1
191,121,1
193,93,1
204,111,1
179,111,1
196,100,1
196,111,1
178,129,1
174,122,1
200,107,1
170,116,1
202,121,1
200,88,1
192,98,1
210,124,1
197,110,1
183,90,1
192,108,1
172,112,1
187,117,1
199,106,1
187,103,1
210,119,1
192,127,1
178,113,1
204,125,1
196,112,1
208,103,1
191,126,1
210,101,1
183,114,1
187,117,1
169,119,1
191,130,1
199,131,1
195,108,1
183,88,1
213,106,1
196,121,1
180,114,1
170,107,1
202,113,1
186,90,1
193,106,1
204,105,1
192,91,1
177,124,1
208,111,1
167,108,1
172,99,1
170,113,1
204,95,1
181,126,1
171,96,1
186,91,1
179,96,1
194,109,1
202,99,1
181,97,1
168,120,1
184,107,1
187,93,1
185,109,1
203,116,1
205,102,1
170,102,1
172,110,1
171,113,1
186,132,1
176,94,1
195,99,1
199,133,1
176,100,1
196,119,1
204,110,1
186,131,1
168,100,1
208,113,1
180,103,1
188,118,1
196,89,1
193,120,1
196,111,1
184,112,1
168,112,1
181,114,1
201,116,1
182,122,1
195,124,1
200,129,1
185,126,1
192,112,1
176,124,1
181,93,1
184,129,1
202,107,1
195,105,1
183,106,1
211,96,1
171,119,1
201,94,1
209,100,1
212,112,1
208,113,1
198,125,1
190,110,1
183,87,1
198,109,1
180,124,1
176,93,1
193,125,1
198,100,1
187,89,1
195,110,1
206,101,1
175,102,1
214,118,1
185,107,1
181,99,1
207,92,1
184,127,1
172,124,1
213,118,1
214,106,1
172,125,1
189,102,1
173,95,1
204,127,1
186,104,1
198,102,1
191,125,1
208,114,1
172,103,1
193,111,1
169,107,1
205,103,1
211,118,1
180,94,1
191,105,1
183,119,1
206,91,1
198,111,1
207,127,1
190,102,1
204,104,1
183,115,1
191,128,1
214,104,1
198,124,1
190,113,1
204,129,1
195,117,1
179,114,1
172,98,1
207,119,1
214,108,1
187,98,1
186,127,1
178,121,1
184,94,1
193,119,1
187,87,1
205,104,1
210,108,1
174,101,1
197,99,1
196,133,1
184,91,1
194,120,1
213,117,1
189,123,1
215,111,1
211,100,1
191,117,1
211,103,1
185,118,1
202,120,1
189,92,1
178,121,1
206,118,1
173,100,1
210,96,1
191,101,1
197,96,1
188,94,1
174,97,1
184,100,1
207,115,1
203,111,1
204,128,1
175,116,1
184,126,1
189,133,1
188,102,1
201,95,1
178,111,1
188,125,1
198,90,1
200,117,1
185,99,1
196,127,1
208,114,1
173,103,1
192,121,1
182,89,1
207,101,1
196,118,1
196,119,1
210,112,1
197,112,1
180,125,1
176,121,1
172,113,1
207,125,1
190,112,1
215,114,1
172,115,1
215,115,1
186,116,1
208,99,1
200,133,1
184,129,1
176,105,1
174,99,1
194,90,1
206,124,1
202,103,1
175,92,1
210,100,1
179,131,1
179,98,1
179,106,1
198,117,1
170,106,1
214,105,1
194,119,1
174,106,1
206,108,1
185,108,1
195,111,1
198,122,1
183,123,1
184,130,1
187,87,1
-173,124,1
-179,95,1
-198,110,1
-200,92,1
-186,98,1
-213,111,1
-180,88,1
-192,105,1
-175,112,1
-177,101,1
-184,93,1
-188,129,1
-206,107,1
-207,121,1
-188,124,1
-174,115,1
-209,116,1
-188,86,1
-203,110,1
-191,126,1
-179,132,1
-169,113,1
-206,119,1
-188,121,1
-173,106,1
-181,124,1
-183,99,1
-193,126,1
-192,102,1
-185,95,1
-206,126,1
-178,111,1
-175,102,1
-182,100,1
-208,100,1
-179,126,1
-185,108,1
-202,103,1
-177,128,1
-200,105,1
-187,133,1
-187,131,1
-178,119,1
-197,106,1
-204,111,1
-179,110,1
-184,132,1
-198,126,1
-181,90,1
-199,100,1
-187,133,1
-195,91,1
-183,100,1
-196,106,1
-199,87,1
-211,118,1
-188,123,1
-204,117,1
-170,105,1
-188,101,1
-180,122,1
-193,124,1
-175,102,1
-194,99,1
-173,114,1
-209,121,1
-182,106,1
-194,106,1
-175,129,1
-178,91,1
-190,111,1
-170,108,1
-170,101,1
-205,93,1
-189,134,1
-215,109,1
-197,94,1
-177,115,1
-192,117,1
-177,112,1
-175,102,1
-169,116,1
-191,103,1
-210,104,1
-179,88,1
-186,92,1
-172,107,1
-178,99,1
-196,96,1
-168,106,1
-214,108,1
-187,90,1
-184,113,1
-173,104,1
-184,100,1
-209,100,1
-183,104,1
-190,102,1
-200,119,1
-189,87,1
-210,112,1
-196,107,1
-190,96,1
-212,106,1
-203,126,1
-180,98,1
-179,89,1
-179,131,1
-203,112,1
-193,89,1
-199,89,1
-179,120,1
-186,101,1
-176,98,1
-180,131,1
-207,116,1
-173,116,1
-211,122,1
-171,103,1
-184,99,1
-185,123,1
-171,97,1
-201,97,1
-175,96,1
-195,126,1
-201,95,1
-181,92,1
-180,91,1
-185,130,1
-180,96,1
-196,102,1
-205,98,1
-210,125,1
-179,93,1
-213,106,1
-184,107,1
-200,130,1
-195,115,1
-197,127,1
-193,115,1
-205,107,1
-182,93,1
-177,131,1
-175,129,1
-205,115,1
-189,101,1
-201,97,1
-186,95,1
-188,116,1
-194,125,1
-207,125,1
-166,109,1
-201,98,1
-185,112,1
-184,87,1
-200,129,1
-201,92,1
-185,109,1
-168,109,1
-187,131,1
-206,95,1
-207,110,1
-180,117,1
-194,126,1
-187,96,1
-203,105,1
-186,110,1
-205,125,1
-198,121,1
-194,105,1
-184,87,1
-210,113,1
-185,96,1
-176,114,1
-205,93,1
-172,122,1
-191,97,1
-209,125,1
-178,109,1
-195,87,1
-201,118,1
-195,104,1
-181,130,1
-188,120,1
-191,127,1
-173,112,1
-200,107,1
-184,90,1
-207,106,1
-195,124,1
-202,88,1
-192,103,1
-199,117,1
-190,110,1
-188,94,1
-183,106,1
-195,94,1
-205,112,1
-199,128,1
-187,105,1
-194,106,1
-208,114,1
-175,114,1
-187,107,1
-202,101,1
-204,92,1
-207,124,1
-197,131,1
-180,100,1
-189,131,1
-199,110,1
-169,98,1
-187,91,1
-185,116,1
-200,103,1
-181,117,1
-191,91,1
-210,113,1
-203,92,1
-180,121,1
-214,116,1
-171,117,1
-190,86,1
-212,119,1
-176,98,1
-210,119,1
-174,95,1
-190,128,1
-209,122,1
-180,117,1
-208,93,1
-183,99,1
-204,122,1
-194,94,1
-199,94,1
-183,111,1
-195,132,1
-176,92,1
-207,102,1
-212,117,1
-206,96,1
-205,111,1
-172,98,1
-203,112,1
-197,112,1
-213,112,1
-200,100,1
-213,114,1
-207,111,1
-204,110,1
-182,99,1
-188,114,1
-189,130,1
-173,114,1
-211,107,1
-203,113,1
-188,109,1
-168,117,1
-185,104,1
-204,101,1
-175,107,1
-193,117,1
-202,117,1
-191,104,1
-186,129,1
-204,126,1
-189,109,1
-184,86,1
-174,112,1
-205,130,1
-168,104,1
-178,107,1
-191,89,1
-185,95,1
-181,93,1
-195,105,1
-204,128,1
-192,88,1
-202,120,1
-198,118,1
-188,98,1
-203,122,1
-213,118,1
-209,105,1
-201,126,1
-210,113,1
-207,99,1
-210,115,1
-175,127,1
-167,105,1
-198,107,1
-198,114,1
-205,101,1
-195,126,1
-174,113,1
-190,129,1
-177,118,1
-190,111,1
-176,98,1
-175,101,1
-195,128,1
-202,110,1
-191,128,1
-212,116,1
-208,126,1
-197,131,1
-202,114,1
-190,91,1
-198,121,1
-189,87,1
-208,96,1
-183,124,1
-177,99,1
-215,110,1
-172,115,1
-205,125,1
-201,100,1
-187,97,1
-187,115,1
-172,101,1
-203,92,1
-179,113,1
-196,96,1
-188,132,1
-201,126,1
-190,98,1
-195,106,1
-215,105,1
-194,120,1
-209,103,1
-203,118,1
-191,107,1
-180,129,1
