13,-142,0
8,-140,0
-9,-176,0
-23,-151,0
13,-141,0
15,-157,0
-20,-151,0
-13,-176,0
-3,-150,0
5,-182,0
14,-178,0
18,-160,0
15,-160,0
-9,-162,0
8,-144,0
-4,-165,0
-5,-151,0
18,-151,0
-6,-174,0
12,-180,0
-10,-163,0
-8,-175,0
17,-152,0
-4,-147,0
-7,-146,0
-1,-150,0
7,-158,0
-4,-171,0
9,-182,0
2,-160,0
5,-167,0
-2,-139,0
5,-151,0
16,-167,0
6,-179,0
10,-150,0
23,-157,0
17,-170,0
-18,-172,0
20,-171,0
-1,-151,0
7,-151,0
-19,-157,0
-3,-146,0
-3,-143,0
6,-159,0
14,-165,0
-9,-173,0
-5,-137,0
-1,-173,0
10,-181,0
-5,-140,0
-18,-153,0
3,-144,0
-11,-149,0
-23,-168,0
8,-169,0
10,-177,0
-15,-145,0
-16,-154,0
8,-183,0
-15,-174,0
-11,-161,0
-18,-156,0
0,-146,0
-6,-139,0
8,-140,0
16,-141,0
-20,-168,0
19,-160,0
5,-166,0
14,-174,0
10,-171,0
16,-177,0
2,-177,0
4,-145,0
-7,-181,0
0,-175,0
-18,-145,0
-9,-167,0
22,-162,0
0,-181,0
-6,-179,0
8,-165,0
-10,-160,0
20,-170,0
23,-157,0
21,-173,0
-1,-173,0
7,-180,0
5,-159,0
-3,-156,0
2,-169,0
-20,-163,0
-14,-169,0
6,-146,0
1,-140,0
-9,-177,0
8,-158,0
10,-167,0
17,-158,0
19,-145,0
0,-185,0
-7,-160,0
5,-151,0
-17,-171,0
5,-176,0
-2,-168,0
14,-178,0
-17,-162,0
14,-160,0
20,-155,0
25,-160,0
13,-143,0
24,-156,0
8,-164,0
3,-160,0
-21,-165,0
3,-175,0
-13,-153,0
9,-178,0
-1,-161,0
-20,-148,0
11,-169,0
7,-158,0
13,-152,0
-18,-161,0
-23,-163,0
8,-142,0
0,-178,0
18,-163,0
7,-169,0
-9,-166,0
1,-150,0
0,-173,0
0,-147,0
-22,-152,0
-4,-152,0
-13,-161,0
3,-180,0
-8,-171,0
-11,-180,0
15,-176,0
1,-151,0
-2,-159,0
-13,-180,0
-5,-178,0
-21,-171,0
11,-166,0
-20,-152,0
12,-159,0
16,-151,0
-18,-158,0
21,-151,0
-21,-170,0
5,-155,0
-22,-167,0
-22,-150,0
-17,-160,0
-9,-176,0
-3,-136,0
-17,-152,0
3,-142,0
6,-158,0
-5,-165,0
9,-151,0
1,-144,0
-14,-165,0
24,-165,0
18,-150,0
-9,-149,0
-21,-153,0
16,-156,0
12,-180,0
-7,-156,0
14,-177,0
23,-152,0
6,-165,0
13,-167,0
-1,-139,0
16,-179,0
14,-162,0
7,-155,0
6,-148,0
12,-140,0
-13,-177,0
-17,-166,0
9,-150,0
-14,-180,0
-13,-154,0
-18,-159,0
-1,-139,0
6,-166,0
-4,-148,0
-11,-150,0
2,-177,0
-1,-158,0
7,-152,0
-17,-153,0
17,-150,0
10,-156,0
-1,-157,0
6,-181,0
-10,-142,0
-5,-160,0
-3,-173,0
-15,-163,0
-24,-164,0
2,-174,0
-16,-152,0
-3,-177,0
-1,-167,0
4,-161,0
14,-140,0
-18,-156,0
1,-169,0
-17,-164,0
4,-144,0
4,-141,0
-14,-140,0
-21,-167,0
-5,-153,0
8,-174,0
23,-154,0
6,-136,0
-10,-167,0
-7,-152,0
-5,-142,0
4,-146,0
2,-168,0
18,-148,0
14,-179,0
-23,-160,0
6,-168,0
-17,-163,0
5,-159,0
-7,-178,0
-22,-155,0
5,-170,0
-11,-159,0
-4,-175,0
1,-171,0
1,-146,0
20,-147,0
2,-149,0
20,-166,0
8,-159,0
4,-150,0
2,-148,0
15,-177,0
-4,-140,0
9,-149,0
11,-161,0
-15,-158,0
17,-165,0
-9,-175,0
5,-155,0
-7,-144,0
17,-166,0
4,-149,0
-20,-148,0
-18,-161,0
5,-169,0
0,-168,0
-15,-170,0
4,-140,0
-18,-156,0
-11,-157,0
-9,-181,0
17,-160,0
10,-150,0
-18,-159,0
18,-175,0
1,-140,0
14,-150,0
-3,-141,0
14,-155,0
6,-182,0
6,-183,0
18,-172,0
9,-178,0
21,-150,0
12,-146,0
-7,-149,0
14,-144,0
22,-161,0
-9,-156,0
-3,-153,0
-3,-176,0
-6,-167,0
-10,-144,0
17,-174,0
-8,-179,0
1,-159,0
-8,-151,0
-11,-142,0
10,-143,0
21,-149,0
-3,-171,0
-1,-167,0
12,-175,0
-7,-159,0
4,-167,0
10,-176,0
3,-152,0
3,-184,0
-13,-178,0
-9,-158,0
-7,-184,0
-4,-151,0
-2,-175,0
7,-165,0
-22,-163,0
-3,-172,0
18,-162,0
-2,-171,0
-8,-140,0
11,-145,0
-17,-170,0
-4,-160,0
23,-165,0
-6,-141,0
-4,-149,0
1,-179,0
-2,-179,0
-3,-159,0
12,-173,0
2,-168,0
-13,-159,0
15,-158,0
7,-176,0
18,-164,0
13,-172,0
149,72,1
159,84,1
125,85,1
157,69,1
126,101,1
137,104,1
140,84,1
151,71,1
128,71,1
126,70,1
129,69,1
121,66,1
152,77,1
155,67,1
152,101,1
126,100,1
141,57,1
149,92,1
143,100,1
140,77,1
141,77,1
147,94,1
141,58,1
142,77,1
134,76,1
143,65,1
133,86,1
152,61,1
160,78,1
135,72,1
161,80,1
149,81,1
142,60,1
135,58,1
149,90,1
159,82,1
128,101,1
125,72,1
150,76,1
125,79,1
140,88,1
125,75,1
153,85,1
124,98,1
155,95,1
137,57,1
135,99,1
163,79,1
150,77,1
126,65,1
149,78,1
140,75,1
122,87,1
132,91,1
148,58,1
158,71,1
122,64,1
143,73,1
116,76,1
139,56,1
120,71,1
140,66,1
147,96,1
124,73,1
133,83,1
145,75,1
130,96,1
128,81,1
149,70,1
130,57,1
131,94,1
150,87,1
133,79,1
133,84,1
148,64,1
143,80,1
145,65,1
156,80,1
124,64,1
130,64,1
151,95,1
118,79,1
125,84,1
145,75,1
138,74,1
128,67,1
134,88,1
162,88,1
118,89,1
145,103,1
149,67,1
153,77,1
141,72,1
117,69,1
163,82,1
156,95,1
148,93,1
134,98,1
134,59,1
120,78,1
136,88,1
138,90,1
163,77,1
155,65,1
154,82,1
160,71,1
130,67,1
148,62,1
139,66,1
152,84,1
140,89,1
151,82,1
128,100,1
135,65,1
152,71,1
135,57,1
158,66,1
145,98,1
146,77,1
140,65,1
157,91,1
149,68,1
125,90,1
127,62,1
142,73,1
117,88,1
122,77,1
127,75,1
138,62,1
129,96,1
127,84,1
119,68,1
152,66,1
149,92,1
150,86,1
145,94,1
132,76,1
122,87,1
141,79,1
135,64,1
161,72,1
134,85,1
131,100,1
131,71,1
131,96,1
119,80,1
130,66,1
116,89,1
157,79,1
138,81,1
159,87,1
132,104,1
131,95,1
137,96,1
133,70,1
120,68,1
123,72,1
152,98,1
156,63,1
131,82,1
149,69,1
155,66,1
148,68,1
118,91,1
130,73,1
149,66,1
141,63,1
140,74,1
156,91,1
126,93,1
135,56,1
155,87,1
136,83,1
151,62,1
118,75,1
152,71,1
137,66,1
135,83,1
152,93,1
115,87,1
142,67,1
141,79,1
137,91,1
116,77,1
126,90,1
126,79,1
135,65,1
154,93,1
133,57,1
133,67,1
140,101,1
142,71,1
129,66,1
150,83,1
138,102,1
152,81,1
150,91,1
133,88,1
148,63,1
123,63,1
156,92,1
127,62,1
126,78,1
115,73,1
128,66,1
131,57,1
137,98,1
155,75,1
138,80,1
142,96,1
129,68,1
132,76,1
151,99,1
137,61,1
127,84,1
137,88,1
157,64,1
158,65,1
160,72,1
131,92,1
149,73,1
140,89,1
128,86,1
124,80,1
154,84,1
133,56,1
117,71,1
125,87,1
135,82,1
131,69,1
140,58,1
152,59,1
145,89,1
138,58,1
146,57,1
153,85,1
128,87,1
158,72,1
132,103,1
137,71,1
123,95,1
130,99,1
161,89,1
122,87,1
141,96,1
158,89,1
149,71,1
152,75,1
143,68,1
148,100,1
129,100,1
149,78,1
134,65,1
144,80,1
147,68,1
137,75,1
148,93,1
139,100,1
141,56,1
135,78,1
158,83,1
151,101,1
158,78,1
144,90,1
123,72,1
159,67,1
127,80,1
154,94,1
135,76,1
134,104,1
132,87,1
135,79,1
144,96,1
136,68,1
157,95,1
133,79,1
146,77,1
124,77,1
130,65,1
142,68,1
148,65,1
145,65,1
149,63,1
142,70,1
140,95,1
123,70,1
130,92,1
135,90,1
137,104,1
155,66,1
154,64,1
142,71,1
146,72,1
121,65,1
133,94,1
149,72,1
142,66,1
155,96,1
151,78,1
156,90,1
145,95,1
130,99,1
136,73,1
129,84,1
125,84,1
147,91,1
116,71,1
120,80,1
153,83,1
134,67,1
154,74,1
133,91,1
122,77,1
159,82,1
130,58,1
126,60,1
144,64,1
141,91,1
157,82,1
145,90,1
142,94,1
118,90,1
128,96,1
154,76,1
138,94,1
134,76,1
159,87,1
129,65,1
151,72,1
129,85,1
161,71,1
130,93,1
153,66,1
-160,81,1
-149,85,1
-120,91,1
-122,82,1
-146,90,1
-144,102,1
-116,71,1
-135,94,1
-123,66,1
-153,66,1
-150,65,1
-148,58,1
-126,89,1
-117,81,1
-151,84,1
-127,92,1
-156,89,1
-125,91,1
-137,66,1
-135,99,1
-163,82,1
-140,94,1
-158,93,1
-135,82,1
-156,64,1
-155,72,1
-159,92,1
-130,90,1
-126,91,1
-152,73,1
-149,83,1
-143,77,1
-157,96,1
-145,71,1
-154,71,1
-125,93,1
-155,87,1
-144,57,1
-153,79,1
-143,91,1
-118,79,1
-145,66,1
-145,94,1
-138,96,1
-119,75,1
-145,57,1
-142,64,1
-148,95,1
-130,81,1
-116,74,1
-121,84,1
-157,75,1
-147,95,1
-152,66,1
-142,99,1
-139,91,1
-154,78,1
-137,102,1
-145,91,1
-131,80,1
-138,69,1
-133,87,1
-148,98,1
-121,88,1
-145,60,1
-127,93,1
-156,92,1
-129,61,1
-160,84,1
-115,79,1
-127,101,1
-136,99,1
-118,66,1
-144,62,1
-120,92,1
-133,81,1
-123,72,1
-156,78,1
-146,66,1
-160,79,1
-128,59,1
-130,99,1
-129,93,1
-131,101,1
-155,94,1
-124,98,1
-137,96,1
-124,77,1
-153,82,1
-158,91,1
-152,71,1
-152,84,1
-135,64,1
-142,74,1
-146,99,1
-151,78,1
-126,99,1
-123,68,1
-136,57,1
-139,71,1
-136,74,1
-143,65,1
-128,61,1
-128,69,1
-141,73,1
-151,75,1
-142,88,1
-160,83,1
-157,93,1
-149,94,1
-119,83,1
-149,88,1
-121,67,1
-136,99,1
-150,71,1
-149,80,1
-142,99,1
-133,64,1
-133,86,1
-129,59,1
-130,82,1
-123,86,1
-128,87,1
-133,84,1
-155,66,1
-162,73,1
-154,91,1
-157,75,1
-132,68,1
-156,65,1
-125,82,1
-136,82,1
-136,65,1
-157,93,1
-152,81,1
-116,74,1
-149,89,1
-141,99,1
-119,65,1
-149,99,1
-124,84,1
-148,82,1
-124,63,1
-157,90,1
-137,70,1
-120,76,1
-137,90,1
-137,72,1
-158,77,1
-156,70,1
-142,87,1
-119,68,1
-129,87,1
-128,84,1
-118,68,1
-157,75,1
-148,85,1
-116,79,1
-123,88,1
-129,103,1
-125,60,1
-130,81,1
-134,78,1
-154,83,1
-159,81,1
-121,87,1
-143,70,1
-151,80,1
-130,60,1
-152,82,1
-149,89,1
-124,68,1
-132,103,1
-132,99,1
-154,62,1
-137,64,1
-139,92,1
-156,93,1
-141,93,1
-155,93,1
-124,69,1
-146,84,1
-139,97,1
-142,61,1
-125,81,1
-149,100,1
-127,93,1
-157,83,1
-162,87,1
-141,65,1
-163,79,1
-158,81,1
-125,99,1
-140,80,1
-130,66,1
-147,90,1
-133,65,1
-154,99,1
-136,78,1
-144,82,1
-146,92,1
-147,94,1
-149,97,1
-120,89,1
-133,103,1
-132,58,1
-130,91,1
-127,73,1
-137,100,1
-142,84,1
-129,63,1
-131,73,1
-132,75,1
-153,88,1
-145,67,1
-129,63,1
-140,66,1
-127,96,1
-150,92,1
-119,87,1
-142,97,1
-141,104,1
-127,60,1
-125,88,1
-131,69,1
-131,65,1
-137,72,1
-160,69,1
-147,100,1
-143,75,1
-135,79,1
-118,67,1
-143,104,1
-118,73,1
-155,70,1
-128,70,1
-154,79,1
-132,76,1
-137,91,1
-141,58,1
-129,72,1
-162,76,1
-141,69,1
-121,91,1
-142,84,1
-134,93,1
-160,85,1
-138,88,1
-148,89,1
-142,84,1
-140,90,1
-128,100,1
-140,80,1
-147,84,1
-146,60,1
-135,98,1
-146,79,1
-133,80,1
-139,78,1
-142,73,1
-125,88,1
-133,89,1
-137,71,1
-137,85,1
-132,63,1
-144,67,1
-163,77,1
-141,73,1
-125,74,1
-126,84,1
-144,96,1
-142,76,1
-124,89,1
-119,83,1
-117,84,1
-135,65,1
-132,92,1
-136,93,1
-119,86,1
-132,68,1
-138,83,1
-118,75,1
-135,77,1
-130,98,1
-131,62,1
-150,80,1
-143,94,1
-125,99,1
-147,90,1
-144,77,1
-159,89,1
-129,90,1
-154,90,1
-130,75,1
-150,77,1
-135,87,1
-143,65,1
-141,93,1
-138,76,1
-141,95,1
-149,79,1
-151,81,1
-139,80,1
-150,86,1
-154,72,1
-126,87,1
-124,72,1
-131,96,1
-136,88,1
-121,79,1
-127,60,1
-149,96,1
-145,95,1
-126,96,1
-122,67,1
-134,95,1
-121,63,1
-149,82,1
-133,95,1
-146,98,1
-135,72,1
-138,64,1
-131,89,1
-140,82,1
-150,69,1
-137,104,1
-154,94,1
-147,64,1
-115,83,1
-128,63,1
-131,75,1
-141,92,1
-114,79,1
