5,-202,0
-21,-205,0
10,-203,0
-16,-196,0
-14,-208,0
23,-206,0
-2,-198,0
-23,-211,0
-10,-191,0
-2,-202,0
-21,-198,0
4,-215,0
-15,-230,0
4,-201,0
4,-199,0
15,-224,0
-8,-207,0
7,-204,0
0,-215,0
-9,-218,0
-6,-212,0
22,-212,0
-12,-210,0
-13,-220,0
14,-225,0
18,-200,0
-20,-208,0
16,-225,0
-2,-208,0
-4,-233,0
-16,-194,0
2,-193,0
20,-218,0
9,-208,0
-14,-218,0
-12,-191,0
-19,-216,0
-8,-206,0
-16,-192,0
9,-228,0
9,-194,0
-2,-211,0
21,-210,0
-8,-212,0
2,-186,0
-14,-216,0
-1,-201,0
24,-208,0
-1,-197,0
-12,-215,0
13,-218,0
6,-204,0
-20,-220,0
22,-208,0
2,-213,0
4,-223,0
-12,-208,0
1,-205,0
-9,-193,0
-4,-234,0
-19,-221,0
-6,-216,0
-13,-214,0
-12,-190,0
13,-194,0
-12,-209,0
-7,-218,0
-5,-189,0
-5,-227,0
0,-233,0
-21,-215,0
-9,-195,0
-8,-197,0
-17,-208,0
-14,-213,0
16,-210,0
6,-222,0
-18,-223,0
-13,-208,0
-12,-212,0
1,-198,0
-18,-227,0
19,-214,0
-7,-190,0
20,-204,0
7,-220,0
-17,-227,0
3,-226,0
-9,-215,0
23,-202,0
9,-197,0
-24,-213,0
-12,-191,0
-13,-227,0
-17,-203,0
17,-203,0
14,-192,0
9,-227,0
20,-205,0
-2,-230,0
16,-215,0
-5,-189,0
8,-208,0
6,-203,0
20,-198,0
7,-193,0
23,-214,0
13,-230,0
6,-207,0
-6,-234,0
-2,-194,0
-8,-198,0
-17,-194,0
10,-192,0
-22,-216,0
-16,-207,0
-18,-209,0
-15,-218,0
-13,-212,0
10,-199,0
-1,-234,0
-8,-216,0
-5,-208,0
14,-201,0
-15,-229,0
-15,-193,0
11,-213,0
1,-207,0
24,-213,0
-15,-207,0
-15,-208,0
16,-214,0
8,-190,0
20,-195,0
-1,-207,0
-18,-200,0
6,-208,0
3,-219,0
10,-196,0
15,-205,0
-13,-227,0
21,-197,0
1,-200,0
2,-232,0
20,-196,0
7,-202,0
-6,-200,0
-11,-205,0
-1,-210,0
5,-208,0
12,-194,0
-20,-195,0
3,-195,0
-8,-230,0
20,-215,0
-19,-205,0
2,-197,0
-23,-214,0
-4,-222,0
15,-193,0
-5,-226,0
13,-195,0
21,-211,0
16,-202,0
22,-208,0
10,-225,0
2,-186,0
-15,-207,0
-14,-197,0
-13,-213,0
-7,-216,0
7,-196,0
-13,-192,0
10,-199,0
23,-219,0
17,-208,0
23,-205,0
-7,-233,0
-6,-188,0
-4,-206,0
-18,-206,0
-9,-209,0
12,-205,0
-7,-203,0
-7,-191,0
-23,-209,0
-1,-220,0
2,-191,0
-21,-219,0
-8,-208,0
-11,-194,0
-2,-224,0
2,-207,0
-8,-226,0
-6,-209,0
4,-202,0
-3,-206,0
24,-208,0
2,-207,0
6,-187,0
-12,-223,0
7,-187,0
21,-217,0
-10,-188,0
20,-197,0
7,-231,0
12,-192,0
-16,-195,0
-8,-189,0
5,-227,0
1,-191,0
14,-229,0
-3,-194,0
13,-203,0
-19,-222,0
2,-220,0
2,-212,0
10,-204,0
23,-201,0
-7,-221,0
-15,-202,0
-7,-211,0
-19,-199,0
6,-190,0
7,-213,0
-1,-200,0
9,-214,0
-7,-191,0
-4,-192,0
-22,-221,0
-21,-213,0
5,-191,0
15,-202,0
-5,-213,0
-16,-216,0
-19,-209,0
19,-196,0
-6,-198,0
5,-200,0
5,-209,0
-6,-222,0
-4,-186,0
15,-225,0
-9,-224,0
-9,-218,0
6,-233,0
24,-211,0
11,-212,0
8,-219,0
8,-201,0
16,-228,0
-12,-229,0
-16,-224,0
19,-207,0
20,-210,0
-17,-202,0
-11,-218,0
22,-199,0
-14,-230,0
20,-224,0
6,-224,0
-20,-213,0
8,-212,0
13,-199,0
-10,-217,0
15,-203,0
1,-201,0
17,-195,0
10,-215,0
-15,-220,0
5,-197,0
-21,-215,0
22,-219,0
16,-199,0
-14,-226,0
-15,-215,0
4,-193,0
-17,-204,0
-22,-215,0
-9,-207,0
2,-220,0
7,-216,0
-2,-202,0
-14,-192,0
-23,-219,0
4,-194,0
4,-205,0
7,-226,0
-13,-229,0
13,-190,0
14,-195,0
-1,-216,0
-9,-232,0
8,-208,0
-14,-191,0
15,-203,0
-5,-198,0
18,-211,0
5,-219,0
7,-209,0
-23,-206,0
2,-209,0
12,-207,0
4,-196,0
-18,-194,0
-14,-216,0
15,-215,0
1,-188,0
13,-226,0
12,-217,0
-8,-219,0
3,-211,0
-12,-201,0
8,-222,0
-18,-205,0
-22,-219,0
-10,-228,0
5,-209,0
-17,-211,0
22,-219,0
-6,-200,0
5,-204,0
8,-228,0
-15,-211,0
-8,-195,0
9,-231,0
-10,-232,0
-10,-215,0
-11,-230,0
-13,-224,0
8,-189,0
-10,-208,0
-10,-219,0
198,103,1
172,102,1
183,105,1
174,84,1
182,109,1
174,123,1
165,109,1
187,94,1
163,121,1
193,112,1
176,122,1
175,97,1
178,126,1
167,85,1
161,101,1
179,129,1
204,104,1
158,105,1
189,102,1
172,93,1
169,86,1
175,83,1
190,91,1
164,89,1
166,115,1
182,124,1
171,115,1
185,114,1
187,87,1
198,115,1
182,95,1
162,108,1
170,88,1
178,113,1
165,92,1
180,82,1
166,124,1
195,85,1
187,111,1
185,105,1
191,116,1
193,124,1
178,115,1
189,88,1
169,89,1
171,123,1
170,88,1
182,113,1
193,104,1
181,119,1
195,105,1
193,113,1
191,86,1
164,100,1
177,86,1
171,110,1
160,111,1
175,81,1
186,97,1
177,110,1
191,119,1
167,91,1
202,99,1
181,110,1
195,91,1
177,91,1
176,102,1
159,113,1
164,97,1
163,119,1
186,120,1
193,126,1
174,89,1
192,117,1
182,124,1
184,90,1
173,119,1
189,95,1
200,118,1
179,96,1
179,124,1
188,117,1
178,120,1
185,127,1
180,94,1
185,94,1
186,119,1
190,104,1
186,89,1
183,110,1
167,110,1
172,123,1
197,98,1
168,97,1
162,93,1
184,127,1
164,109,1
203,114,1
194,86,1
203,111,1
164,99,1
168,85,1
163,106,1
182,111,1
162,114,1
169,98,1
199,100,1
187,123,1
193,88,1
169,96,1
168,101,1
177,102,1
188,91,1
169,107,1
164,108,1
180,110,1
188,96,1
185,127,1
181,117,1
165,120,1
172,103,1
161,105,1
191,106,1
202,114,1
161,94,1
194,115,1
166,91,1
193,92,1
199,106,1
205,114,1
185,83,1
175,128,1
174,92,1
176,90,1
175,85,1
175,117,1
201,90,1
191,91,1
168,90,1
173,109,1
177,92,1
177,103,1
202,93,1
183,94,1
195,111,1
188,96,1
192,126,1
159,106,1
176,92,1
195,121,1
190,122,1
171,86,1
186,120,1
179,129,1
181,81,1
160,115,1
191,86,1
175,99,1
171,102,1
174,91,1
205,103,1
204,107,1
170,118,1
173,122,1
170,103,1
175,103,1
203,98,1
185,118,1
161,93,1
164,97,1
176,128,1
202,103,1
167,95,1
178,99,1
186,101,1
195,92,1
166,107,1
160,110,1
200,88,1
189,86,1
162,103,1
198,93,1
197,92,1
203,92,1
164,95,1
175,81,1
172,91,1
181,107,1
167,87,1
200,92,1
182,109,1
194,105,1
167,102,1
182,84,1
185,93,1
187,100,1
185,86,1
201,93,1
192,120,1
165,117,1
178,88,1
197,107,1
167,102,1
201,106,1
188,93,1
171,126,1
187,98,1
187,108,1
192,116,1
190,103,1
175,116,1
167,90,1
197,88,1
180,105,1
193,86,1
184,115,1
201,119,1
166,112,1
175,113,1
167,121,1
195,104,1
179,116,1
181,113,1
188,110,1
177,85,1
169,124,1
170,101,1
199,123,1
189,119,1
179,81,1
182,127,1
200,99,1
175,127,1
175,102,1
161,102,1
164,117,1
189,126,1
164,102,1
194,112,1
175,84,1
177,103,1
194,99,1
185,129,1
182,98,1
181,121,1
184,115,1
185,129,1
171,101,1
176,114,1
165,103,1
178,97,1
192,94,1
164,88,1
176,88,1
167,92,1
198,86,1
173,83,1
165,100,1
199,97,1
204,104,1
191,92,1
185,98,1
203,102,1
166,96,1
187,124,1
186,104,1
190,97,1
200,109,1
181,128,1
185,96,1
198,111,1
186,86,1
171,120,1
169,114,1
189,117,1
176,123,1
195,123,1
187,92,1
157,103,1
178,94,1
188,114,1
161,97,1
193,109,1
181,95,1
203,99,1
181,109,1
177,84,1
160,94,1
185,120,1
205,98,1
189,112,1
160,99,1
176,105,1
192,96,1
176,105,1
186,95,1
188,104,1
188,82,1
182,122,1
165,106,1
199,111,1
179,81,1
181,110,1
167,124,1
187,111,1
185,92,1
169,99,1
179,100,1
190,112,1
186,104,1
184,126,1
184,128,1
172,122,1
163,112,1
187,98,1
200,92,1
175,104,1
173,117,1
189,123,1
172,86,1
198,124,1
182,113,1
169,121,1
168,95,1
184,117,1
186,102,1
171,98,1
190,86,1
162,116,1
189,118,1
185,92,1
168,118,1
187,97,1
-185,90,1
-180,88,1
-169,122,1
-201,111,1
-194,115,1
-204,110,1
-182,86,1
-168,87,1
-176,100,1
-186,103,1
-185,99,1
-173,85,1
-182,81,1
-195,122,1
-190,128,1
-168,107,1
-186,84,1
-183,102,1
-190,100,1
-201,119,1
-198,91,1
-158,101,1
-173,94,1
-164,92,1
-196,103,1
-173,91,1
-196,120,1
-200,99,1
-163,119,1
-185,115,1
-167,109,1
-164,121,1
-199,106,1
-186,110,1
-160,109,1
-191,87,1
-162,116,1
-179,117,1
-165,117,1
-190,128,1
-161,99,1
-178,87,1
-198,99,1
-158,106,1
-191,126,1
-169,85,1
-174,104,1
-197,95,1
-170,114,1
-198,91,1
-173,95,1
-203,104,1
-176,112,1
-187,129,1
-158,107,1
-194,90,1
-204,101,1
-163,100,1
-195,111,1
-205,107,1
-184,118,1
-199,106,1
-176,122,1
-197,96,1
-192,119,1
-200,114,1
-201,98,1
-189,125,1
-190,105,1
-172,100,1
-164,118,1
-166,91,1
-177,93,1
-186,121,1
-166,98,1
-161,108,1
-178,100,1
-190,109,1
-179,91,1
-180,110,1
-187,117,1
-168,97,1
-167,98,1
-186,117,1
-182,86,1
-203,109,1
-196,93,1
-157,107,1
-169,124,1
-168,118,1
-172,97,1
-179,82,1
-182,101,1
-188,125,1
-195,109,1
-177,100,1
-180,83,1
-173,120,1
-192,84,1
-166,95,1
-197,113,1
-179,121,1
-185,97,1
-165,112,1
-189,104,1
-196,98,1
-186,114,1
-204,100,1
-191,98,1
-190,87,1
-183,84,1
-184,117,1
-167,98,1
-206,102,1
-167,101,1
-181,113,1
-164,95,1
-167,88,1
-189,105,1
-177,108,1
-161,94,1
-167,101,1
-176,87,1
-180,98,1
-195,120,1
-183,124,1
-172,125,1
-199,112,1
-196,88,1
-188,112,1
-179,100,1
-173,95,1
-193,102,1
-204,111,1
-177,89,1
-189,125,1
-197,87,1
-184,82,1
-166,98,1
-194,86,1
-190,109,1
-187,100,1
-172,125,1
-177,122,1
-180,89,1
-192,123,1
-198,99,1
-199,119,1
-184,110,1
-177,128,1
-184,122,1
-180,108,1
-171,104,1
-186,104,1
-169,112,1
-188,122,1
-164,119,1
-190,83,1
-182,95,1
-178,88,1
-161,94,1
-180,118,1
-197,108,1
-185,112,1
-176,111,1
-172,111,1
-187,115,1
-172,107,1
-184,83,1
-181,86,1
-187,112,1
-189,109,1
-196,123,1
-192,123,1
-164,88,1
-181,97,1
-181,121,1
-190,98,1
-189,113,1
-186,81,1
-185,120,1
-200,94,1
-172,103,1
-195,89,1
-174,108,1
-196,122,1
-189,84,1
-174,117,1
-186,118,1
-192,100,1
-179,85,1
-167,93,1
-183,88,1
-174,103,1
-184,121,1
-173,94,1
-194,105,1
-197,94,1
-202,118,1
-192,98,1
-162,118,1
-195,91,1
-190,93,1
-179,90,1
-200,114,1
-179,99,1
-203,115,1
-168,110,1
-188,100,1
-172,96,1
-200,105,1
-175,125,1
-201,101,1
-200,99,1
-174,99,1
-183,111,1
-193,104,1
-171,89,1
-176,101,1
-175,101,1
-171,107,1
-164,118,1
-189,128,1
-170,94,1
-199,121,1
-179,95,1
-178,81,1
-199,110,1
-158,106,1
-181,127,1
-189,93,1
-174,86,1
-193,106,1
-176,115,1
-187,121,1
-172,111,1
-180,91,1
-170,97,1
-174,82,1
-169,104,1
-163,96,1
-187,124,1
-185,93,1
-191,99,1
-200,91,1
-175,101,1
-173,113,1
-192,124,1
-164,94,1
-192,126,1
-172,83,1
-197,87,1
-174,121,1
-158,104,1
-158,104,1
-183,123,1
-185,115,1
-183,90,1
-191,102,1
-162,97,1
-191,82,1
-186,125,1
-197,104,1
-195,87,1
-161,113,1
-168,103,1
-189,102,1
-192,100,1
-204,109,1
-171,106,1
-203,104,1
-160,107,1
-181,84,1
-193,116,1
-173,119,1
-187,82,1
-165,97,1
-170,124,1
-192,115,1
-178,85,1
-191,99,1
-186,97,1
-166,112,1
-173,87,1
-175,91,1
-199,99,1
-169,123,1
-163,90,1
-173,104,1
-196,121,1
-205,100,1
-169,121,1
-160,101,1
-177,99,1
-200,104,1
-194,121,1
-170,116,1
-187,126,1
-195,85,1
-164,97,1
-193,108,1
-170,84,1
-165,102,1
-201,102,1
-172,95,1
-189,104,1
-192,84,1
-190,110,1
-199,107,1
-191,96,1
-191,114,1
-187,89,1
-178,115,1
-177,86,1
-189,104,1
-185,127,1
-182,126,1
-179,110,1
-178,91,1
-172,102,1
-190,127,1
-173,87,1
-179,110,1
-189,112,1
-180,82,1
-195,105,1
-182,113,1
-171,95,1
-169,123,1
-174,125,1
-180,128,1
-175,92,1
-192,115,1
