-19,-196,0
10,-207,0
4,-200,0
-12,-216,0
-2,-203,0
12,-216,0
22,-206,0
10,-221,0
13,-227,0
-8,-213,0
0,-197,0
-15,-190,0
5,-226,0
0,-234,0
-14,-200,0
-12,-202,0
21,-208,0
-18,-196,0
-2,-210,0
-6,-215,0
19,-212,0
1,-210,0
-10,-223,0
-18,-207,0
16,-224,0
8,-199,0
-10,-218,0
11,-193,0
15,-215,0
-13,-221,0
5,-197,0
18,-200,0
-3,-217,0
-14,-191,0
-3,-186,0
17,-228,0
6,-188,0
2,-190,0
5,-193,0
5,-218,0
17,-227,0
-17,-226,0
-16,-222,0
-13,-224,0
24,-206,0
-23,-206,0
2,-223,0
7,-191,0
-7,-208,0
-9,-225,0
10,-222,0
19,-223,0
-8,-223,0
-9,-206,0
3,-204,0
-18,-200,0
4,-204,0
-24,-216,0
-10,-213,0
-1,-219,0
16,-218,0
10,-191,0
-3,-193,0
-19,-194,0
-17,-201,0
-22,-205,0
15,-217,0
15,-223,0
14,-223,0
17,-224,0
7,-233,0
-8,-209,0
-16,-212,0
10,-219,0
-17,-217,0
10,-220,0
1,-197,0
2,-227,0
-6,-234,0
15,-203,0
-19,-220,0
-1,-226,0
14,-204,0
6,-202,0
-1,-227,0
-20,-213,0
6,-186,0
-14,-227,0
16,-196,0
-20,-211,0
23,-219,0
-3,-194,0
-8,-194,0
1,-200,0
-5,-231,0
-8,-210,0
-12,-195,0
1,-220,0
-15,-213,0
-8,-216,0
-15,-227,0
-22,-218,0
-9,-202,0
-3,-189,0
7,-203,0
8,-218,0
-10,-188,0
16,-218,0
-19,-198,0
16,-223,0
16,-212,0
-12,-200,0
-15,-193,0
11,-209,0
9,-187,0
11,-230,0
-8,-196,0
11,-224,0
-23,-211,0
-24,-206,0
1,-202,0
21,-200,0
-7,-198,0
-4,-190,0
-8,-189,0
-3,-200,0
3,-220,0
3,-189,0
9,-222,0
2,-189,0
-23,-202,0
-21,-202,0
21,-201,0
7,-212,0
15,-230,0
7,-216,0
-11,-216,0
-17,-206,0
9,-195,0
-8,-232,0
-6,-200,0
20,-224,0
16,-224,0
7,-191,0
20,-216,0
12,-229,0
6,-197,0
13,-223,0
17,-209,0
-10,-218,0
-11,-221,0
-15,-207,0
19,-201,0
-19,-195,0
-3,-216,0
23,-217,0
-2,-223,0
-6,-233,0
-14,-202,0
4,-208,0
6,-202,0
3,-189,0
-11,-191,0
-10,-231,0
-1,-189,0
18,-222,0
-18,-207,0
11,-191,0
13,-208,0
7,-226,0
-11,-193,0
24,-216,0
-4,-214,0
-5,-223,0
-9,-189,0
-14,-200,0
-16,-219,0
6,-226,0
-15,-191,0
12,-198,0
-14,-208,0
-10,-200,0
-1,-230,0
5,-210,0
-22,-201,0
-11,-215,0
17,-218,0
-16,-223,0
-1,-203,0
7,-209,0
8,-208,0
11,-209,0
23,-207,0
-1,-225,0
-24,-211,0
-20,-216,0
4,-231,0
5,-213,0
2,-216,0
11,-224,0
13,-211,0
3,-197,0
1,-213,0
4,-200,0
-9,-197,0
9,-211,0
5,-200,0
-14,-221,0
0,-211,0
18,-205,0
-12,-220,0
16,-224,0
-5,-224,0
8,-193,0
14,-219,0
5,-227,0
0,-203,0
-11,-204,0
-2,-210,0
23,-204,0
-24,-203,0
6,-224,0
-8,-223,0
-23,-219,0
-13,-198,0
12,-190,0
9,-223,0
18,-217,0
16,-199,0
10,-216,0
-6,-192,0
6,-228,0
11,-230,0
19,-198,0
7,-231,0
24,-217,0
-1,-232,0
-1,-217,0
8,-218,0
0,-223,0
-4,-233,0
-23,-203,0
5,-198,0
-10,-232,0
18,-225,0
16,-206,0
-3,-196,0
-15,-220,0
14,-207,0
-24,-207,0
5,-187,0
2,-213,0
18,-206,0
-10,-212,0
17,-198,0
14,-207,0
19,-210,0
21,-207,0
-19,-215,0
13,-225,0
-1,-224,0
-7,-219,0
13,-192,0
10,-228,0
-17,-215,0
16,-196,0
4,-198,0
14,-205,0
18,-219,0
16,-215,0
-11,-224,0
5,-220,0
-5,-198,0
4,-212,0
-15,-220,0
-16,-221,0
15,-198,0
-15,-217,0
1,-218,0
-3,-219,0
-2,-195,0
11,-223,0
-7,-206,0
5,-201,0
12,-195,0
18,-210,0
3,-209,0
-1,-223,0
9,-218,0
2,-217,0
17,-210,0
13,-209,0
-8,-196,0
-18,-218,0
21,-200,0
-7,-192,0
19,-200,0
-2,-222,0
0,-210,0
15,-208,0
-3,-195,0
5,-221,0
2,-231,0
-1,-221,0
-8,-217,0
-22,-221,0
14,-212,0
11,-219,0
2,-213,0
-4,-221,0
-3,-219,0
-2,-211,0
1,-218,0
-5,-191,0
-14,-201,0
-20,-202,0
-7,-211,0
23,-204,0
15,-222,0
-1,-222,0
18,-210,0
-6,-231,0
-19,-210,0
6,-233,0
2,-209,0
-15,-216,0
-19,-195,0
-22,-205,0
-19,-221,0
-4,-220,0
-13,-211,0
1,-204,0
12,-204,0
187,123,1
184,104,1
188,124,1
187,96,1
181,90,1
184,98,1
177,99,1
203,112,1
176,86,1
182,115,1
196,91,1
180,87,1
190,113,1
198,117,1
193,88,1
197,91,1
187,87,1
159,101,1
193,91,1
168,97,1
199,121,1
192,115,1
201,117,1
175,122,1
204,106,1
187,88,1
188,81,1
195,91,1
167,85,1
191,96,1
190,114,1
198,117,1
174,125,1
159,104,1
177,98,1
179,101,1
164,99,1
171,98,1
195,97,1
200,97,1
185,106,1
168,117,1
170,118,1
202,91,1
197,110,1
166,107,1
199,93,1
168,90,1
173,112,1
203,103,1
169,95,1
158,112,1
206,106,1
204,108,1
179,99,1
198,97,1
192,94,1
170,97,1
188,127,1
169,108,1
188,91,1
195,110,1
188,102,1
183,119,1
172,91,1
192,105,1
204,115,1
176,85,1
170,115,1
203,104,1
169,87,1
184,81,1
181,118,1
191,104,1
190,126,1
174,125,1
189,99,1
180,86,1
161,118,1
187,92,1
205,109,1
187,117,1
189,116,1
194,105,1
181,129,1
204,96,1
179,115,1
192,110,1
175,116,1
203,106,1
166,122,1
193,124,1
185,106,1
190,127,1
191,101,1
197,112,1
198,114,1
199,121,1
162,105,1
188,119,1
182,122,1
194,107,1
164,115,1
189,94,1
163,112,1
177,121,1
184,115,1
165,105,1
188,105,1
179,90,1
179,124,1
195,111,1
172,88,1
188,100,1
183,96,1
182,121,1
165,92,1
198,108,1
176,109,1
171,99,1
174,117,1
170,111,1
165,119,1
167,88,1
195,90,1
181,100,1
169,109,1
185,97,1
180,82,1
180,104,1
188,111,1
176,85,1
203,116,1
173,124,1
180,103,1
190,109,1
196,109,1
173,125,1
197,116,1
183,123,1
176,96,1
178,85,1
202,97,1
187,86,1
176,104,1
190,120,1
178,90,1
185,119,1
169,120,1
194,102,1
180,114,1
175,110,1
174,125,1
170,106,1
181,102,1
180,119,1
175,103,1
175,123,1
174,95,1
171,106,1
195,106,1
193,96,1
200,96,1
175,128,1
186,101,1
199,107,1
184,99,1
186,128,1
180,81,1
198,94,1
181,122,1
177,96,1
191,127,1
172,103,1
194,88,1
205,98,1
201,89,1
170,98,1
158,104,1
195,119,1
168,88,1
170,100,1
185,107,1
169,122,1
193,106,1
167,85,1
172,108,1
183,120,1
176,116,1
186,88,1
197,90,1
170,105,1
173,92,1
180,100,1
182,99,1
182,126,1
190,124,1
172,116,1
166,103,1
169,106,1
181,121,1
178,124,1
175,93,1
203,115,1
171,91,1
168,99,1
167,96,1
170,86,1
182,88,1
177,104,1
202,108,1
185,106,1
198,97,1
193,100,1
164,121,1
181,110,1
162,102,1
193,122,1
177,83,1
178,98,1
201,112,1
202,107,1
167,111,1
174,92,1
162,106,1
182,110,1
180,97,1
166,104,1
194,88,1
181,122,1
180,97,1
176,89,1
196,121,1
204,101,1
168,91,1
186,102,1
187,82,1
202,117,1
158,101,1
178,85,1
195,109,1
204,116,1
191,95,1
172,108,1
197,108,1
192,89,1
174,122,1
172,116,1
172,116,1
190,107,1
168,104,1
179,125,1
193,83,1
191,94,1
181,81,1
185,118,1
199,121,1
187,82,1
166,100,1
170,119,1
166,115,1
182,123,1
191,103,1
168,90,1
169,107,1
181,89,1
180,112,1
193,122,1
182,97,1
181,110,1
203,98,1
188,119,1
159,95,1
196,112,1
165,91,1
199,110,1
203,115,1
176,127,1
179,109,1
182,119,1
190,103,1
183,103,1
166,91,1
190,85,1
181,111,1
178,95,1
176,96,1
198,92,1
158,106,1
199,88,1
201,114,1
190,123,1
178,102,1
160,112,1
164,114,1
159,101,1
205,100,1
180,124,1
167,86,1
175,115,1
184,105,1
182,109,1
175,92,1
195,85,1
203,113,1
190,102,1
160,117,1
201,106,1
188,117,1
181,95,1
181,117,1
201,114,1
180,119,1
192,103,1
195,101,1
200,100,1
195,117,1
190,121,1
174,120,1
192,104,1
204,107,1
203,112,1
176,88,1
194,105,1
177,119,1
170,119,1
185,127,1
163,95,1
183,98,1
198,105,1
168,114,1
204,97,1
198,92,1
-204,100,1
-159,102,1
-191,88,1
-191,107,1
-201,104,1
-186,86,1
-163,103,1
-183,114,1
-166,93,1
-170,83,1
-204,100,1
-179,101,1
-182,118,1
-201,99,1
-164,110,1
-190,116,1
-184,82,1
-197,86,1
-204,102,1
-186,98,1
-205,114,1
-178,126,1
-206,100,1
-186,108,1
-181,105,1
-177,84,1
-161,103,1
-191,104,1
-184,127,1
-200,104,1
-178,108,1
-197,92,1
-187,103,1
-185,89,1
-185,87,1
-186,106,1
-185,104,1
-206,101,1
-181,83,1
-185,102,1
-187,122,1
-168,123,1
-195,98,1
-202,98,1
-192,103,1
-158,98,1
-159,106,1
-195,105,1
-182,102,1
-182,98,1
-176,95,1
-191,116,1
-190,86,1
-188,94,1
-159,103,1
-172,121,1
-162,106,1
-174,125,1
-198,116,1
-168,124,1
-204,107,1
-161,117,1
-181,85,1
-201,117,1
-157,106,1
-180,129,1
-202,92,1
-188,117,1
-192,112,1
-179,95,1
-179,89,1
-192,106,1
-184,116,1
-169,86,1
-189,127,1
-161,93,1
-183,126,1
-187,99,1
-195,96,1
-175,87,1
-180,128,1
-185,124,1
-185,119,1
-160,102,1
-196,95,1
-169,118,1
-199,100,1
-175,97,1
-163,116,1
-181,119,1
-182,86,1
-180,125,1
-199,113,1
-169,114,1
-203,113,1
-194,115,1
-180,117,1
-182,102,1
-192,121,1
-182,88,1
-196,91,1
-169,101,1
-169,111,1
-167,102,1
-185,102,1
-181,106,1
-172,90,1
-188,103,1
-192,114,1
-192,111,1
-196,97,1
-191,98,1
-174,98,1
-203,105,1
-165,91,1
-194,98,1
-204,99,1
-162,109,1
-188,84,1
-164,96,1
-157,104,1
-180,93,1
-173,93,1
-180,128,1
-183,96,1
-163,102,1
-189,92,1
-172,85,1
-181,95,1
-168,87,1
-161,97,1
-180,123,1
-162,111,1
-179,121,1
-169,126,1
-199,119,1
-180,111,1
-199,101,1
-202,115,1
-199,91,1
-206,110,1
-200,120,1
-189,91,1
-185,115,1
-205,96,1
-166,95,1
-178,107,1
-160,105,1
-202,98,1
-180,93,1
-182,83,1
-190,121,1
-203,93,1
-159,108,1
-191,113,1
-198,92,1
-189,86,1
-175,115,1
-180,100,1
-175,129,1
-167,116,1
-178,114,1
-182,108,1
-179,89,1
-173,108,1
-188,115,1
-192,91,1
-182,127,1
-204,114,1
-205,96,1
-199,116,1
-173,108,1
-161,115,1
-171,115,1
-192,115,1
-194,104,1
-193,105,1
-179,90,1
-188,95,1
-177,111,1
-166,121,1
-166,121,1
-171,120,1
-184,124,1
-174,125,1
-180,106,1
-191,105,1
-188,112,1
-181,105,1
-175,101,1
-169,89,1
-188,110,1
-187,112,1
-178,87,1
-185,114,1
-165,110,1
-166,122,1
-183,120,1
-187,129,1
-165,95,1
-173,99,1
-177,116,1
-187,87,1
-184,88,1
-186,116,1
-198,96,1
-166,109,1
-172,119,1
-177,91,1
-172,102,1
-182,117,1
-183,83,1
-202,93,1
-188,114,1
-169,104,1
-193,93,1
-188,81,1
-167,115,1
-199,98,1
-175,125,1
-176,121,1
-185,104,1
-185,98,1
-172,102,1
-192,90,1
-174,122,1
-177,102,1
-199,96,1
-178,127,1
-187,111,1
-181,121,1
-197,124,1
-176,91,1
-170,88,1
-188,94,1
-162,95,1
-173,106,1
-165,121,1
-172,87,1
-163,102,1
-176,126,1
-193,121,1
-164,91,1
-167,125,1
-166,88,1
-184,103,1
-158,98,1
-190,107,1
-175,93,1
-176,127,1
-157,104,1
-162,120,1
-178,104,1
-197,88,1
-203,107,1
-179,127,1
-167,87,1
-166,98,1
-199,93,1
-160,101,1
-204,107,1
-182,95,1
-195,103,1
-203,93,1
-185,97,1
-176,114,1
-184,119,1
-190,82,1
-194,104,1
-190,119,1
-202,96,1
-171,85,1
-204,116,1
-204,106,1
-167,111,1
-181,124,1
-167,90,1
-201,97,1
-198,111,1
-174,103,1
-199,107,1
-192,108,1
-173,112,1
-158,109,1
-192,98,1
-180,128,1
-185,117,1
-158,102,1
-163,112,1
-184,105,1
-167,88,1
-173,98,1
-159,114,1
-196,124,1
-195,89,1
-194,98,1
-163,94,1
-177,102,1
-200,98,1
-198,122,1
-167,93,1
-181,114,1
-169,89,1
-175,126,1
-162,107,1
-167,99,1
-189,110,1
-171,91,1
-166,119,1
-162,111,1
-170,113,1
-194,87,1
-174,127,1
-182,95,1
-178,97,1
-184,82,1
-172,90,1
-192,119,1
-194,114,1
-195,89,1
-184,115,1
-167,99,1
-175,119,1
-195,109,1
-192,119,1
-187,116,1
-200,97,1
-204,99,1
-169,123,1
-182,120,1
-188,86,1
-179,113,1
-168,103,1
