-20,-221,0
-14,-201,0
-11,-216,0
8,-208,0
14,-204,0
-14,-227,0
23,-213,0
-8,-199,0
14,-197,0
4,-192,0
-17,-225,0
-17,-217,0
0,-212,0
7,-223,0
5,-215,0
-8,-189,0
-21,-202,0
-12,-231,0
1,-230,0
-12,-198,0
-13,-218,0
-7,-209,0
16,-220,0
-9,-218,0
-1,-223,0
5,-212,0
-11,-190,0
17,-223,0
20,-200,0
12,-201,0
5,-201,0
17,-205,0
-14,-229,0
-19,-212,0
1,-229,0
-15,-210,0
12,-221,0
-16,-219,0
1,-222,0
2,-229,0
-6,-195,0
-11,-221,0
-11,-195,0
1,-205,0
-21,-220,0
1,-187,0
5,-215,0
-13,-208,0
13,-225,0
-4,-204,0
-5,-220,0
-22,-206,0
5,-207,0
5,-210,0
-5,-208,0
-9,-201,0
3,-203,0
-12,-193,0
-12,-202,0
-16,-224,0
18,-205,0
7,-234,0
-16,-227,0
1,-217,0
-8,-209,0
4,-198,0
-7,-213,0
5,-193,0
10,-226,0
15,-192,0
-14,-192,0
14,-191,0
8,-191,0
23,-218,0
20,-217,0
-20,-201,0
7,-195,0
-1,-193,0
8,-195,0
12,-205,0
-12,-221,0
0,-205,0
-15,-193,0
-14,-205,0
16,-193,0
-17,-203,0
-13,-220,0
4,-230,0
-14,-193,0
2,-221,0
-16,-202,0
-11,-225,0
3,-198,0
18,-200,0
-1,-227,0
-1,-234,0
18,-208,0
10,-188,0
13,-193,0
-6,-210,0
-18,-195,0
6,-234,0
0,-194,0
-14,-229,0
-15,-206,0
20,-197,0
22,-199,0
-23,-218,0
-23,-207,0
-7,-207,0
-8,-233,0
-7,-221,0
-4,-204,0
-3,-209,0
10,-224,0
-7,-230,0
12,-229,0
3,-216,0
-12,-200,0
17,-204,0
-16,-191,0
5,-190,0
24,-205,0
2,-216,0
2,-212,0
-7,-226,0
10,-208,0
2,-198,0
17,-218,0
2,-203,0
3,-194,0
8,-200,0
13,-206,0
-16,-195,0
-3,-188,0
-23,-209,0
2,-226,0
-2,-204,0
-16,-198,0
13,-220,0
5,-225,0
10,-200,0
-4,-216,0
-17,-200,0
-8,-213,0
16,-199,0
14,-223,0
18,-202,0
13,-214,0
3,-199,0
-19,-219,0
-10,-197,0
-7,-216,0
0,-225,0
18,-201,0
14,-198,0
10,-229,0
-16,-210,0
-6,-202,0
-21,-207,0
14,-229,0
-3,-192,0
-20,-220,0
14,-229,0
0,-189,0
15,-203,0
-10,-205,0
-6,-191,0
3,-200,0
24,-214,0
6,-189,0
-9,-201,0
-19,-194,0
-6,-233,0
-2,-213,0
-6,-189,0
-10,-232,0
13,-200,0
4,-191,0
-17,-194,0
-7,-191,0
-10,-197,0
-8,-203,0
20,-210,0
-3,-204,0
5,-216,0
8,-217,0
-12,-192,0
1,-196,0
10,-227,0
-8,-221,0
0,-232,0
4,-200,0
7,-219,0
2,-223,0
2,-199,0
19,-224,0
13,-189,0
-17,-216,0
9,-218,0
0,-201,0
-5,-213,0
-6,-198,0
-9,-195,0
12,-202,0
-5,-220,0
16,-227,0
13,-216,0
-10,-213,0
-10,-227,0
15,-213,0
10,-199,0
9,-219,0
-1,-200,0
4,-187,0
10,-229,0
0,-188,0
-5,-221,0
-5,-215,0
0,-206,0
-5,-196,0
7,-191,0
8,-226,0
5,-204,0
16,-221,0
-1,-225,0
13,-201,0
8,-204,0
22,-212,0
5,-219,0
-5,-221,0
19,-216,0
1,-216,0
-11,-215,0
-12,-201,0
11,-188,0
-19,-211,0
13,-200,0
12,-208,0
13,-220,0
8,-188,0
-1,-196,0
-7,-215,0
-8,-202,0
11,-213,0
-4,-228,0
-6,-227,0
14,-203,0
15,-195,0
-6,-230,0
16,-209,0
-5,-218,0
15,-204,0
23,-204,0
12,-208,0
-6,-201,0
-2,-199,0
0,-200,0
-17,-195,0
11,-207,0
-22,-201,0
6,-231,0
2,-206,0
-12,-207,0
5,-204,0
1,-223,0
-5,-189,0
13,-194,0
2,-225,0
25,-210,0
9,-210,0
-22,-215,0
-1,-210,0
-9,-199,0
6,-204,0
-9,-211,0
16,-220,0
-4,-190,0
-16,-217,0
-18,-208,0
12,-194,0
-8,-199,0
20,-214,0
-22,-206,0
-20,-215,0
9,-223,0
5,-212,0
-22,-202,0
-1,-191,0
21,-199,0
24,-207,0
25,-210,0
11,-205,0
-10,-210,0
22,-200,0
-22,-203,0
-18,-193,0
15,-224,0
-16,-195,0
4,-225,0
0,-204,0
16,-221,0
-12,-223,0
-13,-192,0
-11,-206,0
-13,-198,0
-13,-215,0
-14,-199,0
2,-219,0
-3,-202,0
-14,-207,0
9,-194,0
-12,-219,0
-5,-223,0
4,-190,0
-19,-212,0
13,-229,0
-10,-193,0
-10,-206,0
0,-194,0
15,-216,0
-18,-221,0
20,-203,0
-2,-223,0
4,-232,0
21,-216,0
11,-197,0
14,-218,0
-4,-190,0
-16,-222,0
-21,-202,0
6,-211,0
-23,-218,0
194,90,1
195,112,1
158,104,1
193,95,1
178,126,1
169,93,1
164,99,1
164,91,1
173,84,1
190,96,1
205,99,1
195,116,1
200,98,1
164,115,1
195,126,1
182,110,1
178,119,1
192,97,1
157,107,1
174,127,1
171,116,1
202,99,1
205,103,1
173,90,1
196,121,1
181,82,1
172,123,1
202,101,1
173,114,1
169,105,1
161,97,1
197,93,1
185,107,1
190,90,1
167,113,1
169,103,1
201,116,1
186,99,1
206,106,1
201,99,1
192,105,1
187,116,1
198,121,1
174,97,1
177,121,1
201,102,1
173,90,1
173,87,1
189,101,1
189,91,1
160,111,1
167,108,1
206,100,1
163,101,1
165,111,1
191,95,1
188,90,1
181,87,1
206,105,1
187,123,1
183,82,1
197,86,1
198,104,1
201,100,1
173,83,1
199,94,1
198,100,1
171,115,1
167,115,1
177,120,1
171,88,1
187,123,1
188,82,1
203,101,1
187,123,1
178,98,1
195,99,1
182,94,1
177,102,1
174,82,1
174,125,1
172,86,1
172,108,1
196,95,1
168,115,1
190,106,1
171,97,1
162,107,1
198,122,1
175,110,1
163,109,1
200,89,1
185,116,1
165,88,1
204,110,1
190,128,1
195,101,1
179,125,1
192,103,1
185,126,1
206,100,1
186,81,1
183,93,1
202,99,1
169,115,1
175,123,1
196,121,1
158,99,1
173,92,1
180,98,1
161,100,1
187,100,1
183,116,1
198,89,1
172,85,1
192,99,1
181,96,1
191,107,1
174,94,1
165,93,1
163,97,1
198,123,1
171,88,1
195,93,1
174,115,1
196,124,1
165,100,1
188,86,1
167,109,1
189,102,1
186,113,1
165,112,1
187,127,1
181,89,1
185,126,1
161,118,1
203,112,1
166,101,1
182,82,1
164,91,1
190,87,1
172,112,1
178,81,1
176,124,1
187,82,1
187,113,1
198,118,1
172,126,1
184,98,1
168,112,1
196,115,1
166,111,1
199,110,1
192,124,1
174,114,1
196,119,1
160,95,1
204,98,1
197,118,1
188,127,1
197,107,1
174,122,1
169,110,1
197,107,1
180,97,1
199,113,1
198,114,1
159,113,1
195,99,1
202,109,1
165,91,1
164,98,1
206,101,1
184,115,1
176,92,1
177,85,1
198,92,1
189,126,1
191,97,1
188,83,1
183,100,1
194,96,1
195,93,1
199,92,1
165,94,1
202,106,1
179,104,1
201,89,1
175,99,1
196,101,1
186,127,1
191,109,1
185,89,1
170,117,1
166,104,1
186,92,1
182,106,1
187,107,1
179,129,1
175,107,1
173,95,1
199,104,1
194,89,1
179,82,1
197,115,1
165,117,1
197,118,1
182,104,1
169,97,1
167,111,1
162,106,1
182,119,1
198,89,1
197,87,1
177,117,1
159,110,1
165,112,1
196,102,1
178,102,1
166,122,1
192,127,1
179,90,1
181,123,1
165,88,1
184,106,1
177,99,1
190,120,1
173,103,1
193,90,1
175,93,1
162,107,1
174,106,1
197,111,1
184,121,1
165,106,1
173,121,1
185,100,1
161,104,1
172,86,1
181,122,1
158,109,1
182,98,1
184,105,1
181,124,1
194,118,1
191,128,1
191,115,1
159,115,1
199,122,1
159,112,1
188,112,1
169,94,1
167,97,1
186,114,1
177,86,1
163,93,1
188,86,1
179,100,1
166,91,1
183,108,1
195,124,1
190,122,1
186,85,1
183,90,1
162,111,1
172,87,1
174,111,1
196,104,1
183,117,1
193,96,1
196,94,1
171,110,1
164,88,1
200,96,1
165,109,1
172,106,1
188,87,1
185,90,1
194,85,1
186,114,1
171,111,1
189,110,1
162,117,1
173,83,1
199,95,1
202,93,1
169,101,1
182,91,1
176,114,1
182,96,1
162,120,1
187,96,1
179,83,1
196,97,1
198,98,1
162,112,1
175,116,1
176,128,1
171,98,1
185,109,1
188,109,1
202,101,1
180,127,1
188,98,1
177,122,1
195,100,1
164,94,1
184,125,1
199,87,1
170,113,1
174,93,1
158,98,1
179,105,1
190,114,1
172,125,1
194,86,1
169,90,1
196,92,1
162,113,1
192,84,1
197,107,1
184,96,1
196,124,1
171,120,1
202,105,1
194,108,1
203,102,1
177,114,1
188,113,1
182,124,1
192,107,1
190,103,1
195,97,1
-168,123,1
-190,91,1
-181,83,1
-175,81,1
-188,109,1
-159,112,1
-187,90,1
-169,112,1
-187,102,1
-171,122,1
-177,111,1
-182,90,1
-179,97,1
-168,95,1
-179,95,1
-160,100,1
-190,108,1
-160,96,1
-205,110,1
-185,115,1
-167,107,1
-174,87,1
-171,89,1
-170,95,1
-185,90,1
-204,100,1
-177,127,1
-187,115,1
-183,97,1
-184,126,1
-190,91,1
-191,111,1
-176,102,1
-192,83,1
-178,103,1
-182,125,1
-197,91,1
-173,111,1
-197,90,1
-174,124,1
-184,127,1
-178,89,1
-204,109,1
-172,112,1
-203,109,1
-185,129,1
-188,124,1
-187,122,1
-187,119,1
-186,89,1
-177,106,1
-168,114,1
-197,119,1
-193,90,1
-201,110,1
-203,108,1
-187,91,1
-186,110,1
-179,125,1
-185,112,1
-163,93,1
-205,102,1
-185,114,1
-169,114,1
-187,100,1
-193,104,1
-184,105,1
-194,122,1
-180,99,1
-177,103,1
-205,111,1
-201,97,1
-192,92,1
-187,89,1
-186,119,1
-166,100,1
-162,120,1
-195,104,1
-177,104,1
-196,85,1
-165,87,1
-172,107,1
-171,125,1
-191,96,1
-186,106,1
-168,112,1
-171,100,1
-196,113,1
-176,120,1
-188,115,1
-177,114,1
-159,97,1
-181,118,1
-191,123,1
-163,109,1
-173,118,1
-176,82,1
-157,107,1
-189,96,1
-186,87,1
-175,129,1
-189,82,1
-183,125,1
-205,110,1
-190,94,1
-175,107,1
-169,101,1
-181,122,1
-163,99,1
-176,113,1
-168,104,1
-187,96,1
-160,108,1
-169,116,1
-189,82,1
-161,107,1
-157,104,1
-196,103,1
-186,112,1
-177,106,1
-168,117,1
-184,105,1
-188,118,1
-172,116,1
-190,118,1
-176,82,1
-175,98,1
-168,87,1
-189,110,1
-189,85,1
-173,118,1
-193,115,1
-161,94,1
-188,113,1
-183,121,1
-197,124,1
-173,83,1
-182,129,1
-178,83,1
-206,100,1
-184,113,1
-203,104,1
-204,107,1
-188,121,1
-162,104,1
-184,86,1
-169,93,1
-189,84,1
-180,101,1
-172,109,1
-195,94,1
-175,105,1
-159,113,1
-175,124,1
-194,98,1
-184,96,1
-174,87,1
-171,105,1
-165,108,1
-160,105,1
-182,118,1
-177,82,1
-197,114,1
-164,119,1
-160,108,1
-196,122,1
-191,116,1
-200,115,1
-174,125,1
-183,106,1
-160,112,1
-197,89,1
-165,91,1
-195,104,1
-193,109,1
-172,84,1
-177,112,1
-173,93,1
-186,101,1
-179,117,1
-165,95,1
-191,128,1
-175,98,1
-202,104,1
-161,117,1
-205,113,1
-175,109,1
-167,106,1
-188,93,1
-173,102,1
-168,121,1
-175,93,1
-160,108,1
-164,92,1
-171,93,1
-166,121,1
-176,102,1
-163,116,1
-179,103,1
-192,122,1
-180,118,1
-173,91,1
-163,91,1
-183,101,1
-187,110,1
-194,90,1
-194,124,1
-170,110,1
-165,102,1
-168,120,1
-205,106,1
-182,105,1
-176,90,1
-166,107,1
-190,125,1
-188,127,1
-178,92,1
-159,103,1
-172,110,1
-178,96,1
-188,93,1
-173,107,1
-159,97,1
-173,127,1
-160,101,1
-165,93,1
-169,119,1
-201,93,1
-183,127,1
-194,113,1
-186,122,1
-169,96,1
-190,99,1
-198,123,1
-172,98,1
-180,85,1
-194,100,1
-169,91,1
-178,86,1
-185,113,1
-165,101,1
-170,117,1
-179,125,1
-163,95,1
-199,123,1
-191,107,1
-179,105,1
-204,106,1
-174,84,1
-195,125,1
-176,109,1
-204,95,1
-187,85,1
-182,88,1
-196,108,1
-188,122,1
-164,92,1
-199,102,1
-196,104,1
-192,120,1
-159,100,1
-185,123,1
-172,116,1
-178,122,1
-172,118,1
-187,84,1
-168,105,1
-160,94,1
-186,126,1
-174,97,1
-172,108,1
-189,99,1
-167,99,1
-175,114,1
-164,114,1
-183,92,1
-171,110,1
-186,107,1
-183,105,1
-198,108,1
-189,88,1
-198,108,1
-185,116,1
-189,87,1
-182,94,1
-165,95,1
-202,119,1
-185,106,1
-174,93,1
-187,92,1
-205,99,1
-194,104,1
-201,115,1
-172,96,1
-206,106,1
-171,95,1
-191,83,1
-200,119,1
-192,108,1
-162,100,1
-183,106,1
-202,112,1
-193,108,1
-174,117,1
-185,129,1
-192,113,1
-161,104,1
-179,94,1
-188,112,1
-204,98,1
-191,104,1
-165,100,1
-189,128,1
-187,117,1
-173,87,1
-168,89,1
-169,94,1
-167,86,1
-187,109,1
-187,87,1
-177,103,1
-164,93,1
-177,121,1
-180,102,1
-192,118,1
-180,87,1
-185,128,1
-196,108,1
-184,91,1
-201,109,1
-187,124,1
-166,90,1
-186,125,1
