9,-233,0
24,-210,0
16,-205,0
19,-220,0
-4,-212,0
-4,-198,0
3,-193,0
-11,-224,0
12,-226,0
-4,-198,0
-3,-195,0
7,-193,0
-2,-233,0
-3,-203,0
-16,-204,0
-3,-215,0
-9,-191,0
-4,-194,0
-9,-209,0
-15,-196,0
7,-215,0
7,-194,0
14,-221,0
3,-200,0
19,-204,0
8,-212,0
-19,-214,0
2,-224,0
-19,-209,0
5,-195,0
6,-205,0
-14,-226,0
7,-194,0
-13,-200,0
-6,-212,0
2,-210,0
16,-217,0
-3,-214,0
18,-219,0
-11,-228,0
7,-203,0
16,-229,0
8,-222,0
22,-203,0
21,-200,0
22,-217,0
-12,-208,0
-4,-204,0
1,-215,0
-1,-193,0
21,-204,0
-15,-190,0
9,-194,0
9,-208,0
1,-189,0
-11,-226,0
14,-201,0
4,-191,0
18,-200,0
9,-203,0
-14,-224,0
-7,-205,0
18,-222,0
11,-203,0
-3,-192,0
5,-190,0
5,-203,0
16,-191,0
8,-198,0
9,-210,0
19,-199,0
-17,-221,0
1,-228,0
24,-203,0
18,-215,0
-2,-190,0
-18,-197,0
12,-208,0
16,-197,0
-9,-199,0
5,-213,0
-7,-212,0
18,-203,0
11,-194,0
-6,-209,0
1,-222,0
-4,-190,0
13,-207,0
6,-195,0
17,-204,0
18,-207,0
19,-202,0
-5,-217,0
-18,-196,0
7,-192,0
-2,-218,0
15,-197,0
-19,-222,0
2,-197,0
19,-223,0
-4,-195,0
18,-206,0
-8,-187,0
1,-198,0
11,-229,0
0,-193,0
-15,-222,0
-1,-195,0
-3,-206,0
-19,-216,0
-3,-208,0
0,-197,0
10,-211,0
-1,-186,0
10,-220,0
15,-211,0
-4,-187,0
9,-196,0
-14,-217,0
-15,-194,0
-17,-220,0
2,-187,0
-14,-196,0
-19,-223,0
-4,-199,0
16,-220,0
-8,-207,0
16,-194,0
19,-207,0
-4,-189,0
1,-222,0
2,-219,0
10,-209,0
-11,-207,0
-9,-197,0
-9,-192,0
-4,-205,0
-1,-190,0
-14,-207,0
-21,-213,0
7,-234,0
22,-217,0
-2,-206,0
3,-205,0
-23,-204,0
4,-224,0
8,-203,0
17,-201,0
-20,-200,0
-20,-219,0
7,-223,0
-15,-194,0
-7,-202,0
-17,-200,0
6,-202,0
-11,-197,0
-9,-209,0
-4,-228,0
1,-199,0
4,-214,0
-6,-190,0
0,-200,0
9,-220,0
-11,-227,0
-19,-215,0
20,-207,0
-9,-204,0
18,-222,0
-9,-212,0
2,-191,0
8,-196,0
9,-225,0
6,-198,0
11,-191,0
-13,-216,0
7,-202,0
-20,-203,0
-16,-208,0
-8,-193,0
-9,-232,0
-5,-213,0
-5,-228,0
20,-224,0
-2,-204,0
-2,-229,0
16,-195,0
17,-195,0
3,-223,0
-16,-191,0
-2,-216,0
19,-194,0
-21,-199,0
18,-205,0
-1,-221,0
6,-227,0
1,-227,0
-17,-217,0
-10,-190,0
13,-202,0
-17,-218,0
18,-205,0
-7,-234,0
6,-190,0
-5,-202,0
-6,-193,0
8,-232,0
5,-196,0
3,-195,0
7,-186,0
-15,-202,0
-15,-213,0
15,-198,0
0,-216,0
-9,-189,0
-18,-224,0
-5,-226,0
11,-193,0
14,-196,0
20,-209,0
5,-193,0
-17,-203,0
5,-233,0
5,-221,0
-14,-221,0
-13,-199,0
4,-191,0
-5,-186,0
-18,-220,0
7,-191,0
-7,-234,0
-4,-208,0
2,-230,0
11,-209,0
14,-215,0
-8,-233,0
-13,-196,0
-19,-221,0
12,-202,0
-15,-204,0
-12,-195,0
11,-190,0
3,-186,0
5,-192,0
12,-220,0
19,-226,0
-13,-222,0
16,-192,0
8,-207,0
12,-211,0
8,-213,0
-9,-191,0
11,-225,0
0,-213,0
16,-220,0
19,-198,0
22,-209,0
-18,-211,0
-14,-215,0
13,-190,0
13,-227,0
0,-206,0
-14,-196,0
-6,-188,0
10,-204,0
11,-189,0
16,-212,0
-5,-208,0
-6,-209,0
-11,-211,0
0,-229,0
-23,-218,0
13,-227,0
-1,-217,0
1,-208,0
-13,-205,0
-4,-219,0
6,-205,0
21,-199,0
-2,-229,0
19,-200,0
10,-201,0
-4,-208,0
22,-219,0
-20,-218,0
-3,-194,0
9,-215,0
3,-218,0
9,-194,0
0,-220,0
-13,-223,0
-9,-197,0
7,-192,0
7,-221,0
10,-194,0
-12,-216,0
-10,-209,0
9,-222,0
11,-219,0
19,-199,0
-6,-224,0
9,-207,0
1,-204,0
6,-206,0
0,-199,0
-12,-222,0
-14,-219,0
5,-201,0
9,-188,0
14,-221,0
14,-200,0
-20,-220,0
-10,-222,0
14,-204,0
5,-221,0
9,-232,0
-11,-223,0
7,-190,0
8,-200,0
18,-226,0
-15,-190,0
5,-202,0
-4,-212,0
5,-212,0
-21,-200,0
-12,-197,0
-17,-217,0
20,-220,0
-10,-221,0
-22,-217,0
-5,-220,0
-18,-226,0
-14,-192,0
16,-226,0
177,91,1
180,107,1
176,94,1
181,110,1
190,90,1
181,102,1
181,129,1
203,113,1
177,122,1
170,97,1
197,117,1
160,115,1
187,102,1
185,116,1
192,119,1
168,124,1
172,96,1
174,90,1
181,113,1
203,94,1
186,119,1
190,104,1
181,120,1
195,121,1
184,128,1
184,105,1
197,117,1
205,108,1
191,111,1
159,114,1
183,93,1
196,89,1
158,111,1
195,108,1
201,121,1
194,106,1
173,94,1
162,101,1
171,102,1
176,126,1
171,126,1
180,114,1
170,125,1
163,103,1
181,99,1
184,100,1
175,108,1
164,103,1
174,120,1
172,101,1
182,125,1
175,113,1
167,99,1
187,82,1
174,105,1
184,107,1
192,113,1
189,115,1
167,95,1
195,126,1
170,87,1
167,90,1
187,81,1
180,102,1
163,97,1
181,86,1
171,122,1
186,114,1
176,89,1
183,123,1
175,104,1
200,92,1
167,110,1
179,126,1
182,84,1
170,95,1
162,99,1
176,107,1
189,98,1
178,104,1
191,116,1
199,110,1
178,103,1
174,108,1
158,101,1
189,83,1
169,106,1
183,90,1
164,113,1
195,126,1
159,97,1
198,87,1
205,100,1
195,124,1
184,101,1
181,124,1
171,99,1
179,125,1
161,100,1
167,119,1
164,117,1
175,96,1
169,108,1
198,107,1
172,87,1
171,96,1
163,121,1
186,112,1
180,109,1
164,99,1
175,126,1
179,94,1
175,110,1
170,96,1
182,87,1
188,86,1
203,96,1
190,90,1
181,88,1
206,108,1
169,84,1
179,112,1
186,91,1
174,117,1
184,121,1
189,97,1
173,110,1
167,107,1
198,93,1
165,123,1
161,106,1
177,107,1
189,96,1
175,81,1
168,88,1
166,98,1
183,98,1
173,95,1
162,107,1
180,84,1
179,127,1
161,108,1
197,122,1
195,118,1
168,91,1
187,99,1
173,101,1
195,84,1
167,90,1
173,121,1
182,119,1
165,90,1
157,104,1
181,116,1
198,109,1
162,98,1
175,120,1
163,106,1
180,121,1
189,96,1
192,95,1
197,106,1
194,123,1
194,95,1
178,100,1
183,119,1
195,110,1
196,86,1
162,96,1
176,106,1
177,112,1
169,85,1
186,99,1
180,104,1
175,90,1
169,96,1
183,84,1
205,112,1
202,92,1
162,118,1
178,111,1
193,113,1
201,91,1
185,106,1
196,125,1
163,96,1
187,115,1
182,91,1
197,102,1
194,92,1
170,113,1
190,116,1
195,123,1
188,84,1
161,104,1
195,106,1
184,95,1
170,121,1
194,104,1
183,126,1
206,101,1
191,85,1
188,85,1
183,97,1
175,98,1
189,93,1
185,94,1
173,82,1
172,100,1
172,115,1
197,108,1
194,106,1
186,95,1
185,103,1
169,99,1
201,93,1
188,111,1
183,127,1
159,115,1
187,126,1
206,102,1
178,91,1
184,86,1
198,99,1
191,100,1
177,98,1
166,98,1
170,87,1
200,117,1
187,123,1
189,109,1
194,88,1
172,88,1
174,125,1
188,90,1
183,101,1
184,129,1
174,99,1
196,92,1
194,125,1
199,89,1
183,97,1
170,103,1
167,101,1
170,88,1
174,88,1
175,82,1
158,110,1
176,118,1
183,120,1
193,114,1
189,94,1
189,123,1
198,101,1
172,105,1
171,121,1
171,108,1
182,125,1
160,117,1
200,89,1
192,102,1
189,99,1
196,85,1
191,102,1
198,89,1
176,111,1
199,92,1
174,120,1
192,109,1
169,112,1
178,82,1
199,107,1
192,127,1
190,83,1
198,101,1
164,94,1
190,103,1
177,95,1
196,108,1
180,121,1
171,101,1
177,103,1
169,123,1
177,115,1
172,87,1
194,90,1
194,84,1
167,104,1
196,85,1
198,98,1
184,128,1
200,112,1
161,106,1
162,92,1
190,102,1
168,118,1
173,112,1
159,115,1
185,120,1
162,101,1
191,89,1
179,99,1
200,110,1
172,95,1
163,119,1
186,107,1
200,100,1
179,95,1
188,118,1
187,102,1
192,104,1
173,116,1
178,102,1
189,114,1
174,98,1
204,110,1
200,122,1
181,91,1
168,107,1
172,119,1
170,89,1
198,121,1
206,110,1
169,118,1
166,110,1
195,116,1
181,114,1
170,115,1
199,109,1
169,108,1
171,96,1
172,119,1
175,95,1
-160,107,1
-160,111,1
-175,93,1
-181,94,1
-174,119,1
-168,86,1
-171,124,1
-206,106,1
-195,92,1
-199,113,1
-195,85,1
-179,102,1
-193,114,1
-194,89,1
-190,99,1
-164,117,1
-165,110,1
-182,96,1
-195,112,1
-201,99,1
-181,102,1
-168,116,1
-193,108,1
-193,94,1
-181,93,1
-187,107,1
-173,111,1
-180,84,1
-193,114,1
-185,92,1
-172,85,1
-163,102,1
-200,120,1
-186,92,1
-167,114,1
-204,101,1
-179,82,1
-182,115,1
-172,110,1
-183,96,1
-204,109,1
-177,89,1
-178,112,1
-192,96,1
-186,129,1
-205,106,1
-202,104,1
-192,105,1
-192,95,1
-182,94,1
-178,96,1
-189,96,1
-177,126,1
-196,115,1
-185,83,1
-192,114,1
-193,88,1
-173,104,1
-177,110,1
-187,126,1
-166,122,1
-196,100,1
-179,85,1
-178,109,1
-202,109,1
-166,120,1
-181,112,1
-169,120,1
-162,102,1
-192,89,1
-201,94,1
-182,82,1
-176,124,1
-176,118,1
-165,91,1
-180,91,1
-188,124,1
-188,128,1
-192,106,1
-194,113,1
-170,117,1
-170,125,1
-180,89,1
-188,95,1
-163,113,1
-186,115,1
-181,89,1
-166,87,1
-159,98,1
-172,100,1
-175,107,1
-167,116,1
-172,117,1
-166,95,1
-187,114,1
-204,102,1
-166,123,1
-201,106,1
-173,110,1
-191,90,1
-175,110,1
-177,125,1
-197,99,1
-204,96,1
-191,101,1
-193,92,1
-179,92,1
-188,110,1
-188,92,1
-188,86,1
-177,129,1
-165,90,1
-164,117,1
-179,81,1
-162,92,1
-161,108,1
-200,119,1
-185,121,1
-174,127,1
-190,112,1
-198,123,1
-162,101,1
-197,124,1
-188,118,1
-185,115,1
-175,122,1
-190,113,1
-183,105,1
-180,88,1
-201,103,1
-165,108,1
-179,118,1
-183,95,1
-179,116,1
-161,93,1
-197,115,1
-203,103,1
-176,126,1
-204,114,1
-176,107,1
-161,103,1
-199,92,1
-168,96,1
-172,119,1
-187,92,1
-179,119,1
-193,127,1
-190,98,1
-172,104,1
-189,86,1
-167,120,1
-187,119,1
-180,104,1
-178,102,1
-184,102,1
-157,103,1
-176,101,1
-181,91,1
-182,88,1
-172,102,1
-187,103,1
-186,123,1
-200,118,1
-168,109,1
-188,85,1
-180,113,1
-169,103,1
-164,93,1
-162,97,1
-203,97,1
-166,122,1
-196,86,1
-167,111,1
-173,99,1
-179,87,1
-190,124,1
-163,114,1
-175,81,1
-199,123,1
-198,120,1
-202,93,1
-199,122,1
-172,101,1
-196,103,1
-173,96,1
-164,104,1
-193,114,1
-193,122,1
-205,108,1
-164,96,1
-175,126,1
-201,103,1
-179,112,1
-185,89,1
-173,117,1
-172,127,1
-198,97,1
-172,118,1
-187,128,1
-204,110,1
-176,108,1
-164,101,1
-192,103,1
-189,113,1
-189,88,1
-201,99,1
-167,114,1
-157,105,1
-195,95,1
-191,85,1
-170,116,1
-159,107,1
-166,105,1
-161,95,1
-187,121,1
-182,104,1
-202,105,1
-177,127,1
-182,115,1
-184,113,1
-183,125,1
-192,83,1
-167,123,1
-170,113,1
-176,95,1
-187,112,1
-201,104,1
-180,112,1
-165,92,1
-201,119,1
-195,125,1
-176,109,1
-203,115,1
-189,115,1
-180,102,1
-187,92,1
-199,118,1
-202,102,1
-182,86,1
-196,90,1
-160,114,1
-174,98,1
-170,93,1
-187,96,1
-167,93,1
-178,126,1
-168,95,1
-174,99,1
-195,97,1
-179,104,1
-189,110,1
-186,99,1
-187,119,1
-190,107,1
-174,119,1
-189,90,1
-169,121,1
-159,113,1
-196,119,1
-193,112,1
-179,88,1
-202,106,1
-205,113,1
-195,124,1
-202,108,1
-195,89,1
-169,97,1
-171,105,1
-163,91,1
-197,118,1
-194,103,1
-188,109,1
-183,129,1
-183,82,1
-191,98,1
-187,111,1
-201,92,1
-199,105,1
-187,101,1
-164,101,1
-186,119,1
-173,103,1
-171,89,1
-166,116,1
-185,81,1
-178,88,1
-175,122,1
-179,113,1
-191,89,1
-164,95,1
-190,86,1
-183,120,1
-189,92,1
-178,118,1
-174,99,1
-180,127,1
-166,111,1
-176,90,1
-195,119,1
-187,83,1
-190,114,1
-201,119,1
-178,125,1
-177,116,1
-184,113,1
-166,90,1
-162,100,1
-194,84,1
-185,107,1
-167,122,1
-173,121,1
-167,109,1
-170,84,1
-181,117,1
-194,97,1
-202,100,1
-200,103,1
-191,85,1
-179,105,1
-160,97,1
-167,115,1
-181,123,1
-201,103,1
-182,120,1
-201,119,1
-160,97,1
-191,91,1
-192,113,1
-202,112,1
-174,97,1
-181,107,1
-165,106,1
-169,94,1
