-3,-200,0
-1,-191,0
-18,-185,0
10,-197,0
9,-221,0
-7,-202,0
1,-212,0
-14,-197,0
-22,-201,0
-9,-216,0
-4,-201,0
12,-202,0
6,-176,0
-20,-201,0
-21,-203,0
3,-186,0
-22,-201,0
-21,-187,0
11,-198,0
-3,-196,0
16,-202,0
-21,-196,0
-6,-219,0
21,-212,0
10,-190,0
-2,-224,0
-9,-220,0
-17,-215,0
-21,-202,0
7,-181,0
21,-208,0
15,-187,0
-4,-178,0
12,-221,0
5,-199,0
-17,-198,0
15,-188,0
0,-186,0
22,-204,0
-4,-220,0
-11,-185,0
-6,-187,0
22,-190,0
-19,-189,0
19,-191,0
10,-180,0
-5,-186,0
24,-207,0
-15,-217,0
7,-183,0
11,-215,0
-4,-202,0
-19,-195,0
-17,-212,0
7,-203,0
14,-204,0
-14,-208,0
18,-194,0
-17,-207,0
0,-191,0
-4,-215,0
-10,-203,0
-21,-207,0
-3,-207,0
-19,-207,0
13,-194,0
6,-178,0
6,-201,0
-17,-201,0
15,-215,0
2,-202,0
-11,-186,0
6,-190,0
10,-210,0
7,-183,0
12,-179,0
-2,-199,0
19,-192,0
16,-209,0
-16,-198,0
24,-193,0
4,-177,0
3,-197,0
-24,-193,0
9,-215,0
-5,-188,0
-21,-195,0
-17,-198,0
0,-186,0
7,-222,0
-4,-217,0
-17,-186,0
-8,-191,0
0,-181,0
-10,-189,0
-4,-199,0
16,-210,0
4,-184,0
24,-193,0
15,-215,0
0,-217,0
-13,-180,0
17,-202,0
-1,-222,0
-10,-200,0
-5,-212,0
-14,-182,0
-15,-188,0
16,-215,0
-21,-195,0
-16,-202,0
22,-193,0
20,-203,0
-4,-215,0
18,-206,0
4,-197,0
0,-186,0
6,-177,0
-7,-204,0
-8,-219,0
1,-191,0
-3,-177,0
-4,-220,0
7,-180,0
-18,-212,0
-19,-213,0
-2,-205,0
-13,-198,0
13,-203,0
10,-178,0
10,-210,0
-3,-201,0
12,-195,0
-2,-195,0
-13,-179,0
-17,-210,0
6,-221,0
-9,-209,0
-14,-206,0
16,-214,0
9,-197,0
-18,-215,0
-16,-198,0
17,-203,0
15,-220,0
12,-208,0
16,-190,0
-23,-204,0
-9,-192,0
13,-201,0
-16,-201,0
16,-208,0
-24,-197,0
22,-205,0
1,-218,0
2,-179,0
-8,-208,0
1,-190,0
-6,-191,0
25,-200,0
-4,-218,0
-23,-204,0
-20,-201,0
-9,-211,0
4,-202,0
-5,-223,0
8,-217,0
3,-198,0
-11,-196,0
-1,-179,0
-21,-188,0
-9,-190,0
15,-199,0
-3,-176,0
-3,-199,0
8,-181,0
-7,-217,0
-7,-180,0
4,-212,0
-2,-202,0
7,-204,0
-19,-213,0
-3,-220,0
20,-189,0
16,-214,0
-22,-197,0
24,-197,0
5,-224,0
0,-187,0
19,-213,0
-1,-214,0
18,-206,0
-22,-209,0
-2,-192,0
-1,-205,0
-21,-209,0
-3,-222,0
-1,-210,0
-6,-206,0
11,-191,0
4,-210,0
7,-182,0
15,-209,0
0,-201,0
-6,-179,0
-5,-204,0
20,-192,0
-1,-200,0
16,-191,0
13,-205,0
4,-201,0
-6,-221,0
6,-208,0
4,-213,0
18,-191,0
1,-185,0
24,-205,0
8,-191,0
-9,-190,0
20,-207,0
11,-185,0
-12,-209,0
4,-213,0
21,-202,0
-5,-211,0
5,-202,0
6,-191,0
-8,-184,0
20,-194,0
-5,-188,0
7,-178,0
19,-184,0
2,-177,0
-2,-206,0
-8,-209,0
-1,-200,0
12,-212,0
-24,-202,0
18,-209,0
1,-213,0
-3,-188,0
8,-188,0
16,-185,0
-8,-201,0
-22,-201,0
5,-199,0
-13,-190,0
-12,-192,0
7,-213,0
-7,-193,0
8,-184,0
17,-217,0
13,-189,0
0,-180,0
8,-190,0
-20,-186,0
-2,-217,0
-12,-214,0
-11,-192,0
-13,-191,0
-15,-220,0
-11,-188,0
-5,-202,0
-6,-187,0
-21,-200,0
21,-187,0
6,-182,0
-5,-190,0
23,-208,0
1,-184,0
23,-201,0
14,-188,0
0,-184,0
2,-214,0
-3,-187,0
7,-197,0
-23,-191,0
-4,-206,0
1,-202,0
24,-206,0
18,-191,0
-5,-190,0
-12,-191,0
-17,-191,0
-3,-212,0
3,-187,0
10,-205,0
22,-189,0
5,-221,0
-7,-217,0
-8,-185,0
14,-214,0
-8,-192,0
7,-186,0
10,-218,0
-2,-223,0
-11,-211,0
-13,-185,0
-1,-190,0
4,-215,0
4,-186,0
-15,-212,0
-8,-187,0
-12,-217,0
-8,-223,0
5,-202,0
-17,-201,0
-5,-177,0
-15,-197,0
7,-182,0
15,-219,0
-8,-206,0
24,-200,0
19,-192,0
-4,-223,0
10,-197,0
20,-186,0
-16,-183,0
6,-187,0
0,-213,0
-13,-198,0
-11,-210,0
-13,-213,0
11,-209,0
16,-210,0
20,-194,0
12,-193,0
16,-207,0
-10,-183,0
-17,-203,0
-15,-187,0
-5,-207,0
-5,-190,0
174,124,1
172,91,1
197,107,1
178,86,1
186,87,1
172,87,1
192,105,1
171,79,1
189,119,1
164,88,1
187,108,1
161,83,1
184,117,1
189,100,1
173,115,1
163,105,1
164,90,1
191,105,1
177,112,1
158,99,1
159,88,1
173,120,1
182,100,1
188,108,1
167,124,1
161,92,1
175,110,1
164,116,1
168,92,1
153,94,1
185,107,1
163,106,1
160,113,1
151,90,1
160,99,1
169,92,1
172,100,1
160,102,1
187,102,1
159,93,1
165,85,1
160,89,1
181,107,1
189,112,1
150,93,1
171,92,1
191,104,1
167,114,1
186,93,1
153,89,1
175,124,1
178,93,1
184,98,1
156,102,1
183,117,1
164,81,1
173,108,1
165,117,1
176,116,1
162,113,1
188,100,1
162,88,1
180,119,1
185,100,1
165,80,1
181,112,1
169,92,1
160,120,1
188,91,1
149,100,1
162,81,1
194,103,1
168,116,1
167,95,1
166,78,1
183,83,1
187,92,1
175,85,1
161,112,1
167,85,1
154,86,1
193,88,1
170,106,1
171,97,1
172,81,1
174,85,1
178,82,1
165,90,1
153,94,1
173,83,1
184,103,1
185,113,1
179,124,1
161,111,1
174,103,1
157,82,1
185,110,1
175,115,1
177,88,1
172,104,1
155,98,1
196,97,1
181,92,1
158,93,1
193,98,1
173,86,1
190,114,1
170,102,1
170,114,1
196,103,1
177,84,1
184,121,1
170,115,1
170,113,1
180,109,1
165,115,1
173,85,1
176,118,1
177,90,1
160,102,1
187,113,1
186,85,1
185,112,1
192,107,1
176,111,1
185,85,1
186,108,1
157,83,1
192,96,1
156,112,1
176,83,1
164,84,1
155,89,1
166,102,1
165,116,1
185,111,1
170,83,1
182,113,1
185,104,1
161,116,1
185,93,1
192,92,1
180,81,1
155,87,1
191,116,1
161,79,1
183,89,1
168,103,1
163,94,1
158,83,1
191,84,1
189,109,1
165,93,1
171,95,1
152,113,1
166,102,1
188,92,1
167,82,1
184,80,1
192,91,1
171,78,1
155,96,1
176,118,1
176,112,1
174,103,1
186,97,1
196,106,1
195,102,1
177,103,1
176,110,1
191,114,1
187,86,1
196,95,1
171,119,1
184,79,1
194,98,1
160,80,1
185,107,1
163,81,1
168,99,1
174,78,1
156,89,1
162,109,1
157,89,1
160,101,1
188,99,1
182,111,1
172,123,1
171,81,1
172,85,1
167,95,1
179,113,1
153,92,1
158,98,1
167,105,1
184,85,1
163,101,1
180,101,1
178,76,1
193,104,1
177,89,1
187,119,1
191,104,1
191,85,1
170,112,1
182,104,1
167,76,1
156,106,1
192,91,1
174,101,1
169,93,1
167,102,1
189,108,1
167,109,1
186,115,1
192,112,1
175,114,1
164,82,1
164,113,1
188,89,1
181,101,1
185,86,1
191,116,1
171,76,1
166,116,1
185,105,1
170,123,1
157,96,1
166,113,1
176,98,1
173,109,1
157,106,1
156,91,1
176,104,1
156,98,1
187,91,1
173,118,1
185,103,1
169,96,1
153,91,1
157,112,1
156,103,1
188,83,1
176,85,1
178,78,1
152,94,1
175,111,1
156,94,1
170,118,1
182,118,1
172,89,1
165,119,1
166,102,1
162,91,1
190,117,1
185,86,1
167,81,1
170,83,1
173,93,1
178,94,1
172,83,1
151,107,1
158,83,1
182,111,1
189,87,1
187,87,1
190,88,1
169,110,1
190,114,1
155,104,1
163,81,1
193,108,1
186,103,1
159,112,1
185,107,1
181,113,1
171,81,1
160,114,1
185,87,1
172,103,1
159,89,1
183,102,1
187,99,1
174,93,1
171,86,1
166,82,1
186,108,1
174,100,1
191,85,1
187,81,1
168,96,1
186,115,1
189,101,1
166,120,1
169,98,1
157,92,1
189,113,1
184,113,1
149,96,1
182,77,1
160,91,1
193,101,1
181,90,1
155,101,1
174,110,1
165,105,1
167,79,1
157,84,1
190,102,1
178,79,1
182,96,1
177,85,1
162,90,1
184,102,1
171,79,1
186,118,1
153,96,1
169,116,1
171,104,1
175,114,1
188,82,1
170,98,1
169,110,1
180,112,1
159,120,1
184,97,1
174,87,1
170,121,1
165,91,1
167,97,1
179,102,1
179,80,1
169,91,1
-161,117,1
-177,113,1
-152,95,1
-151,111,1
-171,87,1
-160,115,1
-184,98,1
-189,98,1
-174,90,1
-150,100,1
-174,96,1
-154,109,1
-165,94,1
-178,81,1
-174,101,1
-159,97,1
-180,89,1
-191,87,1
-155,105,1
-164,107,1
-174,102,1
-197,103,1
-154,104,1
-159,92,1
-182,102,1
-179,92,1
-177,93,1
-175,80,1
-182,121,1
-197,105,1
-175,118,1
-173,122,1
-154,107,1
-171,119,1
-181,97,1
-185,90,1
-197,104,1
-166,87,1
-195,104,1
-181,97,1
-186,80,1
-191,86,1
-177,78,1
-166,115,1
-181,101,1
-178,112,1
-179,90,1
-196,104,1
-179,116,1
-187,119,1
-157,110,1
-175,98,1
-182,77,1
-168,106,1
-172,80,1
-182,113,1
-172,82,1
-166,85,1
-183,86,1
-197,94,1
-181,98,1
-175,103,1
-170,105,1
-180,87,1
-193,96,1
-166,87,1
-156,97,1
-178,82,1
-162,102,1
-180,80,1
-168,82,1
-196,96,1
-161,106,1
-161,88,1
-177,101,1
-185,103,1
-191,107,1
-165,96,1
-176,96,1
-185,121,1
-166,123,1
-185,121,1
-195,95,1
-171,78,1
-173,101,1
-155,94,1
-186,97,1
-183,90,1
-188,90,1
-197,100,1
-168,117,1
-177,99,1
-182,98,1
-180,123,1
-184,103,1
-157,85,1
-153,92,1
-188,86,1
-182,100,1
-163,121,1
-189,81,1
-184,78,1
-158,82,1
-167,89,1
-181,95,1
-169,123,1
-182,84,1
-157,99,1
-175,87,1
-193,87,1
-173,93,1
-176,99,1
-189,97,1
-163,89,1
-165,89,1
-177,97,1
-178,124,1
-152,96,1
-193,102,1
-155,115,1
-166,107,1
-151,95,1
-176,76,1
-172,123,1
-163,111,1
-164,100,1
-195,90,1
-186,80,1
-173,86,1
-174,110,1
-156,97,1
-188,118,1
-171,109,1
-163,99,1
-151,99,1
-178,89,1
-194,95,1
-161,84,1
-182,92,1
-187,85,1
-178,119,1
-187,114,1
-167,117,1
-180,124,1
-152,108,1
-161,118,1
-167,81,1
-183,108,1
-155,88,1
-157,96,1
-187,119,1
-154,100,1
-193,97,1
-181,86,1
-160,120,1
-170,79,1
-158,87,1
-154,110,1
-173,107,1
-164,120,1
-156,98,1
-179,80,1
-189,88,1
-162,105,1
-160,102,1
-175,99,1
-162,122,1
-197,104,1
-187,118,1
-189,117,1
-177,86,1
-157,119,1
-172,117,1
-178,101,1
-174,108,1
-166,89,1
-164,107,1
-174,107,1
-185,118,1
-185,107,1
-164,98,1
-167,110,1
-178,122,1
-176,103,1
-176,102,1
-187,92,1
-185,113,1
-153,111,1
-171,85,1
-165,88,1
-158,118,1
-153,109,1
-166,85,1
-183,93,1
-156,109,1
-152,96,1
-185,97,1
-184,96,1
-190,94,1
-180,93,1
-154,101,1
-176,95,1
-184,102,1
-149,100,1
-154,100,1
-188,90,1
-154,105,1
-192,95,1
-178,92,1
-189,106,1
-173,122,1
-157,82,1
-195,107,1
-173,86,1
-166,103,1
-191,106,1
-180,98,1
-158,100,1
-185,94,1
-159,88,1
-164,98,1
-159,89,1
-168,83,1
-183,81,1
-167,102,1
-166,79,1
-178,122,1
-154,105,1
-180,104,1
-181,105,1
-164,116,1
-178,79,1
-157,83,1
-164,94,1
-157,118,1
-162,86,1
-162,99,1
-152,109,1
-160,107,1
-187,103,1
-168,114,1
-165,83,1
-161,81,1
-176,123,1
-166,120,1
-180,104,1
-162,94,1
-155,117,1
-182,88,1
-195,95,1
-157,104,1
-165,87,1
-164,115,1
-168,95,1
-170,96,1
-165,94,1
-176,122,1
-163,101,1
-165,88,1
-172,124,1
-179,96,1
-185,117,1
-157,111,1
-155,110,1
-197,103,1
-165,110,1
-180,78,1
-164,101,1
-175,102,1
-183,103,1
-190,83,1
-179,97,1
-186,116,1
-181,108,1
-190,96,1
-192,97,1
-177,120,1
-188,93,1
-169,90,1
-180,107,1
-170,93,1
-163,83,1
-172,91,1
-164,116,1
-182,79,1
-179,120,1
-184,96,1
-171,84,1
-185,111,1
-167,100,1
-189,84,1
-153,92,1
-191,109,1
-167,97,1
-176,83,1
-166,89,1
-192,85,1
-194,99,1
-156,114,1
-176,82,1
-163,122,1
-183,77,1
-193,95,1
-183,84,1
-189,93,1
-162,90,1
-159,98,1
-181,120,1
-179,118,1
-191,97,1
-157,106,1
-177,93,1
-179,121,1
-191,93,1
-174,117,1
-178,88,1
-195,89,1
-173,112,1
-180,120,1
-180,101,1
-175,105,1
-173,102,1
-190,104,1
-160,89,1
-159,83,1
-175,121,1
-192,96,1
-152,87,1
-195,91,1
-179,118,1
-157,99,1
-195,107,1
-170,112,1
