5,-201,0
18,-212,0
-12,-181,0
5,-186,0
12,-220,0
-10,-205,0
-13,-213,0
-13,-195,0
-16,-208,0
9,-211,0
19,-212,0
3,-220,0
4,-181,0
-8,-223,0
17,-201,0
9,-197,0
-16,-210,0
-5,-191,0
-8,-193,0
-10,-180,0
0,-200,0
7,-181,0
2,-217,0
-11,-188,0
4,-195,0
12,-200,0
8,-207,0
0,-214,0
-7,-199,0
15,-193,0
-18,-215,0
24,-201,0
-10,-222,0
-8,-219,0
8,-193,0
-11,-193,0
11,-211,0
-9,-197,0
17,-188,0
7,-177,0
-9,-188,0
-9,-183,0
19,-215,0
1,-199,0
3,-223,0
11,-185,0
7,-215,0
7,-189,0
-8,-220,0
7,-202,0
-20,-206,0
16,-205,0
-3,-218,0
-10,-179,0
20,-187,0
-17,-203,0
12,-190,0
-17,-203,0
-8,-193,0
-18,-197,0
-18,-203,0
-17,-204,0
-19,-198,0
12,-180,0
6,-221,0
-8,-195,0
-2,-218,0
16,-187,0
13,-183,0
-14,-199,0
-15,-196,0
1,-214,0
6,-181,0
-9,-213,0
0,-196,0
11,-193,0
13,-209,0
6,-200,0
4,-214,0
-1,-191,0
-2,-196,0
10,-193,0
12,-211,0
6,-178,0
-8,-208,0
16,-202,0
20,-215,0
10,-221,0
8,-216,0
-16,-207,0
-14,-214,0
15,-194,0
21,-191,0
12,-198,0
18,-185,0
-19,-216,0
7,-182,0
13,-193,0
8,-184,0
0,-185,0
16,-219,0
19,-188,0
-9,-205,0
-4,-210,0
-2,-184,0
14,-197,0
2,-194,0
-14,-188,0
-16,-189,0
-2,-190,0
-10,-214,0
15,-203,0
8,-199,0
-15,-217,0
-21,-207,0
-9,-178,0
-14,-213,0
13,-197,0
-4,-203,0
-4,-176,0
5,-210,0
-8,-217,0
2,-220,0
-11,-204,0
-2,-197,0
-12,-209,0
17,-200,0
21,-197,0
5,-198,0
-8,-195,0
8,-215,0
16,-199,0
-19,-197,0
2,-222,0
-20,-187,0
10,-216,0
8,-210,0
-2,-195,0
20,-196,0
22,-206,0
-2,-178,0
-18,-206,0
-6,-176,0
-23,-206,0
-9,-182,0
12,-190,0
-10,-208,0
-11,-179,0
21,-206,0
-11,-200,0
-14,-187,0
6,-188,0
-7,-199,0
7,-178,0
-22,-199,0
-2,-223,0
-5,-197,0
-15,-184,0
-17,-217,0
-16,-203,0
-13,-190,0
-11,-209,0
15,-208,0
-2,-214,0
-4,-220,0
8,-181,0
12,-220,0
-7,-192,0
2,-194,0
22,-197,0
-22,-194,0
12,-218,0
-19,-195,0
5,-203,0
-20,-209,0
16,-217,0
-4,-176,0
1,-208,0
4,-180,0
-14,-181,0
-16,-198,0
-11,-204,0
3,-208,0
-21,-188,0
4,-195,0
8,-183,0
-8,-206,0
-10,-184,0
21,-209,0
18,-192,0
-23,-204,0
18,-214,0
3,-216,0
16,-190,0
14,-187,0
-5,-193,0
10,-222,0
21,-193,0
12,-221,0
10,-192,0
18,-184,0
-23,-207,0
16,-185,0
-7,-186,0
13,-219,0
-16,-212,0
-1,-223,0
-15,-182,0
23,-206,0
-10,-201,0
-13,-218,0
-4,-218,0
-1,-213,0
-14,-211,0
12,-216,0
-16,-213,0
2,-189,0
-1,-217,0
-19,-186,0
-9,-219,0
-21,-188,0
-15,-187,0
-11,-221,0
-21,-209,0
-3,-177,0
-24,-197,0
-5,-183,0
-10,-217,0
18,-193,0
13,-212,0
6,-186,0
17,-194,0
14,-196,0
-14,-215,0
12,-179,0
-10,-221,0
12,-193,0
12,-180,0
9,-223,0
9,-200,0
-7,-191,0
-22,-193,0
-6,-189,0
2,-180,0
20,-189,0
15,-191,0
0,-175,0
-15,-216,0
13,-220,0
0,-194,0
16,-195,0
-13,-189,0
17,-213,0
7,-194,0
-6,-176,0
14,-185,0
6,-214,0
0,-204,0
22,-201,0
1,-215,0
0,-190,0
15,-201,0
21,-195,0
11,-205,0
-19,-215,0
-7,-224,0
14,-186,0
-1,-209,0
-6,-223,0
15,-215,0
-4,-205,0
-19,-210,0
-14,-217,0
14,-194,0
-4,-190,0
21,-205,0
14,-210,0
-18,-183,0
-8,-216,0
-4,-202,0
18,-186,0
8,-201,0
-2,-186,0
-14,-201,0
4,-179,0
-12,-215,0
7,-202,0
1,-185,0
-1,-222,0
-12,-205,0
11,-217,0
7,-185,0
1,-186,0
5,-198,0
-1,-211,0
-6,-194,0
5,-212,0
24,-196,0
-3,-192,0
-12,-213,0
0,-211,0
-6,-218,0
-4,-201,0
-4,-217,0
-13,-218,0
14,-183,0
14,-200,0
-9,-195,0
-15,-201,0
5,-182,0
21,-188,0
16,-213,0
5,-213,0
12,-208,0
2,-209,0
1,-196,0
23,-204,0
-15,-201,0
1,-179,0
-3,-218,0
-4,-176,0
9,-193,0
9,-203,0
13,-183,0
-22,-204,0
-22,-197,0
-11,-203,0
-21,-206,0
-11,-198,0
6,-217,0
-14,-213,0
-1,-221,0
-9,-199,0
164,93,1
190,109,1
177,99,1
184,108,1
166,122,1
170,118,1
183,106,1
169,100,1
195,100,1
169,117,1
155,94,1
158,118,1
175,78,1
169,118,1
183,87,1
193,105,1
152,107,1
167,119,1
177,106,1
163,88,1
153,113,1
179,123,1
174,97,1
153,108,1
152,113,1
181,113,1
185,94,1
159,108,1
173,77,1
181,120,1
186,90,1
164,120,1
194,107,1
177,80,1
176,91,1
159,88,1
180,122,1
191,110,1
161,103,1
154,115,1
168,107,1
192,110,1
165,80,1
154,99,1
162,79,1
181,78,1
189,93,1
174,110,1
151,98,1
195,93,1
168,100,1
154,96,1
155,106,1
188,100,1
189,116,1
177,124,1
190,100,1
164,97,1
182,82,1
180,86,1
150,102,1
184,119,1
182,115,1
174,102,1
174,105,1
174,96,1
160,113,1
179,109,1
162,89,1
158,119,1
171,100,1
158,86,1
169,116,1
174,104,1
153,111,1
165,118,1
195,101,1
185,93,1
163,81,1
160,84,1
179,109,1
190,107,1
184,110,1
168,99,1
152,88,1
170,100,1
163,106,1
175,116,1
185,99,1
183,116,1
154,112,1
182,114,1
193,90,1
161,106,1
163,117,1
161,108,1
173,79,1
180,95,1
164,110,1
180,120,1
162,118,1
171,99,1
180,104,1
166,82,1
193,112,1
157,84,1
151,104,1
172,84,1
176,108,1
184,92,1
193,88,1
186,114,1
188,103,1
183,115,1
157,95,1
186,84,1
149,104,1
174,86,1
170,96,1
155,86,1
171,109,1
172,101,1
171,109,1
185,81,1
179,80,1
169,89,1
157,92,1
162,83,1
165,120,1
155,95,1
176,105,1
186,102,1
154,116,1
186,105,1
178,85,1
174,123,1
173,110,1
163,112,1
175,80,1
179,95,1
164,94,1
168,115,1
196,99,1
198,97,1
163,101,1
179,84,1
191,111,1
151,100,1
159,81,1
163,103,1
165,87,1
182,84,1
166,86,1
166,81,1
190,84,1
170,123,1
172,80,1
177,81,1
190,96,1
167,118,1
162,91,1
188,101,1
182,84,1
170,115,1
172,115,1
192,88,1
162,93,1
186,111,1
184,98,1
188,103,1
150,107,1
181,105,1
187,116,1
180,118,1
177,104,1
187,95,1
164,94,1
155,107,1
183,84,1
184,119,1
178,100,1
165,84,1
166,78,1
183,77,1
161,89,1
177,87,1
192,96,1
164,79,1
185,99,1
166,110,1
187,120,1
193,95,1
183,115,1
180,78,1
181,104,1
190,110,1
157,88,1
149,98,1
185,103,1
189,102,1
197,94,1
172,84,1
164,109,1
190,98,1
184,94,1
173,122,1
155,88,1
162,115,1
195,95,1
177,114,1
195,104,1
155,83,1
152,107,1
188,89,1
191,93,1
158,85,1
194,97,1
169,108,1
156,105,1
154,113,1
189,108,1
175,92,1
159,100,1
164,106,1
158,89,1
174,92,1
150,92,1
176,113,1
186,112,1
151,110,1
194,106,1
182,120,1
156,92,1
176,76,1
183,77,1
184,87,1
173,114,1
180,109,1
182,79,1
154,107,1
182,109,1
182,100,1
179,100,1
160,84,1
179,90,1
164,77,1
177,76,1
166,110,1
178,110,1
181,80,1
160,103,1
150,101,1
194,97,1
174,100,1
174,110,1
194,112,1
157,107,1
165,113,1
180,89,1
188,80,1
162,118,1
182,110,1
195,98,1
151,108,1
167,90,1
179,82,1
188,120,1
169,117,1
173,78,1
195,111,1
163,94,1
157,92,1
176,122,1
179,118,1
163,113,1
157,104,1
172,90,1
163,96,1
171,119,1
154,88,1
189,105,1
174,121,1
187,84,1
193,112,1
161,90,1
193,108,1
180,109,1
194,92,1
158,94,1
164,83,1
179,84,1
173,122,1
185,100,1
162,92,1
194,97,1
168,114,1
193,110,1
170,118,1
173,116,1
149,95,1
163,83,1
197,105,1
154,116,1
183,102,1
189,87,1
189,95,1
196,95,1
155,111,1
189,90,1
184,100,1
183,100,1
188,84,1
188,87,1
195,98,1
176,77,1
184,119,1
158,119,1
183,106,1
173,83,1
174,117,1
164,82,1
196,106,1
171,98,1
187,101,1
181,109,1
166,77,1
158,112,1
186,92,1
188,119,1
174,81,1
170,83,1
160,112,1
186,109,1
-183,99,1
-191,104,1
-191,84,1
-176,97,1
-166,84,1
-176,107,1
-161,83,1
-198,103,1
-189,119,1
-187,107,1
-162,111,1
-167,95,1
-169,100,1
-156,82,1
-195,102,1
-159,91,1
-176,109,1
-167,99,1
-174,121,1
-183,108,1
-162,107,1
-170,112,1
-157,86,1
-157,107,1
-177,97,1
-185,103,1
-177,100,1
-189,97,1
-165,102,1
-153,108,1
-169,108,1
-159,112,1
-161,93,1
-169,83,1
-165,79,1
-172,80,1
-170,119,1
-160,105,1
-170,118,1
-192,116,1
-164,87,1
-173,113,1
-169,115,1
-157,109,1
-180,104,1
-183,103,1
-158,108,1
-150,99,1
-157,117,1
-164,81,1
-167,79,1
-172,78,1
-156,95,1
-185,104,1
-189,84,1
-188,88,1
-163,90,1
-185,113,1
-153,97,1
-178,83,1
-187,115,1
-195,99,1
-176,115,1
-159,102,1
-166,80,1
-173,119,1
-179,78,1
-184,114,1
-179,110,1
-169,82,1
-176,109,1
-180,81,1
-162,86,1
-175,104,1
-171,104,1
-149,97,1
-167,112,1
-183,77,1
-162,110,1
-150,96,1
-167,115,1
-194,92,1
-155,111,1
-185,79,1
-151,89,1
-171,121,1
-169,80,1
-180,86,1
-167,105,1
-168,109,1
-167,79,1
-176,94,1
-158,84,1
-162,111,1
-187,91,1
-176,85,1
-185,115,1
-172,122,1
-187,81,1
-161,91,1
-190,108,1
-164,112,1
-181,113,1
-165,80,1
-154,107,1
-168,78,1
-189,87,1
-161,121,1
-178,88,1
-155,87,1
-165,104,1
-173,104,1
-172,80,1
-198,103,1
-172,101,1
-167,82,1
-159,85,1
-196,107,1
-176,92,1
-190,102,1
-159,93,1
-157,119,1
-154,110,1
-179,78,1
-167,104,1
-176,84,1
-175,123,1
-196,96,1
-184,120,1
-174,85,1
-172,84,1
-170,109,1
-174,117,1
-168,114,1
-171,107,1
-165,123,1
-165,106,1
-176,118,1
-176,83,1
-184,87,1
-172,82,1
-190,99,1
-165,81,1
-183,117,1
-154,94,1
-172,91,1
-160,115,1
-192,98,1
-157,109,1
-169,120,1
-171,88,1
-157,83,1
-164,107,1
-151,89,1
-185,95,1
-174,102,1
-183,114,1
-175,78,1
-187,113,1
-170,92,1
-160,107,1
-166,85,1
-176,86,1
-164,82,1
-153,88,1
-159,110,1
-164,80,1
-188,98,1
-150,106,1
-180,76,1
-173,100,1
-180,116,1
-185,99,1
-175,77,1
-178,109,1
-177,93,1
-166,94,1
-176,123,1
-157,93,1
-188,108,1
-187,88,1
-174,76,1
-168,93,1
-197,104,1
-160,111,1
-177,109,1
-160,121,1
-161,86,1
-165,121,1
-181,122,1
-151,110,1
-167,89,1
-159,119,1
-183,81,1
-175,90,1
-182,94,1
-190,92,1
-160,109,1
-183,105,1
-197,94,1
-180,117,1
-149,100,1
-168,84,1
-169,117,1
-190,102,1
-196,110,1
-165,105,1
-173,107,1
-162,119,1
-167,118,1
-162,119,1
-174,92,1
-171,113,1
-176,78,1
-179,99,1
-179,93,1
-171,109,1
-172,103,1
-171,115,1
-189,96,1
-166,106,1
-190,82,1
-196,95,1
-180,97,1
-158,95,1
-169,107,1
-160,94,1
-180,92,1
-188,116,1
-180,105,1
-158,108,1
-171,99,1
-164,113,1
-167,105,1
-192,98,1
-157,101,1
-182,118,1
-191,99,1
-170,106,1
-164,91,1
-162,105,1
-168,106,1
-182,96,1
-157,105,1
-183,123,1
-165,106,1
-166,107,1
-190,92,1
-182,95,1
-154,91,1
-194,95,1
-177,117,1
-178,84,1
-181,101,1
-159,111,1
-182,78,1
-181,113,1
-163,89,1
-177,106,1
-166,92,1
-173,78,1
-156,118,1
-158,101,1
-175,118,1
-194,112,1
-181,105,1
-153,96,1
-196,96,1
-165,98,1
-167,98,1
-169,121,1
-182,91,1
-155,115,1
-180,83,1
-176,95,1
-186,90,1
-195,105,1
-172,103,1
-153,99,1
-170,76,1
-185,110,1
-157,109,1
-158,117,1
-171,85,1
-152,107,1
-154,90,1
-149,96,1
-170,102,1
-158,95,1
-193,99,1
-159,119,1
-193,90,1
-158,111,1
-180,99,1
-160,109,1
-179,82,1
-154,108,1
-162,109,1
-196,109,1
-196,104,1
-177,79,1
-157,111,1
-158,114,1
-153,98,1
-184,83,1
-188,90,1
-167,87,1
-182,115,1
-161,99,1
-178,105,1
-177,102,1
-193,85,1
-158,105,1
-176,102,1
-181,117,1
-170,86,1
-169,77,1
-155,86,1
-176,103,1
-195,90,1
-197,99,1
-159,111,1
-184,86,1
-159,89,1
-170,103,1
-151,106,1
-184,80,1
-193,85,1
-161,89,1
-160,102,1
-160,94,1
-173,77,1
-173,87,1
