-8,-221,0
-5,-181,0
-2,-222,0
15,-201,0
-11,-202,0
3,-211,0
14,-217,0
13,-216,0
10,-214,0
-4,-201,0
9,-198,0
-2,-214,0
-20,-211,0
14,-189,0
-11,-211,0
10,-180,0
23,-194,0
15,-191,0
17,-218,0
6,-219,0
-2,-206,0
-8,-213,0
17,-216,0
10,-221,0
-7,-198,0
10,-190,0
23,-206,0
-11,-184,0
-20,-186,0
8,-216,0
-21,-194,0
15,-205,0
-6,-189,0
11,-213,0
7,-214,0
13,-218,0
-6,-180,0
19,-187,0
-8,-217,0
-5,-181,0
6,-224,0
-15,-188,0
5,-192,0
-2,-198,0
10,-194,0
-8,-188,0
5,-213,0
7,-180,0
16,-210,0
5,-191,0
-3,-182,0
-17,-215,0
-20,-213,0
2,-193,0
1,-201,0
-20,-194,0
4,-188,0
-9,-190,0
14,-199,0
10,-220,0
13,-186,0
-13,-188,0
-2,-178,0
3,-177,0
-5,-186,0
-8,-180,0
21,-205,0
15,-206,0
-6,-182,0
10,-203,0
10,-183,0
11,-200,0
-7,-211,0
11,-213,0
18,-200,0
-4,-188,0
10,-221,0
0,-225,0
-14,-206,0
8,-189,0
-13,-189,0
-18,-188,0
-12,-187,0
8,-185,0
18,-194,0
23,-197,0
18,-192,0
15,-195,0
-15,-219,0
13,-184,0
-1,-189,0
4,-205,0
-18,-183,0
-9,-179,0
-13,-217,0
-10,-221,0
-13,-193,0
-21,-189,0
7,-188,0
6,-180,0
8,-196,0
7,-222,0
-4,-180,0
12,-211,0
-9,-186,0
4,-195,0
12,-220,0
-6,-198,0
2,-223,0
-2,-208,0
22,-202,0
1,-222,0
-1,-184,0
23,-193,0
-1,-216,0
16,-186,0
7,-185,0
-13,-183,0
5,-218,0
21,-197,0
-17,-200,0
-5,-221,0
-5,-209,0
3,-197,0
13,-210,0
18,-215,0
11,-203,0
21,-205,0
16,-213,0
-9,-201,0
-19,-194,0
-13,-199,0
-5,-215,0
-5,-218,0
-14,-192,0
-5,-202,0
-14,-185,0
-15,-206,0
6,-201,0
-12,-179,0
8,-211,0
-8,-202,0
-18,-217,0
14,-190,0
-17,-193,0
-21,-210,0
7,-195,0
-5,-212,0
24,-195,0
-9,-177,0
1,-212,0
15,-202,0
21,-211,0
19,-201,0
10,-189,0
3,-222,0
-9,-194,0
-16,-213,0
-1,-210,0
8,-188,0
13,-194,0
20,-185,0
16,-217,0
-7,-216,0
-8,-211,0
9,-222,0
19,-209,0
-3,-212,0
3,-181,0
-2,-191,0
-19,-211,0
-4,-191,0
12,-195,0
9,-216,0
-20,-199,0
-2,-207,0
18,-201,0
9,-195,0
21,-207,0
3,-200,0
-20,-190,0
-11,-185,0
-6,-186,0
20,-214,0
9,-212,0
-8,-219,0
20,-206,0
-2,-185,0
-8,-200,0
10,-218,0
4,-187,0
-22,-208,0
19,-188,0
-22,-195,0
17,-194,0
-14,-215,0
19,-193,0
-13,-207,0
-22,-194,0
-9,-192,0
-16,-208,0
14,-192,0
-11,-208,0
16,-196,0
15,-194,0
-3,-200,0
-8,-213,0
8,-213,0
13,-211,0
-21,-198,0
24,-200,0
3,-177,0
13,-204,0
19,-195,0
14,-202,0
13,-208,0
-13,-210,0
-4,-210,0
-14,-208,0
-18,-189,0
-13,-190,0
17,-203,0
-12,-189,0
16,-208,0
-17,-199,0
-13,-179,0
-8,-217,0
-13,-215,0
5,-201,0
-14,-182,0
-5,-208,0
-10,-210,0
-19,-213,0
-12,-188,0
-23,-208,0
-22,-203,0
3,-184,0
7,-195,0
-1,-193,0
5,-217,0
10,-193,0
6,-222,0
-2,-222,0
6,-188,0
-14,-217,0
-8,-219,0
-6,-210,0
-23,-193,0
12,-185,0
21,-212,0
10,-191,0
-16,-194,0
-10,-194,0
-5,-220,0
-3,-186,0
0,-212,0
13,-216,0
7,-213,0
-14,-214,0
24,-194,0
-14,-185,0
12,-181,0
-3,-186,0
-15,-195,0
17,-184,0
-2,-185,0
8,-191,0
-1,-190,0
4,-193,0
12,-214,0
-4,-207,0
-14,-215,0
11,-198,0
-4,-203,0
-17,-189,0
-2,-193,0
-8,-200,0
-7,-210,0
19,-211,0
-13,-206,0
-19,-211,0
1,-214,0
5,-192,0
-13,-207,0
-10,-222,0
8,-216,0
-6,-206,0
-12,-202,0
-13,-190,0
-12,-201,0
-5,-180,0
-7,-201,0
-14,-215,0
-3,-200,0
12,-210,0
-19,-186,0
9,-216,0
-13,-207,0
-6,-177,0
-22,-206,0
-7,-224,0
-4,-217,0
18,-193,0
-16,-190,0
21,-203,0
3,-219,0
-10,-192,0
-5,-194,0
11,-197,0
-10,-214,0
-13,-216,0
10,-199,0
-6,-215,0
13,-207,0
7,-186,0
-1,-188,0
-20,-185,0
19,-209,0
-23,-206,0
-2,-215,0
-18,-184,0
7,-178,0
-7,-193,0
-15,-200,0
-18,-215,0
-2,-177,0
-14,-187,0
16,-200,0
-2,-218,0
7,-223,0
-8,-193,0
12,-183,0
-18,-216,0
178,105,1
161,106,1
164,123,1
195,109,1
186,97,1
191,90,1
191,97,1
173,89,1
168,82,1
177,97,1
174,105,1
188,85,1
168,115,1
172,76,1
179,118,1
174,96,1
161,97,1
182,101,1
156,116,1
177,111,1
166,90,1
175,118,1
173,103,1
165,85,1
191,91,1
193,91,1
164,84,1
158,102,1
194,91,1
192,84,1
177,111,1
181,93,1
155,90,1
176,115,1
164,92,1
194,87,1
161,104,1
194,99,1
165,122,1
192,86,1
173,108,1
153,89,1
192,108,1
179,114,1
186,91,1
177,118,1
174,78,1
195,111,1
172,109,1
184,122,1
172,97,1
197,103,1
165,81,1
176,114,1
168,99,1
178,117,1
165,104,1
194,98,1
175,110,1
179,90,1
164,100,1
151,99,1
195,105,1
176,115,1
175,85,1
173,108,1
188,105,1
174,124,1
177,121,1
194,107,1
178,92,1
187,93,1
177,93,1
183,101,1
158,100,1
192,98,1
170,119,1
159,92,1
182,112,1
192,103,1
188,83,1
186,102,1
192,95,1
166,77,1
149,96,1
170,78,1
162,111,1
175,122,1
175,114,1
158,118,1
191,95,1
165,78,1
177,119,1
172,123,1
163,101,1
171,104,1
185,117,1
189,99,1
192,93,1
154,99,1
174,76,1
162,109,1
182,88,1
170,101,1
170,115,1
184,120,1
186,104,1
198,99,1
157,113,1
168,95,1
177,121,1
185,108,1
168,104,1
191,93,1
185,107,1
191,107,1
196,93,1
158,92,1
165,100,1
170,94,1
168,103,1
184,89,1
159,115,1
159,92,1
185,87,1
176,100,1
190,83,1
188,90,1
197,93,1
188,108,1
178,87,1
151,106,1
185,107,1
175,95,1
152,108,1
191,115,1
176,101,1
170,97,1
180,88,1
180,116,1
160,104,1
166,89,1
150,104,1
149,96,1
151,110,1
190,118,1
155,88,1
170,90,1
161,85,1
185,112,1
152,90,1
187,85,1
175,95,1
184,103,1
164,113,1
172,115,1
182,93,1
159,86,1
156,91,1
184,99,1
164,99,1
167,118,1
166,80,1
183,105,1
170,112,1
169,99,1
164,107,1
154,112,1
186,110,1
185,94,1
160,79,1
176,110,1
161,104,1
183,103,1
180,82,1
165,115,1
182,112,1
176,119,1
161,101,1
197,101,1
162,101,1
186,97,1
183,87,1
150,94,1
151,99,1
157,97,1
158,102,1
158,87,1
188,118,1
175,105,1
162,111,1
175,119,1
168,124,1
153,89,1
180,90,1
153,93,1
156,103,1
174,121,1
187,101,1
195,107,1
182,79,1
161,119,1
161,97,1
184,101,1
170,84,1
168,111,1
196,109,1
182,108,1
153,89,1
164,96,1
191,91,1
158,105,1
170,113,1
181,84,1
187,117,1
159,112,1
168,81,1
179,85,1
196,95,1
187,116,1
153,112,1
157,112,1
169,81,1
163,102,1
167,92,1
158,102,1
164,104,1
175,80,1
183,82,1
169,84,1
170,118,1
170,119,1
155,111,1
180,112,1
177,104,1
180,76,1
193,85,1
162,101,1
153,102,1
189,112,1
159,116,1
183,102,1
163,88,1
170,97,1
187,91,1
164,84,1
187,119,1
155,95,1
157,118,1
184,84,1
175,93,1
170,89,1
174,83,1
167,111,1
151,111,1
167,123,1
172,94,1
152,111,1
158,93,1
153,107,1
162,120,1
194,112,1
183,108,1
178,88,1
175,114,1
150,95,1
183,118,1
173,115,1
194,95,1
184,80,1
150,91,1
195,107,1
160,97,1
183,110,1
174,88,1
165,110,1
189,107,1
169,112,1
183,95,1
175,86,1
192,112,1
196,108,1
171,85,1
183,86,1
173,91,1
172,97,1
152,103,1
175,105,1
165,116,1
162,85,1
189,102,1
170,115,1
183,99,1
162,107,1
185,106,1
160,99,1
170,82,1
173,104,1
162,102,1
196,91,1
184,109,1
188,97,1
174,100,1
193,103,1
186,106,1
157,97,1
158,92,1
172,86,1
171,105,1
181,116,1
183,95,1
171,99,1
154,105,1
172,92,1
167,95,1
193,104,1
175,97,1
175,89,1
188,96,1
192,90,1
165,109,1
194,91,1
158,90,1
171,93,1
194,111,1
174,78,1
182,86,1
195,112,1
157,92,1
186,102,1
185,78,1
190,106,1
178,116,1
-162,78,1
-184,113,1
-165,107,1
-172,116,1
-150,92,1
-184,106,1
-186,100,1
-165,121,1
-194,92,1
-190,89,1
-183,89,1
-181,122,1
-156,92,1
-165,120,1
-190,83,1
-188,101,1
-185,86,1
-195,100,1
-184,116,1
-191,98,1
-151,110,1
-153,111,1
-181,84,1
-179,110,1
-164,86,1
-171,76,1
-191,88,1
-174,103,1
-182,90,1
-159,115,1
-168,84,1
-189,86,1
-176,78,1
-190,83,1
-187,105,1
-190,111,1
-160,105,1
-151,104,1
-152,93,1
-169,102,1
-177,123,1
-178,123,1
-180,115,1
-162,103,1
-154,87,1
-190,111,1
-151,104,1
-190,105,1
-176,117,1
-173,100,1
-192,112,1
-187,114,1
-160,121,1
-165,84,1
-164,110,1
-172,85,1
-171,83,1
-162,87,1
-160,100,1
-189,84,1
-180,88,1
-185,79,1
-196,98,1
-180,121,1
-192,92,1
-173,83,1
-176,114,1
-163,112,1
-166,113,1
-186,89,1
-190,103,1
-184,100,1
-168,124,1
-188,96,1
-165,92,1
-162,90,1
-168,96,1
-157,115,1
-186,110,1
-168,98,1
-192,110,1
-183,91,1
-189,95,1
-186,102,1
-153,110,1
-197,96,1
-188,96,1
-165,106,1
-190,99,1
-169,122,1
-180,77,1
-170,119,1
-168,100,1
-157,106,1
-169,98,1
-161,88,1
-185,97,1
-157,110,1
-166,96,1
-160,105,1
-189,95,1
-159,92,1
-186,82,1
-177,102,1
-179,101,1
-192,98,1
-181,77,1
-173,124,1
-188,120,1
-155,114,1
-164,93,1
-159,120,1
-183,97,1
-156,83,1
-177,85,1
-187,113,1
-159,120,1
-176,88,1
-164,77,1
-156,95,1
-187,106,1
-155,90,1
-153,113,1
-172,94,1
-170,108,1
-166,82,1
-173,120,1
-163,89,1
-156,113,1
-180,121,1
-177,80,1
-170,121,1
-162,86,1
-173,80,1
-165,101,1
-195,104,1
-167,113,1
-155,92,1
-151,94,1
-166,121,1
-177,106,1
-181,119,1
-190,88,1
-195,97,1
-157,112,1
-171,107,1
-158,87,1
-189,105,1
-181,122,1
-176,108,1
-193,85,1
-187,111,1
-155,98,1
-168,124,1
-177,94,1
-174,115,1
-191,89,1
-176,122,1
-172,84,1
-163,107,1
-167,82,1
-185,103,1
-176,76,1
-196,104,1
-191,95,1
-190,97,1
-181,94,1
-170,120,1
-150,92,1
-188,117,1
-181,97,1
-176,104,1
-153,107,1
-165,119,1
-169,115,1
-172,82,1
-153,91,1
-178,114,1
-156,89,1
-184,121,1
-181,108,1
-181,98,1
-170,92,1
-166,79,1
-156,117,1
-185,79,1
-188,116,1
-195,93,1
-185,115,1
-163,84,1
-169,98,1
-183,77,1
-170,80,1
-164,90,1
-156,102,1
-193,106,1
-186,104,1
-159,101,1
-156,104,1
-181,99,1
-181,122,1
-173,110,1
-167,89,1
-164,89,1
-165,112,1
-162,93,1
-184,115,1
-173,94,1
-164,118,1
-180,105,1
-176,86,1
-155,107,1
-170,79,1
-157,103,1
-169,110,1
-178,90,1
-182,86,1
-189,115,1
-159,91,1
-188,81,1
-161,95,1
-163,115,1
-175,78,1
-176,114,1
-196,109,1
-166,119,1
-184,89,1
-190,98,1
-156,99,1
-179,90,1
-182,89,1
-157,96,1
-174,89,1
-167,88,1
-181,105,1
-160,96,1
-163,109,1
-172,111,1
-177,104,1
-185,116,1
-156,99,1
-168,120,1
-164,100,1
-149,105,1
-152,110,1
-168,85,1
-173,103,1
-188,104,1
-197,104,1
-176,77,1
-152,113,1
-158,97,1
-155,87,1
-153,94,1
-192,95,1
-172,99,1
-176,84,1
-155,111,1
-190,110,1
-151,102,1
-189,109,1
-150,97,1
-166,110,1
-175,96,1
-171,96,1
-166,77,1
-182,106,1
-179,122,1
-196,98,1
-150,93,1
-180,84,1
-165,84,1
-161,93,1
-194,102,1
-186,106,1
-189,85,1
-169,82,1
-176,113,1
-191,106,1
-159,85,1
-174,121,1
-189,101,1
-154,84,1
-174,81,1
-150,91,1
-164,98,1
-187,113,1
-163,93,1
-183,101,1
-189,93,1
-154,95,1
-184,81,1
-169,108,1
-177,101,1
-168,121,1
-168,97,1
-173,92,1
-163,122,1
-174,90,1
-179,93,1
-178,108,1
-166,121,1
-191,115,1
-183,109,1
-157,84,1
-180,106,1
-168,119,1
-169,92,1
-174,106,1
-160,115,1
-178,104,1
-164,111,1
-163,98,1
-189,113,1
-170,79,1
-189,92,1
-173,82,1
-182,91,1
-162,120,1
-191,111,1
-179,79,1
-183,111,1
-189,87,1
-174,78,1
-183,80,1
-156,98,1
-188,107,1
-151,90,1
-161,80,1
-152,88,1
-186,119,1
-170,88,1
-170,124,1
