6,-129,0
3,-138,0
-20,-130,0
19,-143,0
-13,-123,0
-13,-155,0
-1,-160,0
4,-139,0
-11,-120,0
-17,-149,0
-22,-137,0
-22,-130,0
16,-126,0
15,-145,0
-8,-143,0
7,-141,0
4,-133,0
5,-142,0
6,-130,0
8,-141,0
19,-132,0
-3,-117,0
-8,-128,0
-20,-147,0
14,-152,0
-5,-150,0
-15,-150,0
14,-141,0
-1,-126,0
12,-149,0
-4,-164,0
-23,-134,0
3,-157,0
8,-125,0
-3,-157,0
23,-137,0
-2,-154,0
-4,-119,0
-12,-137,0
12,-138,0
5,-161,0
5,-155,0
20,-154,0
8,-163,0
14,-133,0
10,-153,0
10,-128,0
4,-125,0
5,-121,0
-17,-152,0
0,-133,0
11,-135,0
18,-154,0
14,-142,0
5,-163,0
23,-148,0
10,-138,0
-11,-136,0
-19,-156,0
-16,-144,0
19,-142,0
-10,-134,0
-15,-120,0
24,-134,0
13,-154,0
11,-132,0
9,-138,0
23,-148,0
7,-161,0
6,-131,0
5,-134,0
-24,-136,0
-14,-135,0
10,-159,0
-22,-141,0
-4,-159,0
-5,-128,0
1,-141,0
-1,-128,0
0,-121,0
13,-119,0
21,-139,0
-10,-132,0
17,-153,0
14,-128,0
11,-122,0
-5,-145,0
-9,-117,0
16,-140,0
2,-130,0
12,-155,0
18,-124,0
14,-130,0
0,-147,0
15,-137,0
1,-151,0
9,-144,0
-12,-146,0
1,-153,0
-2,-158,0
-5,-125,0
18,-132,0
-14,-150,0
16,-159,0
23,-131,0
20,-130,0
9,-154,0
8,-152,0
-18,-130,0
-3,-136,0
-5,-150,0
16,-125,0
21,-148,0
8,-153,0
4,-144,0
8,-157,0
-11,-119,0
-17,-144,0
-23,-141,0
-18,-127,0
1,-121,0
20,-137,0
-14,-125,0
3,-138,0
-3,-130,0
7,-146,0
0,-142,0
-7,-150,0
-5,-142,0
-10,-132,0
11,-126,0
-13,-134,0
-15,-148,0
-1,-155,0
-19,-129,0
10,-124,0
17,-147,0
-6,-160,0
16,-141,0
-1,-123,0
4,-142,0
-17,-155,0
-4,-130,0
5,-116,0
-12,-150,0
-17,-134,0
-18,-144,0
5,-142,0
-19,-130,0
-23,-137,0
-8,-138,0
-1,-133,0
10,-144,0
-4,-142,0
-20,-134,0
13,-133,0
-8,-151,0
6,-129,0
9,-160,0
-15,-146,0
-21,-138,0
-18,-142,0
20,-148,0
-9,-131,0
21,-137,0
0,-125,0
5,-129,0
-3,-158,0
15,-121,0
-6,-133,0
-16,-135,0
-1,-153,0
20,-154,0
-11,-142,0
16,-143,0
6,-138,0
7,-118,0
21,-138,0
0,-123,0
-7,-154,0
-9,-125,0
-5,-128,0
-16,-125,0
-5,-141,0
-4,-156,0
17,-126,0
0,-156,0
8,-139,0
-2,-145,0
-7,-131,0
-8,-156,0
5,-124,0
-24,-142,0
-1,-117,0
-16,-151,0
-11,-139,0
-10,-122,0
8,-154,0
19,-156,0
-5,-130,0
-6,-151,0
-14,-142,0
15,-122,0
-8,-147,0
-5,-138,0
-18,-156,0
2,-133,0
-22,-151,0
-20,-148,0
-6,-124,0
-2,-125,0
7,-151,0
24,-137,0
8,-163,0
15,-143,0
22,-151,0
0,-162,0
-11,-133,0
12,-128,0
1,-121,0
-14,-157,0
-22,-133,0
-2,-139,0
-15,-128,0
7,-162,0
-6,-152,0
-8,-133,0
-1,-117,0
18,-132,0
18,-147,0
7,-129,0
10,-130,0
21,-139,0
20,-132,0
-15,-152,0
-11,-127,0
9,-145,0
1,-137,0
2,-123,0
9,-160,0
-16,-142,0
-17,-128,0
2,-155,0
17,-140,0
-12,-156,0
14,-140,0
1,-126,0
18,-131,0
12,-154,0
-3,-124,0
0,-148,0
-1,-128,0
12,-136,0
24,-138,0
14,-127,0
-12,-156,0
19,-140,0
6,-123,0
-3,-128,0
5,-128,0
-5,-130,0
-4,-141,0
-4,-123,0
-1,-144,0
-13,-151,0
2,-139,0
5,-131,0
-5,-140,0
19,-156,0
12,-131,0
4,-140,0
-24,-143,0
5,-151,0
9,-161,0
-19,-150,0
-12,-124,0
0,-164,0
-15,-155,0
7,-135,0
-9,-149,0
4,-128,0
-1,-149,0
0,-149,0
6,-162,0
13,-124,0
-13,-119,0
14,-149,0
13,-126,0
17,-127,0
13,-120,0
0,-138,0
8,-147,0
17,-139,0
-11,-121,0
23,-144,0
-4,-119,0
-11,-155,0
-12,-154,0
19,-143,0
-2,-125,0
-7,-134,0
15,-120,0
19,-142,0
13,-156,0
-6,-164,0
1,-138,0
15,-120,0
20,-144,0
0,-132,0
-17,-131,0
3,-123,0
-20,-141,0
6,-149,0
10,-147,0
-10,-162,0
5,-121,0
13,-140,0
-20,-153,0
-5,-146,0
4,-125,0
16,-147,0
-9,-119,0
-1,-120,0
-13,-149,0
1,-129,0
-13,-157,0
22,-137,0
-1,-156,0
-6,-126,0
-21,-146,0
4,-148,0
6,-157,0
-17,-157,0
124,74,1
121,79,1
112,48,1
119,65,1
105,65,1
120,47,1
136,60,1
141,73,1
126,71,1
100,70,1
138,64,1
120,60,1
134,83,1
111,64,1
134,86,1
138,75,1
117,60,1
121,51,1
145,75,1
119,75,1
136,69,1
101,56,1
128,75,1
123,88,1
109,85,1
113,88,1
141,64,1
133,67,1
106,51,1
137,67,1
109,90,1
109,71,1
118,74,1
111,69,1
123,77,1
110,51,1
105,80,1
114,52,1
121,73,1
145,76,1
143,58,1
120,78,1
110,65,1
133,63,1
122,59,1
106,60,1
129,93,1
122,84,1
104,74,1
138,78,1
118,48,1
116,64,1
122,53,1
134,55,1
118,90,1
132,77,1
122,50,1
106,65,1
108,58,1
132,70,1
141,67,1
128,79,1
109,71,1
131,81,1
114,58,1
112,90,1
134,69,1
109,59,1
114,72,1
126,65,1
122,78,1
100,58,1
105,57,1
128,49,1
127,86,1
142,59,1
114,48,1
124,92,1
136,79,1
125,69,1
128,55,1
129,50,1
143,76,1
133,51,1
113,47,1
108,75,1
129,84,1
120,51,1
114,93,1
134,85,1
123,47,1
138,80,1
114,60,1
106,53,1
103,87,1
112,93,1
123,57,1
129,82,1
108,90,1
106,63,1
142,60,1
138,55,1
125,73,1
130,88,1
131,88,1
137,84,1
124,57,1
98,71,1
145,72,1
132,55,1
116,62,1
102,85,1
141,85,1
127,51,1
107,73,1
135,77,1
111,70,1
119,74,1
120,50,1
126,85,1
128,79,1
139,68,1
117,71,1
98,77,1
101,56,1
104,63,1
132,81,1
140,79,1
137,67,1
132,66,1
97,66,1
120,50,1
112,55,1
122,50,1
132,59,1
99,72,1
140,58,1
108,89,1
140,71,1
138,79,1
104,72,1
98,76,1
104,56,1
140,58,1
115,66,1
142,77,1
108,91,1
118,88,1
132,79,1
102,57,1
140,65,1
136,86,1
130,56,1
117,86,1
112,54,1
112,62,1
142,77,1
111,78,1
122,77,1
132,64,1
111,81,1
136,75,1
143,61,1
101,66,1
105,87,1
125,71,1
133,67,1
103,71,1
132,82,1
108,63,1
114,70,1
135,70,1
109,55,1
101,78,1
115,91,1
119,91,1
112,48,1
116,79,1
133,78,1
110,49,1
128,47,1
106,85,1
133,92,1
124,46,1
131,58,1
124,66,1
135,57,1
98,65,1
134,58,1
139,76,1
115,48,1
118,82,1
130,74,1
99,62,1
132,66,1
138,84,1
129,75,1
130,64,1
105,87,1
136,79,1
106,61,1
122,68,1
102,83,1
109,59,1
130,63,1
114,75,1
124,64,1
121,56,1
121,75,1
104,82,1
121,69,1
110,92,1
102,84,1
106,74,1
135,58,1
130,87,1
140,64,1
112,80,1
131,64,1
104,66,1
116,86,1
131,64,1
142,78,1
107,52,1
133,67,1
115,56,1
102,76,1
133,59,1
111,64,1
130,47,1
126,55,1
106,78,1
117,71,1
121,74,1
111,80,1
108,68,1
124,81,1
111,86,1
140,84,1
126,84,1
142,81,1
127,57,1
136,55,1
110,53,1
109,81,1
126,58,1
143,70,1
115,82,1
108,85,1
115,54,1
98,74,1
112,65,1
143,81,1
136,69,1
126,83,1
136,80,1
119,83,1
119,55,1
122,53,1
137,53,1
119,82,1
126,48,1
101,63,1
111,61,1
97,74,1
134,59,1
126,55,1
119,71,1
119,75,1
141,67,1
114,53,1
140,54,1
116,86,1
98,62,1
135,71,1
135,72,1
146,67,1
139,69,1
119,93,1
133,67,1
114,66,1
123,78,1
131,65,1
104,78,1
111,75,1
109,77,1
126,73,1
113,71,1
112,74,1
130,59,1
113,87,1
105,72,1
130,51,1
133,66,1
127,72,1
111,55,1
105,52,1
103,53,1
104,88,1
115,64,1
124,86,1
127,62,1
114,93,1
125,50,1
135,84,1
117,90,1
99,61,1
123,57,1
102,60,1
119,86,1
126,66,1
109,56,1
112,93,1
118,68,1
112,57,1
137,56,1
138,56,1
110,87,1
106,61,1
143,66,1
98,62,1
133,49,1
135,82,1
131,79,1
104,55,1
106,74,1
130,92,1
124,86,1
125,86,1
108,62,1
140,54,1
125,75,1
124,71,1
-140,55,1
-141,84,1
-122,87,1
-143,71,1
-139,56,1
-125,50,1
-141,83,1
-132,82,1
-124,55,1
-130,84,1
-146,70,1
-133,80,1
-128,82,1
-144,72,1
-126,88,1
-114,88,1
-140,64,1
-116,54,1
-105,77,1
-110,87,1
-136,80,1
-128,91,1
-131,52,1
-115,58,1
-123,90,1
-116,47,1
-136,74,1
-122,69,1
-127,66,1
-130,92,1
-107,62,1
-114,79,1
-99,70,1
-113,62,1
-107,56,1
-136,84,1
-134,80,1
-105,58,1
-144,67,1
-108,87,1
-111,83,1
-136,65,1
-103,77,1
-113,68,1
-142,80,1
-120,51,1
-113,64,1
-121,84,1
-120,67,1
-103,83,1
-114,93,1
-112,75,1
-129,87,1
-114,54,1
-143,80,1
-113,86,1
-109,79,1
-124,58,1
-114,80,1
-122,52,1
-105,80,1
-120,74,1
-127,68,1
-135,53,1
-115,78,1
-116,91,1
-118,87,1
-140,81,1
-100,77,1
-134,75,1
-108,61,1
-114,72,1
-117,69,1
-118,68,1
-135,85,1
-117,62,1
-109,63,1
-144,61,1
-108,54,1
-103,65,1
-112,78,1
-117,87,1
-100,74,1
-113,54,1
-129,68,1
-99,63,1
-133,68,1
-108,54,1
-130,61,1
-129,80,1
-118,86,1
-107,82,1
-107,69,1
-134,51,1
-128,55,1
-127,53,1
-144,63,1
-106,73,1
-104,55,1
-125,59,1
-112,62,1
-123,83,1
-135,63,1
-119,58,1
-99,62,1
-133,51,1
-125,84,1
-130,50,1
-138,87,1
-122,86,1
-106,84,1
-104,82,1
-114,89,1
-125,63,1
-135,52,1
-111,92,1
-115,65,1
-121,49,1
-124,81,1
-103,65,1
-107,50,1
-106,84,1
-106,84,1
-137,87,1
-131,56,1
-131,90,1
-121,73,1
-126,79,1
-118,83,1
-132,80,1
-108,77,1
-138,77,1
-115,81,1
-118,65,1
-125,79,1
-124,65,1
-124,76,1
-115,63,1
-137,82,1
-141,56,1
-144,80,1
-138,83,1
-135,81,1
-117,92,1
-145,72,1
-120,55,1
-124,55,1
-119,72,1
-97,67,1
-138,57,1
-123,93,1
-106,89,1
-119,69,1
-138,73,1
-124,67,1
-114,93,1
-111,71,1
-135,50,1
-120,72,1
-122,46,1
-129,54,1
-117,64,1
-146,68,1
-114,73,1
-102,74,1
-116,82,1
-123,81,1
-101,80,1
-114,60,1
-134,49,1
-141,76,1
-121,62,1
-108,55,1
-136,90,1
-106,57,1
-116,55,1
-125,82,1
-120,64,1
-107,76,1
-123,62,1
-106,70,1
-134,71,1
-120,91,1
-118,68,1
-132,77,1
-119,56,1
-108,67,1
-125,59,1
-123,91,1
-133,70,1
-119,84,1
-106,75,1
-110,85,1
-117,79,1
-139,54,1
-123,55,1
-116,91,1
-133,60,1
-102,85,1
-100,82,1
-137,79,1
-104,70,1
-121,66,1
-134,89,1
-116,56,1
-105,57,1
-126,75,1
-98,79,1
-143,66,1
-138,66,1
-129,50,1
-119,66,1
-102,75,1
-108,53,1
-128,76,1
-109,52,1
-115,73,1
-108,57,1
-131,74,1
-116,50,1
-117,68,1
-127,66,1
-120,49,1
-136,62,1
-111,73,1
-126,64,1
-105,68,1
-129,54,1
-102,65,1
-127,88,1
-104,81,1
-135,59,1
-143,68,1
-128,87,1
-121,76,1
-121,57,1
-136,62,1
-116,63,1
-122,85,1
-116,90,1
-110,79,1
-101,62,1
-103,57,1
-128,61,1
-115,92,1
-118,48,1
-106,89,1
-118,69,1
-104,65,1
-116,75,1
-130,58,1
-120,67,1
-121,75,1
-112,47,1
-139,79,1
-118,72,1
-133,67,1
-114,83,1
-118,78,1
-104,81,1
-128,57,1
-133,72,1
-143,80,1
-118,86,1
-127,87,1
-114,73,1
-119,49,1
-139,87,1
-99,78,1
-120,54,1
-134,86,1
-135,90,1
-125,89,1
-101,77,1
-108,51,1
-128,91,1
-129,50,1
-115,66,1
-108,79,1
-144,78,1
-107,87,1
-111,88,1
-138,78,1
-131,74,1
-111,75,1
-130,50,1
-132,86,1
-126,52,1
-99,72,1
-118,47,1
-107,62,1
-102,56,1
-102,74,1
-109,61,1
-129,82,1
-120,83,1
-121,52,1
-110,89,1
-103,54,1
-134,78,1
-100,63,1
-142,64,1
-116,79,1
-123,67,1
-141,67,1
-113,55,1
-130,87,1
-115,89,1
-136,69,1
-110,72,1
-124,79,1
-106,72,1
-130,52,1
-99,60,1
-106,80,1
-110,77,1
-140,75,1
-115,60,1
-108,75,1
-107,65,1
-120,79,1
-97,65,1
-123,86,1
-143,71,1
-130,67,1
-99,72,1
-145,77,1
-116,77,1
-130,91,1
-139,71,1
-119,51,1
-121,68,1
-118,93,1
