24,-189,0
1,-178,0
-2,-209,0
5,-208,0
6,-191,0
17,-197,0
9,-170,0
-3,-203,0
5,-213,0
8,-177,0
-20,-191,0
19,-188,0
15,-193,0
2,-199,0
13,-192,0
7,-208,0
1,-187,0
-9,-177,0
13,-185,0
11,-207,0
-2,-176,0
12,-173,0
-10,-172,0
-12,-170,0
-7,-203,0
16,-184,0
9,-202,0
-1,-211,0
19,-201,0
-4,-180,0
-15,-201,0
-6,-190,0
18,-201,0
20,-186,0
-7,-180,0
2,-190,0
1,-186,0
-21,-191,0
5,-167,0
4,-187,0
21,-180,0
-22,-183,0
5,-212,0
4,-213,0
-7,-190,0
-23,-197,0
8,-173,0
19,-185,0
-21,-200,0
-15,-190,0
9,-190,0
13,-203,0
-13,-174,0
21,-192,0
9,-179,0
-5,-173,0
-17,-185,0
4,-184,0
-15,-190,0
-1,-167,0
-14,-202,0
-9,-185,0
-15,-193,0
-15,-207,0
4,-168,0
12,-181,0
-12,-169,0
-11,-189,0
1,-183,0
-22,-196,0
6,-193,0
4,-182,0
11,-183,0
3,-176,0
17,-192,0
8,-167,0
-13,-195,0
-7,-194,0
-11,-192,0
4,-191,0
13,-172,0
4,-171,0
7,-201,0
-8,-183,0
3,-203,0
8,-168,0
-1,-182,0
-22,-179,0
23,-197,0
-5,-173,0
-13,-171,0
7,-187,0
21,-186,0
7,-176,0
0,-202,0
6,-166,0
3,-202,0
-9,-205,0
-11,-199,0
20,-193,0
0,-215,0
-13,-174,0
0,-194,0
-13,-203,0
-7,-181,0
5,-172,0
-2,-203,0
-1,-184,0
2,-175,0
7,-193,0
5,-176,0
13,-179,0
-14,-198,0
-17,-204,0
-5,-193,0
-13,-209,0
-3,-210,0
-5,-207,0
20,-198,0
-15,-202,0
10,-174,0
22,-179,0
11,-181,0
12,-201,0
22,-182,0
19,-192,0
-4,-212,0
-17,-177,0
24,-195,0
1,-194,0
-16,-206,0
-5,-180,0
-19,-199,0
22,-200,0
10,-198,0
10,-204,0
12,-174,0
13,-203,0
16,-190,0
10,-177,0
12,-182,0
-11,-200,0
12,-196,0
6,-191,0
-19,-197,0
12,-177,0
17,-188,0
5,-198,0
-19,-198,0
-5,-199,0
8,-203,0
9,-172,0
-6,-196,0
23,-191,0
3,-208,0
-13,-185,0
-5,-178,0
-14,-209,0
-21,-194,0
-9,-181,0
-15,-179,0
24,-190,0
22,-191,0
-17,-184,0
-21,-202,0
11,-183,0
-6,-180,0
2,-200,0
9,-188,0
1,-193,0
-18,-188,0
12,-184,0
-5,-176,0
-9,-202,0
9,-191,0
3,-208,0
14,-191,0
-2,-199,0
-23,-193,0
-5,-193,0
-13,-206,0
-9,-171,0
10,-178,0
-15,-201,0
-16,-176,0
-16,-178,0
22,-195,0
6,-179,0
22,-183,0
-10,-204,0
1,-187,0
1,-206,0
-18,-177,0
0,-169,0
15,-175,0
-13,-194,0
-13,-209,0
-4,-181,0
-13,-184,0
-1,-193,0
12,-194,0
0,-175,0
-20,-193,0
-20,-196,0
3,-182,0
13,-204,0
-10,-183,0
-5,-197,0
0,-171,0
-12,-185,0
-2,-189,0
15,-203,0
3,-199,0
3,-185,0
-24,-187,0
-9,-172,0
2,-190,0
-5,-204,0
14,-183,0
-21,-178,0
-1,-177,0
21,-191,0
1,-210,0
6,-168,0
-19,-199,0
6,-170,0
0,-169,0
6,-192,0
11,-194,0
13,-174,0
12,-185,0
1,-188,0
-23,-193,0
17,-179,0
-2,-183,0
20,-177,0
-18,-187,0
-19,-188,0
6,-199,0
-13,-193,0
9,-213,0
-2,-204,0
3,-186,0
9,-169,0
-16,-173,0
4,-173,0
-12,-206,0
-5,-207,0
17,-183,0
6,-213,0
-10,-176,0
-10,-182,0
21,-193,0
4,-187,0
-6,-167,0
-2,-166,0
4,-179,0
4,-175,0
11,-171,0
-23,-184,0
-19,-176,0
18,-184,0
16,-209,0
19,-200,0
-8,-210,0
1,-200,0
-24,-185,0
18,-207,0
18,-182,0
15,-182,0
-10,-211,0
-12,-195,0
-15,-208,0
5,-175,0
-15,-190,0
22,-186,0
0,-187,0
-8,-205,0
-16,-172,0
-13,-178,0
3,-194,0
4,-188,0
-13,-195,0
-4,-191,0
20,-187,0
7,-202,0
-8,-180,0
-13,-191,0
-6,-182,0
-18,-189,0
-2,-170,0
0,-179,0
10,-207,0
12,-189,0
4,-208,0
0,-190,0
1,-200,0
12,-196,0
-3,-196,0
15,-184,0
21,-186,0
-17,-194,0
8,-199,0
13,-208,0
17,-177,0
8,-181,0
-10,-188,0
2,-213,0
21,-193,0
-13,-208,0
9,-181,0
-18,-201,0
6,-202,0
-18,-185,0
-22,-196,0
6,-188,0
11,-212,0
1,-213,0
18,-177,0
0,-175,0
8,-168,0
-20,-186,0
20,-186,0
18,-187,0
22,-190,0
15,-181,0
11,-174,0
-11,-170,0
5,-193,0
5,-214,0
20,-204,0
24,-189,0
-9,-209,0
185,107,1
179,94,1
141,100,1
187,104,1
181,107,1
157,90,1
172,115,1
161,78,1
171,104,1
172,73,1
156,78,1
162,104,1
182,94,1
175,95,1
156,116,1
143,104,1
187,104,1
163,93,1
156,88,1
179,108,1
157,96,1
166,116,1
159,84,1
170,86,1
170,101,1
179,77,1
148,106,1
177,88,1
153,107,1
142,85,1
149,93,1
176,105,1
168,87,1
167,82,1
186,88,1
175,113,1
148,88,1
186,99,1
178,98,1
142,94,1
176,110,1
175,78,1
155,107,1
167,97,1
181,99,1
180,85,1
171,105,1
151,81,1
165,82,1
156,115,1
155,94,1
173,109,1
186,107,1
179,109,1
181,101,1
155,107,1
158,86,1
160,91,1
167,103,1
177,112,1
142,99,1
150,100,1
170,76,1
181,92,1
161,73,1
155,77,1
166,93,1
146,98,1
182,82,1
171,116,1
171,79,1
171,88,1
180,88,1
174,78,1
149,95,1
158,93,1
161,73,1
187,103,1
146,97,1
176,113,1
162,75,1
165,94,1
169,119,1
166,78,1
168,102,1
177,112,1
171,109,1
181,80,1
163,99,1
143,104,1
151,106,1
148,97,1
178,97,1
161,114,1
183,91,1
157,88,1
157,84,1
158,86,1
165,107,1
160,87,1
152,81,1
183,99,1
163,105,1
184,98,1
144,93,1
180,89,1
181,112,1
156,115,1
170,105,1
161,79,1
153,117,1
162,97,1
187,89,1
165,86,1
151,80,1
175,99,1
173,85,1
143,87,1
166,93,1
143,102,1
158,112,1
150,107,1
150,93,1
170,86,1
162,85,1
176,92,1
159,72,1
171,82,1
158,84,1
178,114,1
180,93,1
186,100,1
176,89,1
157,95,1
152,106,1
183,98,1
163,104,1
164,119,1
178,92,1
172,84,1
167,108,1
178,105,1
177,106,1
156,103,1
157,74,1
188,96,1
150,82,1
160,90,1
154,93,1
150,88,1
179,82,1
149,78,1
185,99,1
181,79,1
184,84,1
172,116,1
158,115,1
170,113,1
178,97,1
169,86,1
170,109,1
145,80,1
140,97,1
151,80,1
175,104,1
169,114,1
151,77,1
157,74,1
163,100,1
144,100,1
156,73,1
154,113,1
157,104,1
163,103,1
161,106,1
149,109,1
151,85,1
167,100,1
168,77,1
172,96,1
163,113,1
170,91,1
151,78,1
178,95,1
152,91,1
152,77,1
163,110,1
159,76,1
164,105,1
153,95,1
186,106,1
168,87,1
155,116,1
174,110,1
140,96,1
161,96,1
155,110,1
157,108,1
173,105,1
174,116,1
146,86,1
156,93,1
170,73,1
147,90,1
161,86,1
160,113,1
183,97,1
150,84,1
161,98,1
160,92,1
189,98,1
179,89,1
178,104,1
180,86,1
175,92,1
182,85,1
173,98,1
162,95,1
171,73,1
144,88,1
161,94,1
168,72,1
161,82,1
158,119,1
174,98,1
162,88,1
154,83,1
173,89,1
186,100,1
166,93,1
160,100,1
162,111,1
178,115,1
158,106,1
172,73,1
157,106,1
152,76,1
183,93,1
161,77,1
172,87,1
169,87,1
158,110,1
150,111,1
169,87,1
150,95,1
144,101,1
146,110,1
157,111,1
184,99,1
164,115,1
170,88,1
156,101,1
160,86,1
185,89,1
175,113,1
142,101,1
171,85,1
157,98,1
156,73,1
159,101,1
175,115,1
146,93,1
175,109,1
161,81,1
153,105,1
185,95,1
164,106,1
158,86,1
150,75,1
187,88,1
153,102,1
143,103,1
161,88,1
179,102,1
154,112,1
186,103,1
166,105,1
159,101,1
145,105,1
170,83,1
163,102,1
176,88,1
156,85,1
172,98,1
180,92,1
143,104,1
160,81,1
184,100,1
181,105,1
184,95,1
155,72,1
180,78,1
150,92,1
165,112,1
170,83,1
149,106,1
156,82,1
145,109,1
148,102,1
171,111,1
182,112,1
189,95,1
183,81,1
144,92,1
165,101,1
171,85,1
164,75,1
161,113,1
164,119,1
175,84,1
176,109,1
171,102,1
178,98,1
145,92,1
164,83,1
181,102,1
165,88,1
147,80,1
179,112,1
161,113,1
169,90,1
161,104,1
172,86,1
187,93,1
144,102,1
170,92,1
177,99,1
152,84,1
142,104,1
164,83,1
161,74,1
178,75,1
171,116,1
-160,87,1
-181,90,1
-172,107,1
-183,83,1
-153,109,1
-149,108,1
-146,80,1
-146,96,1
-181,79,1
-173,114,1
-173,117,1
-144,99,1
-172,111,1
-168,115,1
-158,108,1
-187,105,1
-157,117,1
-161,82,1
-153,100,1
-165,100,1
-166,95,1
-142,88,1
-156,114,1
-172,92,1
-148,111,1
-150,113,1
-149,112,1
-171,85,1
-154,79,1
-177,110,1
-175,117,1
-170,75,1
-142,86,1
-165,89,1
-167,85,1
-176,75,1
-172,85,1
-161,100,1
-184,82,1
-149,87,1
-143,97,1
-160,90,1
-163,79,1
-162,115,1
-166,99,1
-157,101,1
-176,79,1
-158,106,1
-156,74,1
-175,100,1
-166,106,1
-174,111,1
-188,88,1
-183,102,1
-182,102,1
-162,95,1
-162,117,1
-174,106,1
-170,95,1
-186,92,1
-170,116,1
-160,83,1
-188,103,1
-164,84,1
-164,97,1
-146,90,1
-177,105,1
-179,86,1
-187,105,1
-146,91,1
-158,87,1
-162,112,1
-175,104,1
-160,81,1
-152,109,1
-189,97,1
-177,99,1
-161,118,1
-181,97,1
-145,110,1
-151,90,1
-142,103,1
-163,74,1
-153,115,1
-152,114,1
-184,98,1
-180,78,1
-142,90,1
-177,87,1
-159,78,1
-147,93,1
-185,97,1
-149,111,1
-175,97,1
-148,79,1
-165,79,1
-171,96,1
-165,109,1
-158,115,1
-177,100,1
-184,98,1
-181,111,1
-141,90,1
-158,97,1
-154,110,1
-151,103,1
-173,99,1
-148,112,1
-173,74,1
-159,102,1
-155,72,1
-160,95,1
-153,112,1
-160,112,1
-178,89,1
-163,73,1
-159,102,1
-180,108,1
-176,73,1
-155,111,1
-156,106,1
-175,102,1
-163,94,1
-156,98,1
-141,98,1
-159,109,1
-159,94,1
-142,102,1
-175,101,1
-143,92,1
-175,113,1
-152,115,1
-149,80,1
-186,98,1
-164,117,1
-160,98,1
-159,93,1
-171,74,1
-148,90,1
-143,97,1
-175,82,1
-173,74,1
-182,80,1
-172,97,1
-166,96,1
-176,95,1
-174,98,1
-176,90,1
-144,103,1
-163,93,1
-159,100,1
-171,108,1
-149,99,1
-154,78,1
-152,108,1
-157,87,1
-152,86,1
-151,105,1
-147,111,1
-151,79,1
-180,110,1
-160,92,1
-181,95,1
-169,117,1
-158,105,1
-160,103,1
-162,97,1
-149,76,1
-180,100,1
-153,80,1
-152,75,1
-150,81,1
-148,81,1
-180,81,1
-168,72,1
-166,76,1
-174,91,1
-142,97,1
-187,100,1
-141,91,1
-150,105,1
-170,77,1
-155,102,1
-153,90,1
-142,88,1
-163,93,1
-155,105,1
-153,87,1
-163,111,1
-182,81,1
-150,98,1
-154,116,1
-163,109,1
-181,92,1
-146,98,1
-169,97,1
-181,94,1
-156,102,1
-179,90,1
-179,102,1
-166,76,1
-166,85,1
-164,81,1
-171,94,1
-163,83,1
-157,110,1
-187,90,1
-148,104,1
-149,76,1
-177,76,1
-171,101,1
-156,87,1
-154,83,1
-167,90,1
-165,98,1
-166,71,1
-176,106,1
-179,103,1
-146,81,1
-163,74,1
-173,91,1
-165,87,1
-182,91,1
-180,102,1
-169,92,1
-172,75,1
-168,118,1
-149,112,1
-165,86,1
-155,108,1
-177,94,1
-156,111,1
-168,99,1
-164,86,1
-180,80,1
-183,99,1
-154,77,1
-173,101,1
-145,81,1
-178,94,1
-144,98,1
-144,82,1
-152,87,1
-166,106,1
-174,94,1
-178,77,1
-178,103,1
-167,98,1
-164,87,1
-163,77,1
-155,76,1
-169,94,1
-157,102,1
-141,94,1
-168,85,1
-154,83,1
-161,86,1
-165,104,1
-170,110,1
-184,91,1
-171,79,1
-144,108,1
-174,93,1
-162,110,1
-157,81,1
-159,114,1
-149,99,1
-180,95,1
-164,98,1
-165,90,1
-161,83,1
-161,117,1
-159,88,1
-176,98,1
-143,106,1
-170,72,1
-162,103,1
-162,77,1
-183,82,1
-159,119,1
-171,102,1
-160,97,1
-176,106,1
-171,77,1
-188,91,1
-173,90,1
-183,81,1
-158,91,1
-177,112,1
-175,112,1
-149,109,1
-153,85,1
-151,115,1
-176,105,1
-173,115,1
-165,83,1
-180,102,1
-183,92,1
-149,84,1
-161,89,1
-164,94,1
-180,85,1
-172,96,1
-147,106,1
-145,89,1
-172,80,1
-159,92,1
-165,87,1
-172,100,1
-164,81,1
-182,106,1
-153,104,1
-157,75,1
-169,104,1
-143,85,1
-164,103,1
-165,82,1
-157,100,1
-179,104,1
-177,108,1
-165,114,1
-153,75,1
-154,78,1
-181,86,1
-167,74,1
-153,117,1
-143,90,1
-177,112,1
-147,92,1
-184,108,1
-177,100,1
-173,96,1
-169,109,1
