-11,-142,0
5,-154,0
6,-124,0
22,-142,0
-9,-163,0
0,-154,0
-14,-155,0
17,-141,0
-6,-125,0
-2,-156,0
2,-127,0
-12,-156,0
-1,-160,0
23,-135,0
23,-143,0
10,-153,0
-8,-157,0
12,-123,0
-20,-128,0
14,-132,0
5,-151,0
-19,-125,0
-8,-131,0
-9,-118,0
21,-144,0
-4,-151,0
6,-153,0
14,-130,0
-4,-132,0
13,-147,0
20,-152,0
5,-159,0
-6,-137,0
-17,-132,0
-7,-141,0
-8,-159,0
7,-163,0
5,-131,0
-20,-143,0
-16,-121,0
-4,-133,0
12,-143,0
9,-159,0
-1,-147,0
2,-139,0
-17,-144,0
-3,-133,0
13,-127,0
13,-147,0
-5,-125,0
16,-122,0
-5,-122,0
1,-147,0
-13,-158,0
-3,-147,0
17,-147,0
-7,-118,0
-12,-157,0
-24,-145,0
-6,-141,0
-1,-152,0
-7,-150,0
-8,-130,0
19,-124,0
-9,-137,0
20,-144,0
-15,-132,0
2,-155,0
-8,-129,0
-8,-141,0
-6,-148,0
9,-137,0
-13,-159,0
-1,-126,0
-4,-129,0
4,-126,0
-13,-154,0
11,-155,0
5,-130,0
-18,-126,0
-3,-119,0
17,-156,0
-16,-152,0
-1,-153,0
-14,-155,0
4,-152,0
-18,-144,0
10,-145,0
14,-131,0
-21,-133,0
17,-147,0
20,-140,0
3,-135,0
11,-162,0
-4,-152,0
-3,-152,0
-12,-122,0
-22,-136,0
21,-151,0
3,-145,0
16,-152,0
12,-140,0
-22,-136,0
19,-124,0
20,-152,0
-13,-158,0
-5,-152,0
0,-124,0
-4,-140,0
3,-155,0
13,-120,0
2,-122,0
-4,-137,0
-10,-138,0
-1,-125,0
-23,-145,0
-3,-158,0
21,-140,0
11,-141,0
-4,-162,0
-13,-135,0
-15,-129,0
-3,-148,0
6,-126,0
8,-154,0
13,-146,0
-16,-125,0
-21,-144,0
13,-145,0
3,-133,0
14,-158,0
-2,-118,0
20,-139,0
-12,-160,0
9,-154,0
6,-148,0
-6,-155,0
9,-155,0
-18,-136,0
-22,-138,0
-10,-137,0
9,-118,0
15,-132,0
-3,-159,0
-17,-140,0
17,-124,0
5,-142,0
-17,-145,0
14,-122,0
-19,-143,0
5,-151,0
7,-144,0
20,-129,0
1,-138,0
-7,-137,0
5,-121,0
4,-161,0
0,-131,0
-13,-160,0
-7,-123,0
1,-161,0
-19,-137,0
15,-159,0
-14,-135,0
-12,-148,0
21,-141,0
-5,-131,0
17,-138,0
-21,-138,0
-16,-151,0
0,-148,0
13,-140,0
-7,-116,0
4,-162,0
-9,-161,0
-6,-150,0
-7,-126,0
-15,-158,0
24,-143,0
-20,-130,0
-3,-159,0
1,-126,0
7,-143,0
4,-152,0
-16,-131,0
-10,-154,0
5,-129,0
8,-131,0
17,-135,0
3,-160,0
17,-122,0
-12,-147,0
-11,-131,0
-7,-137,0
-6,-162,0
-14,-158,0
8,-130,0
6,-164,0
9,-147,0
2,-164,0
17,-132,0
-3,-119,0
17,-122,0
14,-146,0
-16,-132,0
11,-154,0
14,-131,0
-5,-139,0
21,-149,0
17,-144,0
-10,-159,0
-15,-124,0
7,-152,0
0,-129,0
15,-144,0
-19,-151,0
16,-136,0
5,-161,0
8,-122,0
-6,-134,0
-3,-122,0
6,-149,0
-7,-149,0
16,-155,0
-13,-134,0
-11,-152,0
2,-123,0
-14,-151,0
14,-144,0
-4,-119,0
19,-124,0
-10,-155,0
16,-124,0
-3,-124,0
20,-133,0
-2,-149,0
8,-161,0
7,-128,0
-19,-150,0
-18,-141,0
18,-132,0
14,-135,0
-6,-152,0
-10,-159,0
21,-143,0
-8,-124,0
-9,-161,0
18,-147,0
-11,-148,0
-13,-152,0
5,-131,0
4,-124,0
14,-145,0
12,-146,0
-3,-154,0
-1,-144,0
15,-150,0
-4,-140,0
24,-134,0
14,-158,0
22,-134,0
-11,-123,0
-4,-149,0
-9,-136,0
-13,-137,0
-4,-150,0
-17,-141,0
-18,-127,0
-8,-153,0
15,-152,0
6,-121,0
4,-135,0
14,-141,0
8,-158,0
-9,-125,0
-7,-155,0
18,-128,0
3,-133,0
15,-132,0
24,-142,0
2,-143,0
17,-130,0
-23,-141,0
-13,-158,0
-24,-136,0
-23,-145,0
19,-124,0
1,-136,0
0,-132,0
1,-152,0
-6,-146,0
-11,-162,0
-7,-155,0
-12,-143,0
-20,-134,0
-5,-123,0
3,-136,0
-11,-143,0
14,-160,0
-9,-120,0
15,-160,0
-15,-133,0
-5,-126,0
3,-140,0
-15,-151,0
21,-143,0
-3,-135,0
2,-160,0
-1,-125,0
9,-117,0
18,-132,0
14,-150,0
18,-130,0
-4,-158,0
-16,-124,0
3,-161,0
2,-122,0
1,-158,0
18,-123,0
14,-140,0
18,-126,0
-5,-151,0
-10,-146,0
-2,-144,0
2,-142,0
9,-157,0
0,-164,0
-1,-157,0
-24,-145,0
17,-135,0
-23,-132,0
0,-138,0
-12,-151,0
108,70,1
109,53,1
124,68,1
113,76,1
110,51,1
140,57,1
145,67,1
144,65,1
102,85,1
119,78,1
132,83,1
105,63,1
133,82,1
115,55,1
121,64,1
117,65,1
114,85,1
124,78,1
114,52,1
129,76,1
138,73,1
127,91,1
126,59,1
129,93,1
107,88,1
134,71,1
136,72,1
133,55,1
136,80,1
132,58,1
122,55,1
107,52,1
110,75,1
114,60,1
112,93,1
135,75,1
132,79,1
117,81,1
107,50,1
97,68,1
116,90,1
137,63,1
130,71,1
140,86,1
130,82,1
100,75,1
123,71,1
138,60,1
109,52,1
137,68,1
107,80,1
108,82,1
137,73,1
115,87,1
106,69,1
127,88,1
136,73,1
135,90,1
103,83,1
120,87,1
137,52,1
120,63,1
135,90,1
121,84,1
118,62,1
116,58,1
112,78,1
117,70,1
142,63,1
142,58,1
101,75,1
123,48,1
98,69,1
121,68,1
124,88,1
119,56,1
98,72,1
111,92,1
102,57,1
137,69,1
106,57,1
128,62,1
131,73,1
141,85,1
115,74,1
129,47,1
144,63,1
131,52,1
132,74,1
129,48,1
138,71,1
104,73,1
108,66,1
107,76,1
127,58,1
113,65,1
123,60,1
144,62,1
116,62,1
125,70,1
115,60,1
134,49,1
130,52,1
131,82,1
122,63,1
111,65,1
124,59,1
104,87,1
104,67,1
108,64,1
110,67,1
145,75,1
122,92,1
130,50,1
123,88,1
126,80,1
98,61,1
110,79,1
119,66,1
135,73,1
131,53,1
113,82,1
144,75,1
138,77,1
138,76,1
112,68,1
131,92,1
105,52,1
138,71,1
142,80,1
119,80,1
116,57,1
140,62,1
99,78,1
114,84,1
142,75,1
113,52,1
97,68,1
108,60,1
123,66,1
110,60,1
102,78,1
118,92,1
114,88,1
104,66,1
128,71,1
129,83,1
123,62,1
130,72,1
124,56,1
119,60,1
106,67,1
130,50,1
144,71,1
143,73,1
124,89,1
133,50,1
104,84,1
107,83,1
105,69,1
115,60,1
116,56,1
115,74,1
125,84,1
127,81,1
134,81,1
141,63,1
112,74,1
140,63,1
108,66,1
99,72,1
124,84,1
132,75,1
119,56,1
130,87,1
134,59,1
125,64,1
121,75,1
142,58,1
125,52,1
111,50,1
122,67,1
123,79,1
132,83,1
117,64,1
145,75,1
108,60,1
125,85,1
122,56,1
125,47,1
125,94,1
114,57,1
143,63,1
144,79,1
128,55,1
137,67,1
109,90,1
107,59,1
126,56,1
121,66,1
128,66,1
142,73,1
117,80,1
119,73,1
117,91,1
110,69,1
125,60,1
101,77,1
100,81,1
109,64,1
138,60,1
125,49,1
126,65,1
115,64,1
130,77,1
142,57,1
116,91,1
115,50,1
132,86,1
109,85,1
122,71,1
101,61,1
109,83,1
132,54,1
110,48,1
126,49,1
116,58,1
115,67,1
122,67,1
130,92,1
143,64,1
97,70,1
99,64,1
110,70,1
127,66,1
112,93,1
102,55,1
119,83,1
114,91,1
102,72,1
130,88,1
138,85,1
125,87,1
124,83,1
109,80,1
140,61,1
130,78,1
141,63,1
136,76,1
138,61,1
102,85,1
135,57,1
125,62,1
126,68,1
136,86,1
120,84,1
128,59,1
105,79,1
117,81,1
111,87,1
120,46,1
103,78,1
130,75,1
118,53,1
97,71,1
144,75,1
137,81,1
102,67,1
142,75,1
130,61,1
114,68,1
114,82,1
143,73,1
108,87,1
99,81,1
98,69,1
135,78,1
126,60,1
131,77,1
143,58,1
119,50,1
131,59,1
125,76,1
125,81,1
119,68,1
116,67,1
113,54,1
144,67,1
138,56,1
119,82,1
111,65,1
101,60,1
142,58,1
101,71,1
123,54,1
116,76,1
108,87,1
123,87,1
106,63,1
128,89,1
101,78,1
121,79,1
120,93,1
129,70,1
142,65,1
122,52,1
100,72,1
129,59,1
107,64,1
144,79,1
129,60,1
111,79,1
133,89,1
110,66,1
105,58,1
124,84,1
143,76,1
127,76,1
112,91,1
121,69,1
135,55,1
130,70,1
119,57,1
135,55,1
109,72,1
116,67,1
97,64,1
110,92,1
123,58,1
104,87,1
110,90,1
116,81,1
118,83,1
-117,69,1
-101,62,1
-110,74,1
-133,87,1
-109,63,1
-143,64,1
-102,70,1
-116,77,1
-120,75,1
-112,75,1
-109,79,1
-139,78,1
-126,92,1
-108,53,1
-121,73,1
-132,89,1
-115,81,1
-118,71,1
-121,51,1
-128,71,1
-127,57,1
-98,76,1
-118,54,1
-130,84,1
-139,58,1
-109,50,1
-136,51,1
-125,72,1
-104,82,1
-138,61,1
-140,76,1
-141,55,1
-142,72,1
-123,88,1
-139,67,1
-132,75,1
-132,78,1
-103,78,1
-121,84,1
-108,78,1
-100,66,1
-128,69,1
-127,82,1
-130,87,1
-116,66,1
-107,81,1
-120,56,1
-125,60,1
-140,73,1
-134,73,1
-114,56,1
-143,67,1
-121,85,1
-136,72,1
-127,66,1
-119,65,1
-120,78,1
-111,79,1
-110,79,1
-122,82,1
-104,56,1
-119,63,1
-106,70,1
-128,78,1
-131,74,1
-111,59,1
-104,78,1
-108,63,1
-116,47,1
-139,71,1
-124,81,1
-101,82,1
-137,87,1
-125,57,1
-123,82,1
-128,72,1
-125,78,1
-106,63,1
-97,72,1
-109,79,1
-122,46,1
-111,79,1
-117,47,1
-107,72,1
-108,87,1
-126,80,1
-114,80,1
-132,81,1
-121,67,1
-120,55,1
-112,53,1
-118,74,1
-136,51,1
-105,51,1
-106,64,1
-117,90,1
-132,84,1
-129,52,1
-108,62,1
-120,46,1
-127,87,1
-118,68,1
-126,82,1
-127,91,1
-128,84,1
-133,49,1
-133,75,1
-135,57,1
-127,61,1
-140,85,1
-114,52,1
-116,67,1
-119,48,1
-132,48,1
-99,66,1
-132,57,1
-142,81,1
-124,47,1
-131,64,1
-101,68,1
-138,87,1
-133,76,1
-133,71,1
-144,79,1
-111,85,1
-110,75,1
-109,76,1
-109,53,1
-102,58,1
-107,86,1
-118,63,1
-136,59,1
-132,64,1
-100,59,1
-97,64,1
-99,68,1
-129,79,1
-137,88,1
-126,56,1
-140,79,1
-131,52,1
-111,51,1
-106,83,1
-106,83,1
-129,58,1
-114,53,1
-138,86,1
-111,83,1
-121,51,1
-136,76,1
-114,73,1
-133,50,1
-145,65,1
-130,75,1
-118,93,1
-117,55,1
-143,63,1
-97,76,1
-138,76,1
-130,91,1
-129,53,1
-126,46,1
-131,90,1
-98,77,1
-106,74,1
-117,57,1
-105,87,1
-102,59,1
-115,56,1
-124,82,1
-112,50,1
-141,74,1
-140,82,1
-114,66,1
-118,56,1
-112,73,1
-125,82,1
-132,60,1
-129,60,1
-121,49,1
-115,58,1
-139,68,1
-129,93,1
-101,69,1
-123,52,1
-136,61,1
-125,80,1
-124,62,1
-109,72,1
-118,94,1
-107,71,1
-118,89,1
-114,76,1
-110,61,1
-109,67,1
-132,83,1
-142,81,1
-139,70,1
-127,67,1
-126,57,1
-135,73,1
-116,65,1
-128,56,1
-129,77,1
-130,79,1
-100,71,1
-134,85,1
-117,56,1
-135,75,1
-141,74,1
-135,64,1
-100,78,1
-118,69,1
-119,61,1
-131,53,1
-109,55,1
-102,57,1
-126,61,1
-106,81,1
-133,69,1
-132,91,1
-140,77,1
-119,80,1
-109,66,1
-132,79,1
-122,77,1
-128,51,1
-129,70,1
-111,67,1
-117,94,1
-103,63,1
-120,75,1
-143,63,1
-108,51,1
-142,58,1
-102,81,1
-116,94,1
-109,76,1
-121,82,1
-110,51,1
-121,69,1
-144,70,1
-116,83,1
-129,63,1
-113,65,1
-142,67,1
-110,76,1
-114,85,1
-113,88,1
-124,49,1
-131,86,1
-125,88,1
-99,61,1
-126,60,1
-137,56,1
-98,79,1
-122,57,1
-122,70,1
-105,78,1
-118,68,1
-114,50,1
-99,67,1
-134,55,1
-126,78,1
-110,75,1
-133,58,1
-137,66,1
-129,48,1
-98,78,1
-128,63,1
-134,72,1
-139,74,1
-143,64,1
-116,64,1
-128,49,1
-115,60,1
-108,63,1
-104,71,1
-144,73,1
-120,70,1
-128,58,1
-142,77,1
-129,80,1
-113,74,1
-99,61,1
-115,92,1
-128,69,1
-128,49,1
-137,54,1
-144,72,1
-141,76,1
-122,47,1
-138,84,1
-105,51,1
-113,58,1
-143,61,1
-103,84,1
-132,81,1
-118,58,1
-115,53,1
-111,51,1
-107,84,1
-120,67,1
-114,72,1
-124,67,1
-128,62,1
-136,64,1
-134,56,1
-126,73,1
-120,89,1
-117,76,1
-113,65,1
-135,64,1
-119,85,1
-129,87,1
-144,65,1
-108,69,1
-137,79,1
-115,81,1
-146,68,1
-109,72,1
-114,74,1
-109,87,1
-115,67,1
-113,64,1
-134,67,1
-112,93,1
-120,53,1
-104,75,1
-126,78,1
-118,81,1
-105,70,1
-141,63,1
