12,-128,0
-3,-147,0
13,-141,0
2,-128,0
24,-127,0
11,-148,0
21,-119,0
-22,-126,0
-13,-136,0
-15,-113,0
-6,-137,0
21,-126,0
-5,-142,0
22,-126,0
9,-143,0
6,-145,0
1,-149,0
6,-151,0
4,-121,0
-13,-151,0
-14,-134,0
1,-115,0
-5,-140,0
-6,-140,0
-1,-130,0
-9,-126,0
-4,-148,0
-19,-142,0
14,-149,0
-4,-138,0
-1,-151,0
20,-135,0
-5,-152,0
1,-143,0
14,-122,0
3,-125,0
8,-147,0
-16,-147,0
-7,-152,0
8,-150,0
19,-126,0
17,-143,0
10,-136,0
-12,-144,0
1,-129,0
-5,-138,0
11,-138,0
24,-132,0
-12,-127,0
22,-120,0
23,-134,0
1,-136,0
-11,-115,0
-11,-123,0
-7,-137,0
-23,-123,0
8,-111,0
2,-122,0
17,-138,0
-11,-117,0
-19,-126,0
1,-144,0
-3,-109,0
14,-115,0
-10,-118,0
-6,-136,0
16,-123,0
-18,-142,0
17,-136,0
8,-115,0
17,-132,0
-12,-137,0
-15,-116,0
-18,-130,0
-15,-142,0
6,-117,0
-17,-141,0
20,-138,0
-3,-118,0
-13,-113,0
10,-150,0
-9,-119,0
-6,-132,0
-21,-131,0
3,-125,0
-17,-123,0
-12,-151,0
14,-141,0
-3,-148,0
-9,-148,0
3,-112,0
22,-133,0
-5,-145,0
-4,-137,0
-5,-138,0
3,-119,0
11,-109,0
-14,-128,0
15,-137,0
22,-120,0
13,-149,0
-8,-142,0
-14,-138,0
-4,-144,0
7,-125,0
19,-123,0
19,-122,0
8,-116,0
16,-129,0
17,-136,0
-4,-154,0
4,-118,0
23,-123,0
2,-120,0
-15,-147,0
-11,-113,0
-11,-133,0
-17,-138,0
-4,-125,0
3,-148,0
-3,-141,0
-7,-134,0
-13,-133,0
-12,-128,0
9,-150,0
2,-106,0
3,-144,0
-7,-141,0
0,-130,0
11,-134,0
8,-151,0
23,-128,0
-4,-118,0
21,-121,0
-5,-146,0
-20,-125,0
-6,-154,0
4,-128,0
-13,-144,0
17,-144,0
19,-128,0
8,-144,0
7,-116,0
-21,-127,0
2,-114,0
-9,-144,0
-2,-129,0
-15,-119,0
-21,-121,0
-8,-142,0
6,-124,0
-12,-113,0
-9,-127,0
11,-151,0
4,-152,0
19,-140,0
-22,-125,0
14,-115,0
0,-137,0
-20,-141,0
-13,-142,0
12,-115,0
-7,-122,0
2,-152,0
-2,-124,0
1,-148,0
2,-108,0
16,-142,0
10,-140,0
-5,-131,0
3,-142,0
-8,-137,0
8,-142,0
-7,-109,0
23,-132,0
-2,-132,0
-4,-148,0
13,-114,0
6,-106,0
19,-142,0
0,-131,0
-14,-145,0
-5,-131,0
-12,-119,0
-5,-148,0
18,-128,0
-2,-115,0
3,-132,0
-10,-119,0
-7,-133,0
-8,-118,0
-8,-116,0
-21,-132,0
10,-145,0
-10,-121,0
3,-135,0
-1,-133,0
-12,-134,0
2,-141,0
-10,-149,0
-16,-137,0
9,-116,0
10,-144,0
-18,-139,0
19,-137,0
19,-146,0
5,-144,0
11,-126,0
-6,-124,0
0,-138,0
12,-140,0
-7,-121,0
-12,-112,0
8,-129,0
10,-150,0
8,-131,0
3,-117,0
-16,-139,0
15,-122,0
-20,-136,0
20,-117,0
-17,-130,0
-14,-112,0
-7,-154,0
15,-134,0
0,-111,0
-15,-119,0
-3,-132,0
-16,-117,0
-1,-114,0
13,-115,0
-14,-149,0
-20,-121,0
5,-135,0
-11,-122,0
-3,-131,0
6,-145,0
18,-132,0
9,-148,0
18,-136,0
-11,-133,0
17,-133,0
-13,-139,0
12,-149,0
14,-124,0
5,-115,0
7,-139,0
16,-120,0
-4,-128,0
11,-152,0
12,-132,0
-22,-127,0
-8,-138,0
2,-119,0
17,-138,0
1,-147,0
21,-136,0
8,-142,0
-7,-116,0
-11,-148,0
-1,-107,0
-15,-118,0
4,-139,0
-3,-140,0
1,-143,0
-18,-133,0
18,-125,0
9,-146,0
8,-146,0
24,-124,0
-17,-138,0
19,-143,0
2,-137,0
-5,-147,0
-15,-110,0
3,-120,0
-13,-149,0
12,-137,0
-18,-129,0
18,-122,0
-7,-114,0
8,-117,0
2,-153,0
15,-134,0
8,-135,0
-2,-120,0
-12,-141,0
1,-134,0
13,-144,0
11,-123,0
7,-112,0
-11,-110,0
-17,-132,0
14,-140,0
-5,-141,0
11,-133,0
-9,-117,0
20,-127,0
-17,-118,0
-6,-139,0
-15,-113,0
-8,-128,0
12,-131,0
-20,-139,0
7,-127,0
-1,-134,0
-9,-110,0
-2,-145,0
4,-116,0
-13,-138,0
-22,-141,0
10,-132,0
-20,-127,0
-1,-127,0
6,-140,0
7,-142,0
12,-121,0
6,-124,0
-21,-128,0
-7,-123,0
-7,-132,0
-23,-126,0
18,-136,0
17,-132,0
-4,-124,0
10,-125,0
-12,-141,0
15,-124,0
21,-129,0
2,-140,0
-4,-118,0
3,-109,0
-8,-119,0
121,52,1
101,77,1
131,55,1
131,68,1
135,56,1
100,53,1
105,55,1
109,42,1
107,77,1
124,77,1
104,45,1
113,81,1
123,83,1
125,48,1
125,48,1
93,55,1
104,51,1
105,60,1
131,50,1
112,54,1
98,82,1
95,70,1
98,68,1
109,43,1
103,71,1
107,81,1
101,65,1
133,76,1
111,43,1
94,63,1
101,48,1
126,76,1
105,80,1
106,54,1
102,73,1
107,89,1
90,70,1
107,73,1
107,55,1
91,53,1
124,43,1
119,60,1
116,65,1
109,82,1
111,46,1
123,74,1
102,69,1
102,85,1
116,73,1
100,67,1
96,77,1
108,47,1
117,69,1
104,83,1
130,81,1
92,65,1
129,65,1
129,80,1
116,77,1
109,48,1
128,73,1
126,48,1
114,44,1
108,45,1
123,55,1
94,71,1
117,45,1
122,84,1
120,48,1
110,81,1
104,42,1
104,70,1
113,48,1
124,53,1
120,77,1
113,53,1
118,83,1
101,62,1
135,60,1
118,43,1
134,66,1
134,59,1
116,87,1
117,65,1
130,53,1
122,73,1
104,76,1
117,59,1
107,80,1
110,63,1
128,84,1
106,71,1
116,61,1
117,80,1
102,85,1
105,81,1
102,72,1
123,73,1
124,52,1
136,71,1
96,67,1
111,56,1
134,55,1
124,61,1
122,42,1
127,67,1
107,71,1
110,42,1
94,64,1
109,47,1
115,82,1
126,60,1
125,47,1
91,54,1
136,69,1
100,81,1
106,63,1
91,77,1
117,83,1
127,65,1
97,47,1
108,85,1
102,54,1
105,71,1
120,48,1
135,69,1
108,67,1
107,80,1
99,79,1
124,81,1
92,53,1
101,54,1
106,74,1
105,64,1
130,66,1
112,89,1
118,69,1
103,56,1
100,65,1
137,65,1
91,65,1
96,82,1
122,84,1
104,84,1
105,87,1
121,57,1
116,76,1
119,46,1
111,68,1
130,55,1
94,57,1
100,79,1
110,71,1
111,52,1
120,84,1
123,87,1
112,59,1
98,60,1
99,53,1
106,81,1
126,80,1
115,78,1
114,45,1
110,77,1
119,54,1
105,54,1
132,73,1
104,78,1
135,74,1
123,43,1
89,65,1
109,80,1
121,73,1
95,53,1
110,56,1
130,64,1
122,81,1
113,61,1
91,58,1
105,45,1
123,54,1
122,66,1
109,64,1
100,55,1
116,43,1
92,53,1
123,60,1
113,60,1
135,63,1
112,78,1
128,60,1
120,52,1
119,87,1
119,76,1
101,50,1
136,71,1
133,72,1
133,56,1
122,43,1
93,75,1
134,58,1
94,72,1
105,78,1
123,73,1
105,82,1
123,47,1
106,79,1
121,44,1
117,43,1
132,51,1
113,57,1
120,49,1
99,61,1
106,41,1
116,44,1
113,84,1
115,77,1
92,71,1
111,49,1
105,64,1
127,56,1
120,59,1
110,80,1
117,57,1
135,62,1
113,79,1
113,46,1
120,76,1
117,63,1
109,63,1
122,50,1
89,63,1
110,54,1
106,59,1
99,55,1
116,76,1
105,65,1
119,75,1
107,55,1
126,59,1
125,64,1
99,75,1
102,64,1
105,88,1
127,64,1
88,67,1
118,45,1
119,77,1
111,85,1
111,84,1
109,61,1
124,71,1
106,47,1
129,55,1
133,77,1
107,47,1
135,67,1
115,70,1
101,47,1
108,63,1
135,57,1
110,76,1
128,49,1
122,83,1
97,64,1
134,59,1
111,72,1
132,79,1
131,64,1
117,57,1
108,45,1
90,70,1
99,47,1
130,60,1
94,78,1
126,45,1
97,59,1
135,75,1
126,63,1
122,83,1
123,83,1
98,83,1
90,59,1
135,55,1
98,79,1
97,77,1
122,69,1
120,60,1
110,69,1
105,72,1
112,70,1
117,77,1
121,54,1
106,59,1
103,80,1
100,49,1
121,51,1
129,70,1
93,68,1
93,56,1
118,56,1
103,80,1
91,63,1
131,80,1
123,62,1
128,57,1
110,78,1
98,73,1
116,89,1
127,82,1
113,42,1
98,83,1
114,52,1
106,53,1
125,69,1
98,72,1
113,48,1
132,51,1
98,73,1
105,75,1
97,68,1
95,58,1
104,56,1
111,82,1
112,48,1
114,71,1
94,79,1
107,84,1
132,51,1
94,71,1
128,75,1
111,52,1
116,43,1
-113,87,1
-128,67,1
-125,78,1
-125,54,1
-97,59,1
-106,47,1
-136,70,1
-115,86,1
-106,78,1
-123,52,1
-106,80,1
-137,68,1
-96,76,1
-92,72,1
-117,60,1
-128,62,1
-107,50,1
-100,44,1
-114,88,1
-101,78,1
-102,72,1
-112,88,1
-124,58,1
-125,79,1
-110,67,1
-110,66,1
-122,43,1
-92,77,1
-120,72,1
-112,77,1
-135,55,1
-125,76,1
-106,66,1
-108,65,1
-136,64,1
-126,66,1
-106,57,1
-117,54,1
-107,84,1
-115,57,1
-125,53,1
-113,89,1
-102,46,1
-104,84,1
-100,54,1
-107,42,1
-132,72,1
-118,73,1
-126,44,1
-129,59,1
-106,54,1
-101,68,1
-126,77,1
-133,57,1
-114,56,1
-129,54,1
-102,50,1
-114,86,1
-135,64,1
-113,66,1
-109,54,1
-94,72,1
-125,50,1
-123,74,1
-106,75,1
-126,60,1
-134,69,1
-136,71,1
-101,87,1
-107,75,1
-111,72,1
-106,74,1
-95,69,1
-95,49,1
-127,83,1
-131,78,1
-118,49,1
-103,51,1
-107,62,1
-103,68,1
-117,69,1
-128,70,1
-115,84,1
-108,71,1
-97,59,1
-118,75,1
-94,81,1
-106,69,1
-133,78,1
-128,84,1
-101,56,1
-113,81,1
-122,53,1
-107,89,1
-101,56,1
-91,67,1
-108,70,1
-105,45,1
-91,56,1
-120,64,1
-136,64,1
-114,60,1
-107,48,1
-122,48,1
-104,43,1
-100,55,1
-110,57,1
-117,56,1
-102,74,1
-115,85,1
-94,67,1
-100,56,1
-105,61,1
-114,72,1
-114,59,1
-105,70,1
-106,59,1
-110,62,1
-118,77,1
-101,46,1
-127,79,1
-124,49,1
-111,61,1
-124,68,1
-115,60,1
-132,65,1
-90,73,1
-104,84,1
-108,78,1
-135,69,1
-133,67,1
-124,87,1
-128,83,1
-119,73,1
-135,54,1
-113,42,1
-123,71,1
-132,59,1
-88,65,1
-127,64,1
-111,65,1
-131,62,1
-100,65,1
-128,83,1
-118,41,1
-118,57,1
-94,66,1
-96,65,1
-106,57,1
-126,58,1
-94,56,1
-124,87,1
-115,72,1
-125,81,1
-120,74,1
-93,52,1
-95,79,1
-104,86,1
-122,60,1
-114,70,1
-108,54,1
-105,77,1
-137,68,1
-109,52,1
-94,49,1
-101,83,1
-128,46,1
-134,55,1
-112,70,1
-114,50,1
-113,66,1
-122,52,1
-124,55,1
-115,58,1
-112,47,1
-108,46,1
-131,63,1
-94,53,1
-118,46,1
-101,44,1
-128,75,1
-133,56,1
-122,81,1
-107,62,1
-103,67,1
-107,71,1
-114,86,1
-99,64,1
-116,43,1
-127,76,1
-131,56,1
-129,82,1
-97,62,1
-101,52,1
-132,60,1
-93,52,1
-131,49,1
-93,65,1
-100,74,1
-135,74,1
-106,86,1
-128,72,1
-118,43,1
-105,68,1
-102,56,1
-110,74,1
-105,86,1
-121,83,1
-96,58,1
-112,45,1
-121,84,1
-125,69,1
-104,76,1
-96,51,1
-127,73,1
-111,46,1
-118,53,1
-121,43,1
-106,49,1
-112,51,1
-112,54,1
-127,73,1
-126,81,1
-116,81,1
-100,77,1
-110,89,1
-108,86,1
-90,70,1
-113,65,1
-119,51,1
-117,52,1
-100,76,1
-125,58,1
-110,47,1
-116,52,1
-111,45,1
-105,56,1
-115,56,1
-99,82,1
-113,66,1
-136,73,1
-112,59,1
-108,65,1
-114,63,1
-116,79,1
-122,70,1
-132,78,1
-101,44,1
-113,46,1
-132,55,1
-101,43,1
-126,79,1
-99,78,1
-110,77,1
-116,44,1
-105,72,1
-129,51,1
-115,60,1
-131,50,1
-103,76,1
-134,58,1
-102,61,1
-119,76,1
-114,67,1
-110,41,1
-113,50,1
-107,89,1
-115,55,1
-120,54,1
-103,70,1
-121,72,1
-131,53,1
-127,57,1
-111,54,1
-102,68,1
-127,58,1
-123,48,1
-109,75,1
-120,80,1
-117,56,1
-124,75,1
-94,77,1
-135,59,1
-116,63,1
-115,78,1
-96,75,1
-122,82,1
-110,80,1
-102,81,1
-127,51,1
-113,89,1
-131,68,1
-128,66,1
-113,87,1
-97,54,1
-134,66,1
-116,56,1
-127,76,1
-108,42,1
-113,44,1
-115,59,1
-126,61,1
-94,81,1
-107,89,1
-126,60,1
-118,81,1
-101,58,1
-136,66,1
-109,80,1
-131,75,1
-110,65,1
-93,78,1
-100,79,1
-104,50,1
-117,83,1
-102,44,1
-136,65,1
-123,76,1
-131,66,1
-113,46,1
-128,81,1
-99,81,1
-117,61,1
-119,60,1
-125,67,1
-115,55,1
-110,65,1
-120,53,1
-99,75,1
-105,42,1
-125,54,1
-130,59,1
-121,46,1
