8,-196,0
15,-168,0
-9,-179,0
0,-162,0
11,-171,0
10,-179,0
-1,-162,0
-11,-185,0
14,-160,0
3,-190,0
4,-166,0
0,-196,0
-1,-190,0
-12,-197,0
12,-187,0
6,-192,0
-11,-195,0
7,-159,0
21,-193,0
4,-191,0
-3,-179,0
6,-168,0
-11,-158,0
17,-198,0
15,-195,0
10,-177,0
7,-190,0
-16,-186,0
2,-160,0
0,-166,0
-5,-160,0
10,-194,0
15,-189,0
-19,-169,0
-1,-173,0
5,-187,0
5,-177,0
-10,-194,0
5,-195,0
1,-157,0
-16,-185,0
-7,-188,0
-11,-189,0
-9,-164,0
-4,-162,0
22,-179,0
3,-159,0
21,-186,0
23,-177,0
-18,-170,0
21,-169,0
7,-159,0
-17,-176,0
-1,-185,0
-20,-186,0
-21,-193,0
-8,-157,0
13,-182,0
13,-184,0
-24,-183,0
-2,-203,0
17,-167,0
-17,-195,0
-16,-199,0
10,-193,0
-20,-170,0
14,-177,0
11,-158,0
-15,-173,0
0,-175,0
8,-179,0
3,-200,0
3,-168,0
-17,-176,0
0,-164,0
-23,-185,0
-1,-190,0
-5,-189,0
-23,-177,0
8,-196,0
20,-187,0
-13,-182,0
-1,-174,0
-14,-175,0
9,-166,0
-6,-191,0
-15,-162,0
1,-191,0
-22,-171,0
-18,-186,0
-7,-190,0
-24,-174,0
-4,-174,0
12,-169,0
-21,-182,0
19,-166,0
-3,-204,0
-15,-189,0
16,-193,0
1,-156,0
11,-164,0
6,-191,0
23,-187,0
7,-188,0
1,-177,0
-3,-170,0
8,-174,0
-13,-167,0
-15,-170,0
-3,-164,0
10,-189,0
7,-191,0
-9,-188,0
-8,-178,0
1,-200,0
-18,-176,0
21,-172,0
12,-172,0
5,-194,0
-7,-204,0
11,-196,0
-18,-189,0
0,-178,0
-17,-181,0
-7,-164,0
-16,-178,0
1,-194,0
-22,-189,0
-10,-180,0
-13,-191,0
-3,-187,0
8,-159,0
19,-188,0
-12,-181,0
2,-189,0
12,-201,0
-11,-186,0
-16,-182,0
23,-175,0
2,-168,0
22,-173,0
18,-189,0
-8,-176,0
-21,-170,0
-3,-161,0
3,-174,0
16,-174,0
-19,-183,0
14,-190,0
-2,-165,0
19,-188,0
8,-197,0
-4,-174,0
17,-171,0
-16,-175,0
-21,-191,0
-14,-172,0
11,-177,0
5,-163,0
11,-200,0
-9,-180,0
5,-198,0
2,-187,0
20,-180,0
-5,-169,0
-8,-181,0
9,-203,0
7,-201,0
24,-184,0
-6,-162,0
5,-174,0
-2,-198,0
-9,-163,0
2,-167,0
-16,-178,0
22,-182,0
-18,-163,0
3,-162,0
18,-180,0
0,-175,0
2,-198,0
16,-178,0
-14,-161,0
9,-176,0
8,-194,0
15,-193,0
1,-180,0
-12,-160,0
17,-164,0
18,-181,0
-19,-179,0
-11,-175,0
-9,-172,0
9,-174,0
7,-171,0
-5,-202,0
15,-179,0
2,-200,0
3,-203,0
8,-163,0
-8,-171,0
-12,-171,0
12,-164,0
5,-188,0
-14,-191,0
-5,-188,0
2,-157,0
6,-173,0
-17,-190,0
22,-173,0
-24,-174,0
15,-187,0
-4,-204,0
18,-178,0
21,-181,0
-13,-187,0
-8,-165,0
-14,-170,0
-9,-190,0
-13,-171,0
-14,-200,0
6,-156,0
8,-202,0
-1,-191,0
-12,-173,0
-11,-195,0
-21,-193,0
-16,-189,0
-19,-167,0
-15,-187,0
-2,-197,0
-8,-201,0
11,-187,0
16,-197,0
6,-165,0
11,-196,0
10,-170,0
24,-186,0
-2,-168,0
14,-163,0
-20,-178,0
1,-162,0
-3,-176,0
4,-192,0
-4,-200,0
13,-171,0
0,-158,0
11,-191,0
-2,-201,0
-15,-196,0
2,-187,0
-13,-160,0
16,-198,0
-24,-181,0
10,-183,0
18,-197,0
18,-168,0
-15,-193,0
17,-165,0
4,-173,0
3,-163,0
-6,-177,0
-22,-174,0
13,-198,0
2,-187,0
1,-198,0
9,-199,0
12,-165,0
12,-195,0
-10,-182,0
21,-184,0
-21,-193,0
-9,-203,0
-16,-176,0
24,-184,0
-21,-186,0
16,-161,0
10,-192,0
2,-182,0
-21,-190,0
16,-193,0
-19,-195,0
15,-177,0
14,-179,0
6,-194,0
17,-175,0
-1,-181,0
-7,-158,0
3,-174,0
9,-173,0
2,-166,0
5,-188,0
-4,-159,0
9,-173,0
-12,-180,0
-3,-164,0
3,-165,0
18,-174,0
20,-177,0
14,-168,0
13,-166,0
-4,-175,0
-6,-193,0
-13,-169,0
4,-179,0
14,-184,0
-5,-169,0
-5,-201,0
-8,-176,0
13,-179,0
-6,-168,0
11,-172,0
-5,-170,0
-4,-187,0
13,-197,0
-17,-163,0
5,-164,0
18,-186,0
-18,-195,0
-24,-186,0
-7,-173,0
7,-201,0
-20,-172,0
24,-181,0
-19,-172,0
-7,-168,0
7,-184,0
-5,-162,0
-11,-163,0
19,-185,0
-10,-174,0
9,-187,0
-7,-197,0
169,76,1
147,67,1
149,110,1
155,77,1
168,96,1
133,86,1
147,69,1
154,70,1
154,83,1
155,90,1
146,96,1
167,69,1
173,102,1
140,102,1
148,81,1
159,94,1
165,74,1
178,80,1
149,91,1
164,111,1
147,89,1
160,78,1
158,74,1
140,109,1
157,99,1
175,106,1
180,89,1
168,93,1
178,87,1
173,106,1
133,81,1
147,92,1
134,91,1
159,70,1
156,68,1
145,85,1
176,81,1
145,92,1
156,113,1
154,68,1
178,98,1
138,94,1
134,91,1
140,97,1
147,105,1
156,106,1
157,91,1
132,93,1
157,106,1
143,71,1
155,83,1
148,74,1
168,74,1
143,107,1
150,71,1
170,103,1
163,94,1
175,89,1
169,89,1
161,84,1
177,85,1
156,76,1
144,76,1
139,93,1
174,101,1
172,104,1
158,101,1
170,75,1
176,86,1
167,111,1
156,98,1
165,83,1
145,102,1
152,108,1
169,73,1
141,78,1
157,69,1
144,105,1
166,91,1
150,77,1
164,83,1
179,91,1
153,95,1
144,69,1
149,69,1
145,86,1
150,109,1
136,93,1
167,77,1
144,75,1
155,66,1
167,68,1
154,88,1
152,112,1
142,106,1
134,87,1
165,76,1
175,106,1
143,95,1
149,90,1
132,88,1
167,75,1
168,93,1
171,103,1
150,114,1
139,80,1
172,109,1
151,103,1
167,104,1
133,95,1
150,90,1
151,102,1
150,90,1
162,113,1
155,101,1
174,82,1
158,89,1
180,89,1
155,107,1
160,69,1
172,79,1
142,102,1
179,87,1
163,111,1
174,96,1
170,106,1
174,95,1
153,105,1
170,110,1
158,97,1
132,84,1
152,71,1
168,110,1
155,72,1
156,82,1
134,80,1
141,100,1
141,77,1
141,78,1
135,88,1
157,83,1
153,107,1
148,96,1
158,89,1
178,97,1
153,69,1
164,73,1
151,72,1
151,70,1
137,98,1
173,101,1
172,95,1
150,69,1
161,80,1
169,77,1
150,103,1
149,74,1
176,87,1
176,104,1
173,84,1
140,97,1
133,82,1
169,110,1
176,99,1
165,90,1
176,89,1
166,73,1
163,75,1
154,71,1
144,89,1
163,84,1
168,88,1
163,69,1
176,99,1
137,76,1
137,88,1
172,94,1
146,97,1
150,107,1
174,106,1
134,90,1
169,89,1
172,86,1
171,99,1
138,73,1
160,67,1
138,76,1
160,75,1
175,91,1
132,88,1
141,93,1
148,106,1
172,78,1
150,96,1
139,72,1
176,104,1
148,73,1
164,111,1
133,95,1
153,86,1
147,99,1
165,98,1
176,83,1
143,110,1
155,67,1
144,85,1
161,77,1
146,93,1
170,85,1
161,81,1
157,94,1
157,90,1
133,87,1
179,97,1
165,108,1
159,73,1
157,87,1
160,108,1
177,98,1
151,84,1
168,101,1
163,92,1
137,104,1
166,77,1
175,75,1
164,101,1
166,70,1
140,108,1
164,99,1
147,86,1
177,94,1
137,90,1
139,95,1
160,113,1
159,99,1
167,103,1
168,100,1
145,82,1
156,78,1
161,102,1
149,101,1
157,72,1
162,81,1
148,86,1
139,94,1
137,97,1
171,80,1
165,103,1
160,95,1
163,81,1
169,72,1
178,79,1
144,73,1
161,87,1
147,100,1
170,97,1
154,111,1
140,105,1
152,90,1
173,85,1
140,71,1
173,75,1
132,94,1
173,104,1
157,112,1
175,83,1
152,104,1
155,85,1
177,81,1
140,82,1
157,98,1
156,85,1
159,107,1
171,92,1
166,80,1
157,86,1
143,96,1
160,82,1
152,81,1
147,82,1
142,71,1
149,73,1
150,81,1
149,99,1
146,95,1
165,97,1
166,102,1
164,99,1
139,84,1
148,106,1
158,71,1
150,80,1
162,97,1
156,82,1
135,85,1
153,111,1
147,86,1
145,69,1
159,96,1
150,76,1
158,99,1
142,85,1
158,104,1
149,84,1
136,83,1
176,85,1
142,87,1
141,78,1
149,77,1
160,66,1
146,69,1
153,110,1
166,81,1
163,69,1
157,89,1
153,77,1
135,89,1
135,98,1
152,98,1
159,78,1
156,72,1
148,80,1
149,79,1
148,69,1
180,84,1
147,101,1
136,95,1
153,79,1
164,71,1
154,93,1
172,83,1
172,98,1
137,75,1
-162,86,1
-163,94,1
-158,67,1
-139,93,1
-172,97,1
-159,88,1
-177,97,1
-177,82,1
-171,103,1
-178,81,1
-155,87,1
-135,99,1
-148,90,1
-151,68,1
-178,96,1
-177,94,1
-161,76,1
-171,108,1
-180,91,1
-174,104,1
-171,106,1
-149,83,1
-138,88,1
-158,87,1
-174,89,1
-163,103,1
-172,93,1
-155,111,1
-178,81,1
-149,68,1
-152,80,1
-173,74,1
-173,73,1
-139,91,1
-155,110,1
-163,104,1
-162,97,1
-163,94,1
-178,83,1
-139,84,1
-178,79,1
-152,95,1
-145,78,1
-179,86,1
-171,101,1
-163,96,1
-132,88,1
-134,98,1
-133,82,1
-138,92,1
-164,91,1
-173,76,1
-147,110,1
-155,77,1
-143,97,1
-143,98,1
-176,91,1
-158,96,1
-168,74,1
-160,74,1
-131,88,1
-164,107,1
-158,104,1
-136,101,1
-164,101,1
-147,83,1
-149,87,1
-150,72,1
-137,102,1
-135,93,1
-175,106,1
-150,102,1
-153,86,1
-135,103,1
-170,102,1
-135,77,1
-146,81,1
-165,70,1
-151,111,1
-180,90,1
-139,104,1
-173,81,1
-150,93,1
-179,92,1
-158,92,1
-135,86,1
-148,105,1
-167,88,1
-144,104,1
-147,113,1
-135,77,1
-139,82,1
-173,75,1
-154,92,1
-172,72,1
-156,66,1
-156,92,1
-175,74,1
-161,95,1
-160,101,1
-150,72,1
-155,76,1
-138,89,1
-149,66,1
-173,91,1
-167,111,1
-153,72,1
-150,107,1
-142,104,1
-163,84,1
-137,92,1
-142,80,1
-164,82,1
-141,72,1
-140,93,1
-139,95,1
-166,70,1
-173,106,1
-177,85,1
-134,92,1
-161,104,1
-176,103,1
-165,105,1
-170,95,1
-138,80,1
-142,83,1
-145,109,1
-154,96,1
-163,84,1
-136,79,1
-149,99,1
-165,73,1
-143,106,1
-175,90,1
-155,75,1
-163,81,1
-166,83,1
-159,78,1
-157,82,1
-145,96,1
-138,94,1
-134,97,1
-155,111,1
-137,74,1
-136,75,1
-137,94,1
-143,96,1
-151,88,1
-149,77,1
-166,68,1
-144,108,1
-167,108,1
-157,77,1
-157,66,1
-141,88,1
-141,109,1
-139,96,1
-162,84,1
-137,100,1
-162,78,1
-173,96,1
-171,103,1
-150,112,1
-144,108,1
-142,79,1
-164,86,1
-137,94,1
-161,90,1
-160,104,1
-174,91,1
-177,96,1
-147,68,1
-160,95,1
-159,107,1
-171,104,1
-132,93,1
-152,112,1
-138,82,1
-149,102,1
-139,105,1
-144,96,1
-165,70,1
-161,85,1
-137,86,1
-144,101,1
-146,78,1
-141,102,1
-145,69,1
-155,77,1
-175,98,1
-136,88,1
-173,99,1
-168,102,1
-164,90,1
-149,103,1
-150,84,1
-153,96,1
-155,84,1
-154,105,1
-145,79,1
-151,89,1
-162,74,1
-148,109,1
-163,96,1
-173,77,1
-148,99,1
-157,88,1
-163,78,1
-157,91,1
-169,110,1
-154,106,1
-168,97,1
-160,113,1
-140,108,1
-134,95,1
-167,90,1
-172,72,1
-148,96,1
-178,90,1
-149,110,1
-138,84,1
-159,82,1
-146,80,1
-152,82,1
-167,88,1
-175,75,1
-155,99,1
-145,103,1
-142,92,1
-146,72,1
-143,98,1
-143,93,1
-150,79,1
-159,109,1
-164,112,1
-148,109,1
-165,68,1
-166,111,1
-174,86,1
-151,95,1
-158,110,1
-144,85,1
-174,79,1
-133,82,1
-164,92,1
-162,106,1
-147,92,1
-168,107,1
-162,98,1
-147,111,1
-170,102,1
-136,83,1
-177,87,1
-167,92,1
-152,73,1
-176,87,1
-176,90,1
-146,84,1
-174,80,1
-161,112,1
-152,82,1
-140,99,1
-169,90,1
-139,103,1
-144,92,1
-142,84,1
-149,110,1
-151,93,1
-159,93,1
-170,99,1
-145,98,1
-148,102,1
-146,83,1
-165,94,1
-139,95,1
-152,74,1
-179,89,1
-141,103,1
-150,85,1
-156,65,1
-145,88,1
-168,78,1
-171,88,1
-147,79,1
-145,103,1
-155,69,1
-159,86,1
-164,106,1
-170,98,1
-168,89,1
-147,83,1
-159,113,1
-145,87,1
-177,81,1
-168,72,1
-134,79,1
-148,86,1
-145,104,1
-157,89,1
-162,71,1
-140,91,1
-164,112,1
-172,100,1
-158,96,1
-132,88,1
-137,79,1
-177,98,1
-140,73,1
-142,86,1
-171,91,1
-161,114,1
-136,94,1
-176,82,1
-144,69,1
-158,89,1
-164,101,1
-157,85,1
-157,101,1
-176,93,1
-154,74,1
-139,72,1
-151,86,1
-147,89,1
-164,88,1
-171,97,1
-162,81,1
-173,103,1
-136,88,1
-162,96,1
-174,77,1
-160,93,1
-139,87,1
-156,94,1
