-5,-154,0
1,-175,0
-5,-155,0
-20,-159,0
5,-186,0
-10,-151,0
-3,-152,0
19,-163,0
8,-167,0
-4,-152,0
-17,-167,0
-6,-160,0
5,-193,0
-21,-178,0
16,-169,0
12,-150,0
-9,-176,0
-7,-146,0
-2,-180,0
-12,-181,0
14,-160,0
-14,-153,0
13,-154,0
-9,-152,0
21,-176,0
3,-189,0
19,-181,0
-10,-169,0
6,-182,0
-8,-150,0
2,-191,0
9,-175,0
15,-161,0
18,-153,0
-7,-171,0
23,-177,0
-3,-166,0
22,-176,0
-18,-161,0
-20,-175,0
-5,-156,0
22,-179,0
-3,-185,0
-2,-178,0
-6,-163,0
4,-180,0
-3,-172,0
-16,-177,0
16,-158,0
22,-173,0
-11,-184,0
0,-189,0
-3,-192,0
-23,-166,0
2,-165,0
-7,-166,0
-15,-185,0
11,-177,0
-10,-170,0
3,-176,0
-22,-178,0
-1,-154,0
4,-159,0
1,-152,0
-3,-175,0
15,-172,0
-8,-179,0
-4,-164,0
0,-162,0
-1,-185,0
-2,-174,0
-4,-173,0
10,-165,0
3,-179,0
-22,-161,0
11,-163,0
3,-156,0
8,-163,0
-5,-194,0
2,-152,0
-2,-163,0
22,-177,0
-7,-158,0
-6,-176,0
-9,-187,0
-16,-172,0
-17,-152,0
-6,-180,0
8,-165,0
-19,-155,0
-6,-189,0
-8,-160,0
-1,-146,0
7,-159,0
-11,-152,0
7,-182,0
9,-190,0
10,-168,0
11,-188,0
2,-153,0
6,-167,0
9,-177,0
-14,-188,0
1,-161,0
0,-157,0
2,-184,0
-2,-188,0
-8,-167,0
-12,-180,0
11,-178,0
17,-188,0
2,-153,0
13,-186,0
5,-183,0
-14,-180,0
-7,-165,0
17,-181,0
1,-153,0
-22,-181,0
9,-158,0
-14,-181,0
-16,-167,0
10,-160,0
8,-179,0
-14,-168,0
1,-154,0
-13,-179,0
17,-174,0
-10,-159,0
12,-154,0
-19,-163,0
-1,-174,0
10,-190,0
15,-173,0
-1,-179,0
11,-157,0
4,-178,0
-7,-166,0
-14,-161,0
3,-153,0
-8,-168,0
-6,-171,0
-16,-183,0
4,-192,0
13,-190,0
-17,-154,0
18,-177,0
-10,-165,0
-6,-163,0
-7,-156,0
15,-160,0
-15,-178,0
-13,-149,0
-21,-176,0
-14,-162,0
-18,-161,0
10,-157,0
1,-159,0
-17,-188,0
-23,-162,0
6,-154,0
20,-160,0
-24,-177,0
0,-156,0
14,-173,0
18,-178,0
-9,-151,0
10,-153,0
-13,-187,0
-8,-191,0
17,-177,0
21,-180,0
-8,-176,0
22,-161,0
12,-189,0
-9,-169,0
15,-168,0
-21,-165,0
15,-166,0
-19,-175,0
20,-161,0
-16,-171,0
-10,-160,0
-1,-192,0
-17,-168,0
9,-185,0
0,-177,0
10,-161,0
6,-184,0
-12,-168,0
19,-180,0
21,-167,0
3,-153,0
-6,-149,0
9,-177,0
-14,-166,0
-3,-160,0
9,-184,0
10,-188,0
-20,-166,0
-8,-171,0
-21,-177,0
13,-186,0
24,-166,0
17,-158,0
-6,-179,0
17,-162,0
-17,-161,0
-18,-176,0
24,-175,0
-13,-178,0
-6,-186,0
14,-176,0
-13,-184,0
-7,-164,0
-21,-165,0
-1,-189,0
18,-163,0
1,-169,0
-5,-174,0
-16,-157,0
0,-157,0
1,-153,0
-11,-185,0
1,-179,0
-18,-178,0
-9,-152,0
-12,-176,0
2,-177,0
18,-175,0
24,-163,0
1,-156,0
24,-168,0
5,-181,0
10,-183,0
-9,-181,0
-7,-170,0
-11,-173,0
18,-187,0
9,-180,0
-4,-157,0
-11,-149,0
1,-162,0
-8,-186,0
20,-180,0
-13,-172,0
16,-167,0
-6,-179,0
-3,-146,0
19,-172,0
22,-180,0
10,-153,0
-10,-172,0
-21,-169,0
-13,-180,0
-3,-180,0
0,-145,0
11,-158,0
17,-166,0
0,-190,0
10,-155,0
-11,-160,0
16,-154,0
-9,-171,0
16,-180,0
11,-191,0
16,-164,0
16,-160,0
-13,-184,0
-8,-178,0
3,-187,0
13,-170,0
12,-188,0
9,-153,0
12,-163,0
16,-166,0
-24,-170,0
5,-186,0
14,-173,0
6,-153,0
13,-154,0
-6,-193,0
-19,-164,0
20,-158,0
-8,-181,0
-16,-189,0
-9,-166,0
-2,-189,0
7,-146,0
-2,-191,0
5,-169,0
13,-178,0
-7,-169,0
-3,-163,0
-23,-163,0
6,-162,0
-12,-165,0
24,-175,0
15,-183,0
6,-164,0
-24,-174,0
4,-186,0
8,-183,0
-8,-156,0
-14,-188,0
-2,-160,0
13,-165,0
7,-173,0
5,-188,0
0,-172,0
10,-170,0
-2,-179,0
2,-176,0
-1,-165,0
13,-191,0
-14,-151,0
-23,-175,0
0,-176,0
-3,-150,0
7,-154,0
-10,-191,0
7,-167,0
20,-179,0
1,-183,0
-20,-171,0
-16,-172,0
6,-187,0
-9,-172,0
-15,-169,0
-17,-188,0
-2,-146,0
-1,-156,0
-11,-170,0
141,74,1
145,98,1
151,88,1
144,63,1
137,63,1
172,88,1
132,76,1
155,103,1
148,106,1
138,89,1
141,73,1
146,92,1
126,87,1
157,82,1
146,83,1
161,88,1
136,101,1
150,80,1
162,104,1
155,83,1
160,105,1
157,97,1
140,101,1
168,96,1
145,68,1
142,90,1
154,68,1
167,77,1
145,104,1
146,109,1
135,77,1
155,94,1
139,86,1
151,70,1
152,89,1
138,107,1
144,66,1
142,90,1
131,92,1
144,71,1
150,77,1
142,92,1
157,85,1
172,88,1
123,90,1
169,75,1
136,67,1
158,94,1
151,78,1
150,77,1
156,95,1
141,82,1
142,101,1
140,87,1
128,77,1
127,88,1
172,86,1
166,82,1
144,91,1
163,69,1
166,97,1
151,74,1
151,74,1
160,93,1
170,88,1
169,75,1
139,70,1
159,85,1
161,73,1
144,94,1
146,105,1
164,80,1
141,77,1
161,102,1
136,106,1
126,74,1
159,86,1
154,85,1
156,71,1
169,97,1
142,77,1
150,87,1
138,79,1
139,106,1
167,89,1
153,76,1
161,99,1
132,88,1
151,74,1
144,74,1
149,94,1
131,88,1
165,71,1
159,107,1
139,106,1
149,109,1
139,96,1
132,101,1
149,65,1
170,78,1
137,78,1
153,67,1
147,61,1
167,86,1
153,107,1
146,78,1
126,77,1
150,74,1
136,77,1
161,83,1
135,94,1
148,89,1
166,74,1
134,88,1
140,103,1
158,79,1
128,99,1
154,85,1
164,101,1
148,74,1
139,93,1
133,98,1
158,64,1
157,107,1
123,86,1
144,66,1
163,101,1
155,86,1
157,90,1
147,82,1
141,74,1
146,82,1
147,64,1
131,74,1
168,77,1
131,101,1
139,84,1
161,81,1
159,106,1
168,89,1
171,92,1
142,104,1
160,99,1
131,89,1
141,84,1
144,86,1
126,83,1
165,81,1
127,78,1
157,107,1
137,63,1
145,90,1
169,89,1
148,89,1
163,68,1
125,82,1
154,89,1
146,70,1
159,69,1
146,109,1
146,63,1
162,73,1
131,79,1
156,91,1
159,69,1
142,84,1
169,88,1
146,85,1
136,102,1
147,68,1
143,61,1
153,99,1
168,83,1
144,74,1
143,70,1
165,71,1
126,85,1
130,69,1
130,69,1
144,104,1
159,105,1
142,84,1
146,89,1
142,81,1
125,83,1
166,81,1
139,84,1
158,104,1
141,69,1
158,88,1
138,101,1
153,89,1
132,75,1
130,99,1
136,67,1
158,65,1
162,66,1
151,81,1
129,77,1
149,100,1
136,80,1
166,87,1
158,76,1
151,98,1
146,90,1
141,100,1
147,81,1
160,75,1
136,66,1
165,102,1
149,108,1
142,107,1
149,71,1
159,73,1
164,78,1
127,80,1
125,88,1
148,108,1
125,91,1
159,76,1
160,65,1
129,78,1
161,74,1
136,76,1
148,65,1
140,107,1
148,97,1
165,76,1
148,78,1
149,92,1
127,90,1
144,95,1
171,86,1
127,76,1
141,107,1
143,89,1
140,92,1
131,81,1
149,98,1
163,93,1
142,93,1
128,71,1
130,91,1
136,107,1
158,71,1
144,108,1
150,102,1
169,73,1
142,102,1
170,86,1
149,105,1
134,71,1
145,98,1
146,87,1
129,99,1
162,104,1
133,93,1
161,81,1
155,102,1
134,75,1
147,78,1
153,82,1
163,74,1
148,66,1
154,66,1
153,103,1
147,83,1
142,102,1
154,70,1
142,82,1
138,65,1
169,83,1
158,82,1
138,89,1
138,104,1
138,84,1
163,97,1
136,97,1
155,65,1
156,88,1
164,79,1
172,87,1
138,75,1
124,84,1
133,92,1
145,88,1
139,68,1
124,94,1
162,91,1
141,96,1
149,89,1
155,95,1
162,79,1
159,105,1
153,103,1
129,88,1
127,84,1
153,78,1
157,64,1
150,78,1
171,88,1
163,89,1
154,83,1
127,78,1
150,107,1
146,68,1
163,96,1
146,88,1
141,73,1
148,78,1
168,84,1
165,86,1
127,76,1
137,65,1
171,89,1
128,99,1
144,103,1
164,69,1
135,81,1
158,72,1
150,92,1
164,74,1
140,62,1
148,71,1
134,92,1
152,70,1
152,83,1
128,98,1
143,86,1
164,76,1
146,84,1
136,85,1
171,86,1
-127,87,1
-140,80,1
-146,61,1
-148,96,1
-140,84,1
-140,70,1
-135,89,1
-154,107,1
-166,87,1
-140,62,1
-133,100,1
-151,61,1
-130,98,1
-128,71,1
-142,83,1
-133,81,1
-140,96,1
-157,72,1
-142,108,1
-141,106,1
-148,73,1
-148,87,1
-127,94,1
-154,91,1
-146,74,1
-170,88,1
-138,76,1
-135,91,1
-159,66,1
-149,105,1
-141,64,1
-165,84,1
-155,75,1
-145,75,1
-164,99,1
-163,89,1
-149,105,1
-136,82,1
-147,84,1
-142,66,1
-156,68,1
-142,97,1
-149,107,1
-164,100,1
-130,103,1
-145,72,1
-136,65,1
-167,90,1
-156,92,1
-133,91,1
-160,73,1
-163,98,1
-131,95,1
-140,92,1
-155,73,1
-162,101,1
-143,85,1
-132,69,1
-148,75,1
-134,74,1
-128,89,1
-137,70,1
-138,91,1
-152,87,1
-148,69,1
-136,81,1
-153,70,1
-136,88,1
-130,80,1
-146,75,1
-152,108,1
-162,77,1
-139,83,1
-140,66,1
-169,91,1
-153,101,1
-143,78,1
-162,70,1
-139,75,1
-158,71,1
-148,69,1
-127,87,1
-171,88,1
-157,64,1
-153,94,1
-156,107,1
-130,78,1
-148,85,1
-148,83,1
-167,78,1
-145,83,1
-159,84,1
-143,87,1
-129,77,1
-154,87,1
-159,98,1
-160,95,1
-154,100,1
-156,62,1
-134,104,1
-148,72,1
-134,77,1
-150,68,1
-166,97,1
-155,89,1
-139,77,1
-158,76,1
-158,71,1
-133,90,1
-154,64,1
-135,100,1
-159,75,1
-170,86,1
-148,87,1
-153,76,1
-149,87,1
-140,101,1
-149,104,1
-144,71,1
-161,66,1
-147,95,1
-140,78,1
-142,102,1
-125,77,1
-135,100,1
-126,97,1
-150,73,1
-160,84,1
-129,73,1
-145,98,1
-133,95,1
-145,99,1
-162,80,1
-127,71,1
-131,89,1
-154,97,1
-148,90,1
-134,66,1
-158,76,1
-150,68,1
-124,83,1
-151,106,1
-170,76,1
-157,81,1
-151,109,1
-140,96,1
-136,98,1
-172,87,1
-168,80,1
-161,104,1
-137,68,1
-125,75,1
-165,76,1
-169,80,1
-140,75,1
-153,71,1
-143,76,1
-133,81,1
-137,67,1
-125,81,1
-133,94,1
-135,84,1
-159,101,1
-148,108,1
-142,90,1
-172,83,1
-131,82,1
-126,73,1
-136,66,1
-130,90,1
-153,71,1
-169,95,1
-157,76,1
-169,94,1
-147,100,1
-158,86,1
-141,95,1
-131,102,1
-164,91,1
-163,88,1
-135,73,1
-143,81,1
-126,96,1
-164,67,1
-134,98,1
-146,106,1
-139,106,1
-157,96,1
-146,102,1
-157,81,1
-143,90,1
-161,76,1
-144,74,1
-128,70,1
-141,72,1
-138,95,1
-139,84,1
-170,79,1
-164,78,1
-147,96,1
-164,103,1
-124,83,1
-151,83,1
-135,92,1
-146,72,1
-142,67,1
-132,101,1
-133,67,1
-147,87,1
-131,73,1
-136,103,1
-168,87,1
-144,102,1
-165,85,1
-142,83,1
-142,92,1
-139,67,1
-165,78,1
-151,109,1
-142,92,1
-133,67,1
-160,74,1
-141,108,1
-140,64,1
-150,100,1
-131,87,1
-161,91,1
-137,92,1
-146,65,1
-156,88,1
-157,91,1
-147,71,1
-156,62,1
-156,98,1
-144,101,1
-163,99,1
-146,77,1
-156,98,1
-141,92,1
-164,84,1
-146,109,1
-161,68,1
-145,86,1
-153,108,1
-142,90,1
-159,97,1
-162,72,1
-158,105,1
-164,69,1
-133,83,1
-144,105,1
-147,75,1
-147,87,1
-126,97,1
-153,94,1
-169,94,1
-161,82,1
-167,85,1
-128,93,1
-145,75,1
-160,68,1
-126,84,1
-132,92,1
-166,69,1
-167,88,1
-161,85,1
-152,64,1
-156,65,1
-164,97,1
-163,85,1
-140,79,1
-159,100,1
-140,93,1
-162,81,1
-143,103,1
-142,108,1
-139,70,1
-164,88,1
-147,89,1
-145,70,1
-142,69,1
-139,67,1
-146,75,1
-138,64,1
-162,81,1
-131,66,1
-164,69,1
-169,82,1
-132,75,1
-157,94,1
-141,74,1
-126,87,1
-127,93,1
-124,76,1
-144,104,1
-157,84,1
-144,80,1
-143,98,1
-144,92,1
-137,99,1
-131,71,1
-142,82,1
-169,76,1
-135,95,1
-150,100,1
-128,86,1
-135,87,1
-136,74,1
-134,95,1
-143,64,1
-147,79,1
-139,86,1
-145,73,1
-162,83,1
-149,77,1
-167,95,1
-152,74,1
-143,82,1
-145,91,1
-152,67,1
-131,88,1
-137,69,1
-138,107,1
-141,94,1
-159,73,1
-128,77,1
-126,77,1
-140,67,1
-137,75,1
-170,95,1
-160,104,1
-127,91,1
-164,76,1
