-20,-225,0
-23,-234,0
-10,-240,0
3,-244,0
11,-217,0
-1,-218,0
-24,-230,0
1,-223,0
-9,-224,0
19,-236,0
4,-216,0
18,-238,0
6,-220,0
-15,-233,0
5,-236,0
-9,-253,0
-10,-238,0
-2,-253,0
8,-251,0
5,-244,0
-10,-241,0
-13,-232,0
2,-217,0
5,-225,0
-6,-224,0
0,-244,0
13,-232,0
-21,-238,0
-5,-209,0
10,-243,0
7,-215,0
11,-245,0
-20,-238,0
-14,-222,0
-4,-243,0
-14,-220,0
13,-221,0
-4,-208,0
17,-244,0
10,-245,0
-2,-215,0
-12,-248,0
2,-237,0
-10,-245,0
5,-219,0
-6,-229,0
-2,-213,0
15,-211,0
21,-240,0
-9,-211,0
-4,-221,0
-4,-223,0
21,-218,0
6,-242,0
1,-227,0
15,-246,0
20,-233,0
9,-221,0
17,-237,0
-22,-237,0
-10,-234,0
-17,-246,0
24,-232,0
9,-233,0
-13,-243,0
8,-231,0
-3,-229,0
17,-245,0
12,-235,0
-13,-209,0
-6,-248,0
3,-237,0
-5,-213,0
-12,-224,0
1,-210,0
-15,-232,0
-13,-237,0
2,-244,0
-9,-241,0
12,-218,0
22,-232,0
8,-236,0
-7,-227,0
-15,-249,0
-15,-230,0
-14,-221,0
-11,-222,0
-3,-243,0
-9,-232,0
-16,-237,0
-3,-252,0
1,-238,0
7,-223,0
-7,-208,0
8,-228,0
-13,-222,0
7,-228,0
-4,-251,0
-12,-224,0
3,-241,0
-15,-243,0
-9,-219,0
10,-217,0
-11,-239,0
6,-227,0
-6,-222,0
-2,-221,0
-16,-246,0
5,-234,0
-2,-208,0
-1,-226,0
6,-240,0
17,-247,0
5,-245,0
3,-246,0
-7,-221,0
6,-225,0
-11,-251,0
2,-240,0
-24,-223,0
9,-210,0
9,-248,0
1,-235,0
11,-214,0
-13,-218,0
17,-237,0
10,-209,0
-14,-240,0
12,-221,0
-6,-245,0
-14,-235,0
-14,-248,0
21,-217,0
18,-244,0
8,-232,0
21,-221,0
-15,-226,0
10,-222,0
-6,-236,0
12,-238,0
18,-235,0
4,-219,0
6,-241,0
1,-217,0
16,-243,0
-18,-241,0
-3,-252,0
-18,-217,0
-8,-239,0
14,-233,0
-5,-237,0
6,-246,0
-2,-237,0
11,-213,0
-5,-250,0
15,-210,0
1,-248,0
-24,-229,0
-6,-209,0
-3,-223,0
10,-220,0
-1,-220,0
-19,-222,0
-6,-254,0
23,-237,0
11,-242,0
-14,-211,0
-16,-229,0
-8,-229,0
-21,-225,0
9,-227,0
-4,-221,0
12,-232,0
-7,-247,0
13,-241,0
-15,-215,0
23,-230,0
-11,-248,0
0,-231,0
15,-244,0
5,-218,0
4,-231,0
-5,-237,0
-1,-231,0
-16,-223,0
22,-224,0
-15,-214,0
9,-214,0
-10,-233,0
-18,-222,0
-10,-252,0
5,-241,0
-8,-216,0
4,-225,0
-7,-243,0
15,-243,0
-23,-223,0
4,-243,0
-7,-240,0
8,-218,0
-14,-225,0
21,-219,0
-22,-223,0
6,-234,0
-21,-241,0
-18,-221,0
4,-230,0
5,-251,0
16,-216,0
-7,-238,0
-5,-248,0
21,-241,0
0,-218,0
10,-212,0
3,-238,0
14,-216,0
5,-252,0
-5,-245,0
0,-228,0
-7,-225,0
-13,-239,0
-24,-235,0
18,-242,0
-1,-234,0
3,-237,0
17,-248,0
-15,-226,0
-10,-215,0
-20,-217,0
-12,-231,0
0,-214,0
12,-247,0
3,-241,0
-17,-247,0
-4,-225,0
22,-238,0
11,-229,0
24,-230,0
17,-214,0
21,-225,0
-7,-238,0
-12,-215,0
-5,-220,0
-9,-225,0
3,-210,0
-13,-216,0
2,-240,0
12,-223,0
15,-222,0
-6,-210,0
1,-236,0
15,-211,0
-5,-218,0
3,-230,0
15,-215,0
0,-255,0
-13,-213,0
-12,-224,0
-12,-215,0
7,-241,0
5,-242,0
2,-240,0
6,-238,0
11,-242,0
-4,-223,0
7,-229,0
10,-219,0
16,-222,0
2,-215,0
12,-230,0
23,-229,0
10,-246,0
8,-214,0
-21,-238,0
20,-217,0
-8,-208,0
19,-222,0
0,-253,0
22,-236,0
-1,-214,0
-12,-220,0
-22,-234,0
-13,-232,0
16,-219,0
14,-214,0
6,-250,0
-17,-230,0
24,-226,0
7,-228,0
14,-230,0
9,-212,0
-15,-245,0
-8,-245,0
18,-243,0
11,-225,0
-6,-214,0
10,-236,0
-8,-217,0
11,-218,0
-5,-240,0
-3,-226,0
-5,-238,0
-1,-212,0
3,-232,0
3,-252,0
10,-221,0
9,-211,0
-12,-240,0
-19,-238,0
1,-253,0
-13,-236,0
16,-227,0
13,-213,0
20,-239,0
6,-228,0
14,-242,0
14,-243,0
16,-241,0
13,-215,0
-7,-215,0
-22,-237,0
-2,-244,0
22,-240,0
-18,-228,0
-8,-241,0
-7,-213,0
-14,-226,0
-15,-235,0
-14,-243,0
-11,-244,0
10,-223,0
9,-244,0
2,-218,0
211,128,1
208,136,1
214,99,1
198,135,1
197,134,1
205,101,1
211,104,1
204,94,1
196,129,1
195,103,1
216,121,1
215,120,1
191,131,1
197,97,1
201,129,1
193,127,1
198,104,1
200,104,1
194,126,1
211,110,1
179,115,1
212,95,1
198,131,1
188,133,1
200,118,1
205,91,1
182,116,1
215,121,1
196,139,1
199,113,1
200,112,1
219,127,1
198,134,1
191,97,1
205,120,1
206,131,1
177,124,1
192,101,1
175,119,1
204,121,1
216,100,1
179,105,1
178,114,1
202,124,1
207,121,1
201,129,1
205,115,1
203,129,1
211,95,1
215,127,1
188,100,1
213,114,1
221,112,1
223,111,1
177,124,1
199,105,1
213,128,1
205,135,1
200,129,1
192,99,1
198,125,1
178,117,1
203,108,1
210,118,1
209,110,1
201,123,1
196,136,1
186,131,1
179,115,1
178,123,1
176,116,1
191,138,1
203,129,1
200,101,1
178,116,1
188,111,1
216,127,1
203,137,1
217,103,1
216,99,1
205,94,1
200,122,1
185,97,1
211,94,1
214,128,1
179,112,1
209,115,1
184,97,1
210,99,1
197,136,1
206,108,1
210,137,1
188,106,1
183,105,1
206,129,1
216,125,1
183,115,1
214,106,1
211,94,1
203,125,1
193,129,1
207,127,1
196,120,1
183,110,1
201,99,1
212,96,1
214,133,1
191,100,1
182,108,1
185,102,1
212,96,1
201,113,1
207,129,1
206,126,1
199,137,1
220,122,1
195,105,1
182,125,1
201,129,1
202,132,1
188,134,1
184,131,1
204,134,1
209,99,1
196,96,1
222,119,1
216,101,1
186,132,1
195,121,1
215,101,1
210,116,1
217,132,1
213,107,1
178,118,1
197,110,1
186,135,1
193,119,1
181,122,1
184,109,1
190,129,1
219,101,1
190,115,1
184,98,1
209,124,1
202,126,1
206,98,1
185,133,1
195,133,1
181,116,1
204,114,1
214,121,1
198,139,1
201,132,1
221,113,1
192,116,1
200,92,1
215,120,1
203,110,1
199,109,1
208,122,1
202,105,1
191,130,1
193,138,1
211,126,1
178,112,1
197,114,1
186,114,1
189,130,1
204,100,1
187,106,1
203,127,1
219,122,1
194,96,1
198,93,1
218,129,1
194,105,1
220,111,1
208,129,1
219,120,1
200,117,1
196,130,1
212,121,1
201,97,1
199,96,1
200,116,1
208,136,1
196,118,1
175,114,1
180,127,1
223,113,1
204,125,1
181,110,1
217,121,1
185,115,1
204,114,1
181,125,1
207,122,1
177,105,1
213,134,1
186,135,1
184,101,1
203,122,1
198,104,1
203,104,1
216,104,1
194,125,1
192,138,1
188,102,1
198,107,1
210,125,1
205,111,1
191,105,1
201,107,1
185,102,1
203,138,1
205,107,1
205,104,1
179,102,1
205,102,1
216,104,1
223,122,1
199,93,1
194,99,1
223,117,1
207,113,1
216,112,1
176,124,1
214,102,1
191,119,1
189,98,1
205,139,1
188,137,1
183,134,1
204,115,1
217,105,1
202,97,1
188,97,1
207,92,1
202,103,1
219,104,1
199,120,1
203,139,1
197,113,1
216,129,1
201,136,1
203,109,1
201,107,1
195,109,1
220,114,1
188,123,1
212,94,1
204,106,1
191,123,1
217,113,1
211,94,1
207,132,1
203,93,1
202,106,1
209,107,1
211,110,1
212,123,1
200,118,1
204,110,1
198,104,1
190,115,1
192,128,1
178,109,1
199,120,1
192,132,1
196,101,1
210,96,1
195,93,1
217,107,1
210,130,1
196,101,1
222,120,1
203,93,1
194,114,1
212,95,1
184,102,1
176,124,1
209,103,1
179,113,1
191,114,1
201,113,1
194,134,1
212,133,1
201,108,1
196,132,1
176,123,1
201,102,1
196,113,1
220,116,1
185,117,1
197,130,1
193,136,1
219,125,1
187,107,1
205,107,1
224,113,1
215,108,1
195,112,1
200,109,1
198,121,1
189,118,1
191,114,1
193,115,1
197,129,1
199,110,1
202,115,1
218,107,1
217,116,1
193,108,1
213,109,1
208,127,1
185,104,1
179,121,1
208,131,1
201,100,1
200,111,1
215,114,1
192,119,1
199,112,1
224,113,1
177,126,1
217,101,1
186,116,1
175,110,1
210,96,1
217,98,1
209,99,1
189,100,1
195,99,1
-189,110,1
-181,108,1
-210,123,1
-209,126,1
-186,114,1
-205,102,1
-221,122,1
-181,117,1
-189,132,1
-191,118,1
-185,130,1
-204,105,1
-214,132,1
-216,126,1
-202,128,1
-201,136,1
-177,112,1
-182,109,1
-208,93,1
-175,119,1
-187,121,1
-201,138,1
-185,110,1
-214,104,1
-191,134,1
-197,92,1
-221,112,1
-209,115,1
-181,116,1
-203,96,1
-188,102,1
-205,114,1
-208,108,1
-184,97,1
-197,135,1
-209,107,1
-214,120,1
-200,127,1
-186,112,1
-180,104,1
-217,122,1
-194,135,1
-219,115,1
-192,133,1
-186,123,1
-180,113,1
-201,138,1
-198,93,1
-197,131,1
-209,127,1
-181,128,1
-188,122,1
-179,101,1
-189,117,1
-187,104,1
-196,112,1
-204,103,1
-200,137,1
-212,131,1
-183,106,1
-182,111,1
-216,132,1
-223,117,1
-202,131,1
-204,129,1
-205,121,1
-217,120,1
-194,98,1
-208,128,1
-181,104,1
-192,110,1
-207,128,1
-184,116,1
-198,114,1
-208,127,1
-193,100,1
-223,108,1
-215,105,1
-201,134,1
-176,115,1
-214,134,1
-220,125,1
-210,126,1
-208,99,1
-207,131,1
-189,112,1
-218,121,1
-190,133,1
-176,113,1
-186,97,1
-217,99,1
-196,112,1
-199,103,1
-187,101,1
-198,105,1
-189,110,1
-206,132,1
-203,135,1
-179,112,1
-189,112,1
-177,117,1
-201,95,1
-223,110,1
-176,109,1
-208,92,1
-202,124,1
-184,109,1
-202,135,1
-191,134,1
-203,112,1
-220,121,1
-187,115,1
-193,125,1
-205,102,1
-188,96,1
-181,108,1
-200,117,1
-188,111,1
-188,112,1
-197,126,1
-210,112,1
-219,104,1
-190,123,1
-193,136,1
-199,113,1
-214,134,1
-207,123,1
-210,105,1
-217,121,1
-201,119,1
-180,125,1
-200,107,1
-199,91,1
-199,109,1
-181,119,1
-185,116,1
-188,98,1
-213,106,1
-185,115,1
-212,128,1
-212,121,1
-197,94,1
-179,103,1
-207,123,1
-216,123,1
-211,130,1
-193,114,1
-198,105,1
-203,103,1
-217,112,1
-201,138,1
-199,139,1
-210,94,1
-206,109,1
-221,109,1
-219,115,1
-178,119,1
-204,124,1
-213,127,1
-195,118,1
-215,128,1
-193,114,1
-178,127,1
-220,127,1
-211,119,1
-215,110,1
-224,115,1
-220,126,1
-179,121,1
-195,92,1
-214,117,1
-209,94,1
-200,97,1
-191,118,1
-189,95,1
-217,127,1
-216,115,1
-205,98,1
-205,135,1
-195,109,1
-192,137,1
-207,132,1
-188,127,1
-223,118,1
-176,108,1
-193,98,1
-181,127,1
-223,113,1
-183,131,1
-198,131,1
-187,113,1
-206,111,1
-204,135,1
-194,101,1
-215,134,1
-207,99,1
-184,125,1
-198,130,1
-201,93,1
-209,124,1
-209,102,1
-197,108,1
-208,116,1
-191,106,1
-214,132,1
-191,130,1
-206,105,1
-218,124,1
-184,99,1
-212,128,1
-181,130,1
-186,112,1
-214,117,1
-183,108,1
-194,126,1
-199,116,1
-191,126,1
-197,99,1
-192,122,1
-218,119,1
-201,114,1
-207,116,1
-185,135,1
-195,134,1
-203,100,1
-182,104,1
-183,100,1
-206,122,1
-185,112,1
-208,94,1
-188,128,1
-205,101,1
-191,94,1
-196,117,1
-204,92,1
-194,121,1
-186,133,1
-207,108,1
-183,106,1
-189,129,1
-189,121,1
-189,95,1
-206,102,1
-208,128,1
-199,99,1
-218,131,1
-204,125,1
-189,94,1
-205,112,1
-182,113,1
-214,116,1
-207,122,1
-190,114,1
-210,119,1
-200,105,1
-205,123,1
-181,103,1
-206,97,1
-183,105,1
-208,96,1
-195,105,1
-211,107,1
-216,99,1
-210,122,1
-177,125,1
-206,94,1
-192,97,1
-209,95,1
-211,122,1
-208,94,1
-193,116,1
-211,105,1
-184,107,1
-185,108,1
-210,116,1
-197,111,1
-189,128,1
-184,97,1
-206,93,1
-205,138,1
-194,105,1
-204,124,1
-197,123,1
-218,100,1
-216,122,1
-193,128,1
-206,108,1
-200,139,1
-188,100,1
-180,130,1
-217,110,1
-200,129,1
-214,130,1
-192,93,1
-190,101,1
-216,102,1
-192,136,1
-208,109,1
-208,124,1
-195,105,1
-205,111,1
-185,109,1
-190,119,1
-219,130,1
-213,116,1
-199,128,1
-191,124,1
-212,98,1
-195,127,1
-184,121,1
-182,101,1
-197,95,1
-192,131,1
-197,103,1
-200,115,1
-202,123,1
-215,111,1
-213,124,1
-196,93,1
-204,91,1
-190,113,1
-208,104,1
-201,104,1
-209,104,1
-210,99,1
-219,122,1
-197,98,1
-188,125,1
-202,117,1
-186,110,1
-179,106,1
-207,126,1
-187,114,1
