18,-165,0
8,-184,0
-16,-161,0
20,-165,0
-25,-170,0
13,-185,0
14,-184,0
19,-161,0
-14,-182,0
-6,-167,0
9,-151,0
-2,-153,0
-9,-183,0
1,-190,0
-18,-168,0
4,-163,0
-5,-164,0
-12,-173,0
12,-165,0
15,-171,0
-14,-187,0
7,-171,0
-16,-165,0
2,-182,0
21,-158,0
13,-169,0
3,-147,0
-7,-173,0
-14,-154,0
-10,-159,0
7,-160,0
-14,-189,0
-19,-182,0
9,-185,0
11,-187,0
-14,-163,0
3,-177,0
-14,-157,0
19,-164,0
10,-190,0
-16,-164,0
7,-173,0
1,-189,0
8,-169,0
-8,-152,0
-18,-181,0
-19,-179,0
7,-185,0
-2,-178,0
-9,-170,0
-22,-181,0
2,-164,0
14,-155,0
-20,-162,0
-18,-154,0
-16,-166,0
21,-174,0
-20,-171,0
-6,-158,0
20,-175,0
17,-178,0
-24,-170,0
-4,-176,0
-1,-151,0
10,-152,0
-20,-176,0
10,-186,0
-8,-181,0
17,-187,0
-5,-182,0
-4,-168,0
-2,-178,0
-7,-186,0
-24,-177,0
8,-149,0
-4,-162,0
0,-163,0
-20,-165,0
22,-176,0
-18,-156,0
-5,-166,0
-17,-168,0
-11,-189,0
-12,-174,0
6,-171,0
13,-173,0
15,-150,0
12,-174,0
7,-151,0
-10,-156,0
0,-182,0
2,-173,0
1,-175,0
0,-149,0
-24,-168,0
12,-188,0
19,-166,0
-2,-184,0
-8,-175,0
-6,-187,0
-2,-181,0
7,-154,0
-10,-157,0
13,-153,0
-10,-150,0
22,-168,0
15,-172,0
-5,-172,0
11,-153,0
18,-155,0
16,-186,0
-11,-175,0
-20,-185,0
5,-166,0
10,-156,0
16,-172,0
20,-183,0
23,-173,0
-10,-175,0
-13,-184,0
7,-174,0
-15,-185,0
3,-177,0
-13,-186,0
24,-166,0
-18,-158,0
-13,-179,0
0,-154,0
13,-181,0
1,-148,0
-22,-176,0
-20,-165,0
3,-178,0
10,-175,0
8,-159,0
14,-174,0
16,-186,0
3,-163,0
-9,-184,0
11,-184,0
2,-161,0
0,-151,0
-13,-180,0
7,-166,0
-16,-188,0
6,-172,0
4,-177,0
2,-192,0
-6,-164,0
-9,-184,0
-21,-161,0
11,-169,0
13,-164,0
0,-184,0
17,-173,0
-3,-148,0
-2,-190,0
8,-162,0
-3,-148,0
16,-155,0
22,-165,0
9,-169,0
-15,-152,0
-13,-149,0
-8,-182,0
17,-162,0
-11,-187,0
10,-154,0
-9,-163,0
6,-158,0
17,-179,0
7,-152,0
-13,-171,0
-1,-180,0
16,-165,0
7,-161,0
-19,-159,0
13,-161,0
-9,-158,0
-23,-163,0
-2,-150,0
17,-160,0
-11,-180,0
-5,-181,0
-3,-182,0
8,-192,0
7,-179,0
-23,-178,0
0,-175,0
21,-168,0
13,-184,0
-11,-175,0
-2,-168,0
9,-185,0
3,-161,0
6,-181,0
-9,-159,0
7,-166,0
9,-187,0
24,-174,0
-7,-152,0
-1,-156,0
15,-187,0
15,-178,0
13,-151,0
1,-170,0
-19,-172,0
2,-158,0
-1,-155,0
6,-183,0
14,-152,0
-4,-188,0
2,-163,0
-5,-166,0
-13,-182,0
11,-159,0
-18,-177,0
8,-183,0
-6,-163,0
-14,-152,0
-21,-157,0
-1,-182,0
-2,-192,0
-19,-175,0
22,-171,0
5,-194,0
-1,-174,0
7,-165,0
-19,-156,0
6,-171,0
20,-160,0
18,-160,0
8,-164,0
-13,-158,0
5,-160,0
3,-149,0
8,-151,0
6,-183,0
-18,-155,0
-2,-187,0
-3,-156,0
-2,-168,0
1,-182,0
-5,-188,0
1,-154,0
23,-168,0
-22,-176,0
-20,-174,0
2,-194,0
-8,-163,0
13,-165,0
-14,-181,0
-24,-167,0
-1,-187,0
-21,-170,0
-21,-169,0
4,-163,0
-17,-155,0
4,-176,0
24,-172,0
-8,-154,0
17,-153,0
3,-181,0
-13,-162,0
11,-159,0
-9,-148,0
-2,-183,0
-17,-166,0
20,-174,0
22,-178,0
2,-173,0
-20,-180,0
11,-187,0
-11,-184,0
-22,-164,0
-8,-172,0
-1,-168,0
-1,-151,0
-9,-163,0
-8,-165,0
4,-162,0
12,-149,0
-7,-180,0
-20,-174,0
-12,-157,0
-8,-160,0
-7,-179,0
3,-167,0
15,-163,0
-8,-189,0
9,-150,0
0,-146,0
13,-189,0
-5,-185,0
9,-184,0
14,-166,0
21,-183,0
-18,-170,0
0,-165,0
20,-156,0
-21,-161,0
15,-178,0
-9,-174,0
13,-160,0
8,-164,0
14,-153,0
-16,-159,0
-17,-159,0
-3,-186,0
4,-194,0
-13,-177,0
2,-158,0
16,-176,0
-14,-152,0
-9,-193,0
4,-161,0
12,-180,0
9,-156,0
3,-161,0
2,-162,0
-6,-174,0
-12,-168,0
18,-169,0
2,-190,0
0,-193,0
14,-179,0
-17,-178,0
15,-180,0
1,-148,0
-7,-168,0
-3,-184,0
19,-182,0
-13,-169,0
158,74,1
141,94,1
126,72,1
159,67,1
155,76,1
154,75,1
153,73,1
152,80,1
168,75,1
155,75,1
157,99,1
140,75,1
137,72,1
137,98,1
156,83,1
150,77,1
141,77,1
144,91,1
150,92,1
150,104,1
143,62,1
150,87,1
130,99,1
150,66,1
161,96,1
160,85,1
149,98,1
131,99,1
125,88,1
144,70,1
139,94,1
170,81,1
152,79,1
142,64,1
167,78,1
165,86,1
151,79,1
163,90,1
165,72,1
142,64,1
149,97,1
140,91,1
166,92,1
157,104,1
162,78,1
134,86,1
157,106,1
153,102,1
154,107,1
154,86,1
162,100,1
157,83,1
150,89,1
155,107,1
154,107,1
134,104,1
149,90,1
150,62,1
136,63,1
139,63,1
142,76,1
171,80,1
147,108,1
145,107,1
164,100,1
136,75,1
155,70,1
128,95,1
159,72,1
129,78,1
152,76,1
148,84,1
156,75,1
162,88,1
160,100,1
165,79,1
152,68,1
154,73,1
146,105,1
136,98,1
155,98,1
149,93,1
154,91,1
147,94,1
144,97,1
158,65,1
129,88,1
145,63,1
149,109,1
150,108,1
140,106,1
147,105,1
158,90,1
159,71,1
162,75,1
131,94,1
155,99,1
155,100,1
152,98,1
131,75,1
135,88,1
135,104,1
164,80,1
147,74,1
164,78,1
139,75,1
154,85,1
134,90,1
163,79,1
153,86,1
158,70,1
138,69,1
152,109,1
127,76,1
131,102,1
162,67,1
150,63,1
140,64,1
145,94,1
128,71,1
158,83,1
166,78,1
132,88,1
150,77,1
164,100,1
150,73,1
164,102,1
136,102,1
154,92,1
139,104,1
160,72,1
154,96,1
148,69,1
141,104,1
163,99,1
140,72,1
159,92,1
161,79,1
130,103,1
130,81,1
171,88,1
149,97,1
129,101,1
136,82,1
153,67,1
128,72,1
155,93,1
149,62,1
159,84,1
140,63,1
149,106,1
133,84,1
162,73,1
170,81,1
133,103,1
160,105,1
169,84,1
155,70,1
144,109,1
160,84,1
124,86,1
153,75,1
160,79,1
151,106,1
168,72,1
144,98,1
143,105,1
139,65,1
140,81,1
153,76,1
134,66,1
144,77,1
151,92,1
132,79,1
126,81,1
146,102,1
152,100,1
158,68,1
161,77,1
158,78,1
137,106,1
168,77,1
124,92,1
144,76,1
158,93,1
125,95,1
164,82,1
153,61,1
145,63,1
134,69,1
169,73,1
158,64,1
161,97,1
165,86,1
156,90,1
156,76,1
142,98,1
133,73,1
143,75,1
148,70,1
123,85,1
130,75,1
166,100,1
156,77,1
148,78,1
148,93,1
145,79,1
144,92,1
140,89,1
143,87,1
162,87,1
133,96,1
130,87,1
129,93,1
169,93,1
137,105,1
153,98,1
155,79,1
156,99,1
171,86,1
149,88,1
164,79,1
146,80,1
167,91,1
140,89,1
144,79,1
150,96,1
169,96,1
141,100,1
169,79,1
146,79,1
164,88,1
158,107,1
172,87,1
156,100,1
129,91,1
168,79,1
142,84,1
143,66,1
133,75,1
157,96,1
150,98,1
149,93,1
162,97,1
142,85,1
160,95,1
126,80,1
155,72,1
162,99,1
139,94,1
140,80,1
150,94,1
140,102,1
143,99,1
133,71,1
166,90,1
136,68,1
169,79,1
137,70,1
127,77,1
133,100,1
166,87,1
167,89,1
133,68,1
156,72,1
137,66,1
129,87,1
157,84,1
163,75,1
151,78,1
137,100,1
142,63,1
138,87,1
157,71,1
149,100,1
167,80,1
153,69,1
156,62,1
158,99,1
145,104,1
154,71,1
160,85,1
143,67,1
163,75,1
140,106,1
132,87,1
155,68,1
170,87,1
141,79,1
159,77,1
156,71,1
123,79,1
134,92,1
170,95,1
144,78,1
154,85,1
144,108,1
167,80,1
160,101,1
125,86,1
153,83,1
171,78,1
142,88,1
130,75,1
153,81,1
151,68,1
162,78,1
160,67,1
151,103,1
163,83,1
132,95,1
154,76,1
131,74,1
137,107,1
133,83,1
139,78,1
148,74,1
160,95,1
158,65,1
142,73,1
142,83,1
138,101,1
166,100,1
161,67,1
153,84,1
126,83,1
166,76,1
154,101,1
133,65,1
151,88,1
148,90,1
156,66,1
148,79,1
-131,99,1
-159,86,1
-136,76,1
-168,81,1
-145,77,1
-145,91,1
-149,80,1
-156,62,1
-130,69,1
-164,80,1
-133,76,1
-136,63,1
-136,77,1
-149,62,1
-125,91,1
-166,81,1
-166,91,1
-137,89,1
-155,97,1
-127,84,1
-138,97,1
-168,84,1
-127,92,1
-148,61,1
-149,89,1
-148,96,1
-134,65,1
-132,88,1
-157,66,1
-136,65,1
-146,88,1
-140,88,1
-164,75,1
-124,86,1
-163,71,1
-166,73,1
-132,70,1
-126,98,1
-159,102,1
-148,80,1
-169,88,1
-129,97,1
-147,83,1
-147,80,1
-159,63,1
-123,90,1
-169,77,1
-141,93,1
-142,70,1
-150,91,1
-159,102,1
-132,104,1
-144,106,1
-148,82,1
-147,100,1
-143,81,1
-156,105,1
-131,91,1
-146,101,1
-142,78,1
-129,77,1
-135,96,1
-171,87,1
-161,83,1
-145,81,1
-129,93,1
-143,101,1
-146,94,1
-161,66,1
-138,68,1
-136,70,1
-171,84,1
-166,92,1
-158,69,1
-152,72,1
-156,84,1
-160,104,1
-162,71,1
-153,84,1
-139,74,1
-139,84,1
-163,74,1
-156,69,1
-135,99,1
-133,98,1
-129,101,1
-165,68,1
-123,81,1
-158,64,1
-157,83,1
-157,68,1
-164,98,1
-155,79,1
-156,95,1
-150,96,1
-139,108,1
-150,83,1
-140,108,1
-169,90,1
-171,87,1
-134,100,1
-151,105,1
-151,98,1
-132,83,1
-170,85,1
-166,74,1
-153,106,1
-162,96,1
-135,106,1
-144,87,1
-164,73,1
-140,89,1
-151,104,1
-144,78,1
-125,75,1
-151,87,1
-135,84,1
-158,105,1
-163,80,1
-153,108,1
-148,92,1
-162,83,1
-154,99,1
-161,88,1
-164,99,1
-153,99,1
-161,80,1
-126,79,1
-161,65,1
-138,77,1
-144,94,1
-131,104,1
-165,98,1
-139,88,1
-149,76,1
-148,67,1
-154,79,1
-141,62,1
-147,103,1
-148,88,1
-136,92,1
-151,84,1
-149,102,1
-130,100,1
-165,82,1
-127,73,1
-151,92,1
-168,96,1
-135,94,1
-164,93,1
-137,76,1
-162,75,1
-144,90,1
-132,93,1
-140,64,1
-166,74,1
-170,84,1
-171,84,1
-153,91,1
-165,71,1
-151,90,1
-135,80,1
-151,92,1
-158,65,1
-153,94,1
-147,82,1
-148,65,1
-132,69,1
-166,101,1
-162,102,1
-156,82,1
-126,93,1
-170,83,1
-163,75,1
-154,99,1
-149,78,1
-141,108,1
-138,91,1
-142,61,1
-161,66,1
-141,84,1
-148,97,1
-153,85,1
-146,104,1
-155,93,1
-151,79,1
-148,75,1
-143,66,1
-151,64,1
-139,96,1
-127,72,1
-138,84,1
-144,101,1
-125,91,1
-147,100,1
-137,86,1
-139,93,1
-159,74,1
-129,80,1
-125,83,1
-138,100,1
-147,65,1
-160,83,1
-125,82,1
-147,96,1
-144,78,1
-167,70,1
-164,98,1
-161,84,1
-154,78,1
-124,83,1
-165,83,1
-162,71,1
-148,101,1
-157,70,1
-157,80,1
-156,80,1
-123,87,1
-141,98,1
-140,72,1
-164,75,1
-146,99,1
-145,66,1
-161,65,1
-162,67,1
-140,74,1
-143,63,1
-140,77,1
-135,72,1
-143,91,1
-139,96,1
-153,76,1
-159,77,1
-159,68,1
-152,82,1
-143,75,1
-146,90,1
-125,88,1
-149,85,1
-158,79,1
-155,93,1
-142,76,1
-166,73,1
-148,81,1
-152,106,1
-149,82,1
-133,86,1
-138,101,1
-131,103,1
-162,68,1
-149,98,1
-168,98,1
-134,91,1
-158,93,1
-144,66,1
-144,87,1
-142,89,1
-152,82,1
-153,74,1
-166,89,1
-136,80,1
-131,75,1
-160,74,1
-165,102,1
-147,100,1
-169,87,1
-165,81,1
-130,70,1
-164,95,1
-149,100,1
-160,104,1
-163,69,1
-128,73,1
-134,76,1
-145,103,1
-149,92,1
-147,86,1
-157,64,1
-142,77,1
-132,91,1
-149,103,1
-156,92,1
-149,102,1
-157,84,1
-159,86,1
-155,102,1
-159,95,1
-156,89,1
-143,93,1
-147,64,1
-160,98,1
-164,80,1
-140,96,1
-161,102,1
-151,98,1
-123,84,1
-150,109,1
-160,78,1
-163,72,1
-139,75,1
-157,66,1
-157,86,1
-157,74,1
-160,77,1
-160,94,1
-167,85,1
-153,103,1
-130,99,1
-160,100,1
-150,68,1
-146,79,1
-149,63,1
-167,88,1
-170,95,1
-160,81,1
-143,91,1
-145,72,1
-136,103,1
-145,64,1
-163,84,1
-160,66,1
-171,92,1
-124,81,1
-128,76,1
-166,72,1
-151,103,1
-153,69,1
-166,75,1
-144,86,1
-160,69,1
-154,86,1
-140,76,1
-147,61,1
