1,-117,0
18,-86,0
-14,-113,0
12,-108,0
11,-86,0
-11,-82,0
3,-99,0
11,-118,0
1,-84,0
-12,-88,0
-10,-115,0
-7,-108,0
8,-94,0
-23,-106,0
-1,-82,0
-21,-91,0
19,-97,0
10,-82,0
-9,-118,0
-12,-91,0
22,-94,0
-15,-117,0
12,-88,0
-11,-84,0
18,-93,0
-11,-105,0
2,-122,0
4,-112,0
3,-77,0
19,-91,0
14,-107,0
-16,-111,0
11,-83,0
-9,-111,0
-23,-106,0
-12,-92,0
13,-101,0
20,-89,0
-22,-101,0
20,-112,0
9,-98,0
15,-108,0
-16,-94,0
-19,-87,0
2,-121,0
-11,-113,0
-5,-85,0
-3,-122,0
-7,-94,0
-2,-107,0
-6,-97,0
1,-109,0
11,-97,0
-3,-112,0
-5,-81,0
-2,-120,0
5,-79,0
9,-79,0
-5,-81,0
15,-82,0
11,-98,0
-12,-85,0
16,-93,0
-17,-93,0
-3,-87,0
-10,-110,0
8,-82,0
3,-98,0
-12,-113,0
-9,-83,0
-7,-113,0
7,-119,0
-17,-98,0
-8,-105,0
1,-104,0
-13,-97,0
3,-106,0
-8,-99,0
-7,-102,0
-3,-110,0
-5,-114,0
-16,-95,0
7,-97,0
14,-95,0
-7,-106,0
6,-76,0
-12,-81,0
5,-118,0
-5,-124,0
-2,-97,0
6,-98,0
3,-103,0
1,-93,0
24,-98,0
16,-111,0
10,-88,0
-8,-92,0
2,-113,0
0,-98,0
-15,-92,0
-4,-120,0
-15,-92,0
-5,-115,0
-1,-78,0
2,-94,0
-18,-90,0
21,-103,0
-3,-89,0
18,-115,0
10,-99,0
-4,-77,0
-21,-110,0
8,-109,0
2,-117,0
-9,-86,0
-1,-118,0
5,-111,0
-3,-82,0
5,-96,0
-3,-119,0
15,-97,0
-11,-120,0
3,-87,0
17,-104,0
-5,-90,0
5,-114,0
-1,-80,0
-1,-99,0
-5,-83,0
-8,-119,0
-11,-101,0
7,-92,0
-4,-122,0
24,-93,0
-15,-119,0
6,-109,0
-1,-115,0
-6,-120,0
8,-107,0
0,-85,0
-4,-116,0
-3,-104,0
5,-108,0
3,-100,0
-6,-124,0
-1,-107,0
-3,-101,0
-2,-105,0
22,-99,0
14,-91,0
6,-98,0
4,-109,0
14,-88,0
15,-97,0
20,-92,0
-15,-95,0
-14,-109,0
0,-84,0
-1,-114,0
22,-111,0
-24,-97,0
20,-88,0
-17,-88,0
-4,-123,0
14,-114,0
4,-77,0
3,-116,0
-17,-96,0
3,-89,0
-2,-100,0
-4,-108,0
13,-99,0
-21,-104,0
20,-92,0
-13,-86,0
-1,-116,0
13,-92,0
-12,-82,0
-2,-82,0
2,-119,0
11,-114,0
9,-118,0
0,-79,0
13,-119,0
19,-88,0
6,-87,0
3,-96,0
7,-102,0
22,-90,0
0,-112,0
-8,-81,0
9,-123,0
8,-120,0
15,-88,0
-17,-113,0
18,-87,0
-2,-108,0
-1,-111,0
-21,-101,0
-8,-110,0
13,-107,0
15,-109,0
-15,-96,0
18,-102,0
10,-89,0
22,-99,0
6,-122,0
-21,-110,0
2,-107,0
10,-110,0
15,-117,0
-4,-89,0
24,-107,0
24,-103,0
-1,-101,0
-6,-123,0
-1,-100,0
2,-103,0
-14,-81,0
7,-95,0
-7,-92,0
9,-81,0
15,-95,0
15,-98,0
0,-103,0
19,-90,0
19,-111,0
9,-117,0
8,-117,0
-13,-93,0
8,-85,0
9,-117,0
6,-110,0
13,-118,0
-2,-89,0
-9,-112,0
9,-113,0
4,-98,0
-15,-80,0
-23,-105,0
-15,-96,0
-10,-109,0
25,-100,0
12,-94,0
17,-83,0
17,-85,0
-17,-113,0
5,-84,0
-9,-106,0
9,-115,0
10,-82,0
12,-79,0
1,-99,0
-17,-113,0
-9,-91,0
-14,-119,0
-3,-88,0
4,-113,0
14,-109,0
8,-116,0
21,-102,0
6,-107,0
20,-110,0
23,-106,0
5,-79,0
21,-94,0
-7,-77,0
-2,-100,0
0,-123,0
13,-85,0
5,-113,0
21,-87,0
-13,-108,0
9,-109,0
-9,-86,0
-2,-124,0
1,-123,0
-14,-85,0
14,-86,0
-17,-111,0
-10,-106,0
-12,-101,0
-6,-115,0
-2,-112,0
3,-109,0
-23,-91,0
-7,-117,0
-18,-89,0
-16,-113,0
5,-106,0
3,-117,0
-6,-78,0
-12,-87,0
-22,-108,0
-20,-86,0
-7,-95,0
10,-120,0
-3,-88,0
10,-106,0
-2,-117,0
-1,-113,0
-9,-83,0
15,-91,0
15,-86,0
-21,-112,0
-6,-77,0
14,-109,0
-23,-105,0
9,-82,0
-13,-105,0
-18,-85,0
17,-102,0
-5,-101,0
-10,-104,0
2,-116,0
20,-113,0
-11,-86,0
0,-125,0
7,-96,0
-5,-112,0
-8,-122,0
15,-103,0
7,-123,0
-6,-121,0
0,-101,0
-6,-81,0
-19,-109,0
0,-117,0
-9,-96,0
20,-99,0
9,-115,0
-22,-109,0
9,-83,0
92,67,1
92,57,1
98,30,1
99,51,1
101,34,1
76,28,1
77,27,1
68,44,1
89,30,1
106,56,1
80,60,1
71,68,1
72,32,1
105,59,1
96,70,1
102,35,1
101,44,1
64,59,1
71,59,1
91,35,1
95,30,1
91,53,1
70,65,1
72,48,1
76,39,1
63,57,1
97,28,1
87,56,1
87,42,1
63,44,1
71,34,1
108,46,1
74,44,1
104,33,1
74,39,1
92,67,1
73,47,1
87,32,1
95,33,1
85,49,1
101,43,1
85,29,1
91,36,1
79,34,1
103,63,1
97,57,1
100,41,1
93,47,1
65,52,1
81,68,1
90,72,1
90,73,1
70,63,1
106,65,1
66,44,1
104,62,1
96,37,1
98,66,1
81,64,1
105,57,1
95,65,1
104,62,1
82,34,1
90,31,1
104,64,1
82,74,1
85,49,1
67,50,1
96,52,1
104,35,1
64,49,1
91,54,1
67,37,1
82,29,1
107,51,1
106,65,1
78,38,1
87,50,1
96,45,1
97,36,1
86,45,1
95,39,1
103,43,1
79,54,1
70,66,1
65,53,1
85,53,1
66,53,1
98,35,1
101,58,1
88,65,1
76,64,1
64,42,1
91,72,1
99,42,1
90,31,1
100,63,1
96,32,1
71,64,1
76,66,1
71,34,1
102,56,1
83,58,1
107,40,1
106,60,1
88,69,1
92,73,1
71,42,1
71,60,1
103,47,1
110,58,1
79,39,1
85,39,1
97,50,1
100,58,1
86,41,1
100,59,1
67,55,1
80,46,1
92,62,1
108,39,1
102,56,1
90,50,1
74,51,1
71,41,1
102,56,1
81,40,1
92,44,1
80,57,1
66,57,1
77,62,1
65,40,1
88,71,1
87,32,1
82,32,1
81,55,1
86,63,1
103,53,1
77,32,1
88,66,1
68,53,1
91,74,1
91,71,1
100,52,1
85,44,1
79,68,1
102,45,1
68,38,1
65,59,1
91,66,1
77,59,1
90,51,1
70,36,1
96,65,1
66,36,1
72,54,1
81,27,1
86,34,1
100,53,1
80,41,1
85,26,1
78,28,1
84,45,1
74,71,1
81,29,1
85,49,1
95,30,1
100,44,1
87,72,1
98,40,1
74,32,1
81,63,1
109,41,1
86,73,1
86,69,1
104,63,1
86,32,1
78,43,1
83,33,1
69,59,1
69,65,1
95,73,1
94,59,1
89,37,1
80,73,1
92,43,1
101,52,1
107,64,1
88,37,1
77,73,1
88,64,1
83,59,1
65,38,1
66,60,1
73,53,1
87,40,1
82,66,1
99,36,1
83,55,1
87,50,1
79,50,1
87,34,1
98,58,1
65,45,1
88,31,1
83,67,1
94,52,1
103,41,1
95,59,1
93,65,1
79,45,1
71,67,1
83,47,1
68,66,1
101,45,1
106,47,1
67,43,1
71,54,1
82,44,1
71,45,1
94,39,1
89,52,1
101,35,1
97,58,1
99,61,1
79,54,1
68,59,1
79,71,1
75,48,1
106,40,1
76,62,1
85,34,1
91,30,1
89,31,1
68,54,1
108,58,1
77,44,1
82,71,1
85,48,1
102,36,1
111,46,1
92,66,1
83,47,1
97,30,1
85,31,1
91,69,1
93,61,1
86,27,1
82,59,1
80,62,1
73,67,1
89,58,1
88,37,1
89,52,1
72,30,1
92,66,1
82,63,1
93,42,1
87,63,1
85,57,1
95,68,1
89,73,1
99,30,1
86,38,1
73,70,1
76,61,1
78,33,1
104,54,1
100,41,1
97,28,1
83,37,1
99,67,1
87,31,1
105,65,1
67,38,1
98,60,1
68,34,1
85,29,1
80,42,1
88,57,1
71,40,1
73,33,1
70,35,1
75,68,1
104,33,1
109,52,1
75,61,1
83,63,1
81,36,1
80,59,1
66,50,1
93,64,1
82,49,1
87,62,1
80,63,1
103,47,1
83,41,1
65,52,1
99,39,1
98,66,1
102,60,1
103,56,1
107,54,1
85,42,1
67,58,1
106,37,1
68,39,1
98,40,1
99,38,1
96,58,1
78,31,1
94,36,1
105,43,1
80,59,1
86,66,1
94,70,1
92,71,1
67,63,1
76,41,1
77,37,1
97,69,1
79,69,1
91,29,1
83,66,1
98,70,1
66,45,1
97,30,1
106,46,1
83,26,1
67,46,1
85,38,1
87,35,1
88,71,1
-85,47,1
-92,39,1
-78,58,1
-83,59,1
-86,31,1
-101,64,1
-86,30,1
-94,38,1
-70,39,1
-77,44,1
-86,41,1
-100,63,1
-92,41,1
-103,62,1
-69,43,1
-95,50,1
-73,52,1
-72,58,1
-70,38,1
-81,40,1
-93,41,1
-88,39,1
-84,65,1
-72,30,1
-85,68,1
-67,40,1
-83,56,1
-91,34,1
-106,41,1
-104,67,1
-83,40,1
-77,65,1
-95,59,1
-77,30,1
-106,55,1
-95,46,1
-74,69,1
-73,67,1
-71,36,1
-92,72,1
-92,46,1
-73,43,1
-93,62,1
-69,54,1
-73,41,1
-68,59,1
-87,66,1
-104,53,1
-70,62,1
-96,61,1
-92,33,1
-97,29,1
-101,48,1
-96,36,1
-110,50,1
-111,54,1
-91,73,1
-65,56,1
-108,56,1
-86,58,1
-89,68,1
-105,60,1
-95,52,1
-75,68,1
-74,33,1
-99,40,1
-63,46,1
-95,36,1
-85,45,1
-97,58,1
-90,46,1
-80,47,1
-102,49,1
-98,48,1
-88,66,1
-94,52,1
-67,50,1
-67,41,1
-103,41,1
-94,61,1
-81,52,1
-108,60,1
-72,38,1
-87,32,1
-79,63,1
-89,52,1
-88,65,1
-103,59,1
-90,48,1
-77,58,1
-73,32,1
-64,50,1
-75,65,1
-87,31,1
-83,71,1
-83,55,1
-80,67,1
-106,38,1
-67,36,1
-81,43,1
-109,51,1
-93,59,1
-91,61,1
-87,27,1
-65,47,1
-87,72,1
-79,29,1
-88,66,1
-79,35,1
-88,69,1
-89,31,1
-64,47,1
-91,56,1
-86,29,1
-84,33,1
-81,65,1
-78,60,1
-64,58,1
-94,48,1
-72,61,1
-88,33,1
-109,59,1
-83,36,1
-91,64,1
-72,69,1
-78,38,1
-89,36,1
-85,39,1
-98,34,1
-98,61,1
-83,57,1
-81,50,1
-88,69,1
-88,26,1
-93,59,1
-100,54,1
-68,61,1
-94,35,1
-107,64,1
-64,57,1
-103,55,1
-82,41,1
-105,43,1
-71,39,1
-83,35,1
-82,36,1
-84,59,1
-63,51,1
-79,39,1
-97,72,1
-98,52,1
-105,61,1
-76,36,1
-105,36,1
-67,37,1
-106,64,1
-79,36,1
-100,60,1
-90,46,1
-67,63,1
-66,49,1
-90,44,1
-97,28,1
-92,30,1
-87,67,1
-107,49,1
-91,66,1
-72,66,1
-98,64,1
-77,30,1
-78,70,1
-85,41,1
-82,45,1
-82,52,1
-86,47,1
-97,52,1
-110,50,1
-78,49,1
-84,56,1
-75,28,1
-90,30,1
-66,55,1
-86,30,1
-71,53,1
-68,58,1
-82,58,1
-80,46,1
-105,47,1
-108,51,1
-105,66,1
-109,54,1
-92,29,1
-86,40,1
-81,33,1
-101,32,1
-109,44,1
-75,50,1
-84,55,1
-75,34,1
-102,41,1
-83,71,1
-79,41,1
-93,30,1
-65,57,1
-109,51,1
-103,68,1
-103,34,1
-80,60,1
-100,36,1
-96,64,1
-70,34,1
-88,72,1
-78,56,1
-80,57,1
-86,55,1
-107,37,1
-75,32,1
-100,54,1
-93,47,1
-77,45,1
-100,44,1
-101,41,1
-92,73,1
-92,37,1
-103,39,1
-63,58,1
-74,66,1
-80,63,1
-77,30,1
-106,61,1
-70,65,1
-111,47,1
-82,26,1
-82,36,1
-95,29,1
-83,61,1
-110,57,1
-78,56,1
-85,27,1
-88,31,1
-76,39,1
-72,33,1
-64,43,1
-78,43,1
-96,31,1
-92,30,1
-68,44,1
-84,28,1
-65,45,1
-81,65,1
-82,36,1
-66,48,1
-92,54,1
-63,53,1
-92,72,1
-85,32,1
-77,28,1
-100,60,1
-73,50,1
-83,55,1
-80,40,1
-82,62,1
-108,38,1
-104,59,1
-88,70,1
-100,61,1
-105,49,1
-110,55,1
-78,59,1
-73,33,1
-95,73,1
-104,34,1
-91,47,1
-74,58,1
-93,73,1
-108,59,1
-86,37,1
-80,51,1
-94,50,1
-82,26,1
-91,31,1
-77,59,1
-105,52,1
-92,43,1
-65,43,1
-71,59,1
-72,53,1
-82,39,1
-100,32,1
-83,30,1
-72,56,1
-75,64,1
-105,34,1
-71,67,1
-99,33,1
-77,47,1
-75,50,1
-87,67,1
-78,71,1
-104,40,1
-80,74,1
-96,37,1
-79,33,1
-97,46,1
-90,32,1
-94,39,1
-71,62,1
-110,55,1
-78,68,1
-71,64,1
-96,41,1
-73,44,1
-105,42,1
-94,39,1
-98,39,1
-78,66,1
-71,49,1
-109,58,1
-83,29,1
-76,31,1
-80,37,1
-73,51,1
-100,45,1
-86,36,1
-91,66,1
-80,53,1
-73,67,1
-88,38,1
-86,51,1
-74,71,1
-97,52,1
-72,50,1
-65,60,1
