-20,-96,0
-5,-83,0
10,-75,0
-9,-89,0
11,-73,0
10,-100,0
-7,-68,0
22,-92,0
7,-84,0
11,-77,0
-19,-97,0
13,-104,0
12,-103,0
15,-98,0
4,-111,0
0,-109,0
-14,-87,0
14,-93,0
-14,-84,0
11,-86,0
15,-87,0
20,-86,0
16,-109,0
16,-95,0
22,-95,0
-3,-89,0
13,-74,0
-8,-99,0
18,-97,0
-6,-78,0
-7,-100,0
-2,-112,0
-21,-89,0
5,-66,0
8,-109,0
8,-77,0
-13,-98,0
-21,-92,0
-4,-88,0
-6,-87,0
-24,-92,0
2,-106,0
-18,-85,0
-15,-106,0
-16,-79,0
15,-70,0
-5,-80,0
-9,-98,0
7,-99,0
-13,-87,0
7,-99,0
9,-104,0
1,-111,0
10,-75,0
19,-88,0
-19,-89,0
2,-99,0
9,-98,0
-21,-85,0
16,-93,0
-11,-112,0
-15,-92,0
-3,-85,0
18,-87,0
-4,-113,0
6,-71,0
15,-110,0
10,-89,0
-7,-74,0
-14,-105,0
20,-76,0
-12,-69,0
-14,-90,0
6,-72,0
-8,-67,0
-14,-77,0
-13,-79,0
-6,-98,0
-7,-71,0
20,-86,0
-13,-99,0
13,-82,0
-18,-81,0
-4,-105,0
-16,-87,0
-6,-66,0
10,-85,0
-11,-87,0
-20,-99,0
4,-98,0
-17,-76,0
-2,-103,0
-4,-86,0
22,-98,0
5,-107,0
-3,-114,0
14,-107,0
8,-99,0
22,-98,0
19,-77,0
10,-87,0
-23,-94,0
9,-100,0
9,-78,0
-1,-99,0
14,-75,0
-4,-70,0
15,-99,0
-4,-112,0
-19,-81,0
2,-82,0
-13,-88,0
8,-73,0
18,-94,0
17,-75,0
-7,-88,0
-17,-98,0
-6,-109,0
-21,-77,0
1,-68,0
7,-77,0
-5,-80,0
17,-85,0
0,-95,0
9,-75,0
-13,-105,0
7,-112,0
-5,-97,0
10,-83,0
-15,-82,0
-1,-104,0
-18,-99,0
9,-82,0
-10,-112,0
-15,-70,0
17,-87,0
7,-82,0
0,-70,0
-16,-77,0
-2,-89,0
18,-91,0
-10,-87,0
-9,-103,0
10,-98,0
-6,-94,0
7,-105,0
17,-75,0
-11,-71,0
17,-105,0
12,-92,0
-10,-70,0
4,-105,0
-19,-85,0
1,-113,0
-6,-99,0
-12,-70,0
15,-104,0
6,-81,0
13,-73,0
-9,-73,0
-16,-83,0
-15,-80,0
-7,-105,0
1,-100,0
-18,-102,0
5,-69,0
10,-95,0
23,-83,0
17,-108,0
-16,-86,0
0,-70,0
-10,-102,0
-14,-80,0
-3,-78,0
-1,-90,0
1,-69,0
12,-110,0
4,-99,0
-14,-91,0
23,-87,0
7,-106,0
-19,-103,0
7,-94,0
7,-84,0
-10,-94,0
17,-78,0
-13,-78,0
5,-88,0
12,-79,0
7,-86,0
24,-87,0
-4,-103,0
13,-106,0
-5,-95,0
15,-87,0
-9,-83,0
17,-73,0
-9,-104,0
-11,-68,0
-15,-71,0
-11,-69,0
16,-102,0
16,-91,0
4,-78,0
-7,-83,0
-18,-75,0
-15,-85,0
-13,-102,0
11,-103,0
5,-80,0
19,-91,0
-1,-77,0
-14,-79,0
-8,-109,0
15,-75,0
-20,-85,0
7,-95,0
7,-104,0
-7,-79,0
-5,-107,0
6,-102,0
14,-73,0
0,-103,0
13,-105,0
5,-94,0
17,-96,0
7,-84,0
-3,-106,0
-14,-93,0
10,-99,0
-22,-80,0
-4,-102,0
3,-102,0
-23,-98,0
14,-86,0
-13,-77,0
-8,-109,0
-4,-88,0
-11,-104,0
11,-97,0
-14,-95,0
15,-96,0
-24,-97,0
-6,-89,0
-8,-113,0
-10,-90,0
-12,-104,0
5,-88,0
-10,-94,0
-18,-97,0
-9,-80,0
-4,-111,0
-10,-109,0
-14,-90,0
-17,-79,0
19,-106,0
-4,-100,0
2,-84,0
-12,-107,0
8,-69,0
-24,-92,0
3,-74,0
1,-82,0
8,-73,0
5,-87,0
3,-102,0
1,-76,0
24,-96,0
9,-87,0
-8,-77,0
-17,-92,0
-14,-108,0
-11,-75,0
-18,-96,0
20,-79,0
-19,-81,0
-6,-101,0
-1,-71,0
-6,-97,0
20,-76,0
-19,-101,0
15,-82,0
-19,-87,0
10,-84,0
13,-99,0
10,-86,0
-4,-94,0
3,-92,0
-6,-91,0
-23,-85,0
18,-80,0
-13,-90,0
-11,-91,0
7,-77,0
3,-92,0
17,-100,0
12,-72,0
3,-79,0
-6,-87,0
4,-78,0
7,-106,0
21,-91,0
11,-79,0
-22,-83,0
-18,-77,0
8,-84,0
-18,-92,0
7,-101,0
-13,-77,0
-8,-78,0
-21,-99,0
-9,-89,0
18,-84,0
3,-95,0
-9,-109,0
2,-70,0
12,-101,0
11,-90,0
10,-100,0
19,-100,0
-11,-101,0
5,-92,0
-10,-100,0
5,-89,0
16,-94,0
2,-87,0
-3,-89,0
-4,-85,0
1,-114,0
-3,-107,0
-6,-92,0
12,-107,0
-8,-92,0
60,53,1
67,51,1
92,30,1
81,67,1
80,55,1
91,29,1
91,39,1
59,31,1
64,46,1
70,22,1
90,38,1
72,30,1
101,42,1
75,31,1
72,25,1
64,62,1
63,38,1
77,59,1
59,60,1
90,51,1
87,24,1
64,40,1
91,40,1
71,59,1
99,56,1
74,29,1
75,64,1
84,48,1
91,57,1
65,33,1
101,53,1
89,33,1
60,33,1
79,68,1
90,30,1
63,53,1
57,56,1
83,62,1
63,56,1
84,29,1
87,46,1
77,21,1
64,43,1
65,40,1
81,67,1
59,36,1
80,25,1
68,66,1
101,39,1
66,31,1
59,43,1
62,34,1
90,40,1
89,44,1
57,51,1
56,43,1
88,57,1
97,35,1
70,45,1
89,54,1
101,42,1
68,53,1
95,42,1
74,63,1
76,44,1
101,36,1
90,30,1
97,39,1
97,32,1
88,34,1
83,35,1
80,41,1
92,41,1
65,47,1
77,26,1
70,43,1
89,35,1
98,57,1
76,21,1
69,41,1
81,44,1
57,57,1
82,23,1
88,67,1
65,52,1
85,31,1
72,67,1
57,34,1
62,27,1
80,52,1
100,47,1
73,55,1
66,51,1
96,48,1
78,59,1
90,46,1
81,36,1
92,32,1
81,49,1
94,46,1
92,39,1
65,28,1
91,27,1
87,33,1
71,32,1
94,42,1
85,61,1
70,63,1
97,33,1
100,48,1
88,27,1
70,47,1
62,50,1
94,62,1
67,66,1
85,54,1
68,61,1
59,38,1
67,26,1
79,24,1
101,44,1
71,47,1
72,58,1
85,42,1
65,35,1
68,35,1
93,61,1
82,26,1
79,29,1
57,55,1
60,44,1
91,66,1
92,46,1
76,46,1
63,38,1
64,33,1
90,36,1
96,62,1
84,46,1
57,44,1
74,44,1
72,51,1
97,32,1
76,57,1
76,29,1
70,66,1
62,33,1
58,51,1
71,31,1
94,30,1
69,45,1
77,28,1
69,48,1
95,49,1
87,42,1
95,42,1
62,39,1
74,42,1
86,55,1
79,40,1
79,42,1
76,25,1
71,58,1
75,26,1
102,51,1
76,69,1
89,63,1
94,34,1
56,40,1
80,52,1
73,51,1
88,30,1
65,24,1
75,36,1
98,46,1
66,30,1
92,45,1
62,39,1
94,59,1
99,46,1
70,42,1
53,46,1
83,27,1
55,48,1
81,44,1
90,29,1
94,37,1
90,32,1
87,55,1
72,65,1
71,52,1
63,32,1
73,41,1
91,45,1
65,36,1
67,67,1
89,67,1
81,67,1
57,43,1
61,57,1
96,34,1
90,32,1
81,32,1
80,36,1
93,45,1
77,51,1
85,67,1
87,32,1
66,65,1
83,43,1
67,27,1
55,51,1
85,23,1
73,46,1
68,50,1
92,52,1
90,61,1
83,27,1
60,59,1
69,63,1
94,36,1
99,37,1
75,46,1
87,31,1
78,30,1
87,26,1
66,24,1
95,28,1
62,30,1
94,56,1
87,30,1
95,62,1
79,37,1
62,28,1
94,33,1
81,69,1
91,54,1
79,55,1
78,65,1
87,34,1
94,38,1
60,31,1
62,27,1
87,31,1
61,63,1
99,56,1
74,43,1
88,59,1
88,49,1
63,47,1
85,40,1
90,63,1
65,52,1
59,52,1
82,61,1
90,29,1
92,48,1
85,47,1
81,44,1
77,25,1
90,25,1
56,39,1
54,50,1
77,68,1
64,52,1
88,24,1
73,30,1
65,39,1
65,27,1
77,37,1
73,41,1
76,41,1
101,51,1
85,30,1
62,47,1
86,43,1
97,41,1
58,31,1
94,45,1
66,49,1
88,52,1
92,37,1
64,61,1
73,34,1
93,35,1
58,36,1
84,35,1
85,63,1
69,54,1
93,33,1
87,51,1
89,53,1
57,49,1
85,47,1
69,65,1
60,55,1
72,41,1
70,58,1
88,60,1
72,65,1
86,25,1
90,33,1
90,50,1
101,50,1
77,56,1
65,40,1
80,68,1
81,58,1
77,46,1
75,23,1
95,63,1
78,21,1
69,49,1
74,25,1
67,63,1
76,65,1
72,33,1
83,40,1
77,25,1
100,54,1
96,59,1
90,46,1
69,27,1
71,48,1
91,27,1
73,42,1
74,28,1
85,25,1
80,25,1
93,58,1
68,47,1
61,31,1
78,30,1
-57,41,1
-66,24,1
-72,26,1
-73,49,1
-76,26,1
-88,56,1
-63,26,1
-84,66,1
-84,49,1
-87,47,1
-90,57,1
-93,31,1
-84,67,1
-94,46,1
-60,48,1
-101,38,1
-98,55,1
-80,57,1
-88,65,1
-94,58,1
-101,48,1
-87,51,1
-84,24,1
-88,48,1
-94,64,1
-76,51,1
-80,61,1
-93,38,1
-77,61,1
-90,41,1
-74,55,1
-57,39,1
-76,46,1
-89,27,1
-78,55,1
-89,43,1
-87,51,1
-85,53,1
-76,26,1
-80,68,1
-94,30,1
-77,42,1
-56,36,1
-70,36,1
-77,69,1
-63,61,1
-83,54,1
-55,40,1
-64,31,1
-95,47,1
-93,64,1
-58,51,1
-92,55,1
-79,33,1
-82,27,1
-59,58,1
-73,24,1
-63,56,1
-101,41,1
-64,36,1
-93,26,1
-71,53,1
-71,43,1
-76,51,1
-91,62,1
-81,33,1
-59,37,1
-62,38,1
-83,21,1
-57,57,1
-86,22,1
-72,22,1
-79,43,1
-63,51,1
-77,54,1
-72,60,1
-65,43,1
-61,58,1
-100,44,1
-77,50,1
-71,39,1
-97,32,1
-95,36,1
-64,37,1
-63,42,1
-67,34,1
-92,30,1
-63,47,1
-59,49,1
-83,34,1
-55,43,1
-90,54,1
-70,31,1
-83,42,1
-69,28,1
-88,53,1
-65,50,1
-83,30,1
-82,56,1
-69,65,1
-88,45,1
-84,25,1
-81,54,1
-94,38,1
-84,66,1
-65,39,1
-85,22,1
-82,43,1
-75,62,1
-83,25,1
-73,25,1
-87,56,1
-61,33,1
-98,37,1
-85,34,1
-62,44,1
-56,53,1
-55,38,1
-95,51,1
-84,49,1
-89,34,1
-65,33,1
-73,23,1
-85,28,1
-93,60,1
-86,39,1
-101,47,1
-82,58,1
-61,44,1
-98,53,1
-99,43,1
-58,40,1
-98,50,1
-76,48,1
-81,42,1
-81,63,1
-76,39,1
-89,32,1
-85,41,1
-63,45,1
-76,64,1
-67,44,1
-70,28,1
-77,59,1
-82,61,1
-68,61,1
-91,44,1
-84,67,1
-65,44,1
-95,50,1
-66,58,1
-60,61,1
-67,32,1
-93,36,1
-69,65,1
-70,64,1
-90,66,1
-76,65,1
-81,64,1
-68,33,1
-63,57,1
-67,54,1
-88,31,1
-75,47,1
-65,38,1
-70,39,1
-73,41,1
-79,32,1
-85,58,1
-83,57,1
-64,38,1
-74,44,1
-73,48,1
-85,65,1
-83,35,1
-97,48,1
-60,34,1
-98,55,1
-59,57,1
-90,50,1
-72,34,1
-77,28,1
-75,43,1
-79,43,1
-102,41,1
-88,66,1
-76,32,1
-66,26,1
-74,65,1
-56,38,1
-86,40,1
-79,47,1
-72,64,1
-65,24,1
-83,60,1
-81,64,1
-85,38,1
-101,53,1
-72,65,1
-91,58,1
-94,42,1
-83,31,1
-75,36,1
-82,64,1
-95,31,1
-79,32,1
-91,65,1
-92,62,1
-89,57,1
-98,52,1
-63,39,1
-79,54,1
-95,53,1
-58,55,1
-100,44,1
-87,52,1
-102,44,1
-57,57,1
-67,37,1
-58,34,1
-63,50,1
-72,51,1
-95,36,1
-99,57,1
-66,29,1
-98,57,1
-99,41,1
-74,32,1
-90,54,1
-58,35,1
-96,57,1
-81,39,1
-75,50,1
-75,32,1
-66,39,1
-83,57,1
-102,47,1
-61,42,1
-74,41,1
-71,33,1
-78,63,1
-66,63,1
-76,28,1
-81,49,1
-85,26,1
-94,33,1
-58,56,1
-100,36,1
-76,69,1
-93,36,1
-82,52,1
-74,67,1
-61,48,1
-71,25,1
-88,42,1
-66,49,1
-70,29,1
-90,50,1
-68,63,1
-82,52,1
-90,47,1
-88,64,1
-85,53,1
-78,50,1
-90,37,1
-69,49,1
-59,42,1
-74,29,1
-58,54,1
-98,57,1
-100,39,1
-81,69,1
-85,40,1
-55,43,1
-84,33,1
-70,62,1
-99,32,1
-87,66,1
-87,45,1
-57,58,1
-69,29,1
-102,41,1
-73,53,1
-61,43,1
-67,29,1
-79,68,1
-75,30,1
-96,61,1
-89,34,1
-90,50,1
-78,54,1
-57,37,1
-76,22,1
-99,40,1
-95,34,1
-99,46,1
-88,55,1
-62,60,1
-54,49,1
-89,39,1
-71,64,1
-76,30,1
-89,50,1
-72,38,1
-83,61,1
-96,28,1
-69,30,1
-72,68,1
-66,53,1
-88,40,1
-71,60,1
-92,58,1
-75,60,1
-68,26,1
-59,37,1
-58,30,1
-72,26,1
-84,46,1
-88,63,1
-69,41,1
-59,42,1
-96,62,1
-66,65,1
-76,69,1
-75,69,1
-93,62,1
-88,38,1
-64,35,1
-77,27,1
-61,59,1
-57,41,1
-66,49,1
-84,49,1
