-7,-107,0
-15,-108,0
2,-74,0
-11,-94,0
6,-89,0
-23,-97,0
5,-86,0
23,-81,0
-9,-75,0
23,-96,0
10,-107,0
-6,-103,0
9,-96,0
2,-112,0
-17,-80,0
22,-100,0
11,-72,0
2,-66,0
-17,-103,0
-22,-98,0
-9,-74,0
-7,-84,0
23,-91,0
-17,-75,0
-11,-108,0
-1,-68,0
3,-92,0
-14,-84,0
-4,-106,0
5,-67,0
17,-89,0
-17,-100,0
-24,-92,0
14,-77,0
2,-67,0
-13,-102,0
5,-82,0
8,-75,0
21,-100,0
-12,-107,0
3,-78,0
-20,-98,0
10,-104,0
19,-86,0
14,-85,0
-22,-98,0
8,-90,0
10,-69,0
4,-104,0
17,-79,0
21,-98,0
10,-103,0
8,-72,0
12,-101,0
15,-110,0
-4,-106,0
-14,-83,0
1,-108,0
-13,-73,0
-12,-77,0
13,-91,0
-15,-94,0
8,-86,0
19,-85,0
1,-74,0
4,-102,0
17,-90,0
17,-92,0
8,-112,0
-9,-90,0
19,-79,0
-13,-97,0
-13,-96,0
17,-84,0
19,-87,0
-7,-111,0
-13,-100,0
7,-85,0
10,-96,0
-6,-107,0
-7,-70,0
17,-97,0
14,-75,0
5,-90,0
-5,-67,0
7,-77,0
3,-112,0
6,-88,0
-4,-90,0
15,-104,0
-18,-73,0
8,-68,0
-3,-80,0
-9,-112,0
-3,-81,0
3,-96,0
11,-84,0
-24,-92,0
-11,-101,0
8,-104,0
23,-97,0
10,-86,0
13,-96,0
-11,-91,0
6,-113,0
7,-68,0
-2,-103,0
-7,-75,0
-8,-94,0
7,-88,0
-20,-88,0
3,-92,0
-14,-71,0
-7,-79,0
-7,-99,0
14,-84,0
11,-71,0
9,-68,0
8,-79,0
-20,-82,0
6,-100,0
-3,-104,0
2,-72,0
-15,-84,0
-15,-73,0
-14,-72,0
8,-92,0
0,-86,0
-15,-108,0
-17,-73,0
-6,-93,0
-11,-88,0
8,-112,0
-13,-69,0
-15,-93,0
-7,-79,0
16,-105,0
14,-72,0
6,-93,0
-6,-71,0
-8,-76,0
-8,-92,0
-1,-108,0
9,-96,0
-21,-80,0
2,-94,0
-21,-89,0
-1,-91,0
15,-77,0
13,-72,0
22,-96,0
9,-106,0
-22,-100,0
-7,-97,0
-15,-76,0
-9,-104,0
-8,-112,0
-2,-70,0
-11,-71,0
7,-84,0
15,-109,0
-6,-70,0
-1,-95,0
9,-113,0
1,-96,0
4,-75,0
18,-78,0
24,-87,0
-12,-84,0
-10,-87,0
-13,-70,0
-9,-82,0
12,-101,0
-24,-97,0
4,-111,0
-18,-92,0
18,-92,0
-15,-86,0
-2,-107,0
-10,-76,0
-18,-104,0
9,-98,0
-1,-112,0
12,-99,0
-17,-89,0
-6,-108,0
20,-85,0
8,-96,0
2,-66,0
18,-99,0
-7,-106,0
4,-83,0
-15,-79,0
-5,-76,0
-21,-96,0
-12,-97,0
-13,-98,0
-11,-73,0
5,-66,0
0,-101,0
-17,-72,0
-11,-68,0
-10,-78,0
-1,-114,0
-20,-90,0
-3,-114,0
9,-77,0
-19,-106,0
-10,-92,0
17,-81,0
0,-77,0
-19,-101,0
1,-84,0
-5,-99,0
-14,-90,0
17,-82,0
-6,-70,0
-18,-80,0
-23,-82,0
14,-96,0
9,-71,0
18,-78,0
-19,-75,0
-16,-103,0
-23,-97,0
21,-85,0
20,-98,0
-7,-107,0
1,-76,0
-22,-92,0
-14,-108,0
10,-105,0
19,-93,0
11,-72,0
12,-96,0
7,-88,0
13,-77,0
5,-90,0
13,-76,0
-11,-84,0
13,-72,0
-9,-74,0
21,-96,0
13,-104,0
14,-79,0
-7,-103,0
7,-111,0
-10,-80,0
-23,-82,0
-1,-98,0
2,-95,0
13,-91,0
7,-75,0
12,-98,0
0,-95,0
-13,-107,0
-11,-96,0
-2,-95,0
2,-111,0
9,-67,0
-3,-83,0
-7,-76,0
-3,-81,0
-8,-107,0
-13,-84,0
2,-67,0
-7,-103,0
20,-89,0
4,-84,0
10,-79,0
2,-96,0
-18,-95,0
15,-91,0
-8,-83,0
-16,-75,0
8,-87,0
8,-96,0
-9,-86,0
-21,-96,0
-17,-83,0
-9,-96,0
19,-82,0
18,-102,0
7,-94,0
-16,-72,0
20,-99,0
2,-92,0
-4,-86,0
-19,-87,0
8,-103,0
0,-74,0
-3,-112,0
3,-74,0
8,-113,0
12,-96,0
-7,-94,0
12,-96,0
3,-75,0
-13,-83,0
-8,-101,0
9,-92,0
-8,-93,0
3,-83,0
-10,-81,0
19,-91,0
-12,-111,0
-10,-94,0
-15,-81,0
9,-103,0
-3,-67,0
-10,-85,0
10,-85,0
-10,-109,0
1,-70,0
1,-108,0
-8,-80,0
-16,-85,0
18,-73,0
7,-72,0
-23,-99,0
20,-86,0
-8,-110,0
-15,-108,0
-7,-83,0
-10,-105,0
-22,-91,0
3,-87,0
21,-78,0
1,-75,0
0,-96,0
12,-70,0
-17,-75,0
10,-104,0
82,50,1
68,26,1
63,35,1
68,38,1
54,52,1
73,33,1
72,43,1
74,24,1
66,38,1
100,52,1
79,25,1
74,36,1
75,55,1
75,34,1
83,60,1
91,26,1
71,40,1
93,51,1
63,46,1
69,51,1
98,38,1
86,45,1
83,34,1
69,60,1
91,29,1
68,62,1
76,41,1
89,25,1
102,51,1
78,42,1
60,28,1
81,64,1
82,47,1
65,30,1
57,45,1
73,54,1
92,57,1
84,69,1
84,62,1
65,45,1
69,55,1
77,35,1
90,61,1
78,33,1
71,27,1
80,57,1
73,28,1
83,45,1
59,41,1
61,42,1
90,56,1
57,43,1
79,31,1
74,62,1
59,59,1
61,43,1
85,65,1
67,57,1
87,49,1
64,46,1
74,43,1
92,32,1
68,39,1
81,27,1
88,37,1
79,25,1
67,23,1
99,42,1
101,45,1
78,65,1
76,67,1
101,45,1
82,35,1
81,39,1
91,43,1
64,61,1
67,50,1
65,62,1
98,40,1
61,51,1
73,50,1
57,37,1
84,32,1
63,54,1
88,33,1
101,36,1
89,35,1
66,24,1
61,47,1
100,46,1
86,33,1
79,60,1
76,21,1
89,30,1
79,64,1
94,35,1
96,45,1
65,27,1
72,54,1
79,31,1
91,50,1
65,65,1
57,37,1
87,42,1
69,45,1
98,42,1
74,57,1
56,35,1
81,25,1
76,47,1
77,24,1
56,40,1
83,33,1
73,60,1
83,30,1
70,57,1
58,47,1
79,55,1
91,65,1
80,29,1
70,48,1
80,51,1
96,54,1
83,46,1
62,59,1
90,62,1
82,44,1
73,40,1
65,60,1
92,36,1
69,63,1
69,30,1
72,33,1
95,43,1
97,33,1
70,50,1
77,33,1
77,27,1
79,27,1
78,48,1
63,51,1
83,41,1
78,26,1
78,45,1
75,51,1
79,33,1
90,48,1
63,36,1
79,67,1
96,37,1
69,26,1
95,37,1
63,33,1
87,37,1
63,32,1
63,37,1
84,57,1
68,34,1
64,48,1
87,59,1
91,37,1
96,30,1
83,52,1
92,55,1
97,34,1
55,51,1
77,69,1
80,32,1
68,27,1
84,54,1
98,51,1
84,53,1
60,44,1
83,51,1
99,38,1
78,34,1
59,29,1
63,48,1
72,57,1
68,31,1
88,61,1
76,46,1
77,62,1
64,56,1
72,35,1
92,36,1
99,45,1
64,26,1
80,44,1
71,60,1
66,24,1
68,50,1
64,25,1
76,29,1
74,34,1
67,44,1
95,40,1
58,52,1
60,44,1
80,41,1
80,56,1
92,34,1
60,60,1
96,46,1
93,35,1
92,51,1
73,26,1
70,40,1
95,29,1
64,38,1
76,68,1
91,35,1
101,45,1
74,64,1
83,40,1
87,26,1
89,56,1
56,38,1
81,65,1
72,44,1
75,27,1
61,27,1
80,44,1
94,34,1
93,32,1
99,40,1
92,34,1
61,27,1
84,69,1
83,50,1
76,29,1
74,51,1
86,29,1
78,36,1
79,55,1
69,47,1
87,46,1
73,36,1
84,23,1
73,24,1
89,39,1
73,56,1
96,62,1
80,41,1
92,61,1
89,46,1
58,56,1
93,28,1
85,26,1
88,60,1
74,59,1
80,66,1
74,31,1
72,54,1
88,51,1
89,30,1
70,36,1
88,45,1
69,62,1
94,26,1
85,28,1
98,55,1
76,67,1
89,60,1
92,44,1
73,30,1
100,36,1
66,28,1
78,37,1
91,47,1
84,64,1
62,48,1
67,39,1
95,52,1
68,25,1
95,61,1
70,26,1
86,24,1
88,59,1
64,65,1
96,36,1
61,61,1
73,51,1
97,38,1
72,66,1
62,31,1
100,56,1
82,55,1
90,66,1
70,47,1
66,41,1
67,37,1
75,33,1
62,57,1
102,45,1
66,34,1
64,34,1
86,54,1
90,36,1
60,53,1
72,27,1
88,27,1
82,45,1
74,26,1
82,33,1
63,25,1
65,63,1
100,49,1
62,64,1
84,36,1
57,54,1
98,57,1
96,28,1
87,25,1
76,64,1
89,46,1
99,39,1
69,32,1
72,68,1
93,60,1
90,25,1
68,54,1
99,44,1
66,65,1
65,54,1
75,48,1
94,48,1
67,39,1
77,53,1
61,29,1
56,35,1
93,47,1
82,31,1
-71,60,1
-74,59,1
-86,44,1
-78,44,1
-83,55,1
-59,52,1
-92,34,1
-80,34,1
-66,29,1
-97,37,1
-78,27,1
-67,45,1
-67,40,1
-66,24,1
-84,24,1
-78,48,1
-67,25,1
-63,48,1
-74,44,1
-82,37,1
-81,45,1
-87,32,1
-71,45,1
-92,54,1
-98,57,1
-82,50,1
-69,54,1
-63,29,1
-81,66,1
-54,43,1
-81,56,1
-75,28,1
-88,42,1
-72,52,1
-87,61,1
-74,35,1
-85,22,1
-89,59,1
-63,58,1
-85,64,1
-68,59,1
-87,30,1
-95,33,1
-64,30,1
-87,45,1
-63,30,1
-80,52,1
-78,69,1
-99,42,1
-86,65,1
-72,67,1
-66,63,1
-99,40,1
-75,46,1
-80,57,1
-65,34,1
-75,63,1
-95,27,1
-78,60,1
-68,29,1
-63,32,1
-79,40,1
-89,67,1
-89,55,1
-97,30,1
-99,33,1
-76,55,1
-85,59,1
-83,48,1
-71,69,1
-93,39,1
-99,42,1
-91,29,1
-64,55,1
-74,57,1
-95,52,1
-65,57,1
-57,43,1
-87,54,1
-63,55,1
-79,51,1
-64,38,1
-78,64,1
-84,39,1
-84,32,1
-82,22,1
-64,59,1
-72,55,1
-101,44,1
-89,35,1
-74,61,1
-63,45,1
-63,38,1
-72,60,1
-66,27,1
-82,44,1
-74,66,1
-86,48,1
-68,36,1
-69,26,1
-70,22,1
-100,42,1
-90,32,1
-96,28,1
-90,65,1
-73,32,1
-68,33,1
-78,23,1
-81,48,1
-97,61,1
-78,68,1
-87,34,1
-92,38,1
-60,46,1
-85,29,1
-76,35,1
-82,63,1
-95,60,1
-97,42,1
-87,23,1
-100,42,1
-93,32,1
-99,53,1
-74,34,1
-79,69,1
-63,28,1
-100,50,1
-67,55,1
-77,30,1
-69,57,1
-78,68,1
-78,44,1
-62,59,1
-92,25,1
-64,45,1
-76,57,1
-77,55,1
-80,59,1
-70,60,1
-85,64,1
-89,51,1
-84,39,1
-63,54,1
-61,42,1
-93,63,1
-98,52,1
-55,38,1
-84,32,1
-63,40,1
-65,28,1
-94,37,1
-74,68,1
-89,30,1
-90,37,1
-77,28,1
-98,51,1
-78,39,1
-77,47,1
-81,55,1
-81,65,1
-90,52,1
-71,55,1
-79,28,1
-79,46,1
-80,53,1
-65,58,1
-79,38,1
-74,27,1
-64,44,1
-82,32,1
-62,63,1
-89,58,1
-99,37,1
-80,49,1
-70,24,1
-67,67,1
-79,64,1
-85,62,1
-101,48,1
-91,59,1
-99,37,1
-72,29,1
-91,28,1
-79,62,1
-94,34,1
-96,33,1
-94,58,1
-90,47,1
-87,27,1
-67,40,1
-85,46,1
-92,51,1
-99,49,1
-89,46,1
-74,34,1
-63,60,1
-89,40,1
-71,48,1
-98,55,1
-93,36,1
-62,36,1
-86,66,1
-89,32,1
-65,44,1
-62,39,1
-86,66,1
-81,55,1
-78,33,1
-75,57,1
-83,68,1
-87,68,1
-97,43,1
-69,54,1
-92,57,1
-91,47,1
-83,63,1
-63,28,1
-84,47,1
-68,62,1
-84,31,1
-60,51,1
-58,47,1
-68,30,1
-87,67,1
-76,31,1
-75,53,1
-72,23,1
-85,40,1
-95,61,1
-82,41,1
-62,33,1
-72,58,1
-64,38,1
-54,50,1
-92,27,1
-89,50,1
-68,43,1
-88,34,1
-99,54,1
-83,45,1
-79,39,1
-64,38,1
-89,37,1
-56,47,1
-58,54,1
-80,45,1
-93,45,1
-86,58,1
-91,43,1
-96,28,1
-74,69,1
-68,55,1
-68,51,1
-82,38,1
-65,57,1
-88,51,1
-71,21,1
-90,38,1
-89,31,1
-75,45,1
-66,37,1
-59,30,1
-67,42,1
-67,59,1
-80,23,1
-84,50,1
-82,62,1
-71,29,1
-60,61,1
-86,27,1
-80,41,1
-82,63,1
-66,57,1
-64,52,1
-69,34,1
-75,66,1
-57,47,1
-100,48,1
-66,27,1
-90,40,1
-72,45,1
-64,37,1
-94,49,1
-94,35,1
-82,24,1
-77,33,1
-92,65,1
-58,34,1
-68,27,1
-63,40,1
-68,57,1
-88,39,1
-76,32,1
-79,64,1
-66,62,1
-70,48,1
-68,57,1
-69,54,1
-80,50,1
-74,37,1
-62,63,1
-84,30,1
-100,42,1
-66,53,1
-76,36,1
-62,43,1
-64,50,1
-68,31,1
-86,33,1
-93,54,1
-70,43,1
-54,43,1
-58,59,1
-67,55,1
-89,41,1
-56,51,1
-54,52,1
-84,35,1
-101,39,1
-94,37,1
-84,33,1
-70,31,1
-77,64,1
-92,34,1
-93,50,1
-62,58,1
-96,50,1
-85,23,1
-87,28,1
-85,65,1
-65,58,1
-100,39,1
-60,42,1
