15,-126,0
24,-146,0
-3,-129,0
21,-141,0
11,-160,0
16,-125,0
-13,-152,0
20,-129,0
-3,-124,0
11,-135,0
-17,-144,0
-4,-146,0
-22,-146,0
-7,-157,0
-9,-120,0
24,-142,0
17,-128,0
-6,-163,0
-21,-132,0
11,-159,0
-10,-129,0
2,-144,0
6,-118,0
-12,-124,0
3,-125,0
3,-130,0
9,-135,0
-23,-145,0
7,-134,0
-20,-133,0
-2,-148,0
20,-129,0
18,-130,0
14,-123,0
-17,-146,0
20,-155,0
14,-150,0
-14,-144,0
-8,-159,0
1,-118,0
13,-147,0
0,-151,0
-4,-127,0
1,-152,0
12,-139,0
12,-136,0
5,-161,0
-9,-121,0
23,-149,0
-24,-136,0
-4,-139,0
-16,-127,0
-10,-151,0
6,-133,0
8,-162,0
-19,-125,0
7,-135,0
-15,-156,0
6,-143,0
-5,-148,0
4,-132,0
18,-132,0
-22,-135,0
-14,-130,0
9,-159,0
-21,-145,0
-3,-157,0
25,-140,0
4,-132,0
0,-127,0
9,-121,0
-15,-132,0
14,-130,0
13,-122,0
15,-156,0
-3,-149,0
-7,-154,0
15,-135,0
21,-128,0
-10,-138,0
-10,-128,0
5,-132,0
-2,-161,0
11,-122,0
-17,-140,0
-16,-141,0
12,-157,0
-11,-124,0
-5,-122,0
-20,-147,0
-20,-137,0
-8,-161,0
6,-137,0
2,-123,0
-20,-139,0
20,-143,0
-14,-140,0
-8,-144,0
-14,-122,0
-6,-135,0
-13,-137,0
12,-159,0
-7,-161,0
13,-149,0
-16,-124,0
13,-157,0
-11,-119,0
-7,-154,0
17,-142,0
-8,-137,0
24,-145,0
-2,-161,0
-5,-140,0
-19,-126,0
10,-146,0
20,-148,0
20,-152,0
7,-153,0
15,-123,0
-13,-137,0
3,-161,0
-1,-139,0
13,-155,0
-12,-130,0
22,-142,0
-15,-134,0
2,-121,0
3,-157,0
-12,-153,0
-22,-139,0
-7,-119,0
22,-129,0
-11,-124,0
-4,-145,0
-7,-123,0
-3,-142,0
-3,-150,0
-6,-135,0
-1,-162,0
6,-127,0
21,-149,0
4,-161,0
-16,-129,0
-12,-140,0
1,-162,0
14,-123,0
24,-134,0
21,-140,0
8,-134,0
6,-117,0
-1,-151,0
4,-162,0
0,-127,0
4,-145,0
2,-164,0
-22,-130,0
4,-161,0
-24,-135,0
4,-156,0
-2,-133,0
-14,-146,0
-22,-139,0
-1,-144,0
11,-157,0
8,-126,0
20,-127,0
9,-124,0
7,-118,0
19,-138,0
-21,-134,0
-12,-136,0
-4,-161,0
-2,-159,0
10,-128,0
-19,-128,0
-16,-155,0
-9,-131,0
11,-129,0
-1,-141,0
18,-135,0
-6,-160,0
3,-143,0
-7,-155,0
-19,-125,0
-4,-149,0
2,-123,0
14,-128,0
14,-141,0
-7,-149,0
-6,-159,0
7,-145,0
-20,-132,0
-20,-128,0
1,-147,0
7,-145,0
-3,-155,0
-18,-135,0
21,-137,0
-5,-122,0
2,-148,0
-21,-129,0
-19,-141,0
-8,-144,0
3,-140,0
6,-138,0
24,-141,0
-16,-156,0
4,-151,0
8,-124,0
-3,-163,0
9,-162,0
7,-116,0
-1,-148,0
8,-133,0
17,-126,0
-4,-129,0
4,-117,0
7,-118,0
-5,-158,0
-15,-124,0
-13,-129,0
-4,-124,0
10,-123,0
12,-140,0
15,-130,0
-2,-139,0
-16,-143,0
-18,-155,0
15,-126,0
11,-127,0
17,-157,0
7,-149,0
14,-140,0
-1,-163,0
-23,-132,0
3,-149,0
4,-121,0
-13,-130,0
12,-143,0
-9,-135,0
-2,-119,0
19,-151,0
-20,-131,0
-21,-133,0
1,-126,0
1,-118,0
17,-152,0
-3,-146,0
-3,-146,0
2,-129,0
-10,-130,0
-19,-145,0
6,-162,0
-24,-144,0
-4,-148,0
17,-134,0
7,-157,0
12,-159,0
18,-145,0
8,-162,0
-10,-159,0
-3,-163,0
-20,-138,0
7,-157,0
24,-142,0
-2,-116,0
-11,-146,0
2,-146,0
-1,-161,0
-22,-137,0
18,-126,0
16,-124,0
6,-123,0
5,-140,0
-11,-146,0
20,-131,0
1,-150,0
0,-143,0
-3,-122,0
-17,-139,0
2,-129,0
-15,-148,0
-5,-133,0
1,-154,0
-14,-122,0
-1,-116,0
6,-141,0
-20,-150,0
18,-150,0
-17,-126,0
7,-131,0
-2,-153,0
-3,-121,0
15,-146,0
-4,-160,0
9,-124,0
8,-121,0
-16,-150,0
17,-156,0
15,-130,0
12,-120,0
20,-139,0
-12,-135,0
-5,-144,0
11,-158,0
1,-148,0
4,-151,0
-13,-148,0
-15,-150,0
-4,-164,0
7,-119,0
17,-122,0
10,-132,0
-20,-152,0
-4,-145,0
18,-126,0
15,-141,0
24,-141,0
-4,-140,0
10,-131,0
-18,-130,0
-4,-159,0
-10,-127,0
6,-163,0
0,-121,0
11,-138,0
0,-140,0
-16,-122,0
6,-158,0
11,-131,0
-8,-138,0
11,-143,0
15,-145,0
128,81,1
119,69,1
130,55,1
120,46,1
139,68,1
134,49,1
107,67,1
140,74,1
121,59,1
109,75,1
115,89,1
139,61,1
100,59,1
122,83,1
130,54,1
103,66,1
144,71,1
134,87,1
119,69,1
110,51,1
115,92,1
126,55,1
99,72,1
111,50,1
119,78,1
110,71,1
121,55,1
117,47,1
111,82,1
135,68,1
133,83,1
125,85,1
99,65,1
119,77,1
115,81,1
97,70,1
98,79,1
129,72,1
112,51,1
99,78,1
98,70,1
131,69,1
112,57,1
129,85,1
142,67,1
140,81,1
120,79,1
113,79,1
136,71,1
109,71,1
136,65,1
101,76,1
107,80,1
140,72,1
124,57,1
134,58,1
131,86,1
130,60,1
122,91,1
140,63,1
118,68,1
112,78,1
134,50,1
104,65,1
112,83,1
135,80,1
138,76,1
132,76,1
134,50,1
144,67,1
117,94,1
136,55,1
107,83,1
122,53,1
105,83,1
121,66,1
118,92,1
108,60,1
102,74,1
120,52,1
133,70,1
124,81,1
143,82,1
108,86,1
134,65,1
138,69,1
107,73,1
111,82,1
118,55,1
124,87,1
116,87,1
107,90,1
132,90,1
120,48,1
126,79,1
143,63,1
109,88,1
137,59,1
126,70,1
131,50,1
138,53,1
133,51,1
102,76,1
144,75,1
123,72,1
133,54,1
144,79,1
103,80,1
137,73,1
142,68,1
133,52,1
134,90,1
134,61,1
102,81,1
134,78,1
104,84,1
136,58,1
140,64,1
119,82,1
119,91,1
103,55,1
132,86,1
113,70,1
128,64,1
111,79,1
111,58,1
102,77,1
123,94,1
108,78,1
111,49,1
143,74,1
129,88,1
135,62,1
101,74,1
117,75,1
114,74,1
125,58,1
123,48,1
143,70,1
115,90,1
108,88,1
126,69,1
128,67,1
100,60,1
114,57,1
136,61,1
131,89,1
118,88,1
128,63,1
131,69,1
129,53,1
120,75,1
124,47,1
118,68,1
116,72,1
142,64,1
136,71,1
120,89,1
130,62,1
117,84,1
131,57,1
126,90,1
130,47,1
114,59,1
110,57,1
101,59,1
138,63,1
115,53,1
142,73,1
121,63,1
113,79,1
120,84,1
109,54,1
124,63,1
121,50,1
109,51,1
114,59,1
136,80,1
144,76,1
128,54,1
131,58,1
101,75,1
109,72,1
137,60,1
120,64,1
121,60,1
139,73,1
109,67,1
108,50,1
115,90,1
124,79,1
110,54,1
108,84,1
129,88,1
143,62,1
124,66,1
120,51,1
122,87,1
104,76,1
124,84,1
140,86,1
107,51,1
121,84,1
130,83,1
106,86,1
113,85,1
108,53,1
98,65,1
113,80,1
146,68,1
132,74,1
127,93,1
116,94,1
128,70,1
121,89,1
132,49,1
109,59,1
114,80,1
140,81,1
103,85,1
112,80,1
100,71,1
104,75,1
129,67,1
105,83,1
113,93,1
124,91,1
141,84,1
141,76,1
115,85,1
135,54,1
129,59,1
110,49,1
119,84,1
99,61,1
97,64,1
115,77,1
144,79,1
138,59,1
136,88,1
118,64,1
102,78,1
112,77,1
116,76,1
114,68,1
97,71,1
124,79,1
122,75,1
121,50,1
124,62,1
119,87,1
117,81,1
113,68,1
109,68,1
138,88,1
127,62,1
108,61,1
114,80,1
100,79,1
134,86,1
107,76,1
120,68,1
126,51,1
125,63,1
136,83,1
112,51,1
145,77,1
142,74,1
115,56,1
132,68,1
115,68,1
131,90,1
113,83,1
117,59,1
109,52,1
117,57,1
144,72,1
112,67,1
144,75,1
118,80,1
120,63,1
130,86,1
142,72,1
121,74,1
111,61,1
135,58,1
118,94,1
140,66,1
131,70,1
132,59,1
125,78,1
107,50,1
111,48,1
107,66,1
118,54,1
135,88,1
139,65,1
132,56,1
115,61,1
132,55,1
123,74,1
126,53,1
112,48,1
131,91,1
121,70,1
122,91,1
122,83,1
132,61,1
117,83,1
112,88,1
116,85,1
112,78,1
113,58,1
116,92,1
136,65,1
128,62,1
136,60,1
127,73,1
112,82,1
101,69,1
118,80,1
125,56,1
133,67,1
105,57,1
110,74,1
132,64,1
108,63,1
107,87,1
134,76,1
111,67,1
107,89,1
122,83,1
131,50,1
-124,69,1
-133,87,1
-126,58,1
-135,54,1
-110,71,1
-127,87,1
-125,86,1
-137,55,1
-119,72,1
-118,74,1
-103,54,1
-142,65,1
-99,63,1
-104,88,1
-131,92,1
-127,65,1
-144,61,1
-101,82,1
-129,80,1
-126,87,1
-143,76,1
-108,75,1
-120,49,1
-137,86,1
-114,59,1
-114,90,1
-138,58,1
-108,57,1
-128,48,1
-117,56,1
-117,52,1
-114,68,1
-131,80,1
-97,72,1
-116,85,1
-112,75,1
-102,55,1
-122,47,1
-119,83,1
-131,77,1
-130,81,1
-129,92,1
-103,86,1
-121,63,1
-119,80,1
-110,86,1
-139,59,1
-142,76,1
-118,62,1
-124,78,1
-123,92,1
-126,55,1
-115,70,1
-134,78,1
-117,51,1
-118,49,1
-126,51,1
-128,70,1
-145,68,1
-107,69,1
-133,66,1
-137,89,1
-114,57,1
-136,55,1
-115,66,1
-127,92,1
-107,76,1
-108,77,1
-137,79,1
-138,80,1
-119,63,1
-134,88,1
-135,60,1
-131,68,1
-101,83,1
-137,59,1
-103,60,1
-133,51,1
-141,59,1
-123,50,1
-101,69,1
-126,90,1
-140,60,1
-108,81,1
-125,85,1
-108,72,1
-98,64,1
-130,59,1
-122,48,1
-135,51,1
-105,78,1
-128,62,1
-113,64,1
-134,74,1
-117,76,1
-120,66,1
-137,68,1
-122,84,1
-133,86,1
-144,63,1
-130,47,1
-139,59,1
-105,52,1
-121,92,1
-104,57,1
-120,92,1
-121,66,1
-121,62,1
-114,51,1
-128,58,1
-115,94,1
-114,48,1
-120,47,1
-114,49,1
-126,64,1
-125,59,1
-109,63,1
-132,63,1
-104,72,1
-112,49,1
-104,58,1
-142,78,1
-115,85,1
-125,76,1
-102,73,1
-113,71,1
-132,70,1
-105,61,1
-125,49,1
-125,94,1
-132,82,1
-102,74,1
-105,64,1
-108,85,1
-140,79,1
-130,79,1
-116,82,1
-136,66,1
-135,73,1
-134,57,1
-122,90,1
-132,63,1
-123,78,1
-131,69,1
-125,63,1
-130,60,1
-114,51,1
-116,85,1
-131,79,1
-123,58,1
-124,73,1
-104,64,1
-126,77,1
-141,57,1
-113,64,1
-109,71,1
-125,92,1
-115,93,1
-136,69,1
-130,77,1
-130,57,1
-105,53,1
-123,72,1
-135,76,1
-124,83,1
-120,75,1
-100,68,1
-108,60,1
-111,87,1
-115,60,1
-119,58,1
-109,81,1
-118,58,1
-103,66,1
-107,67,1
-118,89,1
-105,68,1
-136,69,1
-122,81,1
-104,68,1
-132,64,1
-143,66,1
-115,80,1
-137,55,1
-128,48,1
-141,61,1
-125,90,1
-98,68,1
-143,62,1
-128,64,1
-122,77,1
-127,91,1
-107,80,1
-138,68,1
-145,74,1
-134,51,1
-120,92,1
-143,62,1
-124,65,1
-103,74,1
-100,76,1
-129,90,1
-111,72,1
-117,77,1
-125,70,1
-139,73,1
-115,94,1
-128,92,1
-137,56,1
-119,78,1
-137,64,1
-111,68,1
-99,77,1
-98,79,1
-128,53,1
-117,57,1
-109,81,1
-109,57,1
-120,47,1
-132,92,1
-129,65,1
-104,83,1
-115,47,1
-125,63,1
-137,54,1
-113,91,1
-110,80,1
-124,75,1
-120,61,1
-102,65,1
-109,63,1
-115,56,1
-125,76,1
-103,54,1
-118,57,1
-109,89,1
-101,77,1
-118,91,1
-124,74,1
-119,58,1
-130,63,1
-111,81,1
-126,53,1
-112,63,1
-125,82,1
-146,73,1
-121,48,1
-117,84,1
-123,81,1
-121,51,1
-136,62,1
-110,78,1
-115,57,1
-101,80,1
-139,72,1
-123,67,1
-129,73,1
-145,77,1
-115,92,1
-112,58,1
-133,80,1
-117,92,1
-128,84,1
-123,69,1
-135,59,1
-133,85,1
-114,52,1
-122,57,1
-127,55,1
-102,70,1
-122,78,1
-115,89,1
-118,49,1
-128,72,1
-126,56,1
-102,78,1
-121,51,1
-119,61,1
-138,62,1
-131,90,1
-136,55,1
-127,74,1
-127,91,1
-107,56,1
-139,79,1
-132,88,1
-111,85,1
-138,60,1
-100,64,1
-141,63,1
-136,60,1
-115,92,1
-102,84,1
-109,70,1
-114,76,1
-124,48,1
-133,86,1
-126,76,1
-117,82,1
-110,66,1
-131,74,1
-106,66,1
-132,65,1
-109,84,1
-126,69,1
-128,50,1
-126,55,1
-135,50,1
-131,66,1
-130,60,1
-123,73,1
-115,69,1
-128,51,1
-119,69,1
-110,82,1
-134,59,1
-126,81,1
-104,87,1
-134,83,1
-129,53,1
-124,80,1
-123,74,1
-127,81,1
-111,67,1
-132,62,1
-130,53,1
-111,55,1
-139,68,1
-120,53,1
-122,59,1
-131,75,1
-113,53,1
-133,82,1
