7,-66,0
11,-71,0
15,-104,0
8,-107,0
20,-79,0
0,-90,0
-1,-105,0
0,-103,0
-14,-95,0
14,-75,0
12,-71,0
-3,-87,0
-2,-94,0
8,-101,0
3,-111,0
5,-102,0
9,-106,0
16,-79,0
4,-106,0
13,-107,0
17,-79,0
-5,-71,0
11,-95,0
-10,-94,0
-10,-97,0
8,-112,0
14,-106,0
-18,-85,0
-12,-70,0
-3,-99,0
22,-98,0
7,-69,0
6,-84,0
4,-94,0
-22,-95,0
24,-95,0
-7,-92,0
3,-91,0
-9,-113,0
15,-108,0
-23,-92,0
-11,-108,0
2,-78,0
13,-102,0
-19,-93,0
6,-72,0
-22,-98,0
18,-75,0
-17,-106,0
-16,-71,0
8,-82,0
-5,-112,0
8,-85,0
-15,-80,0
-21,-83,0
-9,-107,0
17,-94,0
-7,-91,0
-12,-104,0
8,-74,0
-5,-75,0
-20,-95,0
-11,-87,0
-7,-87,0
1,-106,0
19,-74,0
-7,-75,0
11,-80,0
4,-75,0
2,-97,0
-7,-87,0
-10,-108,0
9,-110,0
3,-73,0
-6,-80,0
-13,-71,0
2,-112,0
-7,-82,0
1,-92,0
21,-100,0
-12,-69,0
-5,-77,0
4,-95,0
-16,-81,0
8,-69,0
-12,-86,0
-16,-108,0
-14,-106,0
-4,-114,0
-19,-82,0
18,-83,0
8,-84,0
-16,-91,0
1,-86,0
8,-99,0
-11,-97,0
3,-113,0
12,-88,0
-10,-77,0
4,-83,0
-8,-94,0
-22,-86,0
-9,-67,0
9,-74,0
20,-82,0
-11,-95,0
-23,-95,0
-4,-82,0
6,-72,0
-8,-96,0
-10,-108,0
-7,-109,0
-12,-102,0
17,-73,0
0,-115,0
-5,-68,0
16,-97,0
7,-88,0
-1,-97,0
6,-72,0
2,-92,0
22,-97,0
-14,-104,0
17,-79,0
17,-76,0
-25,-90,0
6,-110,0
11,-74,0
-20,-96,0
-2,-87,0
-24,-84,0
2,-100,0
-4,-67,0
19,-101,0
11,-90,0
20,-97,0
-7,-104,0
13,-106,0
-6,-99,0
22,-82,0
7,-106,0
20,-80,0
-3,-99,0
-17,-73,0
-6,-74,0
13,-110,0
4,-112,0
-18,-106,0
-9,-98,0
12,-92,0
13,-89,0
-13,-69,0
15,-99,0
13,-78,0
19,-90,0
4,-75,0
10,-80,0
-10,-92,0
-6,-72,0
-8,-80,0
8,-83,0
15,-103,0
17,-100,0
19,-78,0
-8,-110,0
-11,-105,0
-22,-98,0
-18,-83,0
-20,-87,0
7,-98,0
-6,-113,0
-3,-87,0
13,-76,0
-10,-86,0
-24,-95,0
-7,-104,0
-1,-110,0
-19,-78,0
-9,-67,0
-17,-100,0
2,-95,0
0,-113,0
-1,-114,0
-17,-99,0
4,-100,0
-13,-72,0
-10,-82,0
14,-75,0
-7,-72,0
22,-95,0
0,-71,0
10,-103,0
2,-75,0
-3,-67,0
-17,-92,0
-3,-70,0
-5,-83,0
-5,-74,0
4,-87,0
-18,-103,0
-7,-99,0
-7,-86,0
8,-72,0
5,-72,0
3,-94,0
-8,-104,0
9,-109,0
-19,-86,0
7,-70,0
0,-85,0
12,-98,0
9,-95,0
3,-100,0
-4,-113,0
18,-79,0
21,-78,0
15,-71,0
-4,-87,0
-4,-108,0
8,-98,0
-20,-90,0
20,-100,0
-6,-91,0
-5,-71,0
-5,-69,0
22,-90,0
-17,-89,0
14,-103,0
-7,-104,0
-16,-72,0
12,-94,0
23,-93,0
7,-107,0
-7,-69,0
-17,-80,0
1,-112,0
-2,-99,0
20,-84,0
7,-80,0
-8,-83,0
-1,-80,0
-2,-77,0
-7,-111,0
8,-67,0
22,-99,0
-15,-103,0
13,-108,0
0,-109,0
17,-85,0
-8,-84,0
1,-68,0
-16,-94,0
19,-98,0
21,-103,0
3,-91,0
-9,-113,0
3,-91,0
14,-97,0
-11,-93,0
-9,-107,0
-11,-106,0
13,-91,0
-1,-97,0
-2,-66,0
4,-68,0
12,-76,0
-14,-98,0
-11,-88,0
-5,-69,0
5,-91,0
9,-75,0
-4,-107,0
-21,-89,0
-12,-100,0
6,-89,0
20,-103,0
-9,-109,0
13,-82,0
-24,-85,0
-21,-85,0
23,-83,0
0,-111,0
0,-74,0
-21,-89,0
-13,-69,0
-16,-98,0
-4,-101,0
-5,-111,0
-14,-74,0
21,-102,0
7,-92,0
-7,-91,0
8,-112,0
-8,-108,0
13,-72,0
-17,-90,0
7,-82,0
-23,-89,0
0,-103,0
3,-105,0
-8,-100,0
-11,-93,0
-2,-104,0
-3,-70,0
-4,-66,0
1,-66,0
22,-93,0
-24,-97,0
5,-89,0
-4,-70,0
-6,-114,0
-8,-107,0
-23,-88,0
7,-68,0
-7,-89,0
14,-92,0
18,-83,0
17,-76,0
22,-88,0
9,-90,0
1,-73,0
11,-94,0
16,-87,0
-12,-108,0
13,-91,0
1,-109,0
12,-103,0
5,-80,0
15,-83,0
-11,-94,0
-15,-81,0
-17,-93,0
11,-94,0
62,43,1
90,26,1
84,67,1
100,45,1
66,52,1
87,44,1
67,62,1
92,37,1
76,68,1
82,34,1
63,43,1
95,57,1
79,42,1
72,62,1
81,62,1
77,67,1
67,66,1
74,24,1
65,24,1
81,66,1
84,32,1
72,48,1
100,46,1
85,46,1
98,46,1
96,58,1
76,36,1
87,54,1
67,50,1
81,56,1
84,28,1
58,45,1
65,30,1
73,34,1
79,31,1
56,54,1
78,32,1
68,44,1
76,24,1
58,59,1
77,50,1
93,59,1
80,49,1
86,33,1
84,58,1
73,22,1
54,39,1
58,49,1
86,63,1
57,48,1
80,22,1
77,68,1
99,34,1
69,25,1
79,61,1
96,53,1
84,64,1
93,31,1
89,62,1
72,63,1
91,30,1
68,27,1
91,55,1
88,29,1
95,59,1
65,24,1
58,48,1
59,60,1
101,50,1
99,37,1
81,60,1
54,48,1
77,47,1
68,31,1
74,48,1
78,52,1
82,53,1
97,52,1
82,60,1
59,48,1
71,34,1
100,41,1
82,34,1
73,61,1
64,28,1
92,27,1
91,43,1
57,38,1
70,58,1
70,45,1
63,52,1
65,27,1
77,51,1
66,58,1
74,62,1
62,43,1
80,37,1
85,63,1
61,56,1
84,69,1
69,28,1
79,48,1
100,42,1
71,35,1
78,52,1
77,38,1
65,42,1
87,37,1
96,50,1
74,55,1
74,28,1
100,42,1
71,35,1
72,63,1
74,37,1
70,25,1
94,60,1
61,53,1
67,67,1
94,29,1
77,58,1
62,60,1
80,49,1
86,54,1
61,38,1
87,36,1
78,66,1
71,50,1
87,38,1
61,32,1
91,46,1
55,51,1
94,58,1
80,43,1
90,47,1
62,50,1
85,22,1
66,55,1
91,65,1
81,26,1
78,52,1
57,48,1
88,42,1
87,68,1
93,27,1
79,27,1
74,61,1
96,41,1
91,45,1
83,28,1
85,23,1
62,40,1
87,33,1
59,41,1
94,40,1
80,54,1
73,25,1
58,59,1
78,23,1
102,42,1
72,28,1
93,51,1
63,58,1
93,52,1
66,63,1
101,38,1
89,48,1
66,46,1
92,60,1
96,34,1
89,27,1
87,24,1
89,33,1
79,22,1
85,61,1
63,37,1
81,37,1
72,32,1
72,28,1
58,35,1
59,32,1
81,32,1
91,36,1
75,49,1
61,33,1
88,45,1
92,41,1
70,30,1
61,58,1
77,55,1
74,30,1
72,66,1
60,42,1
89,24,1
63,31,1
66,50,1
89,41,1
70,40,1
72,47,1
72,67,1
60,33,1
77,69,1
74,46,1
72,58,1
73,65,1
92,63,1
90,63,1
55,44,1
77,49,1
74,40,1
95,62,1
86,32,1
76,54,1
62,56,1
69,53,1
67,59,1
86,67,1
89,56,1
93,49,1
88,24,1
68,35,1
93,64,1
76,49,1
87,49,1
89,33,1
74,55,1
71,52,1
85,48,1
81,60,1
89,52,1
77,58,1
65,34,1
92,29,1
93,47,1
85,48,1
71,65,1
86,66,1
93,50,1
70,49,1
59,40,1
60,39,1
97,31,1
88,37,1
62,53,1
66,58,1
86,35,1
72,47,1
61,46,1
96,60,1
63,52,1
56,36,1
79,36,1
61,34,1
84,30,1
78,68,1
87,23,1
77,49,1
96,32,1
101,45,1
78,41,1
78,44,1
67,67,1
90,24,1
88,44,1
69,33,1
65,24,1
83,65,1
58,34,1
64,65,1
67,41,1
75,49,1
78,28,1
91,51,1
76,27,1
91,34,1
70,58,1
71,24,1
76,30,1
100,44,1
72,33,1
85,50,1
78,24,1
87,48,1
73,31,1
70,25,1
79,43,1
102,48,1
59,53,1
74,50,1
77,45,1
69,58,1
85,46,1
92,65,1
88,67,1
91,47,1
80,56,1
69,46,1
83,21,1
74,21,1
93,54,1
88,30,1
91,64,1
76,67,1
100,37,1
83,58,1
91,59,1
88,51,1
92,31,1
56,39,1
77,43,1
70,28,1
65,66,1
82,45,1
61,41,1
96,49,1
55,50,1
98,45,1
84,34,1
88,64,1
74,31,1
89,45,1
95,49,1
83,56,1
72,68,1
86,33,1
91,64,1
91,52,1
67,45,1
82,25,1
59,33,1
97,32,1
72,49,1
86,36,1
-74,68,1
-99,53,1
-61,51,1
-82,35,1
-100,53,1
-91,30,1
-75,54,1
-79,38,1
-76,54,1
-76,69,1
-67,51,1
-70,30,1
-57,53,1
-76,60,1
-99,39,1
-74,57,1
-87,59,1
-63,62,1
-77,47,1
-83,22,1
-56,40,1
-95,55,1
-80,49,1
-93,34,1
-58,36,1
-94,60,1
-84,49,1
-80,57,1
-61,44,1
-64,42,1
-68,63,1
-61,42,1
-79,45,1
-98,33,1
-83,49,1
-84,22,1
-60,58,1
-78,34,1
-64,51,1
-91,53,1
-61,47,1
-77,68,1
-75,36,1
-57,51,1
-94,32,1
-93,60,1
-99,41,1
-99,47,1
-73,67,1
-80,46,1
-63,54,1
-70,35,1
-64,37,1
-89,52,1
-88,46,1
-54,41,1
-65,36,1
-66,36,1
-84,51,1
-56,48,1
-60,37,1
-86,66,1
-60,29,1
-92,50,1
-74,31,1
-97,53,1
-80,58,1
-72,38,1
-71,29,1
-92,55,1
-87,22,1
-67,67,1
-94,62,1
-65,54,1
-76,56,1
-95,34,1
-92,40,1
-87,24,1
-90,59,1
-87,45,1
-89,48,1
-57,47,1
-72,62,1
-70,59,1
-55,51,1
-71,43,1
-93,40,1
-96,54,1
-97,43,1
-59,32,1
-100,45,1
-59,33,1
-77,28,1
-62,39,1
-57,56,1
-96,38,1
-89,63,1
-100,38,1
-79,63,1
-62,29,1
-84,35,1
-90,38,1
-80,26,1
-92,46,1
-79,54,1
-84,46,1
-89,61,1
-83,56,1
-102,42,1
-88,67,1
-82,31,1
-77,68,1
-91,61,1
-91,57,1
-69,43,1
-95,57,1
-79,68,1
-91,57,1
-83,65,1
-68,34,1
-75,56,1
-83,55,1
-80,41,1
-60,35,1
-80,27,1
-76,49,1
-91,54,1
-79,35,1
-76,45,1
-79,26,1
-90,58,1
-61,57,1
-96,60,1
-97,55,1
-66,43,1
-99,49,1
-81,35,1
-80,47,1
-83,33,1
-58,56,1
-61,51,1
-69,33,1
-80,41,1
-90,44,1
-82,50,1
-67,61,1
-74,46,1
-87,65,1
-73,55,1
-59,36,1
-72,33,1
-79,58,1
-68,39,1
-90,35,1
-61,53,1
-58,51,1
-87,59,1
-72,27,1
-57,57,1
-87,50,1
-87,52,1
-65,58,1
-88,61,1
-90,29,1
-64,54,1
-58,37,1
-77,61,1
-84,30,1
-79,67,1
-65,65,1
-74,47,1
-96,49,1
-90,38,1
-79,37,1
-57,35,1
-55,54,1
-71,32,1
-78,46,1
-70,41,1
-95,54,1
-101,37,1
-80,47,1
-84,32,1
-79,30,1
-62,49,1
-81,50,1
-85,42,1
-72,55,1
-91,55,1
-78,63,1
-88,46,1
-74,21,1
-63,33,1
-83,29,1
-62,26,1
-71,26,1
-63,26,1
-92,50,1
-82,63,1
-100,55,1
-59,58,1
-58,47,1
-67,29,1
-91,46,1
-76,29,1
-82,67,1
-82,46,1
-96,48,1
-66,49,1
-85,45,1
-74,55,1
-71,46,1
-59,38,1
-94,36,1
-63,27,1
-64,60,1
-87,25,1
-60,41,1
-66,46,1
-67,65,1
-59,31,1
-64,54,1
-93,55,1
-79,37,1
-61,41,1
-95,52,1
-59,39,1
-65,25,1
-77,33,1
-88,29,1
-60,33,1
-65,43,1
-83,39,1
-98,49,1
-61,43,1
-64,37,1
-97,36,1
-98,49,1
-68,49,1
-64,59,1
-75,55,1
-69,24,1
-60,56,1
-99,54,1
-90,38,1
-59,52,1
-61,62,1
-73,59,1
-100,37,1
-77,53,1
-62,28,1
-97,57,1
-64,61,1
-65,39,1
-102,47,1
-88,55,1
-61,46,1
-91,62,1
-67,42,1
-83,39,1
-80,59,1
-84,60,1
-60,45,1
-64,45,1
-71,45,1
-59,55,1
-73,50,1
-87,50,1
-79,59,1
-76,61,1
-54,52,1
-81,59,1
-90,63,1
-78,53,1
-55,47,1
-87,22,1
-73,67,1
-61,59,1
-59,48,1
-82,67,1
-98,45,1
-102,43,1
-77,50,1
-88,60,1
-83,37,1
-91,29,1
-89,59,1
-78,48,1
-77,32,1
-91,42,1
-82,32,1
-93,26,1
-65,54,1
-84,56,1
-93,30,1
-60,31,1
-76,54,1
-97,51,1
-78,40,1
-58,38,1
-71,45,1
-73,67,1
-74,32,1
-78,49,1
-96,33,1
-87,53,1
-67,32,1
-69,66,1
-64,49,1
-74,67,1
-62,26,1
-66,62,1
-81,37,1
-65,63,1
-63,54,1
-95,38,1
-90,62,1
-74,40,1
-91,61,1
-74,33,1
-92,28,1
-92,46,1
-70,31,1
-62,61,1
-92,50,1
-73,62,1
-64,32,1
-67,30,1
-89,67,1
-89,58,1
-81,34,1
-67,58,1
-70,25,1
