-5,-142,0
6,-118,0
5,-121,0
-4,-127,0
2,-112,0
-2,-118,0
-7,-140,0
-3,-107,0
-7,-147,0
-2,-115,0
2,-142,0
-18,-124,0
13,-109,0
-18,-115,0
5,-111,0
12,-141,0
-10,-144,0
-3,-147,0
-19,-142,0
24,-128,0
16,-127,0
-8,-117,0
-19,-115,0
-11,-126,0
10,-118,0
16,-117,0
-20,-123,0
13,-150,0
-3,-154,0
12,-143,0
-7,-114,0
9,-122,0
-2,-129,0
-7,-137,0
2,-132,0
-14,-129,0
6,-127,0
5,-109,0
-5,-136,0
-17,-114,0
-12,-124,0
16,-126,0
11,-137,0
4,-136,0
-6,-111,0
22,-123,0
24,-124,0
-1,-137,0
10,-142,0
23,-125,0
4,-119,0
-2,-122,0
-7,-124,0
5,-115,0
-5,-153,0
18,-129,0
-18,-122,0
16,-120,0
-5,-129,0
-17,-114,0
25,-130,0
-20,-135,0
-4,-140,0
-9,-150,0
-12,-149,0
-18,-115,0
-11,-145,0
5,-136,0
-19,-115,0
-18,-124,0
17,-112,0
6,-139,0
-7,-132,0
-10,-130,0
-10,-120,0
-5,-133,0
-11,-131,0
-10,-120,0
20,-141,0
12,-123,0
20,-118,0
20,-138,0
24,-126,0
-17,-115,0
-7,-149,0
2,-121,0
-19,-118,0
-15,-128,0
-18,-125,0
-17,-128,0
-10,-108,0
-1,-118,0
-12,-129,0
14,-133,0
18,-124,0
-2,-112,0
-9,-113,0
-5,-125,0
7,-135,0
13,-120,0
13,-122,0
-14,-117,0
-12,-141,0
-21,-117,0
6,-154,0
12,-122,0
1,-142,0
-2,-141,0
-24,-126,0
-13,-137,0
-7,-112,0
-5,-106,0
1,-133,0
-9,-129,0
13,-134,0
8,-137,0
10,-117,0
4,-135,0
19,-135,0
-8,-139,0
-9,-114,0
-16,-118,0
-12,-118,0
-11,-121,0
-9,-126,0
-19,-125,0
-11,-147,0
19,-135,0
0,-105,0
-13,-151,0
-8,-141,0
-9,-153,0
1,-114,0
0,-152,0
-14,-120,0
12,-119,0
-8,-141,0
17,-118,0
-10,-138,0
-11,-116,0
1,-127,0
-2,-122,0
1,-147,0
15,-141,0
16,-146,0
3,-112,0
-3,-140,0
-3,-132,0
-11,-122,0
2,-122,0
23,-122,0
7,-111,0
5,-122,0
6,-111,0
-16,-142,0
1,-112,0
-8,-146,0
14,-132,0
16,-130,0
0,-136,0
-19,-122,0
19,-137,0
-5,-142,0
-4,-134,0
5,-135,0
1,-117,0
-1,-136,0
0,-143,0
-14,-134,0
-19,-120,0
-4,-142,0
9,-149,0
-10,-134,0
4,-129,0
22,-130,0
24,-137,0
14,-118,0
-17,-132,0
12,-145,0
20,-131,0
6,-151,0
10,-120,0
6,-110,0
-19,-123,0
-14,-115,0
-7,-131,0
21,-141,0
-11,-127,0
4,-129,0
-6,-120,0
20,-126,0
-5,-107,0
-10,-139,0
-11,-143,0
-2,-123,0
14,-141,0
-18,-139,0
0,-137,0
13,-137,0
8,-107,0
-8,-152,0
6,-150,0
18,-137,0
8,-132,0
22,-124,0
0,-149,0
-5,-154,0
-23,-125,0
-4,-123,0
22,-130,0
17,-126,0
-3,-109,0
-24,-131,0
12,-128,0
0,-143,0
9,-107,0
23,-135,0
6,-127,0
7,-148,0
-1,-113,0
-18,-146,0
13,-118,0
-23,-127,0
-3,-145,0
6,-152,0
12,-114,0
-6,-129,0
-11,-121,0
13,-131,0
0,-116,0
-8,-148,0
10,-121,0
-3,-127,0
-4,-117,0
1,-139,0
-17,-139,0
2,-144,0
-4,-140,0
-6,-106,0
8,-120,0
-10,-151,0
-23,-126,0
-13,-141,0
-10,-125,0
10,-111,0
-16,-128,0
12,-144,0
-14,-126,0
-16,-140,0
-9,-147,0
-14,-145,0
20,-115,0
20,-127,0
1,-115,0
17,-137,0
0,-141,0
5,-130,0
10,-125,0
-3,-107,0
1,-126,0
9,-146,0
-11,-112,0
13,-131,0
7,-146,0
-6,-133,0
3,-135,0
9,-112,0
2,-120,0
-15,-147,0
-5,-125,0
0,-117,0
-13,-120,0
11,-118,0
-13,-131,0
-24,-126,0
-10,-110,0
7,-145,0
9,-144,0
-17,-137,0
-8,-148,0
-13,-115,0
15,-117,0
11,-118,0
4,-147,0
14,-120,0
-4,-152,0
6,-137,0
10,-121,0
21,-140,0
-10,-137,0
24,-129,0
-11,-128,0
10,-108,0
-15,-147,0
-4,-143,0
-20,-139,0
-4,-125,0
3,-120,0
-9,-118,0
-10,-138,0
-1,-117,0
-10,-144,0
0,-110,0
3,-127,0
-20,-132,0
21,-137,0
-12,-112,0
3,-141,0
8,-119,0
17,-118,0
19,-121,0
1,-132,0
-11,-127,0
2,-148,0
7,-147,0
8,-131,0
3,-125,0
-6,-128,0
-13,-149,0
8,-150,0
-12,-118,0
-14,-123,0
13,-131,0
2,-140,0
21,-138,0
0,-118,0
-22,-129,0
24,-136,0
-4,-114,0
-6,-149,0
-16,-145,0
8,-120,0
-5,-147,0
102,68,1
119,59,1
107,45,1
104,68,1
121,53,1
114,78,1
126,77,1
122,46,1
93,72,1
111,65,1
104,51,1
114,53,1
110,46,1
123,65,1
126,55,1
121,63,1
107,67,1
89,58,1
107,59,1
107,78,1
131,53,1
97,64,1
112,52,1
98,58,1
93,51,1
111,59,1
93,52,1
132,71,1
127,75,1
108,52,1
129,55,1
115,51,1
112,65,1
119,41,1
116,66,1
105,56,1
124,43,1
96,67,1
99,45,1
119,83,1
108,69,1
122,62,1
131,51,1
127,50,1
98,49,1
104,59,1
122,50,1
132,80,1
106,82,1
94,59,1
122,71,1
132,78,1
112,72,1
100,50,1
103,76,1
99,64,1
110,86,1
94,72,1
110,67,1
128,83,1
102,66,1
94,80,1
124,56,1
115,67,1
121,76,1
98,46,1
131,51,1
93,58,1
127,70,1
127,77,1
104,56,1
121,67,1
100,69,1
104,50,1
116,47,1
130,82,1
89,63,1
108,85,1
133,61,1
114,61,1
89,63,1
117,57,1
99,61,1
112,51,1
102,84,1
112,76,1
126,80,1
101,80,1
99,85,1
107,49,1
93,60,1
117,48,1
107,86,1
131,77,1
102,52,1
113,89,1
117,56,1
119,43,1
99,61,1
95,68,1
108,60,1
114,72,1
112,74,1
95,60,1
134,66,1
110,81,1
97,76,1
93,54,1
95,73,1
124,44,1
108,88,1
111,88,1
98,73,1
107,67,1
130,65,1
106,79,1
112,89,1
134,64,1
122,79,1
117,84,1
108,42,1
101,53,1
99,62,1
131,61,1
124,62,1
117,62,1
113,72,1
121,77,1
94,59,1
117,69,1
105,72,1
105,77,1
136,65,1
99,84,1
106,63,1
111,54,1
112,57,1
119,87,1
130,50,1
107,42,1
107,42,1
90,71,1
105,67,1
116,81,1
130,82,1
111,85,1
99,56,1
104,77,1
111,73,1
119,58,1
91,69,1
111,46,1
126,74,1
120,84,1
124,69,1
106,53,1
115,51,1
132,79,1
105,82,1
88,66,1
123,51,1
112,71,1
114,60,1
121,81,1
133,69,1
110,55,1
119,42,1
108,57,1
135,57,1
117,60,1
127,64,1
97,65,1
99,78,1
116,65,1
110,41,1
90,72,1
90,59,1
92,72,1
115,68,1
103,86,1
126,56,1
94,52,1
103,69,1
112,74,1
121,62,1
108,77,1
101,69,1
108,86,1
119,57,1
94,57,1
104,67,1
127,64,1
94,76,1
124,83,1
93,57,1
104,55,1
94,50,1
96,73,1
125,46,1
123,52,1
95,79,1
89,66,1
102,43,1
96,56,1
126,47,1
109,62,1
112,79,1
115,59,1
110,80,1
117,82,1
116,50,1
104,73,1
103,62,1
126,66,1
122,58,1
112,80,1
114,57,1
126,78,1
118,57,1
136,58,1
131,80,1
117,81,1
108,48,1
118,79,1
121,47,1
101,61,1
108,87,1
121,71,1
116,56,1
100,86,1
114,47,1
133,63,1
113,59,1
123,87,1
120,75,1
135,63,1
113,54,1
109,68,1
120,49,1
126,84,1
117,56,1
99,50,1
105,64,1
126,46,1
110,41,1
134,67,1
115,69,1
98,56,1
125,48,1
89,59,1
90,69,1
127,74,1
89,71,1
104,44,1
89,65,1
133,69,1
123,67,1
127,75,1
127,73,1
102,52,1
109,48,1
112,58,1
127,83,1
104,54,1
108,53,1
94,54,1
93,80,1
102,61,1
91,75,1
107,55,1
96,59,1
131,49,1
118,84,1
132,60,1
95,64,1
115,64,1
121,48,1
107,43,1
109,60,1
91,62,1
129,58,1
106,49,1
108,76,1
103,50,1
103,76,1
135,72,1
117,65,1
127,50,1
126,60,1
124,84,1
117,45,1
100,49,1
101,69,1
100,70,1
126,67,1
123,76,1
116,71,1
136,69,1
116,85,1
94,63,1
98,47,1
111,42,1
107,53,1
114,47,1
130,53,1
105,61,1
118,64,1
97,82,1
132,72,1
128,77,1
127,72,1
112,84,1
101,71,1
110,71,1
112,86,1
121,50,1
119,89,1
116,54,1
124,64,1
117,88,1
123,63,1
129,66,1
113,56,1
134,53,1
131,67,1
93,61,1
91,61,1
119,85,1
115,58,1
118,63,1
126,68,1
119,85,1
122,52,1
-130,65,1
-110,72,1
-119,67,1
-120,64,1
-110,69,1
-119,50,1
-119,77,1
-102,58,1
-106,65,1
-93,66,1
-132,74,1
-96,62,1
-129,55,1
-126,70,1
-125,75,1
-124,70,1
-119,79,1
-126,48,1
-123,50,1
-127,81,1
-116,71,1
-115,77,1
-96,55,1
-99,62,1
-128,59,1
-135,55,1
-107,61,1
-120,62,1
-91,67,1
-111,86,1
-107,53,1
-112,69,1
-94,62,1
-108,76,1
-89,61,1
-91,64,1
-101,84,1
-136,72,1
-128,49,1
-117,66,1
-117,81,1
-120,49,1
-132,52,1
-108,83,1
-116,78,1
-118,47,1
-97,80,1
-120,82,1
-120,54,1
-105,62,1
-116,66,1
-99,75,1
-107,83,1
-101,68,1
-102,57,1
-88,61,1
-100,83,1
-125,61,1
-124,72,1
-102,81,1
-100,44,1
-114,88,1
-114,53,1
-114,59,1
-88,66,1
-108,70,1
-132,69,1
-107,63,1
-123,60,1
-113,75,1
-123,81,1
-90,57,1
-113,79,1
-103,52,1
-99,63,1
-129,54,1
-111,76,1
-123,85,1
-101,68,1
-117,85,1
-99,79,1
-115,88,1
-121,70,1
-100,75,1
-111,41,1
-113,87,1
-118,53,1
-98,78,1
-121,80,1
-121,76,1
-93,76,1
-97,68,1
-119,69,1
-125,57,1
-117,48,1
-133,62,1
-105,57,1
-128,52,1
-110,83,1
-120,73,1
-122,46,1
-120,42,1
-90,58,1
-120,76,1
-132,54,1
-136,68,1
-116,66,1
-129,60,1
-106,76,1
-107,83,1
-111,73,1
-103,77,1
-109,70,1
-131,57,1
-91,66,1
-107,65,1
-114,67,1
-104,54,1
-117,86,1
-126,67,1
-91,63,1
-129,67,1
-115,58,1
-126,53,1
-102,83,1
-124,69,1
-118,41,1
-100,52,1
-136,71,1
-95,65,1
-114,83,1
-130,57,1
-99,84,1
-116,86,1
-119,69,1
-134,70,1
-123,76,1
-129,69,1
-100,50,1
-121,57,1
-90,55,1
-123,56,1
-123,69,1
-98,49,1
-105,79,1
-92,65,1
-93,78,1
-101,53,1
-127,50,1
-123,77,1
-89,64,1
-94,68,1
-129,76,1
-99,59,1
-92,77,1
-99,84,1
-126,44,1
-96,60,1
-112,57,1
-122,55,1
-119,41,1
-93,70,1
-97,65,1
-99,49,1
-97,53,1
-95,56,1
-90,56,1
-123,79,1
-129,52,1
-126,80,1
-120,73,1
-115,79,1
-126,79,1
-102,51,1
-126,66,1
-102,47,1
-122,60,1
-103,56,1
-92,70,1
-135,60,1
-104,65,1
-97,52,1
-116,55,1
-117,81,1
-92,53,1
-98,54,1
-136,61,1
-105,87,1
-104,50,1
-95,59,1
-97,47,1
-97,57,1
-101,80,1
-114,88,1
-122,85,1
-129,58,1
-92,76,1
-115,72,1
-101,81,1
-122,54,1
-122,49,1
-94,76,1
-110,68,1
-106,41,1
-110,71,1
-106,68,1
-90,64,1
-129,83,1
-101,67,1
-111,84,1
-108,60,1
-91,76,1
-118,64,1
-117,44,1
-111,45,1
-136,69,1
-127,51,1
-122,64,1
-132,75,1
-110,56,1
-109,81,1
-92,72,1
-94,58,1
-136,65,1
-106,58,1
-118,63,1
-132,72,1
-115,49,1
-117,56,1
-90,73,1
-126,59,1
-102,74,1
-102,84,1
-106,77,1
-94,80,1
-101,54,1
-112,70,1
-112,69,1
-91,61,1
-93,53,1
-100,56,1
-121,63,1
-100,57,1
-95,75,1
-134,65,1
-124,73,1
-111,64,1
-101,76,1
-104,66,1
-104,85,1
-116,47,1
-135,75,1
-117,73,1
-125,78,1
-122,58,1
-100,46,1
-103,82,1
-113,72,1
-136,57,1
-113,88,1
-122,49,1
-118,82,1
-108,45,1
-124,59,1
-133,71,1
-125,55,1
-110,72,1
-135,76,1
-92,72,1
-101,73,1
-115,49,1
-116,80,1
-109,44,1
-104,44,1
-119,83,1
-122,72,1
-109,50,1
-135,55,1
-111,59,1
-97,83,1
-102,63,1
-127,70,1
-107,88,1
-91,58,1
-115,71,1
-97,53,1
-132,65,1
-106,55,1
-119,42,1
-121,44,1
-119,76,1
-101,64,1
-102,50,1
-95,59,1
-105,72,1
-102,57,1
-125,45,1
-109,52,1
-106,87,1
-104,56,1
-121,49,1
-123,61,1
-130,72,1
-106,62,1
-117,45,1
-129,63,1
-128,61,1
-129,73,1
-130,62,1
-124,54,1
-133,72,1
-132,61,1
-127,69,1
-111,56,1
-118,64,1
-131,69,1
-96,66,1
-105,74,1
-101,45,1
-111,61,1
-88,62,1
-97,48,1
-119,72,1
-107,68,1
-120,71,1
-127,74,1
-115,83,1
-137,70,1
-135,71,1
-94,69,1
-113,52,1
-109,60,1
-126,66,1
