-4,-144,0
20,-142,0
14,-124,0
-1,-116,0
6,-120,0
16,-124,0
-3,-154,0
-5,-115,0
2,-130,0
10,-138,0
-1,-111,0
12,-140,0
-18,-142,0
-13,-145,0
-14,-122,0
-3,-112,0
-15,-135,0
20,-122,0
21,-127,0
11,-142,0
-10,-139,0
0,-115,0
-3,-117,0
-21,-128,0
21,-140,0
0,-120,0
7,-153,0
-25,-130,0
1,-128,0
15,-146,0
-5,-134,0
-18,-128,0
-16,-144,0
-7,-152,0
4,-115,0
0,-123,0
21,-141,0
-12,-141,0
-5,-129,0
-13,-140,0
2,-109,0
-1,-128,0
0,-131,0
-19,-139,0
3,-141,0
-7,-140,0
1,-109,0
-6,-107,0
-11,-109,0
-13,-139,0
10,-130,0
21,-130,0
22,-132,0
-10,-146,0
-22,-138,0
-15,-112,0
-5,-138,0
20,-142,0
1,-117,0
-11,-111,0
-3,-106,0
18,-118,0
7,-127,0
-7,-126,0
-9,-114,0
-7,-107,0
16,-148,0
12,-138,0
-14,-149,0
0,-145,0
-16,-143,0
20,-133,0
1,-115,0
-4,-108,0
-21,-129,0
-1,-141,0
-2,-130,0
15,-120,0
4,-117,0
-2,-136,0
-15,-137,0
11,-136,0
12,-120,0
-19,-129,0
21,-125,0
14,-138,0
-12,-118,0
10,-128,0
-3,-119,0
-9,-117,0
17,-125,0
13,-121,0
14,-145,0
-14,-140,0
-18,-133,0
7,-107,0
-5,-119,0
-9,-112,0
21,-128,0
-9,-116,0
-24,-137,0
-11,-145,0
-12,-139,0
19,-120,0
-19,-129,0
-16,-126,0
-13,-111,0
0,-145,0
4,-129,0
-9,-114,0
10,-125,0
17,-135,0
-21,-130,0
-2,-151,0
16,-139,0
-21,-123,0
-6,-109,0
-17,-131,0
13,-123,0
16,-111,0
-22,-119,0
-3,-111,0
-2,-138,0
8,-119,0
-20,-127,0
20,-128,0
-8,-134,0
7,-135,0
10,-126,0
-7,-108,0
12,-114,0
11,-146,0
5,-154,0
-11,-109,0
13,-128,0
-14,-140,0
4,-143,0
-8,-142,0
-5,-148,0
-15,-126,0
-7,-107,0
-18,-126,0
-9,-146,0
-8,-125,0
6,-143,0
-12,-148,0
-13,-125,0
22,-135,0
-9,-116,0
20,-115,0
-8,-134,0
1,-113,0
7,-151,0
8,-136,0
5,-107,0
6,-149,0
-17,-141,0
-8,-111,0
2,-130,0
-13,-133,0
-8,-131,0
1,-127,0
-20,-120,0
1,-130,0
-10,-115,0
-14,-130,0
-6,-151,0
6,-154,0
-18,-117,0
5,-119,0
-1,-141,0
-12,-112,0
22,-119,0
0,-146,0
3,-154,0
-1,-111,0
-7,-123,0
18,-115,0
5,-140,0
-13,-149,0
-13,-137,0
-7,-145,0
-19,-131,0
-22,-119,0
16,-116,0
-14,-124,0
4,-135,0
5,-116,0
-15,-133,0
6,-128,0
18,-146,0
4,-123,0
23,-123,0
-25,-130,0
-16,-114,0
4,-135,0
-4,-150,0
10,-133,0
-19,-125,0
9,-143,0
23,-136,0
4,-143,0
5,-144,0
20,-132,0
-19,-136,0
-20,-123,0
-3,-127,0
24,-132,0
-16,-136,0
-11,-109,0
16,-128,0
-14,-118,0
21,-138,0
-15,-140,0
-21,-126,0
4,-122,0
-1,-125,0
13,-147,0
-7,-139,0
-18,-138,0
11,-147,0
10,-129,0
-12,-131,0
-12,-150,0
-21,-134,0
-1,-147,0
15,-114,0
1,-148,0
-5,-149,0
22,-133,0
1,-145,0
3,-107,0
10,-134,0
-22,-134,0
13,-134,0
10,-126,0
15,-134,0
-12,-134,0
-1,-121,0
-2,-122,0
-11,-117,0
7,-109,0
-22,-131,0
20,-116,0
-4,-133,0
5,-134,0
-17,-129,0
-20,-129,0
11,-142,0
-8,-138,0
-7,-149,0
-4,-124,0
9,-153,0
0,-153,0
0,-129,0
-15,-142,0
19,-125,0
7,-132,0
9,-108,0
20,-143,0
-5,-143,0
15,-125,0
15,-126,0
8,-118,0
22,-127,0
-9,-138,0
1,-143,0
-9,-142,0
-24,-134,0
17,-112,0
4,-142,0
15,-117,0
18,-116,0
15,-148,0
14,-148,0
-12,-126,0
-11,-127,0
14,-143,0
-9,-139,0
13,-135,0
0,-147,0
5,-144,0
14,-145,0
-19,-134,0
18,-139,0
-21,-136,0
-10,-132,0
-10,-131,0
-9,-115,0
-15,-150,0
-13,-110,0
3,-124,0
5,-115,0
-10,-149,0
0,-128,0
5,-132,0
3,-119,0
-9,-117,0
-4,-143,0
9,-147,0
-6,-132,0
13,-120,0
2,-153,0
-14,-132,0
8,-119,0
-5,-130,0
-23,-124,0
2,-112,0
15,-118,0
0,-113,0
-14,-132,0
-10,-109,0
9,-149,0
-5,-124,0
11,-151,0
-4,-117,0
7,-135,0
16,-115,0
1,-125,0
-12,-148,0
-4,-120,0
8,-132,0
11,-127,0
-17,-115,0
7,-144,0
-6,-119,0
1,-113,0
3,-135,0
-10,-134,0
-21,-138,0
6,-147,0
15,-118,0
-1,-142,0
122,73,1
107,59,1
135,69,1
117,59,1
104,60,1
109,54,1
120,70,1
105,48,1
120,52,1
126,75,1
93,79,1
121,76,1
113,48,1
134,57,1
109,75,1
102,72,1
94,69,1
109,84,1
133,67,1
96,48,1
106,70,1
97,70,1
131,49,1
103,64,1
110,60,1
103,78,1
96,62,1
96,56,1
128,67,1
125,72,1
120,62,1
109,59,1
101,51,1
123,52,1
104,66,1
130,61,1
111,42,1
95,82,1
99,66,1
131,68,1
116,85,1
110,74,1
119,88,1
135,65,1
103,85,1
104,76,1
134,76,1
115,88,1
93,67,1
103,88,1
110,78,1
105,57,1
115,83,1
106,87,1
100,59,1
124,59,1
114,41,1
102,50,1
122,66,1
96,76,1
100,60,1
113,54,1
122,58,1
135,61,1
89,63,1
114,62,1
136,68,1
110,42,1
111,74,1
109,44,1
122,47,1
101,63,1
98,84,1
101,51,1
117,79,1
88,66,1
103,81,1
126,53,1
100,49,1
88,64,1
136,62,1
100,67,1
95,74,1
118,56,1
131,49,1
100,74,1
115,77,1
94,67,1
127,62,1
113,68,1
110,45,1
114,44,1
92,69,1
108,59,1
98,73,1
107,63,1
110,87,1
132,54,1
111,83,1
109,78,1
125,59,1
111,72,1
105,85,1
93,75,1
126,69,1
135,59,1
98,74,1
122,80,1
116,64,1
92,54,1
119,77,1
124,82,1
131,51,1
115,82,1
132,60,1
119,53,1
116,64,1
102,71,1
89,67,1
122,87,1
102,66,1
126,85,1
123,74,1
102,45,1
103,64,1
92,73,1
121,64,1
95,71,1
106,70,1
104,71,1
135,76,1
91,55,1
107,44,1
113,43,1
111,74,1
98,83,1
126,81,1
104,62,1
113,71,1
99,46,1
126,62,1
120,73,1
93,65,1
112,51,1
129,69,1
136,58,1
94,50,1
106,64,1
99,60,1
110,63,1
118,48,1
94,54,1
108,73,1
103,44,1
123,52,1
100,67,1
108,88,1
116,62,1
93,65,1
112,88,1
108,76,1
108,81,1
112,80,1
118,58,1
125,49,1
127,79,1
93,62,1
106,70,1
119,84,1
123,87,1
103,74,1
116,45,1
124,87,1
133,55,1
115,57,1
110,71,1
117,48,1
126,49,1
103,83,1
114,69,1
107,50,1
131,80,1
110,64,1
115,65,1
127,63,1
108,74,1
125,53,1
125,75,1
120,87,1
130,49,1
131,81,1
103,80,1
111,46,1
88,61,1
119,41,1
124,81,1
118,55,1
114,58,1
122,67,1
96,49,1
122,42,1
102,76,1
124,52,1
115,88,1
127,61,1
96,55,1
133,54,1
121,83,1
124,78,1
123,48,1
118,75,1
117,60,1
124,50,1
116,56,1
125,44,1
108,74,1
130,54,1
113,54,1
134,74,1
109,46,1
96,48,1
119,42,1
125,49,1
113,72,1
117,48,1
134,62,1
123,52,1
106,54,1
126,73,1
121,69,1
125,63,1
132,51,1
121,56,1
96,70,1
130,62,1
110,80,1
123,53,1
116,68,1
98,72,1
126,77,1
121,88,1
108,55,1
105,47,1
135,69,1
101,70,1
116,53,1
116,76,1
104,60,1
135,61,1
103,86,1
134,53,1
92,55,1
103,69,1
123,72,1
103,68,1
112,68,1
111,63,1
113,64,1
115,77,1
119,62,1
109,54,1
95,60,1
91,71,1
93,75,1
100,77,1
123,73,1
106,85,1
116,59,1
97,78,1
127,46,1
110,74,1
123,72,1
109,42,1
96,59,1
102,81,1
96,64,1
96,76,1
102,50,1
115,71,1
100,71,1
123,78,1
136,63,1
107,41,1
96,52,1
127,52,1
113,71,1
109,66,1
132,62,1
92,64,1
121,62,1
109,73,1
130,64,1
120,67,1
132,67,1
96,77,1
120,59,1
119,53,1
106,61,1
104,83,1
111,56,1
113,58,1
95,72,1
121,79,1
108,62,1
119,75,1
114,55,1
114,50,1
110,59,1
109,78,1
136,63,1
111,69,1
100,47,1
121,76,1
112,88,1
125,81,1
117,42,1
108,74,1
116,42,1
128,63,1
108,85,1
115,57,1
95,51,1
93,79,1
101,63,1
116,76,1
107,74,1
115,59,1
115,74,1
113,71,1
137,65,1
95,73,1
128,82,1
123,81,1
-104,58,1
-92,64,1
-89,73,1
-116,69,1
-118,77,1
-109,42,1
-133,73,1
-101,56,1
-117,47,1
-115,52,1
-107,73,1
-106,44,1
-111,70,1
-105,87,1
-103,71,1
-89,68,1
-107,49,1
-103,54,1
-105,64,1
-99,49,1
-125,65,1
-113,77,1
-95,60,1
-102,80,1
-108,59,1
-108,72,1
-104,60,1
-118,49,1
-118,44,1
-128,50,1
-124,44,1
-131,72,1
-118,50,1
-106,65,1
-113,56,1
-124,55,1
-96,68,1
-103,59,1
-115,89,1
-103,70,1
-105,80,1
-124,87,1
-112,89,1
-98,66,1
-94,63,1
-118,73,1
-107,53,1
-110,78,1
-118,48,1
-98,70,1
-107,79,1
-100,77,1
-113,59,1
-104,43,1
-93,80,1
-125,62,1
-89,70,1
-97,67,1
-108,57,1
-93,57,1
-112,65,1
-123,60,1
-93,56,1
-107,84,1
-135,73,1
-124,78,1
-134,53,1
-114,55,1
-125,82,1
-129,55,1
-111,82,1
-128,61,1
-91,74,1
-108,76,1
-122,85,1
-106,73,1
-99,79,1
-95,71,1
-101,43,1
-109,63,1
-110,56,1
-112,77,1
-129,73,1
-97,73,1
-126,62,1
-130,74,1
-125,55,1
-100,55,1
-124,76,1
-116,50,1
-90,57,1
-101,66,1
-97,73,1
-103,62,1
-126,84,1
-105,74,1
-126,51,1
-134,73,1
-93,66,1
-127,76,1
-103,75,1
-113,53,1
-108,63,1
-128,59,1
-92,55,1
-115,43,1
-123,58,1
-129,68,1
-114,62,1
-118,78,1
-106,44,1
-106,80,1
-120,79,1
-96,72,1
-108,67,1
-97,53,1
-96,58,1
-95,54,1
-128,78,1
-135,74,1
-126,64,1
-113,74,1
-114,66,1
-116,41,1
-93,62,1
-123,62,1
-99,59,1
-117,63,1
-135,65,1
-125,72,1
-102,47,1
-93,60,1
-101,76,1
-119,69,1
-96,47,1
-128,75,1
-123,80,1
-130,79,1
-123,61,1
-123,49,1
-88,62,1
-108,71,1
-121,56,1
-102,76,1
-109,87,1
-113,65,1
-125,57,1
-88,62,1
-130,71,1
-125,46,1
-119,73,1
-117,50,1
-122,45,1
-94,64,1
-99,51,1
-120,71,1
-128,66,1
-132,58,1
-115,79,1
-117,68,1
-98,52,1
-101,58,1
-112,58,1
-105,73,1
-127,56,1
-109,54,1
-126,86,1
-113,67,1
-117,44,1
-108,53,1
-89,67,1
-94,66,1
-129,56,1
-122,50,1
-109,43,1
-117,57,1
-126,62,1
-112,73,1
-115,44,1
-132,66,1
-102,46,1
-100,73,1
-95,63,1
-92,76,1
-125,45,1
-125,65,1
-119,69,1
-134,65,1
-114,73,1
-134,57,1
-129,49,1
-107,54,1
-119,41,1
-105,81,1
-101,44,1
-123,57,1
-124,77,1
-109,58,1
-105,84,1
-110,67,1
-100,61,1
-112,70,1
-119,79,1
-110,84,1
-104,66,1
-128,74,1
-111,65,1
-110,68,1
-92,67,1
-94,68,1
-111,70,1
-115,76,1
-105,81,1
-104,75,1
-96,47,1
-125,67,1
-98,71,1
-116,81,1
-90,67,1
-91,70,1
-103,52,1
-127,83,1
-99,55,1
-124,62,1
-120,46,1
-132,60,1
-100,86,1
-120,42,1
-115,51,1
-118,48,1
-128,65,1
-120,83,1
-117,54,1
-104,56,1
-99,58,1
-129,83,1
-107,85,1
-102,87,1
-105,59,1
-123,86,1
-116,76,1
-133,73,1
-106,83,1
-126,54,1
-118,82,1
-102,73,1
-113,89,1
-96,82,1
-91,74,1
-97,67,1
-99,85,1
-125,59,1
-106,61,1
-97,78,1
-118,41,1
-108,77,1
-108,82,1
-103,68,1
-100,76,1
-132,55,1
-106,64,1
-97,84,1
-106,61,1
-99,75,1
-97,67,1
-126,61,1
-118,62,1
-104,71,1
-104,50,1
-112,60,1
-113,77,1
-124,77,1
-117,84,1
-103,48,1
-113,67,1
-100,73,1
-98,61,1
-100,72,1
-132,59,1
-94,69,1
-119,41,1
-133,78,1
-103,79,1
-124,47,1
-97,75,1
-97,64,1
-114,44,1
-105,50,1
-130,52,1
-116,60,1
-110,61,1
-126,48,1
-120,81,1
-90,69,1
-126,80,1
-112,49,1
-126,65,1
-114,52,1
-109,45,1
-125,72,1
-114,49,1
-92,79,1
-99,56,1
-119,53,1
-132,71,1
-115,45,1
-118,64,1
-103,46,1
-134,67,1
-121,63,1
-134,53,1
-116,50,1
-108,79,1
-107,46,1
-117,49,1
-101,76,1
-125,81,1
-120,42,1
-107,63,1
-114,63,1
-91,65,1
-97,62,1
-118,87,1
-123,45,1
-114,84,1
-98,53,1
-131,73,1
-104,68,1
-102,77,1
-94,77,1
-109,61,1
-125,74,1
-125,46,1
