8,-78,0
11,-89,0
-22,-91,0
9,-63,0
18,-95,0
3,-61,0
4,-77,0
18,-77,0
2,-84,0
2,-97,0
-7,-89,0
-9,-93,0
-18,-63,0
17,-96,0
15,-78,0
19,-84,0
0,-78,0
-16,-77,0
13,-60,0
1,-87,0
-1,-66,0
16,-65,0
-11,-102,0
-22,-69,0
-6,-74,0
0,-100,0
-21,-89,0
21,-77,0
-22,-78,0
21,-81,0
0,-75,0
15,-95,0
3,-56,0
-17,-86,0
18,-67,0
0,-90,0
-1,-94,0
1,-102,0
-2,-99,0
1,-91,0
-7,-66,0
-5,-79,0
-17,-87,0
16,-69,0
-18,-82,0
-13,-69,0
6,-77,0
12,-87,0
18,-82,0
8,-101,0
-15,-87,0
15,-85,0
-7,-66,0
-8,-92,0
-13,-95,0
24,-82,0
-5,-68,0
9,-58,0
-18,-73,0
10,-75,0
-17,-70,0
22,-80,0
14,-93,0
-17,-82,0
6,-96,0
-2,-59,0
8,-57,0
16,-86,0
8,-90,0
24,-76,0
-15,-65,0
-17,-63,0
4,-100,0
-2,-92,0
17,-94,0
6,-71,0
1,-94,0
-15,-91,0
-17,-87,0
-10,-62,0
12,-97,0
-16,-76,0
-10,-97,0
10,-93,0
2,-71,0
-20,-66,0
9,-72,0
-12,-59,0
-7,-66,0
9,-101,0
-13,-67,0
-4,-68,0
24,-73,0
20,-66,0
20,-78,0
10,-101,0
-5,-73,0
9,-73,0
-5,-64,0
-18,-90,0
17,-74,0
-10,-82,0
20,-81,0
0,-97,0
9,-90,0
-6,-69,0
21,-72,0
-6,-72,0
-15,-82,0
15,-65,0
6,-67,0
-7,-77,0
2,-59,0
-18,-89,0
-3,-71,0
-7,-98,0
-4,-68,0
-5,-80,0
-1,-95,0
-3,-64,0
3,-99,0
-9,-61,0
-12,-74,0
16,-61,0
19,-76,0
20,-79,0
21,-78,0
2,-56,0
-2,-87,0
-18,-71,0
0,-56,0
-3,-66,0
-4,-94,0
13,-93,0
-4,-101,0
-12,-61,0
-5,-84,0
-10,-73,0
-16,-84,0
-7,-81,0
6,-100,0
-4,-82,0
8,-78,0
15,-75,0
2,-80,0
4,-57,0
-6,-62,0
15,-69,0
9,-67,0
7,-61,0
-6,-62,0
-9,-71,0
-2,-77,0
-9,-64,0
2,-94,0
-10,-95,0
15,-64,0
-2,-62,0
-4,-88,0
-6,-75,0
-5,-67,0
-9,-103,0
20,-92,0
3,-99,0
10,-83,0
24,-82,0
-9,-98,0
-20,-66,0
-4,-94,0
-9,-75,0
8,-76,0
-17,-80,0
-21,-83,0
-10,-78,0
1,-104,0
-6,-57,0
4,-67,0
13,-101,0
7,-66,0
3,-73,0
16,-85,0
-6,-69,0
11,-63,0
8,-79,0
-13,-78,0
-14,-95,0
19,-65,0
9,-62,0
-8,-79,0
-18,-87,0
-6,-63,0
-1,-60,0
7,-70,0
1,-97,0
7,-61,0
6,-73,0
-7,-92,0
-23,-73,0
3,-90,0
-20,-79,0
-13,-82,0
-9,-97,0
-11,-92,0
-18,-88,0
-2,-75,0
24,-78,0
-6,-72,0
-2,-101,0
-14,-80,0
-5,-100,0
-3,-64,0
17,-63,0
4,-91,0
3,-93,0
-12,-73,0
-18,-97,0
-5,-86,0
9,-87,0
24,-73,0
-12,-97,0
-2,-101,0
-20,-71,0
0,-63,0
11,-58,0
-21,-77,0
3,-62,0
18,-97,0
-1,-81,0
-4,-93,0
19,-94,0
-8,-60,0
23,-84,0
-10,-96,0
-4,-86,0
-12,-88,0
6,-60,0
4,-65,0
5,-56,0
-12,-96,0
4,-69,0
23,-75,0
2,-73,0
-6,-98,0
16,-77,0
-6,-81,0
-18,-80,0
4,-84,0
5,-104,0
-9,-86,0
4,-65,0
1,-80,0
12,-97,0
0,-94,0
10,-91,0
2,-101,0
-19,-65,0
-2,-67,0
4,-89,0
-12,-90,0
-17,-86,0
3,-60,0
11,-72,0
-12,-63,0
-11,-76,0
-13,-79,0
17,-97,0
3,-100,0
16,-98,0
-15,-64,0
-14,-78,0
-18,-68,0
14,-99,0
-4,-97,0
-22,-76,0
-11,-79,0
-6,-98,0
-10,-81,0
18,-83,0
-15,-80,0
9,-97,0
10,-63,0
-1,-100,0
0,-79,0
12,-98,0
-13,-88,0
5,-96,0
-7,-91,0
8,-68,0
-16,-90,0
-19,-71,0
-22,-79,0
0,-69,0
-21,-77,0
-17,-79,0
-17,-67,0
5,-57,0
3,-74,0
-23,-77,0
21,-82,0
1,-102,0
-18,-82,0
-6,-87,0
-24,-77,0
12,-59,0
12,-83,0
15,-86,0
7,-79,0
-13,-89,0
22,-74,0
-1,-84,0
17,-72,0
14,-95,0
-19,-84,0
13,-73,0
19,-75,0
-1,-99,0
-15,-88,0
18,-67,0
16,-95,0
12,-78,0
13,-99,0
9,-58,0
-18,-96,0
-16,-68,0
-21,-80,0
-17,-70,0
-7,-62,0
-4,-96,0
-12,-74,0
4,-64,0
22,-82,0
11,-91,0
-6,-89,0
74,53,1
80,34,1
52,55,1
63,30,1
65,51,1
75,27,1
52,51,1
70,17,1
72,48,1
93,45,1
68,16,1
83,22,1
79,63,1
59,23,1
62,49,1
48,38,1
55,50,1
64,21,1
75,29,1
47,37,1
63,31,1
74,26,1
80,37,1
45,36,1
69,27,1
76,27,1
85,36,1
63,57,1
71,64,1
63,59,1
59,24,1
72,20,1
53,26,1
66,60,1
70,58,1
73,25,1
86,32,1
88,39,1
52,51,1
66,23,1
74,45,1
60,61,1
80,34,1
68,40,1
64,53,1
54,48,1
55,28,1
64,48,1
47,51,1
75,52,1
78,41,1
86,50,1
55,41,1
78,31,1
83,30,1
53,24,1
79,62,1
46,48,1
58,58,1
68,43,1
66,53,1
52,45,1
45,35,1
86,55,1
71,48,1
77,33,1
64,16,1
61,32,1
89,29,1
61,48,1
86,42,1
73,54,1
47,43,1
60,27,1
77,19,1
48,53,1
69,64,1
77,27,1
72,54,1
84,30,1
85,41,1
81,62,1
85,37,1
87,25,1
57,20,1
81,34,1
83,51,1
64,25,1
62,31,1
73,44,1
76,61,1
60,22,1
77,27,1
53,31,1
58,32,1
82,26,1
81,30,1
86,27,1
70,23,1
72,52,1
54,23,1
90,52,1
57,58,1
87,45,1
84,48,1
89,37,1
54,25,1
58,49,1
75,23,1
79,39,1
83,60,1
71,48,1
91,33,1
78,58,1
45,40,1
68,38,1
72,61,1
60,28,1
62,26,1
60,53,1
73,40,1
72,36,1
84,48,1
85,43,1
54,42,1
53,23,1
75,40,1
61,61,1
57,44,1
46,31,1
92,30,1
83,20,1
77,61,1
54,49,1
56,32,1
61,27,1
61,50,1
89,55,1
61,45,1
51,51,1
66,23,1
45,41,1
54,40,1
62,26,1
76,52,1
93,44,1
80,21,1
81,35,1
55,56,1
82,20,1
51,38,1
56,60,1
77,25,1
78,21,1
67,46,1
57,46,1
54,40,1
59,21,1
87,26,1
64,59,1
53,25,1
68,55,1
86,22,1
78,41,1
67,48,1
75,60,1
59,54,1
52,36,1
68,16,1
76,22,1
67,50,1
56,39,1
73,37,1
46,31,1
79,38,1
57,23,1
66,45,1
85,50,1
64,33,1
61,56,1
66,25,1
60,22,1
77,19,1
91,32,1
68,52,1
52,42,1
83,36,1
67,38,1
54,45,1
76,17,1
64,27,1
65,45,1
80,23,1
89,36,1
88,46,1
63,45,1
63,22,1
48,43,1
60,18,1
65,19,1
80,37,1
90,40,1
78,35,1
47,43,1
68,59,1
76,29,1
60,50,1
52,38,1
47,38,1
90,47,1
56,56,1
76,35,1
71,35,1
53,35,1
83,41,1
91,30,1
74,59,1
63,17,1
84,60,1
87,36,1
47,31,1
67,45,1
80,42,1
47,45,1
54,37,1
60,22,1
71,30,1
49,37,1
62,17,1
52,56,1
63,35,1
92,33,1
83,57,1
66,24,1
61,46,1
54,32,1
67,58,1
91,40,1
60,19,1
94,41,1
74,32,1
71,41,1
61,21,1
66,29,1
54,45,1
70,57,1
67,32,1
72,56,1
76,56,1
80,59,1
89,25,1
65,32,1
77,60,1
75,35,1
88,49,1
48,53,1
64,46,1
48,43,1
59,53,1
73,44,1
72,23,1
78,43,1
72,34,1
49,43,1
53,54,1
53,57,1
85,59,1
51,42,1
79,48,1
91,36,1
46,40,1
83,24,1
61,62,1
84,36,1
77,18,1
73,26,1
76,53,1
59,34,1
70,27,1
46,35,1
75,33,1
66,23,1
87,39,1
81,20,1
68,40,1
74,40,1
61,30,1
58,19,1
46,31,1
71,21,1
75,63,1
51,57,1
62,55,1
74,62,1
60,53,1
59,46,1
68,63,1
48,27,1
75,21,1
74,18,1
83,38,1
86,54,1
69,25,1
75,43,1
88,38,1
82,24,1
79,60,1
71,61,1
70,29,1
87,28,1
77,33,1
89,50,1
77,30,1
67,59,1
74,26,1
63,36,1
54,28,1
74,17,1
58,45,1
88,36,1
50,28,1
69,51,1
71,19,1
87,24,1
56,50,1
70,62,1
80,54,1
66,32,1
69,28,1
67,37,1
76,43,1
74,39,1
72,50,1
-69,36,1
-51,25,1
-59,35,1
-52,43,1
-89,38,1
-86,31,1
-86,25,1
-52,44,1
-54,33,1
-92,47,1
-55,60,1
-62,40,1
-82,41,1
-83,59,1
-57,59,1
-88,28,1
-78,52,1
-81,23,1
-63,61,1
-64,27,1
-71,62,1
-64,28,1
-64,56,1
-72,60,1
-90,37,1
-75,29,1
-73,34,1
-86,47,1
-70,41,1
-81,24,1
-62,53,1
-53,37,1
-53,39,1
-68,51,1
-53,24,1
-60,25,1
-93,47,1
-77,43,1
-59,22,1
-82,58,1
-59,40,1
-54,24,1
-80,27,1
-54,21,1
-54,28,1
-76,25,1
-77,62,1
-75,34,1
-67,63,1
-69,33,1
-83,27,1
-66,46,1
-67,36,1
-79,47,1
-76,54,1
-69,36,1
-88,52,1
-84,20,1
-85,58,1
-89,51,1
-93,38,1
-70,37,1
-73,18,1
-91,42,1
-81,61,1
-77,45,1
-68,20,1
-50,50,1
-60,27,1
-84,53,1
-73,64,1
-83,25,1
-69,33,1
-73,47,1
-84,55,1
-54,38,1
-78,48,1
-67,25,1
-79,35,1
-64,59,1
-88,56,1
-62,28,1
-93,38,1
-73,27,1
-70,42,1
-67,41,1
-59,36,1
-88,28,1
-84,50,1
-84,52,1
-77,42,1
-76,18,1
-63,58,1
-68,56,1
-77,36,1
-63,32,1
-93,36,1
-70,64,1
-58,59,1
-72,32,1
-49,31,1
-82,41,1
-64,44,1
-72,23,1
-63,22,1
-55,23,1
-93,33,1
-66,44,1
-51,56,1
-59,52,1
-85,44,1
-79,56,1
-54,27,1
-62,37,1
-60,61,1
-65,32,1
-58,47,1
-90,50,1
-67,27,1
-50,39,1
-77,51,1
-87,24,1
-71,33,1
-76,27,1
-70,28,1
-75,40,1
-79,27,1
-85,58,1
-70,54,1
-66,31,1
-59,43,1
-79,27,1
-74,64,1
-56,29,1
-77,54,1
-76,22,1
-64,33,1
-63,36,1
-79,42,1
-80,21,1
-67,28,1
-93,45,1
-67,36,1
-91,37,1
-57,50,1
-79,53,1
-90,47,1
-56,45,1
-70,40,1
-88,46,1
-88,27,1
-76,36,1
-69,57,1
-73,25,1
-76,27,1
-69,38,1
-79,44,1
-77,49,1
-50,47,1
-69,17,1
-75,45,1
-87,34,1
-69,46,1
-74,53,1
-56,52,1
-55,35,1
-72,30,1
-81,51,1
-75,56,1
-69,26,1
-90,35,1
-68,17,1
-48,42,1
-75,22,1
-61,30,1
-63,37,1
-91,44,1
-77,49,1
-85,29,1
-72,42,1
-55,48,1
-57,20,1
-66,42,1
-64,24,1
-60,47,1
-77,59,1
-86,36,1
-85,57,1
-56,36,1
-62,21,1
-65,21,1
-54,34,1
-77,50,1
-51,49,1
-65,24,1
-74,59,1
-65,48,1
-59,55,1
-64,35,1
-73,31,1
-67,49,1
-64,38,1
-77,62,1
-73,22,1
-76,48,1
-93,33,1
-86,23,1
-75,61,1
-85,55,1
-56,21,1
-78,59,1
-55,37,1
-71,53,1
-69,22,1
-50,31,1
-81,26,1
-88,25,1
-67,52,1
-75,18,1
-57,38,1
-86,47,1
-54,23,1
-90,47,1
-65,23,1
-88,41,1
-83,41,1
-45,39,1
-54,34,1
-86,29,1
-84,33,1
-79,37,1
-75,25,1
-75,42,1
-76,64,1
-69,20,1
-71,33,1
-75,53,1
-80,24,1
-89,47,1
-55,47,1
-82,45,1
-75,41,1
-88,27,1
-66,58,1
-60,31,1
-61,59,1
-79,62,1
-59,52,1
-80,23,1
-94,37,1
-66,46,1
-80,46,1
-82,19,1
-58,23,1
-57,25,1
-86,58,1
-92,34,1
-88,27,1
-87,56,1
-72,55,1
-88,27,1
-52,22,1
-50,41,1
-74,36,1
-47,30,1
-80,50,1
-76,24,1
-79,56,1
-46,34,1
-70,62,1
-82,38,1
-68,37,1
-72,58,1
-80,25,1
-85,49,1
-75,38,1
-76,57,1
-53,27,1
-66,48,1
-67,40,1
-47,31,1
-61,39,1
-64,34,1
-89,28,1
-92,49,1
-54,54,1
-57,23,1
-63,30,1
-90,38,1
-80,48,1
-81,43,1
-83,42,1
-77,23,1
-53,49,1
-49,38,1
-70,55,1
-72,64,1
-82,26,1
-80,51,1
-67,58,1
-69,54,1
-63,64,1
-84,28,1
-86,31,1
-56,21,1
-76,29,1
-47,43,1
-47,49,1
-67,48,1
-57,61,1
-64,42,1
-57,19,1
-61,39,1
-87,48,1
-85,38,1
-82,31,1
-92,44,1
-68,53,1
-88,56,1
-71,43,1
-73,29,1
-67,23,1
-59,61,1
-91,37,1
-69,18,1
-57,40,1
-64,26,1
-83,25,1
-72,32,1
-94,43,1
-93,41,1
-80,38,1
-72,41,1
