-3,-84,0
-13,-69,0
3,-77,0
10,-58,0
-1,-79,0
21,-74,0
18,-81,0
-9,-97,0
-17,-98,0
-18,-93,0
-2,-57,0
7,-96,0
14,-77,0
-4,-73,0
12,-70,0
18,-94,0
22,-71,0
-10,-87,0
5,-94,0
9,-88,0
-4,-81,0
-7,-64,0
-12,-69,0
-15,-75,0
4,-92,0
14,-83,0
-19,-88,0
7,-76,0
-9,-68,0
-1,-60,0
14,-66,0
-16,-87,0
5,-100,0
10,-68,0
-7,-82,0
19,-72,0
-14,-90,0
17,-74,0
7,-77,0
-24,-81,0
-14,-90,0
5,-99,0
-22,-75,0
-4,-80,0
-11,-59,0
19,-92,0
12,-79,0
-11,-88,0
-4,-104,0
-13,-75,0
3,-67,0
3,-91,0
7,-70,0
-13,-99,0
-7,-97,0
-14,-90,0
7,-80,0
-9,-83,0
18,-84,0
6,-66,0
1,-71,0
1,-73,0
21,-80,0
10,-81,0
-10,-62,0
-21,-68,0
-19,-67,0
24,-80,0
-9,-62,0
-3,-77,0
-20,-70,0
-10,-101,0
-1,-69,0
-6,-82,0
13,-90,0
15,-80,0
17,-64,0
-15,-64,0
11,-81,0
14,-64,0
2,-94,0
-10,-63,0
-4,-64,0
-1,-102,0
10,-74,0
-2,-68,0
-16,-81,0
7,-84,0
-19,-66,0
-17,-66,0
0,-105,0
-13,-99,0
-7,-84,0
15,-77,0
-5,-80,0
-9,-102,0
-20,-73,0
2,-100,0
8,-66,0
-18,-72,0
-16,-64,0
-13,-80,0
16,-93,0
21,-68,0
24,-79,0
2,-61,0
-8,-62,0
-9,-72,0
-6,-99,0
4,-86,0
9,-62,0
10,-85,0
15,-92,0
7,-91,0
-2,-93,0
7,-102,0
-7,-99,0
11,-75,0
9,-66,0
2,-75,0
16,-82,0
15,-94,0
10,-75,0
-24,-77,0
-17,-62,0
3,-58,0
13,-91,0
6,-87,0
-3,-93,0
-4,-88,0
17,-81,0
-10,-60,0
11,-74,0
16,-62,0
-16,-66,0
-22,-82,0
6,-79,0
5,-68,0
-15,-84,0
9,-74,0
-18,-69,0
-23,-88,0
9,-73,0
-23,-86,0
-22,-86,0
-7,-91,0
1,-65,0
3,-56,0
-16,-64,0
-5,-72,0
-13,-82,0
-4,-97,0
3,-65,0
-7,-93,0
-4,-102,0
9,-91,0
18,-80,0
-3,-64,0
14,-91,0
20,-71,0
-5,-71,0
3,-86,0
-14,-75,0
9,-59,0
4,-101,0
-9,-66,0
1,-91,0
6,-100,0
-3,-56,0
7,-70,0
-24,-77,0
8,-95,0
-8,-86,0
14,-66,0
-19,-66,0
-7,-56,0
-21,-93,0
15,-71,0
11,-91,0
19,-70,0
5,-101,0
7,-69,0
-9,-70,0
3,-97,0
14,-94,0
-8,-73,0
10,-67,0
-15,-83,0
-17,-79,0
-12,-101,0
9,-80,0
24,-85,0
-18,-63,0
-9,-99,0
-12,-68,0
-2,-93,0
-11,-99,0
2,-74,0
-13,-81,0
11,-83,0
1,-82,0
-22,-78,0
5,-98,0
-17,-69,0
10,-66,0
-9,-78,0
14,-61,0
0,-67,0
-15,-100,0
2,-80,0
-24,-73,0
19,-93,0
-17,-72,0
-12,-72,0
-1,-89,0
-15,-84,0
14,-60,0
7,-98,0
-2,-60,0
15,-90,0
14,-90,0
8,-64,0
-11,-64,0
24,-78,0
11,-84,0
11,-99,0
19,-89,0
0,-88,0
4,-82,0
-16,-92,0
-20,-92,0
4,-82,0
-18,-96,0
22,-82,0
-8,-74,0
8,-79,0
16,-81,0
-6,-71,0
0,-82,0
-17,-71,0
0,-73,0
7,-97,0
-19,-74,0
7,-75,0
5,-58,0
17,-90,0
16,-96,0
12,-100,0
-4,-97,0
12,-65,0
4,-71,0
18,-65,0
16,-65,0
14,-98,0
-6,-63,0
5,-63,0
-9,-63,0
5,-102,0
-13,-78,0
24,-83,0
7,-61,0
12,-92,0
11,-93,0
0,-92,0
2,-93,0
-15,-62,0
15,-82,0
-21,-73,0
1,-102,0
5,-64,0
-15,-87,0
16,-83,0
1,-82,0
9,-96,0
20,-88,0
-14,-82,0
-2,-60,0
8,-102,0
-4,-101,0
-17,-74,0
11,-82,0
-13,-75,0
0,-74,0
-6,-99,0
1,-85,0
-14,-89,0
6,-57,0
7,-57,0
12,-88,0
-1,-65,0
5,-56,0
1,-102,0
-1,-100,0
-6,-65,0
0,-78,0
8,-97,0
14,-98,0
-14,-83,0
-9,-71,0
1,-71,0
-15,-67,0
-17,-62,0
-17,-71,0
1,-58,0
16,-90,0
10,-101,0
12,-68,0
-12,-75,0
-2,-64,0
-21,-84,0
2,-85,0
-6,-86,0
2,-84,0
14,-81,0
-12,-94,0
-12,-100,0
-14,-84,0
0,-63,0
-5,-60,0
-1,-64,0
-11,-86,0
10,-73,0
8,-71,0
-1,-97,0
-2,-97,0
12,-88,0
12,-97,0
20,-68,0
12,-86,0
-9,-102,0
17,-67,0
-17,-62,0
20,-82,0
59,22,1
67,17,1
83,34,1
86,50,1
76,31,1
52,58,1
67,53,1
80,19,1
56,34,1
82,19,1
57,30,1
88,42,1
58,49,1
79,59,1
65,47,1
76,63,1
58,61,1
72,45,1
56,41,1
63,28,1
59,30,1
80,62,1
74,59,1
70,26,1
75,26,1
91,43,1
66,16,1
71,44,1
51,51,1
89,46,1
77,35,1
76,22,1
84,37,1
77,47,1
46,40,1
62,30,1
51,38,1
83,56,1
83,42,1
54,41,1
52,57,1
53,31,1
76,26,1
62,61,1
88,49,1
72,64,1
56,33,1
80,20,1
75,24,1
75,39,1
52,41,1
55,49,1
59,19,1
57,56,1
84,59,1
59,56,1
59,18,1
63,36,1
47,38,1
71,26,1
74,64,1
76,61,1
54,54,1
62,45,1
72,47,1
90,42,1
65,49,1
51,52,1
89,38,1
67,55,1
62,49,1
75,61,1
91,36,1
86,33,1
58,29,1
50,34,1
71,28,1
85,30,1
64,48,1
76,37,1
71,42,1
59,62,1
54,36,1
75,18,1
90,31,1
76,26,1
54,37,1
59,48,1
47,39,1
78,45,1
69,16,1
62,24,1
66,35,1
81,48,1
62,59,1
77,62,1
64,47,1
81,18,1
83,23,1
48,38,1
47,50,1
51,37,1
85,49,1
57,29,1
62,35,1
49,50,1
58,57,1
88,46,1
50,52,1
86,36,1
79,46,1
83,22,1
66,49,1
66,56,1
70,19,1
73,25,1
66,31,1
71,38,1
86,22,1
77,34,1
84,30,1
78,62,1
69,44,1
69,41,1
76,28,1
78,48,1
86,58,1
62,41,1
84,60,1
85,31,1
47,34,1
86,38,1
79,29,1
64,50,1
57,23,1
56,37,1
58,47,1
66,60,1
66,49,1
59,37,1
73,24,1
60,54,1
61,18,1
71,24,1
70,53,1
73,59,1
65,48,1
48,29,1
77,56,1
72,24,1
80,20,1
81,30,1
64,63,1
78,31,1
46,33,1
72,24,1
88,25,1
77,45,1
67,39,1
81,27,1
55,55,1
64,28,1
56,33,1
71,52,1
47,40,1
82,45,1
65,38,1
55,25,1
68,26,1
78,24,1
88,53,1
49,34,1
56,53,1
91,30,1
60,21,1
78,50,1
70,41,1
82,19,1
88,29,1
51,27,1
71,57,1
91,46,1
56,20,1
80,37,1
60,57,1
47,50,1
69,18,1
51,42,1
84,21,1
87,46,1
55,36,1
65,18,1
51,37,1
71,24,1
89,26,1
57,47,1
60,60,1
72,59,1
54,23,1
47,43,1
63,25,1
78,24,1
71,41,1
77,59,1
84,60,1
88,29,1
47,29,1
86,58,1
54,47,1
51,31,1
81,60,1
57,32,1
81,50,1
60,62,1
81,19,1
85,35,1
75,57,1
77,63,1
64,31,1
81,37,1
64,35,1
49,44,1
54,38,1
46,39,1
59,45,1
77,28,1
52,53,1
60,18,1
92,38,1
69,44,1
80,39,1
77,58,1
81,41,1
71,33,1
68,36,1
68,21,1
62,36,1
71,49,1
85,23,1
69,48,1
55,49,1
49,36,1
70,36,1
70,51,1
70,32,1
56,52,1
88,46,1
77,18,1
64,35,1
73,32,1
63,39,1
52,40,1
64,37,1
90,48,1
81,35,1
52,24,1
78,59,1
60,32,1
68,27,1
51,49,1
62,62,1
72,49,1
83,35,1
67,61,1
76,43,1
71,33,1
73,61,1
62,44,1
85,55,1
52,31,1
84,53,1
69,39,1
81,31,1
72,51,1
54,46,1
87,29,1
83,57,1
83,38,1
86,44,1
92,36,1
65,16,1
65,53,1
77,23,1
84,33,1
56,60,1
81,45,1
83,28,1
72,61,1
80,54,1
78,52,1
86,52,1
60,37,1
74,18,1
49,39,1
77,21,1
84,41,1
53,42,1
64,50,1
88,49,1
73,36,1
50,46,1
53,52,1
60,27,1
76,33,1
91,37,1
74,25,1
69,16,1
63,63,1
63,34,1
69,45,1
71,31,1
60,45,1
83,25,1
85,52,1
49,36,1
54,51,1
80,57,1
86,30,1
84,21,1
81,36,1
55,24,1
55,45,1
78,63,1
50,35,1
53,56,1
67,44,1
73,51,1
51,32,1
52,44,1
85,50,1
66,45,1
74,58,1
77,33,1
-48,36,1
-83,25,1
-58,37,1
-77,60,1
-66,38,1
-73,60,1
-63,63,1
-60,17,1
-87,51,1
-84,53,1
-46,33,1
-75,26,1
-70,28,1
-65,47,1
-79,51,1
-84,60,1
-70,44,1
-84,29,1
-62,47,1
-88,49,1
-50,30,1
-62,24,1
-82,58,1
-46,47,1
-53,25,1
-74,49,1
-77,50,1
-51,27,1
-79,41,1
-91,42,1
-77,28,1
-80,50,1
-59,19,1
-81,60,1
-86,49,1
-70,41,1
-74,63,1
-46,41,1
-80,32,1
-89,37,1
-85,30,1
-76,17,1
-68,46,1
-60,62,1
-74,45,1
-73,40,1
-62,48,1
-50,47,1
-53,43,1
-81,49,1
-77,53,1
-92,42,1
-56,56,1
-49,33,1
-77,59,1
-52,56,1
-77,44,1
-92,35,1
-84,48,1
-84,21,1
-70,29,1
-56,56,1
-59,31,1
-59,60,1
-47,29,1
-62,63,1
-52,55,1
-67,61,1
-68,16,1
-88,26,1
-69,46,1
-71,22,1
-64,36,1
-55,29,1
-59,34,1
-90,34,1
-52,39,1
-60,24,1
-54,50,1
-78,36,1
-53,40,1
-77,62,1
-90,48,1
-84,48,1
-72,39,1
-74,61,1
-67,60,1
-83,51,1
-83,34,1
-83,37,1
-77,53,1
-88,33,1
-66,52,1
-66,23,1
-58,58,1
-73,17,1
-57,52,1
-71,53,1
-61,50,1
-69,56,1
-68,31,1
-75,23,1
-89,44,1
-65,45,1
-74,35,1
-51,35,1
-82,38,1
-91,48,1
-72,64,1
-75,33,1
-62,25,1
-65,32,1
-50,36,1
-88,36,1
-51,52,1
-54,44,1
-83,46,1
-61,31,1
-78,34,1
-61,42,1
-63,40,1
-57,29,1
-88,46,1
-80,59,1
-57,57,1
-60,22,1
-77,21,1
-71,56,1
-61,57,1
-53,23,1
-79,42,1
-65,28,1
-68,37,1
-89,41,1
-81,38,1
-88,52,1
-72,52,1
-53,24,1
-74,24,1
-65,59,1
-73,27,1
-64,27,1
-81,33,1
-60,41,1
-66,17,1
-66,31,1
-77,25,1
-85,51,1
-83,27,1
-56,54,1
-80,43,1
-57,27,1
-71,44,1
-67,20,1
-80,60,1
-81,27,1
-67,61,1
-81,23,1
-82,39,1
-79,63,1
-67,23,1
-50,25,1
-65,50,1
-81,47,1
-60,34,1
-52,31,1
-72,37,1
-67,39,1
-54,57,1
-64,44,1
-53,46,1
-65,45,1
-57,45,1
-69,61,1
-55,47,1
-83,25,1
-65,49,1
-60,56,1
-59,56,1
-74,38,1
-55,48,1
-69,32,1
-90,30,1
-65,39,1
-63,64,1
-46,32,1
-75,40,1
-51,53,1
-50,31,1
-57,23,1
-57,35,1
-72,63,1
-53,41,1
-63,46,1
-52,40,1
-75,61,1
-87,46,1
-69,25,1
-56,36,1
-49,52,1
-88,29,1
-73,18,1
-85,50,1
-93,37,1
-60,24,1
-54,47,1
-68,43,1
-58,52,1
-80,61,1
-85,57,1
-67,46,1
-82,59,1
-56,54,1
-92,33,1
-64,39,1
-63,58,1
-53,36,1
-60,21,1
-68,46,1
-66,37,1
-50,36,1
-87,41,1
-75,56,1
-93,42,1
-62,59,1
-84,54,1
-56,44,1
-61,53,1
-87,52,1
-77,29,1
-61,24,1
-78,46,1
-59,27,1
-90,35,1
-81,25,1
-89,33,1
-70,60,1
-56,25,1
-78,59,1
-90,48,1
-75,39,1
-79,34,1
-51,50,1
-86,40,1
-74,53,1
-58,42,1
-45,41,1
-84,55,1
-76,53,1
-78,45,1
-88,40,1
-76,30,1
-83,33,1
-54,34,1
-75,45,1
-72,51,1
-68,23,1
-69,51,1
-68,54,1
-55,28,1
-67,42,1
-86,27,1
-71,41,1
-68,54,1
-74,18,1
-77,27,1
-66,35,1
-83,51,1
-84,45,1
-85,44,1
-52,41,1
-78,40,1
-87,27,1
-75,23,1
-65,53,1
-61,20,1
-57,52,1
-79,22,1
-77,26,1
-68,44,1
-76,50,1
-54,42,1
-75,63,1
-73,40,1
-52,40,1
-82,27,1
-73,61,1
-58,51,1
-57,46,1
-74,30,1
-58,58,1
-59,51,1
-57,55,1
-84,51,1
-90,49,1
-88,46,1
-89,28,1
-49,50,1
-67,23,1
-54,54,1
-56,39,1
-64,45,1
-69,45,1
-71,61,1
-63,32,1
-61,22,1
-67,62,1
-59,23,1
-64,27,1
-58,42,1
-88,51,1
-91,28,1
-68,55,1
-92,30,1
-53,37,1
-77,41,1
-83,32,1
-56,33,1
-63,20,1
-66,16,1
-90,35,1
-57,52,1
-81,26,1
-86,41,1
-55,40,1
-56,29,1
-84,60,1
-71,27,1
-63,44,1
-69,29,1
-82,47,1
-71,25,1
-83,30,1
