4,-77,0
5,-70,0
4,-77,0
-5,-87,0
3,-72,0
-12,-71,0
-1,-53,0
-5,-55,0
12,-69,0
5,-82,0
-1,-84,0
-21,-83,0
20,-64,0
8,-63,0
11,-48,0
7,-76,0
-9,-84,0
9,-47,0
-20,-60,0
-6,-76,0
13,-75,0
11,-88,0
-24,-77,0
24,-76,0
-3,-89,0
5,-80,0
11,-74,0
-4,-67,0
13,-67,0
1,-88,0
10,-57,0
-8,-49,0
-10,-78,0
-20,-70,0
-3,-71,0
-16,-52,0
-13,-72,0
-13,-79,0
-18,-66,0
-20,-74,0
1,-47,0
19,-84,0
0,-60,0
4,-64,0
21,-76,0
7,-66,0
3,-81,0
10,-53,0
-5,-87,0
11,-81,0
13,-89,0
-8,-53,0
-6,-46,0
-17,-60,0
-16,-77,0
-6,-47,0
18,-53,0
-12,-86,0
-1,-91,0
-5,-82,0
9,-66,0
13,-65,0
18,-76,0
-22,-68,0
-15,-88,0
-16,-58,0
1,-59,0
-23,-69,0
-1,-84,0
15,-76,0
0,-51,0
-22,-73,0
-13,-90,0
4,-49,0
6,-54,0
2,-50,0
3,-54,0
-1,-53,0
-1,-84,0
-17,-84,0
19,-58,0
8,-66,0
-21,-72,0
-6,-51,0
-3,-50,0
24,-66,0
2,-87,0
20,-73,0
-16,-83,0
14,-63,0
-7,-83,0
12,-58,0
-12,-52,0
11,-69,0
-2,-73,0
16,-81,0
13,-71,0
15,-69,0
13,-85,0
-8,-79,0
-21,-64,0
2,-68,0
-15,-64,0
2,-48,0
12,-70,0
7,-87,0
21,-69,0
-19,-55,0
-19,-63,0
10,-51,0
21,-82,0
11,-90,0
-9,-62,0
-9,-92,0
5,-47,0
12,-52,0
12,-59,0
-19,-66,0
1,-64,0
4,-73,0
-10,-67,0
2,-87,0
17,-66,0
-21,-75,0
-10,-58,0
6,-91,0
-15,-63,0
-7,-46,0
-21,-71,0
0,-61,0
0,-78,0
-16,-66,0
-10,-53,0
-2,-54,0
-7,-64,0
-24,-66,0
2,-82,0
5,-89,0
-2,-84,0
-4,-50,0
-12,-85,0
0,-50,0
-15,-59,0
-19,-77,0
-3,-61,0
12,-72,0
-4,-70,0
-8,-60,0
19,-66,0
-1,-87,0
-14,-90,0
-14,-72,0
13,-70,0
24,-63,0
10,-65,0
0,-46,0
-14,-78,0
11,-91,0
0,-86,0
8,-76,0
-8,-66,0
-12,-68,0
8,-72,0
0,-79,0
0,-50,0
2,-79,0
7,-61,0
-4,-54,0
6,-94,0
23,-76,0
22,-64,0
-1,-90,0
16,-62,0
5,-60,0
-6,-70,0
-12,-74,0
0,-50,0
-5,-63,0
3,-70,0
-12,-75,0
-21,-70,0
21,-62,0
-19,-59,0
-10,-72,0
20,-72,0
7,-89,0
9,-63,0
12,-64,0
0,-58,0
13,-56,0
5,-72,0
-14,-70,0
-17,-64,0
-17,-80,0
18,-74,0
6,-46,0
-12,-91,0
7,-66,0
-2,-58,0
-8,-81,0
12,-79,0
3,-62,0
-11,-75,0
-7,-51,0
7,-82,0
19,-61,0
8,-49,0
-14,-57,0
17,-77,0
12,-62,0
3,-74,0
0,-62,0
-5,-79,0
8,-59,0
13,-51,0
-8,-57,0
-5,-59,0
-16,-71,0
-15,-54,0
-4,-90,0
-17,-66,0
13,-86,0
0,-86,0
6,-73,0
-16,-52,0
1,-66,0
-23,-69,0
5,-63,0
-18,-57,0
6,-77,0
-12,-78,0
0,-89,0
7,-56,0
-12,-73,0
-3,-68,0
3,-71,0
18,-63,0
0,-73,0
-2,-64,0
-14,-88,0
-14,-88,0
-24,-67,0
-8,-73,0
-3,-62,0
-11,-60,0
19,-84,0
2,-74,0
23,-73,0
1,-66,0
-6,-75,0
-2,-73,0
2,-73,0
1,-92,0
5,-92,0
-6,-56,0
15,-56,0
6,-94,0
-5,-64,0
9,-91,0
3,-92,0
-22,-79,0
-23,-67,0
-9,-54,0
-1,-55,0
-13,-81,0
-9,-82,0
-2,-86,0
-16,-63,0
17,-53,0
-7,-70,0
-16,-88,0
0,-89,0
0,-50,0
-9,-68,0
24,-73,0
-6,-62,0
-15,-65,0
-14,-90,0
2,-59,0
22,-74,0
11,-64,0
-15,-62,0
-9,-93,0
18,-70,0
19,-75,0
-18,-56,0
-11,-87,0
20,-72,0
9,-66,0
19,-63,0
-1,-53,0
-3,-70,0
-17,-54,0
10,-76,0
-2,-64,0
-3,-64,0
-10,-76,0
-5,-53,0
22,-81,0
-14,-64,0
23,-67,0
1,-81,0
10,-78,0
-14,-88,0
6,-61,0
13,-78,0
-14,-84,0
4,-49,0
-1,-62,0
-7,-69,0
10,-91,0
-23,-69,0
-3,-83,0
10,-48,0
4,-69,0
-13,-57,0
20,-85,0
10,-55,0
-19,-67,0
-1,-68,0
14,-80,0
-5,-79,0
-18,-74,0
-24,-68,0
-8,-51,0
-1,-68,0
-16,-51,0
13,-86,0
-16,-88,0
-23,-63,0
13,-70,0
-2,-76,0
13,-74,0
71,56,1
45,52,1
45,16,1
68,34,1
58,21,1
56,27,1
84,40,1
50,13,1
49,55,1
69,28,1
54,29,1
48,48,1
53,16,1
70,46,1
59,29,1
73,37,1
67,52,1
58,50,1
67,47,1
58,18,1
79,43,1
74,31,1
54,23,1
63,39,1
75,30,1
54,46,1
52,28,1
45,17,1
52,35,1
70,26,1
74,35,1
67,23,1
51,54,1
71,18,1
65,17,1
72,36,1
70,57,1
65,55,1
59,12,1
76,28,1
48,53,1
78,41,1
75,15,1
61,57,1
49,26,1
55,32,1
74,44,1
58,16,1
70,55,1
56,41,1
71,54,1
41,41,1
46,21,1
54,45,1
46,43,1
39,47,1
66,45,1
78,28,1
62,45,1
47,46,1
40,29,1
57,30,1
81,33,1
54,55,1
77,48,1
79,28,1
55,42,1
59,43,1
72,19,1
61,52,1
50,55,1
55,59,1
56,33,1
52,32,1
73,27,1
47,17,1
47,47,1
43,47,1
73,42,1
63,17,1
72,28,1
40,29,1
44,36,1
69,58,1
53,47,1
65,14,1
54,22,1
62,50,1
61,34,1
53,20,1
61,57,1
80,25,1
58,21,1
44,41,1
85,30,1
53,43,1
72,20,1
77,39,1
74,45,1
47,34,1
56,14,1
70,30,1
56,15,1
85,33,1
45,37,1
73,54,1
67,18,1
47,26,1
44,25,1
59,18,1
40,46,1
55,28,1
60,17,1
70,40,1
48,23,1
55,24,1
81,28,1
60,24,1
47,29,1
83,42,1
65,59,1
80,33,1
77,53,1
70,42,1
58,57,1
58,14,1
73,32,1
54,16,1
43,45,1
58,17,1
82,23,1
59,51,1
37,41,1
59,25,1
53,21,1
71,38,1
80,28,1
54,27,1
83,42,1
47,37,1
70,22,1
61,53,1
47,37,1
59,39,1
63,19,1
54,51,1
77,35,1
60,41,1
54,58,1
52,44,1
42,49,1
43,40,1
59,13,1
62,12,1
66,14,1
49,45,1
64,17,1
61,46,1
63,26,1
54,55,1
61,53,1
40,31,1
78,48,1
49,57,1
56,56,1
76,43,1
80,23,1
46,50,1
46,32,1
59,57,1
78,35,1
70,40,1
79,44,1
61,57,1
73,44,1
63,45,1
56,49,1
54,36,1
54,23,1
80,45,1
42,48,1
64,15,1
42,48,1
46,37,1
81,35,1
69,24,1
55,33,1
41,23,1
73,21,1
56,36,1
41,37,1
67,28,1
63,26,1
79,36,1
59,19,1
75,18,1
67,27,1
68,17,1
77,37,1
77,22,1
49,22,1
70,17,1
49,40,1
69,28,1
55,40,1
78,24,1
84,43,1
71,14,1
56,45,1
70,26,1
52,18,1
55,17,1
55,56,1
52,23,1
68,20,1
82,43,1
54,35,1
44,38,1
47,19,1
50,47,1
62,23,1
60,38,1
39,39,1
38,30,1
65,48,1
58,36,1
41,25,1
39,41,1
68,56,1
74,40,1
84,38,1
81,23,1
65,30,1
74,38,1
76,39,1
45,42,1
57,57,1
72,22,1
39,40,1
63,47,1
58,24,1
43,24,1
78,43,1
53,44,1
44,42,1
78,42,1
67,22,1
47,45,1
49,22,1
78,44,1
77,17,1
68,50,1
59,20,1
43,24,1
72,56,1
37,33,1
74,44,1
72,36,1
41,26,1
74,40,1
77,37,1
57,48,1
59,37,1
46,15,1
78,43,1
53,54,1
41,36,1
57,13,1
48,32,1
70,29,1
66,57,1
44,51,1
80,34,1
56,48,1
57,42,1
81,39,1
51,34,1
65,55,1
46,44,1
42,24,1
45,24,1
66,42,1
42,30,1
76,16,1
63,27,1
62,25,1
59,38,1
77,23,1
73,34,1
81,46,1
59,52,1
46,22,1
42,27,1
58,35,1
74,44,1
73,48,1
54,59,1
44,46,1
37,31,1
62,52,1
68,25,1
85,30,1
84,31,1
41,40,1
85,39,1
63,49,1
74,17,1
45,46,1
65,37,1
58,46,1
46,40,1
56,44,1
48,35,1
72,20,1
78,36,1
69,48,1
70,51,1
76,38,1
41,45,1
60,39,1
52,58,1
68,50,1
77,28,1
68,30,1
61,32,1
70,42,1
51,54,1
59,26,1
52,41,1
53,28,1
53,26,1
60,15,1
70,58,1
-57,11,1
-54,39,1
-53,57,1
-44,30,1
-80,39,1
-77,50,1
-85,36,1
-80,20,1
-43,20,1
-55,55,1
-50,29,1
-43,30,1
-62,52,1
-58,22,1
-57,55,1
-58,11,1
-72,53,1
-59,50,1
-84,30,1
-41,38,1
-54,39,1
-37,32,1
-50,32,1
-76,29,1
-55,21,1
-48,16,1
-57,55,1
-50,43,1
-55,45,1
-42,29,1
-44,35,1
-37,38,1
-84,36,1
-68,14,1
-52,23,1
-39,27,1
-59,27,1
-41,22,1
-48,15,1
-55,39,1
-58,17,1
-80,48,1
-80,41,1
-72,29,1
-46,25,1
-61,15,1
-45,45,1
-48,54,1
-42,26,1
-59,19,1
-81,29,1
-57,37,1
-72,45,1
-84,36,1
-76,16,1
-51,38,1
-43,35,1
-61,51,1
-52,34,1
-42,42,1
-41,38,1
-76,38,1
-68,46,1
-47,51,1
-37,30,1
-48,28,1
-48,42,1
-67,53,1
-54,25,1
-76,32,1
-52,27,1
-52,33,1
-47,37,1
-82,26,1
-45,54,1
-58,50,1
-67,32,1
-64,27,1
-44,46,1
-59,37,1
-73,33,1
-40,35,1
-62,55,1
-58,45,1
-60,15,1
-53,14,1
-78,43,1
-63,21,1
-54,51,1
-50,33,1
-70,16,1
-69,19,1
-69,42,1
-75,25,1
-73,23,1
-72,42,1
-50,22,1
-64,20,1
-40,28,1
-50,13,1
-77,17,1
-70,38,1
-52,33,1
-65,15,1
-46,33,1
-36,38,1
-51,54,1
-44,25,1
-81,38,1
-48,42,1
-55,44,1
-72,26,1
-82,35,1
-50,41,1
-62,24,1
-70,34,1
-60,25,1
-63,59,1
-54,48,1
-46,52,1
-76,50,1
-48,49,1
-60,46,1
-74,19,1
-47,53,1
-53,32,1
-63,56,1
-51,58,1
-64,47,1
-40,25,1
-78,29,1
-61,47,1
-73,29,1
-63,19,1
-51,52,1
-75,24,1
-65,58,1
-65,20,1
-63,56,1
-54,24,1
-43,52,1
-81,36,1
-76,41,1
-60,22,1
-78,38,1
-72,34,1
-84,27,1
-66,20,1
-63,52,1
-66,31,1
-71,32,1
-56,12,1
-48,19,1
-42,29,1
-59,53,1
-61,12,1
-44,49,1
-68,52,1
-69,13,1
-46,24,1
-72,57,1
-71,56,1
-77,40,1
-56,48,1
-42,19,1
-74,53,1
-54,14,1
-62,24,1
-80,34,1
-56,41,1
-51,53,1
-66,29,1
-82,37,1
-38,44,1
-39,39,1
-72,29,1
-71,39,1
-62,26,1
-74,51,1
-46,55,1
-51,24,1
-64,45,1
-71,31,1
-44,44,1
-56,39,1
-76,45,1
-54,42,1
-60,11,1
-70,19,1
-76,47,1
-73,55,1
-80,33,1
-36,39,1
-38,31,1
-55,19,1
-57,19,1
-46,27,1
-61,32,1
-59,50,1
-78,28,1
-68,19,1
-71,23,1
-49,48,1
-65,20,1
-76,16,1
-82,31,1
-47,15,1
-51,56,1
-57,32,1
-56,44,1
-45,33,1
-81,45,1
-46,28,1
-81,33,1
-79,43,1
-56,42,1
-61,18,1
-55,18,1
-60,47,1
-81,48,1
-39,39,1
-72,26,1
-49,30,1
-47,34,1
-66,35,1
-72,27,1
-43,52,1
-72,23,1
-56,28,1
-42,30,1
-69,27,1
-84,29,1
-75,42,1
-68,57,1
-75,23,1
-40,29,1
-55,28,1
-56,50,1
-69,17,1
-59,31,1
-69,54,1
-70,55,1
-57,52,1
-64,49,1
-67,19,1
-62,14,1
-39,34,1
-53,31,1
-44,39,1
-58,47,1
-49,37,1
-76,20,1
-42,30,1
-40,36,1
-45,28,1
-74,21,1
-58,43,1
-53,41,1
-84,32,1
-62,42,1
-70,40,1
-65,25,1
-51,45,1
-53,13,1
-53,30,1
-61,36,1
-52,29,1
-77,30,1
-80,34,1
-85,36,1
-71,15,1
-51,47,1
-59,19,1
-69,13,1
-47,20,1
-79,29,1
-71,42,1
-53,16,1
-73,22,1
-36,37,1
-38,45,1
-80,24,1
-51,22,1
-56,50,1
-59,36,1
-66,13,1
-60,26,1
-38,29,1
-81,34,1
-60,30,1
-55,38,1
-41,40,1
-51,35,1
-69,18,1
-70,57,1
-53,45,1
-57,59,1
-63,49,1
-55,14,1
-68,43,1
-50,28,1
-41,41,1
-63,43,1
-63,17,1
-56,50,1
-56,16,1
-44,28,1
-69,48,1
-61,45,1
-77,38,1
-55,43,1
-62,35,1
-85,33,1
-44,32,1
-78,19,1
-61,31,1
-59,17,1
-62,16,1
-57,20,1
-67,49,1
-59,59,1
-52,26,1
-68,36,1
-63,16,1
-40,27,1
-52,12,1
-48,27,1
-52,29,1
-60,53,1
-67,59,1
-50,46,1
-52,40,1
-72,21,1
