-2,-52,0
19,-60,0
9,-39,0
-14,-74,0
-2,-68,0
-3,-38,0
-2,-63,0
-3,-68,0
-8,-69,0
-16,-79,0
-19,-61,0
-8,-49,0
4,-60,0
0,-63,0
-14,-41,0
6,-67,0
13,-39,0
-6,-52,0
5,-73,0
22,-63,0
-14,-53,0
-13,-69,0
-5,-72,0
9,-71,0
19,-50,0
-16,-78,0
13,-42,0
-12,-78,0
-12,-69,0
3,-68,0
20,-47,0
-6,-41,0
6,-66,0
-8,-55,0
-23,-61,0
-16,-46,0
-12,-52,0
17,-58,0
2,-64,0
15,-58,0
17,-62,0
-11,-52,0
-8,-39,0
-5,-64,0
-3,-79,0
-13,-56,0
-3,-68,0
-17,-46,0
12,-80,0
-18,-54,0
-14,-79,0
14,-55,0
10,-44,0
19,-69,0
8,-42,0
3,-63,0
9,-79,0
-12,-52,0
-18,-60,0
8,-59,0
-17,-70,0
11,-67,0
6,-39,0
-11,-60,0
0,-80,0
10,-57,0
19,-59,0
-8,-39,0
-4,-49,0
-9,-62,0
13,-62,0
19,-70,0
2,-46,0
-8,-73,0
-1,-79,0
10,-52,0
20,-65,0
3,-59,0
-4,-66,0
1,-71,0
-19,-61,0
-4,-72,0
6,-63,0
9,-41,0
-20,-45,0
-2,-75,0
3,-65,0
-12,-49,0
-17,-52,0
-6,-36,0
0,-52,0
-22,-56,0
10,-58,0
12,-50,0
-4,-53,0
-16,-60,0
18,-68,0
-4,-69,0
18,-59,0
-18,-70,0
-9,-63,0
14,-66,0
-2,-81,0
10,-40,0
-13,-45,0
6,-47,0
22,-49,0
-20,-61,0
-13,-39,0
15,-42,0
18,-76,0
-13,-53,0
15,-71,0
3,-36,0
5,-77,0
-7,-72,0
-21,-65,0
-7,-37,0
21,-55,0
-19,-57,0
-5,-65,0
7,-52,0
-21,-48,0
-13,-54,0
-6,-71,0
-5,-66,0
-8,-52,0
19,-72,0
5,-79,0
-3,-79,0
4,-64,0
-18,-72,0
7,-40,0
-21,-53,0
1,-58,0
8,-75,0
-6,-56,0
7,-68,0
-15,-69,0
12,-75,0
11,-78,0
6,-38,0
4,-67,0
-13,-69,0
-21,-61,0
21,-67,0
-23,-55,0
22,-57,0
-17,-65,0
2,-44,0
3,-80,0
1,-55,0
-19,-56,0
-6,-74,0
-15,-57,0
-4,-41,0
-5,-80,0
-19,-71,0
-20,-56,0
3,-73,0
8,-39,0
-4,-70,0
17,-75,0
16,-56,0
5,-73,0
11,-81,0
8,-39,0
-13,-51,0
14,-50,0
14,-70,0
19,-53,0
-22,-51,0
12,-60,0
20,-49,0
12,-52,0
-3,-49,0
-4,-74,0
10,-43,0
16,-53,0
-22,-64,0
-11,-71,0
18,-52,0
17,-63,0
-22,-58,0
17,-43,0
-9,-53,0
16,-76,0
19,-56,0
-12,-55,0
-13,-67,0
18,-47,0
-24,-59,0
1,-48,0
7,-38,0
17,-62,0
-19,-69,0
-6,-70,0
9,-80,0
-4,-62,0
-8,-44,0
-16,-57,0
-18,-73,0
-18,-66,0
9,-74,0
7,-37,0
1,-73,0
-21,-49,0
-2,-61,0
-5,-57,0
6,-84,0
3,-74,0
-15,-74,0
-12,-59,0
10,-57,0
-3,-55,0
10,-54,0
-19,-56,0
7,-59,0
14,-68,0
-21,-67,0
-4,-36,0
-7,-55,0
13,-57,0
7,-47,0
16,-77,0
20,-54,0
-18,-54,0
-23,-51,0
8,-79,0
2,-58,0
-2,-60,0
-14,-47,0
15,-61,0
-16,-60,0
-6,-47,0
15,-46,0
-10,-70,0
-24,-56,0
1,-68,0
6,-43,0
6,-51,0
11,-41,0
6,-70,0
0,-84,0
-22,-50,0
-1,-47,0
-16,-54,0
23,-59,0
-6,-37,0
-19,-67,0
10,-80,0
22,-49,0
-12,-71,0
1,-76,0
16,-56,0
-24,-63,0
10,-41,0
-7,-46,0
-22,-63,0
4,-59,0
3,-47,0
22,-54,0
19,-54,0
6,-82,0
11,-61,0
-23,-63,0
-18,-63,0
-12,-46,0
15,-67,0
-15,-58,0
-14,-52,0
-18,-43,0
11,-39,0
-6,-72,0
16,-51,0
4,-45,0
-4,-65,0
-9,-48,0
0,-53,0
12,-63,0
14,-65,0
-20,-55,0
3,-37,0
24,-63,0
8,-43,0
-8,-64,0
15,-52,0
-1,-63,0
-16,-67,0
-20,-65,0
0,-45,0
18,-45,0
3,-44,0
-21,-66,0
-4,-38,0
2,-78,0
0,-41,0
4,-68,0
-12,-42,0
-11,-69,0
-7,-77,0
-2,-83,0
-13,-45,0
-16,-52,0
-18,-61,0
-4,-40,0
16,-51,0
-6,-76,0
24,-65,0
24,-61,0
13,-56,0
-3,-70,0
-3,-74,0
-20,-65,0
13,-54,0
-7,-41,0
21,-50,0
-12,-53,0
14,-72,0
-15,-70,0
13,-81,0
-3,-48,0
17,-53,0
10,-40,0
5,-44,0
3,-52,0
-9,-66,0
15,-53,0
-4,-55,0
15,-78,0
18,-75,0
-15,-72,0
5,-51,0
65,41,1
40,22,1
42,46,1
53,51,1
54,45,1
41,11,1
42,50,1
32,22,1
33,18,1
61,8,1
64,29,1
36,17,1
61,52,1
33,26,1
57,9,1
66,31,1
46,7,1
66,44,1
74,21,1
75,27,1
52,34,1
54,15,1
45,17,1
71,31,1
68,34,1
39,15,1
68,17,1
57,10,1
54,38,1
47,35,1
41,51,1
65,19,1
54,21,1
40,45,1
55,51,1
40,32,1
57,44,1
60,48,1
33,18,1
33,34,1
50,27,1
65,9,1
60,13,1
63,37,1
66,12,1
56,28,1
63,15,1
58,46,1
38,16,1
63,30,1
50,28,1
53,9,1
41,51,1
50,25,1
54,6,1
54,53,1
69,36,1
56,18,1
52,22,1
53,35,1
51,37,1
69,44,1
54,11,1
52,35,1
54,18,1
55,30,1
44,34,1
46,27,1
30,26,1
55,46,1
64,31,1
58,8,1
50,43,1
46,48,1
65,49,1
42,22,1
62,36,1
42,39,1
66,34,1
45,41,1
61,50,1
76,33,1
57,18,1
73,43,1
51,25,1
74,31,1
64,14,1
43,19,1
45,29,1
52,38,1
53,17,1
53,16,1
58,11,1
47,28,1
53,47,1
53,46,1
60,14,1
69,13,1
33,21,1
45,13,1
31,42,1
49,40,1
45,26,1
33,42,1
50,37,1
45,24,1
66,12,1
68,36,1
32,38,1
63,47,1
65,47,1
37,28,1
42,41,1
68,42,1
53,33,1
58,35,1
34,22,1
42,23,1
58,11,1
60,33,1
62,32,1
50,18,1
62,52,1
55,51,1
55,52,1
64,49,1
38,22,1
73,31,1
35,41,1
68,19,1
68,43,1
60,20,1
35,27,1
60,30,1
42,49,1
73,41,1
33,42,1
50,15,1
42,31,1
60,44,1
46,44,1
74,30,1
43,16,1
49,12,1
69,23,1
47,10,1
66,45,1
29,37,1
50,48,1
38,17,1
40,16,1
39,50,1
74,21,1
47,25,1
54,31,1
64,16,1
30,20,1
44,42,1
67,42,1
68,13,1
56,21,1
43,50,1
66,50,1
57,20,1
62,50,1
45,23,1
43,46,1
37,29,1
76,24,1
28,30,1
53,43,1
64,25,1
50,25,1
40,32,1
46,46,1
60,28,1
61,13,1
57,8,1
50,40,1
52,53,1
55,47,1
60,42,1
65,27,1
65,40,1
56,26,1
32,22,1
37,37,1
76,27,1
56,43,1
35,41,1
49,39,1
45,25,1
56,18,1
45,8,1
53,25,1
57,53,1
72,32,1
68,40,1
59,24,1
36,39,1
52,51,1
65,22,1
33,20,1
31,26,1
65,27,1
61,48,1
49,42,1
50,12,1
36,39,1
65,26,1
76,33,1
44,16,1
37,31,1
63,29,1
64,49,1
44,21,1
51,8,1
59,34,1
39,22,1
66,18,1
53,46,1
38,15,1
32,43,1
66,15,1
56,39,1
31,43,1
32,25,1
57,13,1
51,24,1
51,22,1
67,11,1
59,16,1
47,38,1
57,29,1
57,31,1
58,11,1
35,26,1
36,14,1
59,35,1
60,24,1
60,18,1
60,18,1
59,10,1
64,10,1
71,30,1
31,33,1
68,38,1
43,39,1
58,12,1
63,17,1
60,51,1
30,25,1
55,20,1
47,48,1
47,26,1
48,23,1
47,22,1
57,26,1
56,24,1
59,22,1
52,33,1
44,30,1
58,47,1
52,49,1
42,25,1
29,27,1
35,17,1
33,30,1
40,38,1
50,52,1
49,50,1
32,43,1
69,20,1
57,51,1
74,23,1
40,38,1
35,35,1
37,25,1
53,52,1
54,26,1
62,51,1
59,13,1
74,41,1
43,17,1
73,25,1
60,51,1
64,42,1
29,39,1
59,11,1
49,11,1
41,36,1
48,27,1
68,17,1
67,48,1
33,26,1
42,14,1
53,48,1
60,13,1
44,49,1
65,21,1
64,18,1
59,22,1
53,21,1
59,17,1
69,20,1
70,30,1
33,28,1
39,48,1
50,51,1
35,20,1
60,53,1
71,28,1
35,24,1
59,19,1
35,15,1
65,38,1
29,33,1
40,19,1
74,36,1
49,25,1
35,33,1
58,23,1
59,24,1
70,18,1
41,34,1
34,45,1
46,40,1
43,9,1
51,12,1
54,7,1
50,48,1
69,22,1
49,41,1
-61,30,1
-73,28,1
-51,22,1
-70,18,1
-70,46,1
-76,36,1
-43,50,1
-40,50,1
-71,31,1
-40,15,1
-38,23,1
-32,27,1
-29,22,1
-41,39,1
-45,25,1
-67,42,1
-48,20,1
-75,32,1
-62,31,1
-57,13,1
-58,19,1
-46,49,1
-58,7,1
-54,51,1
-72,20,1
-53,14,1
-36,14,1
-35,17,1
-57,32,1
-54,54,1
-46,29,1
-63,22,1
-52,11,1
-37,26,1
-62,16,1
-56,10,1
-38,43,1
-72,25,1
-33,21,1
-74,24,1
-59,50,1
-71,22,1
-61,46,1
-29,21,1
-61,17,1
-36,17,1
-43,36,1
-47,22,1
-73,42,1
-49,33,1
-49,6,1
-46,14,1
-51,20,1
-36,34,1
-48,24,1
-66,31,1
-53,53,1
-61,9,1
-64,11,1
-65,14,1
-62,8,1
-55,54,1
-65,15,1
-57,42,1
-49,38,1
-34,36,1
-32,38,1
-58,41,1
-50,40,1
-34,31,1
-36,11,1
-61,51,1
-46,8,1
-64,15,1
-48,38,1
-54,45,1
-56,47,1
-60,30,1
-66,34,1
-35,28,1
-59,52,1
-59,53,1
-43,28,1
-63,28,1
-39,9,1
-63,15,1
-39,28,1
-61,32,1
-67,42,1
-61,19,1
-38,42,1
-71,32,1
-56,9,1
-57,39,1
-34,32,1
-51,36,1
-53,12,1
-67,45,1
-54,46,1
-64,42,1
-51,10,1
-60,40,1
-32,28,1
-28,23,1
-57,7,1
-49,12,1
-33,19,1
-57,21,1
-52,30,1
-66,45,1
-49,16,1
-46,33,1
-37,16,1
-40,13,1
-51,8,1
-53,18,1
-68,14,1
-52,23,1
-33,45,1
-48,51,1
-55,51,1
-64,38,1
-70,46,1
-58,26,1
-46,43,1
-57,51,1
-61,7,1
-46,31,1
-56,34,1
-38,39,1
-66,11,1
-56,17,1
-48,53,1
-71,29,1
-40,34,1
-37,17,1
-34,33,1
-52,52,1
-55,37,1
-49,36,1
-76,27,1
-71,18,1
-62,39,1
-59,15,1
-67,16,1
-65,24,1
-56,28,1
-48,36,1
-45,20,1
-54,25,1
-31,23,1
-60,51,1
-39,13,1
-56,29,1
-69,12,1
-36,25,1
-68,43,1
-43,34,1
-55,44,1
-47,28,1
-29,22,1
-64,46,1
-68,46,1
-44,52,1
-38,17,1
-51,10,1
-68,42,1
-47,36,1
-37,10,1
-48,40,1
-68,20,1
-41,36,1
-38,36,1
-68,45,1
-38,43,1
-63,31,1
-45,48,1
-40,19,1
-53,47,1
-35,35,1
-69,39,1
-48,38,1
-34,39,1
-62,11,1
-29,36,1
-65,20,1
-50,52,1
-63,34,1
-30,41,1
-58,23,1
-40,42,1
-68,33,1
-35,16,1
-76,33,1
-30,33,1
-69,44,1
-68,18,1
-46,24,1
-74,32,1
-35,23,1
-34,33,1
-54,42,1
-33,29,1
-35,33,1
-75,39,1
-67,13,1
-50,22,1
-58,38,1
-56,11,1
-37,23,1
-66,30,1
-32,28,1
-33,40,1
-74,21,1
-71,26,1
-73,27,1
-36,43,1
-40,26,1
-52,7,1
-50,23,1
-72,30,1
-46,19,1
-48,25,1
-75,24,1
-59,17,1
-65,38,1
-65,44,1
-48,28,1
-40,47,1
-37,42,1
-64,19,1
-59,10,1
-43,18,1
-40,12,1
-54,46,1
-37,22,1
-60,34,1
-45,50,1
-42,33,1
-45,52,1
-51,19,1
-50,52,1
-63,30,1
-42,43,1
-69,35,1
-65,37,1
-69,36,1
-33,26,1
-73,17,1
-35,23,1
-54,16,1
-61,7,1
-63,31,1
-48,35,1
-55,20,1
-59,52,1
-70,15,1
-53,15,1
-44,48,1
-33,40,1
-66,44,1
-56,12,1
-39,44,1
-56,7,1
-47,47,1
-48,12,1
-42,50,1
-54,20,1
-38,36,1
-69,27,1
-67,19,1
-30,27,1
-63,39,1
-40,30,1
-48,35,1
-74,28,1
-35,14,1
-49,54,1
-73,26,1
-33,35,1
-57,26,1
-61,36,1
-62,42,1
-42,37,1
-70,43,1
-61,23,1
-34,47,1
-55,11,1
-42,45,1
-60,39,1
-39,20,1
-33,35,1
-30,37,1
-34,23,1
-49,38,1
-29,23,1
-48,19,1
-34,41,1
-75,38,1
-58,35,1
-62,47,1
-65,46,1
-35,22,1
-52,18,1
-45,18,1
-45,21,1
-65,12,1
-73,29,1
-43,26,1
-60,31,1
-56,34,1
-56,18,1
-50,50,1
-33,33,1
-62,49,1
-40,27,1
-53,9,1
-50,52,1
-58,30,1
-32,40,1
-60,46,1
-50,45,1
-74,27,1
-44,34,1
-68,47,1
-48,14,1
-35,23,1
-73,22,1
-53,16,1
-50,25,1
-31,19,1
-72,37,1
-72,32,1
