-3,-76,0
8,-95,0
9,-102,0
1,-101,0
4,-120,0
-14,-118,0
-8,-83,0
-6,-109,0
13,-115,0
-15,-83,0
9,-108,0
4,-104,0
8,-85,0
-14,-85,0
-8,-90,0
10,-85,0
-7,-93,0
16,-82,0
-15,-106,0
-15,-101,0
-2,-85,0
-9,-101,0
-2,-91,0
-13,-94,0
10,-113,0
-6,-89,0
5,-99,0
22,-103,0
14,-107,0
0,-95,0
3,-87,0
-18,-90,0
-14,-100,0
9,-96,0
11,-118,0
16,-93,0
-10,-101,0
-14,-113,0
-7,-118,0
24,-97,0
6,-103,0
5,-86,0
-1,-94,0
-14,-87,0
-14,-88,0
-12,-83,0
-19,-113,0
-16,-107,0
16,-111,0
18,-110,0
-13,-92,0
-17,-105,0
-12,-100,0
23,-98,0
-17,-109,0
-14,-105,0
2,-107,0
-8,-80,0
-4,-99,0
15,-108,0
-11,-109,0
-5,-93,0
1,-77,0
9,-84,0
-20,-102,0
-18,-90,0
23,-95,0
12,-118,0
-2,-76,0
-5,-121,0
-5,-118,0
19,-105,0
-7,-95,0
3,-116,0
5,-110,0
21,-103,0
5,-83,0
-3,-85,0
23,-104,0
17,-117,0
-11,-95,0
-23,-106,0
-7,-115,0
9,-91,0
12,-94,0
-4,-109,0
14,-118,0
12,-111,0
16,-84,0
17,-87,0
2,-97,0
-4,-95,0
-13,-103,0
8,-87,0
-15,-108,0
-12,-119,0
-14,-82,0
-3,-83,0
-15,-94,0
13,-112,0
-1,-83,0
4,-78,0
18,-113,0
-19,-91,0
1,-84,0
-11,-114,0
-5,-113,0
11,-81,0
-13,-93,0
10,-90,0
16,-115,0
12,-89,0
9,-79,0
-10,-113,0
-1,-77,0
-18,-106,0
16,-87,0
22,-98,0
-3,-98,0
-15,-99,0
6,-123,0
0,-106,0
4,-85,0
0,-120,0
-10,-88,0
-12,-90,0
7,-121,0
-16,-97,0
-2,-117,0
-8,-86,0
21,-109,0
16,-90,0
-20,-102,0
9,-114,0
-6,-113,0
14,-110,0
21,-87,0
-7,-76,0
4,-85,0
13,-121,0
24,-104,0
9,-109,0
6,-97,0
-13,-88,0
-12,-107,0
-11,-85,0
14,-116,0
18,-95,0
7,-89,0
14,-116,0
20,-89,0
24,-102,0
0,-113,0
-3,-82,0
-6,-121,0
20,-104,0
1,-84,0
-6,-86,0
-17,-108,0
-10,-80,0
-7,-95,0
8,-119,0
23,-91,0
-17,-100,0
-8,-93,0
2,-120,0
-6,-102,0
-13,-115,0
11,-90,0
-19,-96,0
-18,-94,0
8,-100,0
10,-104,0
8,-113,0
-14,-117,0
0,-104,0
-1,-91,0
2,-124,0
9,-99,0
-15,-117,0
0,-108,0
-21,-94,0
-4,-107,0
7,-120,0
-15,-83,0
-14,-97,0
0,-124,0
-10,-109,0
3,-88,0
2,-103,0
-13,-79,0
-4,-95,0
-3,-112,0
9,-114,0
-16,-84,0
-3,-109,0
-9,-93,0
15,-94,0
-7,-106,0
-5,-84,0
-16,-86,0
15,-86,0
-9,-101,0
15,-97,0
16,-108,0
-2,-120,0
4,-81,0
-7,-85,0
-1,-84,0
-12,-89,0
22,-89,0
17,-97,0
14,-118,0
19,-106,0
12,-87,0
-14,-107,0
13,-82,0
6,-121,0
14,-105,0
9,-92,0
-19,-102,0
12,-104,0
-10,-104,0
17,-93,0
-14,-118,0
-10,-100,0
-7,-76,0
5,-113,0
-1,-119,0
-13,-110,0
12,-81,0
18,-87,0
-18,-97,0
14,-97,0
-4,-123,0
0,-106,0
8,-105,0
7,-81,0
-15,-116,0
-10,-120,0
-18,-96,0
9,-108,0
-14,-87,0
-8,-109,0
23,-104,0
-5,-105,0
21,-110,0
6,-122,0
16,-89,0
12,-113,0
-7,-110,0
15,-97,0
-17,-95,0
-18,-97,0
11,-122,0
1,-85,0
-21,-113,0
10,-81,0
0,-96,0
18,-99,0
-19,-94,0
-21,-101,0
2,-102,0
-12,-110,0
-4,-105,0
-3,-94,0
-18,-93,0
-12,-93,0
17,-82,0
8,-117,0
-5,-89,0
19,-105,0
-14,-95,0
-4,-93,0
6,-80,0
-21,-95,0
5,-111,0
18,-106,0
4,-89,0
-11,-107,0
13,-108,0
7,-90,0
15,-92,0
17,-107,0
12,-79,0
18,-89,0
-18,-91,0
-9,-112,0
21,-93,0
-1,-101,0
-15,-101,0
12,-89,0
-9,-88,0
5,-86,0
11,-95,0
12,-113,0
17,-83,0
3,-102,0
-18,-85,0
-1,-122,0
-21,-93,0
-17,-101,0
-6,-80,0
-4,-122,0
4,-111,0
10,-87,0
-6,-104,0
-15,-119,0
-1,-88,0
6,-111,0
1,-121,0
1,-120,0
10,-83,0
-15,-101,0
-17,-90,0
-12,-82,0
5,-112,0
13,-107,0
-4,-99,0
12,-83,0
17,-115,0
-7,-117,0
2,-90,0
-13,-85,0
18,-95,0
-11,-115,0
12,-92,0
10,-105,0
15,-91,0
8,-110,0
21,-108,0
10,-99,0
4,-78,0
94,68,1
94,65,1
108,58,1
84,54,1
76,71,1
78,54,1
91,30,1
106,60,1
71,40,1
73,52,1
98,62,1
103,38,1
100,54,1
73,50,1
88,35,1
73,67,1
90,48,1
72,58,1
74,47,1
87,42,1
102,36,1
96,52,1
75,50,1
100,44,1
80,52,1
75,72,1
89,48,1
85,28,1
88,47,1
64,42,1
94,33,1
72,56,1
92,59,1
87,47,1
76,42,1
98,44,1
66,50,1
83,57,1
80,50,1
79,54,1
93,49,1
65,49,1
76,50,1
84,42,1
93,52,1
89,34,1
107,43,1
80,28,1
87,50,1
100,41,1
78,33,1
100,70,1
66,53,1
92,43,1
92,33,1
88,27,1
110,51,1
100,52,1
90,31,1
67,55,1
76,52,1
81,43,1
107,47,1
81,68,1
99,43,1
85,67,1
100,64,1
94,55,1
91,40,1
85,66,1
89,43,1
103,42,1
72,53,1
71,59,1
93,42,1
72,64,1
82,35,1
97,49,1
97,65,1
70,65,1
107,45,1
104,47,1
71,64,1
78,70,1
63,44,1
71,49,1
97,49,1
106,64,1
78,43,1
95,68,1
101,41,1
97,60,1
63,54,1
72,65,1
88,35,1
106,63,1
82,70,1
95,32,1
71,58,1
70,50,1
86,28,1
88,47,1
73,65,1
82,63,1
81,31,1
107,61,1
77,38,1
109,42,1
76,40,1
65,60,1
90,67,1
83,36,1
100,42,1
82,47,1
95,65,1
66,63,1
75,31,1
95,41,1
91,26,1
69,54,1
82,61,1
90,57,1
86,60,1
93,42,1
91,71,1
80,39,1
71,68,1
68,59,1
83,61,1
93,29,1
99,43,1
97,55,1
73,33,1
76,48,1
83,33,1
102,47,1
81,62,1
94,68,1
86,67,1
86,49,1
110,57,1
87,34,1
77,61,1
77,65,1
98,31,1
91,54,1
100,52,1
80,69,1
82,65,1
109,57,1
87,31,1
93,64,1
65,46,1
89,32,1
71,34,1
96,45,1
92,65,1
103,48,1
104,65,1
78,59,1
75,71,1
110,44,1
108,46,1
89,66,1
80,68,1
94,34,1
87,70,1
90,33,1
66,46,1
73,69,1
74,38,1
95,60,1
99,31,1
84,45,1
79,40,1
85,42,1
66,63,1
83,42,1
81,73,1
85,73,1
64,51,1
93,35,1
81,35,1
104,63,1
92,49,1
108,45,1
69,42,1
66,58,1
82,35,1
88,38,1
99,44,1
91,48,1
79,57,1
84,45,1
67,53,1
91,51,1
75,72,1
83,51,1
71,60,1
69,59,1
94,52,1
84,43,1
66,47,1
75,64,1
68,50,1
80,29,1
77,50,1
89,58,1
88,74,1
76,44,1
78,45,1
107,36,1
97,42,1
99,60,1
86,58,1
89,39,1
76,36,1
101,41,1
92,57,1
80,73,1
99,71,1
73,68,1
67,42,1
77,40,1
82,70,1
107,64,1
94,66,1
109,44,1
86,72,1
89,55,1
70,32,1
85,74,1
80,63,1
85,56,1
80,65,1
71,49,1
77,52,1
95,39,1
93,39,1
107,61,1
82,71,1
81,70,1
84,60,1
81,37,1
99,45,1
101,48,1
99,69,1
109,40,1
96,38,1
93,47,1
85,36,1
66,47,1
91,38,1
92,54,1
71,33,1
74,40,1
105,66,1
105,61,1
69,37,1
64,55,1
83,39,1
74,52,1
74,44,1
88,42,1
87,43,1
91,53,1
89,42,1
69,55,1
107,44,1
92,32,1
94,45,1
85,41,1
101,45,1
76,44,1
74,32,1
68,35,1
69,66,1
70,63,1
96,58,1
66,64,1
87,49,1
85,56,1
91,55,1
101,38,1
74,35,1
81,67,1
74,58,1
72,58,1
93,51,1
82,50,1
81,55,1
108,48,1
86,49,1
93,32,1
69,57,1
70,61,1
109,52,1
72,69,1
89,49,1
84,49,1
103,35,1
94,53,1
81,64,1
94,44,1
84,51,1
79,62,1
71,43,1
70,55,1
91,58,1
74,66,1
77,41,1
94,63,1
86,60,1
100,54,1
93,42,1
100,54,1
95,62,1
84,42,1
75,42,1
91,32,1
70,44,1
74,42,1
93,45,1
92,28,1
93,41,1
107,53,1
93,52,1
75,68,1
64,42,1
92,38,1
64,60,1
101,51,1
90,72,1
-109,61,1
-79,56,1
-87,35,1
-104,59,1
-97,61,1
-87,26,1
-108,46,1
-106,39,1
-62,52,1
-80,63,1
-71,61,1
-103,44,1
-69,36,1
-106,37,1
-82,44,1
-70,68,1
-72,52,1
-81,37,1
-92,70,1
-85,41,1
-100,47,1
-91,45,1
-101,36,1
-71,55,1
-80,38,1
-95,44,1
-73,34,1
-82,51,1
-80,54,1
-91,34,1
-80,38,1
-105,46,1
-76,34,1
-103,43,1
-84,48,1
-97,36,1
-81,40,1
-64,49,1
-84,65,1
-72,35,1
-104,41,1
-96,66,1
-101,43,1
-99,36,1
-93,73,1
-103,66,1
-79,48,1
-107,38,1
-105,66,1
-62,50,1
-66,57,1
-86,60,1
-76,58,1
-77,41,1
-80,40,1
-90,70,1
-80,53,1
-72,33,1
-83,28,1
-94,40,1
-96,47,1
-91,43,1
-82,52,1
-77,57,1
-102,58,1
-91,32,1
-64,52,1
-88,59,1
-80,30,1
-102,67,1
-87,68,1
-63,58,1
-88,41,1
-69,49,1
-97,46,1
-86,70,1
-85,46,1
-105,34,1
-81,61,1
-75,56,1
-98,53,1
-77,61,1
-76,68,1
-105,60,1
-110,58,1
-106,52,1
-87,52,1
-95,51,1
-107,44,1
-70,40,1
-84,36,1
-73,42,1
-96,42,1
-78,68,1
-77,65,1
-81,37,1
-68,44,1
-77,34,1
-74,32,1
-74,32,1
-63,50,1
-100,52,1
-65,51,1
-74,63,1
-86,51,1
-91,35,1
-100,33,1
-94,66,1
-76,58,1
-82,27,1
-78,39,1
-72,57,1
-94,27,1
-73,60,1
-101,63,1
-73,66,1
-71,53,1
-81,57,1
-80,55,1
-87,52,1
-81,57,1
-96,37,1
-97,43,1
-82,50,1
-83,46,1
-87,71,1
-89,52,1
-71,58,1
-87,58,1
-102,51,1
-81,41,1
-74,65,1
-67,44,1
-84,55,1
-76,68,1
-75,41,1
-85,45,1
-78,71,1
-68,58,1
-89,38,1
-99,53,1
-97,45,1
-107,53,1
-87,27,1
-99,65,1
-109,47,1
-73,63,1
-90,46,1
-79,33,1
-101,34,1
-93,73,1
-78,38,1
-73,42,1
-102,59,1
-90,43,1
-94,70,1
-86,63,1
-69,61,1
-77,62,1
-69,55,1
-82,67,1
-95,47,1
-97,37,1
-76,48,1
-75,33,1
-85,57,1
-103,58,1
-104,43,1
-95,31,1
-84,63,1
-81,30,1
-67,63,1
-100,49,1
-100,41,1
-100,58,1
-93,34,1
-101,43,1
-105,50,1
-83,51,1
-90,46,1
-94,60,1
-86,61,1
-102,58,1
-68,45,1
-70,48,1
-96,64,1
-69,58,1
-84,30,1
-105,35,1
-89,28,1
-111,48,1
-81,50,1
-83,37,1
-71,46,1
-104,41,1
-71,32,1
-64,58,1
-101,31,1
-108,50,1
-100,39,1
-103,32,1
-68,45,1
-91,54,1
-111,50,1
-86,37,1
-85,47,1
-79,61,1
-101,54,1
-71,60,1
-102,68,1
-109,50,1
-78,61,1
-62,46,1
-95,35,1
-73,45,1
-74,49,1
-88,27,1
-77,54,1
-77,53,1
-108,56,1
-102,64,1
-87,60,1
-76,28,1
-66,43,1
-81,35,1
-80,32,1
-101,51,1
-99,51,1
-75,41,1
-79,51,1
-80,68,1
-86,55,1
-76,50,1
-78,30,1
-68,49,1
-70,67,1
-97,68,1
-74,69,1
-69,65,1
-104,43,1
-108,49,1
-103,47,1
-79,43,1
-91,34,1
-82,44,1
-103,65,1
-106,41,1
-96,28,1
-101,40,1
-104,64,1
-109,54,1
-88,63,1
-105,59,1
-103,35,1
-72,44,1
-106,36,1
-89,38,1
-84,65,1
-66,47,1
-80,48,1
-90,44,1
-67,62,1
-87,43,1
-96,69,1
-108,58,1
-107,40,1
-96,51,1
-89,26,1
-81,36,1
-70,37,1
-77,70,1
-92,30,1
-98,64,1
-84,30,1
-110,42,1
-71,36,1
-100,46,1
-102,44,1
-100,69,1
-90,26,1
-106,44,1
-99,43,1
-75,49,1
-97,28,1
-68,60,1
-70,51,1
-76,62,1
-68,61,1
-80,35,1
-77,69,1
-92,30,1
-67,64,1
-72,32,1
-76,46,1
-80,30,1
-99,40,1
-79,68,1
-74,53,1
-97,54,1
-100,32,1
-99,41,1
-100,41,1
-99,48,1
-86,28,1
-102,38,1
-95,55,1
-72,64,1
-94,44,1
-70,33,1
-80,59,1
-96,45,1
-73,50,1
-69,61,1
-93,45,1
-76,44,1
-92,39,1
-107,38,1
-63,43,1
-100,53,1
-73,37,1
-105,42,1
-85,33,1
-105,45,1
-110,47,1
-63,46,1
-90,45,1
-88,45,1
-67,38,1
-80,31,1
-82,33,1
-66,63,1
-102,56,1
-102,43,1
