-9,-114,0
-19,-84,0
5,-84,0
13,-101,0
-16,-102,0
-2,-114,0
-2,-94,0
6,-105,0
-14,-92,0
-14,-91,0
19,-92,0
17,-83,0
-16,-93,0
-12,-112,0
-5,-92,0
-12,-86,0
-18,-89,0
-14,-99,0
-20,-100,0
24,-107,0
5,-76,0
4,-107,0
3,-78,0
-10,-78,0
6,-83,0
21,-89,0
11,-112,0
-9,-114,0
9,-103,0
-9,-88,0
-24,-95,0
-11,-101,0
18,-93,0
4,-100,0
-13,-99,0
2,-123,0
12,-96,0
5,-116,0
-10,-108,0
-9,-117,0
-22,-100,0
-9,-95,0
-9,-85,0
2,-88,0
-22,-103,0
4,-106,0
2,-111,0
2,-116,0
10,-121,0
23,-97,0
11,-110,0
7,-112,0
10,-110,0
15,-106,0
-5,-115,0
-11,-118,0
-13,-95,0
17,-116,0
8,-104,0
11,-89,0
1,-108,0
-6,-99,0
18,-86,0
-10,-82,0
-3,-115,0
20,-91,0
21,-100,0
-10,-79,0
-11,-88,0
-10,-99,0
-14,-102,0
-12,-87,0
9,-119,0
0,-107,0
8,-85,0
-3,-120,0
11,-81,0
2,-96,0
-3,-81,0
14,-85,0
7,-118,0
-5,-116,0
3,-76,0
13,-83,0
21,-106,0
23,-102,0
7,-79,0
-15,-80,0
9,-120,0
19,-101,0
4,-94,0
1,-114,0
15,-91,0
4,-105,0
-11,-80,0
-1,-81,0
-23,-101,0
15,-99,0
1,-104,0
-6,-76,0
7,-105,0
-15,-85,0
0,-123,0
5,-100,0
14,-118,0
2,-88,0
-13,-107,0
-7,-88,0
0,-117,0
9,-104,0
5,-82,0
-5,-99,0
5,-106,0
-10,-113,0
7,-106,0
6,-107,0
-3,-104,0
6,-119,0
17,-85,0
17,-105,0
-15,-86,0
22,-103,0
0,-86,0
-6,-119,0
-5,-106,0
-5,-97,0
-16,-98,0
-1,-109,0
2,-111,0
-12,-95,0
-20,-91,0
-14,-105,0
-20,-110,0
-20,-106,0
-8,-84,0
-22,-90,0
0,-88,0
3,-89,0
16,-97,0
-10,-91,0
-3,-83,0
9,-105,0
-5,-84,0
-5,-91,0
6,-78,0
-4,-121,0
-14,-107,0
13,-95,0
-22,-105,0
5,-119,0
-13,-105,0
12,-116,0
2,-90,0
-7,-87,0
-2,-90,0
-13,-121,0
5,-105,0
15,-95,0
-12,-102,0
-3,-115,0
15,-88,0
10,-119,0
19,-84,0
8,-92,0
-17,-117,0
11,-118,0
0,-108,0
-10,-114,0
0,-122,0
12,-84,0
18,-115,0
3,-118,0
11,-87,0
16,-107,0
5,-114,0
-15,-107,0
17,-105,0
-17,-100,0
9,-104,0
-16,-101,0
21,-103,0
15,-95,0
3,-124,0
11,-90,0
18,-91,0
0,-105,0
-7,-121,0
-6,-117,0
19,-110,0
-18,-87,0
-7,-87,0
16,-116,0
-13,-91,0
-7,-114,0
-23,-92,0
-4,-119,0
-9,-101,0
4,-108,0
-5,-90,0
14,-102,0
5,-86,0
0,-114,0
-6,-80,0
10,-113,0
10,-97,0
20,-103,0
-18,-106,0
1,-104,0
17,-92,0
-14,-92,0
-2,-80,0
16,-102,0
4,-114,0
-21,-108,0
0,-92,0
8,-94,0
-12,-86,0
-5,-114,0
10,-86,0
-3,-108,0
17,-95,0
-15,-101,0
22,-102,0
21,-88,0
-4,-103,0
1,-86,0
-7,-93,0
4,-88,0
11,-99,0
2,-80,0
-2,-106,0
-17,-83,0
-3,-98,0
-11,-96,0
-6,-120,0
10,-114,0
-18,-109,0
-20,-89,0
4,-120,0
-20,-85,0
6,-87,0
-9,-91,0
9,-79,0
-8,-95,0
23,-92,0
-6,-87,0
-16,-87,0
11,-83,0
2,-116,0
-24,-104,0
-5,-106,0
12,-80,0
23,-92,0
17,-86,0
0,-107,0
2,-87,0
2,-119,0
-6,-120,0
1,-84,0
-14,-119,0
20,-105,0
12,-95,0
-23,-91,0
12,-100,0
13,-118,0
-5,-90,0
-11,-119,0
-6,-78,0
-15,-96,0
-10,-98,0
-8,-80,0
4,-76,0
6,-92,0
-14,-98,0
-3,-115,0
22,-106,0
8,-87,0
-5,-117,0
21,-97,0
-2,-86,0
-8,-102,0
-5,-85,0
-5,-101,0
-15,-105,0
18,-99,0
19,-86,0
9,-123,0
-12,-80,0
-16,-91,0
23,-106,0
-23,-99,0
0,-98,0
16,-102,0
-10,-90,0
-3,-108,0
13,-104,0
9,-95,0
16,-106,0
0,-98,0
8,-115,0
9,-96,0
6,-105,0
13,-87,0
15,-104,0
11,-98,0
-10,-98,0
-20,-111,0
18,-96,0
-12,-103,0
8,-103,0
21,-87,0
-11,-83,0
-11,-118,0
18,-109,0
-14,-104,0
0,-104,0
22,-111,0
-6,-123,0
2,-90,0
13,-100,0
-8,-104,0
1,-88,0
14,-107,0
-1,-91,0
19,-90,0
-21,-109,0
9,-81,0
3,-104,0
9,-121,0
1,-89,0
9,-116,0
20,-85,0
-3,-97,0
84,57,1
78,56,1
97,65,1
77,28,1
108,57,1
94,47,1
62,49,1
69,61,1
108,53,1
84,26,1
102,38,1
69,44,1
104,40,1
70,50,1
65,41,1
71,47,1
67,48,1
105,53,1
74,34,1
77,52,1
98,64,1
92,34,1
66,62,1
109,61,1
88,53,1
101,34,1
96,32,1
86,31,1
66,44,1
89,30,1
82,41,1
85,64,1
103,58,1
89,45,1
92,65,1
89,73,1
71,62,1
79,59,1
96,36,1
90,69,1
72,64,1
66,49,1
103,62,1
84,73,1
82,49,1
69,44,1
77,44,1
93,69,1
109,52,1
67,58,1
89,74,1
72,40,1
99,62,1
101,46,1
96,56,1
102,61,1
87,74,1
96,38,1
106,40,1
64,59,1
94,61,1
74,53,1
91,42,1
77,51,1
105,51,1
86,39,1
71,59,1
75,47,1
94,43,1
68,66,1
64,53,1
76,36,1
78,39,1
84,68,1
76,70,1
71,37,1
92,33,1
78,67,1
67,56,1
72,64,1
100,46,1
85,36,1
90,54,1
98,68,1
75,57,1
70,67,1
110,49,1
89,73,1
73,51,1
99,37,1
105,61,1
96,53,1
100,66,1
76,66,1
89,61,1
84,26,1
96,30,1
103,55,1
68,41,1
76,40,1
90,69,1
70,36,1
77,40,1
65,52,1
70,67,1
85,30,1
103,51,1
91,45,1
96,70,1
82,73,1
82,58,1
109,59,1
98,53,1
74,67,1
98,29,1
100,56,1
96,66,1
72,47,1
104,63,1
103,62,1
89,35,1
103,55,1
67,45,1
88,64,1
83,65,1
107,49,1
100,33,1
75,62,1
92,47,1
99,66,1
91,64,1
76,36,1
79,31,1
109,58,1
87,55,1
71,39,1
104,43,1
88,40,1
82,26,1
71,65,1
85,51,1
85,54,1
106,56,1
97,54,1
106,46,1
89,36,1
81,34,1
70,64,1
102,54,1
99,44,1
104,64,1
86,42,1
66,48,1
96,69,1
83,67,1
94,33,1
63,57,1
98,53,1
81,40,1
83,72,1
84,66,1
79,33,1
92,32,1
91,42,1
75,35,1
69,45,1
79,41,1
91,38,1
100,60,1
74,44,1
109,59,1
104,46,1
68,59,1
72,55,1
84,37,1
104,60,1
78,55,1
74,69,1
98,41,1
71,44,1
106,36,1
85,53,1
108,48,1
80,53,1
107,64,1
106,47,1
82,48,1
78,41,1
89,31,1
89,57,1
97,58,1
78,52,1
88,41,1
89,34,1
87,70,1
104,50,1
99,35,1
85,29,1
80,27,1
83,73,1
75,34,1
72,31,1
73,58,1
64,46,1
74,40,1
81,66,1
84,50,1
93,37,1
71,36,1
77,44,1
67,44,1
76,40,1
91,32,1
98,52,1
82,57,1
89,68,1
101,60,1
72,37,1
98,35,1
106,48,1
80,42,1
82,70,1
104,33,1
75,33,1
70,62,1
76,44,1
78,30,1
103,35,1
101,56,1
62,48,1
85,40,1
88,55,1
79,67,1
88,27,1
72,51,1
92,39,1
83,37,1
85,54,1
91,54,1
97,54,1
80,42,1
67,57,1
100,29,1
80,69,1
97,62,1
84,37,1
109,55,1
102,49,1
91,44,1
107,62,1
98,42,1
97,31,1
72,58,1
97,35,1
101,48,1
91,29,1
86,36,1
96,55,1
91,37,1
82,52,1
81,55,1
76,37,1
75,54,1
72,39,1
101,63,1
74,66,1
106,39,1
92,38,1
102,35,1
107,53,1
103,44,1
95,71,1
88,56,1
72,33,1
89,61,1
64,40,1
101,30,1
97,58,1
91,51,1
79,35,1
93,59,1
83,41,1
86,62,1
72,57,1
78,66,1
69,54,1
78,44,1
76,67,1
63,52,1
93,69,1
77,63,1
97,34,1
79,63,1
72,52,1
73,39,1
93,58,1
65,50,1
91,32,1
89,71,1
105,56,1
83,60,1
80,62,1
90,31,1
68,44,1
92,62,1
71,40,1
78,69,1
70,61,1
104,37,1
76,31,1
69,67,1
107,59,1
75,61,1
74,61,1
106,46,1
94,48,1
77,29,1
67,63,1
75,38,1
66,48,1
81,49,1
81,48,1
89,74,1
84,46,1
93,27,1
102,36,1
105,36,1
79,73,1
87,45,1
81,74,1
89,28,1
88,50,1
81,59,1
-75,41,1
-66,61,1
-72,63,1
-105,53,1
-104,62,1
-100,32,1
-102,67,1
-88,63,1
-70,49,1
-89,57,1
-103,66,1
-108,47,1
-108,60,1
-99,36,1
-104,37,1
-74,36,1
-98,61,1
-64,43,1
-100,54,1
-87,64,1
-93,36,1
-93,63,1
-94,31,1
-69,59,1
-82,28,1
-85,35,1
-89,50,1
-76,56,1
-84,49,1
-77,31,1
-71,43,1
-95,68,1
-87,28,1
-78,45,1
-89,67,1
-104,50,1
-68,43,1
-89,70,1
-93,41,1
-91,71,1
-90,57,1
-78,63,1
-81,57,1
-75,35,1
-68,65,1
-69,46,1
-110,49,1
-69,53,1
-78,51,1
-102,41,1
-78,56,1
-107,50,1
-82,40,1
-93,65,1
-109,49,1
-87,66,1
-65,53,1
-95,28,1
-94,72,1
-86,59,1
-91,60,1
-106,46,1
-85,38,1
-91,67,1
-98,71,1
-104,58,1
-78,68,1
-78,40,1
-97,68,1
-75,36,1
-88,48,1
-83,74,1
-91,45,1
-90,46,1
-73,37,1
-83,51,1
-66,54,1
-70,64,1
-91,55,1
-83,72,1
-74,54,1
-106,47,1
-90,68,1
-86,50,1
-103,64,1
-77,67,1
-91,65,1
-76,40,1
-91,27,1
-72,55,1
-89,33,1
-90,37,1
-87,34,1
-87,41,1
-79,48,1
-89,62,1
-106,58,1
-106,56,1
-102,32,1
-91,29,1
-111,53,1
-74,46,1
-92,68,1
-75,42,1
-82,74,1
-75,46,1
-65,61,1
-107,57,1
-69,39,1
-69,33,1
-89,74,1
-97,39,1
-73,44,1
-79,70,1
-75,47,1
-102,43,1
-94,60,1
-68,58,1
-81,36,1
-89,28,1
-109,58,1
-75,67,1
-76,57,1
-93,33,1
-83,54,1
-108,40,1
-65,38,1
-88,66,1
-78,67,1
-78,68,1
-69,41,1
-100,58,1
-91,60,1
-69,46,1
-74,43,1
-91,36,1
-98,65,1
-91,48,1
-99,51,1
-90,31,1
-99,71,1
-97,35,1
-77,50,1
-103,33,1
-86,38,1
-93,43,1
-71,53,1
-65,61,1
-77,49,1
-108,56,1
-104,53,1
-87,52,1
-84,51,1
-74,42,1
-106,47,1
-91,33,1
-78,73,1
-97,52,1
-88,56,1
-75,33,1
-73,42,1
-106,38,1
-73,39,1
-103,36,1
-97,32,1
-76,37,1
-96,48,1
-98,47,1
-95,45,1
-106,55,1
-106,45,1
-89,30,1
-67,36,1
-83,60,1
-88,71,1
-83,73,1
-76,50,1
-100,35,1
-95,47,1
-71,65,1
-92,41,1
-109,47,1
-72,44,1
-75,31,1
-90,48,1
-70,47,1
-84,53,1
-87,33,1
-89,29,1
-63,46,1
-84,30,1
-107,49,1
-64,55,1
-69,34,1
-86,63,1
-70,57,1
-84,70,1
-82,57,1
-70,32,1
-103,60,1
-78,66,1
-73,32,1
-86,68,1
-88,27,1
-73,68,1
-93,51,1
-67,38,1
-97,68,1
-81,40,1
-73,65,1
-89,44,1
-90,37,1
-101,42,1
-102,47,1
-84,48,1
-85,35,1
-106,53,1
-64,47,1
-90,36,1
-94,65,1
-88,51,1
-100,66,1
-89,29,1
-86,70,1
-93,69,1
-65,57,1
-66,40,1
-94,61,1
-99,50,1
-101,36,1
-109,58,1
-89,48,1
-76,54,1
-82,71,1
-76,38,1
-82,31,1
-98,61,1
-95,67,1
-88,36,1
-80,37,1
-88,33,1
-82,69,1
-101,68,1
-69,47,1
-88,30,1
-62,50,1
-96,34,1
-77,43,1
-96,62,1
-101,58,1
-94,56,1
-80,36,1
-88,31,1
-82,66,1
-93,33,1
-83,41,1
-69,39,1
-82,49,1
-84,36,1
-86,58,1
-96,43,1
-76,31,1
-66,45,1
-76,42,1
-94,64,1
-67,42,1
-107,47,1
-94,29,1
-102,50,1
-85,66,1
-71,50,1
-93,62,1
-102,33,1
-81,30,1
-79,57,1
-105,35,1
-81,28,1
-111,50,1
-102,65,1
-74,39,1
-66,60,1
-67,55,1
-105,42,1
-81,49,1
-90,54,1
-83,40,1
-65,48,1
-63,58,1
-81,58,1
-75,63,1
-80,34,1
-98,70,1
-72,47,1
-89,52,1
-97,68,1
-94,38,1
-109,42,1
-99,45,1
-71,62,1
-71,40,1
-108,55,1
-89,54,1
-92,33,1
-95,72,1
-78,61,1
-68,62,1
-97,42,1
-68,66,1
-68,53,1
-100,29,1
-67,36,1
-99,42,1
-95,71,1
-105,53,1
-95,67,1
-96,40,1
-83,43,1
-65,41,1
-109,56,1
-92,38,1
-66,63,1
-88,42,1
-64,52,1
-100,37,1
-77,52,1
-65,60,1
-103,64,1
-64,41,1
-100,65,1
-82,27,1
-86,59,1
-78,50,1
-79,72,1
