0,-74,0
-7,-99,0
14,-99,0
18,-101,0
14,-109,0
0,-95,0
18,-100,0
5,-76,0
-15,-89,0
-18,-101,0
-8,-69,0
-14,-105,0
2,-80,0
-10,-90,0
-11,-97,0
-3,-110,0
-3,-95,0
7,-66,0
4,-70,0
-15,-94,0
5,-89,0
17,-84,0
13,-96,0
-10,-90,0
9,-112,0
17,-103,0
0,-69,0
18,-78,0
-3,-111,0
15,-72,0
5,-103,0
-8,-80,0
19,-104,0
21,-82,0
-4,-85,0
-23,-96,0
16,-89,0
-1,-91,0
-13,-96,0
-13,-87,0
-15,-109,0
12,-77,0
22,-80,0
-20,-80,0
-13,-69,0
14,-104,0
-4,-100,0
9,-86,0
-3,-74,0
-14,-104,0
-23,-87,0
-2,-90,0
-11,-68,0
21,-101,0
-19,-90,0
4,-83,0
13,-110,0
-5,-73,0
12,-92,0
-9,-113,0
0,-88,0
-7,-102,0
16,-71,0
20,-94,0
13,-107,0
-9,-107,0
4,-100,0
-5,-80,0
-17,-87,0
2,-81,0
8,-113,0
13,-97,0
12,-79,0
15,-82,0
-1,-83,0
18,-84,0
4,-76,0
5,-71,0
0,-70,0
-22,-91,0
-17,-83,0
-13,-84,0
0,-100,0
4,-66,0
10,-75,0
-11,-99,0
0,-65,0
10,-87,0
13,-70,0
17,-99,0
-10,-89,0
-4,-99,0
-23,-99,0
-2,-75,0
2,-93,0
10,-84,0
-2,-103,0
-5,-93,0
-16,-88,0
-23,-88,0
-19,-92,0
-7,-81,0
-8,-102,0
0,-66,0
-11,-102,0
9,-80,0
-11,-77,0
0,-78,0
15,-87,0
10,-108,0
2,-75,0
-5,-111,0
9,-74,0
-17,-84,0
-17,-87,0
-16,-75,0
-1,-102,0
22,-80,0
-12,-94,0
4,-70,0
15,-100,0
-3,-109,0
-5,-82,0
-11,-75,0
-17,-76,0
-4,-74,0
14,-74,0
5,-75,0
-21,-80,0
6,-92,0
4,-87,0
-3,-97,0
13,-106,0
-19,-75,0
-24,-87,0
-14,-70,0
-19,-90,0
-3,-83,0
5,-113,0
-12,-89,0
-5,-100,0
13,-99,0
1,-109,0
5,-73,0
-20,-81,0
4,-73,0
9,-86,0
-5,-77,0
-10,-80,0
7,-70,0
3,-74,0
10,-90,0
-17,-92,0
24,-90,0
-1,-69,0
-16,-80,0
-11,-81,0
-12,-107,0
15,-98,0
7,-104,0
-17,-99,0
-14,-79,0
-24,-86,0
-17,-97,0
-18,-85,0
-5,-81,0
4,-107,0
2,-91,0
0,-94,0
4,-66,0
-22,-90,0
18,-87,0
3,-108,0
24,-96,0
17,-77,0
3,-85,0
6,-109,0
10,-76,0
15,-104,0
-8,-96,0
-6,-83,0
-24,-93,0
3,-84,0
-19,-77,0
9,-88,0
13,-73,0
-20,-103,0
1,-109,0
0,-106,0
-9,-95,0
-18,-73,0
-13,-82,0
22,-83,0
-9,-88,0
-7,-109,0
20,-92,0
-4,-86,0
-12,-92,0
10,-93,0
15,-84,0
10,-95,0
-17,-92,0
-13,-70,0
0,-72,0
-12,-89,0
13,-75,0
0,-96,0
11,-84,0
6,-71,0
12,-108,0
5,-92,0
-4,-73,0
-15,-101,0
20,-84,0
0,-91,0
19,-76,0
-21,-99,0
-18,-79,0
5,-94,0
14,-98,0
4,-95,0
16,-96,0
-8,-68,0
12,-86,0
11,-77,0
-2,-68,0
14,-102,0
14,-83,0
-3,-100,0
-7,-74,0
-14,-76,0
17,-105,0
9,-108,0
11,-82,0
-23,-94,0
0,-102,0
10,-97,0
3,-83,0
4,-88,0
8,-105,0
-11,-89,0
-20,-91,0
13,-77,0
-8,-101,0
-7,-109,0
-6,-98,0
-22,-91,0
-1,-82,0
-18,-104,0
17,-77,0
0,-105,0
-12,-100,0
-5,-94,0
-5,-87,0
-8,-93,0
-20,-82,0
17,-80,0
-4,-111,0
10,-83,0
-21,-101,0
21,-99,0
20,-101,0
3,-66,0
-1,-106,0
17,-97,0
19,-105,0
5,-101,0
14,-107,0
-17,-76,0
-15,-80,0
-15,-109,0
-22,-80,0
5,-113,0
17,-92,0
4,-73,0
15,-92,0
-20,-104,0
-25,-90,0
13,-99,0
14,-95,0
-15,-101,0
21,-99,0
-20,-99,0
14,-110,0
8,-75,0
-3,-102,0
-1,-98,0
3,-100,0
12,-79,0
-11,-102,0
5,-85,0
-21,-82,0
0,-100,0
-20,-100,0
17,-90,0
24,-85,0
0,-82,0
-2,-78,0
-14,-89,0
2,-87,0
-20,-82,0
-14,-104,0
-1,-108,0
-7,-111,0
12,-101,0
-18,-76,0
-12,-99,0
-11,-94,0
6,-75,0
2,-108,0
16,-73,0
-1,-102,0
16,-75,0
-12,-70,0
8,-97,0
13,-82,0
-9,-88,0
-22,-89,0
-12,-75,0
-19,-94,0
-10,-79,0
1,-73,0
0,-99,0
14,-101,0
20,-99,0
-12,-84,0
-6,-78,0
-18,-89,0
15,-76,0
-19,-88,0
-2,-68,0
4,-97,0
7,-82,0
74,26,1
71,21,1
64,34,1
66,60,1
58,60,1
93,30,1
58,56,1
91,25,1
70,63,1
86,49,1
62,60,1
86,44,1
92,57,1
84,69,1
83,42,1
90,44,1
79,22,1
85,51,1
65,50,1
64,49,1
80,41,1
85,44,1
67,48,1
65,40,1
92,58,1
62,59,1
61,37,1
95,48,1
57,47,1
58,40,1
80,55,1
68,47,1
77,30,1
72,69,1
60,43,1
101,37,1
92,40,1
70,64,1
92,64,1
102,49,1
93,38,1
72,31,1
60,54,1
97,57,1
88,46,1
100,42,1
65,62,1
84,66,1
79,31,1
61,58,1
90,48,1
98,58,1
65,58,1
69,40,1
73,53,1
59,49,1
72,46,1
86,67,1
87,26,1
64,36,1
95,43,1
94,63,1
71,38,1
95,30,1
67,58,1
66,38,1
83,35,1
78,28,1
82,53,1
75,43,1
71,46,1
85,48,1
96,50,1
100,56,1
56,49,1
53,45,1
83,49,1
72,60,1
86,36,1
69,25,1
55,48,1
93,63,1
60,30,1
87,31,1
60,42,1
68,41,1
85,30,1
81,30,1
84,39,1
70,53,1
88,48,1
91,26,1
69,49,1
81,51,1
102,40,1
59,46,1
69,32,1
97,53,1
101,53,1
87,58,1
92,35,1
75,28,1
95,28,1
86,50,1
67,54,1
66,51,1
95,53,1
97,58,1
82,23,1
97,37,1
100,38,1
86,41,1
96,35,1
98,53,1
101,52,1
69,61,1
66,51,1
82,40,1
92,63,1
80,43,1
54,50,1
100,46,1
89,23,1
88,32,1
81,50,1
68,28,1
75,38,1
74,53,1
57,45,1
54,49,1
66,29,1
70,27,1
88,65,1
55,38,1
75,46,1
95,36,1
90,50,1
88,47,1
83,52,1
56,49,1
94,50,1
78,65,1
71,53,1
68,50,1
58,56,1
59,48,1
97,56,1
80,28,1
84,63,1
58,49,1
77,39,1
80,24,1
66,44,1
90,26,1
76,21,1
86,55,1
63,58,1
56,41,1
64,37,1
75,45,1
79,52,1
78,62,1
69,64,1
101,41,1
75,52,1
78,36,1
68,54,1
70,43,1
63,63,1
95,40,1
72,34,1
69,25,1
94,27,1
80,24,1
79,40,1
81,53,1
90,49,1
95,30,1
79,66,1
75,58,1
67,46,1
98,41,1
86,38,1
98,57,1
81,23,1
92,44,1
82,57,1
99,55,1
82,37,1
88,56,1
85,62,1
89,66,1
59,46,1
77,51,1
67,41,1
73,53,1
79,57,1
89,39,1
84,66,1
55,48,1
84,36,1
85,30,1
93,33,1
86,40,1
98,53,1
88,58,1
94,51,1
92,64,1
93,42,1
68,31,1
94,33,1
71,69,1
72,32,1
98,56,1
74,63,1
60,50,1
102,42,1
75,64,1
81,64,1
73,24,1
94,28,1
79,26,1
62,55,1
92,60,1
80,44,1
87,54,1
55,52,1
72,43,1
68,53,1
56,46,1
98,57,1
61,45,1
68,43,1
85,62,1
68,60,1
62,57,1
70,63,1
96,33,1
62,61,1
91,31,1
86,59,1
72,26,1
84,21,1
69,48,1
79,41,1
71,30,1
79,39,1
70,37,1
71,36,1
70,34,1
99,34,1
83,41,1
89,43,1
66,36,1
75,31,1
64,58,1
86,31,1
73,58,1
85,32,1
78,46,1
66,63,1
83,40,1
87,55,1
92,45,1
82,52,1
66,62,1
71,54,1
82,54,1
68,29,1
82,51,1
74,69,1
93,43,1
97,47,1
85,63,1
61,56,1
95,55,1
87,56,1
77,37,1
79,54,1
65,28,1
71,63,1
85,48,1
60,45,1
89,50,1
85,45,1
66,28,1
98,53,1
83,21,1
61,57,1
98,37,1
98,56,1
85,59,1
82,59,1
100,34,1
59,50,1
85,61,1
58,41,1
78,40,1
64,46,1
79,63,1
69,37,1
76,34,1
66,37,1
58,41,1
85,58,1
74,55,1
93,52,1
72,34,1
68,40,1
86,53,1
66,58,1
76,61,1
79,61,1
59,60,1
70,57,1
65,66,1
87,51,1
81,47,1
76,36,1
93,40,1
58,55,1
88,36,1
94,50,1
90,28,1
75,47,1
78,51,1
70,49,1
91,55,1
76,44,1
77,52,1
71,43,1
71,32,1
80,28,1
-64,54,1
-72,59,1
-58,30,1
-88,54,1
-74,26,1
-84,58,1
-83,33,1
-86,40,1
-82,67,1
-83,44,1
-70,38,1
-101,48,1
-91,39,1
-77,46,1
-82,57,1
-80,23,1
-74,26,1
-82,40,1
-80,31,1
-75,24,1
-83,54,1
-89,66,1
-64,60,1
-92,30,1
-87,57,1
-63,55,1
-67,61,1
-97,31,1
-84,23,1
-71,38,1
-94,59,1
-99,40,1
-61,31,1
-89,42,1
-94,37,1
-82,61,1
-96,60,1
-69,30,1
-85,39,1
-67,49,1
-92,48,1
-68,46,1
-79,21,1
-93,63,1
-85,47,1
-68,50,1
-89,54,1
-80,35,1
-80,45,1
-75,36,1
-62,61,1
-64,34,1
-62,59,1
-67,33,1
-77,67,1
-56,39,1
-60,48,1
-96,60,1
-61,57,1
-83,24,1
-64,57,1
-74,66,1
-82,25,1
-101,44,1
-65,50,1
-102,46,1
-78,22,1
-87,61,1
-74,44,1
-91,46,1
-84,36,1
-90,62,1
-74,39,1
-85,41,1
-88,23,1
-67,67,1
-73,24,1
-80,52,1
-91,35,1
-69,62,1
-61,51,1
-80,22,1
-88,56,1
-61,56,1
-102,42,1
-87,67,1
-79,21,1
-80,50,1
-57,56,1
-71,33,1
-57,35,1
-57,37,1
-65,33,1
-94,28,1
-66,66,1
-73,47,1
-62,55,1
-78,26,1
-84,52,1
-73,27,1
-90,65,1
-93,57,1
-93,46,1
-63,25,1
-76,29,1
-74,30,1
-70,63,1
-90,50,1
-91,56,1
-99,39,1
-81,36,1
-55,45,1
-86,39,1
-65,51,1
-70,59,1
-82,48,1
-86,29,1
-81,25,1
-87,35,1
-73,45,1
-68,31,1
-63,56,1
-97,53,1
-68,39,1
-88,50,1
-81,61,1
-86,47,1
-76,57,1
-72,50,1
-91,53,1
-78,47,1
-86,53,1
-65,60,1
-74,55,1
-99,57,1
-73,50,1
-81,23,1
-78,66,1
-79,30,1
-87,33,1
-93,50,1
-83,29,1
-64,47,1
-93,26,1
-85,44,1
-85,39,1
-91,51,1
-58,48,1
-76,62,1
-68,32,1
-74,65,1
-67,39,1
-61,60,1
-83,59,1
-66,53,1
-91,56,1
-77,40,1
-59,37,1
-63,26,1
-66,45,1
-74,58,1
-87,28,1
-87,62,1
-91,31,1
-60,60,1
-72,42,1
-73,42,1
-91,52,1
-93,29,1
-62,36,1
-61,56,1
-75,40,1
-91,28,1
-80,51,1
-74,49,1
-93,63,1
-79,23,1
-68,38,1
-89,37,1
-75,21,1
-82,59,1
-66,47,1
-85,22,1
-66,54,1
-70,63,1
-79,41,1
-90,64,1
-89,64,1
-75,39,1
-97,58,1
-76,23,1
-72,44,1
-69,68,1
-92,63,1
-76,54,1
-95,51,1
-90,48,1
-82,60,1
-93,46,1
-90,38,1
-67,66,1
-79,44,1
-84,47,1
-59,32,1
-70,56,1
-72,59,1
-72,35,1
-78,42,1
-89,46,1
-85,50,1
-97,61,1
-97,59,1
-88,24,1
-96,48,1
-75,65,1
-85,62,1
-85,40,1
-73,37,1
-81,21,1
-82,37,1
-77,58,1
-102,44,1
-95,41,1
-54,47,1
-81,42,1
-71,68,1
-57,33,1
-84,22,1
-73,46,1
-80,62,1
-65,36,1
-90,44,1
-74,32,1
-91,27,1
-80,35,1
-81,47,1
-65,29,1
-67,65,1
-73,53,1
-57,40,1
-65,31,1
-69,33,1
-57,55,1
-88,24,1
-66,63,1
-83,27,1
-60,62,1
-81,66,1
-79,27,1
-69,35,1
-68,36,1
-90,38,1
-91,26,1
-97,51,1
-87,34,1
-99,40,1
-68,66,1
-57,51,1
-59,59,1
-78,63,1
-72,33,1
-83,22,1
-99,40,1
-58,31,1
-72,23,1
-100,54,1
-72,27,1
-78,66,1
-78,48,1
-96,38,1
-75,53,1
-60,33,1
-80,63,1
-63,35,1
-82,41,1
-93,29,1
-74,22,1
-58,46,1
-64,49,1
-101,37,1
-68,54,1
-61,30,1
-82,38,1
-81,40,1
-56,48,1
-71,52,1
-57,38,1
-83,39,1
-87,44,1
-61,55,1
-57,55,1
-83,49,1
-76,64,1
-86,27,1
-75,34,1
-73,48,1
-90,34,1
-102,49,1
-90,43,1
-59,48,1
-76,54,1
-64,39,1
-64,51,1
-69,67,1
-68,44,1
-84,44,1
-70,28,1
-84,55,1
-55,52,1
-70,24,1
-79,21,1
-62,59,1
-83,66,1
-81,55,1
-96,35,1
-64,31,1
-86,30,1
-82,66,1
-67,27,1
-91,65,1
-94,41,1
-63,64,1
-77,27,1
-90,46,1
-84,33,1
-81,36,1
-92,30,1
-63,39,1
-73,58,1
-90,28,1
-74,43,1
-62,27,1
-66,46,1
