-21,-48,0
-2,-39,0
12,-45,0
11,-26,0
7,-17,0
15,-46,0
-8,-53,0
15,-40,0
-10,-34,0
-11,-52,0
4,-50,0
17,-55,0
-7,-26,0
8,-42,0
-21,-33,0
-17,-37,0
12,-54,0
24,-35,0
6,-24,0
-1,-19,0
-16,-33,0
11,-29,0
-5,-21,0
3,-41,0
-1,-43,0
-1,-53,0
-22,-43,0
-8,-55,0
0,-41,0
-13,-42,0
-9,-29,0
-22,-29,0
0,-60,0
-8,-32,0
14,-45,0
4,-48,0
17,-56,0
-10,-49,0
-6,-45,0
-21,-36,0
-8,-30,0
-5,-56,0
-5,-30,0
-16,-47,0
-14,-28,0
-18,-29,0
18,-27,0
-18,-36,0
-1,-55,0
-5,-28,0
-14,-32,0
19,-48,0
10,-32,0
-6,-37,0
2,-58,0
-3,-23,0
18,-33,0
-11,-43,0
1,-25,0
-11,-31,0
-1,-54,0
13,-29,0
-8,-31,0
-16,-35,0
18,-37,0
17,-58,0
5,-47,0
13,-40,0
-17,-43,0
6,-21,0
-5,-45,0
-17,-58,0
2,-32,0
14,-39,0
-4,-48,0
4,-16,0
-4,-23,0
3,-31,0
18,-44,0
-8,-30,0
21,-32,0
3,-17,0
20,-42,0
-2,-63,0
9,-27,0
3,-37,0
-12,-58,0
14,-39,0
-15,-38,0
14,-30,0
-5,-58,0
-10,-42,0
-15,-36,0
16,-50,0
9,-21,0
-11,-35,0
-15,-56,0
-4,-25,0
3,-41,0
19,-31,0
7,-18,0
9,-31,0
-8,-58,0
7,-53,0
14,-57,0
20,-27,0
4,-51,0
-2,-58,0
-10,-25,0
-11,-39,0
-13,-28,0
10,-36,0
-8,-49,0
17,-27,0
6,-48,0
10,-39,0
-5,-64,0
19,-31,0
-22,-35,0
24,-33,0
19,-31,0
2,-31,0
5,-40,0
4,-33,0
-18,-57,0
-3,-55,0
-15,-22,0
-13,-34,0
4,-45,0
9,-27,0
8,-18,0
11,-24,0
-6,-51,0
-15,-54,0
-15,-21,0
-14,-31,0
15,-23,0
-7,-37,0
6,-63,0
15,-27,0
2,-31,0
-6,-45,0
4,-62,0
4,-47,0
-8,-58,0
1,-33,0
13,-42,0
9,-62,0
11,-31,0
13,-32,0
-11,-42,0
5,-54,0
-3,-40,0
-20,-32,0
-9,-58,0
7,-28,0
-14,-43,0
8,-32,0
14,-46,0
-6,-16,0
-16,-43,0
-14,-31,0
21,-40,0
-14,-46,0
5,-21,0
-12,-24,0
0,-55,0
15,-49,0
5,-41,0
4,-40,0
-3,-61,0
-8,-25,0
22,-31,0
1,-27,0
-16,-45,0
20,-53,0
20,-49,0
0,-23,0
6,-33,0
-12,-32,0
-22,-35,0
-11,-56,0
-12,-21,0
-6,-51,0
5,-17,0
14,-34,0
-4,-47,0
19,-37,0
-3,-57,0
20,-26,0
-21,-39,0
22,-34,0
1,-58,0
-16,-38,0
12,-38,0
-19,-47,0
-20,-41,0
-2,-34,0
19,-39,0
9,-48,0
6,-59,0
20,-30,0
-2,-45,0
-3,-31,0
8,-38,0
8,-49,0
3,-17,0
0,-49,0
15,-28,0
0,-65,0
-7,-36,0
2,-63,0
-3,-36,0
1,-44,0
-12,-24,0
-8,-19,0
-5,-28,0
-13,-53,0
20,-54,0
-14,-20,0
-3,-48,0
-7,-24,0
5,-32,0
20,-46,0
12,-33,0
-22,-31,0
3,-62,0
-14,-25,0
0,-29,0
-1,-40,0
1,-39,0
0,-28,0
20,-26,0
-6,-44,0
-9,-52,0
-10,-40,0
-6,-36,0
-11,-43,0
10,-62,0
-13,-46,0
-3,-24,0
4,-35,0
22,-48,0
-17,-52,0
-9,-56,0
10,-31,0
21,-43,0
-12,-30,0
-15,-35,0
6,-48,0
21,-31,0
10,-60,0
5,-59,0
-19,-55,0
7,-28,0
-17,-22,0
22,-36,0
-12,-23,0
-13,-59,0
22,-42,0
12,-33,0
-17,-56,0
6,-28,0
4,-34,0
14,-34,0
2,-18,0
-16,-55,0
-3,-23,0
2,-53,0
21,-35,0
11,-26,0
23,-34,0
4,-40,0
-17,-45,0
7,-61,0
20,-29,0
-6,-41,0
-5,-59,0
2,-39,0
-2,-40,0
-3,-37,0
24,-35,0
2,-55,0
13,-19,0
3,-26,0
5,-28,0
-23,-47,0
6,-19,0
2,-38,0
11,-21,0
3,-63,0
5,-51,0
24,-42,0
18,-54,0
11,-27,0
-9,-52,0
18,-23,0
12,-32,0
3,-62,0
5,-41,0
-12,-54,0
9,-36,0
1,-59,0
18,-48,0
-6,-17,0
4,-49,0
-5,-43,0
-15,-23,0
-5,-16,0
15,-22,0
9,-33,0
7,-54,0
2,-24,0
4,-64,0
20,-32,0
3,-33,0
6,-54,0
-4,-27,0
6,-33,0
-18,-51,0
-2,-24,0
-7,-43,0
-15,-32,0
-9,-61,0
-8,-53,0
-22,-51,0
23,-43,0
-12,-49,0
-20,-53,0
4,-41,0
-23,-45,0
-3,-60,0
-12,-42,0
35,41,1
41,-2,1
48,0,1
45,40,1
28,-2,1
48,21,1
18,31,1
33,23,1
37,24,1
56,9,1
39,17,1
38,11,1
17,18,1
38,20,1
45,33,1
37,20,1
40,14,1
18,38,1
47,36,1
59,21,1
26,42,1
13,31,1
38,38,1
39,41,1
52,20,1
43,14,1
42,15,1
33,12,1
45,22,1
37,27,1
23,28,1
34,32,1
40,10,1
24,25,1
39,43,1
27,11,1
39,30,1
46,8,1
35,-2,1
28,1,1
35,35,1
53,27,1
27,28,1
31,10,1
28,7,1
30,35,1
17,31,1
13,26,1
43,10,1
38,28,1
52,32,1
45,24,1
31,28,1
51,22,1
44,35,1
17,35,1
56,25,1
32,14,1
35,29,1
46,41,1
25,13,1
32,32,1
18,33,1
37,19,1
38,19,1
34,22,1
57,13,1
23,38,1
28,26,1
40,36,1
32,10,1
43,9,1
56,17,1
50,8,1
41,13,1
21,12,1
53,23,1
20,15,1
39,14,1
33,-1,1
54,18,1
17,26,1
32,29,1
34,38,1
38,20,1
53,13,1
40,9,1
43,6,1
33,3,1
14,20,1
50,1,1
33,11,1
53,14,1
40,13,1
57,11,1
19,15,1
11,14,1
48,11,1
36,33,1
51,5,1
32,8,1
50,4,1
17,8,1
40,24,1
21,40,1
28,5,1
24,4,1
33,26,1
57,28,1
33,37,1
14,11,1
46,15,1
21,30,1
13,11,1
45,3,1
41,29,1
24,23,1
39,5,1
40,7,1
28,35,1
29,14,1
29,9,1
40,34,1
35,7,1
41,36,1
46,8,1
48,29,1
35,11,1
42,-1,1
39,36,1
38,36,1
47,13,1
49,25,1
35,36,1
55,30,1
43,30,1
45,8,1
13,24,1
17,6,1
39,40,1
14,34,1
40,2,1
50,23,1
35,6,1
25,24,1
41,14,1
25,21,1
37,14,1
26,1,1
40,34,1
46,27,1
12,20,1
34,20,1
10,19,1
18,31,1
23,24,1
35,4,1
51,26,1
49,39,1
19,27,1
47,28,1
44,43,1
18,36,1
40,6,1
19,18,1
47,0,1
46,34,1
33,7,1
21,12,1
23,18,1
50,17,1
44,32,1
23,35,1
55,17,1
29,23,1
45,12,1
47,24,1
41,16,1
50,13,1
48,1,1
50,22,1
35,36,1
40,14,1
31,44,1
29,32,1
56,17,1
52,17,1
23,10,1
16,13,1
35,13,1
52,13,1
34,-1,1
23,33,1
45,9,1
28,36,1
55,19,1
43,26,1
29,3,1
36,19,1
14,31,1
54,10,1
23,0,1
22,37,1
36,13,1
54,30,1
38,-1,1
34,21,1
40,2,1
32,8,1
23,12,1
48,35,1
32,28,1
24,13,1
28,22,1
35,18,1
43,29,1
29,13,1
52,32,1
12,10,1
21,26,1
44,21,1
30,18,1
18,5,1
57,25,1
33,0,1
23,19,1
42,-3,1
10,18,1
51,8,1
31,6,1
36,0,1
19,16,1
44,18,1
28,33,1
47,14,1
32,36,1
25,11,1
14,10,1
45,-2,1
13,13,1
46,4,1
37,36,1
33,23,1
49,24,1
50,32,1
53,10,1
34,27,1
16,31,1
27,32,1
58,20,1
17,22,1
40,30,1
36,30,1
14,24,1
30,28,1
30,5,1
41,0,1
28,28,1
25,4,1
45,11,1
32,13,1
21,8,1
28,9,1
19,11,1
46,26,1
40,36,1
32,38,1
40,24,1
57,25,1
13,27,1
43,34,1
29,26,1
15,28,1
36,44,1
47,8,1
18,37,1
29,5,1
42,42,1
45,18,1
41,25,1
20,1,1
30,8,1
24,1,1
20,5,1
30,0,1
15,21,1
17,26,1
31,20,1
55,19,1
49,37,1
22,5,1
14,20,1
22,35,1
28,-4,1
11,22,1
35,25,1
32,30,1
54,10,1
43,-3,1
18,26,1
23,25,1
24,14,1
34,33,1
47,28,1
47,40,1
22,17,1
25,43,1
38,-4,1
46,6,1
14,25,1
21,8,1
32,34,1
40,-1,1
38,-4,1
54,25,1
30,7,1
45,27,1
40,-2,1
30,15,1
27,33,1
16,32,1
49,7,1
34,-2,1
32,28,1
17,28,1
45,20,1
22,31,1
55,19,1
14,11,1
23,0,1
18,13,1
24,38,1
37,-1,1
-10,20,1
-56,11,1
-28,-1,1
-29,37,1
-53,14,1
-28,7,1
-49,2,1
-37,34,1
-27,36,1
-18,13,1
-50,9,1
-26,37,1
-53,36,1
-21,11,1
-42,25,1
-28,10,1
-19,9,1
-41,3,1
-45,18,1
-19,27,1
-21,15,1
-52,36,1
-38,43,1
-35,21,1
-18,24,1
-12,23,1
-19,22,1
-39,-4,1
-36,22,1
-51,31,1
-38,16,1
-37,-4,1
-44,28,1
-47,16,1
-50,17,1
-37,-1,1
-22,27,1
-30,29,1
-47,17,1
-23,23,1
-45,-2,1
-48,29,1
-22,26,1
-39,33,1
-42,-3,1
-23,39,1
-57,25,1
-51,38,1
-20,26,1
-18,36,1
-23,30,1
-40,5,1
-14,9,1
-41,4,1
-48,41,1
-54,16,1
-32,43,1
-52,9,1
-46,31,1
-48,2,1
-51,30,1
-34,6,1
-23,26,1
-31,37,1
-24,27,1
-30,33,1
-12,16,1
-36,34,1
-48,32,1
-36,17,1
-47,35,1
-28,12,1
-22,37,1
-35,17,1
-38,41,1
-33,6,1
-48,22,1
-42,13,1
-28,28,1
-50,18,1
-31,35,1
-40,9,1
-23,5,1
-26,43,1
-32,24,1
-29,25,1
-39,31,1
-25,24,1
-33,23,1
-37,28,1
-32,18,1
-17,13,1
-48,10,1
-30,13,1
-59,15,1
-30,-3,1
-49,5,1
-32,34,1
-24,13,1
-43,40,1
-16,9,1
-39,7,1
-38,21,1
-28,14,1
-26,42,1
-26,17,1
-49,27,1
-31,-2,1
-47,37,1
-52,7,1
-17,26,1
-42,41,1
-47,33,1
-51,5,1
-13,20,1
-43,37,1
-53,5,1
-44,5,1
-50,37,1
-37,16,1
-18,21,1
-50,39,1
-46,37,1
-45,36,1
-46,25,1
-27,22,1
-57,31,1
-18,22,1
-34,2,1
-52,13,1
-22,11,1
-43,28,1
-56,17,1
-45,9,1
-44,24,1
-31,8,1
-17,36,1
-35,25,1
-39,15,1
-47,32,1
-39,17,1
-53,12,1
-28,30,1
-24,17,1
-45,21,1
-38,11,1
-45,11,1
-18,12,1
-42,-3,1
-41,21,1
-51,22,1
-54,7,1
-55,14,1
-37,39,1
-29,19,1
-49,14,1
-28,17,1
-44,1,1
-32,15,1
-25,11,1
-31,20,1
-46,1,1
-27,22,1
-40,9,1
-42,35,1
-33,13,1
-46,18,1
-36,22,1
-36,24,1
-27,11,1
-28,31,1
-33,12,1
-50,18,1
-12,13,1
-14,33,1
-20,33,1
-58,25,1
-43,19,1
-46,-1,1
-38,10,1
-37,22,1
-25,40,1
-19,4,1
-39,28,1
-13,17,1
-49,27,1
-31,21,1
-22,16,1
-31,33,1
-34,19,1
-21,31,1
-21,18,1
-38,24,1
-12,13,1
-48,16,1
-36,7,1
-16,17,1
-16,19,1
-50,22,1
-53,17,1
-34,39,1
-45,37,1
-51,37,1
-11,26,1
-15,12,1
-29,-1,1
-50,17,1
-48,11,1
-31,34,1
-55,23,1
-50,33,1
-29,11,1
-42,26,1
-45,42,1
-18,6,1
-46,26,1
-57,23,1
-18,14,1
-40,42,1
-58,26,1
-38,41,1
-36,6,1
-45,6,1
-18,10,1
-39,4,1
-47,29,1
-40,-4,1
-16,10,1
-14,7,1
-55,20,1
-43,15,1
-21,19,1
-34,27,1
-36,6,1
-15,31,1
-19,10,1
-30,17,1
-52,20,1
-30,39,1
-28,41,1
-49,34,1
-18,23,1
-30,10,1
-44,35,1
-25,6,1
-25,34,1
-37,4,1
-31,25,1
-55,10,1
-32,7,1
-14,18,1
-16,7,1
-45,7,1
-41,9,1
-38,35,1
-16,19,1
-36,32,1
-38,23,1
-15,26,1
-43,25,1
-22,17,1
-20,39,1
-17,4,1
-37,8,1
-26,2,1
-45,8,1
-45,-2,1
-34,44,1
-25,-1,1
-16,5,1
-15,27,1
-51,34,1
-54,11,1
-41,28,1
-36,-1,1
-39,44,1
-41,30,1
-33,26,1
-59,24,1
-34,9,1
-40,39,1
-43,-3,1
-54,7,1
-11,23,1
-20,22,1
-58,19,1
-33,41,1
-45,26,1
-40,8,1
-27,20,1
-14,19,1
-38,-1,1
-30,18,1
-53,26,1
-56,29,1
-14,11,1
-45,9,1
-24,10,1
-43,8,1
-43,2,1
-19,7,1
-55,17,1
-17,34,1
-36,-1,1
-45,36,1
-12,29,1
-31,33,1
-19,21,1
-14,33,1
-44,17,1
-18,11,1
-16,10,1
-35,17,1
-51,9,1
-35,37,1
-38,13,1
-26,38,1
-38,17,1
-42,4,1
-56,26,1
-17,29,1
-20,20,1
-49,4,1
-32,41,1
-21,15,1
-15,19,1
-39,9,1
-13,28,1
-41,29,1
-39,19,1
-57,30,1
-45,36,1
-47,5,1
