-16,-20,0
-1,-54,0
-8,-47,0
13,-12,0
24,-25,0
-14,-32,0
14,-45,0
12,-11,0
-7,-33,0
-9,-9,0
-2,-21,0
24,-33,0
10,-25,0
-5,-31,0
-10,-42,0
-10,-10,0
4,-52,0
-10,-17,0
-21,-27,0
16,-20,0
13,-24,0
9,-35,0
12,-42,0
2,-32,0
-8,-31,0
-3,-36,0
12,-40,0
-4,-40,0
5,-38,0
-14,-44,0
11,-48,0
8,-35,0
5,-33,0
10,-43,0
13,-51,0
-24,-27,0
18,-17,0
20,-43,0
10,-20,0
2,-46,0
22,-31,0
-16,-31,0
20,-27,0
-16,-25,0
4,-39,0
-23,-22,0
13,-28,0
10,-48,0
-2,-14,0
21,-17,0
7,-13,0
-11,-48,0
8,-33,0
-14,-26,0
-10,-35,0
-6,-49,0
-20,-35,0
-9,-39,0
-14,-50,0
-11,-19,0
-21,-35,0
-5,-11,0
11,-18,0
-1,-34,0
14,-16,0
-14,-28,0
2,-46,0
-24,-30,0
4,-53,0
13,-41,0
17,-44,0
-13,-30,0
7,-28,0
24,-30,0
-11,-39,0
-16,-35,0
10,-22,0
4,-25,0
6,-28,0
14,-49,0
1,-21,0
-14,-39,0
14,-22,0
5,-28,0
-20,-16,0
1,-9,0
-15,-17,0
1,-12,0
-17,-21,0
-7,-26,0
19,-17,0
6,-54,0
13,-51,0
-4,-15,0
3,-34,0
4,-31,0
22,-37,0
8,-7,0
1,-49,0
-11,-30,0
15,-32,0
-6,-17,0
6,-51,0
-7,-7,0
9,-25,0
4,-50,0
-17,-30,0
-10,-50,0
-18,-43,0
13,-51,0
22,-38,0
0,-17,0
-14,-37,0
9,-20,0
11,-12,0
-16,-34,0
-10,-47,0
-6,-39,0
17,-41,0
18,-14,0
-3,-40,0
-12,-26,0
1,-18,0
-10,-45,0
-17,-14,0
-8,-10,0
1,-54,0
16,-28,0
-7,-32,0
12,-31,0
-9,-9,0
17,-46,0
-6,-49,0
-1,-13,0
7,-27,0
-10,-23,0
-14,-14,0
7,-8,0
22,-35,0
-20,-42,0
13,-35,0
1,-8,0
11,-50,0
15,-27,0
-14,-20,0
-6,-14,0
12,-49,0
10,-32,0
14,-13,0
19,-21,0
-10,-22,0
-1,-27,0
2,-52,0
7,-32,0
16,-36,0
-14,-50,0
-22,-30,0
14,-21,0
-10,-37,0
11,-44,0
12,-49,0
2,-49,0
7,-47,0
1,-51,0
16,-39,0
-9,-17,0
4,-27,0
5,-9,0
-3,-18,0
8,-8,0
13,-34,0
5,-38,0
17,-17,0
-5,-42,0
2,-46,0
-2,-24,0
12,-20,0
7,-37,0
-5,-13,0
11,-9,0
-9,-38,0
17,-29,0
-9,-22,0
-15,-33,0
20,-27,0
5,-43,0
7,-49,0
0,-31,0
10,-21,0
-12,-46,0
-2,-23,0
4,-29,0
6,-19,0
-4,-23,0
-11,-45,0
21,-22,0
-1,-25,0
17,-37,0
-4,-21,0
24,-34,0
-19,-16,0
9,-36,0
-10,-49,0
11,-48,0
-6,-36,0
-2,-12,0
13,-47,0
-9,-20,0
0,-43,0
-6,-38,0
-21,-27,0
-17,-46,0
23,-37,0
18,-30,0
-6,-25,0
3,-48,0
-19,-43,0
-3,-47,0
14,-37,0
20,-35,0
-9,-11,0
-10,-10,0
-9,-50,0
-16,-46,0
-8,-42,0
9,-47,0
15,-44,0
0,-55,0
-13,-47,0
-11,-19,0
-9,-19,0
15,-26,0
5,-21,0
21,-31,0
7,-37,0
-10,-11,0
-11,-30,0
1,-9,0
10,-45,0
18,-36,0
-1,-35,0
6,-33,0
6,-53,0
-22,-37,0
6,-7,0
4,-7,0
7,-49,0
21,-22,0
-6,-36,0
-10,-9,0
10,-38,0
-9,-43,0
8,-16,0
17,-18,0
-6,-34,0
1,-26,0
4,-24,0
-3,-46,0
11,-17,0
11,-41,0
-5,-30,0
-11,-45,0
-5,-31,0
-8,-26,0
22,-41,0
9,-50,0
10,-28,0
-17,-26,0
22,-36,0
-1,-19,0
11,-29,0
7,-15,0
-1,-20,0
-14,-32,0
-5,-52,0
9,-25,0
-11,-12,0
-8,-36,0
19,-23,0
2,-26,0
-15,-41,0
-20,-32,0
7,-32,0
3,-43,0
-20,-33,0
-2,-8,0
-18,-47,0
1,-38,0
18,-42,0
9,-15,0
-18,-25,0
4,-47,0
7,-6,0
-10,-42,0
0,-21,0
-2,-12,0
-21,-22,0
-13,-42,0
-8,-48,0
7,-30,0
-4,-38,0
-24,-24,0
-18,-35,0
-15,-28,0
19,-14,0
5,-15,0
2,-43,0
-15,-45,0
14,-26,0
-7,-38,0
15,-27,0
19,-43,0
4,-42,0
1,-9,0
-6,-6,0
-18,-37,0
25,-30,0
-23,-34,0
19,-35,0
-10,-34,0
-10,-52,0
4,-29,0
9,-33,0
-22,-19,0
-20,-43,0
12,-33,0
-22,-34,0
14,-27,0
-2,-46,0
-21,-36,0
-8,-26,0
-8,-27,0
-9,-34,0
35,1,1
39,23,1
32,2,1
3,13,1
29,25,1
18,34,1
35,32,1
15,30,1
39,18,1
21,2,1
31,2,1
19,-5,1
34,0,1
35,11,1
17,-1,1
23,-2,1
6,0,1
40,29,1
26,39,1
47,5,1
6,13,1
43,2,1
37,9,1
19,11,1
7,13,1
10,12,1
16,26,1
20,9,1
21,0,1
42,34,1
33,34,1
45,16,1
26,28,1
42,15,1
49,20,1
8,0,1
7,4,1
9,32,1
47,25,1
19,34,1
16,12,1
34,28,1
34,23,1
42,3,1
20,20,1
9,33,1
21,8,1
31,-3,1
25,15,1
30,-7,1
6,5,1
36,36,1
14,31,1
15,19,1
16,5,1
16,27,1
7,9,1
25,-5,1
41,-2,1
29,12,1
16,10,1
38,6,1
24,33,1
24,-2,1
46,24,1
34,-2,1
15,35,1
40,29,1
17,37,1
32,-3,1
31,32,1
23,29,1
10,22,1
12,16,1
42,12,1
10,16,1
5,15,1
11,6,1
18,20,1
11,0,1
22,16,1
42,29,1
39,8,1
45,0,1
10,27,1
7,24,1
3,13,1
9,8,1
27,-7,1
37,26,1
35,0,1
49,16,1
26,16,1
38,1,1
49,12,1
32,39,1
32,36,1
17,-2,1
23,19,1
18,36,1
28,28,1
26,7,1
18,35,1
3,15,1
16,11,1
28,39,1
39,14,1
6,16,1
25,10,1
37,-5,1
21,10,1
14,19,1
12,20,1
14,21,1
18,3,1
18,14,1
42,30,1
30,2,1
46,26,1
46,4,1
16,23,1
25,20,1
50,15,1
40,0,1
25,25,1
42,6,1
50,10,1
16,-6,1
21,16,1
6,0,1
50,17,1
17,-7,1
13,8,1
48,10,1
27,36,1
34,33,1
39,31,1
37,21,1
38,4,1
12,-2,1
10,-2,1
26,9,1
35,5,1
18,8,1
29,20,1
14,0,1
30,24,1
25,20,1
18,10,1
22,1,1
47,10,1
16,18,1
20,34,1
45,13,1
28,9,1
42,34,1
25,20,1
27,8,1
7,30,1
40,28,1
22,37,1
32,28,1
17,17,1
6,23,1
49,19,1
28,7,1
28,-9,1
6,7,1
8,27,1
31,11,1
25,13,1
46,12,1
20,33,1
20,8,1
33,14,1
29,14,1
23,17,1
2,12,1
43,10,1
35,34,1
4,26,1
37,36,1
9,19,1
47,16,1
45,8,1
40,-2,1
9,26,1
44,10,1
12,-3,1
21,14,1
4,13,1
34,23,1
43,24,1
30,-1,1
21,-6,1
31,10,1
25,19,1
2,12,1
19,4,1
23,17,1
6,26,1
18,19,1
42,34,1
46,25,1
13,6,1
21,-9,1
38,20,1
29,22,1
42,15,1
18,27,1
29,-7,1
31,16,1
46,21,1
44,11,1
32,-5,1
34,7,1
39,36,1
29,-7,1
15,26,1
26,14,1
9,21,1
8,13,1
32,7,1
27,29,1
30,29,1
46,21,1
27,4,1
9,23,1
24,28,1
31,13,1
5,26,1
33,2,1
11,4,1
22,25,1
24,12,1
23,-1,1
37,15,1
18,20,1
32,-2,1
15,16,1
37,0,1
32,22,1
13,4,1
6,21,1
47,14,1
21,28,1
14,-5,1
41,15,1
28,37,1
33,22,1
25,22,1
23,37,1
20,4,1
18,24,1
44,6,1
12,13,1
12,19,1
17,34,1
45,21,1
48,16,1
25,-8,1
23,35,1
6,11,1
12,2,1
42,12,1
7,1,1
24,38,1
28,39,1
41,20,1
20,0,1
39,-2,1
40,4,1
13,12,1
26,39,1
10,26,1
5,12,1
23,1,1
20,29,1
34,-4,1
4,5,1
6,11,1
16,27,1
5,4,1
6,11,1
36,30,1
47,10,1
18,3,1
20,3,1
17,14,1
18,31,1
30,17,1
14,12,1
34,37,1
19,2,1
23,18,1
19,20,1
26,22,1
38,1,1
9,27,1
3,13,1
47,23,1
9,7,1
9,25,1
34,14,1
38,34,1
29,-8,1
34,13,1
16,15,1
46,27,1
31,31,1
32,-8,1
12,24,1
19,22,1
2,15,1
19,-8,1
7,28,1
12,3,1
29,15,1
45,21,1
46,19,1
42,12,1
37,25,1
21,17,1
16,19,1
31,22,1
23,15,1
40,-2,1
11,32,1
10,-4,1
27,39,1
19,-9,1
23,37,1
15,31,1
-29,6,1
-20,23,1
-28,6,1
-42,28,1
-34,19,1
-32,7,1
-22,37,1
-38,1,1
-5,3,1
-36,31,1
-7,26,1
-37,3,1
-17,10,1
-11,28,1
-12,28,1
-50,15,1
-47,9,1
-13,34,1
-13,3,1
-36,37,1
-41,14,1
-40,31,1
-13,0,1
-26,26,1
-37,9,1
-48,15,1
-3,23,1
-15,29,1
-35,29,1
-12,24,1
-32,6,1
-20,25,1
-25,13,1
-23,30,1
-27,18,1
-42,18,1
-31,18,1
-42,29,1
-28,21,1
-21,11,1
-42,19,1
-14,31,1
-33,23,1
-27,4,1
-46,12,1
-31,20,1
-46,20,1
-8,14,1
-31,17,1
-37,3,1
-20,35,1
-19,24,1
-35,15,1
-16,6,1
-34,7,1
-32,11,1
-39,-6,1
-12,22,1
-28,1,1
-27,30,1
-34,9,1
-40,23,1
-23,38,1
-32,-9,1
-33,27,1
-48,17,1
-29,18,1
-47,21,1
-35,0,1
-45,9,1
-20,10,1
-5,23,1
-12,17,1
-29,29,1
-32,7,1
-26,37,1
-33,16,1
-34,35,1
-30,23,1
-48,7,1
-26,30,1
-19,-4,1
-8,21,1
-41,8,1
-39,-5,1
-35,22,1
-26,20,1
-25,4,1
-40,6,1
-37,24,1
-23,12,1
-20,19,1
-25,39,1
-9,7,1
-17,23,1
-24,0,1
-28,24,1
-40,3,1
-10,-4,1
-18,30,1
-29,13,1
-31,1,1
-29,26,1
-44,13,1
-19,6,1
-29,11,1
-33,11,1
-18,37,1
-30,19,1
-14,33,1
-30,4,1
-21,2,1
-25,39,1
-40,14,1
-28,-3,1
-38,-4,1
-42,11,1
-34,36,1
-40,30,1
-21,20,1
-48,13,1
-40,4,1
-34,11,1
-45,21,1
-10,10,1
-45,14,1
-21,-4,1
-10,33,1
-22,-3,1
-48,18,1
-32,10,1
-38,25,1
-42,21,1
-29,-2,1
-14,-3,1
-19,29,1
-50,13,1
-35,-4,1
-16,12,1
-18,24,1
-9,31,1
-38,17,1
-13,9,1
-24,28,1
-11,10,1
-17,32,1
-28,-1,1
-16,12,1
-3,13,1
-20,31,1
-32,24,1
-35,20,1
-5,13,1
-36,-6,1
-15,34,1
-7,24,1
-6,6,1
-10,30,1
-5,10,1
-9,16,1
-20,-2,1
-24,21,1
-3,16,1
-17,16,1
-47,7,1
-12,34,1
-38,8,1
-26,15,1
-33,29,1
-43,3,1
-26,17,1
-10,20,1
-11,21,1
-12,4,1
-31,23,1
-30,35,1
-1,15,1
-40,21,1
-18,12,1
-18,-1,1
-17,28,1
-12,0,1
-15,0,1
-47,20,1
-48,8,1
-34,24,1
-16,11,1
-8,3,1
-36,16,1
-36,37,1
-40,24,1
-8,16,1
-34,22,1
-10,-1,1
-35,-5,1
-16,9,1
-21,38,1
-6,26,1
-30,-8,1
-14,30,1
-22,39,1
-5,13,1
-26,-6,1
-9,17,1
-7,3,1
-19,4,1
-13,-4,1
-7,23,1
-35,-2,1
-13,5,1
-20,31,1
-16,21,1
-15,-5,1
-24,2,1
-29,17,1
-24,11,1
-26,0,1
-24,30,1
-22,39,1
-3,10,1
-30,19,1
-29,8,1
-34,-1,1
-36,22,1
-41,20,1
-42,24,1
-37,25,1
-39,14,1
-33,30,1
-49,14,1
-34,23,1
-18,37,1
-44,19,1
-39,19,1
-12,23,1
-24,-8,1
-18,-3,1
-21,17,1
-31,34,1
-44,15,1
-22,4,1
-11,2,1
-27,5,1
-27,14,1
-25,17,1
-28,6,1
-32,-7,1
-35,2,1
-12,9,1
-17,26,1
-2,16,1
-40,27,1
-27,15,1
-21,37,1
-19,4,1
-43,0,1
-26,25,1
-10,25,1
-8,6,1
-21,7,1
-9,14,1
-23,32,1
-23,18,1
-4,9,1
-41,7,1
-33,19,1
-41,11,1
-14,13,1
-16,24,1
-39,4,1
-16,35,1
-38,36,1
-7,19,1
-13,15,1
-29,19,1
-15,2,1
-46,11,1
-29,-3,1
-29,-1,1
-50,18,1
-16,-1,1
-14,27,1
-49,15,1
-16,21,1
-10,30,1
-24,24,1
-48,6,1
-6,19,1
-7,23,1
-12,23,1
-24,-6,1
-46,4,1
-17,10,1
-39,-3,1
-27,34,1
-5,10,1
-25,34,1
-11,21,1
-9,6,1
-10,32,1
-36,10,1
-49,8,1
-49,7,1
-15,8,1
-14,11,1
-31,39,1
-18,23,1
-43,15,1
-46,3,1
-46,8,1
-22,29,1
-36,16,1
-5,17,1
-28,21,1
-17,-7,1
-44,22,1
-15,12,1
-31,29,1
-30,28,1
-43,25,1
-30,37,1
-39,35,1
-8,10,1
-14,7,1
-14,32,1
-13,13,1
-3,22,1
-40,35,1
-26,3,1
-21,30,1
-37,31,1
-6,24,1
-19,38,1
