-19,-86,0
14,-93,0
-3,-102,0
-1,-83,0
11,-65,0
-6,-87,0
18,-83,0
2,-63,0
-3,-80,0
-5,-100,0
-3,-78,0
6,-62,0
-16,-75,0
9,-70,0
11,-74,0
18,-78,0
-5,-69,0
-3,-62,0
-5,-96,0
19,-64,0
-7,-89,0
-21,-93,0
0,-77,0
-9,-63,0
-16,-73,0
-16,-94,0
12,-85,0
11,-93,0
8,-103,0
-15,-79,0
16,-77,0
8,-83,0
1,-78,0
-15,-90,0
1,-94,0
-18,-70,0
23,-72,0
9,-70,0
-12,-65,0
7,-68,0
-10,-65,0
15,-76,0
-21,-83,0
17,-72,0
-23,-85,0
-19,-86,0
15,-67,0
2,-101,0
-13,-87,0
-6,-66,0
20,-75,0
-4,-94,0
-18,-82,0
-6,-85,0
-19,-65,0
5,-98,0
8,-80,0
-24,-85,0
1,-86,0
-13,-67,0
-8,-67,0
18,-69,0
24,-78,0
-6,-76,0
21,-77,0
-4,-69,0
-20,-92,0
-7,-89,0
-1,-61,0
4,-84,0
7,-102,0
-14,-99,0
0,-58,0
7,-56,0
-6,-76,0
6,-102,0
6,-94,0
1,-95,0
-2,-66,0
1,-93,0
-4,-102,0
6,-70,0
-15,-64,0
18,-68,0
-5,-74,0
-11,-98,0
21,-90,0
-23,-80,0
-4,-87,0
-10,-98,0
1,-69,0
-22,-90,0
-12,-77,0
-22,-88,0
-12,-59,0
4,-100,0
12,-87,0
-7,-79,0
-13,-59,0
0,-95,0
-8,-86,0
-4,-80,0
-16,-78,0
-17,-97,0
-6,-91,0
-2,-77,0
-14,-99,0
11,-99,0
-6,-96,0
18,-76,0
-1,-87,0
3,-90,0
19,-83,0
12,-97,0
22,-88,0
5,-58,0
7,-80,0
-16,-66,0
8,-98,0
-3,-69,0
-11,-84,0
18,-77,0
-3,-58,0
21,-73,0
-13,-89,0
-10,-93,0
-2,-89,0
-21,-89,0
1,-103,0
5,-86,0
3,-63,0
0,-105,0
-1,-64,0
24,-73,0
4,-69,0
2,-89,0
5,-81,0
16,-64,0
-6,-78,0
-5,-102,0
-11,-63,0
-20,-69,0
20,-72,0
-7,-78,0
7,-77,0
-5,-85,0
-13,-87,0
-23,-75,0
11,-99,0
-20,-94,0
3,-95,0
-2,-59,0
23,-83,0
15,-98,0
-8,-70,0
19,-66,0
4,-71,0
8,-58,0
-12,-63,0
-6,-104,0
-9,-81,0
-21,-67,0
6,-75,0
-22,-70,0
-1,-58,0
-13,-98,0
6,-94,0
-1,-92,0
-3,-79,0
3,-81,0
22,-90,0
-12,-78,0
19,-75,0
-3,-63,0
-3,-91,0
-4,-62,0
5,-76,0
21,-67,0
-19,-76,0
8,-96,0
11,-93,0
6,-72,0
19,-72,0
4,-75,0
-18,-82,0
-14,-96,0
-14,-91,0
3,-62,0
-17,-73,0
-5,-97,0
20,-77,0
6,-66,0
-4,-92,0
-3,-67,0
2,-80,0
0,-73,0
-7,-64,0
-20,-85,0
11,-80,0
-6,-58,0
-6,-91,0
-3,-101,0
4,-60,0
-3,-58,0
0,-57,0
4,-93,0
0,-65,0
-11,-85,0
-6,-78,0
-9,-86,0
-17,-98,0
-7,-56,0
14,-75,0
15,-64,0
6,-75,0
-7,-98,0
17,-64,0
-9,-98,0
-8,-102,0
-7,-70,0
-1,-60,0
15,-81,0
-3,-56,0
-18,-82,0
22,-70,0
9,-88,0
4,-80,0
11,-93,0
-9,-78,0
0,-60,0
-6,-89,0
2,-75,0
15,-82,0
-1,-64,0
4,-95,0
0,-69,0
-22,-81,0
-15,-60,0
10,-59,0
-7,-98,0
-15,-99,0
17,-80,0
10,-81,0
-8,-79,0
-7,-100,0
-4,-66,0
2,-85,0
6,-64,0
13,-81,0
-8,-59,0
20,-81,0
-20,-70,0
10,-81,0
9,-85,0
19,-94,0
-14,-67,0
6,-94,0
-9,-82,0
-3,-95,0
-7,-70,0
-5,-79,0
19,-67,0
-4,-73,0
-22,-83,0
-5,-81,0
-9,-87,0
8,-81,0
11,-97,0
-13,-99,0
-23,-86,0
-3,-71,0
-2,-100,0
-20,-84,0
-21,-70,0
-8,-81,0
15,-64,0
-1,-92,0
3,-99,0
3,-59,0
5,-61,0
9,-71,0
-2,-79,0
23,-71,0
-10,-93,0
2,-103,0
-4,-98,0
-8,-67,0
-22,-70,0
14,-96,0
15,-73,0
7,-66,0
8,-82,0
6,-82,0
-12,-61,0
-2,-61,0
0,-64,0
-16,-97,0
-12,-97,0
0,-83,0
20,-79,0
-9,-64,0
13,-97,0
-1,-104,0
13,-70,0
20,-71,0
10,-86,0
-2,-88,0
11,-99,0
-24,-76,0
5,-99,0
17,-72,0
3,-69,0
8,-103,0
3,-64,0
10,-64,0
-11,-99,0
3,-65,0
-9,-66,0
22,-80,0
18,-69,0
15,-74,0
11,-71,0
24,-82,0
7,-87,0
12,-62,0
6,-63,0
-11,-72,0
-8,-72,0
4,-104,0
11,-96,0
-10,-86,0
-5,-91,0
0,-98,0
74,38,1
85,44,1
46,37,1
73,52,1
82,33,1
54,49,1
74,19,1
92,48,1
69,63,1
79,49,1
83,24,1
81,37,1
82,32,1
61,24,1
70,44,1
92,37,1
69,47,1
57,23,1
66,54,1
75,34,1
87,39,1
67,58,1
76,62,1
62,30,1
65,51,1
81,38,1
64,56,1
80,23,1
55,33,1
59,52,1
68,55,1
71,34,1
55,23,1
71,23,1
53,32,1
72,61,1
86,33,1
57,45,1
76,57,1
46,38,1
78,30,1
77,44,1
61,26,1
93,34,1
76,43,1
59,43,1
64,54,1
49,38,1
78,60,1
85,27,1
74,48,1
78,43,1
83,55,1
68,18,1
73,42,1
83,57,1
71,42,1
57,45,1
78,18,1
88,30,1
83,43,1
82,60,1
56,58,1
61,27,1
74,21,1
76,47,1
70,61,1
92,30,1
67,38,1
78,61,1
89,34,1
57,48,1
67,42,1
60,45,1
75,39,1
79,52,1
76,35,1
68,61,1
88,48,1
64,18,1
52,56,1
86,55,1
55,50,1
57,56,1
69,47,1
66,50,1
82,57,1
62,44,1
70,30,1
76,29,1
64,19,1
66,59,1
55,21,1
71,49,1
56,52,1
81,26,1
73,30,1
81,22,1
59,42,1
49,46,1
50,27,1
54,54,1
74,63,1
76,50,1
67,48,1
89,41,1
88,41,1
72,61,1
65,34,1
78,37,1
75,32,1
59,35,1
81,42,1
78,20,1
53,34,1
80,44,1
53,23,1
47,49,1
57,37,1
72,37,1
79,63,1
60,44,1
72,48,1
66,43,1
75,31,1
89,54,1
45,38,1
92,43,1
93,40,1
76,37,1
67,37,1
73,52,1
74,18,1
46,34,1
84,55,1
90,37,1
67,37,1
48,35,1
50,26,1
74,41,1
77,26,1
61,40,1
77,60,1
87,28,1
67,48,1
77,22,1
62,17,1
63,33,1
76,26,1
87,45,1
77,61,1
65,22,1
53,54,1
53,28,1
76,35,1
57,21,1
64,31,1
92,50,1
79,20,1
45,43,1
72,19,1
92,34,1
73,39,1
93,45,1
79,49,1
68,60,1
74,57,1
67,31,1
85,56,1
56,46,1
81,60,1
65,25,1
56,22,1
54,23,1
76,18,1
72,49,1
58,48,1
91,50,1
78,30,1
81,50,1
68,18,1
55,30,1
82,52,1
73,19,1
71,16,1
78,45,1
86,52,1
86,51,1
64,45,1
53,43,1
80,35,1
57,35,1
69,20,1
59,42,1
82,38,1
54,48,1
72,26,1
71,61,1
77,30,1
51,55,1
70,54,1
50,44,1
66,61,1
76,47,1
66,19,1
47,37,1
73,25,1
79,52,1
50,51,1
64,48,1
63,36,1
57,57,1
50,40,1
77,59,1
54,21,1
69,16,1
73,26,1
77,21,1
59,26,1
67,39,1
67,48,1
59,49,1
84,36,1
82,47,1
56,56,1
50,43,1
71,25,1
59,29,1
52,44,1
66,44,1
73,21,1
49,41,1
64,53,1
88,54,1
60,53,1
50,54,1
67,28,1
56,50,1
88,49,1
78,31,1
85,37,1
60,23,1
61,34,1
59,29,1
58,50,1
64,23,1
53,57,1
54,51,1
61,44,1
89,40,1
91,49,1
56,38,1
82,31,1
93,33,1
52,56,1
48,53,1
89,51,1
71,52,1
60,31,1
89,26,1
56,37,1
56,49,1
59,57,1
81,36,1
70,47,1
45,35,1
77,52,1
68,28,1
89,49,1
83,38,1
56,35,1
45,44,1
55,23,1
60,48,1
81,59,1
83,60,1
58,48,1
91,47,1
77,39,1
87,42,1
65,23,1
85,56,1
73,24,1
51,35,1
83,37,1
47,43,1
54,50,1
52,53,1
52,50,1
83,54,1
50,25,1
69,33,1
66,33,1
79,60,1
85,25,1
60,46,1
64,46,1
54,37,1
53,40,1
68,35,1
47,35,1
69,20,1
81,60,1
70,35,1
83,24,1
58,42,1
59,32,1
74,55,1
67,31,1
60,34,1
72,19,1
59,44,1
93,43,1
59,49,1
59,43,1
70,47,1
73,34,1
65,30,1
85,57,1
67,51,1
71,23,1
57,44,1
79,19,1
85,28,1
81,40,1
48,52,1
69,27,1
70,17,1
58,44,1
52,43,1
63,49,1
75,28,1
62,32,1
-71,63,1
-89,38,1
-81,24,1
-73,52,1
-91,28,1
-79,46,1
-73,46,1
-62,18,1
-84,45,1
-64,47,1
-72,50,1
-60,50,1
-63,56,1
-68,57,1
-64,49,1
-52,26,1
-67,45,1
-60,30,1
-64,59,1
-60,27,1
-68,44,1
-62,44,1
-56,28,1
-83,40,1
-87,41,1
-56,28,1
-74,50,1
-68,63,1
-69,44,1
-57,38,1
-62,53,1
-75,36,1
-68,17,1
-60,61,1
-60,32,1
-76,27,1
-83,45,1
-90,27,1
-61,47,1
-75,59,1
-79,57,1
-88,35,1
-74,46,1
-90,48,1
-67,60,1
-64,33,1
-55,42,1
-62,38,1
-85,45,1
-83,48,1
-58,37,1
-71,60,1
-87,50,1
-81,19,1
-73,40,1
-67,48,1
-60,29,1
-57,54,1
-74,40,1
-85,56,1
-84,32,1
-94,41,1
-75,16,1
-59,25,1
-63,50,1
-45,45,1
-71,42,1
-59,25,1
-55,20,1
-81,30,1
-52,53,1
-55,35,1
-62,63,1
-57,38,1
-55,22,1
-69,37,1
-89,48,1
-54,22,1
-50,54,1
-84,23,1
-48,39,1
-66,60,1
-82,36,1
-87,46,1
-73,44,1
-91,43,1
-63,18,1
-64,48,1
-66,28,1
-79,30,1
-86,55,1
-70,16,1
-73,51,1
-55,55,1
-74,31,1
-57,22,1
-47,30,1
-82,46,1
-71,38,1
-68,48,1
-48,44,1
-65,37,1
-57,46,1
-78,57,1
-79,53,1
-55,22,1
-91,45,1
-58,62,1
-81,33,1
-85,46,1
-79,18,1
-55,37,1
-77,59,1
-73,55,1
-81,43,1
-47,51,1
-61,39,1
-88,44,1
-79,54,1
-72,32,1
-75,33,1
-51,25,1
-63,47,1
-85,50,1
-61,48,1
-73,57,1
-84,35,1
-51,48,1
-72,59,1
-84,36,1
-90,34,1
-76,21,1
-83,34,1
-88,39,1
-51,28,1
-60,30,1
-52,57,1
-79,57,1
-57,26,1
-64,21,1
-50,26,1
-78,40,1
-65,64,1
-79,46,1
-86,35,1
-86,31,1
-85,29,1
-84,32,1
-68,27,1
-90,47,1
-60,32,1
-72,28,1
-55,21,1
-77,58,1
-74,20,1
-55,30,1
-68,42,1
-74,62,1
-56,60,1
-71,37,1
-84,57,1
-92,36,1
-73,38,1
-70,32,1
-76,43,1
-87,51,1
-78,44,1
-82,53,1
-81,39,1
-69,22,1
-79,45,1
-56,48,1
-72,22,1
-46,44,1
-87,42,1
-53,57,1
-48,28,1
-82,36,1
-63,16,1
-50,25,1
-75,64,1
-72,36,1
-79,20,1
-72,33,1
-57,34,1
-87,51,1
-50,42,1
-85,53,1
-84,45,1
-82,45,1
-59,33,1
-79,35,1
-68,47,1
-66,31,1
-92,30,1
-55,29,1
-52,43,1
-88,43,1
-59,22,1
-88,49,1
-59,51,1
-88,55,1
-61,24,1
-89,38,1
-66,51,1
-46,43,1
-78,27,1
-84,56,1
-89,33,1
-68,29,1
-54,28,1
-57,32,1
-51,42,1
-66,57,1
-50,28,1
-81,61,1
-49,51,1
-85,36,1
-74,58,1
-83,46,1
-73,54,1
-75,17,1
-87,34,1
-48,43,1
-58,26,1
-65,17,1
-47,35,1
-74,26,1
-76,50,1
-46,33,1
-58,39,1
-60,29,1
-74,21,1
-57,24,1
-91,40,1
-51,37,1
-69,23,1
-53,39,1
-74,40,1
-54,34,1
-59,36,1
-57,61,1
-65,56,1
-49,49,1
-52,48,1
-49,27,1
-91,46,1
-72,26,1
-68,49,1
-59,54,1
-57,59,1
-70,37,1
-57,53,1
-66,64,1
-85,23,1
-87,44,1
-79,44,1
-69,44,1
-83,53,1
-71,25,1
-64,61,1
-55,54,1
-86,58,1
-63,45,1
-49,43,1
-77,31,1
-93,33,1
-74,34,1
-78,18,1
-76,63,1
-90,49,1
-63,36,1
-64,51,1
-74,62,1
-56,30,1
-80,21,1
-72,16,1
-72,63,1
-64,42,1
-52,49,1
-54,42,1
-80,41,1
-76,51,1
-59,20,1
-66,57,1
-74,21,1
-67,58,1
-56,54,1
-55,39,1
-87,49,1
-49,31,1
-56,31,1
-73,55,1
-64,41,1
-78,42,1
-59,41,1
-56,27,1
-71,29,1
-52,56,1
-85,35,1
-62,50,1
-72,28,1
-67,39,1
-68,35,1
-48,37,1
-78,53,1
-60,19,1
-79,41,1
-57,26,1
-59,54,1
-54,47,1
-79,53,1
-72,25,1
-58,30,1
-70,43,1
-69,35,1
-68,24,1
-73,52,1
-51,31,1
-91,46,1
-72,26,1
-53,38,1
-74,46,1
-67,54,1
-67,59,1
-74,33,1
-72,41,1
-47,45,1
-91,39,1
-78,53,1
-92,50,1
-51,39,1
-81,28,1
