-8,-198,0
-5,-236,0
-22,-215,0
14,-227,0
-13,-207,0
-8,-214,0
-18,-220,0
0,-244,0
-1,-228,0
3,-226,0
20,-218,0
-8,-221,0
-13,-224,0
17,-208,0
-7,-206,0
4,-204,0
-10,-200,0
9,-200,0
-2,-207,0
3,-216,0
-13,-217,0
22,-230,0
24,-227,0
23,-225,0
-4,-212,0
-7,-197,0
13,-209,0
0,-206,0
23,-223,0
14,-212,0
-18,-225,0
2,-200,0
-7,-199,0
-6,-208,0
6,-207,0
17,-215,0
15,-219,0
-3,-234,0
-15,-211,0
-4,-202,0
-9,-209,0
-11,-198,0
19,-223,0
-7,-234,0
1,-221,0
-1,-198,0
-5,-234,0
-19,-233,0
-9,-224,0
-14,-240,0
-8,-230,0
21,-209,0
20,-212,0
-7,-207,0
20,-234,0
-22,-225,0
3,-231,0
7,-229,0
2,-237,0
11,-201,0
7,-198,0
7,-212,0
-19,-208,0
23,-222,0
14,-215,0
-3,-239,0
23,-221,0
13,-225,0
21,-226,0
-7,-220,0
18,-214,0
-7,-224,0
15,-203,0
2,-237,0
-16,-223,0
21,-213,0
25,-220,0
4,-201,0
17,-209,0
20,-231,0
1,-234,0
8,-234,0
-13,-228,0
-7,-243,0
6,-235,0
7,-211,0
3,-235,0
-18,-219,0
5,-199,0
24,-221,0
-16,-237,0
-6,-215,0
-4,-218,0
6,-208,0
-10,-230,0
-24,-221,0
-18,-234,0
16,-232,0
21,-208,0
-4,-242,0
-19,-233,0
-12,-210,0
-15,-210,0
-18,-211,0
-5,-226,0
-13,-226,0
6,-199,0
-4,-244,0
-20,-220,0
-20,-223,0
-1,-209,0
-8,-203,0
-9,-240,0
-15,-217,0
8,-232,0
-2,-243,0
-12,-230,0
-19,-217,0
13,-199,0
9,-228,0
-5,-234,0
9,-230,0
11,-223,0
-17,-220,0
-8,-240,0
-11,-218,0
3,-219,0
-18,-226,0
-7,-209,0
14,-230,0
-5,-240,0
8,-242,0
-20,-227,0
-8,-197,0
7,-220,0
7,-201,0
-3,-231,0
-11,-206,0
8,-241,0
-18,-217,0
-9,-209,0
16,-209,0
-14,-236,0
-7,-199,0
-24,-222,0
0,-229,0
-17,-236,0
-19,-213,0
2,-239,0
-3,-239,0
11,-212,0
16,-213,0
-23,-229,0
-22,-209,0
-6,-198,0
-9,-209,0
3,-196,0
5,-219,0
7,-239,0
-22,-217,0
7,-239,0
-2,-228,0
7,-244,0
4,-240,0
-2,-231,0
0,-203,0
16,-232,0
-19,-210,0
0,-225,0
-5,-216,0
-1,-199,0
-3,-206,0
20,-228,0
2,-215,0
-10,-234,0
-6,-209,0
-18,-231,0
14,-226,0
15,-232,0
-11,-215,0
14,-201,0
-4,-238,0
17,-226,0
5,-196,0
-3,-243,0
0,-229,0
21,-222,0
14,-207,0
7,-230,0
0,-209,0
-15,-206,0
7,-207,0
10,-227,0
21,-207,0
16,-233,0
-3,-211,0
-14,-213,0
10,-210,0
-9,-204,0
-16,-209,0
-7,-232,0
-12,-203,0
-19,-229,0
17,-215,0
-15,-202,0
-3,-200,0
17,-220,0
11,-237,0
7,-227,0
2,-212,0
-22,-215,0
-17,-213,0
7,-217,0
-19,-204,0
-6,-230,0
-19,-229,0
10,-204,0
15,-203,0
7,-203,0
21,-230,0
17,-206,0
-17,-220,0
-22,-210,0
6,-228,0
-3,-221,0
8,-235,0
16,-207,0
-22,-226,0
-13,-211,0
15,-216,0
1,-240,0
-5,-207,0
10,-237,0
-18,-218,0
4,-213,0
13,-233,0
-1,-211,0
-7,-198,0
10,-209,0
20,-213,0
-17,-214,0
-11,-209,0
12,-223,0
-2,-197,0
-9,-241,0
14,-228,0
-22,-213,0
10,-229,0
11,-217,0
-4,-244,0
-3,-237,0
5,-225,0
22,-218,0
10,-199,0
-23,-220,0
21,-212,0
3,-226,0
-24,-226,0
16,-207,0
11,-201,0
20,-223,0
6,-243,0
-8,-223,0
8,-231,0
12,-228,0
-4,-218,0
-8,-204,0
-14,-210,0
8,-203,0
-2,-230,0
-1,-242,0
-23,-219,0
-17,-209,0
-3,-218,0
-7,-244,0
-4,-236,0
-7,-218,0
-11,-212,0
-10,-238,0
5,-218,0
-15,-232,0
-13,-218,0
-2,-213,0
-21,-215,0
3,-224,0
9,-209,0
1,-226,0
6,-236,0
5,-198,0
11,-214,0
-2,-230,0
24,-214,0
0,-233,0
-7,-201,0
10,-207,0
16,-238,0
16,-209,0
15,-234,0
24,-222,0
23,-218,0
7,-226,0
-9,-204,0
-10,-233,0
-7,-236,0
8,-241,0
22,-218,0
4,-233,0
19,-231,0
-17,-216,0
7,-240,0
-2,-198,0
-14,-218,0
0,-213,0
-8,-243,0
9,-222,0
3,-240,0
20,-226,0
-17,-223,0
-12,-211,0
5,-206,0
-9,-224,0
2,-217,0
4,-241,0
20,-235,0
-5,-207,0
-17,-232,0
-6,-237,0
-12,-225,0
18,-207,0
-4,-241,0
-3,-207,0
18,-205,0
12,-229,0
180,100,1
183,119,1
181,121,1
197,125,1
176,99,1
185,111,1
209,96,1
179,126,1
203,126,1
206,128,1
190,88,1
188,96,1
210,97,1
194,124,1
180,120,1
189,119,1
175,106,1
194,126,1
207,97,1
210,104,1
183,107,1
175,98,1
193,120,1
207,106,1
170,100,1
178,130,1
194,113,1
168,111,1
207,128,1
192,132,1
187,93,1
187,96,1
204,94,1
186,93,1
188,100,1
171,118,1
192,90,1
175,92,1
198,124,1
172,115,1
204,129,1
198,115,1
193,93,1
182,126,1
196,96,1
209,125,1
211,118,1
186,108,1
202,110,1
192,111,1
191,106,1
173,105,1
202,130,1
203,92,1
190,90,1
211,99,1
204,131,1
204,117,1
180,112,1
178,124,1
203,119,1
179,94,1
209,108,1
186,128,1
211,104,1
180,112,1
201,92,1
168,101,1
190,126,1
205,91,1
189,134,1
178,106,1
212,119,1
201,94,1
175,118,1
213,116,1
174,92,1
206,129,1
206,97,1
202,96,1
195,129,1
184,102,1
173,122,1
197,117,1
182,93,1
192,132,1
209,124,1
190,110,1
185,119,1
187,103,1
178,118,1
206,115,1
194,114,1
199,101,1
189,88,1
184,87,1
172,126,1
177,119,1
202,90,1
189,114,1
179,103,1
207,124,1
199,100,1
173,119,1
196,116,1
166,110,1
168,106,1
191,126,1
202,90,1
204,89,1
201,131,1
197,115,1
211,105,1
202,118,1
198,92,1
182,97,1
174,97,1
175,126,1
200,106,1
202,127,1
202,100,1
175,122,1
183,103,1
190,107,1
199,88,1
200,90,1
190,100,1
213,120,1
176,129,1
180,130,1
214,112,1
198,99,1
184,103,1
196,109,1
211,99,1
206,124,1
182,132,1
171,102,1
203,102,1
172,120,1
182,99,1
209,108,1
198,113,1
199,130,1
190,129,1
200,127,1
206,97,1
170,115,1
210,101,1
168,102,1
174,128,1
208,93,1
195,105,1
190,97,1
203,122,1
171,118,1
184,88,1
174,114,1
175,93,1
185,119,1
185,101,1
180,127,1
194,100,1
171,112,1
199,112,1
202,108,1
187,126,1
196,121,1
172,126,1
196,100,1
199,89,1
201,92,1
194,87,1
178,100,1
185,115,1
197,122,1
184,106,1
180,124,1
180,94,1
192,127,1
202,111,1
194,99,1
204,108,1
169,119,1
211,118,1
193,103,1
193,125,1
173,108,1
176,96,1
175,126,1
188,126,1
191,107,1
194,127,1
198,113,1
213,115,1
183,104,1
175,129,1
184,98,1
204,105,1
175,106,1
180,129,1
190,133,1
208,102,1
169,115,1
200,125,1
200,107,1
182,99,1
206,92,1
166,108,1
200,116,1
196,117,1
210,106,1
167,110,1
177,95,1
188,132,1
168,109,1
176,123,1
199,87,1
181,97,1
186,125,1
213,118,1
190,127,1
194,88,1
198,115,1
204,99,1
183,109,1
180,112,1
199,120,1
177,111,1
202,127,1
202,109,1
193,86,1
177,120,1
205,103,1
200,113,1
213,106,1
208,126,1
172,111,1
205,97,1
202,100,1
207,120,1
188,99,1
185,97,1
205,120,1
170,102,1
193,109,1
187,129,1
195,133,1
198,114,1
184,115,1
187,102,1
170,122,1
182,89,1
195,129,1
174,95,1
172,115,1
171,101,1
182,90,1
183,119,1
186,95,1
213,100,1
195,89,1
211,103,1
179,129,1
184,127,1
205,113,1
178,126,1
187,118,1
205,123,1
189,120,1
205,113,1
198,112,1
202,115,1
184,124,1
194,124,1
212,114,1
175,102,1
185,118,1
188,113,1
192,132,1
181,105,1
173,99,1
195,110,1
210,104,1
195,130,1
185,133,1
184,108,1
204,98,1
196,101,1
187,108,1
201,95,1
205,126,1
192,89,1
202,108,1
186,107,1
184,131,1
198,129,1
176,95,1
190,118,1
193,122,1
177,130,1
201,132,1
197,115,1
174,97,1
189,132,1
191,95,1
190,123,1
215,110,1
201,95,1
193,118,1
199,106,1
190,126,1
198,131,1
171,110,1
169,110,1
180,117,1
191,117,1
173,102,1
185,128,1
169,104,1
181,104,1
191,109,1
204,112,1
168,109,1
213,117,1
206,122,1
169,117,1
207,100,1
188,106,1
201,127,1
182,111,1
166,114,1
190,131,1
-211,122,1
-168,109,1
-186,125,1
-205,103,1
-187,111,1
-189,119,1
-195,91,1
-182,92,1
-200,108,1
-169,100,1
-190,119,1
-180,108,1
-178,119,1
-205,101,1
-201,122,1
-198,103,1
-179,113,1
-187,134,1
-196,130,1
-177,101,1
-197,120,1
-182,130,1
-171,110,1
-191,120,1
-206,124,1
-195,122,1
-202,88,1
-179,113,1
-185,93,1
-187,128,1
-175,118,1
-191,90,1
-207,124,1
-182,93,1
-187,95,1
-204,113,1
-209,101,1
-171,118,1
-187,126,1
-201,108,1
-190,90,1
-198,115,1
-193,102,1
-200,123,1
-204,117,1
-194,95,1
-193,129,1
-197,117,1
-169,113,1
-201,125,1
-182,125,1
-184,97,1
-180,101,1
-174,122,1
-180,118,1
-198,114,1
-168,115,1
-177,103,1
-184,115,1
-208,126,1
-188,95,1
-179,121,1
-199,129,1
-206,95,1
-210,123,1
-192,115,1
-183,103,1
-196,116,1
-184,134,1
-176,117,1
-193,98,1
-174,122,1
-180,101,1
-176,114,1
-201,99,1
-200,129,1
-184,87,1
-191,134,1
-213,116,1
-197,125,1
-208,113,1
-180,119,1
-182,105,1
-201,111,1
-204,105,1
-178,127,1
-178,118,1
-191,119,1
-183,120,1
-181,120,1
-197,111,1
-202,110,1
-176,125,1
-200,89,1
-199,88,1
-197,105,1
-198,115,1
-182,95,1
-168,100,1
-207,123,1
-206,110,1
-203,115,1
-170,109,1
-201,111,1
-169,99,1
-200,118,1
-191,113,1
-185,107,1
-187,116,1
-189,128,1
-182,112,1
-197,101,1
-199,99,1
-200,91,1
-198,129,1
-174,117,1
-171,102,1
-174,103,1
-191,99,1
-182,104,1
-189,122,1
-172,124,1
-193,106,1
-188,86,1
-185,131,1
-180,124,1
-187,130,1
-204,100,1
-211,117,1
-178,112,1
-194,114,1
-198,111,1
-185,99,1
-211,103,1
-215,115,1
-189,92,1
-174,102,1
-170,107,1
-191,123,1
-203,116,1
-207,108,1
-187,111,1
-190,121,1
-180,127,1
-194,105,1
-201,104,1
-204,122,1
-170,105,1
-199,95,1
-214,106,1
-188,97,1
-183,114,1
-198,87,1
-191,107,1
-178,90,1
-199,131,1
-194,123,1
-170,115,1
-212,104,1
-197,123,1
-200,117,1
-182,125,1
-196,123,1
-202,108,1
-209,97,1
-199,89,1
-199,117,1
-203,119,1
-180,131,1
-168,103,1
-211,102,1
-197,134,1
-196,123,1
-189,112,1
-201,110,1
-192,133,1
-193,125,1
-181,118,1
-176,127,1
-181,131,1
-207,122,1
-214,113,1
-199,123,1
-213,118,1
-188,134,1
-211,101,1
-207,95,1
-210,108,1
-187,120,1
-200,90,1
-172,110,1
-180,107,1
-214,115,1
-211,103,1
-190,104,1
-176,106,1
-185,87,1
-189,119,1
-184,105,1
-195,126,1
-192,132,1
-186,131,1
-197,129,1
-198,101,1
-191,108,1
-205,125,1
-190,88,1
-185,125,1
-204,92,1
-193,112,1
-193,122,1
-176,116,1
-212,101,1
-186,129,1
-194,109,1
-194,122,1
-170,124,1
-182,102,1
-184,125,1
-201,105,1
-175,117,1
-191,95,1
-179,131,1
-179,107,1
-205,128,1
-182,116,1
-198,113,1
-200,107,1
-177,112,1
-184,89,1
-187,109,1
-210,105,1
-194,102,1
-212,115,1
-199,94,1
-205,102,1
-198,115,1
-177,121,1
-196,134,1
-172,97,1
-173,115,1
-188,134,1
-181,122,1
-206,97,1
-181,88,1
-198,126,1
-189,129,1
-207,108,1
-205,93,1
-170,111,1
-181,93,1
-199,111,1
-197,109,1
-179,132,1
-209,124,1
-176,116,1
-198,99,1
-192,123,1
-187,116,1
-205,128,1
-192,128,1
-215,111,1
-178,119,1
-179,94,1
-195,111,1
-192,111,1
-186,114,1
-179,127,1
-174,126,1
-168,110,1
-181,132,1
-183,93,1
-202,96,1
-192,108,1
-198,87,1
-206,115,1
-175,121,1
-186,127,1
-186,96,1
-200,108,1
-186,119,1
-176,113,1
-176,118,1
-178,100,1
-188,116,1
-167,105,1
-170,104,1
-199,118,1
-192,128,1
-183,115,1
-188,100,1
-190,125,1
-196,134,1
-203,119,1
-174,113,1
-197,121,1
-175,127,1
-188,118,1
-177,90,1
-202,117,1
-183,116,1
-209,108,1
-208,116,1
-186,113,1
-199,92,1
-213,106,1
-183,117,1
-192,110,1
-187,102,1
-183,103,1
-170,101,1
-179,124,1
-176,123,1
-215,107,1
-212,102,1
-204,93,1
-212,111,1
-184,101,1
-194,131,1
-173,93,1
-199,132,1
-182,127,1
-203,101,1
-197,132,1
-176,113,1
-171,109,1
-196,109,1
-177,126,1
-177,126,1
-194,117,1
-175,127,1
-201,114,1
-202,128,1
