-14,-255,0
-8,-269,0
18,-268,0
-3,-267,0
-23,-270,0
-5,-290,0
-9,-260,0
-2,-276,0
18,-275,0
16,-272,0
14,-277,0
-4,-249,0
-15,-260,0
-6,-267,0
1,-263,0
2,-254,0
9,-283,0
-22,-261,0
-7,-269,0
4,-246,0
15,-272,0
-6,-271,0
-7,-255,0
14,-255,0
5,-253,0
8,-273,0
-7,-290,0
8,-287,0
-24,-271,0
-15,-273,0
-1,-273,0
-1,-261,0
-7,-289,0
-1,-254,0
3,-260,0
-11,-251,0
2,-288,0
4,-246,0
-13,-270,0
-1,-250,0
8,-251,0
0,-278,0
2,-288,0
16,-277,0
-2,-264,0
-6,-294,0
10,-263,0
-18,-262,0
18,-265,0
-4,-261,0
16,-252,0
22,-271,0
-15,-284,0
0,-263,0
-3,-250,0
16,-277,0
5,-246,0
-1,-257,0
14,-271,0
-7,-277,0
10,-291,0
15,-267,0
0,-250,0
15,-270,0
1,-254,0
-6,-287,0
-17,-287,0
-5,-270,0
-14,-274,0
-7,-257,0
-10,-270,0
-9,-247,0
-7,-290,0
22,-261,0
-8,-288,0
11,-292,0
23,-267,0
10,-254,0
-1,-266,0
14,-281,0
3,-254,0
14,-273,0
4,-292,0
23,-269,0
-22,-268,0
-16,-258,0
12,-253,0
-10,-260,0
-17,-273,0
-20,-262,0
-8,-250,0
10,-263,0
-3,-260,0
-1,-268,0
8,-267,0
-12,-266,0
0,-255,0
7,-267,0
-10,-275,0
11,-273,0
10,-256,0
-12,-262,0
-2,-266,0
4,-266,0
-21,-259,0
6,-280,0
-6,-248,0
-15,-259,0
-12,-290,0
0,-256,0
-5,-290,0
-23,-273,0
-7,-263,0
-9,-276,0
20,-256,0
-4,-268,0
-25,-270,0
21,-267,0
-11,-290,0
-18,-257,0
-11,-264,0
0,-287,0
-21,-260,0
3,-264,0
8,-256,0
2,-279,0
11,-266,0
8,-274,0
6,-285,0
-23,-264,0
-2,-256,0
-21,-279,0
8,-290,0
-13,-287,0
17,-260,0
-7,-284,0
13,-257,0
-6,-271,0
3,-246,0
15,-264,0
4,-285,0
-13,-279,0
-2,-253,0
-4,-260,0
2,-274,0
5,-286,0
2,-282,0
-6,-293,0
-1,-273,0
-18,-253,0
-10,-266,0
-10,-274,0
-17,-261,0
-2,-284,0
21,-262,0
-5,-265,0
-17,-275,0
5,-268,0
9,-283,0
20,-277,0
16,-257,0
21,-271,0
-24,-274,0
-6,-292,0
-8,-256,0
11,-252,0
11,-286,0
20,-279,0
-6,-246,0
-12,-291,0
-6,-261,0
-20,-282,0
14,-275,0
6,-294,0
-5,-283,0
-8,-250,0
-15,-267,0
5,-294,0
20,-279,0
10,-277,0
15,-269,0
3,-258,0
3,-285,0
1,-246,0
-19,-271,0
-17,-275,0
-10,-270,0
16,-288,0
-18,-270,0
-10,-258,0
-11,-280,0
24,-266,0
4,-260,0
-10,-254,0
18,-276,0
15,-268,0
4,-292,0
-11,-260,0
9,-283,0
-4,-266,0
15,-283,0
3,-292,0
-8,-266,0
-21,-276,0
3,-288,0
22,-273,0
-1,-256,0
-14,-269,0
-13,-261,0
-6,-274,0
-15,-255,0
-11,-267,0
9,-290,0
21,-272,0
2,-276,0
15,-274,0
13,-264,0
15,-285,0
-7,-260,0
23,-268,0
1,-278,0
7,-264,0
0,-282,0
17,-280,0
-3,-249,0
20,-263,0
-3,-262,0
-4,-277,0
-15,-281,0
9,-281,0
-1,-263,0
3,-274,0
5,-277,0
-10,-251,0
-8,-249,0
-15,-273,0
-2,-266,0
-9,-283,0
1,-269,0
10,-292,0
-8,-254,0
2,-273,0
7,-260,0
-15,-254,0
-10,-283,0
-14,-272,0
8,-280,0
-8,-247,0
-11,-280,0
0,-285,0
9,-278,0
-10,-288,0
-1,-264,0
11,-266,0
-21,-270,0
8,-289,0
-13,-261,0
-12,-263,0
3,-292,0
9,-278,0
17,-252,0
16,-263,0
-18,-255,0
16,-279,0
1,-271,0
20,-283,0
-18,-277,0
14,-256,0
6,-281,0
7,-246,0
3,-289,0
-17,-276,0
-15,-274,0
2,-292,0
-3,-279,0
2,-271,0
2,-256,0
14,-280,0
1,-288,0
9,-287,0
20,-273,0
3,-290,0
-5,-259,0
-3,-264,0
2,-262,0
-4,-246,0
2,-281,0
0,-248,0
16,-283,0
6,-266,0
-6,-251,0
-10,-289,0
-3,-274,0
-5,-264,0
12,-262,0
-14,-287,0
13,-254,0
11,-281,0
23,-262,0
-23,-263,0
17,-278,0
-10,-259,0
-3,-292,0
12,-266,0
-1,-278,0
-19,-270,0
-5,-272,0
-8,-283,0
20,-265,0
-1,-268,0
10,-267,0
3,-262,0
12,-251,0
-10,-288,0
-9,-285,0
4,-263,0
-1,-282,0
19,-265,0
3,-289,0
10,-268,0
-2,-293,0
-2,-276,0
6,-250,0
-25,-270,0
-3,-266,0
2,-289,0
-8,-279,0
1,-270,0
1,-277,0
-15,-258,0
5,-251,0
1,-251,0
0,-269,0
222,152,1
231,158,1
253,135,1
244,156,1
256,138,1
240,127,1
219,125,1
240,117,1
242,151,1
254,122,1
227,140,1
223,133,1
253,143,1
225,115,1
235,123,1
234,158,1
247,127,1
214,140,1
227,154,1
222,118,1
232,146,1
238,139,1
227,146,1
239,146,1
256,136,1
252,145,1
231,120,1
244,154,1
256,144,1
249,145,1
228,146,1
234,146,1
219,138,1
255,144,1
236,134,1
236,148,1
212,133,1
244,129,1
229,112,1
240,145,1
239,114,1
231,127,1
237,153,1
243,141,1
224,113,1
255,136,1
214,125,1
233,137,1
254,128,1
225,144,1
242,143,1
249,152,1
246,144,1
256,146,1
237,134,1
227,111,1
246,155,1
212,136,1
245,132,1
210,130,1
247,114,1
236,153,1
214,121,1
232,155,1
252,141,1
234,128,1
233,157,1
243,139,1
249,151,1
258,140,1
254,121,1
225,137,1
233,147,1
230,120,1
255,145,1
251,133,1
253,141,1
242,130,1
221,156,1
234,121,1
234,134,1
241,136,1
234,144,1
220,117,1
217,128,1
223,156,1
242,119,1
226,120,1
221,133,1
214,133,1
230,123,1
227,159,1
222,130,1
252,134,1
242,148,1
258,136,1
213,143,1
248,137,1
252,124,1
224,124,1
214,143,1
229,134,1
224,153,1
223,137,1
236,142,1
230,132,1
228,128,1
224,138,1
254,144,1
233,120,1
232,117,1
219,119,1
215,144,1
236,123,1
249,152,1
228,118,1
250,128,1
228,126,1
252,141,1
255,144,1
233,113,1
244,121,1
229,140,1
225,131,1
256,141,1
234,156,1
248,129,1
224,121,1
247,144,1
246,147,1
224,143,1
218,152,1
221,142,1
217,142,1
230,145,1
226,146,1
250,122,1
222,142,1
241,120,1
255,122,1
255,123,1
235,132,1
211,140,1
237,157,1
238,118,1
250,149,1
241,145,1
215,148,1
247,155,1
238,129,1
218,126,1
244,122,1
230,114,1
221,129,1
224,151,1
241,145,1
212,125,1
222,144,1
248,131,1
247,148,1
240,113,1
234,116,1
254,126,1
226,115,1
238,112,1
227,114,1
249,126,1
246,148,1
236,115,1
218,123,1
250,136,1
258,133,1
224,126,1
221,114,1
239,145,1
253,130,1
253,122,1
243,129,1
234,150,1
222,116,1
251,143,1
231,137,1
225,130,1
257,144,1
223,137,1
215,149,1
222,128,1
227,135,1
236,136,1
252,120,1
245,115,1
218,119,1
238,132,1
246,137,1
256,125,1
223,121,1
226,132,1
223,132,1
229,118,1
245,123,1
219,118,1
222,118,1
213,126,1
238,129,1
235,127,1
223,152,1
246,123,1
246,144,1
226,132,1
222,143,1
251,137,1
255,138,1
230,113,1
241,118,1
212,129,1
245,152,1
232,127,1
232,141,1
234,131,1
237,121,1
233,116,1
244,131,1
238,144,1
258,129,1
255,139,1
256,136,1
238,141,1
238,112,1
226,158,1
231,126,1
231,155,1
241,121,1
225,136,1
248,141,1
249,117,1
255,142,1
234,115,1
219,144,1
244,115,1
229,122,1
245,129,1
237,117,1
250,126,1
249,145,1
216,137,1
247,141,1
213,141,1
237,154,1
217,132,1
218,143,1
235,153,1
215,132,1
246,146,1
246,132,1
233,120,1
240,141,1
251,148,1
248,127,1
246,127,1
221,126,1
221,133,1
226,115,1
254,131,1
254,135,1
247,137,1
225,147,1
211,130,1
240,143,1
244,152,1
234,113,1
220,155,1
212,139,1
228,120,1
255,134,1
253,137,1
239,120,1
242,147,1
210,134,1
223,155,1
256,125,1
232,140,1
240,149,1
252,139,1
245,150,1
218,144,1
226,136,1
235,125,1
210,138,1
217,152,1
249,151,1
228,122,1
241,144,1
245,137,1
258,133,1
250,147,1
243,135,1
219,126,1
232,112,1
239,154,1
232,133,1
228,116,1
229,152,1
249,120,1
240,156,1
221,121,1
235,143,1
232,121,1
226,133,1
230,131,1
254,148,1
243,153,1
236,128,1
239,140,1
229,144,1
255,136,1
219,116,1
252,128,1
224,118,1
217,124,1
258,135,1
239,151,1
224,140,1
240,146,1
253,127,1
243,118,1
239,135,1
224,127,1
240,143,1
241,131,1
255,127,1
252,137,1
253,124,1
239,130,1
-220,125,1
-255,141,1
-219,130,1
-222,117,1
-250,116,1
-235,132,1
-229,117,1
-215,132,1
-250,130,1
-217,130,1
-225,112,1
-249,149,1
-245,130,1
-215,122,1
-235,111,1
-221,131,1
-224,132,1
-251,120,1
-256,142,1
-218,141,1
-237,137,1
-231,112,1
-237,133,1
-253,139,1
-240,132,1
-227,119,1
-213,146,1
-227,113,1
-226,120,1
-216,139,1
-247,137,1
-219,135,1
-215,133,1
-246,142,1
-231,134,1
-253,149,1
-220,117,1
-240,122,1
-210,140,1
-212,134,1
-237,153,1
-253,138,1
-215,146,1
-241,142,1
-246,152,1
-210,137,1
-258,137,1
-243,117,1
-217,149,1
-239,116,1
-231,124,1
-241,145,1
-244,132,1
-242,118,1
-236,130,1
-216,134,1
-242,157,1
-236,157,1
-227,122,1
-220,150,1
-241,142,1
-235,147,1
-254,133,1
-232,117,1
-218,126,1
-212,128,1
-238,119,1
-235,158,1
-244,135,1
-242,148,1
-244,119,1
-239,123,1
-232,139,1
-232,114,1
-244,147,1
-240,125,1
-215,144,1
-226,117,1
-227,124,1
-221,132,1
-215,119,1
-236,142,1
-239,122,1
-225,139,1
-232,141,1
-240,128,1
-240,150,1
-230,111,1
-213,140,1
-218,121,1
-242,118,1
-224,132,1
-218,132,1
-213,122,1
-252,138,1
-255,128,1
-223,146,1
-253,134,1
-222,139,1
-238,129,1
-248,149,1
-239,125,1
-250,127,1
-226,115,1
-250,118,1
-249,134,1
-226,143,1
-255,123,1
-225,120,1
-236,116,1
-239,154,1
-256,130,1
-232,124,1
-242,114,1
-223,128,1
-247,136,1
-219,145,1
-227,129,1
-225,141,1
-236,147,1
-238,140,1
-237,132,1
-240,156,1
-244,147,1
-245,122,1
-217,152,1
-238,145,1
-254,135,1
-252,149,1
-243,113,1
-240,112,1
-254,127,1
-253,142,1
-246,137,1
-239,158,1
-238,144,1
-245,143,1
-231,117,1
-212,126,1
-231,148,1
-244,145,1
-239,156,1
-246,116,1
-247,122,1
-218,139,1
-224,144,1
-228,134,1
-244,126,1
-225,148,1
-231,146,1
-213,143,1
-256,131,1
-222,124,1
-242,112,1
-230,111,1
-226,138,1
-238,159,1
-228,128,1
-240,155,1
-252,121,1
-220,134,1
-230,118,1
-228,146,1
-241,138,1
-226,136,1
-244,157,1
-237,139,1
-238,158,1
-239,125,1
-243,148,1
-235,127,1
-227,120,1
-218,147,1
-224,150,1
-234,159,1
-218,129,1
-244,141,1
-235,130,1
-227,124,1
-243,114,1
-241,157,1
-245,120,1
-246,143,1
-229,120,1
-247,123,1
-231,112,1
-252,152,1
-253,140,1
-255,131,1
-237,130,1
-214,147,1
-229,117,1
-211,145,1
-231,118,1
-231,133,1
-220,148,1
-231,122,1
-221,155,1
-232,130,1
-221,143,1
-219,151,1
-241,125,1
-225,133,1
-213,144,1
-212,138,1
-245,148,1
-252,144,1
-223,141,1
-230,154,1
-223,154,1
-247,125,1
-227,139,1
-242,144,1
-224,153,1
-227,113,1
-237,157,1
-217,144,1
-237,123,1
-222,153,1
-238,143,1
-233,121,1
-233,152,1
-243,129,1
-224,114,1
-241,144,1
-219,153,1
-229,128,1
-220,130,1
-240,143,1
-216,146,1
-239,112,1
-237,159,1
-241,153,1
-214,137,1
-232,137,1
-214,131,1
-231,115,1
-239,156,1
-241,135,1
-227,135,1
-224,139,1
-223,154,1
-246,125,1
-246,154,1
-227,139,1
-235,142,1
-236,153,1
-255,136,1
-243,135,1
-245,128,1
-222,119,1
-230,152,1
-225,130,1
-254,148,1
-254,127,1
-226,144,1
-216,126,1
-252,142,1
-213,124,1
-254,144,1
-241,117,1
-211,136,1
-219,126,1
-216,147,1
-231,141,1
-236,152,1
-213,147,1
-212,144,1
-223,117,1
-234,152,1
-227,148,1
-257,132,1
-236,129,1
-242,125,1
-249,123,1
-226,148,1
-221,128,1
-230,128,1
-249,117,1
-211,127,1
-250,143,1
-235,138,1
-215,133,1
-233,135,1
-228,113,1
-256,136,1
-220,125,1
-229,130,1
-218,127,1
-219,122,1
-255,143,1
-239,116,1
-218,154,1
-237,119,1
-232,159,1
-216,146,1
-224,126,1
-212,133,1
-253,150,1
-232,155,1
-239,112,1
-224,155,1
-214,141,1
-217,123,1
-240,155,1
-234,123,1
-214,142,1
-227,122,1
-251,142,1
-214,134,1
-213,141,1
-229,115,1
-241,133,1
-225,135,1
-223,116,1
-236,132,1
-239,130,1
-246,137,1
-243,127,1
-247,126,1
-250,148,1
-243,151,1
-234,128,1
-244,130,1
-220,120,1
-249,116,1
-255,123,1
-234,126,1
-222,119,1
-239,124,1
-237,147,1
-216,127,1
-219,116,1
