-3,-28,0
2,4,0
4,-30,0
-13,-28,0
-1,-3,0
-2,0,0
6,2,0
1,-21,0
9,-32,0
7,-27,0
19,-17,0
10,-34,0
14,-4,0
11,-8,0
-5,-11,0
-11,-5,0
-3,-13,0
13,-32,0
22,-15,0
-9,-14,0
5,-15,0
-11,-29,0
-7,2,0
11,-22,0
-9,3,0
0,-21,0
-15,-11,0
18,-35,0
-8,-43,0
3,-3,0
-17,-8,0
5,-35,0
1,-16,0
-11,-17,0
15,-20,0
-16,-34,0
-22,-19,0
-23,-22,0
-10,-15,0
-20,-25,0
-8,-26,0
-3,3,0
-2,-5,0
-11,-19,0
13,-18,0
12,-17,0
-15,-18,0
-2,-41,0
-14,-2,0
-4,-4,0
-18,-14,0
12,-31,0
-3,-38,0
-7,-20,0
-4,-38,0
12,-31,0
4,-8,0
11,-4,0
22,-20,0
-17,-17,0
-20,-19,0
-6,-16,0
-15,-21,0
11,-4,0
-2,-7,0
-6,-30,0
-19,-35,0
12,-23,0
4,4,0
22,-9,0
8,-7,0
-7,-1,0
5,-41,0
14,-5,0
-1,-41,0
-13,-4,0
17,-6,0
9,-28,0
10,-1,0
-7,-21,0
-20,-24,0
7,-30,0
12,-7,0
-10,-1,0
-10,-13,0
18,-11,0
5,-32,0
11,-1,0
-5,-22,0
-3,-5,0
-7,0,0
-16,-13,0
2,-18,0
11,-8,0
15,-8,0
2,4,0
-5,-4,0
7,-15,0
-10,-40,0
17,-35,0
1,-35,0
2,-21,0
4,-2,0
-17,-17,0
-12,-32,0
6,-18,0
9,-8,0
-8,-22,0
-3,-3,0
24,-14,0
16,-25,0
-4,-38,0
-5,2,0
9,3,0
-21,-21,0
-7,-25,0
6,3,0
-10,-14,0
-6,-3,0
2,1,0
-13,0,0
11,-39,0
12,-17,0
4,1,0
9,-3,0
-17,-7,0
-8,-5,0
2,-28,0
21,-30,0
9,-35,0
10,-41,0
9,1,0
-6,-42,0
4,-24,0
-23,-24,0
-17,-32,0
-21,-11,0
-20,-9,0
-11,-26,0
-10,-40,0
11,-13,0
16,-32,0
13,-14,0
-6,-29,0
8,-25,0
13,-27,0
6,-12,0
24,-22,0
3,1,0
21,-25,0
4,-14,0
-10,-4,0
-15,-34,0
1,3,0
7,-13,0
-15,-2,0
-10,-5,0
15,-14,0
-13,-26,0
3,-29,0
-3,-36,0
-19,-6,0
-19,-12,0
16,-38,0
7,-3,0
5,-30,0
3,-29,0
0,-8,0
12,-32,0
9,-1,0
-20,-34,0
5,2,0
17,-9,0
-16,-30,0
8,-6,0
-11,-17,0
-1,-40,0
12,-29,0
5,1,0
23,-28,0
-4,-21,0
15,-21,0
-18,-9,0
-15,-6,0
8,-9,0
1,-44,0
6,-30,0
14,-14,0
3,-16,0
-11,-38,0
-5,-26,0
9,-18,0
8,-7,0
9,3,0
16,-9,0
6,-19,0
-8,-10,0
12,-18,0
-22,-21,0
-20,-20,0
12,-39,0
9,-27,0
-2,4,0
2,-12,0
6,-43,0
-6,3,0
-6,-20,0
-6,-28,0
17,-28,0
0,-34,0
-19,-23,0
-9,-3,0
22,-24,0
-7,-36,0
-9,-26,0
-12,-9,0
4,-9,0
-12,-11,0
11,-1,0
0,-42,0
-22,-13,0
10,-27,0
11,-41,0
5,-39,0
-15,-12,0
-20,-33,0
23,-15,0
-1,-35,0
-15,-28,0
-6,-24,0
12,-36,0
-7,2,0
-9,3,0
-19,-23,0
-14,-20,0
-3,-13,0
17,-14,0
-6,-21,0
12,-14,0
22,-20,0
18,-27,0
7,-17,0
4,-36,0
-22,-18,0
9,-4,0
1,-32,0
9,-31,0
4,-12,0
-4,-31,0
9,-36,0
-9,-5,0
8,-21,0
-2,-8,0
-19,-4,0
-4,-1,0
16,-32,0
4,-11,0
-1,4,0
-14,-31,0
-2,-24,0
-10,-3,0
-14,-35,0
-3,-44,0
-9,-36,0
-5,-16,0
4,-44,0
5,-25,0
2,-8,0
-11,-19,0
-12,-33,0
5,-27,0
12,-1,0
-1,-30,0
-12,-28,0
21,-22,0
-15,-21,0
-10,-16,0
-15,-14,0
17,-8,0
-16,-30,0
-2,-16,0
22,-12,0
0,-18,0
2,-38,0
-11,-26,0
17,-24,0
13,-16,0
23,-20,0
17,-29,0
14,-3,0
15,-27,0
-21,-29,0
5,-37,0
4,-10,0
-18,-37,0
-6,-3,0
16,-39,0
11,-16,0
-7,-4,0
9,-28,0
8,-40,0
12,-23,0
22,-14,0
-6,-7,0
12,-29,0
-20,-33,0
2,-33,0
7,-30,0
7,-40,0
23,-11,0
20,-6,0
-3,4,0
-21,-13,0
-9,3,0
-10,-26,0
-17,-16,0
-6,-24,0
-2,-30,0
18,-34,0
-7,-5,0
23,-27,0
3,-41,0
9,-26,0
-7,-6,0
-13,0,0
8,-1,0
-5,-1,0
-12,-15,0
-7,-4,0
-2,-22,0
5,-17,0
4,-42,0
12,-27,0
35,7,1
17,31,1
4,1,1
1,-2,1
-2,5,1
-2,-5,1
22,5,1
31,7,1
5,8,1
2,23,1
-6,14,1
7,-9,1
10,30,1
25,-3,1
10,-7,1
17,12,1
-2,11,1
8,13,1
25,-7,1
1,20,1
1,20,1
31,-6,1
4,3,1
31,20,1
7,-9,1
25,0,1
-2,16,1
2,-5,1
29,11,1
17,16,1
36,26,1
13,11,1
23,-3,1
8,-8,1
12,12,1
12,16,1
39,2,1
15,17,1
26,-13,1
6,9,1
-4,19,1
19,3,1
17,-8,1
15,22,1
15,20,1
11,11,1
10,-12,1
19,-12,1
-5,11,1
20,-5,1
42,12,1
15,8,1
16,-4,1
6,0,1
25,4,1
9,25,1
-4,3,1
19,4,1
15,-8,1
10,2,1
19,-1,1
17,2,1
25,17,1
14,22,1
8,-4,1
29,9,1
26,-5,1
10,23,1
8,23,1
21,-6,1
22,-14,1
24,13,1
14,31,1
41,7,1
16,-5,1
25,22,1
22,14,1
34,-3,1
35,20,1
23,30,1
27,5,1
25,-6,1
39,5,1
39,20,1
14,15,1
12,-3,1
26,-2,1
9,5,1
-1,-1,1
4,-9,1
26,10,1
9,-11,1
4,31,1
11,24,1
3,14,1
25,2,1
2,-5,1
39,13,1
16,-7,1
21,24,1
40,20,1
11,31,1
18,6,1
23,10,1
-1,-7,1
19,21,1
29,-1,1
7,-10,1
25,30,1
2,13,1
-6,13,1
-1,-5,1
30,9,1
2,7,1
7,12,1
12,7,1
1,-1,1
20,3,1
20,3,1
26,16,1
34,1,1
21,5,1
-4,7,1
6,29,1
5,-6,1
19,-8,1
23,-14,1
32,29,1
2,27,1
14,5,1
34,25,1
34,8,1
22,22,1
15,16,1
14,-14,1
34,6,1
11,-9,1
9,-5,1
38,6,1
-6,2,1
0,-1,1
2,26,1
15,-11,1
9,15,1
1,7,1
23,33,1
-6,18,1
11,34,1
11,7,1
8,10,1
11,17,1
32,7,1
-1,7,1
30,-9,1
26,-13,1
29,-5,1
5,8,1
10,5,1
6,18,1
22,-7,1
16,27,1
28,19,1
10,-3,1
18,9,1
10,-10,1
13,23,1
1,23,1
16,3,1
6,10,1
25,-10,1
34,0,1
17,12,1
21,0,1
24,-14,1
7,13,1
18,23,1
19,28,1
7,18,1
36,-6,1
26,-5,1
6,-5,1
7,26,1
39,7,1
6,-7,1
6,15,1
21,-14,1
26,24,1
-1,-2,1
36,22,1
9,29,1
35,13,1
31,18,1
27,-10,1
3,23,1
21,-2,1
13,27,1
17,14,1
25,-3,1
5,-7,1
19,10,1
11,26,1
13,10,1
17,33,1
29,5,1
14,23,1
5,-4,1
10,26,1
15,10,1
10,24,1
34,17,1
36,6,1
7,31,1
15,-3,1
6,31,1
4,-1,1
15,-11,1
25,28,1
5,22,1
38,21,1
30,-4,1
31,1,1
-5,11,1
1,-3,1
18,9,1
7,24,1
-2,-2,1
8,18,1
16,9,1
20,-4,1
26,0,1
12,3,1
13,5,1
13,12,1
32,10,1
24,23,1
22,27,1
9,-13,1
18,30,1
5,5,1
11,11,1
14,29,1
26,0,1
16,17,1
17,16,1
16,-4,1
20,11,1
22,3,1
38,19,1
5,23,1
29,21,1
33,8,1
28,23,1
-6,15,1
4,-6,1
27,14,1
3,15,1
7,14,1
23,30,1
14,5,1
-4,14,1
19,14,1
17,-4,1
23,31,1
10,23,1
13,27,1
35,23,1
31,14,1
5,9,1
30,2,1
13,0,1
15,10,1
-1,11,1
25,-4,1
18,-3,1
14,8,1
14,9,1
28,-9,1
23,4,1
25,18,1
0,23,1
-6,12,1
37,22,1
6,24,1
20,-9,1
31,28,1
23,15,1
-6,2,1
0,12,1
2,15,1
13,-9,1
9,-7,1
13,0,1
29,18,1
0,-3,1
13,11,1
11,9,1
13,-11,1
17,31,1
21,5,1
33,19,1
22,24,1
30,-2,1
-1,6,1
17,-10,1
26,24,1
20,22,1
29,7,1
31,18,1
35,15,1
24,-5,1
9,12,1
38,13,1
23,-12,1
26,-12,1
29,-1,1
39,4,1
7,-6,1
12,-10,1
20,19,1
34,-8,1
3,28,1
23,-4,1
16,33,1
8,-3,1
-3,7,1
4,13,1
13,6,1
15,-2,1
14,20,1
0,22,1
26,-10,1
34,28,1
20,-8,1
-6,5,1
-21,17,1
-12,-14,1
-15,5,1
-38,18,1
6,12,1
-33,28,1
-28,-11,1
-3,-7,1
-22,7,1
-9,-11,1
-34,24,1
-24,25,1
7,10,1
3,7,1
-39,5,1
-12,-9,1
-6,29,1
-23,11,1
-11,-13,1
-18,-10,1
-5,14,1
4,-2,1
-18,12,1
0,-5,1
-32,6,1
-18,29,1
-9,-2,1
2,24,1
-33,15,1
-4,14,1
3,7,1
-24,13,1
-19,30,1
-35,18,1
-21,12,1
-21,9,1
-12,25,1
-39,6,1
-38,10,1
-13,30,1
-17,8,1
-22,29,1
-34,8,1
-19,1,1
-16,33,1
-11,10,1
-25,28,1
-30,24,1
-17,-9,1
-20,-14,1
3,15,1
-5,24,1
-36,8,1
-3,23,1
-6,26,1
-34,22,1
-10,-8,1
-22,-1,1
-26,25,1
7,14,1
4,22,1
-11,34,1
5,14,1
-27,0,1
-21,-7,1
-35,11,1
4,5,1
-23,21,1
-2,26,1
-41,10,1
-21,27,1
-27,-5,1
-35,5,1
-20,-3,1
-42,10,1
-26,22,1
6,17,1
-10,32,1
-25,15,1
-22,-4,1
-2,5,1
-8,7,1
-26,30,1
-15,2,1
-14,17,1
-19,17,1
-19,2,1
-24,1,1
-2,3,1
-33,29,1
-37,5,1
4,3,1
-40,19,1
-5,31,1
1,25,1
-35,3,1
-36,16,1
-35,7,1
-14,8,1
-35,16,1
-23,-8,1
-39,6,1
-23,-2,1
-41,12,1
2,1,1
-9,17,1
-22,1,1
-9,-12,1
7,11,1
4,-1,1
-13,19,1
-30,-3,1
-21,-10,1
-19,5,1
-39,0,1
3,15,1
-37,14,1
-16,27,1
-25,24,1
-19,-8,1
-36,11,1
-40,0,1
-20,8,1
-3,19,1
-17,17,1
-19,17,1
-23,18,1
-11,34,1
-36,10,1
-20,-4,1
6,11,1
-20,-5,1
-34,23,1
-22,33,1
-15,33,1
-8,8,1
-31,19,1
2,24,1
-27,26,1
-4,-1,1
-8,-6,1
4,22,1
-36,15,1
-13,20,1
-19,-14,1
-29,19,1
-2,6,1
-25,-3,1
-16,24,1
-34,0,1
-3,-10,1
-29,9,1
-34,15,1
-10,28,1
-32,6,1
-3,-6,1
-31,-10,1
-23,-7,1
5,6,1
-10,3,1
-37,-5,1
-38,20,1
-17,6,1
-9,19,1
-4,26,1
-34,4,1
-10,20,1
-37,19,1
-8,14,1
1,9,1
-33,-6,1
3,0,1
-23,28,1
-35,-1,1
-5,-2,1
-12,22,1
-23,11,1
-2,14,1
-29,14,1
-7,19,1
-19,13,1
-22,5,1
-27,-4,1
-6,17,1
-25,32,1
-26,-7,1
-41,8,1
-35,12,1
-36,-1,1
3,14,1
-29,13,1
-7,11,1
0,9,1
-4,13,1
-16,0,1
-18,26,1
-16,13,1
-40,6,1
-8,24,1
-24,29,1
-18,19,1
0,21,1
-4,5,1
-10,-11,1
-32,3,1
-36,18,1
-26,0,1
-38,16,1
-18,-13,1
-21,30,1
-35,6,1
-10,0,1
3,19,1
-34,16,1
-26,12,1
-17,6,1
-40,20,1
-33,2,1
-4,-4,1
-4,-10,1
-12,-7,1
-6,11,1
-18,-2,1
-2,-6,1
-31,17,1
-12,-5,1
5,7,1
-20,20,1
-38,1,1
-6,23,1
-5,1,1
-38,8,1
-13,-11,1
-3,16,1
-33,8,1
5,9,1
0,28,1
-26,-1,1
-39,22,1
-30,23,1
1,23,1
-24,31,1
-7,6,1
-24,17,1
-17,33,1
-34,7,1
0,20,1
-31,24,1
-16,31,1
-38,20,1
-7,23,1
-38,16,1
-24,-7,1
-21,29,1
0,7,1
-8,8,1
-17,20,1
-8,6,1
-7,-3,1
-35,17,1
-32,24,1
2,4,1
-14,13,1
3,10,1
-2,12,1
0,20,1
-12,12,1
-38,11,1
-37,4,1
-8,19,1
-29,-3,1
-11,26,1
-20,11,1
-9,5,1
-9,1,1
4,10,1
-30,23,1
-7,-2,1
-17,-8,1
-18,32,1
-12,11,1
-23,1,1
-24,3,1
-30,1,1
-31,4,1
-21,3,1
-30,7,1
-9,26,1
-7,-11,1
-37,2,1
-29,16,1
-34,-5,1
-11,29,1
-19,4,1
6,13,1
-11,11,1
-25,21,1
-18,14,1
-3,9,1
0,-7,1
-6,-11,1
6,5,1
-3,26,1
-9,-3,1
3,-1,1
-8,-2,1
-7,-1,1
-3,-10,1
-14,-3,1
-16,23,1
-26,10,1
-13,-11,1
-12,4,1
-28,32,1
-16,-6,1
3,8,1
-12,24,1
-33,5,1
-28,20,1
-12,-5,1
-35,26,1
6,9,1
0,2,1
-18,10,1
-24,4,1
-11,18,1
-21,13,1
0,27,1
-4,9,1
-27,-12,1
-28,24,1
-27,0,1
