-3,-80,0
6,-62,0
4,-75,0
4,-90,0
13,-70,0
-2,-66,0
10,-84,0
-2,-67,0
-3,-91,0
6,-60,0
5,-47,0
2,-74,0
17,-58,0
13,-55,0
12,-70,0
-19,-62,0
23,-62,0
-9,-60,0
-2,-84,0
4,-92,0
-13,-81,0
19,-77,0
10,-90,0
11,-82,0
-3,-75,0
-9,-82,0
14,-87,0
-13,-91,0
9,-76,0
7,-76,0
15,-51,0
2,-47,0
0,-80,0
5,-54,0
2,-53,0
-18,-86,0
-15,-87,0
-2,-46,0
1,-88,0
-4,-71,0
-2,-55,0
23,-77,0
-16,-67,0
3,-82,0
-16,-82,0
2,-58,0
14,-70,0
9,-72,0
9,-47,0
3,-72,0
-3,-67,0
5,-76,0
17,-77,0
24,-73,0
-1,-58,0
11,-92,0
12,-73,0
13,-83,0
4,-75,0
8,-53,0
-8,-69,0
16,-74,0
16,-66,0
-4,-55,0
-2,-54,0
12,-72,0
18,-57,0
0,-91,0
0,-86,0
3,-50,0
7,-65,0
-12,-54,0
10,-69,0
-5,-82,0
-24,-65,0
3,-49,0
-10,-67,0
-24,-74,0
21,-72,0
-17,-56,0
9,-64,0
-19,-62,0
9,-78,0
-18,-76,0
10,-92,0
8,-68,0
-14,-80,0
10,-64,0
-15,-65,0
-23,-61,0
-5,-79,0
-19,-81,0
9,-83,0
-13,-81,0
0,-77,0
-6,-65,0
3,-93,0
-12,-52,0
-23,-63,0
14,-63,0
-6,-68,0
-1,-77,0
-6,-74,0
-17,-84,0
-15,-52,0
-12,-89,0
-1,-79,0
-17,-80,0
9,-75,0
1,-49,0
23,-64,0
16,-69,0
-11,-59,0
-7,-72,0
2,-78,0
-12,-89,0
-7,-68,0
-4,-64,0
-2,-58,0
-10,-62,0
1,-91,0
-20,-66,0
-3,-84,0
-14,-56,0
-22,-72,0
-5,-86,0
-10,-79,0
15,-57,0
9,-54,0
11,-84,0
3,-50,0
12,-63,0
7,-63,0
10,-51,0
-16,-74,0
-12,-64,0
-1,-81,0
20,-67,0
23,-75,0
20,-76,0
-11,-79,0
-1,-84,0
6,-76,0
10,-75,0
1,-51,0
-14,-88,0
9,-58,0
3,-62,0
17,-60,0
22,-71,0
1,-84,0
17,-82,0
-18,-56,0
-23,-68,0
-23,-62,0
23,-68,0
-22,-71,0
-5,-80,0
18,-87,0
19,-74,0
16,-80,0
-12,-88,0
12,-87,0
16,-84,0
-12,-71,0
-9,-69,0
-4,-75,0
16,-64,0
-22,-76,0
-9,-62,0
12,-62,0
1,-61,0
5,-59,0
-7,-78,0
-7,-51,0
-8,-80,0
16,-74,0
7,-52,0
-17,-84,0
20,-85,0
-11,-67,0
-10,-85,0
16,-53,0
-8,-72,0
-5,-49,0
10,-72,0
16,-53,0
2,-69,0
0,-48,0
11,-58,0
18,-85,0
21,-57,0
-21,-59,0
7,-75,0
17,-75,0
-10,-48,0
2,-71,0
6,-91,0
6,-90,0
17,-87,0
-15,-87,0
-20,-65,0
-20,-85,0
25,-70,0
-8,-92,0
-17,-70,0
-5,-58,0
1,-81,0
-10,-80,0
-8,-78,0
19,-55,0
-5,-74,0
22,-73,0
24,-76,0
-18,-77,0
2,-81,0
-14,-87,0
17,-73,0
-7,-92,0
16,-72,0
2,-70,0
15,-82,0
20,-66,0
12,-54,0
-5,-63,0
16,-74,0
-14,-75,0
-2,-90,0
-1,-56,0
-1,-49,0
1,-46,0
9,-75,0
15,-88,0
1,-79,0
8,-79,0
-21,-81,0
-20,-56,0
-2,-78,0
10,-92,0
12,-51,0
-19,-84,0
-10,-86,0
9,-79,0
-19,-81,0
12,-73,0
13,-76,0
-6,-82,0
-17,-67,0
22,-71,0
-8,-63,0
14,-67,0
-1,-74,0
-12,-61,0
-13,-57,0
1,-76,0
11,-63,0
-7,-57,0
4,-47,0
-10,-54,0
-13,-63,0
-3,-63,0
-9,-89,0
-22,-79,0
6,-82,0
5,-60,0
8,-61,0
-17,-68,0
12,-78,0
-21,-64,0
-23,-69,0
-20,-67,0
-2,-54,0
20,-69,0
16,-58,0
1,-47,0
-7,-81,0
0,-92,0
-10,-51,0
-12,-64,0
-1,-81,0
-17,-70,0
-22,-69,0
-10,-51,0
19,-84,0
-3,-47,0
-12,-68,0
-16,-74,0
9,-47,0
3,-73,0
3,-57,0
-4,-78,0
-7,-49,0
5,-53,0
-3,-58,0
-13,-85,0
-8,-86,0
-16,-74,0
-21,-73,0
1,-86,0
12,-52,0
-7,-71,0
19,-67,0
-20,-62,0
-20,-82,0
-9,-89,0
7,-60,0
-15,-82,0
9,-58,0
-23,-61,0
-15,-69,0
5,-89,0
-2,-77,0
-18,-63,0
13,-67,0
17,-87,0
5,-52,0
-2,-67,0
11,-71,0
-17,-83,0
-22,-67,0
-11,-77,0
20,-83,0
20,-82,0
-19,-73,0
6,-64,0
-14,-68,0
15,-88,0
-5,-50,0
-14,-81,0
-16,-79,0
18,-84,0
13,-49,0
13,-55,0
55,52,1
51,50,1
59,35,1
70,28,1
38,45,1
56,42,1
36,38,1
72,23,1
65,24,1
63,52,1
44,28,1
59,26,1
59,38,1
75,23,1
41,48,1
72,46,1
69,44,1
74,37,1
52,34,1
50,34,1
55,57,1
68,37,1
52,49,1
49,54,1
65,17,1
43,24,1
84,33,1
60,16,1
50,32,1
41,50,1
49,50,1
60,53,1
68,31,1
53,19,1
68,21,1
53,44,1
65,40,1
44,30,1
46,29,1
66,19,1
53,28,1
57,52,1
57,13,1
57,58,1
72,48,1
73,41,1
83,32,1
63,55,1
83,38,1
68,20,1
51,15,1
76,44,1
72,17,1
61,43,1
48,17,1
47,50,1
47,47,1
68,54,1
68,30,1
49,55,1
75,46,1
70,41,1
54,15,1
52,30,1
54,31,1
42,48,1
79,43,1
71,17,1
77,42,1
74,19,1
50,41,1
38,32,1
70,28,1
50,25,1
67,42,1
74,19,1
64,44,1
77,27,1
53,55,1
81,44,1
70,28,1
70,55,1
75,36,1
48,48,1
75,24,1
44,21,1
43,52,1
61,41,1
80,42,1
67,19,1
62,34,1
59,14,1
58,56,1
70,15,1
71,51,1
41,48,1
49,38,1
48,16,1
81,40,1
67,45,1
64,57,1
77,37,1
51,58,1
79,45,1
55,27,1
63,25,1
73,44,1
77,52,1
46,55,1
68,30,1
79,49,1
73,47,1
66,44,1
55,38,1
57,23,1
76,19,1
64,36,1
69,38,1
82,47,1
76,52,1
58,55,1
63,36,1
80,23,1
75,24,1
42,32,1
40,35,1
59,31,1
70,33,1
57,59,1
46,32,1
37,30,1
69,14,1
62,25,1
51,35,1
71,34,1
68,18,1
43,28,1
71,25,1
48,41,1
64,14,1
44,45,1
52,47,1
47,52,1
81,34,1
82,30,1
55,26,1
55,34,1
77,24,1
54,49,1
74,39,1
60,26,1
54,50,1
52,17,1
52,37,1
59,29,1
68,28,1
39,44,1
48,31,1
69,58,1
82,30,1
83,31,1
78,20,1
57,15,1
66,50,1
53,34,1
79,24,1
66,53,1
52,56,1
45,49,1
44,48,1
74,30,1
55,43,1
74,42,1
41,23,1
45,18,1
63,54,1
51,19,1
80,23,1
73,55,1
74,50,1
43,50,1
65,21,1
62,14,1
63,17,1
50,54,1
69,39,1
50,41,1
66,30,1
48,52,1
53,30,1
54,52,1
55,23,1
81,34,1
53,19,1
67,57,1
41,27,1
45,47,1
58,52,1
59,23,1
51,39,1
38,30,1
42,27,1
50,36,1
49,17,1
60,33,1
65,19,1
76,24,1
54,46,1
67,38,1
49,21,1
65,43,1
59,46,1
59,47,1
47,20,1
57,52,1
43,31,1
52,15,1
52,41,1
63,52,1
70,34,1
70,35,1
62,58,1
61,42,1
57,16,1
62,17,1
70,47,1
72,38,1
43,48,1
58,39,1
77,41,1
68,12,1
67,40,1
56,48,1
65,46,1
72,44,1
43,31,1
42,21,1
70,32,1
67,15,1
63,15,1
68,52,1
79,30,1
67,27,1
44,46,1
49,17,1
70,46,1
75,36,1
67,24,1
43,21,1
41,28,1
60,56,1
43,21,1
46,41,1
37,41,1
58,43,1
70,35,1
61,48,1
69,42,1
40,23,1
66,34,1
65,59,1
69,42,1
47,53,1
68,26,1
52,48,1
53,26,1
71,24,1
46,33,1
68,16,1
57,12,1
67,19,1
48,45,1
45,24,1
52,12,1
42,42,1
72,42,1
56,17,1
45,32,1
69,57,1
62,35,1
44,52,1
49,56,1
66,42,1
78,47,1
81,21,1
53,26,1
74,32,1
79,20,1
70,54,1
70,27,1
43,43,1
56,17,1
74,47,1
62,47,1
39,25,1
59,24,1
80,30,1
79,25,1
62,55,1
52,12,1
40,39,1
81,48,1
48,49,1
62,23,1
51,56,1
58,53,1
43,45,1
47,47,1
70,22,1
47,25,1
73,16,1
43,30,1
77,37,1
57,21,1
56,22,1
84,39,1
55,29,1
40,31,1
54,20,1
52,32,1
59,34,1
76,50,1
84,34,1
70,56,1
75,17,1
41,27,1
55,31,1
72,51,1
54,17,1
70,12,1
52,57,1
46,50,1
72,49,1
-41,34,1
-69,13,1
-42,37,1
-44,39,1
-71,17,1
-53,36,1
-79,19,1
-44,43,1
-71,57,1
-67,14,1
-63,24,1
-82,44,1
-56,30,1
-61,30,1
-57,47,1
-76,20,1
-54,19,1
-80,47,1
-45,23,1
-47,25,1
-65,11,1
-54,43,1
-59,34,1
-52,38,1
-54,28,1
-58,31,1
-42,35,1
-70,34,1
-66,20,1
-40,38,1
-64,47,1
-69,26,1
-75,35,1
-72,39,1
-50,51,1
-75,45,1
-79,36,1
-74,47,1
-55,42,1
-53,52,1
-80,27,1
-77,25,1
-82,25,1
-46,22,1
-44,48,1
-69,43,1
-43,33,1
-47,49,1
-40,43,1
-66,20,1
-41,37,1
-59,31,1
-58,50,1
-70,56,1
-54,48,1
-73,49,1
-50,51,1
-63,42,1
-42,23,1
-70,33,1
-72,30,1
-66,31,1
-39,38,1
-56,31,1
-58,42,1
-74,17,1
-61,24,1
-60,16,1
-50,15,1
-40,23,1
-84,30,1
-52,40,1
-65,46,1
-65,36,1
-71,51,1
-66,34,1
-65,29,1
-46,46,1
-57,15,1
-70,57,1
-81,34,1
-50,51,1
-65,20,1
-77,27,1
-76,44,1
-74,33,1
-72,49,1
-65,54,1
-51,54,1
-65,33,1
-71,45,1
-49,52,1
-70,17,1
-61,28,1
-67,33,1
-74,14,1
-69,43,1
-43,32,1
-78,24,1
-73,48,1
-41,44,1
-63,36,1
-82,38,1
-66,29,1
-59,32,1
-67,17,1
-59,40,1
-58,34,1
-71,42,1
-60,14,1
-45,28,1
-66,21,1
-60,58,1
-40,22,1
-61,45,1
-56,25,1
-72,27,1
-85,31,1
-46,48,1
-57,35,1
-70,44,1
-82,41,1
-54,48,1
-65,21,1
-64,28,1
-46,41,1
-70,48,1
-61,14,1
-67,21,1
-64,37,1
-51,53,1
-73,34,1
-43,52,1
-83,29,1
-67,30,1
-57,41,1
-83,43,1
-62,17,1
-68,48,1
-75,52,1
-85,35,1
-61,53,1
-70,35,1
-74,26,1
-84,35,1
-48,39,1
-56,56,1
-62,20,1
-70,40,1
-67,57,1
-51,27,1
-81,28,1
-70,15,1
-76,28,1
-85,38,1
-57,36,1
-52,17,1
-68,48,1
-80,31,1
-66,46,1
-62,41,1
-72,44,1
-54,28,1
-78,19,1
-56,29,1
-77,48,1
-72,14,1
-70,42,1
-57,20,1
-50,42,1
-53,51,1
-69,39,1
-48,41,1
-43,42,1
-55,22,1
-38,30,1
-75,34,1
-52,27,1
-65,28,1
-76,40,1
-56,11,1
-67,46,1
-61,26,1
-51,36,1
-60,48,1
-38,44,1
-57,20,1
-66,20,1
-51,18,1
-68,43,1
-44,45,1
-45,36,1
-67,35,1
-83,45,1
-46,46,1
-63,18,1
-64,17,1
-61,36,1
-54,22,1
-84,31,1
-43,52,1
-84,33,1
-49,36,1
-73,43,1
-73,51,1
-37,37,1
-72,56,1
-68,16,1
-48,21,1
-62,14,1
-77,32,1
-75,39,1
-56,45,1
-57,48,1
-72,32,1
-52,14,1
-80,48,1
-43,46,1
-63,20,1
-57,57,1
-55,16,1
-55,14,1
-68,44,1
-76,49,1
-77,28,1
-70,42,1
-65,11,1
-56,40,1
-43,20,1
-67,33,1
-55,46,1
-52,13,1
-77,35,1
-38,35,1
-42,46,1
-49,24,1
-80,28,1
-52,47,1
-56,33,1
-80,43,1
-56,24,1
-57,21,1
-55,39,1
-63,24,1
-42,42,1
-71,18,1
-50,32,1
-37,35,1
-71,41,1
-48,24,1
-52,40,1
-49,57,1
-53,32,1
-47,50,1
-60,32,1
-38,36,1
-46,18,1
-58,49,1
-39,46,1
-60,51,1
-80,43,1
-49,32,1
-46,34,1
-84,33,1
-71,47,1
-74,29,1
-76,26,1
-79,27,1
-51,12,1
-78,23,1
-42,26,1
-42,32,1
-65,19,1
-76,26,1
-38,41,1
-60,40,1
-56,11,1
-73,15,1
-79,41,1
-54,47,1
-63,14,1
-63,47,1
-41,41,1
-48,51,1
-73,44,1
-71,51,1
-69,40,1
-77,18,1
-78,39,1
-59,29,1
-48,28,1
-76,50,1
-62,15,1
-75,51,1
-78,41,1
-72,49,1
-67,18,1
-80,29,1
-60,14,1
-79,19,1
-52,43,1
-58,21,1
-43,18,1
-55,53,1
-73,21,1
-78,39,1
-53,48,1
-59,17,1
-62,52,1
-58,24,1
-63,26,1
-48,17,1
-78,28,1
-62,14,1
-68,26,1
-56,28,1
-53,43,1
-60,32,1
-64,45,1
-57,41,1
-66,55,1
-43,39,1
-69,56,1
-53,13,1
-64,12,1
-80,49,1
-65,45,1
-71,19,1
-40,35,1
-75,21,1
-51,45,1
-51,18,1
-55,16,1
