18,-8,0
-21,-22,0
-3,-1,0
8,2,0
-21,-13,0
15,-20,0
-8,-34,0
-5,-21,0
11,-30,0
10,1,0
20,-31,0
23,-22,0
14,-27,0
1,-41,0
0,-41,0
2,-8,0
13,-13,0
11,-38,0
-13,-33,0
16,-25,0
12,-8,0
-17,-34,0
7,-43,0
4,-5,0
12,-18,0
-22,-13,0
2,-26,0
1,1,0
24,-14,0
19,-19,0
17,-6,0
9,-10,0
18,-14,0
-12,-34,0
-14,-1,0
-12,-11,0
-2,-11,0
5,-43,0
7,-33,0
-11,-24,0
-13,-10,0
-7,-42,0
22,-11,0
-1,1,0
-5,-13,0
6,-1,0
6,-24,0
-6,-40,0
-8,-37,0
17,-36,0
7,-6,0
4,-28,0
0,-9,0
21,-7,0
-12,-21,0
-17,-7,0
-1,-36,0
-11,-16,0
-4,1,0
-6,-31,0
-6,-20,0
-11,-36,0
-8,-12,0
9,-5,0
2,-17,0
7,-42,0
-2,-27,0
6,-3,0
15,-1,0
0,-28,0
12,-15,0
14,-29,0
24,-26,0
-17,-27,0
-16,-39,0
-18,-35,0
-5,-9,0
-22,-19,0
15,-4,0
23,-26,0
-10,-12,0
-7,-35,0
-7,-22,0
-20,-19,0
-18,-35,0
20,-10,0
16,-7,0
15,-11,0
8,-27,0
0,0,0
12,-21,0
-13,-33,0
-7,-22,0
-18,-16,0
-8,-2,0
-5,-3,0
16,-11,0
23,-13,0
21,-19,0
23,-15,0
2,-5,0
-6,-19,0
-18,-15,0
14,-13,0
6,-28,0
3,-34,0
7,-30,0
7,-16,0
-17,-35,0
1,-37,0
-6,-11,0
3,-37,0
5,1,0
19,-32,0
-13,-6,0
-9,-30,0
-4,-37,0
5,-14,0
-11,-5,0
0,-20,0
16,-16,0
9,-5,0
0,-3,0
6,-25,0
5,-28,0
-3,-19,0
-3,-12,0
-18,-36,0
-8,-18,0
-17,-8,0
6,-40,0
-17,-30,0
-15,-19,0
-16,-11,0
-13,-37,0
4,-12,0
-12,-36,0
0,-19,0
11,-23,0
-8,-7,0
7,-41,0
18,-10,0
12,-11,0
-9,-9,0
1,-11,0
12,-4,0
-15,-4,0
-13,1,0
20,-30,0
-24,-20,0
-15,0,0
-13,-8,0
-3,-26,0
-11,-32,0
10,-39,0
-5,-13,0
-6,-15,0
-16,-15,0
15,-2,0
13,-32,0
-14,-16,0
15,-5,0
2,-38,0
-2,-42,0
-10,-20,0
4,-38,0
-14,-32,0
-7,-33,0
-17,-13,0
-13,-5,0
19,-24,0
5,-29,0
-8,1,0
11,-21,0
-4,4,0
15,-17,0
6,-32,0
10,-30,0
-13,-33,0
-22,-27,0
-12,-8,0
2,-23,0
11,-7,0
1,-18,0
4,-1,0
23,-26,0
16,-36,0
11,-39,0
6,-42,0
-1,-43,0
13,-3,0
1,-32,0
-3,-13,0
5,-44,0
-10,-19,0
-7,-28,0
5,-24,0
-15,-15,0
13,-9,0
-12,-35,0
18,-5,0
13,-40,0
8,-2,0
15,0,0
23,-12,0
18,-34,0
19,-28,0
19,-31,0
5,-24,0
-12,-10,0
-19,-35,0
-7,-11,0
-4,1,0
-6,-15,0
20,-12,0
-1,-21,0
21,-12,0
-7,-42,0
19,-8,0
-21,-33,0
-22,-29,0
0,-22,0
-2,-13,0
19,-9,0
-7,-13,0
-12,-22,0
11,-24,0
-12,-15,0
4,-15,0
-9,-29,0
-19,-5,0
-9,-4,0
-10,2,0
-24,-14,0
4,-27,0
-20,-7,0
20,-13,0
-8,-31,0
4,-20,0
-3,-35,0
-6,-33,0
-1,-32,0
0,-26,0
-18,-7,0
11,-34,0
-4,-4,0
-22,-17,0
16,-30,0
-2,-10,0
21,-22,0
-5,-17,0
11,0,0
1,-35,0
21,-28,0
18,-18,0
8,-22,0
-1,1,0
6,-30,0
2,-34,0
-19,-33,0
-23,-28,0
2,-19,0
0,-3,0
-2,-28,0
-8,-25,0
-15,-38,0
4,-14,0
5,4,0
7,0,0
18,-22,0
-12,-23,0
-2,2,0
-17,-27,0
17,-8,0
11,-31,0
-2,2,0
-1,-34,0
4,-2,0
1,-32,0
-3,-15,0
-13,-15,0
-6,-7,0
0,-42,0
9,-2,0
-1,-40,0
0,-17,0
-21,-8,0
4,-14,0
19,-16,0
-20,-21,0
3,2,0
-12,-18,0
0,3,0
8,-6,0
2,-19,0
13,-15,0
11,-40,0
-4,-14,0
0,-41,0
0,-28,0
-14,-22,0
-18,-21,0
-15,-32,0
22,-23,0
18,-28,0
-8,-22,0
19,-26,0
7,-12,0
1,-21,0
20,-19,0
-15,-31,0
-4,-20,0
15,-26,0
9,2,0
-2,-3,0
-8,-42,0
-16,-7,0
2,-21,0
-14,-28,0
19,-8,0
6,-21,0
11,-15,0
17,-32,0
8,0,0
-2,-6,0
6,-29,0
3,-33,0
2,-25,0
12,-37,0
-9,2,0
5,-28,0
12,-28,0
-16,-5,0
40,8,1
-2,23,1
11,0,1
18,28,1
38,23,1
36,2,1
35,7,1
13,30,1
5,13,1
32,21,1
14,15,1
38,11,1
30,16,1
15,28,1
31,17,1
28,25,1
16,-9,1
8,8,1
27,-11,1
19,-4,1
0,15,1
11,12,1
21,-1,1
26,18,1
32,-6,1
-1,4,1
32,-2,1
11,8,1
18,-11,1
4,-9,1
13,18,1
-1,19,1
26,23,1
11,13,1
23,33,1
-2,1,1
20,15,1
13,13,1
21,17,1
-2,3,1
-7,13,1
-6,2,1
22,23,1
7,2,1
10,7,1
15,28,1
-7,14,1
42,13,1
1,-7,1
5,17,1
7,-10,1
33,21,1
20,20,1
27,28,1
14,23,1
5,4,1
4,20,1
14,24,1
31,3,1
2,-6,1
32,5,1
28,28,1
31,-7,1
40,0,1
-6,18,1
8,5,1
-4,14,1
11,11,1
9,20,1
37,-3,1
-4,14,1
9,-12,1
-7,14,1
13,-10,1
8,9,1
38,10,1
28,21,1
3,-4,1
2,16,1
20,-6,1
33,6,1
12,12,1
5,-8,1
4,29,1
25,26,1
22,10,1
3,27,1
6,21,1
39,3,1
-3,6,1
5,25,1
30,11,1
22,12,1
41,8,1
6,-5,1
41,5,1
21,27,1
9,24,1
1,28,1
8,1,1
21,31,1
29,9,1
34,0,1
32,17,1
36,24,1
22,-10,1
42,13,1
25,3,1
20,19,1
25,2,1
-1,13,1
34,8,1
-5,6,1
12,0,1
35,24,1
28,26,1
15,17,1
30,-4,1
21,24,1
11,29,1
19,-3,1
16,26,1
4,0,1
32,11,1
24,25,1
3,27,1
38,8,1
14,34,1
24,18,1
-2,13,1
5,18,1
24,30,1
33,22,1
19,25,1
17,-1,1
22,6,1
33,-7,1
-3,-1,1
31,4,1
6,9,1
27,-11,1
4,-5,1
37,21,1
18,14,1
-2,-5,1
12,-13,1
1,-3,1
35,11,1
37,22,1
18,-10,1
13,12,1
24,-9,1
18,31,1
26,-4,1
25,32,1
34,8,1
0,0,1
17,-10,1
0,-4,1
30,-10,1
11,-7,1
24,-13,1
21,-7,1
1,2,1
27,23,1
18,33,1
28,28,1
31,6,1
0,19,1
-6,13,1
30,21,1
11,-1,1
7,8,1
6,13,1
9,28,1
6,-3,1
37,3,1
23,0,1
8,4,1
14,-2,1
25,-7,1
-1,-1,1
31,11,1
-7,15,1
0,3,1
1,-6,1
28,20,1
19,-10,1
16,18,1
13,31,1
-6,9,1
26,-13,1
38,10,1
29,-5,1
8,9,1
33,12,1
18,28,1
33,1,1
5,10,1
-4,-3,1
33,5,1
23,-11,1
3,-3,1
16,10,1
9,-12,1
29,5,1
7,15,1
9,25,1
6,7,1
-3,9,1
28,23,1
17,12,1
41,17,1
27,32,1
18,12,1
29,2,1
18,4,1
30,-2,1
27,27,1
11,4,1
10,28,1
20,2,1
9,-12,1
29,1,1
29,-11,1
14,0,1
41,14,1
26,-1,1
18,8,1
13,5,1
28,11,1
19,-9,1
34,22,1
20,-10,1
10,8,1
8,-4,1
19,-8,1
18,19,1
1,18,1
13,-12,1
15,11,1
13,31,1
37,4,1
-3,-3,1
2,26,1
28,24,1
35,17,1
-2,22,1
18,2,1
33,-1,1
25,9,1
35,3,1
3,14,1
-4,9,1
1,3,1
33,29,1
40,12,1
30,27,1
8,-1,1
39,2,1
20,-1,1
7,19,1
20,0,1
14,5,1
16,30,1
26,5,1
21,18,1
6,8,1
17,14,1
26,6,1
32,-10,1
20,3,1
-3,10,1
38,22,1
5,6,1
21,9,1
35,14,1
35,-7,1
12,28,1
25,25,1
38,-3,1
5,-4,1
20,-6,1
1,26,1
-3,3,1
22,5,1
28,22,1
20,29,1
0,19,1
6,23,1
7,31,1
22,9,1
6,5,1
21,16,1
25,5,1
23,21,1
22,6,1
15,20,1
4,2,1
13,14,1
31,14,1
8,-6,1
30,5,1
15,23,1
21,-7,1
22,-1,1
41,7,1
33,-6,1
35,3,1
7,19,1
1,26,1
41,4,1
10,9,1
35,3,1
11,27,1
-4,15,1
6,6,1
23,-2,1
19,28,1
30,26,1
5,-10,1
5,13,1
35,25,1
41,9,1
-7,14,1
3,-6,1
29,26,1
6,16,1
24,7,1
38,7,1
22,-4,1
31,1,1
6,-2,1
-39,20,1
3,17,1
-31,20,1
-24,-7,1
-2,0,1
-5,16,1
-27,26,1
-30,1,1
-10,6,1
-3,19,1
-31,18,1
-6,-7,1
-19,7,1
-28,20,1
-21,-9,1
-14,21,1
-26,23,1
-21,-7,1
1,21,1
-12,25,1
-11,34,1
-20,-1,1
-8,-8,1
-28,-2,1
1,24,1
-4,22,1
-31,6,1
-5,19,1
-11,24,1
-18,28,1
0,17,1
-22,24,1
-31,27,1
-15,1,1
-33,12,1
-14,-4,1
-26,22,1
-4,4,1
3,10,1
-1,-8,1
-14,-4,1
-6,4,1
-27,30,1
-23,-9,1
-2,4,1
-10,22,1
-21,28,1
-14,-1,1
-18,12,1
-7,27,1
-39,4,1
-31,22,1
-9,26,1
-39,7,1
-4,12,1
-16,34,1
-4,15,1
-14,20,1
-20,27,1
-31,27,1
-10,7,1
-39,-1,1
-9,14,1
-37,14,1
0,7,1
-6,3,1
-41,12,1
-30,29,1
-13,-4,1
-1,15,1
-35,0,1
-24,0,1
2,21,1
-34,27,1
-34,2,1
-27,19,1
6,3,1
-5,6,1
-16,17,1
-29,1,1
6,19,1
-27,-13,1
-29,-12,1
-11,11,1
-27,-6,1
-20,17,1
-27,1,1
-9,19,1
-21,-13,1
-15,0,1
-21,-14,1
-20,23,1
-4,16,1
-9,30,1
-1,0,1
-5,18,1
-13,24,1
-41,3,1
-14,22,1
-30,4,1
-26,10,1
-12,6,1
-38,11,1
2,11,1
-28,1,1
1,17,1
-31,28,1
-24,34,1
-24,6,1
-33,23,1
-29,30,1
0,15,1
-15,34,1
3,14,1
-18,-8,1
-15,34,1
-8,19,1
-26,24,1
0,4,1
-12,-1,1
-33,9,1
-6,-3,1
-29,30,1
-16,27,1
-40,4,1
-12,1,1
4,22,1
-16,10,1
-4,-3,1
-36,25,1
-34,-5,1
-7,2,1
-26,24,1
-20,2,1
-36,1,1
0,2,1
-33,8,1
-9,-1,1
-32,16,1
0,0,1
-16,7,1
-14,6,1
-20,24,1
-13,-8,1
-19,1,1
-18,18,1
-35,4,1
-23,27,1
-16,-2,1
-11,16,1
-6,-12,1
3,10,1
-33,4,1
-40,12,1
-31,21,1
-28,-8,1
-32,24,1
-36,2,1
-4,0,1
-21,34,1
1,0,1
-42,12,1
3,7,1
-24,34,1
-3,-10,1
1,-6,1
-29,1,1
-25,21,1
-33,1,1
-36,-1,1
-10,5,1
-3,4,1
-28,14,1
-17,31,1
5,14,1
3,8,1
-18,26,1
-32,-9,1
-23,34,1
-17,2,1
-24,31,1
-21,19,1
-15,-3,1
-28,7,1
-36,10,1
-7,20,1
-29,7,1
-4,-6,1
-17,26,1
-19,29,1
-30,28,1
-5,-10,1
-2,17,1
-18,13,1
1,6,1
-9,24,1
-26,15,1
-6,11,1
-24,4,1
5,21,1
6,9,1
5,17,1
-17,-1,1
0,5,1
-32,-2,1
-29,3,1
-12,7,1
-27,-11,1
-30,-2,1
-4,-4,1
-31,17,1
-13,29,1
-18,13,1
-23,-9,1
-16,11,1
-16,-5,1
-22,24,1
-1,17,1
-18,34,1
-35,21,1
-21,-4,1
-6,-6,1
-25,21,1
-22,16,1
-26,15,1
-34,25,1
-16,34,1
2,-1,1
-15,-9,1
3,7,1
-25,-4,1
-21,-1,1
-27,11,1
-28,8,1
-3,-7,1
-28,5,1
-21,19,1
-26,24,1
6,16,1
-9,2,1
-25,-11,1
-1,-7,1
-34,-7,1
-27,-13,1
-5,28,1
-34,-1,1
-27,-3,1
-17,12,1
-35,11,1
-9,12,1
-30,21,1
-27,1,1
-15,5,1
7,13,1
-17,-2,1
-9,6,1
-13,21,1
-31,-9,1
-20,34,1
-38,15,1
-6,3,1
-38,9,1
2,19,1
-17,-9,1
-6,32,1
-22,29,1
-6,-3,1
-5,9,1
-20,2,1
-7,23,1
-4,-3,1
-27,22,1
-12,29,1
-20,20,1
-27,14,1
-24,-1,1
-12,4,1
4,19,1
-23,-9,1
-21,16,1
-27,0,1
2,18,1
-9,7,1
-24,16,1
-4,28,1
-11,0,1
-29,2,1
-18,-2,1
-30,11,1
-12,27,1
0,-4,1
-31,22,1
-28,20,1
-29,27,1
-4,-8,1
-21,25,1
-22,-8,1
-25,-11,1
0,8,1
-28,-11,1
-29,31,1
-15,9,1
-31,-2,1
-37,7,1
-20,15,1
-23,-14,1
-39,9,1
-37,-4,1
5,17,1
-9,4,1
3,12,1
-17,-7,1
-35,22,1
-13,21,1
-3,-2,1
-27,18,1
-13,6,1
-23,14,1
-11,25,1
3,24,1
-6,20,1
2,14,1
-26,9,1
1,8,1
-30,2,1
-9,6,1
-6,18,1
-29,10,1
4,7,1
3,8,1
-13,28,1
-8,-1,1
-31,21,1
