21,2,0
0,-13,0
18,2,0
-11,11,0
-15,-12,0
-4,-7,0
-4,-33,0
-11,8,0
-17,5,0
16,1,0
21,-20,0
21,-15,0
6,-4,0
-5,8,0
20,-16,0
16,0,0
-3,-31,0
9,-11,0
-10,-30,0
9,0,0
8,-27,0
24,-13,0
13,-22,0
22,-11,0
-16,-2,0
3,-26,0
7,-33,0
-22,-2,0
-12,1,0
1,-4,0
-2,-3,0
-17,-18,0
-9,-33,0
-9,-12,0
13,9,0
-17,-10,0
3,-30,0
-17,-15,0
-4,-14,0
-6,13,0
17,-19,0
-14,-30,0
11,-30,0
-8,0,0
17,-15,0
-7,8,0
17,-11,0
-6,-29,0
-3,-16,0
3,-14,0
-19,-4,0
-1,-5,0
9,0,0
-15,-6,0
-9,-6,0
-6,-11,0
-8,-31,0
3,13,0
10,-24,0
-13,5,0
-1,12,0
16,-19,0
18,4,0
0,12,0
-4,-10,0
-19,-1,0
-17,-18,0
14,10,0
17,6,0
-13,0,0
-5,-5,0
-2,4,0
18,-24,0
0,-1,0
-7,-7,0
4,3,0
-8,-3,0
3,-33,0
9,-22,0
-14,-29,0
-4,-14,0
6,8,0
-12,-1,0
10,-17,0
1,-20,0
-21,-5,0
-5,-3,0
11,-24,0
0,13,0
-1,10,0
-19,-9,0
-23,-7,0
16,-8,0
13,1,0
-15,-7,0
12,4,0
20,-18,0
8,-12,0
-1,-7,0
-4,-3,0
3,-31,0
-2,1,0
-2,13,0
-13,0,0
-10,-5,0
20,5,0
-1,1,0
-6,12,0
19,-15,0
-21,3,0
-14,5,0
-5,-3,0
-16,9,0
21,-14,0
-10,-24,0
10,-13,0
-20,-15,0
-12,-14,0
8,-10,0
12,-21,0
16,4,0
18,-18,0
11,-6,0
-15,-5,0
7,-24,0
5,3,0
-5,-13,0
19,-24,0
-6,-2,0
-13,-13,0
-12,5,0
20,-10,0
-8,-7,0
-7,-4,0
-5,-13,0
10,-15,0
-12,10,0
11,8,0
10,5,0
-10,-28,0
12,-22,0
-8,-8,0
-23,-1,0
-12,10,0
-10,-9,0
-15,-19,0
19,1,0
-3,10,0
7,-23,0
5,-32,0
-9,4,0
-15,-22,0
19,-22,0
-14,-17,0
22,0,0
-5,8,0
8,-17,0
10,-16,0
-2,-6,0
-9,-33,0
-16,-7,0
-18,-1,0
-14,-3,0
-8,10,0
3,-15,0
18,-18,0
8,6,0
-23,-18,0
-18,2,0
-7,-2,0
-15,-20,0
-2,-4,0
20,-22,0
-12,-1,0
13,-17,0
0,3,0
2,-28,0
13,4,0
4,-2,0
23,-3,0
-12,-3,0
-19,-11,0
0,-8,0
16,-26,0
4,-21,0
8,-9,0
8,-7,0
5,-2,0
24,-13,0
20,-16,0
16,4,0
-2,-6,0
-8,-6,0
-6,10,0
6,8,0
2,-6,0
7,-11,0
-12,-16,0
-9,4,0
-18,-5,0
11,-6,0
9,-5,0
21,-19,0
15,-25,0
-11,-10,0
-23,-4,0
8,0,0
15,-3,0
16,-3,0
-3,-26,0
3,-30,0
19,-5,0
-21,-11,0
-22,-9,0
-19,-17,0
-5,-29,0
-2,-33,0
-24,-10,0
-23,-19,0
-2,-27,0
-16,-1,0
-10,-1,0
18,-11,0
10,-8,0
-7,-29,0
-11,-19,0
20,2,0
-15,-12,0
7,8,0
-9,-6,0
14,-7,0
11,-9,0
16,-10,0
9,1,0
-17,-14,0
18,-19,0
-16,6,0
20,-23,0
21,3,0
-11,-29,0
7,-16,0
18,-25,0
1,-12,0
-10,-11,0
14,-30,0
18,-4,0
19,-15,0
16,-13,0
11,12,0
-12,-30,0
6,-12,0
-4,1,0
-23,-12,0
-5,-12,0
-16,-20,0
-2,-32,0
-3,-19,0
-6,0,0
18,-3,0
3,-16,0
-4,-27,0
-10,-3,0
9,11,0
-11,-19,0
20,-3,0
12,-22,0
-5,-20,0
-16,-5,0
17,-17,0
-6,-6,0
6,11,0
-8,1,0
1,-10,0
-22,-10,0
19,-20,0
-16,5,0
21,-2,0
-16,3,0
-21,-9,0
1,-28,0
12,-26,0
-19,-11,0
4,13,0
-14,-25,0
-10,3,0
-20,3,0
-2,-33,0
9,-26,0
-21,-14,0
7,-17,0
-3,10,0
-25,-10,0
11,11,0
9,-21,0
-3,6,0
-17,-25,0
10,-14,0
-17,-21,0
0,1,0
-7,-14,0
-16,-23,0
4,-25,0
8,-6,0
10,-16,0
-17,-26,0
20,-7,0
21,-18,0
3,-27,0
15,-30,0
-19,-18,0
15,-10,0
-10,8,0
-3,-2,0
21,-8,0
2,3,0
-4,12,0
-6,-31,0
13,-16,0
13,-30,0
-5,1,0
-3,10,0
18,-20,0
9,-4,0
-12,-22,0
7,-8,0
0,11,0
13,-23,0
20,-13,0
10,3,0
-9,4,0
-16,1,0
15,-17,0
12,-25,0
-11,18,1
17,22,1
12,14,1
1,-2,1
5,11,1
33,5,1
17,4,1
23,15,1
5,4,1
26,-1,1
-7,-6,1
-8,21,1
-10,4,1
21,1,1
2,-14,1
25,-9,1
-2,6,1
11,-11,1
-2,4,1
28,18,1
6,22,1
-10,6,1
-16,2,1
8,-6,1
-8,-2,1
5,27,1
0,11,1
1,9,1
-6,22,1
3,4,1
23,21,1
16,24,1
24,-11,1
4,-17,1
10,5,1
29,-5,1
13,18,1
13,29,1
15,6,1
-13,2,1
-9,14,1
7,24,1
26,-13,1
1,17,1
-7,21,1
17,11,1
18,-17,1
32,8,1
-9,9,1
12,19,1
-3,24,1
3,-13,1
18,16,1
16,-5,1
13,-1,1
-8,-6,1
19,0,1
24,17,1
-8,22,1
-5,25,1
-11,-10,1
-9,-11,1
-4,-15,1
2,-4,1
-11,9,1
12,15,1
13,-15,1
2,15,1
-12,-5,1
-2,6,1
7,-15,1
13,-17,1
8,-17,1
-2,8,1
12,-19,1
1,-14,1
-15,5,1
13,3,1
10,14,1
7,10,1
20,27,1
17,11,1
-1,-16,1
13,-13,1
0,22,1
8,26,1
0,-8,1
13,0,1
-6,3,1
28,6,1
-5,-12,1
0,13,1
-10,19,1
27,-7,1
21,-3,1
29,11,1
-10,5,1
3,3,1
-5,4,1
20,22,1
2,24,1
23,14,1
27,-1,1
-10,9,1
32,2,1
-8,-4,1
20,9,1
29,-3,1
1,-15,1
-10,6,1
14,26,1
16,-4,1
25,-7,1
2,9,1
32,13,1
18,-11,1
5,11,1
12,11,1
5,-7,1
-7,21,1
15,-9,1
3,22,1
27,-5,1
12,-18,1
30,-6,1
9,-18,1
27,20,1
14,-5,1
16,0,1
-12,4,1
30,8,1
20,25,1
20,19,1
6,-13,1
-6,24,1
30,1,1
-10,11,1
-1,-16,1
-5,3,1
7,-11,1
14,-3,1
9,-15,1
22,-6,1
5,2,1
-8,5,1
13,26,1
11,16,1
-12,1,1
-13,15,1
20,23,1
-6,-13,1
-7,-3,1
24,-9,1
30,-6,1
26,4,1
7,-5,1
-3,9,1
7,15,1
8,-18,1
2,-5,1
3,-8,1
9,-13,1
29,3,1
22,-6,1
2,2,1
24,21,1
-3,-17,1
18,23,1
22,14,1
4,-5,1
-3,-14,1
-3,27,1
2,-12,1
12,14,1
27,-8,1
27,8,1
15,0,1
4,14,1
11,25,1
-10,-2,1
22,-3,1
10,16,1
-3,1,1
28,-1,1
-7,9,1
-7,-6,1
-2,4,1
33,0,1
-12,16,1
-4,-3,1
-1,0,1
24,3,1
7,-18,1
31,10,1
26,0,1
9,-7,1
-7,12,1
-8,1,1
21,5,1
32,-1,1
20,18,1
14,4,1
27,14,1
-10,6,1
9,9,1
-9,0,1
9,-7,1
-4,12,1
29,6,1
-12,7,1
16,-16,1
-6,16,1
-8,17,1
2,1,1
25,-5,1
16,3,1
18,-8,1
32,-1,1
-11,-2,1
11,23,1
-9,-11,1
8,-11,1
-2,9,1
1,14,1
15,-4,1
9,23,1
0,21,1
10,-6,1
8,11,1
27,3,1
11,4,1
12,-8,1
21,23,1
26,-8,1
24,9,1
5,6,1
23,24,1
7,-5,1
15,-1,1
26,10,1
-5,16,1
24,12,1
11,0,1
13,-10,1
2,-13,1
23,-10,1
18,-7,1
-2,-14,1
22,11,1
-8,3,1
-3,7,1
28,2,1
-12,19,1
0,-1,1
-8,-2,1
29,2,1
-8,13,1
-7,-10,1
-7,-11,1
12,6,1
-4,10,1
23,13,1
-13,7,1
28,11,1
26,21,1
-12,16,1
-12,15,1
25,3,1
7,10,1
29,2,1
29,9,1
19,3,1
26,0,1
5,2,1
10,3,1
-4,6,1
15,22,1
29,6,1
-3,16,1
-15,2,1
-11,10,1
0,-8,1
3,2,1
22,9,1
2,16,1
2,24,1
-1,19,1
23,22,1
-2,9,1
20,26,1
5,15,1
-6,-7,1
-12,16,1
29,15,1
-14,13,1
28,10,1
21,-15,1
-6,-7,1
16,-8,1
2,3,1
-1,22,1
17,2,1
20,0,1
14,-13,1
15,-6,1
23,7,1
-10,7,1
14,12,1
29,-2,1
-8,11,1
25,4,1
2,-14,1
20,2,1
7,9,1
4,-1,1
6,27,1
23,-11,1
-7,-3,1
-7,-12,1
27,-5,1
9,17,1
-6,-10,1
11,-3,1
18,-2,1
15,28,1
8,2,1
32,-1,1
9,18,1
-4,-3,1
10,9,1
8,-15,1
-6,4,1
6,2,1
11,2,1
-16,17,1
0,-2,1
-23,-6,1
-4,29,1
7,3,1
-9,-7,1
7,8,1
-2,6,1
-8,21,1
6,-14,1
0,-1,1
-8,-8,1
1,-6,1
-9,12,1
4,24,1
2,10,1
1,9,1
-16,-12,1
10,2,1
-7,23,1
-6,14,1
-12,27,1
-21,-4,1
-25,18,1
-8,14,1
10,14,1
-4,24,1
8,17,1
4,26,1
-20,18,1
6,14,1
-9,-15,1
-2,11,1
3,-14,1
7,-2,1
-11,24,1
5,7,1
-12,-10,1
5,-1,1
-9,21,1
-5,24,1
-28,-3,1
1,-8,1
-10,-11,1
-8,-13,1
11,16,1
-21,0,1
-23,3,1
-7,-10,1
-13,10,1
8,0,1
8,-2,1
-11,24,1
-13,9,1
-5,27,1
-26,-2,1
-5,-8,1
4,-3,1
6,-6,1
-16,14,1
13,-1,1
-18,8,1
-16,-7,1
-2,14,1
-27,10,1
-2,9,1
7,14,1
-25,6,1
-5,19,1
-16,-7,1
-28,7,1
-19,-11,1
-6,-11,1
-29,11,1
8,4,1
-8,-9,1
-6,19,1
-13,-1,1
-8,-4,1
4,-1,1
-14,7,1
-22,19,1
-26,5,1
16,3,1
-11,-15,1
6,-12,1
-9,-5,1
-11,-1,1
-1,15,1
14,8,1
-2,24,1
5,1,1
13,14,1
-18,3,1
-33,5,1
11,-6,1
-29,1,1
-23,24,1
-17,9,1
-23,-13,1
-21,6,1
8,12,1
-4,-19,1
8,1,1
0,-14,1
-17,20,1
-8,-5,1
1,-11,1
-9,-3,1
-14,22,1
-23,7,1
-31,7,1
-19,-4,1
-31,15,1
-20,8,1
-14,13,1
2,0,1
3,1,1
11,16,1
-24,-13,1
-24,16,1
-7,-14,1
-21,16,1
-18,28,1
-18,-10,1
4,-5,1
-20,3,1
-31,-5,1
-22,20,1
-14,13,1
2,16,1
2,-9,1
0,8,1
-12,-10,1
-22,15,1
9,13,1
-20,25,1
-4,-3,1
-13,10,1
-11,-4,1
5,-3,1
0,18,1
-24,3,1
7,17,1
8,-9,1
-27,1,1
-18,4,1
-12,-14,1
-9,14,1
-23,-3,1
-16,15,1
8,13,1
-8,7,1
-10,5,1
8,14,1
4,5,1
1,6,1
-27,-5,1
-16,-9,1
0,-11,1
-17,-1,1
-10,14,1
1,4,1
-8,4,1
-10,19,1
2,-1,1
1,-13,1
-8,4,1
7,-5,1
-3,2,1
7,10,1
-18,-11,1
1,23,1
-17,-8,1
-15,2,1
-5,6,1
-6,10,1
12,-3,1
-32,8,1
-17,-8,1
-11,-8,1
-12,22,1
2,5,1
-20,1,1
8,1,1
-17,-9,1
-25,10,1
-9,9,1
-20,-14,1
-18,-17,1
-8,29,1
-10,10,1
3,-17,1
-26,5,1
-10,-1,1
-10,25,1
6,21,1
-6,27,1
-4,-13,1
-5,29,1
10,1,1
7,13,1
-21,15,1
6,-2,1
-8,2,1
7,2,1
-17,-4,1
-12,-11,1
7,-13,1
-3,25,1
-19,-16,1
13,-1,1
1,19,1
9,19,1
7,8,1
8,6,1
-2,-15,1
-7,-7,1
-3,1,1
-6,3,1
-16,22,1
12,-4,1
-21,17,1
-3,-19,1
3,-14,1
-17,25,1
-25,4,1
-11,-17,1
-5,5,1
-24,1,1
-22,15,1
-26,-3,1
-10,-4,1
8,-8,1
-28,-2,1
-24,12,1
-24,0,1
-3,-8,1
-4,11,1
-15,-5,1
-1,23,1
8,1,1
-15,21,1
-11,2,1
-1,3,1
4,11,1
3,-4,1
-24,15,1
-1,-13,1
-30,-8,1
-18,18,1
4,21,1
-28,1,1
-11,2,1
-22,8,1
-17,0,1
-17,28,1
11,5,1
11,6,1
-12,-14,1
-24,5,1
-17,-2,1
-2,6,1
-9,2,1
-1,4,1
13,5,1
-7,23,1
13,13,1
-5,-10,1
-24,1,1
-1,25,1
-23,11,1
9,-1,1
-30,-6,1
-9,6,1
-31,0,1
-4,-6,1
-3,-12,1
-8,15,1
-3,-2,1
-29,-5,1
12,-6,1
-21,19,1
7,4,1
-7,8,1
-23,-5,1
3,2,1
-10,14,1
-27,7,1
3,3,1
8,-1,1
-19,-5,1
-23,-14,1
0,11,1
-16,0,1
-4,20,1
10,0,1
-8,13,1
1,-17,1
13,11,1
-27,14,1
15,13,1
-13,11,1
4,10,1
-28,8,1
2,27,1
2,-5,1
-10,-8,1
-9,5,1
11,3,1
-1,18,1
-21,12,1
-9,-8,1
-1,27,1
-7,5,1
-33,4,1
-5,29,1
-3,-7,1
-2,-19,1
4,7,1
-27,9,1
-15,-3,1
8,18,1
9,-12,1
15,3,1
-24,13,1
-20,17,1
11,1,1
-7,15,1
0,28,1
5,7,1
-22,1,1
