6,-29,0
-6,14,0
0,4,0
-7,-3,0
-11,-14,0
-19,-2,0
1,-4,0
8,-33,0
10,-10,0
-14,1,0
10,-21,0
-15,-6,0
-14,9,0
-11,-29,0
17,-27,0
4,-27,0
2,-24,0
-6,-14,0
7,-20,0
-19,-20,0
2,-7,0
15,-9,0
12,-6,0
-11,-29,0
0,-10,0
9,4,0
-3,-4,0
10,-4,0
11,-14,0
19,-13,0
-5,-28,0
3,2,0
-19,6,0
-4,11,0
7,-4,0
15,-20,0
16,-29,0
16,-27,0
-10,-26,0
-22,-1,0
-13,-17,0
-24,-3,0
1,-23,0
11,-14,0
-7,9,0
5,3,0
-21,-21,0
-15,-6,0
-2,0,0
2,-26,0
24,-7,0
7,-6,0
11,-10,0
-17,6,0
4,-2,0
6,-14,0
-3,-23,0
4,-7,0
23,-2,0
-22,-11,0
-7,-22,0
0,-35,0
11,5,0
-3,-33,0
14,1,0
-17,4,0
1,-28,0
5,-8,0
-2,-18,0
13,1,0
8,4,0
-7,8,0
-10,1,0
-8,-33,0
5,-15,0
13,0,0
13,6,0
7,8,0
4,11,0
-4,-10,0
-1,3,0
6,-18,0
-12,-4,0
-2,-17,0
-4,4,0
0,-9,0
3,-2,0
11,-24,0
-3,-14,0
18,-4,0
11,-17,0
-7,-32,0
-9,-20,0
-24,-6,0
6,5,0
14,-3,0
-8,-2,0
4,-10,0
-17,-13,0
13,-3,0
-17,-11,0
-22,-13,0
-13,-16,0
-14,-30,0
17,-24,0
12,-11,0
-14,-7,0
9,-4,0
12,-23,0
15,-10,0
-10,-21,0
-7,7,0
-6,-29,0
-4,-18,0
15,-21,0
11,-23,0
1,-19,0
-6,-9,0
-2,-26,0
-6,-32,0
-1,-15,0
0,-16,0
15,10,0
23,-2,0
-19,-5,0
-7,-7,0
-7,-17,0
-7,-4,0
21,-2,0
21,-22,0
5,-7,0
16,-29,0
8,-28,0
-4,-20,0
10,4,0
5,9,0
6,-12,0
-6,-3,0
23,-18,0
-18,2,0
-24,-4,0
21,-16,0
-13,-31,0
-10,-5,0
4,-3,0
2,-26,0
13,-21,0
-10,8,0
16,-27,0
3,11,0
7,10,0
1,-8,0
15,-4,0
13,-22,0
5,-16,0
1,-10,0
21,-23,0
13,-16,0
-1,-2,0
22,0,0
-11,-19,0
-7,1,0
-6,-13,0
-2,-23,0
7,-23,0
0,-31,0
-19,1,0
11,-17,0
20,-7,0
4,-25,0
8,-8,0
-15,-12,0
-4,-33,0
-16,7,0
-19,-5,0
21,-14,0
-17,2,0
-23,-14,0
-2,3,0
-2,13,0
-8,-19,0
15,-30,0
16,1,0
10,-26,0
-1,-6,0
-6,-23,0
-6,-32,0
7,-3,0
-3,-1,0
-15,-7,0
-20,-19,0
2,8,0
-17,-10,0
-4,-19,0
-5,2,0
4,-4,0
13,-10,0
16,-3,0
-1,-12,0
15,10,0
9,3,0
7,-20,0
-21,-20,0
-14,-9,0
-5,14,0
-8,0,0
-21,2,0
-1,-20,0
-6,-19,0
-16,-9,0
-20,-13,0
-2,1,0
-21,0,0
-20,-8,0
-20,3,0
-18,-14,0
20,-25,0
12,-3,0
-5,-22,0
1,-15,0
-8,-12,0
7,-1,0
1,8,0
9,-9,0
19,-10,0
4,-32,0
6,1,0
7,3,0
-22,-9,0
17,-2,0
10,-7,0
11,2,0
-12,-4,0
10,-21,0
-18,1,0
-15,-4,0
23,-11,0
24,-16,0
-8,-5,0
19,-18,0
23,-14,0
-3,-2,0
-9,-13,0
21,-13,0
-6,-21,0
3,-7,0
-19,-25,0
0,4,0
-18,0,0
17,-20,0
0,2,0
7,-18,0
-15,-18,0
-18,2,0
-16,-11,0
-18,-25,0
17,-13,0
8,-20,0
-20,-8,0
-3,-6,0
-3,-16,0
-5,12,0
-14,-11,0
12,-7,0
12,-19,0
21,-1,0
-1,-16,0
-8,-23,0
19,-25,0
19,-23,0
-3,-12,0
-1,-25,0
-2,8,0
8,-10,0
4,-8,0
-5,-34,0
-12,-20,0
11,-14,0
14,-26,0
-6,-30,0
-17,8,0
-6,-6,0
-12,-8,0
3,4,0
5,-17,0
-11,0,0
20,-6,0
-25,-10,0
-6,13,0
-13,-14,0
1,-33,0
-11,2,0
11,-1,0
18,1,0
-16,-18,0
-10,-23,0
5,-21,0
-18,-5,0
-2,-9,0
-14,3,0
-11,6,0
8,4,0
-13,7,0
-11,-13,0
11,7,0
-15,-30,0
-24,-8,0
-14,-24,0
1,5,0
-6,4,0
1,-34,0
9,4,0
-20,-6,0
-15,-21,0
1,-3,0
-23,-8,0
-13,-14,0
1,1,0
12,-25,0
-15,-20,0
23,-1,0
19,-15,0
6,8,0
-3,7,0
11,-9,0
23,-16,0
4,14,0
0,0,0
-15,10,0
12,-19,0
-23,-7,0
-6,5,0
-17,4,0
24,-12,1
-10,-11,1
-7,-2,1
-12,3,1
9,-15,1
23,7,1
-10,-2,1
24,18,1
19,25,1
2,-4,1
25,17,1
14,-4,1
4,11,1
-8,1,1
11,21,1
20,22,1
28,-10,1
-9,6,1
7,17,1
15,-7,1
3,-18,1
5,29,1
4,15,1
3,24,1
-7,-11,1
9,-7,1
-5,13,1
-2,18,1
13,4,1
20,-5,1
33,3,1
16,13,1
1,7,1
17,-3,1
-5,9,1
2,15,1
9,-13,1
28,17,1
27,-1,1
16,16,1
13,12,1
7,28,1
23,4,1
14,26,1
18,8,1
33,3,1
30,1,1
14,27,1
9,22,1
2,4,1
-5,2,1
1,19,1
26,22,1
7,-15,1
28,-5,1
-8,21,1
13,16,1
-1,28,1
28,19,1
14,-3,1
28,6,1
-3,-16,1
-15,0,1
11,-18,1
-5,23,1
17,-4,1
12,-6,1
15,22,1
11,13,1
-4,22,1
23,-6,1
31,14,1
7,-6,1
8,8,1
26,-2,1
28,6,1
-4,8,1
5,-7,1
19,11,1
-10,21,1
9,-9,1
6,-15,1
16,-11,1
-7,1,1
12,-6,1
23,20,1
-1,12,1
27,16,1
10,-18,1
-1,15,1
-3,-4,1
16,22,1
20,9,1
13,7,1
13,2,1
2,28,1
-13,12,1
11,-4,1
-4,-16,1
-2,-8,1
11,1,1
-6,12,1
24,-5,1
-1,-16,1
14,-1,1
-5,18,1
-6,-13,1
13,-3,1
30,7,1
20,3,1
-13,-7,1
3,-8,1
8,-3,1
17,21,1
7,-17,1
20,21,1
-5,18,1
28,3,1
-1,16,1
18,15,1
6,2,1
7,-4,1
-7,0,1
-3,-4,1
11,9,1
10,2,1
21,-9,1
9,-5,1
32,9,1
-4,-13,1
25,10,1
-3,-8,1
9,15,1
24,20,1
-2,4,1
0,6,1
12,-16,1
28,7,1
-2,-7,1
-1,17,1
16,3,1
13,6,1
-11,17,1
15,-8,1
17,-1,1
11,-10,1
-15,10,1
28,15,1
-14,7,1
18,-17,1
19,-9,1
19,-1,1
13,11,1
32,11,1
9,2,1
7,23,1
16,-17,1
17,22,1
2,-3,1
-1,-14,1
-14,-4,1
12,17,1
-14,8,1
23,25,1
2,27,1
27,9,1
-11,14,1
30,-2,1
15,-14,1
-10,1,1
21,25,1
25,-12,1
-7,1,1
14,16,1
1,28,1
-11,1,1
9,2,1
-1,1,1
20,-12,1
16,12,1
2,8,1
-2,-3,1
-4,4,1
26,17,1
15,-18,1
19,-10,1
26,3,1
23,21,1
16,-18,1
16,9,1
4,10,1
30,7,1
12,14,1
4,3,1
21,-11,1
2,24,1
20,-12,1
-1,18,1
14,-1,1
9,26,1
28,-1,1
5,13,1
6,-3,1
24,10,1
16,-10,1
10,21,1
33,3,1
10,9,1
26,12,1
7,19,1
29,11,1
-6,25,1
2,-4,1
8,-10,1
-1,-3,1
12,6,1
19,-8,1
23,-8,1
16,-17,1
22,-4,1
21,-12,1
23,-2,1
27,-4,1
0,-1,1
-12,-2,1
-10,-4,1
-2,3,1
30,-7,1
27,-6,1
13,15,1
-7,-14,1
25,9,1
-2,-14,1
24,19,1
32,1,1
19,4,1
20,-12,1
17,1,1
14,3,1
2,5,1
9,-16,1
4,27,1
22,25,1
12,23,1
2,2,1
29,-6,1
18,18,1
1,-17,1
16,-13,1
10,-13,1
22,-12,1
13,26,1
-6,20,1
17,17,1
2,20,1
27,19,1
8,27,1
3,11,1
-6,13,1
28,-7,1
21,-16,1
-3,7,1
29,1,1
25,-12,1
26,13,1
22,16,1
27,15,1
20,22,1
7,-12,1
15,-11,1
19,-14,1
6,12,1
-1,-2,1
31,14,1
-2,25,1
21,20,1
3,1,1
1,-9,1
15,-18,1
-1,-9,1
13,0,1
5,16,1
16,-4,1
-9,8,1
-1,10,1
-11,17,1
10,-3,1
10,-4,1
29,12,1
1,25,1
-3,-4,1
5,23,1
17,8,1
19,26,1
32,13,1
-12,8,1
19,21,1
-5,-15,1
-11,11,1
-13,8,1
28,6,1
27,-1,1
14,27,1
-2,20,1
32,12,1
-3,9,1
28,13,1
21,25,1
18,23,1
4,-6,1
32,1,1
-11,12,1
-8,-4,1
-1,26,1
22,22,1
17,10,1
22,15,1
-6,19,1
15,25,1
3,8,1
21,9,1
17,17,1
-6,15,1
22,12,1
7,18,1
17,-14,1
-8,15,1
4,-12,1
-6,-14,1
28,2,1
27,9,1
-7,-12,1
25,-7,1
-24,18,1
7,-7,1
-11,8,1
-22,22,1
-24,16,1
-3,15,1
-29,-8,1
-26,14,1
-16,-6,1
-21,23,1
-21,10,1
-2,-14,1
-20,-13,1
0,8,1
-8,-9,1
-22,23,1
-2,20,1
9,19,1
-8,-10,1
-25,-9,1
-8,1,1
-25,4,1
-9,-15,1
9,-4,1
-5,12,1
4,3,1
2,-14,1
-31,0,1
-22,25,1
-14,-3,1
-17,18,1
-3,-17,1
-5,0,1
-9,28,1
-22,-14,1
-13,-4,1
-14,20,1
-11,11,1
-30,16,1
0,-1,1
-30,15,1
-17,-5,1
-13,5,1
-11,16,1
-11,-5,1
-24,5,1
-1,22,1
6,7,1
-31,4,1
10,0,1
5,22,1
-19,26,1
1,4,1
-26,0,1
4,-8,1
-12,-16,1
-14,-2,1
5,-14,1
-3,24,1
-12,6,1
-29,15,1
7,17,1
-24,-7,1
-9,4,1
14,6,1
-12,3,1
12,2,1
-17,2,1
-16,-4,1
2,-3,1
-15,6,1
6,13,1
-27,21,1
4,-13,1
-21,3,1
-23,13,1
8,23,1
-19,13,1
-20,25,1
-2,15,1
-24,5,1
-5,-16,1
11,6,1
-13,-4,1
-2,3,1
-26,7,1
-1,5,1
-20,23,1
-20,-1,1
6,13,1
0,20,1
7,4,1
7,9,1
-12,6,1
-16,26,1
2,4,1
-10,-9,1
-10,-11,1
-5,-9,1
11,17,1
-27,7,1
0,-5,1
-6,-4,1
-16,17,1
11,13,1
-20,3,1
-24,20,1
-9,-10,1
13,2,1
-11,1,1
-7,6,1
-8,10,1
-6,2,1
12,19,1
-12,29,1
-12,-8,1
-6,-4,1
-12,-13,1
-15,14,1
-4,-8,1
-1,8,1
-25,13,1
-24,14,1
-26,-10,1
-28,16,1
-24,23,1
-16,-15,1
15,7,1
-1,28,1
4,4,1
5,19,1
-28,-2,1
-7,25,1
-22,22,1
7,9,1
3,-10,1
11,19,1
-19,-8,1
10,-4,1
-23,5,1
-7,-4,1
13,7,1
8,13,1
-1,-7,1
-6,24,1
-10,-17,1
-31,0,1
2,8,1
7,-9,1
0,6,1
-20,10,1
-3,3,1
-25,7,1
0,-7,1
-13,5,1
7,5,1
-25,-10,1
3,22,1
6,1,1
-30,-7,1
-12,26,1
13,15,1
-11,18,1
-5,15,1
-27,16,1
-13,25,1
0,0,1
-7,15,1
-25,16,1
0,-4,1
1,3,1
-22,9,1
13,-7,1
-18,6,1
-24,-11,1
-6,-18,1
-24,22,1
0,-9,1
1,15,1
7,12,1
-19,8,1
-20,9,1
-11,11,1
7,21,1
3,25,1
-9,-6,1
16,8,1
-9,29,1
2,15,1
-20,-9,1
-4,10,1
-25,17,1
3,-4,1
-4,4,1
-30,6,1
-31,-2,1
6,-12,1
12,16,1
-15,-7,1
-7,15,1
-7,6,1
-25,1,1
-17,2,1
9,11,1
-25,-13,1
-2,-2,1
13,-7,1
-19,-14,1
-26,18,1
-17,1,1
-24,-2,1
-5,20,1
6,-11,1
-4,5,1
-31,-2,1
-4,-16,1
-21,-7,1
-16,13,1
0,16,1
-6,6,1
-8,0,1
15,4,1
-1,-15,1
-28,16,1
-10,22,1
8,17,1
6,-15,1
-13,-14,1
0,-13,1
-10,20,1
-11,3,1
-20,-2,1
-28,-5,1
-2,-16,1
-24,24,1
8,6,1
-8,6,1
8,0,1
-25,3,1
-26,0,1
-4,2,1
-19,15,1
-23,14,1
-21,2,1
11,7,1
-16,26,1
2,20,1
-29,7,1
-14,-17,1
-27,20,1
-22,6,1
-2,-13,1
-11,2,1
-15,-15,1
-8,20,1
-1,-2,1
-25,8,1
-24,21,1
-23,-5,1
2,7,1
-21,-10,1
-19,21,1
-29,8,1
0,-18,1
-21,-3,1
-14,22,1
-25,-9,1
-16,13,1
-16,3,1
-23,8,1
-17,1,1
-23,-14,1
-7,6,1
-8,2,1
3,-4,1
-22,-11,1
5,6,1
-28,2,1
8,3,1
-7,-11,1
-20,8,1
-18,5,1
-25,3,1
-14,-10,1
-26,-7,1
-3,16,1
-24,10,1
-29,11,1
-30,-8,1
-25,0,1
-19,22,1
-12,-6,1
-26,21,1
3,18,1
-12,-16,1
-27,15,1
-19,12,1
10,18,1
6,19,1
-19,-3,1
-11,-9,1
-1,-5,1
13,12,1
-30,-1,1
10,-4,1
5,9,1
-23,23,1
-20,19,1
-8,-17,1
-17,-9,1
-16,18,1
-8,-14,1
-2,26,1
-5,0,1
13,9,1
9,-1,1
4,14,1
-18,23,1
14,7,1
-27,14,1
13,2,1
-8,-3,1
7,2,1
6,6,1
-21,22,1
-4,28,1
0,17,1
2,2,1
-7,13,1
-10,-3,1
-22,-1,1
2,20,1
-8,7,1
