9,-19,0
4,-25,0
-12,-17,0
-10,-17,0
-5,11,0
-13,-15,0
-14,1,0
-5,-31,0
-4,12,0
18,-16,0
-8,9,0
-9,-12,0
17,1,0
-3,-9,0
13,-15,0
-7,7,0
2,2,0
-16,4,0
7,-7,0
-15,-4,0
0,-30,0
8,7,0
-2,-25,0
-16,-13,0
1,11,0
-16,-28,0
-13,10,0
-16,-23,0
-22,-9,0
-12,-20,0
-3,2,0
2,-26,0
-10,-31,0
-2,-5,0
14,5,0
-4,-6,0
-6,-25,0
20,5,0
17,-4,0
-13,5,0
17,-18,0
-10,-31,0
23,-19,0
22,-8,0
3,4,0
22,-16,0
-14,-12,0
-6,-34,0
7,-5,0
-2,-18,0
19,-7,0
-2,3,0
8,9,0
-9,-32,0
11,-25,0
-13,-18,0
-23,-19,0
-8,-17,0
-6,-34,0
-13,-8,0
-8,-18,0
-12,-22,0
-8,-15,0
20,-22,0
18,-8,0
0,-7,0
6,3,0
-10,11,0
-17,3,0
-4,-21,0
-13,-22,0
-8,-19,0
-3,-2,0
19,6,0
-4,-10,0
14,-22,0
14,8,0
-7,-22,0
3,-17,0
1,3,0
9,-24,0
11,-2,0
-11,-24,0
-18,-9,0
1,2,0
18,-23,0
-2,-29,0
23,-16,0
6,5,0
19,-25,0
13,-30,0
-16,-20,0
24,-4,0
10,-15,0
17,-1,0
-24,-7,0
-9,-26,0
-14,-18,0
3,-33,0
5,-28,0
-9,-31,0
14,-3,0
18,-15,0
18,-21,0
-10,-21,0
10,-5,0
-14,-25,0
-2,-5,0
-6,-26,0
-12,-2,0
14,-2,0
-12,-26,0
-11,11,0
7,-28,0
-17,-3,0
10,6,0
5,-16,0
-2,-14,0
18,7,0
-10,-11,0
19,-2,0
-13,-21,0
14,-19,0
-4,8,0
-4,-13,0
5,-6,0
-11,-16,0
-15,-26,0
19,0,0
-6,13,0
-13,5,0
-2,11,0
-21,-2,0
1,13,0
22,-6,0
10,-27,0
-15,-17,0
14,-10,0
-23,-19,0
2,13,0
9,6,0
17,-18,0
6,-20,0
-17,-23,0
8,-21,0
9,-26,0
-21,-20,0
9,-24,0
12,1,0
16,-19,0
-7,-31,0
17,-8,0
-8,-20,0
13,-4,0
3,0,0
-5,-30,0
-13,-31,0
-19,-16,0
10,-31,0
-15,-24,0
-15,6,0
-12,-27,0
4,-2,0
-5,5,0
-2,-1,0
-19,-19,0
18,-24,0
-18,-16,0
2,0,0
-12,-29,0
-11,-14,0
-9,2,0
-14,-17,0
4,-33,0
-16,9,0
-7,11,0
16,-16,0
20,-24,0
-20,-7,0
3,-16,0
-12,-24,0
-11,-9,0
-19,-22,0
-16,-24,0
-2,-34,0
-24,-3,0
5,-19,0
-7,-14,0
9,-28,0
8,3,0
0,-21,0
2,7,0
4,10,0
-4,-7,0
-18,-17,0
16,-4,0
-9,2,0
0,-1,0
15,-4,0
-15,8,0
11,-1,0
3,5,0
23,-4,0
4,-25,0
-6,-17,0
-4,-28,0
9,-24,0
9,-12,0
-6,-22,0
10,-14,0
12,-18,0
20,-6,0
18,-11,0
-9,-20,0
9,-6,0
12,-2,0
0,-13,0
17,0,0
11,-12,0
14,-10,0
-23,-11,0
5,-33,0
-10,-6,0
-10,-29,0
-12,-28,0
-2,4,0
-9,-24,0
8,-11,0
1,-19,0
1,-16,0
8,-8,0
-10,-23,0
2,4,0
-5,-13,0
15,-1,0
7,-9,0
-9,-10,0
2,-11,0
-16,5,0
-6,2,0
-5,4,0
2,2,0
-17,8,0
6,-1,0
-22,-2,0
-21,-17,0
-8,-1,0
5,4,0
-8,2,0
17,-14,0
-20,-8,0
-13,-5,0
1,-19,0
-9,-20,0
16,-8,0
8,9,0
-20,4,0
17,-13,0
-12,0,0
-3,-23,0
-1,-17,0
-12,-18,0
-9,-17,0
9,1,0
8,-19,0
-3,-33,0
-6,-9,0
3,-27,0
-6,-11,0
-16,-14,0
8,-31,0
18,-16,0
11,-31,0
10,-7,0
15,-28,0
9,-5,0
7,-12,0
-7,-32,0
-17,-10,0
11,-31,0
21,-22,0
16,-10,0
-8,9,0
-11,-13,0
-17,-20,0
-4,-29,0
15,-14,0
7,-3,0
-3,4,0
-9,-20,0
8,4,0
7,9,0
-7,-20,0
13,-28,0
-5,12,0
-4,-15,0
20,4,0
-14,-13,0
10,-19,0
11,3,0
-14,3,0
13,8,0
5,-10,0
-18,-23,0
6,5,0
-2,14,0
-13,-12,0
0,0,0
-21,-1,0
-11,-15,0
5,-2,0
-5,13,0
1,-26,0
12,7,0
23,-3,0
-11,-13,0
19,-1,0
18,-11,0
-5,-2,0
-5,3,0
-14,6,0
-18,-5,0
17,-24,0
9,-18,0
-13,6,0
-4,-14,0
-21,-19,0
-9,10,0
-14,4,0
17,-5,0
-5,-27,0
17,-28,0
-14,-23,0
-7,-11,1
6,14,1
31,11,1
-10,-9,1
-3,11,1
-6,-3,1
6,-5,1
32,2,1
12,25,1
18,13,1
12,27,1
7,25,1
4,13,1
11,3,1
9,-7,1
14,-5,1
-10,-8,1
-6,20,1
12,-6,1
18,-17,1
-2,19,1
-11,0,1
-8,-11,1
13,-11,1
22,14,1
-14,7,1
7,23,1
14,-16,1
7,28,1
26,7,1
22,-8,1
20,18,1
20,3,1
8,-13,1
-3,20,1
-8,-13,1
-16,2,1
4,4,1
13,-10,1
-4,22,1
24,24,1
16,16,1
-1,-3,1
30,-2,1
4,6,1
32,-1,1
2,1,1
13,-15,1
5,10,1
-12,16,1
14,1,1
11,-17,1
6,10,1
0,-13,1
-8,18,1
-5,-15,1
18,5,1
14,10,1
21,17,1
-4,1,1
15,-3,1
-8,7,1
0,-13,1
13,25,1
14,-19,1
25,0,1
13,15,1
11,17,1
26,13,1
21,1,1
15,-5,1
-11,18,1
-1,6,1
12,13,1
27,18,1
9,29,1
12,-12,1
21,-6,1
23,1,1
12,-4,1
1,16,1
23,-8,1
20,-4,1
14,-18,1
14,19,1
2,0,1
6,6,1
18,-15,1
21,-6,1
14,3,1
28,1,1
2,27,1
0,0,1
28,17,1
10,-11,1
2,-7,1
20,-4,1
4,12,1
-2,26,1
8,28,1
15,18,1
8,27,1
3,-15,1
21,-6,1
7,0,1
31,1,1
-1,-11,1
28,19,1
19,26,1
-12,9,1
12,23,1
3,15,1
3,5,1
3,-7,1
19,8,1
22,12,1
25,-6,1
-5,-2,1
7,19,1
11,20,1
12,8,1
-1,-16,1
4,7,1
-13,9,1
24,-13,1
9,6,1
-1,7,1
21,11,1
12,2,1
3,-2,1
11,19,1
28,20,1
16,19,1
8,8,1
10,-13,1
12,-11,1
-1,-17,1
21,-9,1
19,17,1
14,0,1
7,11,1
18,-16,1
-12,19,1
9,10,1
1,-7,1
10,-2,1
19,-11,1
6,-9,1
-1,7,1
-4,-7,1
15,-16,1
4,12,1
8,3,1
16,-14,1
-5,22,1
15,-17,1
15,22,1
10,16,1
-8,-13,1
17,23,1
-8,-9,1
-12,-3,1
6,24,1
-6,24,1
11,8,1
6,22,1
-13,7,1
-3,17,1
17,14,1
-9,15,1
21,15,1
16,9,1
28,4,1
13,11,1
26,21,1
26,-1,1
16,7,1
14,-11,1
8,11,1
8,-1,1
22,0,1
-6,8,1
-5,8,1
20,6,1
-1,5,1
5,19,1
21,-3,1
17,-2,1
7,16,1
23,-1,1
25,-7,1
3,-4,1
28,3,1
20,20,1
-8,2,1
2,28,1
-1,0,1
2,-11,1
10,21,1
20,20,1
-10,-8,1
0,0,1
13,-5,1
25,-1,1
15,25,1
-13,-5,1
17,23,1
6,7,1
13,16,1
17,11,1
10,-13,1
7,10,1
10,14,1
3,29,1
28,10,1
2,-18,1
-14,11,1
-5,-15,1
18,-5,1
-10,-1,1
-4,-4,1
-1,14,1
26,1,1
5,-15,1
3,-3,1
19,-17,1
23,24,1
-6,-3,1
12,6,1
11,-4,1
16,-13,1
13,6,1
6,21,1
16,16,1
17,-9,1
-4,-9,1
11,29,1
28,6,1
2,-18,1
10,-19,1
-4,19,1
11,25,1
-3,9,1
-12,8,1
32,-1,1
5,-13,1
21,3,1
16,-4,1
-11,-4,1
21,10,1
-5,-1,1
-12,11,1
1,-1,1
0,-13,1
12,-10,1
-2,16,1
23,-9,1
3,5,1
27,-8,1
20,18,1
10,6,1
13,16,1
25,1,1
-3,-14,1
32,13,1
11,2,1
24,-3,1
14,3,1
17,5,1
32,3,1
-3,5,1
17,14,1
31,0,1
4,18,1
6,16,1
6,4,1
26,7,1
16,14,1
-6,12,1
8,-3,1
16,9,1
-9,21,1
14,-7,1
28,18,1
25,15,1
-5,14,1
5,19,1
-11,4,1
16,15,1
5,28,1
24,20,1
27,-9,1
7,21,1
25,8,1
18,25,1
19,13,1
4,7,1
30,2,1
26,22,1
28,19,1
-11,19,1
-4,3,1
14,28,1
6,13,1
20,-1,1
31,16,1
23,16,1
18,17,1
-6,-2,1
23,20,1
1,-13,1
16,-9,1
12,15,1
-4,0,1
-8,2,1
18,3,1
24,-2,1
-8,-9,1
15,-17,1
-2,24,1
-9,20,1
7,23,1
-2,-8,1
31,1,1
-10,15,1
24,-12,1
-4,1,1
-6,19,1
2,-17,1
-9,9,1
14,-3,1
17,-17,1
25,9,1
6,4,1
-32,12,1
-17,21,1
-4,-13,1
-27,-8,1
-2,11,1
-23,13,1
-1,16,1
4,-13,1
-22,21,1
-6,3,1
6,19,1
-14,6,1
-8,-16,1
-16,28,1
14,9,1
-5,10,1
10,14,1
-6,-6,1
-10,2,1
-14,-14,1
-9,-18,1
11,12,1
6,-2,1
-9,23,1
4,14,1
-6,5,1
1,7,1
8,20,1
-12,21,1
11,12,1
5,22,1
3,-15,1
-13,22,1
-7,9,1
-24,-12,1
-4,16,1
-13,25,1
-29,2,1
7,16,1
-14,23,1
-2,-1,1
-16,-5,1
3,-11,1
-16,-10,1
6,-14,1
-22,-7,1
9,9,1
-29,12,1
-30,5,1
-2,10,1
-23,6,1
-4,13,1
-19,-1,1
8,10,1
-23,20,1
7,23,1
8,17,1
0,16,1
2,17,1
-11,-10,1
0,13,1
0,-9,1
-4,-9,1
15,1,1
-12,20,1
-22,16,1
-2,16,1
-17,7,1
-15,23,1
-3,0,1
-2,27,1
-24,1,1
-7,-4,1
-11,-12,1
-25,15,1
-16,-10,1
6,0,1
-20,-14,1
-4,20,1
-17,-11,1
-11,26,1
-17,15,1
-17,15,1
9,15,1
7,15,1
14,-5,1
-12,-17,1
11,6,1
8,-4,1
-9,-3,1
-15,-4,1
16,2,1
-2,11,1
-12,25,1
-13,-8,1
-22,-9,1
-2,25,1
3,8,1
-28,-6,1
9,9,1
-24,-11,1
-21,-10,1
-7,0,1
-7,-9,1
11,3,1
-13,17,1
-14,5,1
-19,22,1
-4,-7,1
-14,-9,1
5,15,1
-19,12,1
1,17,1
3,-10,1
-7,-1,1
10,4,1
-9,9,1
-26,-9,1
9,15,1
2,11,1
-11,17,1
-12,-4,1
-15,3,1
-14,-18,1
-23,-5,1
-24,13,1
-16,-4,1
5,9,1
-14,5,1
2,-12,1
-11,0,1
-16,11,1
3,26,1
-10,19,1
4,-14,1
-12,29,1
-19,6,1
6,15,1
4,25,1
0,-6,1
5,10,1
-2,1,1
-25,21,1
-23,-13,1
-3,4,1
-7,27,1
-16,-14,1
0,-14,1
-4,-7,1
16,1,1
-12,-6,1
-19,-8,1
-12,10,1
-21,0,1
1,26,1
2,12,1
5,-5,1
3,11,1
0,-8,1
3,5,1
5,-1,1
-29,4,1
-11,-10,1
12,12,1
-26,-1,1
-11,21,1
-19,7,1
-14,-15,1
-5,9,1
-17,27,1
2,15,1
-29,-5,1
-15,9,1
-22,-5,1
7,8,1
-30,3,1
1,4,1
-14,-3,1
-28,20,1
-7,25,1
-23,23,1
-4,6,1
-9,-9,1
-23,8,1
-28,6,1
-15,-13,1
-12,-3,1
9,-10,1
1,-7,1
-17,19,1
2,-6,1
-11,22,1
1,15,1
9,-6,1
7,6,1
-4,13,1
-19,5,1
-26,-6,1
-22,0,1
-7,22,1
-10,2,1
5,17,1
-18,15,1
-10,-6,1
0,-12,1
-11,-5,1
-21,-2,1
-2,-15,1
3,13,1
0,14,1
-17,6,1
-27,15,1
-13,17,1
4,-2,1
6,-7,1
-5,5,1
-26,3,1
-5,-15,1
-3,29,1
13,10,1
2,-14,1
-5,14,1
-1,21,1
-7,20,1
-20,19,1
-2,13,1
-21,-7,1
-4,-12,1
12,14,1
-13,28,1
-5,-14,1
-4,24,1
15,-1,1
3,26,1
-10,18,1
-13,-13,1
-8,-11,1
-9,20,1
-7,6,1
-2,-16,1
-28,11,1
13,10,1
-6,0,1
0,21,1
12,-7,1
-17,12,1
-7,16,1
-22,14,1
-23,20,1
-15,3,1
-17,6,1
-16,18,1
4,10,1
-23,-13,1
11,-1,1
-23,6,1
-7,-15,1
-2,-2,1
13,4,1
-18,19,1
-30,12,1
-17,2,1
-8,-6,1
11,-10,1
-17,2,1
6,-8,1
-8,28,1
-6,21,1
-28,4,1
-16,1,1
-9,-10,1
-1,8,1
-19,3,1
-26,1,1
12,19,1
-21,14,1
-2,-17,1
-2,10,1
1,1,1
-20,0,1
-20,-2,1
-26,-6,1
-12,22,1
11,-8,1
1,-6,1
-2,8,1
-6,4,1
-6,-8,1
-12,-14,1
-1,-15,1
-28,8,1
-25,21,1
-8,10,1
-15,5,1
-8,-12,1
3,-3,1
-11,-3,1
-9,24,1
6,13,1
-14,-8,1
-2,29,1
-29,2,1
13,8,1
-29,14,1
-14,10,1
-11,12,1
-4,-12,1
-25,23,1
1,22,1
-3,4,1
-17,9,1
-23,13,1
4,4,1
-19,-11,1
-3,10,1
-17,-11,1
-28,10,1
9,3,1
-5,13,1
-27,-1,1
8,-8,1
-6,-11,1
11,13,1
-10,5,1
-23,-6,1
-27,9,1
-4,-7,1
-20,19,1
-11,5,1
14,5,1
-22,-16,1
-21,23,1
