12,-62,0
5,-31,0
10,-49,0
-24,-56,0
3,-71,0
21,-50,0
10,-47,0
-10,-37,0
10,-71,0
0,-44,0
1,-44,0
-13,-49,0
24,-46,0
0,-50,0
-4,-54,0
11,-54,0
-20,-59,0
7,-61,0
14,-54,0
-9,-71,0
19,-66,0
-10,-47,0
-9,-67,0
12,-39,0
12,-62,0
7,-62,0
0,-53,0
-10,-67,0
4,-39,0
6,-35,0
-12,-67,0
10,-36,0
-4,-30,0
11,-41,0
-17,-50,0
-2,-57,0
16,-56,0
-23,-50,0
-3,-30,0
-22,-57,0
-13,-63,0
-13,-53,0
12,-41,0
20,-61,0
-3,-26,0
2,-74,0
24,-51,0
-9,-56,0
14,-68,0
-12,-38,0
1,-29,0
-19,-60,0
0,-67,0
-6,-54,0
9,-46,0
-23,-54,0
12,-46,0
6,-47,0
12,-51,0
2,-45,0
-7,-38,0
9,-44,0
0,-75,0
-4,-73,0
4,-59,0
22,-43,0
5,-32,0
20,-36,0
-1,-49,0
18,-63,0
-5,-60,0
12,-65,0
11,-42,0
17,-59,0
-9,-63,0
8,-59,0
-10,-60,0
-16,-68,0
-23,-56,0
17,-64,0
-5,-58,0
18,-41,0
20,-38,0
-19,-55,0
-19,-63,0
-10,-39,0
15,-54,0
11,-64,0
-9,-41,0
6,-73,0
-15,-52,0
2,-58,0
2,-53,0
-4,-58,0
3,-44,0
-17,-59,0
-18,-52,0
-13,-42,0
1,-50,0
3,-56,0
-1,-53,0
4,-60,0
-5,-30,0
6,-66,0
-24,-45,0
6,-58,0
1,-58,0
0,-37,0
-12,-70,0
-16,-32,0
-15,-51,0
-19,-62,0
11,-33,0
-17,-67,0
19,-48,0
-5,-52,0
-15,-69,0
13,-65,0
1,-58,0
7,-44,0
-6,-33,0
-22,-60,0
-15,-47,0
-10,-53,0
-14,-47,0
-6,-60,0
14,-31,0
9,-30,0
17,-41,0
-19,-56,0
-18,-33,0
10,-38,0
-10,-32,0
-1,-63,0
-1,-64,0
-12,-71,0
-16,-58,0
11,-41,0
-15,-37,0
2,-26,0
-13,-40,0
-23,-41,0
-17,-46,0
-21,-62,0
9,-49,0
-10,-46,0
-10,-65,0
-1,-52,0
21,-54,0
-19,-34,0
8,-27,0
-8,-46,0
13,-47,0
6,-46,0
1,-51,0
-8,-73,0
-15,-36,0
-17,-50,0
7,-60,0
-7,-73,0
-21,-45,0
11,-70,0
9,-42,0
15,-43,0
-5,-63,0
-3,-50,0
-24,-47,0
-7,-38,0
4,-57,0
14,-66,0
-7,-71,0
13,-43,0
-10,-48,0
17,-52,0
-16,-56,0
5,-74,0
-6,-56,0
18,-66,0
2,-53,0
16,-49,0
7,-47,0
-17,-60,0
-4,-72,0
-24,-48,0
4,-38,0
16,-43,0
-14,-53,0
10,-61,0
-7,-54,0
-22,-40,0
-7,-33,0
-21,-38,0
-10,-61,0
-10,-61,0
10,-46,0
22,-39,0
-9,-29,0
16,-55,0
-21,-52,0
1,-62,0
-22,-49,0
-5,-41,0
-5,-37,0
-8,-52,0
13,-45,0
3,-70,0
6,-37,0
-19,-46,0
10,-56,0
-20,-65,0
16,-52,0
19,-44,0
-16,-69,0
-7,-34,0
8,-73,0
23,-54,0
5,-30,0
-20,-52,0
6,-46,0
14,-58,0
-18,-40,0
24,-56,0
-8,-69,0
17,-58,0
10,-57,0
15,-59,0
13,-32,0
-14,-54,0
-4,-41,0
14,-43,0
-9,-38,0
5,-55,0
-16,-46,0
19,-53,0
3,-68,0
-8,-44,0
2,-49,0
-6,-28,0
7,-52,0
6,-58,0
12,-71,0
16,-37,0
24,-52,0
-16,-52,0
-1,-34,0
0,-71,0
-17,-67,0
20,-54,0
-4,-32,0
10,-35,0
7,-56,0
-12,-41,0
-20,-51,0
-5,-55,0
13,-51,0
-6,-38,0
-17,-42,0
-23,-58,0
-9,-53,0
-20,-37,0
-7,-26,0
4,-47,0
12,-40,0
16,-55,0
-18,-67,0
11,-48,0
-9,-31,0
20,-63,0
14,-35,0
15,-56,0
4,-74,0
18,-57,0
5,-62,0
17,-65,0
4,-33,0
-1,-26,0
-19,-52,0
11,-71,0
-4,-65,0
18,-46,0
2,-68,0
-2,-36,0
-18,-37,0
12,-61,0
-16,-51,0
3,-53,0
-7,-47,0
0,-35,0
-9,-71,0
17,-36,0
18,-40,0
-3,-57,0
2,-58,0
-12,-53,0
10,-71,0
-3,-38,0
-15,-30,0
4,-52,0
7,-38,0
8,-70,0
-2,-65,0
-6,-52,0
-13,-57,0
-13,-59,0
19,-62,0
-18,-41,0
-9,-34,0
13,-53,0
-10,-45,0
-8,-27,0
18,-37,0
8,-46,0
15,-43,0
1,-39,0
14,-34,0
-23,-59,0
-10,-65,0
1,-70,0
18,-41,0
0,-50,0
-15,-48,0
-15,-70,0
6,-41,0
16,-52,0
-8,-29,0
-7,-60,0
0,-62,0
-16,-53,0
0,-39,0
-5,-44,0
1,-28,0
22,-53,0
15,-55,0
51,45,1
53,34,1
31,14,1
43,6,1
54,17,1
62,32,1
24,21,1
64,26,1
32,31,1
59,29,1
42,45,1
47,48,1
30,4,1
27,38,1
68,25,1
52,10,1
29,8,1
37,23,1
35,9,1
53,43,1
36,31,1
50,21,1
54,6,1
30,35,1
21,30,1
54,28,1
56,34,1
45,34,1
31,16,1
29,32,1
57,31,1
63,36,1
46,4,1
25,38,1
31,4,1
51,25,1
32,6,1
26,32,1
48,47,1
21,19,1
25,34,1
28,33,1
64,23,1
39,21,1
21,23,1
26,14,1
47,3,1
40,37,1
47,39,1
58,43,1
58,18,1
32,44,1
38,19,1
52,25,1
45,46,1
35,35,1
47,4,1
35,15,1
55,24,1
23,16,1
39,22,1
62,19,1
51,32,1
44,16,1
30,30,1
47,28,1
60,24,1
51,27,1
64,18,1
53,28,1
42,49,1
31,25,1
49,12,1
27,8,1
35,43,1
53,14,1
56,8,1
42,18,1
60,19,1
54,7,1
55,7,1
37,20,1
54,41,1
54,33,1
63,25,1
48,13,1
38,13,1
57,6,1
34,3,1
34,25,1
45,21,1
56,6,1
41,20,1
24,33,1
65,28,1
49,27,1
55,32,1
33,9,1
46,24,1
53,11,1
68,25,1
31,37,1
50,3,1
55,38,1
37,16,1
52,8,1
54,4,1
53,40,1
28,30,1
36,30,1
59,44,1
27,43,1
57,40,1
36,20,1
20,22,1
54,43,1
62,32,1
26,17,1
40,30,1
30,38,1
39,24,1
39,35,1
48,49,1
50,13,1
43,30,1
48,22,1
20,28,1
61,26,1
58,42,1
39,26,1
47,6,1
45,30,1
53,19,1
43,14,1
52,44,1
50,35,1
28,26,1
23,31,1
45,13,1
50,45,1
51,46,1
60,27,1
29,32,1
41,11,1
39,10,1
34,5,1
27,29,1
26,18,1
47,35,1
50,8,1
45,9,1
27,39,1
59,12,1
27,13,1
49,23,1
41,35,1
48,49,1
58,38,1
53,47,1
23,34,1
44,13,1
46,5,1
63,28,1
50,36,1
46,35,1
52,15,1
41,8,1
51,17,1
23,39,1
29,15,1
53,32,1
48,22,1
44,11,1
48,42,1
50,37,1
64,27,1
31,18,1
56,22,1
53,32,1
33,41,1
21,19,1
35,30,1
31,13,1
41,31,1
45,12,1
37,14,1
66,16,1
38,45,1
26,24,1
26,41,1
46,24,1
59,34,1
42,7,1
39,16,1
52,16,1
34,30,1
39,26,1
21,16,1
32,38,1
38,34,1
53,26,1
36,24,1
65,29,1
42,14,1
65,28,1
28,6,1
64,18,1
29,8,1
46,15,1
57,45,1
63,16,1
36,30,1
46,17,1
21,26,1
61,27,1
28,7,1
46,39,1
26,41,1
61,25,1
49,27,1
28,25,1
34,37,1
44,3,1
42,12,1
30,15,1
22,26,1
55,25,1
56,11,1
19,30,1
58,34,1
35,32,1
54,37,1
46,4,1
67,28,1
51,48,1
42,34,1
41,44,1
43,21,1
34,9,1
44,22,1
42,40,1
32,31,1
30,38,1
37,42,1
43,47,1
55,7,1
42,43,1
28,39,1
30,26,1
55,8,1
59,14,1
59,42,1
25,14,1
57,38,1
30,43,1
44,19,1
27,25,1
39,4,1
46,27,1
38,39,1
54,14,1
58,13,1
51,42,1
27,27,1
45,11,1
31,13,1
30,35,1
27,13,1
51,31,1
58,12,1
25,37,1
63,38,1
53,28,1
66,26,1
57,35,1
45,11,1
49,13,1
54,6,1
40,1,1
31,9,1
28,41,1
51,39,1
50,17,1
59,39,1
46,27,1
39,32,1
50,7,1
52,42,1
51,12,1
45,31,1
38,42,1
60,28,1
66,18,1
54,40,1
53,17,1
41,22,1
30,38,1
39,9,1
41,48,1
46,15,1
31,44,1
34,42,1
59,16,1
21,20,1
66,25,1
64,14,1
24,23,1
33,6,1
46,6,1
61,41,1
42,29,1
56,19,1
53,35,1
32,44,1
48,48,1
56,4,1
66,34,1
29,9,1
31,5,1
56,14,1
32,6,1
34,46,1
56,22,1
44,30,1
26,36,1
45,21,1
52,3,1
41,44,1
34,26,1
32,47,1
54,47,1
58,9,1
46,13,1
-64,23,1
-46,46,1
-61,22,1
-61,38,1
-56,25,1
-45,22,1
-20,19,1
-49,1,1
-48,33,1
-38,12,1
-52,38,1
-38,39,1
-25,14,1
-60,17,1
-20,26,1
-38,14,1
-46,8,1
-67,22,1
-22,23,1
-38,15,1
-47,11,1
-37,21,1
-31,46,1
-64,15,1
-36,24,1
-38,14,1
-34,35,1
-23,27,1
-59,22,1
-44,7,1
-26,38,1
-26,27,1
-59,32,1
-55,34,1
-38,10,1
-35,9,1
-19,21,1
-39,35,1
-34,5,1
-53,39,1
-45,17,1
-62,33,1
-44,42,1
-43,22,1
-47,11,1
-53,32,1
-42,27,1
-30,4,1
-37,19,1
-55,33,1
-62,22,1
-33,13,1
-30,14,1
-60,11,1
-54,37,1
-61,34,1
-55,4,1
-63,35,1
-45,45,1
-43,40,1
-24,19,1
-36,24,1
-66,27,1
-25,24,1
-55,28,1
-58,16,1
-41,12,1
-34,4,1
-39,36,1
-36,7,1
-42,24,1
-44,31,1
-29,25,1
-27,12,1
-47,17,1
-35,19,1
-43,7,1
-48,17,1
-56,29,1
-22,37,1
-36,29,1
-34,26,1
-35,44,1
-49,16,1
-38,43,1
-34,12,1
-54,11,1
-40,23,1
-62,21,1
-23,17,1
-22,15,1
-34,14,1
-59,32,1
-36,27,1
-34,19,1
-25,20,1
-30,13,1
-67,27,1
-43,27,1
-42,39,1
-45,43,1
-46,33,1
-63,19,1
-29,35,1
-51,40,1
-27,38,1
-42,30,1
-37,16,1
-56,13,1
-48,29,1
-34,23,1
-20,28,1
-42,34,1
-52,45,1
-53,35,1
-32,29,1
-28,35,1
-35,44,1
-33,45,1
-25,33,1
-52,9,1
-33,27,1
-21,32,1
-63,16,1
-34,8,1
-65,35,1
-34,6,1
-37,9,1
-40,35,1
-62,23,1
-24,26,1
-42,27,1
-52,4,1
-32,9,1
-48,33,1
-21,14,1
-29,34,1
-47,30,1
-40,47,1
-56,44,1
-34,34,1
-45,14,1
-24,34,1
-33,30,1
-57,41,1
-49,10,1
-53,35,1
-61,19,1
-35,24,1
-35,7,1
-45,40,1
-34,4,1
-56,16,1
-34,48,1
-57,30,1
-57,33,1
-60,19,1
-32,41,1
-36,11,1
-39,37,1
-22,19,1
-48,31,1
-39,4,1
-25,37,1
-62,41,1
-45,41,1
-33,22,1
-26,35,1
-38,18,1
-52,20,1
-58,27,1
-34,45,1
-50,36,1
-54,26,1
-58,26,1
-58,14,1
-64,25,1
-47,35,1
-39,25,1
-56,10,1
-39,40,1
-56,39,1
-33,36,1
-57,45,1
-24,23,1
-44,31,1
-21,36,1
-48,22,1
-51,12,1
-61,24,1
-24,17,1
-57,31,1
-30,42,1
-57,17,1
-60,17,1
-63,32,1
-40,22,1
-53,8,1
-36,37,1
-64,16,1
-62,41,1
-41,40,1
-43,30,1
-45,40,1
-21,16,1
-36,31,1
-36,24,1
-20,21,1
-40,42,1
-62,17,1
-37,21,1
-55,16,1
-44,18,1
-45,49,1
-66,33,1
-38,35,1
-45,49,1
-41,24,1
-48,43,1
-49,26,1
-41,7,1
-32,39,1
-65,25,1
-22,19,1
-40,41,1
-37,25,1
-52,8,1
-29,17,1
-41,22,1
-38,27,1
-28,6,1
-45,37,1
-24,38,1
-24,23,1
-45,44,1
-23,34,1
-38,17,1
-63,33,1
-31,40,1
-40,17,1
-53,42,1
-38,25,1
-40,40,1
-24,25,1
-66,21,1
-35,23,1
-51,19,1
-48,22,1
-62,24,1
-53,16,1
-23,31,1
-53,38,1
-21,29,1
-35,5,1
-41,44,1
-45,24,1
-23,39,1
-50,23,1
-52,10,1
-59,7,1
-47,32,1
-25,15,1
-45,4,1
-61,41,1
-23,14,1
-45,3,1
-67,25,1
-23,36,1
-56,17,1
-50,48,1
-24,12,1
-32,47,1
-56,45,1
-47,25,1
-35,44,1
-47,11,1
-44,34,1
-39,7,1
-40,46,1
-47,6,1
-34,30,1
-41,11,1
-44,23,1
-50,49,1
-46,38,1
-38,34,1
-52,16,1
-50,29,1
-59,31,1
-58,9,1
-52,10,1
-40,24,1
-30,17,1
-37,22,1
-45,1,1
-58,25,1
-64,31,1
-41,24,1
-48,48,1
-52,20,1
-41,37,1
-42,32,1
-38,18,1
-25,10,1
-58,13,1
-59,6,1
-67,32,1
-59,43,1
-37,32,1
-54,32,1
-26,43,1
-53,20,1
-37,21,1
-47,4,1
-66,15,1
-44,27,1
-47,41,1
-25,26,1
-26,24,1
-64,29,1
-41,11,1
-37,46,1
-46,16,1
-62,33,1
-42,34,1
-46,38,1
-28,16,1
-49,14,1
-51,6,1
-38,22,1
-22,29,1
-20,17,1
-35,19,1
