-2,-35,0
-22,-60,0
-16,-44,0
1,-72,0
3,-69,0
-8,-49,0
-7,-52,0
18,-55,0
21,-52,0
-4,-36,0
11,-69,0
-18,-61,0
12,-68,0
-15,-48,0
-13,-40,0
-9,-69,0
0,-46,0
-19,-62,0
-21,-43,0
5,-68,0
7,-42,0
-5,-72,0
8,-47,0
-4,-66,0
13,-52,0
7,-50,0
-24,-53,0
11,-56,0
12,-44,0
1,-37,0
-6,-30,0
13,-58,0
-4,-62,0
-1,-67,0
-8,-59,0
-21,-40,0
-14,-36,0
-16,-59,0
-15,-36,0
10,-41,0
5,-50,0
-14,-66,0
5,-61,0
0,-74,0
13,-55,0
14,-31,0
-5,-72,0
12,-29,0
11,-71,0
-1,-52,0
-11,-44,0
-10,-49,0
1,-60,0
3,-37,0
13,-58,0
1,-52,0
-12,-29,0
-2,-72,0
-21,-48,0
-7,-27,0
-6,-62,0
-17,-64,0
4,-64,0
-13,-58,0
8,-40,0
0,-72,0
-12,-34,0
-6,-62,0
4,-48,0
4,-43,0
-16,-65,0
4,-67,0
13,-42,0
-2,-70,0
2,-71,0
1,-28,0
21,-38,0
9,-30,0
-13,-46,0
-7,-73,0
18,-50,0
3,-50,0
-23,-42,0
9,-39,0
-11,-57,0
14,-38,0
1,-46,0
8,-43,0
0,-55,0
0,-69,0
10,-39,0
17,-55,0
-17,-46,0
5,-42,0
-1,-45,0
-17,-61,0
-6,-60,0
17,-40,0
-12,-37,0
-21,-51,0
12,-54,0
6,-49,0
3,-55,0
-22,-43,0
17,-57,0
7,-46,0
11,-46,0
-1,-65,0
-16,-42,0
5,-32,0
12,-43,0
-7,-65,0
17,-47,0
-4,-41,0
-10,-68,0
14,-41,0
-10,-66,0
3,-57,0
15,-36,0
-8,-30,0
-17,-53,0
-9,-45,0
-12,-69,0
1,-49,0
-12,-66,0
8,-65,0
22,-40,0
21,-48,0
-18,-50,0
2,-38,0
-23,-50,0
11,-55,0
-5,-68,0
10,-58,0
12,-70,0
10,-34,0
18,-51,0
-6,-42,0
-16,-65,0
5,-55,0
-9,-53,0
6,-26,0
7,-36,0
-3,-71,0
21,-46,0
-21,-44,0
-9,-65,0
-9,-56,0
23,-47,0
5,-58,0
5,-35,0
2,-38,0
4,-69,0
7,-73,0
3,-59,0
-14,-57,0
-8,-30,0
12,-31,0
-20,-35,0
0,-54,0
-4,-51,0
14,-39,0
-15,-53,0
-10,-64,0
11,-49,0
2,-71,0
0,-39,0
-4,-37,0
-6,-51,0
9,-64,0
4,-47,0
2,-40,0
12,-70,0
-6,-50,0
-3,-35,0
16,-42,0
15,-70,0
-13,-41,0
5,-70,0
-8,-55,0
13,-69,0
-2,-71,0
1,-62,0
-10,-70,0
-18,-38,0
-4,-56,0
-6,-35,0
2,-42,0
-7,-35,0
7,-42,0
9,-61,0
4,-52,0
8,-46,0
2,-69,0
3,-60,0
-6,-53,0
-3,-36,0
-16,-63,0
-5,-65,0
6,-60,0
-21,-60,0
-6,-73,0
-4,-46,0
5,-36,0
12,-67,0
22,-45,0
1,-36,0
-19,-35,0
-7,-71,0
-2,-62,0
-6,-26,0
-20,-38,0
1,-26,0
-8,-35,0
2,-68,0
-3,-74,0
1,-32,0
-23,-52,0
23,-57,0
-12,-58,0
-17,-35,0
8,-53,0
24,-47,0
-6,-70,0
18,-51,0
-4,-72,0
-20,-54,0
6,-69,0
-8,-35,0
11,-57,0
6,-31,0
14,-65,0
21,-52,0
3,-26,0
18,-62,0
-10,-62,0
2,-30,0
-2,-28,0
5,-47,0
3,-29,0
-3,-50,0
-22,-57,0
-2,-44,0
5,-30,0
4,-41,0
15,-56,0
15,-62,0
19,-66,0
-1,-61,0
-12,-30,0
8,-56,0
16,-46,0
-14,-62,0
-16,-62,0
14,-51,0
-9,-63,0
-1,-28,0
18,-54,0
13,-54,0
-16,-62,0
-16,-54,0
-16,-41,0
-8,-64,0
20,-53,0
-23,-43,0
-5,-35,0
11,-49,0
13,-33,0
-13,-71,0
-8,-72,0
-7,-70,0
12,-62,0
6,-73,0
-22,-46,0
-17,-59,0
-22,-54,0
-1,-63,0
-18,-59,0
2,-45,0
-4,-43,0
-11,-49,0
10,-29,0
9,-49,0
-2,-26,0
-23,-50,0
12,-48,0
6,-50,0
3,-27,0
10,-36,0
11,-39,0
-23,-43,0
8,-70,0
17,-42,0
-10,-55,0
-3,-59,0
6,-68,0
-6,-28,0
8,-50,0
-21,-42,0
-10,-62,0
15,-57,0
2,-54,0
-2,-73,0
-15,-64,0
-4,-46,0
-18,-57,0
10,-59,0
19,-51,0
-4,-59,0
-8,-66,0
-19,-37,0
2,-37,0
4,-26,0
-6,-30,0
-17,-46,0
18,-34,0
-14,-44,0
8,-53,0
14,-68,0
-4,-37,0
4,-53,0
-24,-50,0
-6,-69,0
13,-37,0
9,-46,0
3,-27,0
-8,-54,0
-5,-48,0
3,-26,0
-1,-53,0
-13,-57,0
-20,-61,0
7,-71,0
65,23,1
47,43,1
29,22,1
46,3,1
58,38,1
33,41,1
25,12,1
67,32,1
51,20,1
28,25,1
43,45,1
37,45,1
65,17,1
28,43,1
61,40,1
46,5,1
21,29,1
31,34,1
27,25,1
33,26,1
45,27,1
30,14,1
62,20,1
42,37,1
40,23,1
38,10,1
59,27,1
60,26,1
23,15,1
43,41,1
53,32,1
30,43,1
49,46,1
26,9,1
19,21,1
57,12,1
27,29,1
55,43,1
37,16,1
51,46,1
44,1,1
56,42,1
51,18,1
66,34,1
53,28,1
45,28,1
28,6,1
44,20,1
54,10,1
58,12,1
19,20,1
57,23,1
63,32,1
64,12,1
55,31,1
44,16,1
60,13,1
56,20,1
35,47,1
63,25,1
52,35,1
45,41,1
53,46,1
34,44,1
26,18,1
65,21,1
52,35,1
61,28,1
22,29,1
51,16,1
53,46,1
34,13,1
56,29,1
45,7,1
49,13,1
21,31,1
40,4,1
47,10,1
48,28,1
25,37,1
25,40,1
47,17,1
38,25,1
58,19,1
50,29,1
42,18,1
47,26,1
57,42,1
41,17,1
54,35,1
45,40,1
30,25,1
51,20,1
37,6,1
39,12,1
62,27,1
41,10,1
32,21,1
61,33,1
39,46,1
47,5,1
47,9,1
42,34,1
37,1,1
38,6,1
21,27,1
39,48,1
41,20,1
21,16,1
55,25,1
63,37,1
56,24,1
47,14,1
43,6,1
39,10,1
58,16,1
59,44,1
37,39,1
30,37,1
53,39,1
43,29,1
63,28,1
60,16,1
47,14,1
53,2,1
38,19,1
34,10,1
55,7,1
37,45,1
35,12,1
56,41,1
33,26,1
25,16,1
53,27,1
46,47,1
36,33,1
35,34,1
58,11,1
34,35,1
41,17,1
55,40,1
25,26,1
43,12,1
27,16,1
20,18,1
63,18,1
38,33,1
41,30,1
49,33,1
55,34,1
28,12,1
35,12,1
48,27,1
29,41,1
24,11,1
44,23,1
30,45,1
31,7,1
51,23,1
39,25,1
58,21,1
44,34,1
25,13,1
44,12,1
42,47,1
48,20,1
29,5,1
28,27,1
42,28,1
54,45,1
56,16,1
53,33,1
54,4,1
39,30,1
53,26,1
61,12,1
31,12,1
20,32,1
67,26,1
46,45,1
43,28,1
31,43,1
52,46,1
37,33,1
45,48,1
49,38,1
43,3,1
62,27,1
38,47,1
50,29,1
29,14,1
29,33,1
53,44,1
57,42,1
32,24,1
22,25,1
22,33,1
67,29,1
44,2,1
39,38,1
62,31,1
29,19,1
27,8,1
31,16,1
54,24,1
63,19,1
40,41,1
42,8,1
21,14,1
63,21,1
33,30,1
33,32,1
54,38,1
36,30,1
26,13,1
57,13,1
61,38,1
45,16,1
34,33,1
21,24,1
56,36,1
52,3,1
45,39,1
38,42,1
58,22,1
31,37,1
67,31,1
34,27,1
59,41,1
45,17,1
26,16,1
65,30,1
50,3,1
28,28,1
58,12,1
27,41,1
58,31,1
31,6,1
41,31,1
48,43,1
36,18,1
49,10,1
50,9,1
46,36,1
27,38,1
62,10,1
47,20,1
30,13,1
46,7,1
50,1,1
67,30,1
66,29,1
36,7,1
37,31,1
45,19,1
48,34,1
20,27,1
55,30,1
49,24,1
46,22,1
50,41,1
61,36,1
51,35,1
52,12,1
47,41,1
22,25,1
20,17,1
59,41,1
33,24,1
27,37,1
45,37,1
53,12,1
60,10,1
44,43,1
31,19,1
66,20,1
36,3,1
37,35,1
61,9,1
63,27,1
21,25,1
64,13,1
23,11,1
63,29,1
24,34,1
32,33,1
34,42,1
40,47,1
25,15,1
65,32,1
58,11,1
44,32,1
46,33,1
43,20,1
59,14,1
46,25,1
56,33,1
30,33,1
29,7,1
42,5,1
65,21,1
42,30,1
42,44,1
68,28,1
39,30,1
32,13,1
32,13,1
44,40,1
24,40,1
30,37,1
63,30,1
53,2,1
50,25,1
39,4,1
28,44,1
41,25,1
53,39,1
33,5,1
37,49,1
58,29,1
42,30,1
34,41,1
23,23,1
39,46,1
67,22,1
33,26,1
35,44,1
32,12,1
53,34,1
53,31,1
46,25,1
63,32,1
52,13,1
-52,4,1
-49,11,1
-35,31,1
-62,41,1
-59,22,1
-43,21,1
-29,41,1
-23,31,1
-49,49,1
-40,46,1
-41,27,1
-45,21,1
-22,20,1
-52,2,1
-32,20,1
-51,5,1
-26,35,1
-60,37,1
-49,37,1
-37,48,1
-29,9,1
-42,16,1
-60,9,1
-61,30,1
-39,31,1
-50,43,1
-57,26,1
-19,24,1
-44,27,1
-34,19,1
-20,26,1
-49,46,1
-47,13,1
-46,8,1
-49,27,1
-27,29,1
-52,15,1
-64,19,1
-34,16,1
-63,39,1
-20,33,1
-48,5,1
-34,26,1
-50,6,1
-60,36,1
-54,4,1
-27,22,1
-33,40,1
-51,41,1
-54,24,1
-59,24,1
-57,40,1
-60,41,1
-59,29,1
-52,48,1
-40,38,1
-35,40,1
-41,34,1
-44,24,1
-40,22,1
-67,18,1
-20,34,1
-47,27,1
-22,15,1
-61,30,1
-35,21,1
-27,8,1
-40,14,1
-51,36,1
-56,10,1
-32,22,1
-62,28,1
-54,19,1
-53,40,1
-62,10,1
-38,47,1
-40,26,1
-57,24,1
-56,14,1
-59,37,1
-47,42,1
-41,37,1
-28,32,1
-48,5,1
-60,32,1
-48,8,1
-22,38,1
-35,10,1
-39,20,1
-33,3,1
-50,18,1
-53,10,1
-66,25,1
-26,27,1
-45,8,1
-39,32,1
-55,34,1
-65,31,1
-53,5,1
-54,29,1
-34,2,1
-27,32,1
-62,38,1
-57,14,1
-28,10,1
-34,21,1
-37,25,1
-57,7,1
-41,34,1
-39,37,1
-50,36,1
-49,26,1
-43,21,1
-64,39,1
-33,41,1
-44,26,1
-59,40,1
-36,13,1
-51,40,1
-20,29,1
-50,40,1
-40,29,1
-23,23,1
-59,41,1
-49,10,1
-50,43,1
-31,31,1
-51,7,1
-27,15,1
-37,35,1
-59,32,1
-45,17,1
-45,18,1
-28,19,1
-40,12,1
-62,11,1
-52,29,1
-43,31,1
-32,22,1
-34,23,1
-53,26,1
-38,37,1
-28,36,1
-32,38,1
-24,16,1
-30,46,1
-48,7,1
-64,11,1
-25,17,1
-49,33,1
-59,9,1
-60,14,1
-37,49,1
-50,21,1
-51,18,1
-26,30,1
-55,46,1
-29,15,1
-45,2,1
-46,11,1
-51,26,1
-47,45,1
-31,41,1
-52,3,1
-30,26,1
-45,40,1
-53,26,1
-26,33,1
-35,4,1
-46,17,1
-55,9,1
-24,32,1
-40,30,1
-48,3,1
-29,31,1
-37,31,1
-33,28,1
-52,8,1
-56,23,1
-66,20,1
-44,20,1
-27,21,1
-60,17,1
-28,32,1
-33,4,1
-63,29,1
-46,29,1
-53,42,1
-46,17,1
-38,16,1
-43,32,1
-49,22,1
-63,33,1
-30,46,1
-23,36,1
-36,47,1
-22,32,1
-40,29,1
-32,5,1
-37,48,1
-38,25,1
-38,35,1
-20,25,1
-23,19,1
-28,25,1
-43,13,1
-27,43,1
-68,27,1
-41,14,1
-53,10,1
-42,10,1
-50,48,1
-44,34,1
-52,25,1
-48,49,1
-26,23,1
-51,5,1
-52,26,1
-29,34,1
-44,23,1
-43,45,1
-50,39,1
-51,4,1
-39,35,1
-56,28,1
-25,31,1
-51,5,1
-50,2,1
-49,14,1
-49,25,1
-38,20,1
-53,17,1
-24,18,1
-24,40,1
-50,7,1
-33,14,1
-26,9,1
-49,48,1
-49,47,1
-25,34,1
-47,45,1
-48,8,1
-24,19,1
-44,12,1
-51,26,1
-27,36,1
-25,18,1
-64,22,1
-43,5,1
-42,22,1
-25,20,1
-55,26,1
-38,14,1
-51,7,1
-58,23,1
-22,30,1
-46,9,1
-51,48,1
-60,13,1
-30,10,1
-39,39,1
-32,40,1
-59,8,1
-33,28,1
-24,39,1
-45,11,1
-37,19,1
-57,15,1
-45,8,1
-50,36,1
-62,13,1
-33,28,1
-32,30,1
-59,8,1
-30,32,1
-52,35,1
-60,34,1
-37,47,1
-55,31,1
-28,11,1
-28,41,1
-51,22,1
-39,43,1
-51,3,1
-31,21,1
-40,35,1
-65,29,1
-21,26,1
-48,16,1
-47,19,1
-50,7,1
-49,38,1
-58,16,1
-58,17,1
-23,28,1
-40,4,1
-26,9,1
-30,26,1
-66,27,1
-60,28,1
-33,12,1
-65,26,1
-33,4,1
-27,20,1
-25,12,1
-33,39,1
-57,30,1
-39,24,1
-61,41,1
-50,43,1
-46,19,1
-59,29,1
-41,24,1
-45,27,1
-55,13,1
-35,39,1
-28,24,1
-57,32,1
-56,32,1
-39,9,1
-47,48,1
-45,5,1
-50,17,1
-54,4,1
-54,17,1
-35,47,1
-34,14,1
-51,48,1
-53,39,1
-53,11,1
-37,9,1
-65,16,1
-31,42,1
