-15,-27,0
-5,-50,0
15,-20,0
9,-21,0
0,-62,0
10,-45,0
-5,-20,0
-7,-41,0
17,-54,0
-2,-22,0
-23,-36,0
12,-49,0
-2,-20,0
-19,-54,0
8,-60,0
-11,-32,0
-7,-44,0
14,-39,0
9,-52,0
18,-30,0
8,-48,0
9,-38,0
13,-40,0
5,-60,0
23,-34,0
-18,-54,0
20,-35,0
-4,-33,0
18,-35,0
0,-22,0
24,-42,0
-4,-38,0
8,-60,0
11,-24,0
-12,-39,0
3,-30,0
-14,-34,0
10,-58,0
11,-58,0
-6,-42,0
16,-49,0
-9,-38,0
18,-48,0
-8,-39,0
18,-29,0
8,-62,0
2,-58,0
-3,-47,0
7,-27,0
-6,-34,0
-19,-41,0
-24,-42,0
5,-30,0
-16,-43,0
19,-49,0
13,-53,0
-8,-56,0
-12,-24,0
-4,-20,0
5,-30,0
13,-51,0
6,-54,0
-4,-41,0
9,-48,0
8,-57,0
-21,-51,0
-18,-44,0
-4,-63,0
8,-25,0
17,-41,0
3,-33,0
11,-20,0
-17,-52,0
-19,-33,0
5,-27,0
17,-57,0
14,-53,0
-10,-61,0
3,-60,0
-5,-33,0
-15,-42,0
-3,-32,0
-2,-52,0
6,-59,0
-10,-59,0
13,-26,0
10,-54,0
-19,-56,0
17,-40,0
19,-54,0
-7,-48,0
-9,-63,0
15,-33,0
-4,-17,0
-13,-54,0
4,-50,0
4,-26,0
11,-52,0
2,-17,0
-18,-53,0
7,-55,0
-19,-51,0
-1,-32,0
-11,-35,0
-19,-53,0
-24,-38,0
5,-52,0
-19,-28,0
7,-28,0
-10,-18,0
11,-45,0
-3,-23,0
15,-29,0
-6,-39,0
1,-39,0
9,-39,0
-14,-49,0
9,-37,0
-3,-27,0
-4,-60,0
16,-23,0
-11,-46,0
21,-34,0
-4,-44,0
-10,-33,0
14,-38,0
5,-64,0
-19,-33,0
-22,-45,0
8,-43,0
5,-49,0
-9,-53,0
-12,-52,0
-3,-39,0
-9,-23,0
-3,-57,0
19,-28,0
-8,-52,0
15,-31,0
10,-34,0
17,-28,0
5,-53,0
8,-37,0
21,-48,0
0,-49,0
-12,-52,0
-9,-41,0
7,-23,0
-16,-49,0
-4,-50,0
-6,-44,0
1,-43,0
10,-41,0
6,-52,0
14,-32,0
14,-52,0
-5,-46,0
13,-20,0
-7,-29,0
8,-52,0
15,-45,0
20,-42,0
-13,-27,0
-9,-61,0
-8,-17,0
14,-45,0
-6,-45,0
-16,-56,0
2,-24,0
21,-50,0
-8,-50,0
-13,-58,0
-13,-36,0
-7,-58,0
-5,-43,0
14,-46,0
-15,-49,0
16,-22,0
0,-32,0
-6,-59,0
-17,-50,0
-11,-30,0
-19,-34,0
-11,-28,0
-6,-61,0
-15,-44,0
-4,-49,0
-19,-48,0
10,-36,0
9,-56,0
0,-59,0
6,-31,0
22,-49,0
14,-43,0
6,-24,0
-9,-28,0
-7,-59,0
0,-48,0
-11,-41,0
-11,-44,0
6,-45,0
-15,-24,0
4,-42,0
8,-20,0
23,-43,0
17,-57,0
-17,-54,0
-22,-37,0
10,-25,0
-2,-18,0
-8,-47,0
-10,-39,0
-6,-62,0
11,-22,0
0,-51,0
10,-47,0
-16,-31,0
-19,-37,0
-15,-28,0
-16,-37,0
-11,-57,0
-9,-56,0
-11,-45,0
19,-37,0
3,-35,0
23,-35,0
-15,-49,0
18,-51,0
-14,-35,0
13,-29,0
-18,-33,0
-1,-54,0
3,-53,0
-17,-49,0
-6,-23,0
-3,-45,0
10,-21,0
-5,-62,0
0,-49,0
22,-51,0
-20,-45,0
2,-40,0
-10,-30,0
-14,-56,0
11,-43,0
10,-21,0
-13,-27,0
-5,-62,0
-16,-37,0
-5,-25,0
-16,-35,0
-12,-37,0
1,-57,0
-3,-35,0
19,-39,0
0,-54,0
-14,-37,0
-11,-29,0
-16,-37,0
-13,-59,0
-9,-40,0
-15,-35,0
2,-28,0
23,-34,0
22,-33,0
-2,-25,0
14,-30,0
-19,-43,0
21,-44,0
22,-51,0
-12,-22,0
-12,-44,0
-9,-39,0
-5,-51,0
-18,-35,0
-14,-54,0
-8,-46,0
-15,-27,0
15,-57,0
3,-42,0
-15,-47,0
19,-31,0
24,-43,0
-20,-47,0
17,-39,0
-2,-35,0
-9,-48,0
18,-54,0
-2,-37,0
3,-40,0
19,-45,0
14,-49,0
15,-55,0
-1,-39,0
-4,-53,0
2,-38,0
11,-52,0
5,-49,0
2,-54,0
-24,-44,0
-1,-21,0
18,-49,0
20,-47,0
1,-29,0
3,-45,0
6,-23,0
-1,-33,0
-1,-49,0
-4,-47,0
-8,-35,0
-20,-34,0
-1,-62,0
11,-19,0
-3,-20,0
-6,-19,0
-12,-46,0
11,-22,0
-10,-19,0
-18,-56,0
17,-33,0
-3,-20,0
-4,-18,0
-16,-56,0
-6,-25,0
-5,-55,0
-19,-30,0
-18,-56,0
10,-57,0
-16,-42,0
9,-50,0
0,-58,0
7,-64,0
15,-46,0
32,23,1
53,6,1
49,29,1
29,20,1
46,15,1
40,17,1
20,4,1
23,38,1
37,17,1
28,29,1
34,18,1
15,29,1
17,14,1
38,19,1
23,16,1
33,19,1
50,37,1
27,12,1
35,24,1
42,13,1
22,36,1
43,28,1
53,5,1
33,11,1
46,30,1
37,32,1
35,23,1
45,41,1
23,32,1
38,19,1
41,35,1
33,8,1
36,30,1
49,38,1
30,29,1
13,21,1
28,41,1
45,32,1
34,18,1
57,12,1
29,1,1
32,27,1
17,4,1
43,4,1
21,17,1
36,39,1
27,24,1
27,14,1
17,29,1
37,44,1
34,6,1
29,12,1
43,18,1
52,10,1
29,33,1
17,18,1
27,26,1
32,21,1
54,20,1
21,17,1
22,37,1
43,23,1
33,34,1
17,12,1
45,31,1
13,25,1
53,16,1
36,4,1
33,11,1
46,17,1
44,20,1
47,28,1
33,38,1
42,27,1
26,14,1
43,40,1
14,33,1
25,11,1
28,25,1
39,32,1
18,22,1
25,23,1
18,3,1
18,21,1
42,15,1
39,28,1
49,18,1
19,3,1
28,1,1
23,16,1
14,23,1
34,4,1
53,28,1
43,14,1
35,8,1
19,20,1
37,20,1
48,17,1
50,2,1
44,9,1
29,6,1
55,24,1
45,37,1
32,7,1
52,27,1
42,34,1
33,5,1
13,24,1
43,23,1
38,41,1
52,10,1
28,11,1
41,42,1
16,29,1
38,37,1
36,35,1
16,35,1
37,37,1
15,29,1
38,1,1
15,31,1
28,6,1
28,22,1
11,19,1
16,27,1
21,10,1
44,-3,1
37,29,1
48,19,1
32,43,1
46,15,1
20,40,1
42,30,1
49,30,1
21,27,1
26,35,1
17,23,1
46,-2,1
32,0,1
43,16,1
12,25,1
27,20,1
53,22,1
19,17,1
14,8,1
30,37,1
12,19,1
23,0,1
25,-1,1
28,25,1
12,12,1
46,41,1
40,38,1
18,16,1
32,25,1
36,28,1
42,17,1
32,33,1
20,28,1
33,7,1
44,41,1
47,5,1
43,16,1
42,42,1
49,22,1
39,10,1
23,-2,1
34,-3,1
55,28,1
23,42,1
48,26,1
46,5,1
58,19,1
36,16,1
37,10,1
43,35,1
18,35,1
19,33,1
47,22,1
29,1,1
45,2,1
53,21,1
24,25,1
40,2,1
47,0,1
46,11,1
42,15,1
20,16,1
30,11,1
40,-1,1
32,27,1
24,24,1
43,37,1
16,27,1
50,17,1
10,17,1
51,21,1
25,42,1
29,3,1
46,1,1
21,36,1
52,30,1
33,10,1
20,37,1
39,21,1
11,28,1
49,36,1
57,30,1
50,2,1
45,6,1
48,14,1
31,31,1
19,39,1
22,13,1
43,17,1
16,32,1
46,0,1
19,17,1
45,2,1
51,15,1
33,29,1
28,6,1
38,17,1
42,18,1
50,10,1
14,20,1
21,15,1
28,21,1
27,10,1
28,6,1
42,17,1
47,20,1
41,34,1
37,43,1
19,10,1
13,28,1
39,44,1
19,10,1
31,10,1
28,10,1
32,39,1
43,2,1
32,30,1
28,38,1
50,9,1
48,37,1
31,-4,1
25,28,1
55,23,1
14,13,1
41,43,1
58,27,1
32,1,1
48,2,1
34,14,1
46,6,1
33,1,1
43,-1,1
52,20,1
30,40,1
56,16,1
33,28,1
36,31,1
55,11,1
16,15,1
36,22,1
30,44,1
17,26,1
21,7,1
47,17,1
29,12,1
50,11,1
27,-3,1
46,18,1
43,27,1
11,28,1
35,21,1
49,10,1
14,26,1
35,37,1
51,32,1
32,10,1
48,-1,1
47,14,1
35,22,1
10,22,1
32,8,1
50,39,1
46,26,1
28,2,1
57,9,1
25,2,1
33,13,1
46,14,1
36,20,1
51,30,1
56,32,1
41,25,1
38,1,1
50,35,1
33,26,1
49,33,1
32,7,1
19,34,1
13,24,1
34,12,1
46,18,1
30,16,1
50,18,1
13,15,1
51,21,1
30,39,1
29,43,1
37,23,1
50,6,1
22,38,1
54,15,1
54,25,1
41,-1,1
27,8,1
52,3,1
43,33,1
31,35,1
26,21,1
20,16,1
18,14,1
32,28,1
35,24,1
13,26,1
26,35,1
31,9,1
37,39,1
37,36,1
-35,36,1
-47,38,1
-19,34,1
-43,16,1
-28,8,1
-38,41,1
-49,15,1
-37,13,1
-16,12,1
-38,39,1
-21,14,1
-47,24,1
-38,9,1
-10,23,1
-39,44,1
-21,17,1
-41,-4,1
-33,37,1
-50,15,1
-40,20,1
-36,-3,1
-49,6,1
-17,4,1
-31,21,1
-26,36,1
-13,20,1
-32,19,1
-40,23,1
-42,13,1
-16,14,1
-49,12,1
-23,4,1
-42,28,1
-23,32,1
-48,40,1
-15,16,1
-32,9,1
-54,31,1
-28,17,1
-26,17,1
-52,36,1
-17,34,1
-29,5,1
-37,0,1
-27,10,1
-51,33,1
-26,30,1
-22,4,1
-14,23,1
-48,36,1
-26,5,1
-14,18,1
-18,11,1
-30,33,1
-38,17,1
-22,37,1
-29,11,1
-56,29,1
-19,2,1
-57,11,1
-34,25,1
-21,28,1
-38,34,1
-52,34,1
-49,23,1
-36,13,1
-28,38,1
-40,31,1
-30,37,1
-53,19,1
-37,2,1
-35,27,1
-30,33,1
-48,19,1
-15,21,1
-17,23,1
-50,17,1
-56,20,1
-40,9,1
-22,15,1
-44,10,1
-37,1,1
-57,23,1
-54,14,1
-52,35,1
-46,42,1
-39,32,1
-25,29,1
-41,8,1
-31,22,1
-38,23,1
-19,14,1
-37,35,1
-26,36,1
-33,44,1
-25,31,1
-43,23,1
-35,11,1
-33,42,1
-37,35,1
-48,29,1
-19,30,1
-36,2,1
-58,26,1
-32,35,1
-12,26,1
-36,29,1
-13,24,1
-38,20,1
-53,14,1
-32,23,1
-33,-2,1
-44,20,1
-44,23,1
-39,14,1
-16,6,1
-54,22,1
-36,40,1
-22,18,1
-32,28,1
-42,36,1
-44,8,1
-32,24,1
-44,41,1
-19,35,1
-38,5,1
-26,28,1
-30,12,1
-20,38,1
-27,-1,1
-12,14,1
-35,34,1
-48,8,1
-37,21,1
-39,31,1
-21,37,1
-45,39,1
-35,0,1
-37,3,1
-19,2,1
-30,4,1
-54,34,1
-32,22,1
-34,39,1
-37,34,1
-25,27,1
-16,36,1
-47,21,1
-32,44,1
-21,10,1
-26,30,1
-26,17,1
-14,18,1
-14,12,1
-28,32,1
-51,2,1
-30,9,1
-42,21,1
-15,23,1
-26,5,1
-40,40,1
-54,7,1
-43,4,1
-16,10,1
-29,-2,1
-52,5,1
-30,13,1
-56,8,1
-20,34,1
-20,18,1
-48,1,1
-28,10,1
-37,43,1
-13,31,1
-26,18,1
-41,24,1
-56,21,1
-31,27,1
-37,16,1
-32,33,1
-15,25,1
-43,41,1
-56,23,1
-43,40,1
-11,14,1
-48,35,1
-38,28,1
-29,35,1
-25,26,1
-56,25,1
-34,24,1
-13,21,1
-15,10,1
-40,40,1
-32,40,1
-39,24,1
-30,1,1
-49,10,1
-48,29,1
-53,6,1
-33,36,1
-26,24,1
-42,-3,1
-21,37,1
-39,32,1
-43,4,1
-52,12,1
-25,39,1
-35,0,1
-40,37,1
-24,12,1
-49,37,1
-25,-2,1
-43,9,1
-24,9,1
-50,18,1
-11,23,1
-27,-1,1
-32,21,1
-35,25,1
-55,12,1
-13,20,1
-33,-2,1
-11,27,1
-56,23,1
-27,25,1
-24,2,1
-39,0,1
-26,22,1
-45,25,1
-57,27,1
-26,35,1
-38,20,1
-51,31,1
-52,32,1
-35,4,1
-27,16,1
-24,28,1
-27,10,1
-16,32,1
-26,11,1
-45,34,1
-15,25,1
-47,18,1
-29,30,1
-45,7,1
-39,18,1
-58,28,1
-45,1,1
-47,20,1
-25,4,1
-31,14,1
-15,31,1
-14,32,1
-29,1,1
-38,8,1
-34,33,1
-18,6,1
-29,19,1
-14,16,1
-31,23,1
-52,29,1
-52,36,1
-41,18,1
-12,25,1
-43,29,1
-50,33,1
-29,24,1
-28,37,1
-41,25,1
-34,9,1
-59,15,1
-45,39,1
-48,40,1
-21,10,1
-54,30,1
-25,25,1
-40,40,1
-22,13,1
-35,11,1
-24,-1,1
-47,14,1
-32,13,1
-28,39,1
-18,30,1
-24,32,1
-51,37,1
-20,4,1
-34,14,1
-45,12,1
-40,17,1
-30,35,1
-15,23,1
-33,42,1
-36,32,1
-44,0,1
-35,10,1
-18,19,1
-11,13,1
-43,2,1
-48,35,1
-57,22,1
-37,18,1
-46,17,1
-27,40,1
-43,43,1
-46,-2,1
-33,17,1
-32,10,1
-25,33,1
-12,22,1
-50,6,1
-33,8,1
-27,40,1
-43,7,1
-31,3,1
-18,23,1
-56,18,1
-22,26,1
-11,14,1
-28,38,1
-43,43,1
-33,-2,1
-46,15,1
-57,31,1
-22,14,1
-48,29,1
-18,29,1
-20,11,1
-13,11,1
-36,42,1
-48,22,1
-36,0,1
