-4,-51,0
5,-10,0
5,-31,0
2,-23,0
-17,-21,0
-2,-8,0
11,-50,0
-3,-49,0
-7,-26,0
6,-21,0
14,-35,0
-14,-32,0
11,-40,0
1,-15,0
-16,-36,0
6,-40,0
-1,-20,0
0,-20,0
-4,-50,0
8,-14,0
-14,-22,0
23,-35,0
-7,-19,0
-10,-18,0
22,-36,0
13,-45,0
-5,-35,0
19,-23,0
10,-52,0
11,-34,0
8,-20,0
3,-26,0
-15,-47,0
3,-51,0
10,-49,0
-2,-32,0
0,-12,0
-19,-23,0
3,-39,0
10,-16,0
17,-21,0
11,-34,0
7,-16,0
-12,-44,0
-6,-52,0
2,-48,0
6,-12,0
0,-29,0
12,-12,0
-17,-19,0
-10,-11,0
-16,-48,0
9,-23,0
3,-18,0
8,-22,0
6,-40,0
6,-15,0
-19,-40,0
2,-11,0
-2,-38,0
9,-28,0
-11,-37,0
17,-17,0
22,-36,0
3,-46,0
16,-14,0
-7,-43,0
3,-40,0
-23,-36,0
11,-15,0
9,-16,0
-20,-15,0
6,-17,0
12,-44,0
-5,-47,0
-8,-33,0
1,-19,0
-1,-51,0
10,-13,0
-14,-19,0
-23,-37,0
7,-36,0
-8,-51,0
-17,-14,0
-16,-18,0
0,-13,0
1,-54,0
9,-40,0
12,-19,0
12,-43,0
2,-17,0
12,-32,0
-6,-47,0
-20,-36,0
-23,-26,0
11,-51,0
6,-23,0
4,-50,0
13,-33,0
-19,-37,0
-14,-17,0
21,-42,0
-19,-17,0
22,-22,0
-20,-27,0
18,-29,0
15,-34,0
-3,-35,0
13,-10,0
7,-26,0
-1,-49,0
2,-37,0
-20,-33,0
-11,-15,0
-10,-17,0
-2,-48,0
12,-34,0
-21,-34,0
21,-30,0
11,-10,0
-6,-52,0
-4,-37,0
11,-11,0
22,-33,0
-22,-20,0
-2,-10,0
-1,-42,0
7,-11,0
22,-27,0
-8,-22,0
8,-24,0
5,-17,0
-14,-40,0
22,-27,0
18,-46,0
6,-18,0
5,-44,0
-23,-25,0
-12,-48,0
-3,-10,0
17,-45,0
-21,-42,0
-10,-48,0
4,-22,0
-13,-36,0
-9,-42,0
-3,-49,0
16,-17,0
21,-30,0
11,-37,0
-13,-14,0
6,-38,0
3,-11,0
2,-18,0
1,-16,0
12,-25,0
14,-50,0
-3,-34,0
-8,-19,0
-4,-18,0
-2,-12,0
14,-21,0
-23,-35,0
-5,-20,0
15,-28,0
2,-20,0
7,-28,0
12,-11,0
-5,-21,0
-14,-34,0
-1,-19,0
10,-16,0
17,-27,0
-14,-32,0
18,-18,0
-19,-22,0
-18,-33,0
8,-38,0
7,-33,0
9,-11,0
-17,-21,0
-8,-38,0
21,-17,0
-14,-26,0
0,-44,0
-7,-50,0
12,-14,0
-3,-12,0
-5,-32,0
-5,-42,0
9,-42,0
-8,-52,0
-2,-43,0
-5,-6,0
24,-23,0
0,-11,0
2,-35,0
2,-44,0
-3,-38,0
1,-41,0
-21,-21,0
2,-44,0
-8,-15,0
5,-24,0
-12,-32,0
-15,-39,0
9,-28,0
-10,-13,0
-14,-24,0
10,-24,0
1,-27,0
-16,-39,0
6,-41,0
-11,-51,0
-10,-27,0
-23,-27,0
-7,-20,0
-15,-21,0
2,-37,0
21,-31,0
5,-27,0
-3,-34,0
-2,-20,0
-7,-46,0
8,-8,0
-13,-36,0
-16,-19,0
10,-48,0
-4,-6,0
19,-35,0
2,-39,0
-17,-27,0
1,-6,0
7,-45,0
-10,-15,0
-17,-20,0
0,-15,0
-1,-9,0
2,-6,0
20,-15,0
-8,-39,0
6,-16,0
-23,-27,0
6,-27,0
12,-40,0
24,-35,0
5,-15,0
-1,-25,0
6,-49,0
1,-29,0
14,-17,0
-13,-32,0
-4,-23,0
11,-9,0
-7,-33,0
7,-21,0
3,-38,0
-15,-45,0
1,-30,0
21,-29,0
19,-34,0
7,-33,0
0,-5,0
13,-40,0
24,-27,0
-8,-46,0
-18,-39,0
-1,-17,0
-16,-39,0
4,-12,0
11,-17,0
-5,-42,0
-1,-37,0
16,-49,0
1,-21,0
-16,-41,0
9,-23,0
-23,-36,0
5,-31,0
-23,-21,0
-2,-24,0
17,-21,0
3,-43,0
-22,-26,0
23,-35,0
5,-17,0
17,-14,0
-4,-53,0
21,-41,0
4,-21,0
-12,-49,0
14,-27,0
-5,-30,0
-4,-22,0
15,-33,0
-8,-50,0
10,-42,0
-18,-36,0
-15,-46,0
7,-50,0
11,-20,0
-5,-53,0
19,-34,0
11,-33,0
4,-34,0
-14,-38,0
24,-36,0
19,-29,0
4,-41,0
-7,-45,0
-6,-26,0
-8,-42,0
4,-18,0
8,-46,0
-11,-38,0
-12,-43,0
1,-27,0
-6,-8,0
6,-18,0
5,-49,0
0,-53,0
20,-15,0
-7,-15,0
1,-47,0
-16,-36,0
-20,-29,0
-2,-11,0
18,-34,0
4,-42,0
-1,-53,0
-13,-49,0
-15,-46,0
-8,-52,0
20,29,1
27,34,1
4,17,1
5,23,1
33,14,1
13,-6,1
27,23,1
17,29,1
17,35,1
27,12,1
21,13,1
9,14,1
32,17,1
9,15,1
31,1,1
23,-6,1
39,17,1
38,29,1
39,22,1
10,-3,1
39,30,1
5,26,1
25,-5,1
18,4,1
23,22,1
8,9,1
27,32,1
19,27,1
28,22,1
47,20,1
47,13,1
34,29,1
13,21,1
44,5,1
5,14,1
16,37,1
45,23,1
42,16,1
22,37,1
7,8,1
45,10,1
12,-3,1
44,6,1
9,22,1
10,5,1
43,21,1
45,11,1
26,21,1
20,20,1
48,24,1
30,16,1
34,26,1
34,12,1
20,9,1
19,-4,1
47,18,1
16,31,1
39,-2,1
25,29,1
13,30,1
9,32,1
11,27,1
40,26,1
30,35,1
16,12,1
10,5,1
12,34,1
42,5,1
23,39,1
38,-3,1
24,-3,1
38,28,1
12,15,1
39,7,1
45,23,1
12,19,1
39,12,1
28,27,1
15,5,1
40,3,1
44,20,1
34,-2,1
32,20,1
31,26,1
39,28,1
14,12,1
3,6,1
31,-4,1
18,13,1
18,17,1
31,33,1
20,33,1
12,32,1
12,15,1
27,28,1
30,-4,1
38,5,1
16,-2,1
11,28,1
18,0,1
41,18,1
10,5,1
17,25,1
11,26,1
31,23,1
21,23,1
30,36,1
12,-3,1
31,2,1
24,-3,1
19,20,1
28,30,1
30,9,1
14,14,1
34,18,1
42,-1,1
33,15,1
44,12,1
3,21,1
46,21,1
5,21,1
35,16,1
42,14,1
36,8,1
48,17,1
36,-3,1
23,33,1
6,19,1
48,21,1
18,-6,1
31,37,1
47,7,1
28,34,1
25,2,1
35,-3,1
48,11,1
32,-9,1
18,-3,1
31,24,1
4,19,1
26,11,1
28,3,1
15,36,1
21,6,1
9,9,1
15,20,1
15,-1,1
40,29,1
17,26,1
20,32,1
31,-1,1
17,13,1
45,4,1
38,30,1
40,0,1
34,15,1
35,9,1
4,14,1
25,39,1
10,7,1
23,-8,1
34,18,1
19,6,1
26,-1,1
22,25,1
30,18,1
32,-4,1
27,23,1
44,32,1
4,6,1
8,21,1
17,13,1
8,2,1
42,23,1
23,23,1
26,-9,1
29,36,1
37,12,1
42,-2,1
18,10,1
34,21,1
29,-1,1
24,39,1
14,22,1
24,7,1
37,17,1
7,12,1
18,13,1
33,5,1
19,24,1
19,-9,1
49,14,1
28,6,1
41,3,1
23,16,1
14,-6,1
12,-3,1
29,19,1
28,8,1
29,24,1
19,-5,1
31,34,1
38,30,1
42,10,1
10,-1,1
28,18,1
23,-2,1
49,10,1
6,19,1
15,12,1
20,16,1
18,6,1
18,32,1
11,1,1
7,10,1
43,1,1
19,-9,1
43,5,1
36,27,1
42,16,1
20,26,1
17,20,1
26,38,1
40,30,1
34,14,1
18,38,1
41,3,1
29,-2,1
7,17,1
41,-3,1
21,-9,1
28,29,1
20,0,1
18,2,1
27,22,1
8,25,1
42,7,1
14,7,1
43,17,1
10,5,1
30,24,1
10,24,1
44,10,1
10,30,1
32,24,1
25,33,1
13,5,1
8,28,1
19,3,1
12,7,1
33,30,1
47,17,1
49,10,1
26,8,1
40,11,1
31,11,1
22,21,1
24,14,1
41,27,1
48,4,1
8,5,1
18,32,1
24,-4,1
42,33,1
48,10,1
38,36,1
36,17,1
26,4,1
33,-3,1
48,26,1
31,6,1
37,30,1
31,-3,1
34,17,1
46,16,1
37,14,1
16,-4,1
33,-5,1
18,10,1
29,25,1
47,11,1
22,1,1
29,5,1
46,25,1
42,27,1
47,25,1
19,27,1
45,10,1
31,24,1
18,-7,1
6,16,1
24,-9,1
47,24,1
35,-1,1
32,38,1
41,28,1
32,31,1
47,14,1
39,24,1
15,36,1
31,8,1
11,23,1
34,36,1
4,18,1
36,8,1
8,31,1
2,9,1
17,2,1
10,17,1
24,31,1
22,36,1
17,19,1
9,26,1
19,6,1
31,18,1
36,21,1
28,17,1
37,5,1
35,21,1
13,-4,1
16,-1,1
33,20,1
22,30,1
37,8,1
22,7,1
38,21,1
35,15,1
1,15,1
25,28,1
5,17,1
20,-6,1
13,32,1
19,5,1
-27,20,1
-18,6,1
-14,1,1
-41,24,1
-36,21,1
-15,-5,1
-19,24,1
-46,17,1
-35,36,1
-36,20,1
-11,23,1
-21,-3,1
-27,34,1
-26,-8,1
-21,-7,1
-30,31,1
-45,22,1
-15,20,1
-32,17,1
-30,21,1
-48,11,1
-35,35,1
-6,22,1
-25,0,1
-31,25,1
-8,11,1
-12,13,1
-8,26,1
-46,2,1
-25,9,1
-47,12,1
-28,24,1
-14,19,1
-6,27,1
-31,19,1
-22,12,1
-32,20,1
-13,17,1
-48,24,1
-8,31,1
-32,21,1
-27,38,1
-13,1,1
-14,-2,1
-7,11,1
-42,3,1
-22,34,1
-29,36,1
-9,23,1
-7,25,1
-32,34,1
-28,30,1
-6,3,1
-18,38,1
-11,29,1
-3,12,1
-39,26,1
-45,6,1
-40,6,1
-31,-3,1
-25,20,1
-8,11,1
-29,-9,1
-5,2,1
-6,28,1
-25,22,1
-42,15,1
-5,7,1
-24,32,1
-25,38,1
-42,28,1
-10,17,1
-19,7,1
-40,-5,1
-10,15,1
-27,32,1
-11,2,1
-26,21,1
-40,15,1
-41,22,1
-25,-9,1
-13,2,1
-44,14,1
-31,0,1
-36,26,1
-24,3,1
-25,15,1
-31,10,1
-40,21,1
-16,1,1
-16,18,1
-29,-9,1
-28,38,1
-33,34,1
-28,16,1
-39,31,1
-26,20,1
-7,14,1
-41,15,1
-47,20,1
-36,21,1
-35,28,1
-40,21,1
-9,0,1
-11,4,1
-17,18,1
-36,18,1
-22,7,1
-7,6,1
-22,2,1
-30,-3,1
-13,31,1
-34,-8,1
-8,7,1
-22,-7,1
-4,26,1
-20,35,1
-31,-2,1
-17,22,1
-33,19,1
-16,-5,1
-9,18,1
-8,15,1
-12,30,1
-30,33,1
-31,38,1
-45,30,1
-15,34,1
-44,7,1
-34,33,1
-13,29,1
-19,10,1
-26,11,1
-39,24,1
-31,10,1
-25,31,1
-20,37,1
-34,12,1
-19,-2,1
-18,31,1
-12,8,1
-17,17,1
-46,5,1
-21,18,1
-32,-1,1
-44,13,1
-36,-2,1
-8,13,1
-37,34,1
-18,-1,1
-33,30,1
-40,-3,1
-8,10,1
-11,27,1
-12,9,1
-20,14,1
-22,39,1
-17,33,1
-31,36,1
-36,2,1
-38,30,1
-9,-3,1
-45,17,1
-38,33,1
-6,0,1
-48,17,1
-19,19,1
-22,21,1
-48,17,1
-33,1,1
-41,2,1
-14,14,1
-29,22,1
-28,39,1
-34,27,1
-43,4,1
-15,8,1
-17,28,1
-38,7,1
-47,3,1
-15,-6,1
-32,-9,1
-31,23,1
-27,29,1
-14,33,1
-34,14,1
-12,-1,1
-44,8,1
-47,26,1
-16,3,1
-18,28,1
-50,20,1
-38,3,1
-19,12,1
-27,2,1
-20,18,1
-20,19,1
-12,14,1
-42,2,1
-23,0,1
-11,31,1
-35,35,1
-17,37,1
-23,13,1
-10,14,1
-5,9,1
-25,33,1
-24,21,1
-45,2,1
-10,29,1
-2,21,1
-45,28,1
-9,27,1
-46,26,1
-22,23,1
-29,30,1
-13,-1,1
-39,-5,1
-13,-2,1
-33,-7,1
-17,34,1
-32,18,1
-28,36,1
-18,-5,1
-32,4,1
-15,6,1
-39,-3,1
-21,17,1
-4,8,1
-43,2,1
-16,16,1
-16,5,1
-49,10,1
-49,13,1
-44,22,1
-28,12,1
-33,4,1
-11,33,1
-15,9,1
-24,3,1
-37,24,1
-7,21,1
-45,2,1
-11,31,1
-11,12,1
-42,0,1
-46,10,1
-10,1,1
-19,26,1
-39,4,1
-20,21,1
-42,9,1
-38,21,1
-6,13,1
-43,12,1
-27,35,1
-31,5,1
-19,3,1
-2,16,1
-13,27,1
-8,-1,1
-25,31,1
-18,17,1
-22,27,1
-18,26,1
-4,21,1
-19,-2,1
-16,4,1
-31,8,1
-18,3,1
-21,17,1
-12,7,1
-22,24,1
-39,3,1
-23,-5,1
-23,-9,1
-14,31,1
-20,-5,1
-19,-9,1
-8,28,1
-32,-3,1
-37,0,1
-12,2,1
-20,14,1
-50,11,1
-11,-2,1
-46,16,1
-13,28,1
-41,0,1
-35,29,1
-43,25,1
-19,36,1
-11,5,1
-12,14,1
-32,26,1
-37,22,1
-20,35,1
-15,30,1
-24,24,1
-33,-8,1
-30,11,1
-4,14,1
-35,31,1
-37,-4,1
-22,27,1
-37,21,1
-24,10,1
-32,27,1
-22,32,1
-16,37,1
-24,39,1
-11,-1,1
-20,28,1
-9,33,1
-43,-3,1
-2,15,1
-33,33,1
-18,26,1
-16,16,1
-36,3,1
-44,3,1
-24,39,1
-26,-1,1
-35,7,1
-22,-9,1
-43,24,1
-4,7,1
-20,7,1
-3,17,1
-35,9,1
-14,23,1
-7,1,1
-40,-1,1
