-7,-23,0
-20,-45,0
-4,-33,0
23,-23,0
4,-15,0
9,-46,0
-5,-43,0
18,-28,0
22,-35,0
-9,-44,0
-6,-20,0
-10,-10,0
19,-40,0
-22,-20,0
2,-36,0
8,-16,0
-4,-48,0
-14,-45,0
15,-46,0
12,-9,0
8,-7,0
-6,-38,0
14,-18,0
1,-7,0
-17,-39,0
12,-47,0
10,-48,0
10,-47,0
12,-36,0
18,-23,0
-7,-42,0
18,-13,0
13,-20,0
4,-50,0
-6,-30,0
-16,-14,0
9,-25,0
-7,-27,0
-6,-49,0
-18,-35,0
-7,-27,0
-15,-24,0
1,-12,0
-5,-49,0
-12,-24,0
1,-48,0
24,-30,0
-3,-38,0
12,-31,0
-3,-36,0
-13,-17,0
3,-48,0
3,-38,0
5,-37,0
-3,-10,0
23,-30,0
17,-22,0
2,-30,0
5,-45,0
-21,-23,0
5,-53,0
-9,-14,0
-14,-48,0
-3,-16,0
13,-13,0
-1,-47,0
16,-25,0
-1,-50,0
-10,-45,0
21,-27,0
-15,-22,0
17,-37,0
5,-25,0
2,-22,0
10,-35,0
-17,-12,0
0,-10,0
16,-43,0
-23,-24,0
3,-44,0
4,-15,0
2,-43,0
-9,-49,0
10,-52,0
-21,-39,0
15,-46,0
10,-23,0
-11,-48,0
2,-18,0
11,-18,0
15,-45,0
8,-11,0
12,-25,0
17,-37,0
19,-43,0
-16,-18,0
2,-20,0
18,-31,0
9,-22,0
4,-44,0
7,-32,0
18,-18,0
3,-7,0
-18,-15,0
21,-28,0
4,-11,0
-15,-20,0
-22,-41,0
-24,-25,0
-23,-31,0
21,-34,0
15,-30,0
-19,-16,0
-6,-36,0
-15,-47,0
-4,-33,0
-1,-53,0
6,-37,0
-24,-28,0
6,-6,0
18,-31,0
22,-29,0
-9,-52,0
-3,-41,0
2,-22,0
8,-31,0
-2,-16,0
1,-13,0
-3,-50,0
5,-46,0
-5,-50,0
-2,-50,0
20,-39,0
-2,-7,0
16,-11,0
19,-14,0
19,-19,0
-2,-13,0
12,-40,0
-5,-17,0
4,-33,0
-2,-47,0
-6,-18,0
3,-26,0
16,-19,0
-6,-51,0
12,-37,0
14,-26,0
7,-37,0
11,-44,0
24,-34,0
-19,-39,0
-7,-23,0
8,-49,0
-3,-34,0
-5,-6,0
-20,-31,0
15,-31,0
-17,-26,0
4,-30,0
11,-13,0
5,-42,0
20,-22,0
20,-39,0
-13,-9,0
-15,-16,0
17,-12,0
8,-29,0
-12,-15,0
-15,-46,0
-13,-47,0
-15,-19,0
2,-28,0
10,-41,0
20,-21,0
16,-15,0
11,-51,0
-3,-18,0
-6,-25,0
-17,-26,0
18,-31,0
-3,-37,0
19,-37,0
-2,-15,0
-20,-18,0
16,-28,0
-8,-29,0
7,-32,0
-20,-16,0
-17,-33,0
11,-48,0
23,-39,0
-23,-29,0
2,-14,0
22,-37,0
-21,-17,0
-7,-8,0
-14,-49,0
-1,-18,0
20,-31,0
-19,-23,0
-1,-18,0
-24,-24,0
-5,-20,0
21,-40,0
-23,-31,0
8,-25,0
-12,-41,0
3,-35,0
4,-38,0
6,-33,0
-12,-40,0
-3,-8,0
15,-10,0
16,-29,0
6,-32,0
20,-31,0
-16,-28,0
-14,-48,0
6,-52,0
-24,-24,0
24,-29,0
-22,-38,0
6,-7,0
0,-11,0
-20,-17,0
-12,-44,0
-13,-44,0
-18,-26,0
-9,-19,0
-7,-8,0
9,-20,0
7,-13,0
9,-13,0
-10,-14,0
-4,-40,0
2,-33,0
-6,-48,0
5,-37,0
16,-29,0
-6,-29,0
-18,-21,0
-8,-37,0
11,-17,0
7,-46,0
-3,-39,0
3,-8,0
2,-11,0
-14,-33,0
5,-22,0
-20,-21,0
-21,-20,0
22,-36,0
19,-34,0
6,-26,0
2,-37,0
-19,-42,0
-6,-28,0
10,-10,0
-2,-18,0
-3,-6,0
16,-39,0
11,-34,0
-12,-35,0
20,-24,0
-1,-13,0
-6,-13,0
14,-14,0
16,-30,0
-17,-44,0
5,-27,0
-14,-27,0
-7,-50,0
16,-41,0
15,-30,0
-1,-37,0
-23,-22,0
12,-21,0
10,-45,0
7,-8,0
-6,-23,0
-10,-28,0
-11,-30,0
-7,-47,0
-12,-42,0
-2,-52,0
8,-38,0
-7,-48,0
21,-26,0
17,-18,0
7,-33,0
-8,-31,0
14,-27,0
-6,-34,0
-22,-21,0
14,-39,0
3,-11,0
-11,-40,0
2,-22,0
-12,-10,0
-3,-18,0
-14,-41,0
17,-22,0
-11,-27,0
-9,-40,0
16,-46,0
-9,-30,0
13,-42,0
5,-32,0
-7,-39,0
-1,-41,0
-17,-26,0
4,-28,0
-24,-28,0
7,-40,0
24,-26,0
6,-8,0
12,-36,0
-8,-53,0
12,-11,0
-9,-13,0
-15,-10,0
15,-50,0
5,-37,0
4,-40,0
-8,-10,0
9,-39,0
-22,-25,0
15,-14,0
7,-19,0
-1,-39,0
13,-11,0
-3,-35,0
20,5,1
5,23,1
21,1,1
46,1,1
45,15,1
33,-2,1
21,31,1
21,12,1
15,13,1
26,25,1
28,19,1
20,2,1
35,4,1
30,0,1
46,26,1
4,19,1
42,-2,1
5,19,1
21,39,1
35,-4,1
41,19,1
4,25,1
22,10,1
17,20,1
25,19,1
3,22,1
27,28,1
20,38,1
17,-8,1
6,1,1
28,16,1
18,30,1
5,3,1
31,28,1
34,4,1
11,13,1
15,21,1
19,0,1
49,17,1
33,16,1
19,37,1
34,7,1
16,33,1
30,14,1
41,3,1
14,16,1
45,24,1
41,4,1
46,12,1
35,29,1
34,30,1
32,-2,1
20,35,1
13,2,1
18,2,1
23,-7,1
24,28,1
15,20,1
9,13,1
15,0,1
17,38,1
42,10,1
25,30,1
27,-7,1
24,21,1
4,13,1
9,14,1
10,23,1
37,-6,1
21,2,1
27,29,1
9,1,1
17,23,1
12,-4,1
21,34,1
26,15,1
7,8,1
26,9,1
19,4,1
12,29,1
20,12,1
13,3,1
43,4,1
23,33,1
45,7,1
17,1,1
40,11,1
41,20,1
6,26,1
39,5,1
13,-4,1
45,9,1
34,16,1
36,-6,1
39,15,1
3,19,1
36,14,1
11,5,1
12,-5,1
36,32,1
14,9,1
27,29,1
12,32,1
18,19,1
24,38,1
34,14,1
23,30,1
7,8,1
12,7,1
16,15,1
32,24,1
3,13,1
9,-1,1
27,0,1
33,6,1
40,33,1
26,-9,1
41,33,1
11,4,1
15,34,1
27,29,1
5,27,1
19,1,1
16,0,1
13,2,1
46,14,1
4,17,1
14,0,1
45,1,1
13,1,1
1,15,1
6,20,1
27,22,1
44,22,1
10,28,1
5,14,1
43,6,1
36,9,1
31,35,1
17,-6,1
33,36,1
19,7,1
44,3,1
14,24,1
11,-5,1
30,12,1
20,-9,1
42,12,1
45,10,1
41,16,1
19,13,1
44,17,1
11,7,1
30,0,1
4,4,1
30,25,1
14,26,1
39,27,1
16,24,1
11,28,1
29,36,1
35,-2,1
12,1,1
44,21,1
42,2,1
44,6,1
6,19,1
11,35,1
14,35,1
25,20,1
9,28,1
27,25,1
13,18,1
18,-1,1
7,28,1
8,8,1
21,12,1
34,8,1
33,27,1
37,-5,1
43,14,1
15,8,1
22,-5,1
18,16,1
28,-1,1
29,29,1
35,7,1
28,23,1
22,0,1
21,33,1
7,26,1
45,27,1
18,1,1
22,15,1
10,21,1
15,6,1
18,15,1
17,11,1
17,-4,1
41,34,1
12,35,1
14,-3,1
33,32,1
31,6,1
10,33,1
24,19,1
41,27,1
24,3,1
37,16,1
19,4,1
39,34,1
8,0,1
12,17,1
28,14,1
35,18,1
26,-9,1
20,10,1
22,15,1
7,2,1
41,29,1
15,1,1
11,21,1
23,37,1
19,12,1
27,39,1
35,17,1
26,10,1
34,33,1
10,0,1
22,6,1
34,-6,1
26,-7,1
27,7,1
16,1,1
26,17,1
19,39,1
30,-6,1
46,11,1
28,0,1
29,19,1
36,19,1
33,4,1
29,23,1
8,14,1
24,2,1
16,17,1
28,21,1
43,4,1
18,25,1
8,7,1
37,7,1
26,15,1
11,15,1
11,20,1
43,14,1
24,4,1
16,28,1
16,23,1
15,1,1
18,4,1
17,34,1
47,13,1
11,9,1
38,9,1
32,-4,1
47,18,1
26,11,1
26,27,1
14,36,1
8,31,1
50,13,1
32,32,1
33,8,1
10,5,1
19,-7,1
40,22,1
14,18,1
42,12,1
15,12,1
50,9,1
25,-7,1
46,2,1
40,19,1
12,2,1
32,6,1
7,6,1
41,10,1
7,10,1
26,14,1
10,-2,1
46,9,1
40,12,1
8,3,1
16,36,1
17,0,1
6,0,1
11,31,1
3,15,1
38,14,1
26,-2,1
29,9,1
46,26,1
47,25,1
19,26,1
23,13,1
19,28,1
26,8,1
45,27,1
12,10,1
31,4,1
21,36,1
35,5,1
30,-5,1
31,-7,1
40,26,1
31,30,1
23,-9,1
41,-1,1
34,-1,1
16,18,1
43,11,1
8,17,1
19,-5,1
19,-4,1
43,25,1
48,18,1
21,25,1
39,-1,1
34,31,1
41,13,1
14,4,1
18,33,1
35,16,1
-19,4,1
-6,10,1
-36,33,1
-18,26,1
-10,17,1
-44,8,1
-4,11,1
-50,13,1
-20,21,1
-17,38,1
-12,23,1
-6,5,1
-41,5,1
-28,-7,1
-14,4,1
-6,28,1
-29,-7,1
-35,8,1
-29,-8,1
-26,-7,1
-24,12,1
-23,-9,1
-37,34,1
-3,20,1
-27,0,1
-22,19,1
-24,35,1
-14,8,1
-45,19,1
-16,8,1
-36,13,1
-11,10,1
-24,2,1
-10,19,1
-15,35,1
-11,35,1
-39,24,1
-11,30,1
-14,16,1
-17,21,1
-12,28,1
-46,23,1
-43,-3,1
-26,37,1
-31,-3,1
-30,9,1
-16,35,1
-30,-9,1
-13,17,1
-21,25,1
-25,-8,1
-24,12,1
-37,21,1
-10,5,1
-32,10,1
-16,-1,1
-39,32,1
-30,32,1
-19,27,1
-19,-5,1
-40,10,1
-28,-7,1
-41,0,1
-32,-9,1
-21,23,1
-3,15,1
-41,7,1
-49,6,1
-25,35,1
-47,4,1
-25,14,1
-25,18,1
-34,-4,1
-33,11,1
-50,13,1
-23,4,1
-11,18,1
-12,32,1
-9,20,1
-50,13,1
-2,9,1
-11,-4,1
-35,26,1
-25,11,1
-43,5,1
-35,36,1
-42,19,1
-20,37,1
-12,27,1
-2,14,1
-23,7,1
-34,28,1
-32,21,1
-28,11,1
-40,-4,1
-34,23,1
-31,25,1
-15,14,1
-9,2,1
-37,31,1
-41,26,1
-36,23,1
-37,37,1
-27,8,1
-41,4,1
-25,19,1
-29,-4,1
-32,39,1
-7,5,1
-33,3,1
-37,7,1
-25,-5,1
-30,39,1
-4,20,1
-37,5,1
-10,22,1
-19,-6,1
-19,19,1
-29,3,1
-42,19,1
-7,24,1
-20,6,1
-42,30,1
-37,19,1
-17,30,1
-20,31,1
-35,30,1
-6,4,1
-36,28,1
-36,3,1
-25,9,1
-34,1,1
-20,-9,1
-47,15,1
-16,31,1
-40,12,1
-39,23,1
-30,-6,1
-32,17,1
-2,9,1
-29,1,1
-28,0,1
-19,-8,1
-47,17,1
-38,-5,1
-41,12,1
-37,1,1
-42,33,1
-28,13,1
-34,18,1
-31,6,1
-28,32,1
-11,24,1
-3,17,1
-43,-3,1
-37,16,1
-38,10,1
-25,11,1
-27,9,1
-22,1,1
-30,1,1
-21,-9,1
-24,-4,1
-39,3,1
-41,26,1
-27,31,1
-38,28,1
-44,-2,1
-8,15,1
-21,25,1
-45,22,1
-16,5,1
-36,20,1
-35,-2,1
-11,28,1
-19,33,1
-9,10,1
-19,34,1
-39,29,1
-13,2,1
-28,9,1
-34,23,1
-9,-3,1
-27,-4,1
-23,6,1
-29,4,1
-23,36,1
-6,14,1
-28,2,1
-25,-3,1
-17,19,1
-41,10,1
-13,12,1
-26,32,1
-13,12,1
-13,6,1
-12,33,1
-5,26,1
-23,36,1
-48,11,1
-37,28,1
-33,37,1
-31,2,1
-15,30,1
-33,6,1
-20,2,1
-42,-3,1
-6,3,1
-16,3,1
-35,27,1
-17,3,1
-39,12,1
-20,29,1
-37,2,1
-18,9,1
-7,14,1
-35,6,1
-23,8,1
-39,-2,1
-37,8,1
-40,10,1
-30,37,1
-8,19,1
-34,11,1
-15,36,1
-40,18,1
-42,2,1
-31,39,1
-34,17,1
-24,-2,1
-33,18,1
-48,7,1
-24,34,1
-43,-3,1
-21,27,1
-27,-4,1
-34,2,1
-28,36,1
-4,8,1
-13,-6,1
-26,11,1
-41,21,1
-33,13,1
-30,24,1
-40,12,1
-33,6,1
-28,9,1
-38,35,1
-43,21,1
-32,6,1
-14,-1,1
-36,27,1
-22,-4,1
-38,33,1
-12,28,1
-37,4,1
-18,1,1
-12,-5,1
-29,3,1
-5,18,1
-33,16,1
-24,30,1
-23,33,1
-8,11,1
-16,1,1
-2,17,1
-30,8,1
-30,39,1
-2,9,1
-30,-7,1
-9,4,1
-35,0,1
-25,-4,1
-35,-1,1
-27,-2,1
-25,11,1
-42,16,1
-22,6,1
-22,13,1
-11,18,1
-4,17,1
-35,0,1
-39,28,1
-45,14,1
-2,12,1
-25,38,1
-32,-4,1
-35,-6,1
-26,12,1
-13,6,1
-26,25,1
-49,8,1
-26,6,1
-21,-7,1
-17,22,1
-19,-1,1
-32,1,1
-33,20,1
-15,25,1
-23,23,1
-16,2,1
-26,-7,1
-2,9,1
-16,21,1
-14,36,1
-35,17,1
-43,32,1
-16,27,1
-37,0,1
-34,9,1
-30,-9,1
-14,2,1
-39,1,1
-39,0,1
-32,16,1
-11,6,1
-47,24,1
-31,-9,1
-8,5,1
-35,31,1
-3,12,1
-26,17,1
-38,-4,1
-25,15,1
-11,32,1
-48,7,1
-10,3,1
-20,3,1
-7,7,1
-44,7,1
-6,22,1
-41,29,1
-39,27,1
