-5,-39,0
-11,-21,0
5,-8,0
5,-52,0
-12,-10,0
21,-42,0
-11,-48,0
-4,-40,0
-5,-25,0
-2,-46,0
-6,-35,0
-5,-27,0
-11,-35,0
-13,-35,0
15,-13,0
0,-41,0
16,-45,0
18,-31,0
-14,-32,0
18,-23,0
-8,-44,0
10,-10,0
-15,-45,0
-7,-43,0
-22,-37,0
-1,-16,0
-3,-46,0
0,-33,0
14,-14,0
5,-34,0
-11,-28,0
-19,-45,0
0,-14,0
-6,-51,0
-19,-22,0
7,-43,0
-14,-12,0
21,-36,0
8,-50,0
-15,-19,0
-12,-45,0
19,-22,0
1,-10,0
-10,-45,0
1,-9,0
-19,-30,0
0,-38,0
-8,-39,0
12,-11,0
16,-19,0
21,-26,0
-17,-27,0
-8,-30,0
5,-43,0
-10,-32,0
7,-10,0
3,-50,0
-24,-35,0
-4,-19,0
20,-19,0
19,-16,0
13,-28,0
12,-37,0
3,-37,0
4,-10,0
-15,-20,0
-15,-29,0
15,-10,0
19,-25,0
12,-19,0
-18,-13,0
10,-12,0
-1,-45,0
4,-45,0
-2,-29,0
15,-42,0
-11,-33,0
-16,-24,0
-5,-27,0
-4,-32,0
21,-34,0
-6,-7,0
1,-19,0
-6,-39,0
4,-50,0
-12,-9,0
13,-33,0
0,-38,0
-14,-27,0
-7,-20,0
-7,-27,0
0,-15,0
-6,-21,0
-14,-23,0
13,-23,0
-18,-14,0
0,-33,0
-24,-36,0
13,-17,0
4,-44,0
-9,-36,0
19,-16,0
-14,-28,0
3,-49,0
9,-14,0
-3,-17,0
-12,-32,0
0,-35,0
14,-29,0
-14,-22,0
-18,-33,0
7,-10,0
15,-44,0
-18,-35,0
8,-17,0
-19,-19,0
2,-25,0
9,-23,0
-19,-14,0
12,-25,0
-10,-22,0
8,-43,0
17,-44,0
19,-28,0
3,-8,0
19,-32,0
8,-9,0
22,-20,0
-4,-50,0
-15,-11,0
-13,-21,0
-12,-29,0
-17,-38,0
17,-32,0
-19,-30,0
22,-33,0
-11,-21,0
-22,-23,0
16,-38,0
18,-17,0
-17,-33,0
-13,-45,0
4,-25,0
-3,-9,0
-11,-10,0
-13,-45,0
20,-30,0
-19,-41,0
11,-46,0
11,-10,0
-12,-20,0
-4,-44,0
23,-28,0
17,-34,0
13,-29,0
-2,-15,0
16,-44,0
13,-17,0
20,-35,0
10,-26,0
2,-48,0
-12,-16,0
12,-33,0
5,-30,0
5,-10,0
16,-40,0
19,-34,0
21,-20,0
-18,-40,0
9,-10,0
-21,-18,0
-2,-8,0
11,-17,0
1,-29,0
1,-16,0
-13,-17,0
12,-13,0
5,-51,0
9,-44,0
21,-27,0
14,-44,0
-14,-39,0
14,-23,0
-6,-54,0
-18,-46,0
-15,-47,0
2,-26,0
14,-48,0
20,-31,0
18,-43,0
3,-49,0
-13,-18,0
12,-47,0
-13,-27,0
-4,-18,0
10,-18,0
-4,-50,0
10,-41,0
-8,-47,0
-8,-34,0
-16,-33,0
-2,-20,0
-19,-37,0
13,-48,0
-19,-42,0
-21,-42,0
-16,-36,0
3,-51,0
15,-29,0
-10,-18,0
-24,-27,0
-9,-37,0
-9,-48,0
-21,-42,0
-15,-27,0
-14,-26,0
-5,-30,0
-2,-17,0
7,-40,0
-14,-50,0
15,-47,0
-17,-40,0
-6,-53,0
1,-41,0
20,-26,0
22,-33,0
-7,-43,0
20,-28,0
-9,-42,0
13,-30,0
-19,-17,0
16,-43,0
0,-45,0
1,-24,0
-17,-17,0
-10,-42,0
16,-43,0
7,-19,0
8,-16,0
20,-26,0
14,-23,0
-7,-22,0
2,-32,0
5,-9,0
11,-19,0
15,-42,0
-16,-49,0
-9,-15,0
17,-36,0
-8,-15,0
-19,-22,0
-11,-11,0
19,-44,0
-11,-9,0
-15,-46,0
1,-48,0
17,-31,0
16,-28,0
-17,-27,0
15,-31,0
-16,-27,0
13,-24,0
-19,-39,0
6,-50,0
12,-25,0
-4,-11,0
-3,-11,0
-20,-19,0
-1,-21,0
15,-22,0
0,-10,0
4,-36,0
-10,-31,0
24,-36,0
15,-26,0
-11,-16,0
-13,-42,0
4,-29,0
-6,-19,0
9,-39,0
-18,-33,0
-1,-12,0
23,-30,0
8,-17,0
-1,-19,0
13,-51,0
-19,-27,0
-20,-22,0
17,-42,0
-13,-35,0
7,-25,0
-6,-46,0
8,-53,0
12,-14,0
-1,-16,0
3,-22,0
5,-48,0
13,-45,0
24,-28,0
23,-36,0
-4,-22,0
-21,-20,0
2,-7,0
-9,-10,0
1,-40,0
-11,-47,0
-11,-23,0
11,-26,0
-10,-52,0
-20,-24,0
-3,-22,0
-17,-20,0
15,-12,0
-9,-22,0
-10,-45,0
6,-52,0
0,-29,0
-3,-16,0
4,-17,0
7,-19,0
-6,-46,0
9,-15,0
-16,-20,0
2,-30,0
0,-53,0
14,-21,0
0,-46,0
-16,-37,0
-18,-13,0
-23,-34,0
-22,-25,0
14,-32,0
6,-6,0
24,-6,1
42,32,1
39,31,1
10,26,1
16,18,1
44,19,1
32,0,1
18,25,1
25,22,1
45,22,1
9,21,1
24,20,1
4,24,1
38,14,1
18,6,1
21,15,1
40,-2,1
6,20,1
4,26,1
39,1,1
50,17,1
38,25,1
13,18,1
48,24,1
33,22,1
25,2,1
10,10,1
46,29,1
8,23,1
36,10,1
11,28,1
3,8,1
7,15,1
15,11,1
30,17,1
28,-6,1
9,10,1
7,19,1
40,20,1
19,17,1
2,16,1
35,0,1
3,8,1
30,1,1
20,1,1
42,25,1
44,4,1
30,22,1
46,19,1
35,4,1
39,24,1
35,5,1
42,27,1
16,-4,1
48,26,1
30,23,1
13,17,1
44,2,1
5,5,1
23,7,1
7,5,1
6,18,1
38,23,1
33,16,1
19,37,1
35,36,1
13,29,1
18,16,1
16,3,1
32,-7,1
27,20,1
47,10,1
6,12,1
26,7,1
50,15,1
24,-1,1
22,15,1
50,14,1
27,31,1
33,35,1
38,32,1
36,7,1
41,15,1
30,30,1
19,35,1
5,21,1
24,21,1
32,25,1
27,20,1
34,19,1
25,33,1
21,2,1
40,23,1
34,-7,1
30,-7,1
9,-3,1
7,25,1
42,7,1
24,15,1
29,28,1
20,-2,1
20,4,1
29,31,1
19,15,1
18,4,1
39,6,1
40,25,1
22,12,1
16,34,1
19,12,1
35,14,1
50,18,1
9,11,1
21,-8,1
17,-6,1
7,29,1
2,15,1
18,12,1
22,4,1
30,34,1
14,1,1
4,14,1
2,21,1
22,18,1
18,18,1
32,9,1
22,-2,1
39,-3,1
23,9,1
38,14,1
11,6,1
10,14,1
36,33,1
25,-6,1
41,27,1
21,32,1
1,15,1
40,13,1
23,9,1
24,32,1
28,19,1
36,4,1
15,-1,1
39,36,1
32,15,1
34,4,1
7,22,1
34,34,1
46,22,1
15,37,1
28,1,1
26,-9,1
19,25,1
28,-5,1
24,11,1
10,17,1
31,5,1
48,10,1
18,-1,1
14,16,1
38,28,1
37,5,1
5,23,1
4,9,1
22,-1,1
20,-8,1
38,12,1
39,32,1
16,19,1
8,25,1
30,20,1
25,13,1
40,16,1
29,31,1
21,19,1
32,25,1
19,18,1
26,-5,1
16,20,1
30,16,1
11,-5,1
43,-2,1
9,25,1
32,36,1
31,26,1
10,10,1
3,17,1
6,29,1
25,37,1
28,-3,1
27,37,1
20,-4,1
32,-5,1
4,23,1
18,9,1
32,30,1
14,9,1
15,6,1
10,8,1
11,14,1
36,6,1
46,25,1
28,37,1
28,36,1
24,37,1
25,29,1
9,18,1
10,20,1
27,32,1
21,18,1
7,31,1
7,23,1
28,35,1
16,32,1
41,24,1
12,10,1
23,37,1
37,-2,1
21,1,1
23,25,1
31,23,1
24,18,1
18,9,1
32,37,1
6,26,1
29,16,1
29,24,1
4,18,1
22,32,1
6,12,1
12,27,1
10,9,1
33,-6,1
34,28,1
38,6,1
24,-4,1
9,20,1
25,31,1
15,-2,1
49,6,1
31,-5,1
26,17,1
5,23,1
24,19,1
24,36,1
19,-5,1
40,22,1
15,-4,1
12,24,1
8,19,1
10,31,1
39,23,1
24,32,1
38,7,1
45,6,1
7,13,1
12,19,1
47,18,1
43,22,1
5,9,1
17,3,1
14,34,1
41,25,1
22,-8,1
32,9,1
5,24,1
39,21,1
12,12,1
3,8,1
24,39,1
36,6,1
33,36,1
35,21,1
12,33,1
33,33,1
2,19,1
22,-8,1
25,13,1
17,15,1
22,7,1
21,23,1
28,-5,1
23,32,1
5,27,1
20,-6,1
14,36,1
28,22,1
17,3,1
36,32,1
20,10,1
27,9,1
35,21,1
21,32,1
18,6,1
32,28,1
7,9,1
40,22,1
23,3,1
10,1,1
9,8,1
44,14,1
16,25,1
17,23,1
15,3,1
18,0,1
14,-6,1
47,7,1
26,2,1
31,11,1
8,7,1
21,23,1
32,38,1
16,16,1
38,-2,1
33,18,1
35,23,1
16,20,1
45,28,1
33,38,1
9,31,1
24,-3,1
31,31,1
20,31,1
8,14,1
44,21,1
13,18,1
36,20,1
30,-6,1
25,2,1
13,17,1
21,-8,1
24,8,1
25,4,1
-18,21,1
-13,16,1
-19,34,1
-37,30,1
-18,-7,1
-23,-9,1
-11,-1,1
-23,9,1
-47,2,1
-39,20,1
-10,24,1
-29,36,1
-15,23,1
-41,4,1
-34,14,1
-39,-3,1
-17,-5,1
-22,6,1
-11,15,1
-20,-7,1
-15,-4,1
-13,28,1
-8,30,1
-28,35,1
-21,16,1
-32,5,1
-36,19,1
-31,-8,1
-22,27,1
-22,28,1
-39,14,1
-11,10,1
-21,21,1
-21,5,1
-9,14,1
-18,24,1
-41,27,1
-42,11,1
-30,35,1
-47,25,1
-18,29,1
-38,36,1
-14,11,1
-7,11,1
-17,29,1
-28,28,1
-2,11,1
-15,26,1
-21,-1,1
-7,9,1
-28,25,1
-39,17,1
-33,31,1
-8,18,1
-36,18,1
-46,22,1
-17,-2,1
-18,25,1
-15,-1,1
-37,30,1
-23,22,1
-30,27,1
-37,-5,1
-11,4,1
-19,21,1
-6,6,1
-28,25,1
-28,37,1
-17,19,1
-19,10,1
-24,18,1
-25,18,1
-12,14,1
-19,4,1
-32,-5,1
-7,6,1
-42,20,1
-48,22,1
-22,37,1
-43,23,1
-29,-5,1
-11,11,1
-25,4,1
-22,18,1
-13,-4,1
-38,26,1
-24,3,1
-25,33,1
-25,-3,1
-47,8,1
-3,7,1
-25,-3,1
-3,17,1
-24,10,1
-32,-3,1
-22,10,1
-16,19,1
-48,26,1
-11,-4,1
-25,-1,1
-12,3,1
-10,-4,1
-29,17,1
-29,24,1
-28,-5,1
-21,9,1
-46,16,1
-19,-2,1
-28,-7,1
-46,11,1
-35,15,1
-27,-2,1
-36,4,1
-32,-2,1
-32,20,1
-12,31,1
-29,-4,1
-4,20,1
-13,11,1
-13,-1,1
-20,7,1
-28,39,1
-17,11,1
-35,33,1
-5,14,1
-23,11,1
-36,2,1
-14,-6,1
-41,1,1
-37,37,1
-12,21,1
-44,31,1
-9,11,1
-48,23,1
-42,22,1
-13,30,1
-28,10,1
-24,12,1
-18,17,1
-42,2,1
-21,26,1
-40,22,1
-18,13,1
-24,38,1
-28,8,1
-36,24,1
-38,1,1
-31,10,1
-29,-7,1
-37,-6,1
-28,4,1
-34,31,1
-21,12,1
-39,19,1
-22,2,1
-13,30,1
-10,20,1
-12,-3,1
-34,-7,1
-28,22,1
-45,0,1
-9,18,1
-41,10,1
-21,20,1
-26,2,1
-5,5,1
-38,33,1
-27,17,1
-2,20,1
-48,15,1
-49,14,1
-6,4,1
-38,-6,1
-15,28,1
-15,-6,1
-12,2,1
-44,14,1
-17,13,1
-12,2,1
-27,-1,1
-48,11,1
-10,5,1
-38,-5,1
-12,19,1
-10,20,1
-19,3,1
-38,8,1
-42,7,1
-47,17,1
-18,21,1
-44,21,1
-13,12,1
-10,20,1
-32,13,1
-44,22,1
-21,37,1
-47,27,1
-22,10,1
-37,7,1
-40,7,1
-14,22,1
-12,-2,1
-14,19,1
-36,22,1
-41,8,1
-25,5,1
-39,31,1
-3,18,1
-17,6,1
-45,12,1
-7,8,1
-36,21,1
-47,28,1
-23,33,1
-17,-1,1
-48,26,1
-14,18,1
-14,-3,1
-17,29,1
-35,12,1
-41,11,1
-19,19,1
-5,28,1
-21,26,1
-49,22,1
-34,3,1
-11,4,1
-26,3,1
-14,22,1
-19,14,1
-28,1,1
-19,1,1
-2,14,1
-29,34,1
-22,4,1
-22,22,1
-36,34,1
-30,15,1
-34,31,1
-15,37,1
-45,9,1
-21,22,1
-42,24,1
-6,26,1
-13,25,1
-30,-3,1
-7,1,1
-30,29,1
-44,29,1
-15,11,1
-6,21,1
-32,16,1
-18,20,1
-18,29,1
-44,4,1
-31,-8,1
-42,25,1
-35,7,1
-11,24,1
-11,27,1
-2,12,1
-42,3,1
-17,37,1
-8,3,1
-12,2,1
-29,27,1
-29,35,1
-15,18,1
-10,26,1
-7,29,1
-38,-6,1
-32,-5,1
-17,32,1
-13,20,1
-35,29,1
-22,6,1
-15,-3,1
-38,36,1
-33,22,1
-30,25,1
-20,30,1
-44,18,1
-38,3,1
-6,9,1
-9,13,1
-42,31,1
-26,28,1
-5,11,1
-11,16,1
-40,35,1
-9,23,1
-28,15,1
-22,10,1
-27,12,1
-40,0,1
-26,35,1
-20,34,1
-35,3,1
-28,26,1
-22,11,1
-37,34,1
-17,27,1
-7,10,1
-45,27,1
-37,35,1
-28,-5,1
-14,24,1
-15,-4,1
-30,25,1
-21,-2,1
-4,20,1
-42,5,1
-32,22,1
-28,25,1
-47,16,1
-36,6,1
-47,27,1
-45,13,1
-33,24,1
-10,8,1
-8,19,1
-32,21,1
-28,-9,1
-26,6,1
-37,36,1
-39,34,1
-5,14,1
-9,29,1
-30,8,1
-30,30,1
-13,-1,1
-26,-5,1
-27,33,1
