-14,-11,0
18,-21,0
5,-22,0
22,-26,0
-16,-11,0
7,-1,0
8,1,0
0,-10,0
17,-22,0
-13,-38,0
5,-8,0
-7,-8,0
6,-41,0
-2,-10,0
3,3,0
-12,-12,0
5,-22,0
-3,0,0
-3,-33,0
-8,-27,0
0,-43,0
7,-19,0
-5,-5,0
1,3,0
21,-21,0
7,-30,0
8,2,0
1,-25,0
-11,-9,0
-6,-40,0
11,-30,0
10,-22,0
-13,-22,0
-17,-2,0
-14,-40,0
18,-27,0
-5,-17,0
-16,-8,0
-1,-37,0
-2,-30,0
-19,-15,0
20,-28,0
-3,-39,0
-1,-17,0
-1,-43,0
2,-12,0
-7,-11,0
-18,-31,0
-18,-31,0
-23,-29,0
-3,-10,0
11,-41,0
4,1,0
15,-34,0
4,-41,0
11,-26,0
13,0,0
12,-28,0
-13,-35,0
18,-26,0
4,-27,0
-24,-23,0
1,-24,0
-3,-42,0
-2,-9,0
14,-36,0
23,-14,0
-3,-21,0
-11,1,0
-9,1,0
-21,-27,0
-5,-23,0
-11,2,0
-21,-14,0
8,-1,0
14,-29,0
-9,-22,0
22,-23,0
-5,-17,0
-14,-1,0
6,4,0
-16,-39,0
2,-27,0
1,-44,0
-2,-26,0
11,-16,0
-24,-18,0
3,-43,0
13,-20,0
-4,-10,0
6,-16,0
-2,-7,0
24,-21,0
-5,1,0
6,-38,0
7,-33,0
11,-18,0
1,0,0
-8,-25,0
14,-35,0
0,-36,0
-15,-40,0
-2,-27,0
17,-33,0
6,-40,0
7,-42,0
-11,-2,0
2,-13,0
23,-28,0
-5,3,0
4,-33,0
-18,-35,0
-18,-6,0
-21,-13,0
-3,-39,0
12,-25,0
-12,-40,0
12,1,0
-2,4,0
-7,-17,0
0,-45,0
18,-12,0
-9,-21,0
-18,-15,0
-12,-11,0
-16,-36,0
23,-18,0
-4,-16,0
-7,-3,0
-8,-36,0
11,-15,0
9,-31,0
10,-8,0
4,-32,0
-1,-17,0
-3,-32,0
-6,-15,0
-10,-10,0
0,-21,0
-15,-21,0
-4,-32,0
17,-23,0
-14,-27,0
4,-6,0
1,-16,0
-9,-39,0
-7,-25,0
-9,-3,0
7,-16,0
6,-28,0
0,-10,0
-8,-17,0
-19,-5,0
-14,-6,0
8,-14,0
-19,-34,0
-3,-20,0
-4,-8,0
-14,-8,0
0,3,0
11,-32,0
18,-25,0
-2,-11,0
-19,-5,0
3,-39,0
-1,-16,0
8,-24,0
-2,-42,0
-9,-1,0
3,-15,0
-23,-29,0
5,-16,0
0,-24,0
-22,-25,0
13,-2,0
0,5,0
17,-32,0
-13,-33,0
-13,-37,0
-12,-7,0
-22,-10,0
15,-19,0
3,-25,0
11,-28,0
-16,-3,0
0,2,0
7,-23,0
2,-24,0
-7,0,0
-16,-10,0
-15,-24,0
7,-25,0
7,-18,0
23,-14,0
-23,-24,0
9,-25,0
4,-25,0
-3,-13,0
-1,-42,0
-22,-22,0
5,-1,0
17,-7,0
-4,-5,0
1,-23,0
6,3,0
-13,-37,0
12,-12,0
-4,-5,0
-4,3,0
-22,-19,0
-5,-6,0
11,-18,0
-2,3,0
3,-29,0
-23,-23,0
-14,-11,0
2,-8,0
-14,-39,0
-3,-24,0
-23,-16,0
-12,-40,0
4,-39,0
12,-35,0
8,-19,0
-24,-13,0
5,-38,0
-6,-27,0
-18,-37,0
-18,-10,0
-9,-39,0
16,-21,0
7,-34,0
18,-20,0
-13,-12,0
-23,-18,0
-8,-22,0
1,-33,0
0,-22,0
16,-4,0
9,-16,0
17,-25,0
7,-44,0
2,-2,0
-7,-34,0
2,-18,0
0,-5,0
-4,-6,0
18,-32,0
9,-34,0
-22,-31,0
2,-32,0
-7,-23,0
14,-29,0
-3,-12,0
-7,-17,0
12,-31,0
-14,-21,0
0,-41,0
-7,-31,0
-2,-21,0
-13,-27,0
14,-7,0
-3,-40,0
-15,-17,0
1,-31,0
16,-23,0
-1,-17,0
-16,-13,0
-19,-22,0
5,-16,0
-19,-28,0
-8,-16,0
16,-7,0
5,2,0
-2,-7,0
-20,-17,0
-8,-8,0
15,-39,0
10,-31,0
4,-29,0
22,-12,0
5,-30,0
-14,-32,0
19,-17,0
-23,-28,0
-7,-28,0
-18,-20,0
-12,-19,0
14,-15,0
-1,-9,0
18,-33,0
-9,-8,0
-4,-15,0
-18,-23,0
20,-10,0
-9,-29,0
20,-20,0
3,-12,0
-11,-3,0
-17,-34,0
-12,-3,0
0,-44,0
21,-27,0
3,-41,0
-15,-33,0
4,-3,0
4,-36,0
-3,-28,0
3,-36,0
-12,0,0
1,-35,0
-1,-37,0
12,-20,0
-14,-21,0
-10,-33,0
-8,-33,0
19,-26,0
-17,-6,0
1,-39,0
11,-7,0
-12,-34,0
-12,1,0
-16,-32,0
-1,-7,0
-22,-31,0
13,-28,0
8,-40,0
-5,-40,0
1,-35,0
21,-29,0
9,-8,0
-7,2,0
-11,-31,0
19,11,1
29,4,1
28,-7,1
16,25,1
10,17,1
15,-10,1
28,13,1
14,-1,1
1,17,1
19,-13,1
12,31,1
35,23,1
16,30,1
1,-5,1
17,9,1
24,25,1
30,23,1
29,26,1
23,-5,1
29,0,1
11,5,1
40,8,1
6,-6,1
5,10,1
30,27,1
27,-9,1
1,4,1
31,13,1
6,16,1
9,14,1
22,25,1
13,24,1
22,17,1
34,-1,1
5,-11,1
8,33,1
16,32,1
-1,18,1
4,-6,1
26,-5,1
22,9,1
18,-2,1
8,28,1
23,3,1
5,18,1
22,21,1
1,26,1
36,16,1
27,-8,1
3,18,1
1,-1,1
25,6,1
11,3,1
8,-10,1
22,33,1
41,8,1
16,-11,1
25,0,1
16,12,1
9,-10,1
-5,4,1
38,-3,1
7,12,1
-1,3,1
29,15,1
23,2,1
26,-1,1
1,-6,1
38,22,1
-4,3,1
4,26,1
20,25,1
31,8,1
22,12,1
6,-12,1
1,16,1
23,-11,1
23,-1,1
26,0,1
-1,19,1
5,-1,1
34,-1,1
21,23,1
36,13,1
31,21,1
8,32,1
19,1,1
18,32,1
24,12,1
15,-13,1
27,9,1
2,8,1
16,-3,1
8,33,1
16,15,1
0,21,1
37,14,1
0,28,1
2,24,1
17,2,1
8,-4,1
33,28,1
14,-6,1
9,-9,1
24,22,1
4,10,1
22,-3,1
36,26,1
21,22,1
-7,15,1
31,28,1
34,-6,1
24,25,1
12,-6,1
19,3,1
19,12,1
2,28,1
4,29,1
20,14,1
4,5,1
7,22,1
10,-3,1
24,6,1
42,11,1
10,-11,1
-6,12,1
-1,25,1
24,13,1
8,25,1
26,-6,1
38,10,1
17,-4,1
-3,8,1
30,6,1
28,-9,1
19,28,1
12,28,1
22,-12,1
3,0,1
-3,-4,1
-1,24,1
22,-11,1
9,-5,1
13,31,1
24,-1,1
9,-13,1
11,13,1
22,12,1
11,-9,1
34,4,1
26,-9,1
2,-3,1
12,26,1
17,1,1
7,-10,1
23,-1,1
17,4,1
15,13,1
7,19,1
8,-4,1
20,31,1
14,31,1
5,-5,1
14,28,1
30,28,1
24,5,1
27,30,1
24,-4,1
33,-7,1
16,-9,1
7,-1,1
-1,18,1
33,1,1
38,2,1
23,12,1
6,-3,1
28,9,1
29,20,1
15,29,1
28,28,1
31,9,1
30,20,1
4,10,1
7,24,1
3,22,1
19,-13,1
12,31,1
-1,2,1
36,25,1
28,-11,1
29,16,1
24,-7,1
42,11,1
19,-13,1
2,7,1
35,11,1
25,24,1
17,26,1
11,-10,1
25,-2,1
30,25,1
24,0,1
5,29,1
24,16,1
17,15,1
26,3,1
33,1,1
38,3,1
12,1,1
-7,12,1
12,-3,1
-5,16,1
33,8,1
12,12,1
26,-13,1
23,4,1
4,18,1
40,20,1
22,6,1
16,2,1
3,-6,1
15,-12,1
14,11,1
36,12,1
38,15,1
0,2,1
2,-4,1
22,27,1
37,5,1
42,10,1
11,1,1
-2,19,1
5,16,1
23,21,1
9,3,1
38,0,1
17,31,1
20,-6,1
-1,2,1
26,15,1
3,6,1
17,7,1
32,-8,1
33,5,1
7,-7,1
11,13,1
7,-3,1
10,12,1
1,-2,1
11,20,1
13,-2,1
2,26,1
-3,1,1
-2,-3,1
1,22,1
31,12,1
-1,23,1
24,-11,1
28,6,1
33,14,1
26,20,1
28,19,1
15,-9,1
24,12,1
10,-7,1
5,24,1
27,12,1
21,4,1
31,25,1
12,28,1
27,32,1
-1,19,1
1,16,1
22,-9,1
22,13,1
4,-9,1
14,20,1
0,21,1
-5,21,1
31,11,1
-6,17,1
9,32,1
11,30,1
30,14,1
36,22,1
27,-9,1
40,12,1
32,27,1
12,-6,1
-2,1,1
28,0,1
25,18,1
11,-10,1
14,11,1
22,1,1
41,6,1
29,3,1
35,-5,1
27,28,1
0,22,1
21,0,1
7,2,1
39,0,1
25,28,1
23,27,1
27,7,1
22,4,1
-4,8,1
31,-3,1
34,25,1
-5,10,1
37,20,1
27,28,1
33,19,1
8,30,1
22,3,1
-4,0,1
20,17,1
34,4,1
-4,-1,1
6,32,1
-4,9,1
11,-4,1
17,-8,1
-2,-3,1
0,-7,1
35,16,1
19,-10,1
16,-3,1
29,-1,1
13,31,1
5,-5,1
25,-13,1
-1,28,1
-17,20,1
-39,1,1
-16,15,1
3,-1,1
-34,27,1
-29,20,1
-3,-3,1
-20,25,1
-19,10,1
-17,1,1
-36,22,1
-11,4,1
-20,17,1
-17,26,1
-19,27,1
-9,10,1
-35,10,1
-23,29,1
-2,13,1
-15,24,1
-14,12,1
-33,18,1
-23,18,1
1,-3,1
0,17,1
-25,-7,1
-9,19,1
-3,16,1
-16,-5,1
-1,10,1
-29,12,1
-10,0,1
-34,26,1
-41,2,1
-30,15,1
-27,18,1
-30,28,1
-2,15,1
-15,28,1
-22,0,1
3,8,1
-12,22,1
-38,1,1
-21,30,1
-31,18,1
-20,-5,1
-25,0,1
6,15,1
3,15,1
-23,32,1
-8,-8,1
-30,10,1
-13,14,1
-16,15,1
-23,27,1
-36,25,1
-19,15,1
-18,10,1
-26,19,1
-9,10,1
-9,3,1
-31,29,1
-26,-6,1
1,9,1
1,-2,1
-11,-10,1
-28,9,1
2,25,1
-2,-2,1
-3,10,1
-6,26,1
-8,0,1
-11,13,1
-4,4,1
-21,6,1
-12,-1,1
-36,-5,1
-8,1,1
-3,18,1
7,5,1
-40,0,1
-1,18,1
-21,22,1
-17,20,1
-23,-5,1
-32,29,1
-23,27,1
-17,16,1
4,-2,1
-26,-5,1
-7,29,1
-7,25,1
-26,26,1
0,5,1
-21,-4,1
-5,17,1
-35,15,1
-19,13,1
-4,14,1
-1,27,1
-9,-4,1
-28,22,1
-11,9,1
-5,-4,1
2,2,1
-28,-10,1
-33,25,1
-37,3,1
-35,4,1
-6,2,1
-33,6,1
-1,0,1
-26,20,1
-26,24,1
-14,-10,1
-31,23,1
-16,-11,1
-7,23,1
-30,12,1
-29,-10,1
-11,-3,1
1,7,1
-11,11,1
-23,34,1
-33,1,1
-15,25,1
-33,20,1
-15,25,1
-6,7,1
-25,15,1
-35,24,1
-37,-1,1
-32,1,1
-30,20,1
-12,-9,1
-31,8,1
-12,-6,1
-24,29,1
1,18,1
-3,2,1
0,9,1
-26,18,1
-34,21,1
-17,30,1
3,4,1
-3,14,1
-40,4,1
-2,19,1
-8,21,1
-12,27,1
-21,15,1
-39,9,1
-20,24,1
-12,18,1
-27,21,1
-20,-7,1
-23,22,1
-26,8,1
-18,4,1
-23,14,1
-22,18,1
-10,10,1
-2,28,1
-10,27,1
-4,-2,1
-6,15,1
-22,18,1
-6,-9,1
-11,9,1
-14,0,1
-40,2,1
-35,-7,1
-41,6,1
-21,33,1
1,-7,1
-13,31,1
-34,0,1
-30,-5,1
-20,23,1
0,9,1
-7,30,1
-15,10,1
-24,-10,1
-32,9,1
-14,-10,1
-34,28,1
5,21,1
-26,-7,1
-35,18,1
5,11,1
-20,9,1
-25,0,1
-18,17,1
-26,11,1
-17,5,1
-29,7,1
-27,17,1
-29,32,1
-27,27,1
-2,13,1
-21,28,1
-22,-4,1
-8,-6,1
-7,11,1
6,3,1
-6,31,1
-6,9,1
-2,28,1
-14,28,1
-35,17,1
-18,22,1
3,24,1
-24,29,1
-16,-3,1
-20,30,1
-2,25,1
-29,-10,1
-5,-10,1
-26,-1,1
-32,1,1
5,9,1
-30,25,1
3,3,1
-17,-11,1
-18,22,1
-14,-11,1
-34,16,1
-25,4,1
-29,20,1
1,-6,1
-28,-11,1
-24,22,1
-14,27,1
-15,27,1
-35,13,1
-27,3,1
-31,11,1
-23,7,1
-31,17,1
-17,-12,1
-12,33,1
-5,25,1
-36,-3,1
-25,17,1
-31,2,1
-35,-1,1
-18,26,1
-20,3,1
-32,5,1
-8,-11,1
-6,9,1
-28,14,1
-33,-2,1
-17,-10,1
-22,19,1
-24,-5,1
-21,18,1
-18,12,1
-27,19,1
-25,23,1
5,11,1
-35,-4,1
-31,16,1
2,4,1
0,19,1
-27,-8,1
-29,-11,1
-29,14,1
-22,-14,1
-9,-3,1
-16,-10,1
-28,2,1
-21,-4,1
-4,15,1
-9,-2,1
-31,4,1
-18,33,1
4,14,1
-2,-5,1
-33,0,1
-11,7,1
-26,-2,1
-15,0,1
-31,-8,1
-29,19,1
-17,28,1
-3,10,1
-18,-8,1
-14,-11,1
-35,-2,1
-29,-1,1
3,8,1
-28,-5,1
-27,-5,1
5,16,1
-2,13,1
-17,1,1
-8,9,1
-33,-6,1
-13,-12,1
-6,32,1
-9,29,1
3,21,1
-16,2,1
-30,-6,1
-28,27,1
-12,8,1
-14,29,1
-2,11,1
-30,8,1
-13,1,1
-19,29,1
-14,-1,1
-33,2,1
-27,29,1
-12,26,1
-26,28,1
-33,24,1
-34,0,1
-11,1,1
-22,10,1
-24,14,1
-18,16,1
-22,30,1
-11,28,1
-27,3,1
-4,20,1
-6,3,1
0,5,1
-19,17,1
-39,15,1
-21,0,1
