-6,-1,0
-5,-33,0
12,-19,0
14,-4,0
-23,-18,0
-15,9,0
-11,-2,0
3,-6,0
21,-12,0
-13,-25,0
-19,5,0
-18,2,0
14,-8,0
-18,-10,0
-20,-4,0
16,0,0
-4,-22,0
-11,9,0
-15,-9,0
-6,-4,0
16,7,0
-20,-11,0
23,-2,0
21,-2,0
11,-11,0
-11,-8,0
4,-34,0
8,6,0
9,-25,0
-3,-22,0
1,-5,0
-10,-20,0
-19,-5,0
-10,-12,0
-14,-28,0
6,6,0
19,-5,0
-15,-3,0
-6,11,0
-15,-7,0
17,-17,0
-18,-8,0
18,-26,0
8,1,0
-2,-31,0
-20,3,0
-11,-8,0
16,5,0
-20,-6,0
-4,-22,0
13,10,0
9,-2,0
-8,13,0
4,7,0
11,2,0
9,-9,0
-7,3,0
19,-26,0
-13,-25,0
12,-30,0
20,-19,0
9,-33,0
-13,-13,0
15,-8,0
21,-9,0
9,-13,0
11,-27,0
-8,13,0
-11,8,0
21,-2,0
12,9,0
-22,-14,0
6,-9,0
15,-9,0
4,-10,0
17,-21,0
5,9,0
-10,-28,0
6,-28,0
22,-21,0
4,11,0
4,-18,0
-1,2,0
16,-18,0
-16,-21,0
12,-23,0
13,-5,0
10,-12,0
23,-17,0
-10,12,0
21,-22,0
21,-16,0
8,-13,0
15,-28,0
14,-2,0
12,1,0
6,-18,0
-22,-3,0
3,-13,0
19,-6,0
22,-20,0
-8,6,0
12,-23,0
-8,-7,0
-19,0,0
-16,-3,0
1,-15,0
0,2,0
-16,-10,0
-5,12,0
-11,-16,0
-5,3,0
19,-16,0
5,-2,0
2,13,0
13,9,0
13,-29,0
4,-21,0
-12,-14,0
21,-1,0
23,-15,0
8,-32,0
-16,-5,0
-18,-21,0
-2,-22,0
18,-19,0
-21,-5,0
-1,-12,0
10,-3,0
-10,-18,0
8,9,0
-9,-30,0
9,2,0
-14,-3,0
6,-1,0
-10,12,0
-19,-11,0
2,-10,0
14,-7,0
17,-6,0
-16,5,0
17,5,0
1,10,0
-4,-31,0
-6,9,0
16,3,0
-4,-8,0
-21,-7,0
9,-23,0
19,-2,0
-7,4,0
6,-16,0
2,1,0
-22,-16,0
2,-34,0
4,10,0
-6,-26,0
5,11,0
-1,10,0
-1,2,0
-7,-17,0
0,-9,0
-16,6,0
-12,8,0
-7,-20,0
10,-27,0
-9,-16,0
7,-1,0
-20,-13,0
19,-14,0
13,-25,0
-10,-28,0
-14,-17,0
-2,14,0
1,-4,0
-20,-20,0
13,-29,0
12,8,0
16,-23,0
16,-4,0
-17,0,0
6,-2,0
-21,2,0
-24,-12,0
-2,13,0
-3,-19,0
-18,-1,0
-18,5,0
8,-10,0
20,-24,0
-9,-1,0
-9,-12,0
-3,-14,0
-3,-13,0
15,-11,0
-4,10,0
-5,-14,0
-23,-17,0
5,-20,0
-18,4,0
7,-19,0
4,-21,0
-6,-7,0
10,-32,0
8,-29,0
-21,-21,0
2,0,0
20,-11,0
10,-27,0
6,-14,0
-1,-4,0
19,-14,0
3,-19,0
-20,4,0
9,-31,0
-17,-3,0
-10,8,0
-15,-18,0
-3,7,0
11,-21,0
-10,2,0
-10,5,0
0,-23,0
-6,-34,0
-3,1,0
-6,-30,0
1,-23,0
-9,-27,0
-2,-27,0
-6,-6,0
-4,2,0
0,-1,0
12,-18,0
-6,-17,0
-8,2,0
22,-9,0
-20,-9,0
-15,-21,0
22,-12,0
-13,-24,0
11,-32,0
-9,-1,0
6,2,0
-7,-11,0
-8,0,0
-19,-1,0
-8,-19,0
-6,3,0
0,-8,0
-1,3,0
12,-13,0
-3,14,0
-22,-15,0
8,-14,0
5,-5,0
21,-5,0
3,-8,0
3,-8,0
16,8,0
20,1,0
10,-5,0
-2,-17,0
19,-23,0
15,-5,0
14,-9,0
23,-16,0
20,-7,0
2,-16,0
-1,-14,0
9,-32,0
-16,-23,0
6,-26,0
11,-4,0
-18,-2,0
10,-13,0
0,-35,0
13,-20,0
-10,-14,0
10,-32,0
1,-10,0
-21,-5,0
0,-16,0
12,-14,0
-7,-23,0
12,10,0
-4,-28,0
9,-23,0
-19,-4,0
12,-29,0
-4,-3,0
4,9,0
-1,-6,0
5,-19,0
17,-10,0
-14,-3,0
19,5,0
15,-12,0
-17,3,0
-7,-27,0
18,-4,0
-9,10,0
14,-22,0
-4,13,0
9,-11,0
1,2,0
18,-7,0
-14,-14,0
-2,-25,0
-12,10,0
5,10,0
-11,-7,0
0,-1,0
-17,1,0
5,-8,0
12,-10,0
11,-28,0
-1,-20,0
23,-14,0
-21,-14,0
1,5,0
17,5,0
-17,8,0
8,-11,0
-5,1,0
-16,-29,0
10,-28,0
-11,-3,0
-16,-28,0
-17,2,0
14,-16,0
-2,-28,0
-21,-9,0
13,-25,0
22,25,1
18,-1,1
13,-15,1
0,27,1
-2,9,1
-13,3,1
-12,6,1
10,26,1
17,-5,1
0,13,1
8,-17,1
21,-16,1
19,-15,1
17,16,1
6,1,1
-8,13,1
13,-16,1
4,-18,1
10,21,1
2,9,1
31,3,1
16,25,1
-14,5,1
20,27,1
29,-9,1
10,2,1
0,-8,1
-15,4,1
7,8,1
-10,0,1
29,6,1
-6,-3,1
1,1,1
-4,11,1
17,19,1
8,1,1
6,-9,1
-2,-5,1
9,29,1
-3,14,1
20,-6,1
15,25,1
10,-9,1
17,-4,1
0,-4,1
14,-9,1
17,-14,1
-5,-3,1
17,15,1
6,16,1
18,1,1
-15,6,1
14,1,1
12,26,1
30,9,1
8,4,1
-12,2,1
7,5,1
-13,-2,1
5,19,1
24,0,1
-4,-3,1
-12,18,1
15,-7,1
-4,-7,1
15,29,1
-12,-2,1
-9,-2,1
-2,-12,1
11,-12,1
18,3,1
6,18,1
9,-5,1
0,1,1
19,2,1
-9,19,1
-8,-4,1
7,17,1
14,-16,1
14,5,1
-1,25,1
26,-5,1
-7,18,1
-13,10,1
-2,25,1
-9,6,1
4,-5,1
16,-14,1
-1,4,1
4,-14,1
4,21,1
16,0,1
7,13,1
5,12,1
-8,19,1
21,3,1
22,-4,1
5,-6,1
21,-16,1
20,-13,1
8,-13,1
-8,-7,1
9,29,1
8,29,1
13,-12,1
29,2,1
4,-2,1
12,-18,1
10,5,1
12,26,1
7,18,1
11,9,1
-13,6,1
30,13,1
13,19,1
11,29,1
-9,20,1
6,10,1
-16,1,1
-6,12,1
-1,8,1
25,3,1
-12,6,1
9,-6,1
19,19,1
30,10,1
10,-2,1
21,5,1
4,-3,1
0,16,1
30,-5,1
5,-6,1
-13,1,1
4,-6,1
8,20,1
-9,6,1
2,29,1
6,0,1
-2,7,1
18,-3,1
-12,-7,1
-10,1,1
3,-18,1
9,21,1
8,5,1
-10,4,1
1,-16,1
28,20,1
24,15,1
-14,12,1
-5,-2,1
5,0,1
16,-9,1
3,-14,1
31,4,1
20,-3,1
5,19,1
2,27,1
24,4,1
-8,21,1
-8,-5,1
-6,-2,1
15,-12,1
30,12,1
21,2,1
-9,17,1
-4,-9,1
2,19,1
16,28,1
18,-1,1
18,19,1
23,11,1
2,-13,1
-8,-10,1
16,18,1
-8,2,1
28,-6,1
8,-6,1
10,29,1
7,2,1
12,-10,1
-4,-5,1
-3,-8,1
-10,3,1
8,21,1
28,3,1
12,-6,1
3,23,1
16,15,1
17,-1,1
13,-10,1
7,-10,1
25,-13,1
27,-9,1
11,-19,1
10,-19,1
14,5,1
-7,-3,1
5,6,1
15,28,1
7,-2,1
31,7,1
29,18,1
-2,-10,1
0,-9,1
-14,7,1
24,24,1
-7,-14,1
29,5,1
-11,9,1
17,-13,1
7,24,1
10,-6,1
8,-3,1
17,-12,1
30,1,1
14,-3,1
18,27,1
15,10,1
30,8,1
-3,-2,1
33,3,1
-11,19,1
-13,9,1
23,-5,1
1,-3,1
-4,-3,1
20,15,1
-15,5,1
10,-7,1
7,28,1
22,-13,1
10,-12,1
9,11,1
17,-10,1
25,13,1
20,17,1
-2,25,1
-2,3,1
6,1,1
0,6,1
21,-4,1
13,0,1
6,17,1
14,-15,1
0,-15,1
-8,-7,1
-3,11,1
19,25,1
-3,1,1
18,9,1
-3,14,1
18,24,1
-1,-11,1
22,5,1
30,5,1
23,-3,1
19,17,1
22,23,1
9,10,1
-7,18,1
26,13,1
0,17,1
16,-18,1
4,5,1
8,-6,1
11,8,1
17,-6,1
13,3,1
3,8,1
23,0,1
17,4,1
-3,0,1
-7,18,1
-5,-6,1
6,14,1
20,4,1
7,-7,1
-4,-13,1
21,1,1
8,22,1
4,13,1
5,-8,1
3,1,1
30,0,1
-4,-11,1
13,26,1
28,-9,1
28,0,1
25,-10,1
2,-17,1
-5,9,1
-13,4,1
24,-13,1
-8,12,1
9,7,1
20,4,1
25,-13,1
2,10,1
-10,0,1
13,-14,1
14,11,1
-4,18,1
11,-1,1
30,-1,1
20,-11,1
2,5,1
27,18,1
13,21,1
19,24,1
25,2,1
16,18,1
-9,-8,1
-3,2,1
-7,-5,1
14,10,1
21,5,1
19,2,1
4,5,1
28,1,1
4,16,1
1,-12,1
0,13,1
23,23,1
-5,-10,1
5,22,1
-1,28,1
6,-11,1
9,-3,1
-5,11,1
29,19,1
20,-14,1
6,23,1
-16,25,1
-16,11,1
-21,9,1
-32,6,1
14,15,1
-16,-17,1
10,18,1
-24,-14,1
0,-13,1
-21,14,1
-5,19,1
-17,12,1
-9,10,1
-13,20,1
0,19,1
-27,0,1
0,0,1
-4,12,1
-17,-15,1
6,2,1
-3,-11,1
-13,-5,1
-8,4,1
1,19,1
-12,-15,1
-16,-13,1
0,-6,1
-3,25,1
-15,-7,1
-20,-9,1
-20,20,1
-14,-14,1
-6,-9,1
-22,10,1
9,5,1
-15,10,1
-15,-11,1
-5,-19,1
10,10,1
0,19,1
-18,20,1
-6,-12,1
-2,-17,1
-25,14,1
-7,8,1
7,23,1
-15,18,1
4,-7,1
-12,-10,1
-10,10,1
-18,16,1
-15,13,1
0,12,1
11,-3,1
-2,4,1
1,16,1
-13,17,1
-16,9,1
-6,-16,1
-31,12,1
12,-8,1
-21,9,1
14,11,1
-20,-5,1
-3,22,1
-5,22,1
-17,5,1
-3,-18,1
14,-1,1
11,14,1
-19,4,1
15,1,1
7,18,1
-14,-3,1
-9,5,1
2,17,1
2,-3,1
8,-5,1
-14,12,1
-24,3,1
-25,-4,1
-31,-6,1
-15,-19,1
0,11,1
-18,-13,1
-11,9,1
-5,0,1
-28,11,1
-20,-16,1
7,22,1
6,-13,1
7,-3,1
-21,-5,1
-29,2,1
-29,11,1
6,-7,1
-12,-16,1
-17,-11,1
14,11,1
-13,27,1
-6,-6,1
-7,-11,1
4,11,1
8,-7,1
-23,14,1
-15,-12,1
-22,-8,1
13,13,1
-27,-2,1
-25,17,1
-7,-11,1
-1,-17,1
-15,10,1
-19,-1,1
-2,8,1
-14,3,1
-18,24,1
12,-6,1
-4,16,1
-2,-13,1
-6,-14,1
-8,-15,1
-29,0,1
-28,6,1
-16,24,1
-2,-3,1
3,14,1
-17,-16,1
8,16,1
-5,-5,1
1,7,1
-13,27,1
-8,17,1
-22,6,1
-19,-5,1
6,18,1
-21,-5,1
-18,-7,1
-16,7,1
-4,11,1
-11,15,1
8,-10,1
-16,21,1
-21,-3,1
2,-8,1
-10,13,1
-19,6,1
-7,-5,1
-27,2,1
1,-6,1
11,1,1
-4,-14,1
-11,-4,1
1,8,1
-5,-15,1
-10,29,1
3,26,1
10,6,1
-6,5,1
-12,-15,1
0,24,1
9,15,1
3,24,1
-16,-15,1
10,-7,1
-15,-9,1
-21,1,1
-31,-5,1
11,-10,1
-2,16,1
-8,-18,1
-24,9,1
-20,-16,1
14,-4,1
0,-1,1
-11,15,1
0,20,1
-4,25,1
4,0,1
6,13,1
-4,13,1
-15,28,1
8,11,1
10,-11,1
13,-6,1
10,-4,1
-15,28,1
-6,25,1
-2,2,1
-2,12,1
13,8,1
12,15,1
-7,3,1
3,10,1
-12,9,1
8,0,1
-12,-18,1
-4,-14,1
-1,22,1
-7,6,1
-12,18,1
-13,28,1
2,23,1
-7,-1,1
-8,7,1
-17,6,1
-26,22,1
-26,5,1
-12,-2,1
-28,18,1
-6,-10,1
-13,-18,1
-12,-1,1
5,-6,1
-26,-8,1
-23,1,1
5,-1,1
-16,-1,1
-16,9,1
-13,24,1
-2,-17,1
-3,-10,1
11,18,1
7,13,1
9,21,1
-2,17,1
-20,-9,1
-18,15,1
-6,6,1
-5,-7,1
-13,28,1
1,-18,1
-5,23,1
-11,0,1
-13,7,1
12,4,1
-14,21,1
-21,-7,1
-4,-4,1
-24,-7,1
2,-17,1
4,6,1
-25,-13,1
-8,3,1
-3,26,1
-26,0,1
-27,-10,1
-17,13,1
15,5,1
2,-17,1
-8,-19,1
4,17,1
-23,2,1
-21,2,1
-7,18,1
-1,23,1
5,21,1
-7,27,1
-1,13,1
2,3,1
-30,9,1
-12,-16,1
0,-13,1
-8,19,1
-21,14,1
12,13,1
-11,6,1
11,-10,1
-9,13,1
-11,-5,1
-7,14,1
7,2,1
-6,-5,1
-15,-11,1
-20,-6,1
-14,24,1
-2,-3,1
-31,6,1
-32,2,1
5,-11,1
-26,18,1
-18,-5,1
-2,-17,1
-13,-16,1
-11,10,1
-7,24,1
-7,2,1
-16,-16,1
7,-11,1
-9,18,1
2,25,1
1,-7,1
-17,25,1
15,3,1
-19,-4,1
7,-3,1
-17,-6,1
-16,26,1
-26,22,1
11,-7,1
-14,-8,1
-4,16,1
0,-12,1
4,6,1
-24,1,1
-30,-6,1
-31,14,1
1,-5,1
-13,-14,1
15,4,1
-10,18,1
-23,25,1
-26,-12,1
-1,-15,1
-2,6,1
-21,18,1
8,-12,1
-3,22,1
-2,15,1
-7,11,1
-28,1,1
1,-15,1
1,-3,1
-11,-7,1
-13,-6,1
-18,-13,1
-32,9,1
-11,20,1
-2,20,1
-22,17,1
-27,18,1
-20,-14,1
0,21,1
