24,-5,0
-6,5,0
-10,14,0
7,-15,0
4,-17,0
10,5,0
15,-19,0
6,-9,0
13,5,0
4,14,0
-2,23,0
-1,22,0
-2,16,0
-3,-19,0
18,-4,0
0,20,0
7,10,0
1,12,0
18,-15,0
4,-3,0
-22,10,0
16,7,0
2,-21,0
-6,-9,0
-14,-14,0
-9,22,0
-1,-12,0
19,1,0
13,-11,0
1,-5,0
-13,7,0
-8,3,0
2,5,0
7,-1,0
3,7,0
-16,-19,0
12,5,0
7,22,0
4,10,0
7,-4,0
-13,-2,0
19,11,0
-16,4,0
-13,16,0
-16,-10,0
-24,3,0
22,5,0
-1,20,0
5,-15,0
19,-14,0
2,-17,0
-5,-20,0
-17,-2,0
1,-4,0
-23,-6,0
18,9,0
1,-9,0
15,-9,0
-22,3,0
20,5,0
12,-3,0
24,7,0
-13,-12,0
-1,23,0
12,8,0
0,25,0
13,-6,0
8,-23,0
-21,2,0
-13,-8,0
10,18,0
-23,8,0
-14,15,0
5,8,0
12,-19,0
-12,-4,0
-5,7,0
9,-4,0
5,-21,0
8,15,0
-5,14,0
15,1,0
13,-2,0
-7,-20,0
-7,2,0
-18,13,0
-15,8,0
3,-24,0
18,-1,0
-5,-16,0
-16,-6,0
-20,6,0
25,0,0
5,17,0
12,13,0
-6,-23,0
15,-17,0
14,18,0
-4,7,0
0,15,0
-20,8,0
18,-7,0
15,19,0
-17,-5,0
1,2,0
-10,-20,0
14,-4,0
-11,13,0
-18,-17,0
-18,7,0
-6,24,0
3,13,0
-13,3,0
2,-16,0
-18,11,0
-6,-21,0
21,-2,0
-5,-17,0
-14,-18,0
6,1,0
13,-18,0
-17,-17,0
-2,17,0
-15,-17,0
19,4,0
13,10,0
3,14,0
-19,-6,0
23,-4,0
-23,-9,0
18,-5,0
19,-12,0
-13,-21,0
-5,19,0
-20,-12,0
14,-6,0
-13,-13,0
3,-18,0
-15,4,0
-17,17,0
4,15,0
7,4,0
-17,12,0
24,3,0
12,-19,0
-18,-14,0
3,-9,0
5,18,0
8,0,0
2,-8,0
17,-3,0
-13,9,0
10,21,0
-5,2,0
1,-23,0
2,-16,0
14,9,0
-22,4,0
-5,6,0
-11,-18,0
16,-10,0
-16,-8,0
23,8,0
19,-15,0
10,12,0
14,-13,0
-3,-19,0
0,22,0
-4,-5,0
-4,-1,0
20,-9,0
5,-6,0
16,-1,0
-17,-7,0
3,8,0
7,6,0
-8,-20,0
10,16,0
4,-22,0
16,4,0
-3,10,0
0,0,0
16,-19,0
3,-23,0
10,22,0
19,15,0
-23,1,0
6,-2,0
-9,-10,0
-15,-16,0
1,-24,0
-7,-19,0
1,15,0
24,4,0
-15,-18,0
-11,-16,0
12,15,0
18,-2,0
13,8,0
12,-20,0
-17,2,0
-10,8,0
18,-11,0
-15,3,0
19,-1,0
-7,-8,0
4,-7,0
-3,-24,0
20,-2,0
13,6,0
1,20,0
18,1,0
-2,13,0
-14,7,0
7,9,0
22,11,0
13,14,0
-21,-6,0
-16,8,0
19,13,0
-9,16,0
19,1,0
10,21,0
14,-4,0
13,-14,0
-4,13,0
20,15,0
2,0,0
12,-9,0
-22,-10,0
14,-20,0
-20,-2,0
14,5,0
-13,-11,0
6,-19,0
-4,22,0
-20,-2,0
2,-6,0
-2,17,0
-1,-12,0
-6,-2,0
1,-4,0
-3,-16,0
-1,0,0
20,-12,0
-6,8,0
13,15,0
8,17,0
11,20,0
3,3,0
-10,19,0
6,-11,0
-20,-5,0
-2,19,0
19,-11,0
0,14,0
-22,-8,0
8,-8,0
-13,13,0
-6,-15,0
-21,1,0
2,18,0
-21,5,0
9,23,0
3,18,0
-6,-5,0
0,2,0
-21,3,0
-11,13,0
3,-2,0
22,-4,0
-2,22,0
-20,7,0
-5,-6,0
2,22,0
3,12,0
-6,23,0
2,9,0
9,15,0
-6,3,0
4,6,0
20,-14,0
-21,-13,0
2,-22,0
9,-12,0
1,4,0
2,-16,0
13,-18,0
-3,21,0
2,7,0
0,-10,0
-17,-7,0
20,13,0
7,-9,0
-15,-4,0
6,-19,0
-6,-22,0
0,2,0
-6,23,0
2,-23,0
12,16,0
8,15,0
-13,15,0
-2,10,0
6,-7,0
-13,-21,0
-5,-5,0
-15,8,0
6,-2,0
17,-7,0
-7,-24,0
1,2,0
20,1,0
13,-1,0
-5,-13,0
16,0,0
18,8,0
-9,20,0
0,0,0
15,16,0
19,4,0
2,8,0
2,21,0
-21,-12,0
-2,10,0
-13,-15,0
9,20,0
-9,13,0
13,5,0
7,-22,0
13,2,0
1,-8,0
3,2,0
-14,18,1
-2,17,1
-11,20,1
-17,-4,1
17,-16,1
-1,-20,1
-13,14,1
-10,2,1
-7,-6,1
-9,14,1
18,-16,1
0,-1,1
5,14,1
10,-21,1
15,-4,1
-21,10,1
16,3,1
9,11,1
3,2,1
-10,7,1
6,18,1
7,-13,1
8,-6,1
-15,14,1
16,-14,1
-7,20,1
-8,-4,1
8,-11,1
12,-15,1
-21,7,1
6,7,1
7,-4,1
-8,-16,1
-6,2,1
-7,4,1
-1,-20,1
-16,0,1
-10,8,1
-10,-9,1
2,14,1
14,-8,1
9,12,1
-15,-13,1
2,-13,1
-11,-12,1
-12,-12,1
10,17,1
20,-11,1
23,5,1
-12,-14,1
14,-2,1
23,3,1
-15,11,1
2,-4,1
-11,-21,1
12,-5,1
17,12,1
17,14,1
7,-7,1
-9,-4,1
13,21,1
10,20,1
10,14,1
2,14,1
-6,16,1
9,2,1
-16,-12,1
5,-24,1
7,-23,1
13,19,1
0,-5,1
15,11,1
10,18,1
-4,-2,1
-5,8,1
12,21,1
-3,11,1
-17,-18,1
-17,-13,1
14,12,1
-14,-20,1
8,11,1
-16,3,1
2,6,1
11,18,1
-11,-9,1
-1,-21,1
16,9,1
1,5,1
-22,10,1
-17,-18,1
-3,15,1
2,6,1
-7,17,1
-1,-3,1
-19,0,1
19,-8,1
0,6,1
22,9,1
-18,12,1
-9,12,1
1,10,1
19,11,1
7,23,1
-15,-7,1
5,-19,1
8,-11,1
-8,-2,1
-12,-6,1
23,-4,1
8,23,1
15,6,1
-15,-9,1
11,-21,1
1,11,1
3,-1,1
4,0,1
-4,-6,1
-5,-21,1
12,-20,1
4,-7,1
-10,21,1
1,-13,1
10,-12,1
19,-14,1
3,0,1
-7,-14,1
-4,-9,1
8,16,1
-20,-5,1
11,0,1
-18,4,1
-20,13,1
12,-20,1
6,20,1
-17,-7,1
23,3,1
11,4,1
3,-24,1
20,-4,1
9,7,1
15,17,1
-17,17,1
-12,-17,1
-5,3,1
0,2,1
14,-7,1
-13,8,1
-2,-19,1
-4,-17,1
9,-4,1
9,-5,1
2,10,1
-13,-13,1
-12,-10,1
1,12,1
8,-19,1
-20,-11,1
-13,17,1
22,-10,1
15,-15,1
5,-18,1
0,22,1
-14,-5,1
-2,-14,1
7,-16,1
19,-4,1
-22,-5,1
22,11,1
14,20,1
-20,9,1
-17,-13,1
2,19,1
14,7,1
20,4,1
-3,12,1
-7,-16,1
12,17,1
2,-17,1
12,15,1
-10,2,1
8,23,1
-2,-18,1
13,20,1
-12,14,1
-16,3,1
3,-18,1
-4,5,1
-9,23,1
2,-22,1
-8,-8,1
3,18,1
-18,-13,1
18,-5,1
-13,9,1
-16,-2,1
-12,14,1
19,10,1
-10,-8,1
5,-8,1
5,-19,1
-1,-5,1
-9,-22,1
-2,14,1
14,8,1
14,0,1
11,12,1
10,21,1
-19,-15,1
16,-9,1
-10,-8,1
-20,-15,1
-13,10,1
18,-2,1
11,-4,1
14,13,1
7,16,1
-15,-16,1
5,-10,1
-11,20,1
15,0,1
-14,-11,1
-7,-22,1
2,5,1
-15,-5,1
-12,13,1
-2,24,1
18,-10,1
22,3,1
24,6,1
14,3,1
-16,-5,1
9,-11,1
18,1,1
-5,-15,1
-15,3,1
0,-5,1
3,3,1
-23,-3,1
-19,10,1
-10,1,1
-9,2,1
-15,-17,1
-10,-12,1
-19,15,1
5,15,1
15,-11,1
17,13,1
14,-12,1
-10,-22,1
-5,-8,1
18,12,1
-16,-12,1
5,17,1
1,-4,1
7,-21,1
20,8,1
-23,-1,1
-2,-24,1
1,-5,1
-14,19,1
-17,-8,1
15,5,1
10,-10,1
-17,1,1
6,8,1
-7,22,1
4,-22,1
4,-11,1
15,1,1
5,13,1
-22,-7,1
13,-18,1
-1,-12,1
-1,-4,1
12,-13,1
-22,7,1
-7,-13,1
3,-5,1
-2,16,1
8,19,1
-15,-3,1
-19,13,1
-8,0,1
-16,10,1
-18,17,1
-17,18,1
-17,-14,1
11,-15,1
-7,-24,1
0,-19,1
20,-4,1
21,-4,1
9,-18,1
-6,-15,1
9,-11,1
18,-13,1
-18,8,1
-16,-1,1
22,6,1
5,-17,1
4,-13,1
10,-20,1
-6,-6,1
3,14,1
-10,-4,1
20,3,1
10,-11,1
-9,16,1
10,-14,1
11,3,1
4,11,1
6,-4,1
-11,1,1
-3,21,1
17,3,1
-19,6,1
7,13,1
-15,-11,1
-20,-7,1
18,-6,1
1,1,1
-15,13,1
-13,-8,1
-14,-15,1
14,6,1
-2,-18,1
-10,-17,1
-8,-8,1
-5,18,1
6,12,1
14,14,1
-6,-15,1
-19,-13,1
-5,-4,1
-13,6,1
16,-3,1
-8,22,1
-15,-14,1
24,-5,1
-6,-2,1
10,21,1
0,-20,1
1,-16,1
-7,-13,1
-6,-21,1
17,0,1
2,-4,1
12,-18,1
-3,21,1
-2,-4,1
10,-12,1
5,-22,1
12,-6,1
-21,-13,1
16,3,1
-4,10,1
-2,-10,1
4,10,1
-5,3,1
7,24,1
-23,-1,1
-14,-5,1
9,-12,1
1,2,1
-17,11,1
-2,2,1
-14,12,1
9,16,1
-16,-11,1
-1,-24,1
-8,9,1
-12,-14,1
3,14,1
-20,-6,1
-22,10,1
19,-3,1
-18,-4,1
6,-13,1
7,-21,1
0,11,1
-11,22,1
21,3,1
2,12,1
10,-21,1
-4,-12,1
12,2,1
7,-4,1
20,-10,1
-13,18,1
-6,6,1
-13,11,1
-13,-19,1
10,4,1
-20,10,1
-15,2,1
-12,-6,1
-14,7,1
-1,24,1
10,15,1
0,-21,1
10,-5,1
3,-7,1
-6,-5,1
24,7,1
10,8,1
-17,-15,1
-16,-10,1
-9,18,1
-4,3,1
-12,16,1
8,8,1
7,23,1
2,7,1
19,-5,1
14,7,1
2,18,1
-18,14,1
13,0,1
14,18,1
0,24,1
-3,-13,1
-4,-14,1
-7,-20,1
1,-21,1
-9,-15,1
15,-9,1
-15,-18,1
0,23,1
15,14,1
-21,11,1
20,-5,1
-8,4,1
-1,5,1
4,-24,1
10,-14,1
7,-10,1
0,6,1
-16,14,1
3,18,1
-20,0,1
1,7,1
25,0,1
7,-21,1
-1,-4,1
-13,11,1
9,0,1
13,12,1
-5,7,1
-10,6,1
17,-4,1
1,6,1
15,-11,1
-12,-21,1
-9,2,1
-4,0,1
3,14,1
-9,8,1
-21,0,1
-2,15,1
19,-12,1
-8,4,1
7,4,1
-14,-17,1
14,-9,1
6,-1,1
-21,9,1
10,18,1
16,12,1
5,-2,1
-19,14,1
9,0,1
-7,-11,1
5,-10,1
-19,13,1
-20,8,1
21,2,1
-2,14,1
-4,21,1
20,4,1
-14,1,1
2,0,1
-7,7,1
-4,-22,1
3,16,1
-5,19,1
17,14,1
1,-4,1
-8,-13,1
21,-13,1
12,18,1
6,-22,1
-22,2,1
7,24,1
-14,19,1
-16,-3,1
-7,10,1
13,-4,1
1,14,1
-10,-17,1
-4,-20,1
-11,-9,1
3,8,1
-17,-5,1
-11,-10,1
-5,10,1
-8,-8,1
11,10,1
-18,-17,1
15,19,1
21,6,1
-14,-10,1
3,-2,1
7,-6,1
-17,14,1
9,-5,1
-4,19,1
17,3,1
-5,24,1
1,2,1
19,-12,1
3,-15,1
15,-3,1
-13,-19,1
-17,-13,1
-13,2,1
-4,-9,1
11,-22,1
0,-22,1
9,-20,1
-5,-2,1
17,9,1
9,21,1
15,-2,1
-3,-3,1
-2,6,1
24,0,1
-8,-18,1
-13,5,1
9,-12,1
-7,-10,1
0,-15,1
-6,2,1
-13,8,1
4,20,1
-4,-13,1
-17,14,1
-9,18,1
-11,0,1
6,14,1
-2,-4,1
-11,-17,1
-21,1,1
-6,-11,1
16,-9,1
11,17,1
-5,-23,1
-19,1,1
-10,-19,1
-14,-11,1
-16,11,1
8,-3,1
1,24,1
-21,-8,1
-2,-4,1
11,-19,1
-8,0,1
-22,3,1
15,20,1
9,-2,1
-7,-15,1
-2,17,1
12,8,1
-8,5,1
12,0,1
2,-24,1
-11,0,1
-13,13,1
12,-10,1
11,-8,1
-23,7,1
-20,12,1
8,18,1
-10,-21,1
-5,8,1
2,-12,1
-10,-9,1
4,24,1
8,-15,1
12,13,1
-1,3,1
-7,19,1
21,-7,1
7,4,1
-18,4,1
9,5,1
-9,16,1
17,-10,1
0,0,1
0,18,1
-1,17,1
-13,-4,1
11,1,1
-3,6,1
-23,-2,1
4,16,1
17,16,1
5,-4,1
-5,-20,1
-2,17,1
21,-1,1
18,0,1
-8,3,1
13,-14,1
-6,15,1
18,-11,1
-3,10,1
17,-17,1
10,-3,1
-2,6,1
-11,-22,1
-10,16,1
-4,-2,1
13,19,1
16,7,1
-15,6,1
-23,-9,1
-12,-21,1
-2,-2,1
-3,10,1
9,16,1
11,11,1
-18,10,1
11,-10,1
3,0,1
15,-7,1
14,13,1
-11,-5,1
-5,20,1
13,11,1
-19,12,1
-10,5,1
-16,19,1
7,-20,1
-8,8,1
5,-11,1
-11,15,1
-12,-16,1
2,16,1
-15,-8,1
14,6,1
9,20,1
-23,1,1
-16,19,1
-18,15,1
1,-4,1
16,-8,1
-24,-3,1
0,-20,1
14,5,1
-11,-5,1
-23,4,1
22,8,1
-21,2,1
-7,-6,1
-6,-14,1
