3,-224,0
12,-260,0
18,-247,0
-16,-254,0
-18,-229,0
21,-238,0
18,-244,0
-12,-225,0
6,-254,0
-10,-244,0
-14,-246,0
20,-235,0
0,-257,0
-9,-227,0
-15,-254,0
-8,-259,0
1,-256,0
-6,-226,0
5,-237,0
-15,-239,0
-5,-254,0
17,-224,0
-1,-243,0
12,-251,0
-17,-222,0
-10,-253,0
-19,-224,0
8,-221,0
-1,-259,0
17,-224,0
-15,-225,0
11,-245,0
-5,-227,0
14,-228,0
12,-235,0
10,-230,0
-4,-249,0
-21,-231,0
-13,-233,0
-2,-237,0
-22,-232,0
5,-238,0
23,-247,0
22,-229,0
2,-251,0
-2,-246,0
17,-258,0
-16,-254,0
5,-223,0
-10,-238,0
7,-223,0
-16,-224,0
9,-252,0
-1,-235,0
8,-248,0
20,-239,0
22,-232,0
-9,-235,0
3,-239,0
-15,-232,0
-10,-257,0
22,-243,0
8,-223,0
10,-235,0
-2,-241,0
15,-254,0
-9,-222,0
22,-240,0
-10,-240,0
10,-246,0
1,-260,0
2,-242,0
-4,-235,0
12,-228,0
-23,-234,0
-6,-241,0
2,-246,0
-15,-253,0
6,-219,0
-3,-237,0
-4,-222,0
16,-222,0
16,-238,0
21,-250,0
-1,-243,0
-11,-257,0
0,-246,0
-2,-236,0
11,-237,0
10,-245,0
-2,-228,0
-11,-261,0
21,-246,0
7,-216,0
-16,-254,0
-1,-246,0
5,-234,0
-18,-244,0
2,-253,0
-5,-248,0
18,-226,0
-10,-257,0
2,-222,0
-9,-255,0
12,-252,0
9,-235,0
5,-234,0
-20,-236,0
7,-221,0
-16,-246,0
7,-234,0
2,-241,0
-21,-243,0
-3,-238,0
-9,-263,0
21,-251,0
-5,-259,0
2,-263,0
19,-245,0
13,-246,0
18,-228,0
4,-233,0
9,-234,0
4,-221,0
-19,-247,0
16,-250,0
-10,-226,0
-4,-237,0
-3,-228,0
-7,-219,0
8,-235,0
0,-218,0
20,-244,0
-4,-255,0
5,-216,0
-20,-253,0
-21,-231,0
6,-223,0
7,-249,0
23,-247,0
-8,-252,0
2,-261,0
9,-244,0
-8,-241,0
-19,-243,0
-9,-259,0
-8,-236,0
1,-258,0
20,-227,0
-7,-252,0
-6,-260,0
-7,-233,0
-20,-234,0
-23,-240,0
-10,-262,0
14,-248,0
-4,-241,0
-4,-260,0
2,-233,0
-1,-254,0
-4,-256,0
-10,-222,0
-4,-254,0
-4,-217,0
4,-239,0
21,-250,0
5,-227,0
7,-261,0
-14,-242,0
16,-222,0
10,-257,0
-8,-241,0
13,-232,0
-8,-253,0
-17,-248,0
-4,-232,0
-13,-219,0
15,-256,0
-19,-230,0
21,-243,0
-21,-243,0
19,-226,0
-1,-262,0
0,-261,0
-1,-223,0
-12,-250,0
15,-234,0
1,-246,0
-21,-239,0
-20,-234,0
21,-242,0
3,-221,0
14,-253,0
-18,-252,0
-12,-223,0
-9,-230,0
3,-261,0
3,-259,0
13,-224,0
6,-252,0
18,-238,0
-14,-256,0
-24,-237,0
11,-256,0
-3,-216,0
21,-249,0
-14,-220,0
-3,-241,0
-4,-221,0
22,-249,0
-13,-219,0
-19,-249,0
-14,-245,0
2,-216,0
1,-246,0
-20,-249,0
5,-251,0
-6,-261,0
-11,-218,0
8,-243,0
12,-228,0
-22,-251,0
-16,-251,0
-16,-246,0
6,-256,0
-14,-238,0
-6,-237,0
16,-244,0
24,-237,0
6,-252,0
14,-223,0
15,-224,0
13,-244,0
18,-251,0
6,-236,0
-13,-254,0
5,-257,0
5,-241,0
-4,-219,0
11,-262,0
-13,-230,0
-17,-233,0
5,-246,0
-14,-246,0
11,-254,0
9,-235,0
-23,-238,0
3,-244,0
-18,-242,0
-21,-227,0
-15,-230,0
8,-222,0
-7,-222,0
23,-231,0
10,-232,0
-6,-253,0
18,-242,0
-1,-230,0
-10,-255,0
-12,-227,0
-13,-243,0
-3,-229,0
3,-230,0
6,-237,0
19,-248,0
7,-246,0
9,-248,0
-7,-240,0
10,-256,0
22,-242,0
20,-247,0
-10,-255,0
24,-243,0
-7,-231,0
-16,-243,0
-9,-232,0
-14,-243,0
-9,-225,0
18,-236,0
-12,-248,0
0,-244,0
-7,-243,0
16,-224,0
13,-229,0
-10,-244,0
-8,-258,0
7,-216,0
-8,-235,0
-3,-221,0
15,-255,0
-2,-221,0
1,-216,0
-14,-233,0
-13,-233,0
-21,-234,0
-11,-243,0
-15,-257,0
-10,-227,0
-13,-241,0
15,-252,0
13,-258,0
-4,-261,0
5,-241,0
18,-244,0
24,-235,0
-13,-235,0
20,-255,0
20,-233,0
-12,-243,0
-16,-226,0
18,-246,0
-1,-223,0
11,-223,0
-12,-234,0
2,-241,0
9,-234,0
13,-235,0
14,-254,0
-3,-223,0
8,-259,0
-6,-250,0
-6,-262,0
-6,-246,0
-4,-264,0
9,-254,0
5,-224,0
6,-234,0
5,-241,0
1,-240,0
19,-231,0
23,-236,0
-2,-230,0
8,-217,0
209,132,1
186,132,1
208,140,1
220,123,1
214,138,1
188,131,1
200,125,1
203,131,1
205,133,1
213,129,1
195,115,1
228,130,1
195,111,1
198,107,1
220,106,1
225,138,1
219,112,1
208,106,1
216,132,1
209,104,1
210,118,1
202,142,1
215,125,1
219,125,1
205,122,1
214,130,1
200,135,1
223,131,1
225,128,1
221,109,1
207,136,1
209,116,1
216,129,1
211,111,1
212,104,1
189,121,1
202,118,1
195,129,1
227,115,1
217,103,1
212,118,1
225,129,1
229,121,1
190,126,1
198,100,1
187,107,1
206,121,1
195,118,1
197,114,1
213,111,1
213,96,1
195,109,1
201,138,1
213,111,1
217,107,1
198,109,1
209,107,1
204,118,1
231,116,1
227,135,1
207,120,1
221,128,1
230,128,1
212,114,1
204,121,1
232,123,1
191,132,1
217,106,1
188,133,1
198,98,1
218,119,1
191,102,1
196,132,1
215,110,1
213,96,1
212,139,1
208,128,1
213,113,1
184,117,1
210,105,1
229,121,1
218,134,1
216,99,1
230,121,1
189,116,1
193,117,1
207,142,1
218,140,1
192,127,1
198,130,1
199,121,1
226,118,1
205,115,1
213,129,1
220,123,1
223,138,1
217,102,1
201,129,1
231,127,1
229,127,1
216,138,1
211,139,1
203,137,1
199,116,1
202,139,1
199,135,1
213,120,1
200,116,1
196,139,1
225,104,1
200,143,1
209,117,1
195,99,1
197,140,1
215,97,1
214,121,1
224,130,1
212,144,1
214,133,1
214,128,1
206,118,1
220,132,1
206,100,1
189,130,1
196,137,1
214,109,1
207,116,1
209,117,1
186,132,1
197,102,1
205,102,1
226,123,1
186,119,1
222,122,1
211,100,1
208,144,1
218,130,1
206,119,1
228,123,1
217,111,1
226,118,1
226,128,1
191,103,1
212,133,1
203,126,1
195,140,1
226,133,1
221,106,1
195,99,1
214,118,1
221,117,1
218,109,1
195,99,1
222,105,1
214,139,1
194,122,1
193,131,1
224,111,1
207,114,1
205,142,1
223,105,1
230,129,1
227,115,1
217,123,1
212,121,1
219,122,1
201,140,1
195,109,1
214,124,1
202,134,1
219,105,1
207,120,1
214,130,1
228,113,1
208,95,1
224,135,1
213,109,1
218,126,1
225,106,1
205,138,1
229,128,1
200,100,1
210,137,1
226,133,1
213,112,1
198,102,1
201,124,1
191,119,1
186,127,1
214,105,1
216,100,1
212,110,1
218,127,1
217,101,1
220,103,1
222,123,1
211,100,1
218,130,1
218,106,1
192,102,1
211,125,1
211,107,1
224,128,1
208,124,1
188,115,1
219,118,1
193,120,1
208,140,1
221,116,1
187,108,1
208,133,1
203,100,1
226,114,1
192,129,1
217,142,1
202,104,1
199,104,1
223,111,1
210,107,1
225,105,1
192,126,1
221,133,1
204,134,1
200,118,1
212,133,1
220,99,1
209,118,1
184,116,1
214,121,1
193,102,1
216,125,1
200,115,1
204,103,1
221,101,1
213,121,1
219,127,1
202,118,1
208,124,1
211,110,1
230,125,1
219,130,1
225,138,1
192,136,1
190,127,1
219,140,1
186,118,1
189,128,1
193,113,1
193,134,1
192,127,1
216,111,1
212,132,1
226,105,1
219,123,1
188,130,1
205,98,1
193,106,1
215,119,1
204,98,1
184,124,1
223,132,1
193,129,1
220,104,1
199,117,1
196,133,1
227,126,1
222,102,1
213,123,1
214,143,1
221,122,1
217,141,1
217,105,1
183,118,1
217,122,1
189,122,1
219,131,1
188,134,1
211,117,1
223,112,1
216,100,1
219,107,1
223,138,1
216,130,1
221,139,1
219,125,1
203,108,1
201,132,1
202,120,1
206,96,1
227,127,1
212,113,1
204,144,1
205,96,1
200,125,1
187,123,1
216,122,1
203,103,1
226,136,1
217,127,1
219,107,1
191,109,1
221,116,1
204,122,1
194,104,1
187,130,1
218,114,1
187,130,1
192,139,1
210,136,1
188,119,1
223,122,1
211,109,1
199,99,1
208,111,1
208,131,1
212,138,1
224,127,1
199,134,1
223,126,1
212,122,1
194,102,1
215,105,1
210,105,1
204,144,1
203,96,1
219,101,1
213,116,1
188,106,1
198,128,1
215,110,1
184,114,1
204,135,1
191,113,1
-217,140,1
-197,106,1
-202,101,1
-222,101,1
-196,127,1
-191,114,1
-201,103,1
-200,128,1
-192,139,1
-197,126,1
-203,121,1
-224,105,1
-192,130,1
-230,121,1
-216,138,1
-194,130,1
-207,137,1
-219,142,1
-188,105,1
-202,115,1
-202,108,1
-192,122,1
-211,121,1
-192,105,1
-225,124,1
-231,114,1
-211,107,1
-230,110,1
-202,109,1
-204,138,1
-208,109,1
-210,120,1
-191,128,1
-193,108,1
-196,117,1
-225,127,1
-208,104,1
-206,96,1
-183,121,1
-186,129,1
-209,124,1
-231,117,1
-197,109,1
-194,136,1
-215,143,1
-190,130,1
-228,127,1
-188,111,1
-215,143,1
-223,128,1
-220,101,1
-194,104,1
-223,131,1
-185,129,1
-204,97,1
-226,123,1
-213,101,1
-201,144,1
-203,124,1
-220,116,1
-225,105,1
-192,108,1
-216,102,1
-219,111,1
-193,128,1
-186,120,1
-218,98,1
-218,134,1
-199,122,1
-210,121,1
-195,99,1
-192,138,1
-209,141,1
-212,142,1
-227,131,1
-212,102,1
-229,111,1
-222,133,1
-196,137,1
-186,129,1
-226,117,1
-221,101,1
-206,123,1
-211,131,1
-195,122,1
-218,111,1
-192,104,1
-214,117,1
-209,108,1
-208,130,1
-212,131,1
-221,110,1
-202,114,1
-207,127,1
-226,116,1
-202,100,1
-227,133,1
-224,124,1
-217,130,1
-224,117,1
-206,119,1
-201,137,1
-220,113,1
-209,105,1
-222,122,1
-216,140,1
-192,139,1
-227,118,1
-205,141,1
-219,113,1
-207,106,1
-222,106,1
-217,114,1
-208,144,1
-219,130,1
-200,115,1
-230,122,1
-202,104,1
-223,110,1
-198,140,1
-231,126,1
-194,125,1
-219,138,1
-187,126,1
-228,127,1
-198,136,1
-222,110,1
-198,126,1
-198,140,1
-214,122,1
-191,128,1
-221,132,1
-214,113,1
-222,121,1
-214,120,1
-219,123,1
-195,124,1
-202,111,1
-200,112,1
-231,117,1
-221,129,1
-204,126,1
-224,117,1
-209,106,1
-225,105,1
-191,125,1
-214,121,1
-208,132,1
-217,137,1
-222,117,1
-206,108,1
-211,114,1
-225,107,1
-210,104,1
-232,126,1
-201,112,1
-202,99,1
-190,105,1
-230,117,1
-202,132,1
-212,124,1
-206,96,1
-203,111,1
-210,108,1
-219,133,1
-214,115,1
-220,138,1
-191,136,1
-223,123,1
-226,131,1
-215,127,1
-222,128,1
-210,105,1
-196,112,1
-201,136,1
-222,140,1
-194,131,1
-220,106,1
-219,118,1
-225,117,1
-222,119,1
-219,142,1
-195,137,1
-213,101,1
-219,111,1
-229,111,1
-228,122,1
-193,106,1
-227,129,1
-221,141,1
-227,112,1
-209,141,1
-193,104,1
-213,128,1
-212,112,1
-186,109,1
-201,118,1
-188,125,1
-222,105,1
-189,132,1
-198,103,1
-218,122,1
-221,105,1
-221,109,1
-196,98,1
-196,117,1
-208,144,1
-225,135,1
-222,129,1
-218,113,1
-219,130,1
-208,138,1
-188,130,1
-212,113,1
-198,102,1
-214,143,1
-227,121,1
-193,118,1
-227,115,1
-224,107,1
-203,121,1
-199,133,1
-209,129,1
-213,126,1
-209,126,1
-216,98,1
-210,103,1
-203,112,1
-212,132,1
-196,115,1
-223,111,1
-202,109,1
-218,123,1
-226,137,1
-207,122,1
-225,134,1
-214,107,1
-203,140,1
-193,104,1
-200,130,1
-205,133,1
-215,143,1
-193,100,1
-219,105,1
-203,97,1
-217,137,1
-215,134,1
-209,102,1
-222,107,1
-197,121,1
-221,134,1
-213,140,1
-218,125,1
-206,103,1
-214,115,1
-214,103,1
-185,124,1
-223,107,1
-191,128,1
-221,102,1
-219,100,1
-198,137,1
-228,124,1
-200,121,1
-215,136,1
-224,119,1
-226,127,1
-208,127,1
-204,143,1
-204,124,1
-205,130,1
-225,104,1
-210,103,1
-224,124,1
-227,132,1
-208,99,1
-220,105,1
-197,121,1
-196,131,1
-198,106,1
-201,102,1
-205,143,1
-213,123,1
-191,135,1
-197,113,1
-200,117,1
-196,142,1
-223,129,1
-198,129,1
-205,106,1
-203,121,1
-212,119,1
-225,108,1
-203,116,1
-201,99,1
-205,124,1
-193,109,1
-217,97,1
-224,131,1
-187,119,1
-216,111,1
-200,138,1
-197,140,1
-226,137,1
-192,138,1
-193,115,1
-216,102,1
-197,114,1
-230,115,1
-208,114,1
-197,136,1
-206,125,1
-196,114,1
-208,126,1
-230,121,1
-221,137,1
-227,123,1
-192,101,1
-197,118,1
-195,110,1
-214,128,1
-213,106,1
-188,128,1
-230,127,1
-221,121,1
-199,115,1
-210,144,1
-206,98,1
-208,100,1
-210,137,1
-198,104,1
-204,107,1
-224,109,1
