13,-252,0
7,-251,0
-2,-238,0
-13,-254,0
-3,-272,0
-21,-237,0
8,-250,0
-3,-266,0
-7,-234,0
-15,-242,0
-2,-228,0
-13,-269,0
8,-259,0
21,-248,0
-6,-227,0
11,-254,0
-8,-252,0
2,-263,0
-13,-254,0
-9,-228,0
7,-250,0
-12,-260,0
-4,-249,0
-11,-253,0
-11,-245,0
0,-235,0
9,-252,0
0,-230,0
-17,-261,0
-7,-257,0
-8,-251,0
20,-235,0
13,-257,0
-20,-253,0
-4,-237,0
-11,-264,0
7,-231,0
14,-236,0
-9,-229,0
14,-264,0
-8,-231,0
-10,-264,0
18,-257,0
1,-272,0
25,-250,0
8,-227,0
10,-236,0
-21,-246,0
21,-263,0
-11,-248,0
17,-261,0
-15,-243,0
-8,-273,0
-7,-272,0
-11,-264,0
-11,-235,0
-17,-252,0
-3,-247,0
0,-268,0
17,-253,0
-1,-252,0
7,-243,0
17,-255,0
-16,-257,0
-8,-240,0
-18,-257,0
24,-251,0
16,-238,0
-4,-229,0
-4,-254,0
15,-265,0
-15,-240,0
15,-270,0
14,-264,0
9,-239,0
6,-226,0
-18,-244,0
-15,-258,0
8,-242,0
5,-229,0
19,-255,0
17,-242,0
-21,-258,0
-17,-232,0
-13,-271,0
18,-258,0
5,-231,0
-5,-226,0
-3,-243,0
9,-232,0
-12,-259,0
6,-253,0
-2,-227,0
3,-254,0
2,-274,0
-14,-240,0
-1,-237,0
12,-255,0
-18,-260,0
14,-230,0
13,-263,0
6,-235,0
7,-248,0
6,-238,0
20,-264,0
14,-232,0
-6,-246,0
-1,-273,0
-4,-227,0
14,-234,0
4,-249,0
-19,-257,0
14,-242,0
-15,-238,0
1,-228,0
20,-246,0
-5,-258,0
6,-260,0
13,-230,0
0,-229,0
-17,-240,0
11,-268,0
-4,-262,0
-13,-232,0
-11,-239,0
-23,-247,0
-3,-247,0
8,-264,0
6,-245,0
4,-249,0
-10,-249,0
-16,-268,0
-11,-254,0
22,-250,0
12,-230,0
-17,-262,0
-16,-262,0
-17,-256,0
5,-274,0
6,-234,0
21,-263,0
-2,-232,0
-10,-255,0
-17,-261,0
-3,-264,0
-6,-249,0
-19,-244,0
-7,-239,0
6,-269,0
6,-255,0
0,-225,0
-17,-252,0
-12,-232,0
-11,-247,0
6,-244,0
-12,-265,0
-24,-253,0
-17,-268,0
-5,-269,0
15,-236,0
-23,-244,0
-7,-232,0
7,-226,0
18,-249,0
5,-235,0
-8,-235,0
-20,-258,0
-9,-237,0
7,-264,0
21,-243,0
4,-228,0
-13,-240,0
-4,-255,0
-7,-261,0
7,-238,0
-16,-243,0
7,-247,0
-24,-253,0
3,-244,0
22,-239,0
-12,-240,0
-5,-271,0
21,-240,0
-3,-235,0
1,-260,0
18,-265,0
-17,-256,0
-9,-244,0
-15,-245,0
-6,-239,0
-19,-254,0
3,-259,0
-1,-231,0
8,-250,0
-24,-244,0
-6,-272,0
8,-247,0
-19,-252,0
-2,-233,0
-6,-262,0
-6,-264,0
-5,-236,0
14,-257,0
16,-269,0
12,-249,0
-7,-239,0
3,-260,0
21,-241,0
-16,-236,0
-2,-264,0
14,-232,0
-15,-231,0
-18,-237,0
20,-243,0
11,-248,0
3,-233,0
13,-229,0
-6,-233,0
-13,-233,0
12,-231,0
-14,-243,0
13,-237,0
-10,-228,0
-3,-258,0
-9,-230,0
-1,-255,0
15,-236,0
-22,-249,0
10,-269,0
21,-260,0
-22,-246,0
14,-249,0
-16,-247,0
6,-258,0
22,-252,0
17,-232,0
-15,-255,0
-6,-264,0
-5,-250,0
21,-240,0
17,-267,0
-22,-255,0
-14,-267,0
6,-232,0
-14,-241,0
-20,-235,0
-2,-229,0
-8,-268,0
23,-245,0
-1,-255,0
-9,-244,0
5,-251,0
-12,-264,0
8,-245,0
-5,-250,0
24,-253,0
-23,-246,0
1,-260,0
-12,-259,0
18,-244,0
-16,-256,0
19,-244,0
-5,-252,0
4,-239,0
-15,-264,0
-19,-246,0
-9,-243,0
18,-248,0
4,-273,0
-14,-260,0
19,-245,0
-9,-244,0
14,-232,0
-1,-266,0
-8,-267,0
-19,-250,0
11,-271,0
-23,-247,0
6,-253,0
11,-267,0
-1,-253,0
-24,-253,0
17,-261,0
-23,-243,0
-12,-271,0
8,-236,0
-7,-250,0
-24,-248,0
-17,-234,0
-12,-233,0
-20,-243,0
-14,-256,0
6,-242,0
14,-232,0
12,-259,0
-13,-261,0
3,-240,0
-6,-263,0
5,-232,0
-13,-262,0
-4,-270,0
-20,-241,0
12,-237,0
-4,-232,0
16,-252,0
14,-246,0
-21,-247,0
10,-241,0
-13,-240,0
-14,-259,0
-3,-263,0
4,-269,0
20,-240,0
13,-263,0
5,-227,0
-19,-241,0
18,-265,0
14,-255,0
15,-264,0
-22,-255,0
20,-237,0
-7,-266,0
17,-252,0
12,-264,0
14,-232,0
20,-254,0
12,-231,0
14,-232,0
11,-239,0
14,-260,0
15,-268,0
15,-270,0
-4,-260,0
220,133,1
220,138,1
203,140,1
236,111,1
198,138,1
195,136,1
222,143,1
209,120,1
198,138,1
205,103,1
203,116,1
202,129,1
229,116,1
211,140,1
205,133,1
216,145,1
210,149,1
224,132,1
217,144,1
237,117,1
234,138,1
239,125,1
220,113,1
219,104,1
231,131,1
234,116,1
229,118,1
224,124,1
214,106,1
219,113,1
201,114,1
216,120,1
215,131,1
217,123,1
217,139,1
232,111,1
207,102,1
209,105,1
216,113,1
215,122,1
222,103,1
204,145,1
205,144,1
202,124,1
197,110,1
218,139,1
215,104,1
213,114,1
206,106,1
240,129,1
205,119,1
204,112,1
221,121,1
236,140,1
215,117,1
233,109,1
195,132,1
210,143,1
237,114,1
223,105,1
219,125,1
231,130,1
228,123,1
215,101,1
205,123,1
222,134,1
228,145,1
218,145,1
204,144,1
215,119,1
218,146,1
210,111,1
195,127,1
212,132,1
222,134,1
217,123,1
213,106,1
199,134,1
231,108,1
213,120,1
207,125,1
195,120,1
211,135,1
199,127,1
197,129,1
232,135,1
196,123,1
211,141,1
232,116,1
236,118,1
229,112,1
203,138,1
222,131,1
220,111,1
220,116,1
229,146,1
229,126,1
197,139,1
241,120,1
212,108,1
204,130,1
204,137,1
220,104,1
239,122,1
238,113,1
218,131,1
208,113,1
230,143,1
239,126,1
219,132,1
232,106,1
202,130,1
215,110,1
211,131,1
227,106,1
232,144,1
212,134,1
225,115,1
238,124,1
212,102,1
207,143,1
227,140,1
228,134,1
213,101,1
212,120,1
207,108,1
209,124,1
211,112,1
229,127,1
208,135,1
222,141,1
201,120,1
221,126,1
233,135,1
207,102,1
224,125,1
193,130,1
212,131,1
208,143,1
216,143,1
216,116,1
238,132,1
229,109,1
222,127,1
235,137,1
207,119,1
237,125,1
233,118,1
228,143,1
237,115,1
194,119,1
211,108,1
196,128,1
193,125,1
216,117,1
224,123,1
230,112,1
198,120,1
235,123,1
221,128,1
237,135,1
228,103,1
193,133,1
195,135,1
229,135,1
227,129,1
200,130,1
196,137,1
237,119,1
200,138,1
209,136,1
227,122,1
234,129,1
232,128,1
195,121,1
235,123,1
218,106,1
216,112,1
200,118,1
217,123,1
226,107,1
221,129,1
219,148,1
217,141,1
236,136,1
214,126,1
210,112,1
223,119,1
218,116,1
192,127,1
227,111,1
225,114,1
216,139,1
201,134,1
233,136,1
206,144,1
213,134,1
238,125,1
200,135,1
203,132,1
205,137,1
231,134,1
206,144,1
199,108,1
222,108,1
211,104,1
230,119,1
216,131,1
229,117,1
203,134,1
227,109,1
235,119,1
229,130,1
228,140,1
214,118,1
224,129,1
218,102,1
197,133,1
239,124,1
221,106,1
224,109,1
209,116,1
207,115,1
211,108,1
226,102,1
212,119,1
226,116,1
233,138,1
193,127,1
221,104,1
213,107,1
206,131,1
226,112,1
210,129,1
234,134,1
209,125,1
214,110,1
234,142,1
196,117,1
206,122,1
209,115,1
204,108,1
204,135,1
235,116,1
204,130,1
235,117,1
205,113,1
202,108,1
222,139,1
238,136,1
207,135,1
203,131,1
198,111,1
212,114,1
228,111,1
218,113,1
240,118,1
219,131,1
202,105,1
208,103,1
220,104,1
213,126,1
205,128,1
236,123,1
240,124,1
238,134,1
195,116,1
232,123,1
219,145,1
235,115,1
223,136,1
227,105,1
205,144,1
223,121,1
203,123,1
215,149,1
210,136,1
193,121,1
199,136,1
218,114,1
193,119,1
233,135,1
207,112,1
210,143,1
210,128,1
216,110,1
215,132,1
227,116,1
230,129,1
194,126,1
202,118,1
200,122,1
204,109,1
219,126,1
222,121,1
219,126,1
207,123,1
239,130,1
219,137,1
203,142,1
229,131,1
200,108,1
214,120,1
232,142,1
230,136,1
240,121,1
202,121,1
218,124,1
220,136,1
236,111,1
195,128,1
214,117,1
199,133,1
234,131,1
211,137,1
199,133,1
208,122,1
215,133,1
229,108,1
214,114,1
214,134,1
221,135,1
234,127,1
201,116,1
203,129,1
231,141,1
209,144,1
231,134,1
230,105,1
230,114,1
216,108,1
212,113,1
214,139,1
-219,106,1
-199,121,1
-236,120,1
-212,121,1
-237,122,1
-212,114,1
-207,124,1
-195,127,1
-213,142,1
-223,149,1
-229,129,1
-205,123,1
-214,137,1
-225,111,1
-233,124,1
-230,111,1
-224,123,1
-206,146,1
-229,123,1
-237,138,1
-201,117,1
-234,137,1
-231,105,1
-232,136,1
-223,140,1
-235,123,1
-219,115,1
-221,133,1
-204,107,1
-226,137,1
-226,131,1
-202,137,1
-241,120,1
-200,132,1
-194,127,1
-216,123,1
-212,147,1
-217,116,1
-229,146,1
-210,144,1
-212,111,1
-205,129,1
-208,146,1
-221,124,1
-229,117,1
-225,145,1
-235,119,1
-237,127,1
-210,148,1
-235,109,1
-223,139,1
-208,138,1
-222,117,1
-207,104,1
-208,139,1
-220,110,1
-218,147,1
-222,131,1
-224,126,1
-221,145,1
-212,147,1
-223,125,1
-194,134,1
-211,104,1
-228,120,1
-195,114,1
-207,102,1
-227,109,1
-216,140,1
-226,139,1
-205,108,1
-221,130,1
-217,137,1
-224,148,1
-223,119,1
-215,105,1
-201,124,1
-232,131,1
-231,126,1
-232,113,1
-230,105,1
-207,117,1
-200,128,1
-237,126,1
-216,130,1
-211,143,1
-215,106,1
-198,140,1
-234,131,1
-228,114,1
-215,109,1
-212,110,1
-236,137,1
-199,136,1
-227,131,1
-195,123,1
-201,107,1
-208,103,1
-228,147,1
-221,122,1
-235,129,1
-207,135,1
-207,144,1
-207,136,1
-211,107,1
-227,112,1
-205,118,1
-228,124,1
-213,122,1
-216,139,1
-201,134,1
-241,123,1
-208,103,1
-221,136,1
-227,111,1
-206,142,1
-209,141,1
-216,128,1
-196,126,1
-206,107,1
-199,142,1
-237,127,1
-209,140,1
-238,136,1
-196,118,1
-221,117,1
-216,119,1
-233,136,1
-202,129,1
-220,104,1
-220,132,1
-218,107,1
-213,149,1
-227,136,1
-227,127,1
-235,140,1
-235,119,1
-236,110,1
-231,117,1
-197,120,1
-237,118,1
-229,120,1
-227,134,1
-229,120,1
-214,112,1
-234,127,1
-226,119,1
-224,115,1
-212,109,1
-216,113,1
-231,142,1
-225,106,1
-198,131,1
-203,122,1
-199,129,1
-200,141,1
-233,112,1
-218,124,1
-207,143,1
-218,138,1
-228,116,1
-222,134,1
-195,128,1
-213,134,1
-205,106,1
-220,136,1
-210,137,1
-210,139,1
-198,127,1
-241,130,1
-232,124,1
-217,105,1
-206,125,1
-230,145,1
-212,123,1
-200,143,1
-219,140,1
-212,118,1
-222,108,1
-201,106,1
-223,118,1
-230,143,1
-211,140,1
-192,127,1
-202,136,1
-233,108,1
-229,117,1
-230,117,1
-213,117,1
-198,118,1
-232,118,1
-203,123,1
-205,129,1
-231,136,1
-205,114,1
-217,145,1
-221,123,1
-233,134,1
-226,138,1
-225,145,1
-228,135,1
-217,133,1
-206,134,1
-235,123,1
-202,121,1
-213,132,1
-209,113,1
-216,114,1
-217,114,1
-199,122,1
-209,120,1
-203,105,1
-223,125,1
-211,143,1
-229,107,1
-226,126,1
-208,117,1
-226,119,1
-235,129,1
-238,125,1
-232,115,1
-218,109,1
-202,134,1
-208,118,1
-230,131,1
-212,114,1
-201,131,1
-206,142,1
-212,124,1
-222,120,1
-204,116,1
-219,114,1
-223,113,1
-213,142,1
-229,132,1
-231,127,1
-210,138,1
-211,105,1
-207,114,1
-236,125,1
-193,122,1
-217,135,1
-213,108,1
-194,135,1
-208,116,1
-205,140,1
-208,120,1
-216,128,1
-216,106,1
-224,126,1
-222,132,1
-220,105,1
-203,112,1
-227,135,1
-230,110,1
-204,127,1
-222,139,1
-198,136,1
-221,140,1
-230,146,1
-228,140,1
-204,146,1
-239,132,1
-217,118,1
-196,132,1
-211,120,1
-207,122,1
-233,138,1
-194,119,1
-232,128,1
-232,135,1
-197,119,1
-220,146,1
-222,136,1
-204,138,1
-205,127,1
-209,130,1
-219,114,1
-230,119,1
-213,140,1
-204,105,1
-219,129,1
-237,114,1
-226,108,1
-217,121,1
-217,125,1
-208,104,1
-226,131,1
-198,115,1
-219,147,1
-207,116,1
-208,102,1
-224,143,1
-238,134,1
-215,116,1
-200,121,1
-240,118,1
-235,130,1
-210,147,1
-236,124,1
-234,131,1
-226,140,1
-225,141,1
-214,120,1
-207,103,1
-216,134,1
-204,133,1
-211,141,1
-210,130,1
-199,141,1
-206,121,1
-210,119,1
-213,112,1
-220,127,1
-205,135,1
-231,138,1
-204,116,1
-209,133,1
-219,134,1
-212,122,1
-201,113,1
-221,125,1
-230,141,1
-206,120,1
-238,136,1
-203,143,1
-215,140,1
-207,132,1
-195,129,1
-214,108,1
-235,121,1
-221,112,1
-236,122,1
