-182,162,1
-161,158,1
-186,170,1
-188,173,1
-185,159,1
-188,156,1
-189,157,1
-167,146,1
-193,173,1
-183,180,1
-167,193,1
-169,157,1
-187,179,1
-156,158,1
-159,173,1
-172,171,1
-186,185,1
-160,172,1
-194,174,1
-190,175,1
-178,148,1
-180,148,1
-184,165,1
-189,176,1
-165,163,1
-171,153,1
-159,187,1
-169,150,1
-173,164,1
-171,174,1
-166,177,1
-180,178,1
-193,175,1
-182,165,1
-163,155,1
-182,185,1
-164,146,1
-146,167,1
-191,165,1
-194,167,1
-173,187,1
-156,157,1
-150,158,1
-182,186,1
-165,182,1
-182,170,1
-149,175,1
-186,151,1
-177,175,1
-193,169,1
-163,169,1
-176,171,1
-192,172,1
-172,182,1
-169,169,1
-193,164,1
-161,171,1
-152,167,1
-177,191,1
-176,174,1
-161,168,1
-190,184,1
-170,146,1
-154,176,1
-181,187,1
-175,161,1
-185,167,1
-179,185,1
-185,180,1
-188,156,1
-175,190,1
-164,185,1
-170,168,1
-175,184,1
-178,185,1
-188,167,1
-176,155,1
-169,177,1
-173,154,1
-165,171,1
-176,177,1
-186,160,1
-149,175,1
-177,181,1
-158,154,1
-188,176,1
-170,182,1
-191,162,1
-162,183,1
-156,176,1
-172,146,1
-187,171,1
-176,155,1
-154,167,1
-150,174,1
-183,189,1
-149,174,1
-176,182,1
-158,154,1
-167,186,1
-194,171,1
-194,175,1
-175,152,1
-158,165,1
-171,171,1
-180,179,1
-178,147,1
-157,173,1
-169,188,1
-174,148,1
-190,176,1
-162,160,1
-161,147,1
-194,174,1
-190,158,1
-160,148,1
-151,171,1
-172,179,1
-184,151,1
-158,170,1
-151,160,1
-184,181,1
-154,157,1
-158,180,1
-155,188,1
-161,160,1
-184,154,1
-184,161,1
-150,182,1
-145,171,1
-159,175,1
-187,182,1
-184,173,1
-166,185,1
-180,169,1
-185,173,1
-146,163,1
-168,182,1
-151,173,1
-154,160,1
-186,175,1
-167,176,1
-163,189,1
-177,173,1
-166,147,1
-165,150,1
-153,176,1
-147,173,1
-148,163,1
-166,169,1
-152,170,1
-152,157,1
-145,173,1
-168,185,1
-179,190,1
-167,167,1
-147,174,1
-152,166,1
-175,146,1
-177,187,1
-156,182,1
-162,151,1
-168,171,1
-169,192,1
-176,185,1
-193,166,1
-183,159,1
-183,190,1
-175,154,1
-151,176,1
-163,182,1
-157,179,1
-159,172,1
-194,167,1
-169,180,1
-155,169,1
-188,161,1
-168,169,1
-183,155,1
-164,187,1
-191,177,1
-148,170,1
-151,164,1
-178,165,1
-163,182,1
-183,181,1
-174,167,1
-156,180,1
-171,169,1
-147,164,1
-181,180,1
-181,151,1
-160,188,1
-159,165,1
-169,174,1
-150,185,1
-180,186,1
-153,158,1
-175,153,1
-169,162,1
-183,185,1
-157,156,1
-178,190,1
-164,164,1
-159,179,1
-155,178,1
-164,192,1
-194,175,1
-190,174,1
-177,179,1
-178,147,1
-193,173,1
-186,154,1
-159,165,1
-153,183,1
-163,188,1
-159,162,1
-163,152,1
-168,161,1
-194,174,1
-160,185,1
-184,178,1
-189,185,1
-162,165,1
-167,164,1
-162,180,1
-168,172,1
-184,171,1
-183,172,1
-163,184,1
-157,180,1
-172,174,1
-157,185,1
-164,186,1
-154,188,1
-153,152,1
-178,162,1
-156,183,1
-171,191,1
-179,168,1
-174,184,1
-191,163,1
-173,173,1
-161,169,1
-157,154,1
-191,169,1
-161,177,1
-183,165,1
-169,157,1
-172,159,1
189,157,0
177,181,0
182,183,0
180,182,0
155,181,0
170,159,0
164,160,0
174,161,0
156,173,0
170,166,0
175,171,0
161,177,0
194,168,0
178,185,0
164,167,0
176,191,0
170,182,0
161,151,0
154,176,0
173,173,0
154,167,0
183,178,0
154,176,0
175,189,0
167,169,0
183,185,0
145,170,0
186,160,0
157,170,0
175,188,0
170,181,0
181,152,0
161,189,0
186,181,0
183,169,0
181,185,0
192,179,0
178,163,0
168,184,0
162,169,0
155,161,0
160,158,0
178,179,0
153,155,0
168,146,0
163,158,0
186,178,0
165,188,0
188,184,0
171,152,0
169,148,0
172,145,0
168,162,0
164,164,0
152,177,0
174,181,0
186,160,0
146,165,0
179,178,0
158,191,0
192,160,0
165,189,0
163,161,0
162,181,0
181,153,0
187,187,0
153,160,0
168,180,0
145,167,0
168,170,0
157,169,0
156,159,0
154,174,0
175,155,0
159,179,0
156,156,0
189,168,0
151,157,0
185,163,0
154,163,0
178,188,0
178,154,0
189,155,0
189,184,0
172,181,0
173,173,0
164,154,0
161,157,0
175,177,0
152,156,0
164,189,0
158,149,0
172,173,0
184,162,0
193,161,0
153,183,0
172,148,0
155,164,0
160,188,0
164,157,0
181,192,0
174,163,0
173,190,0
158,175,0
162,188,0
151,185,0
183,184,0
165,185,0
151,172,0
150,159,0
177,168,0
145,169,0
184,174,0
152,163,0
189,178,0
156,175,0
149,172,0
156,181,0
148,163,0
177,189,0
182,185,0
189,160,0
164,176,0
163,178,0
167,154,0
152,167,0
158,165,0
180,172,0
175,193,0
190,167,0
174,165,0
185,159,0
159,184,0
183,163,0
161,186,0
165,194,0
165,150,0
186,155,0
159,179,0
185,172,0
162,182,0
182,151,0
165,164,0
181,170,0
190,180,0
162,172,0
166,165,0
187,155,0
160,153,0
148,169,0
157,185,0
179,188,0
152,173,0
186,163,0
169,174,0
176,192,0
149,168,0
155,180,0
166,173,0
181,166,0
166,149,0
165,154,0
176,156,0
187,165,0
175,149,0
182,185,0
153,153,0
159,162,0
157,156,0
183,180,0
166,192,0
174,161,0
185,167,0
177,149,0
161,178,0
169,151,0
177,151,0
188,178,0
156,159,0
151,170,0
183,158,0
155,150,0
147,172,0
192,179,0
169,172,0
171,160,0
186,154,0
190,165,0
153,168,0
178,163,0
154,179,0
173,145,0
164,178,0
170,178,0
179,175,0
156,184,0
183,150,0
188,181,0
171,189,0
184,173,0
147,171,0
160,157,0
176,187,0
171,183,0
188,153,0
172,190,0
159,162,0
163,189,0
189,154,0
163,158,0
176,190,0
175,169,0
151,166,0
179,164,0
157,166,0
177,158,0
153,179,0
172,178,0
160,182,0
179,149,0
167,153,0
189,170,0
156,154,0
172,176,0
167,194,0
170,156,0
154,163,0
162,181,0
150,174,0
171,191,0
161,155,0
168,173,0
146,168,0
148,180,0
177,149,0
160,162,0
185,167,0
182,169,0
155,180,0
194,166,0
164,185,0
187,179,0
178,175,0
158,170,0
146,167,0
179,161,0
163,159,0
168,193,0
182,158,0
157,178,0
179,-172,1
165,-157,1
169,-153,1
154,-155,1
178,-185,1
160,-168,1
177,-167,1
177,-192,1
185,-188,1
154,-172,1
194,-173,1
163,-177,1
170,-151,1
163,-181,1
169,-165,1
147,-161,1
175,-189,1
185,-169,1
173,-186,1
148,-162,1
166,-170,1
169,-189,1
168,-158,1
161,-148,1
181,-155,1
163,-193,1
156,-152,1
150,-171,1
161,-156,1
164,-165,1
175,-163,1
173,-157,1
153,-161,1
187,-169,1
155,-168,1
175,-180,1
182,-178,1
182,-173,1
148,-167,1
185,-188,1
145,-167,1
176,-178,1
173,-173,1
183,-171,1
170,-192,1
164,-148,1
164,-168,1
158,-170,1
175,-185,1
168,-151,1
177,-170,1
158,-186,1
176,-190,1
179,-160,1
178,-174,1
169,-164,1
175,-153,1
177,-156,1
151,-185,1
171,-161,1
167,-149,1
169,-176,1
146,-167,1
173,-178,1
169,-162,1
170,-178,1
160,-178,1
185,-176,1
159,-167,1
186,-158,1
147,-166,1
169,-154,1
161,-181,1
191,-166,1
170,-155,1
151,-157,1
161,-180,1
184,-189,1
156,-152,1
167,-172,1
182,-154,1
151,-154,1
184,-155,1
184,-189,1
184,-183,1
169,-146,1
164,-162,1
163,-167,1
155,-151,1
156,-161,1
163,-193,1
165,-171,1
157,-187,1
194,-172,1
155,-168,1
190,-174,1
175,-185,1
179,-156,1
163,-148,1
186,-185,1
152,-170,1
178,-166,1
171,-186,1
172,-154,1
170,-160,1
192,-181,1
175,-148,1
184,-155,1
161,-158,1
186,-161,1
149,-164,1
162,-154,1
179,-172,1
156,-157,1
173,-187,1
155,-177,1
187,-167,1
192,-178,1
155,-172,1
165,-182,1
192,-172,1
185,-166,1
157,-170,1
153,-181,1
167,-158,1
178,-174,1
170,-194,1
176,-189,1
158,-163,1
183,-168,1
181,-149,1
170,-190,1
171,-145,1
182,-189,1
160,-183,1
172,-151,1
152,-175,1
149,-160,1
152,-156,1
152,-175,1
162,-193,1
150,-160,1
194,-174,1
165,-188,1
152,-180,1
179,-151,1
166,-184,1
149,-163,1
164,-147,1
159,-176,1
179,-192,1
191,-162,1
185,-177,1
160,-164,1
150,-176,1
165,-194,1
179,-160,1
170,-155,1
150,-182,1
162,-172,1
185,-166,1
171,-183,1
172,-145,1
177,-185,1
181,-156,1
178,-166,1
156,-177,1
163,-158,1
161,-148,1
182,-153,1
155,-177,1
153,-170,1
162,-168,1
168,-176,1
160,-160,1
174,-193,1
182,-190,1
177,-174,1
184,-175,1
180,-147,1
173,-179,1
177,-185,1
183,-154,1
156,-185,1
158,-152,1
169,-146,1
165,-171,1
183,-182,1
148,-172,1
180,-181,1
147,-165,1
161,-165,1
167,-154,1
177,-146,1
186,-155,1
161,-176,1
162,-168,1
189,-156,1
171,-186,1
152,-187,1
189,-159,1
172,-164,1
184,-189,1
182,-185,1
172,-151,1
185,-152,1
164,-183,1
189,-183,1
158,-150,1
190,-177,1
148,-175,1
183,-162,1
173,-166,1
192,-172,1
151,-173,1
184,-179,1
149,-168,1
149,-169,1
180,-174,1
184,-165,1
166,-159,1
190,-168,1
180,-177,1
163,-173,1
146,-172,1
160,-148,1
160,-190,1
164,-148,1
159,-189,1
178,-164,1
179,-185,1
172,-180,1
163,-189,1
161,-165,1
159,-174,1
152,-167,1
164,-188,1
161,-184,1
185,-184,1
179,-180,1
155,-184,1
192,-174,1
183,-183,1
174,-182,1
183,-187,1
163,-180,1
164,-155,1
174,-170,1
166,-155,1
155,-154,1
-168,-169,0
-170,-161,0
-166,-180,0
-184,-159,0
-152,-179,0
-153,-170,0
-166,-193,0
-168,-145,0
-159,-161,0
-152,-181,0
-171,-194,0
-159,-177,0
-161,-184,0
-192,-166,0
-161,-154,0
-178,-178,0
-163,-192,0
-152,-166,0
-148,-180,0
-170,-157,0
-185,-176,0
-169,-185,0
-183,-185,0
-167,-194,0
-148,-175,0
-185,-189,0
-155,-184,0
-171,-166,0
-155,-164,0
-153,-152,0
-167,-171,0
-178,-181,0
-180,-163,0
-150,-161,0
-170,-148,0
-168,-168,0
-162,-158,0
-182,-163,0
-157,-155,0
-168,-177,0
-170,-182,0
-185,-153,0
-185,-161,0
-172,-177,0
-170,-153,0
-166,-176,0
-165,-181,0
-170,-194,0
-163,-187,0
-193,-164,0
-157,-157,0
-184,-150,0
-163,-173,0
-156,-163,0
-160,-164,0
-167,-151,0
-182,-180,0
-179,-151,0
-161,-186,0
-149,-173,0
-147,-167,0
-160,-192,0
-172,-152,0
-187,-154,0
-182,-164,0
-145,-167,0
-156,-161,0
-164,-189,0
-156,-168,0
-157,-174,0
-172,-150,0
-191,-182,0
-191,-165,0
-185,-185,0
-158,-183,0
-146,-173,0
-164,-182,0
-175,-155,0
-160,-175,0
-183,-173,0
-175,-184,0
-151,-165,0
-172,-151,0
-184,-164,0
-184,-156,0
-194,-172,0
-156,-183,0
-183,-161,0
-165,-183,0
-170,-169,0
-150,-183,0
-158,-151,0
-181,-170,0
-159,-163,0
-164,-158,0
-180,-191,0
-148,-160,0
-176,-166,0
-171,-168,0
-184,-184,0
-157,-174,0
-151,-174,0
-160,-174,0
-170,-192,0
-172,-179,0
-163,-187,0
-171,-192,0
-190,-181,0
-155,-188,0
-155,-174,0
-172,-162,0
-176,-154,0
-165,-146,0
-172,-192,0
-155,-183,0
-166,-188,0
-183,-186,0
-176,-174,0
-162,-174,0
-177,-166,0
-155,-176,0
-187,-152,0
-186,-155,0
-151,-164,0
-164,-153,0
-187,-154,0
-188,-182,0
-189,-176,0
-182,-178,0
-166,-180,0
-159,-163,0
-145,-169,0
-181,-161,0
-186,-155,0
-171,-154,0
-175,-186,0
-184,-184,0
-146,-174,0
-148,-162,0
-157,-191,0
-154,-158,0
-155,-156,0
-184,-172,0
-167,-189,0
-184,-187,0
-181,-156,0
-155,-186,0
-162,-168,0
-186,-157,0
-174,-162,0
-160,-156,0
-179,-169,0
-176,-184,0
-164,-186,0
-177,-166,0
-161,-158,0
-177,-160,0
-167,-163,0
-171,-162,0
-146,-168,0
-181,-166,0
-170,-155,0
-173,-184,0
-190,-166,0
-166,-166,0
-173,-167,0
-162,-156,0
-150,-171,0
-163,-185,0
-166,-171,0
-188,-182,0
-177,-152,0
-193,-163,0
-155,-158,0
-164,-153,0
-179,-156,0
-188,-165,0
-152,-170,0
-186,-182,0
-158,-189,0
-170,-172,0
-187,-158,0
-190,-162,0
-175,-166,0
-188,-156,0
-193,-178,0
-185,-188,0
-164,-193,0
-147,-162,0
-169,-152,0
-165,-148,0
-186,-170,0
-169,-154,0
-163,-191,0
-187,-185,0
-177,-169,0
-169,-190,0
-178,-172,0
-170,-179,0
-178,-161,0
-157,-186,0
-166,-172,0
-162,-185,0
-153,-178,0
-159,-191,0
-168,-191,0
-187,-176,0
-172,-146,0
-191,-168,0
-148,-177,0
-177,-175,0
-184,-166,0
-165,-156,0
-179,-160,0
-188,-169,0
-173,-177,0
-165,-187,0
-147,-174,0
-169,-187,0
-152,-178,0
-173,-160,0
-150,-177,0
-147,-163,0
-184,-161,0
-178,-192,0
-168,-156,0
-147,-177,0
-166,-165,0
-182,-172,0
-177,-168,0
-183,-164,0
-167,-192,0
-163,-175,0
-160,-177,0
-153,-186,0
-183,-162,0
-149,-159,0
-180,-176,0
-158,-160,0
-165,-177,0
-179,-171,0
-169,-156,0
-155,-181,0
-182,-165,0
-148,-177,0
-184,-171,0
-152,-184,0
-166,-170,0
-161,-183,0
-149,-177,0
