-184,150,1
-193,163,1
-161,156,1
-184,181,1
-155,156,1
-179,153,1
-180,168,1
-169,170,1
-169,172,1
-182,173,1
-164,185,1
-175,183,1
-160,184,1
-189,155,1
-191,176,1
-169,147,1
-162,160,1
-157,150,1
-186,167,1
-169,157,1
-160,176,1
-146,162,1
-157,150,1
-179,176,1
-169,147,1
-150,171,1
-156,173,1
-159,165,1
-183,171,1
-179,191,1
-178,165,1
-187,179,1
-178,165,1
-164,146,1
-172,156,1
-158,180,1
-181,160,1
-181,163,1
-151,174,1
-190,159,1
-185,152,1
-181,153,1
-163,182,1
-173,170,1
-190,181,1
-172,167,1
-151,185,1
-159,190,1
-155,166,1
-176,189,1
-182,150,1
-157,176,1
-184,181,1
-158,184,1
-166,179,1
-177,185,1
-160,167,1
-184,169,1
-155,178,1
-160,192,1
-159,185,1
-152,181,1
-171,188,1
-175,186,1
-152,165,1
-170,174,1
-178,147,1
-191,170,1
-156,168,1
-178,156,1
-170,169,1
-162,182,1
-187,169,1
-160,161,1
-165,194,1
-193,178,1
-170,180,1
-178,189,1
-179,161,1
-150,158,1
-183,157,1
-152,183,1
-187,184,1
-184,172,1
-175,167,1
-163,170,1
-166,179,1
-184,152,1
-169,151,1
-191,182,1
-169,192,1
-177,148,1
-145,173,1
-160,163,1
-163,188,1
-162,171,1
-177,163,1
-165,194,1
-186,164,1
-180,183,1
-170,193,1
-154,175,1
-159,149,1
-173,159,1
-163,190,1
-170,172,1
-167,158,1
-158,150,1
-171,175,1
-156,174,1
-155,175,1
-165,183,1
-172,157,1
-175,156,1
-172,159,1
-166,179,1
-177,149,1
-182,189,1
-191,171,1
-163,170,1
-167,154,1
-178,158,1
-189,162,1
-168,184,1
-190,161,1
-168,155,1
-169,147,1
-167,161,1
-191,158,1
-151,183,1
-172,166,1
-161,182,1
-174,162,1
-180,185,1
-189,172,1
-168,156,1
-170,174,1
-185,155,1
-178,161,1
-159,160,1
-149,169,1
-170,166,1
-163,154,1
-146,174,1
-151,176,1
-158,175,1
-193,165,1
-174,183,1
-150,181,1
-157,175,1
-191,169,1
-190,181,1
-188,182,1
-146,163,1
-184,173,1
-151,168,1
-166,145,1
-157,163,1
-176,189,1
-165,169,1
-189,183,1
-161,165,1
-180,188,1
-191,172,1
-165,193,1
-194,164,1
-162,191,1
-184,188,1
-190,177,1
-148,161,1
-154,181,1
-173,175,1
-172,193,1
-154,169,1
-192,166,1
-181,151,1
-152,184,1
-172,167,1
-156,164,1
-162,150,1
-182,168,1
-152,171,1
-158,153,1
-167,184,1
-161,176,1
-159,170,1
-179,184,1
-170,194,1
-183,173,1
-166,183,1
-150,159,1
-159,185,1
-148,173,1
-160,167,1
-191,172,1
-180,171,1
-174,180,1
-190,165,1
-149,174,1
-165,165,1
-176,193,1
-181,183,1
-151,169,1
-176,154,1
-184,169,1
-158,158,1
-157,162,1
-168,176,1
-151,154,1
-154,172,1
-182,153,1
-173,188,1
-177,165,1
-159,174,1
-169,153,1
-189,178,1
-164,185,1
-164,149,1
-161,163,1
-147,169,1
-191,169,1
-180,182,1
-177,190,1
-185,172,1
-162,177,1
-165,192,1
-178,184,1
-176,186,1
-159,152,1
-168,165,1
-188,171,1
-169,174,1
-161,165,1
-183,179,1
-155,189,1
-159,156,1
-179,166,1
-165,191,1
-177,159,1
-189,157,1
-156,189,1
-160,167,1
-169,146,1
-161,160,1
-163,187,1
-160,173,1
-168,157,1
-174,176,1
-166,156,1
-168,152,1
151,156,0
161,152,0
148,159,0
151,161,0
169,190,0
161,186,0
174,181,0
170,172,0
190,174,0
181,164,0
164,181,0
154,163,0
167,178,0
183,149,0
177,185,0
185,159,0
150,182,0
182,171,0
158,169,0
183,162,0
169,172,0
180,180,0
166,164,0
153,162,0
173,159,0
149,167,0
147,165,0
184,179,0
162,172,0
165,165,0
154,166,0
165,173,0
151,185,0
162,174,0
160,188,0
191,166,0
194,164,0
177,174,0
149,170,0
151,164,0
148,172,0
154,175,0
183,183,0
180,181,0
167,163,0
185,153,0
182,158,0
176,153,0
158,162,0
171,160,0
160,152,0
179,186,0
189,163,0
163,179,0
170,182,0
186,159,0
184,184,0
163,164,0
182,171,0
155,167,0
147,178,0
169,188,0
173,153,0
158,186,0
155,158,0
167,167,0
161,154,0
153,175,0
184,178,0
174,181,0
173,172,0
148,158,0
187,171,0
175,171,0
184,175,0
186,186,0
191,159,0
155,150,0
182,185,0
151,165,0
172,176,0
184,152,0
169,161,0
185,163,0
171,156,0
184,163,0
170,172,0
171,148,0
151,164,0
186,177,0
156,156,0
184,179,0
190,157,0
162,188,0
175,165,0
189,176,0
157,158,0
165,175,0
190,176,0
167,155,0
184,185,0
181,170,0
173,161,0
180,171,0
170,183,0
169,185,0
176,158,0
192,177,0
159,183,0
186,183,0
153,184,0
176,177,0
175,147,0
171,158,0
156,162,0
159,182,0
176,153,0
161,178,0
171,191,0
190,164,0
157,156,0
158,173,0
185,182,0
189,171,0
162,160,0
175,168,0
182,162,0
173,190,0
150,166,0
190,180,0
180,154,0
184,167,0
145,167,0
151,164,0
175,170,0
164,149,0
166,181,0
156,190,0
173,176,0
163,170,0
182,173,0
178,159,0
172,176,0
174,190,0
173,163,0
150,172,0
173,161,0
167,179,0
170,155,0
185,157,0
182,183,0
150,175,0
151,157,0
149,156,0
176,183,0
171,172,0
182,187,0
166,146,0
177,174,0
166,167,0
152,186,0
180,150,0
192,171,0
193,174,0
194,170,0
164,174,0
177,184,0
166,190,0
174,177,0
155,170,0
174,146,0
172,164,0
184,160,0
155,154,0
178,159,0
165,188,0
159,150,0
171,155,0
167,152,0
162,151,0
168,166,0
182,156,0
175,178,0
162,188,0
160,175,0
178,171,0
178,175,0
185,182,0
177,190,0
173,155,0
162,191,0
186,152,0
176,186,0
171,181,0
153,178,0
194,174,0
193,162,0
161,182,0
149,177,0
166,155,0
165,153,0
171,175,0
178,187,0
173,162,0
188,163,0
188,163,0
148,174,0
166,177,0
170,163,0
180,184,0
181,178,0
166,145,0
174,185,0
163,185,0
180,175,0
173,187,0
161,191,0
179,191,0
191,172,0
154,171,0
148,173,0
167,185,0
188,165,0
170,149,0
181,150,0
171,161,0
179,182,0
155,160,0
177,163,0
166,156,0
159,148,0
155,157,0
153,172,0
192,169,0
149,162,0
166,177,0
152,158,0
173,166,0
170,155,0
173,157,0
185,151,0
159,165,0
186,173,0
166,176,0
156,159,0
166,175,0
151,174,0
180,192,0
155,183,0
157,179,0
153,-171,1
183,-154,1
188,-156,1
169,-150,1
161,-177,1
163,-147,1
181,-171,1
160,-182,1
153,-167,1
191,-175,1
162,-192,1
167,-182,1
155,-155,1
179,-186,1
155,-159,1
167,-171,1
152,-167,1
146,-172,1
161,-187,1
160,-148,1
150,-163,1
168,-153,1
182,-188,1
167,-154,1
156,-155,1
185,-155,1
165,-168,1
183,-164,1
175,-148,1
187,-180,1
190,-164,1
162,-162,1
169,-188,1
173,-167,1
157,-185,1
183,-188,1
158,-189,1
187,-161,1
176,-148,1
187,-187,1
162,-159,1
169,-184,1
166,-165,1
179,-165,1
155,-174,1
179,-150,1
193,-167,1
180,-177,1
179,-192,1
164,-150,1
158,-189,1
174,-152,1
160,-147,1
163,-159,1
184,-153,1
173,-172,1
172,-162,1
191,-158,1
154,-182,1
178,-162,1
189,-163,1
178,-148,1
154,-170,1
176,-158,1
191,-169,1
176,-159,1
170,-160,1
158,-174,1
162,-150,1
168,-172,1
167,-160,1
162,-154,1
189,-156,1
166,-150,1
179,-183,1
183,-164,1
172,-150,1
162,-180,1
172,-182,1
168,-157,1
176,-158,1
156,-175,1
145,-166,1
165,-167,1
184,-182,1
184,-174,1
186,-183,1
155,-157,1
164,-160,1
169,-171,1
177,-153,1
174,-170,1
191,-161,1
177,-185,1
185,-187,1
172,-182,1
174,-183,1
146,-168,1
183,-183,1
177,-183,1
171,-161,1
161,-171,1
159,-185,1
162,-167,1
191,-171,1
163,-154,1
154,-164,1
153,-177,1
158,-187,1
167,-176,1
167,-176,1
150,-180,1
157,-190,1
158,-191,1
161,-179,1
174,-186,1
185,-151,1
176,-156,1
186,-164,1
182,-185,1
184,-173,1
173,-182,1
175,-193,1
164,-163,1
172,-171,1
161,-175,1
178,-154,1
149,-173,1
152,-180,1
190,-169,1
158,-170,1
175,-188,1
186,-161,1
172,-149,1
176,-148,1
184,-170,1
182,-152,1
169,-164,1
171,-173,1
158,-158,1
192,-159,1
168,-164,1
150,-164,1
149,-173,1
161,-179,1
160,-182,1
175,-173,1
154,-166,1
155,-151,1
162,-164,1
163,-176,1
166,-177,1
154,-180,1
183,-154,1
156,-183,1
158,-187,1
167,-163,1
152,-170,1
165,-171,1
185,-171,1
190,-184,1
173,-145,1
175,-194,1
183,-157,1
170,-150,1
169,-167,1
182,-154,1
159,-169,1
192,-181,1
173,-150,1
194,-173,1
164,-193,1
154,-161,1
184,-181,1
192,-165,1
172,-164,1
166,-146,1
172,-158,1
183,-167,1
167,-175,1
191,-162,1
183,-187,1
183,-180,1
179,-166,1
149,-159,1
154,-155,1
152,-168,1
145,-169,1
170,-172,1
165,-182,1
191,-179,1
157,-149,1
157,-191,1
174,-165,1
172,-153,1
181,-179,1
169,-190,1
166,-193,1
190,-160,1
170,-166,1
159,-169,1
182,-160,1
158,-148,1
185,-156,1
173,-161,1
162,-158,1
176,-185,1
159,-154,1
169,-191,1
163,-187,1
171,-162,1
161,-158,1
150,-185,1
171,-171,1
170,-177,1
161,-175,1
164,-181,1
152,-170,1
172,-162,1
188,-166,1
166,-158,1
169,-189,1
170,-157,1
149,-159,1
159,-187,1
171,-193,1
191,-175,1
165,-188,1
158,-151,1
172,-185,1
151,-157,1
183,-152,1
178,-166,1
183,-174,1
150,-177,1
176,-170,1
188,-171,1
161,-169,1
167,-174,1
149,-166,1
163,-165,1
193,-177,1
188,-159,1
175,-160,1
189,-176,1
178,-163,1
161,-150,1
167,-178,1
180,-164,1
168,-171,1
-153,-185,0
-154,-178,0
-185,-157,0
-170,-176,0
-159,-190,0
-183,-176,0
-179,-166,0
-179,-172,0
-152,-154,0
-160,-172,0
-168,-193,0
-163,-171,0
-165,-160,0
-179,-179,0
-178,-177,0
-179,-188,0
-179,-178,0
-189,-158,0
-148,-169,0
-169,-152,0
-174,-176,0
-168,-146,0
-175,-186,0
-153,-159,0
-152,-163,0
-156,-166,0
-167,-146,0
-163,-182,0
-154,-156,0
-191,-167,0
-165,-152,0
-152,-178,0
-193,-171,0
-162,-154,0
-171,-183,0
-181,-192,0
-177,-188,0
-170,-171,0
-151,-169,0
-168,-179,0
-161,-154,0
-149,-181,0
-159,-183,0
-152,-157,0
-169,-185,0
-171,-192,0
-174,-147,0
-171,-192,0
-179,-153,0
-153,-166,0
-177,-163,0
-174,-153,0
-154,-172,0
-180,-161,0
-178,-162,0
-179,-150,0
-165,-154,0
-168,-180,0
-167,-172,0
-182,-175,0
-170,-183,0
-163,-187,0
-189,-164,0
-154,-177,0
-176,-169,0
-180,-161,0
-170,-154,0
-176,-192,0
-178,-166,0
-183,-168,0
-180,-176,0
-160,-152,0
-184,-150,0
-182,-174,0
-183,-164,0
-182,-169,0
-177,-157,0
-164,-170,0
-161,-176,0
-174,-187,0
-164,-185,0
-186,-175,0
-171,-183,0
-164,-188,0
-168,-148,0
-174,-188,0
-188,-176,0
-149,-158,0
-168,-151,0
-172,-190,0
-179,-176,0
-172,-185,0
-151,-175,0
-177,-184,0
-187,-160,0
-192,-165,0
-181,-159,0
-170,-150,0
-147,-168,0
-168,-192,0
-179,-180,0
-185,-154,0
-148,-160,0
-158,-180,0
-172,-167,0
-168,-160,0
-161,-166,0
-181,-190,0
-175,-190,0
-177,-175,0
-166,-158,0
-168,-165,0
-177,-151,0
-189,-183,0
-155,-185,0
-155,-177,0
-158,-162,0
-147,-173,0
-173,-175,0
-160,-171,0
-171,-167,0
-161,-167,0
-166,-165,0
-172,-151,0
-176,-167,0
-175,-177,0
-183,-160,0
-170,-186,0
-189,-176,0
-163,-177,0
-177,-164,0
-168,-172,0
-160,-185,0
-191,-176,0
-159,-164,0
-178,-172,0
-173,-171,0
-167,-194,0
-160,-191,0
-186,-174,0
-164,-166,0
-187,-186,0
-194,-167,0
-169,-152,0
-154,-160,0
-150,-180,0
-175,-160,0
-166,-163,0
-148,-159,0
-151,-155,0
-187,-187,0
-189,-182,0
-174,-154,0
-151,-181,0
-150,-171,0
-184,-151,0
-156,-178,0
-147,-168,0
-163,-187,0
-176,-173,0
-160,-191,0
-156,-181,0
-176,-193,0
-184,-157,0
-154,-167,0
-153,-162,0
-180,-162,0
-162,-170,0
-161,-192,0
-151,-160,0
-153,-155,0
-172,-157,0
-177,-176,0
-175,-151,0
-189,-168,0
-168,-171,0
-149,-172,0
-182,-174,0
-149,-157,0
-193,-178,0
-171,-176,0
-154,-172,0
-174,-192,0
-184,-162,0
-194,-166,0
-151,-168,0
-191,-181,0
-166,-168,0
-153,-152,0
-155,-158,0
-168,-150,0
-148,-178,0
-182,-164,0
-157,-183,0
-165,-193,0
-172,-179,0
-167,-156,0
-158,-174,0
-152,-175,0
-178,-156,0
-169,-192,0
-185,-188,0
-169,-184,0
-149,-183,0
-178,-168,0
-150,-168,0
-172,-176,0
-181,-165,0
-151,-184,0
-171,-182,0
-167,-191,0
-167,-193,0
-147,-172,0
-186,-181,0
-162,-149,0
-181,-173,0
-166,-174,0
-190,-161,0
-171,-193,0
-177,-170,0
-164,-169,0
-152,-165,0
-169,-191,0
-167,-151,0
-173,-190,0
-183,-160,0
-174,-180,0
-162,-162,0
-178,-159,0
-149,-169,0
-153,-165,0
-179,-167,0
-182,-150,0
-190,-172,0
-170,-151,0
-167,-172,0
-164,-164,0
-183,-167,0
-149,-183,0
-164,-173,0
-156,-160,0
-190,-166,0
-176,-185,0
-163,-175,0
-175,-161,0
-167,-169,0
-175,-158,0
-185,-164,0
-194,-164,0
-175,-162,0
