-176,161,1
-171,174,1
-169,182,1
-151,163,1
-150,162,1
-154,181,1
-156,178,1
-165,186,1
-158,172,1
-168,171,1
-155,184,1
-143,166,1
-180,178,1
-183,156,1
-185,166,1
-160,160,1
-150,146,1
-151,152,1
-163,157,1
-142,153,1
-146,158,1
-165,186,1
-147,146,1
-160,139,1
-170,160,1
-144,166,1
-150,176,1
-150,165,1
-143,163,1
-155,151,1
-177,165,1
-179,170,1
-149,174,1
-142,155,1
-153,165,1
-152,151,1
-148,180,1
-162,162,1
-175,169,1
-149,156,1
-184,159,1
-157,153,1
-171,142,1
-149,164,1
-152,185,1
-176,165,1
-173,159,1
-171,143,1
-140,173,1
-187,159,1
-138,162,1
-173,157,1
-160,178,1
-145,177,1
-138,165,1
-157,177,1
-156,157,1
-177,161,1
-159,176,1
-167,187,1
-171,167,1
-146,149,1
-151,144,1
-161,151,1
-165,142,1
-154,179,1
-161,176,1
-144,157,1
-165,184,1
-152,146,1
-161,168,1
-170,140,1
-151,165,1
-144,151,1
-145,157,1
-144,174,1
-154,183,1
-173,177,1
-169,156,1
-177,157,1
-149,181,1
-164,151,1
-168,146,1
-157,158,1
-150,159,1
-163,168,1
-172,169,1
-141,157,1
-174,145,1
-166,178,1
-153,181,1
-185,167,1
-151,154,1
-168,144,1
-144,151,1
-153,182,1
-146,177,1
-165,139,1
-162,178,1
-172,164,1
-162,163,1
-150,163,1
-168,146,1
-153,172,1
-171,183,1
-164,181,1
-165,163,1
-148,152,1
-147,150,1
-162,141,1
-187,164,1
-147,177,1
-146,149,1
-143,148,1
-148,150,1
-174,178,1
-146,154,1
-179,160,1
-161,162,1
-155,151,1
-175,155,1
-162,183,1
-148,155,1
-165,151,1
-164,141,1
-161,169,1
-167,177,1
-150,144,1
-156,185,1
-141,159,1
-177,149,1
-166,167,1
-185,171,1
-158,165,1
-151,168,1
-141,173,1
-142,164,1
-165,167,1
-160,139,1
-146,145,1
-158,180,1
-180,171,1
-174,161,1
-156,144,1
-152,184,1
-152,161,1
-159,172,1
-170,149,1
-180,164,1
-142,162,1
-167,146,1
-140,163,1
-175,148,1
-174,184,1
-162,148,1
-167,139,1
-175,160,1
-175,177,1
-185,157,1
-143,158,1
-175,147,1
-176,171,1
-169,153,1
-159,153,1
-154,185,1
-138,159,1
-185,161,1
-145,180,1
-167,144,1
-155,164,1
-144,172,1
-182,165,1
-179,178,1
-153,174,1
-164,148,1
-151,169,1
-147,165,1
-161,156,1
-166,180,1
-138,161,1
-172,177,1
-172,145,1
-140,157,1
-160,181,1
-145,152,1
-169,177,1
-164,166,1
-171,178,1
-163,173,1
-167,144,1
-163,151,1
-172,172,1
-170,139,1
-164,143,1
-159,186,1
-169,153,1
-141,155,1
-155,139,1
-153,175,1
-150,143,1
-174,170,1
-170,148,1
-143,161,1
-180,171,1
-177,156,1
-173,160,1
-157,144,1
-162,166,1
-158,156,1
-146,147,1
-170,167,1
-186,160,1
-145,150,1
-162,158,1
-154,171,1
-174,164,1
-177,159,1
-182,166,1
-165,180,1
-167,170,1
-157,171,1
-167,152,1
-169,185,1
-173,145,1
-144,172,1
-160,174,1
-145,170,1
-181,163,1
-151,159,1
-141,158,1
-174,155,1
-157,168,1
-147,162,1
-148,173,1
-172,146,1
-161,154,1
-151,169,1
-147,168,1
-146,163,1
-179,153,1
-138,162,1
-186,166,1
-164,147,1
-147,179,1
-139,164,1
-142,164,1
-139,155,1
-172,161,1
-156,171,1
-185,173,1
166,154,0
180,149,0
167,150,0
164,182,0
180,147,0
155,165,0
144,174,0
154,166,0
149,147,0
146,164,0
152,150,0
160,150,0
171,155,0
156,168,0
174,152,0
147,182,0
140,164,0
162,172,0
145,177,0
167,157,0
174,159,0
157,142,0
163,186,0
149,165,0
142,149,0
173,175,0
149,153,0
161,165,0
166,164,0
167,151,0
186,157,0
141,161,0
138,159,0
166,164,0
161,157,0
185,155,0
179,163,0
150,155,0
143,159,0
180,161,0
139,155,0
169,177,0
181,162,0
165,150,0
185,162,0
152,179,0
173,159,0
168,184,0
161,178,0
156,160,0
144,157,0
147,178,0
165,170,0
170,186,0
167,145,0
164,160,0
148,148,0
144,175,0
184,172,0
146,153,0
157,173,0
161,145,0
161,160,0
172,181,0
176,168,0
162,139,0
160,139,0
163,166,0
165,148,0
163,161,0
159,144,0
184,156,0
174,165,0
160,164,0
142,152,0
168,184,0
156,161,0
165,168,0
156,152,0
168,182,0
175,156,0
166,140,0
143,148,0
162,149,0
143,162,0
171,176,0
178,152,0
174,151,0
151,171,0
161,165,0
171,169,0
150,155,0
156,154,0
163,167,0
163,142,0
150,157,0
139,162,0
158,141,0
165,166,0
168,165,0
146,150,0
167,159,0
153,170,0
145,159,0
140,155,0
167,187,0
169,165,0
184,169,0
159,150,0
180,158,0
159,149,0
172,158,0
179,149,0
153,170,0
184,152,0
166,151,0
179,163,0
142,176,0
153,147,0
151,183,0
157,147,0
173,156,0
145,173,0
156,153,0
179,177,0
156,169,0
147,177,0
159,187,0
142,172,0
140,155,0
169,140,0
174,142,0
159,158,0
174,142,0
164,177,0
158,174,0
159,178,0
144,160,0
181,151,0
176,159,0
156,167,0
156,142,0
161,174,0
154,158,0
142,160,0
183,165,0
166,171,0
166,166,0
169,147,0
144,147,0
166,140,0
158,186,0
176,148,0
178,150,0
157,151,0
145,151,0
141,175,0
155,159,0
160,158,0
167,165,0
158,149,0
182,172,0
153,151,0
171,155,0
172,160,0
148,168,0
139,156,0
163,162,0
161,181,0
147,149,0
145,171,0
178,181,0
151,162,0
157,180,0
158,182,0
141,167,0
142,175,0
176,174,0
171,149,0
158,172,0
146,156,0
147,156,0
184,161,0
142,168,0
165,185,0
141,174,0
166,172,0
149,147,0
171,178,0
143,173,0
180,155,0
180,173,0
145,154,0
165,161,0
161,180,0
151,176,0
152,159,0
169,149,0
180,160,0
154,163,0
164,182,0
150,178,0
150,175,0
140,154,0
150,184,0
185,165,0
184,164,0
158,139,0
163,182,0
159,178,0
157,145,0
147,170,0
144,166,0
169,161,0
167,151,0
165,183,0
179,170,0
170,177,0
163,174,0
140,165,0
170,186,0
146,174,0
158,187,0
160,179,0
155,174,0
165,162,0
175,170,0
146,168,0
156,161,0
149,148,0
173,165,0
164,179,0
176,166,0
147,148,0
176,170,0
164,151,0
172,164,0
159,185,0
146,147,0
146,155,0
154,143,0
142,160,0
143,159,0
155,175,0
158,141,0
152,152,0
144,177,0
157,184,0
155,161,0
180,178,0
164,-149,1
165,-166,1
153,-178,1
147,-156,1
173,-161,1
149,-182,1
177,-181,1
167,-161,1
169,-143,1
165,-169,1
173,-170,1
178,-165,1
173,-159,1
176,-174,1
171,-178,1
170,-156,1
170,-170,1
165,-174,1
178,-180,1
148,-145,1
165,-161,1
150,-170,1
165,-150,1
154,-153,1
168,-150,1
162,-185,1
175,-165,1
169,-140,1
167,-181,1
162,-165,1
143,-178,1
179,-148,1
145,-157,1
146,-149,1
155,-151,1
140,-158,1
166,-153,1
150,-143,1
145,-161,1
165,-138,1
174,-161,1
166,-154,1
173,-161,1
177,-144,1
167,-178,1
154,-155,1
154,-159,1
174,-147,1
154,-182,1
179,-178,1
147,-171,1
163,-184,1
172,-165,1
163,-153,1
185,-168,1
145,-153,1
159,-176,1
187,-162,1
156,-146,1
164,-166,1
154,-161,1
155,-159,1
176,-180,1
158,-172,1
164,-181,1
144,-158,1
140,-173,1
180,-173,1
141,-157,1
147,-163,1
144,-157,1
139,-156,1
157,-155,1
158,-159,1
173,-175,1
146,-171,1
142,-172,1
150,-167,1
170,-164,1
178,-171,1
142,-162,1
163,-175,1
157,-151,1
174,-152,1
155,-186,1
176,-150,1
147,-179,1
138,-160,1
169,-154,1
182,-166,1
179,-167,1
160,-143,1
164,-179,1
160,-171,1
185,-157,1
173,-140,1
143,-156,1
166,-139,1
164,-152,1
150,-181,1
157,-151,1
142,-152,1
170,-173,1
181,-152,1
145,-149,1
163,-176,1
175,-175,1
180,-161,1
174,-167,1
170,-170,1
152,-170,1
178,-149,1
177,-159,1
178,-159,1
177,-150,1
139,-155,1
169,-158,1
154,-146,1
178,-144,1
167,-164,1
164,-176,1
156,-160,1
177,-162,1
145,-152,1
155,-173,1
163,-153,1
148,-180,1
184,-162,1
157,-166,1
178,-143,1
184,-154,1
164,-146,1
150,-142,1
181,-174,1
155,-161,1
155,-181,1
155,-178,1
145,-173,1
168,-160,1
145,-173,1
185,-170,1
167,-179,1
158,-150,1
150,-172,1
159,-182,1
149,-175,1
158,-173,1
152,-162,1
174,-176,1
174,-143,1
155,-159,1
168,-178,1
150,-154,1
182,-154,1
160,-176,1
154,-183,1
170,-158,1
174,-167,1
157,-164,1
165,-177,1
164,-156,1
164,-161,1
158,-171,1
168,-150,1
138,-159,1
143,-173,1
172,-168,1
164,-148,1
174,-177,1
150,-177,1
163,-140,1
176,-171,1
176,-161,1
175,-149,1
171,-152,1
179,-151,1
171,-178,1
175,-168,1
168,-174,1
147,-156,1
157,-149,1
167,-149,1
166,-184,1
163,-149,1
181,-172,1
161,-173,1
173,-154,1
143,-155,1
162,-170,1
147,-165,1
165,-184,1
169,-157,1
165,-156,1
167,-163,1
163,-139,1
176,-160,1
166,-144,1
157,-152,1
162,-165,1
149,-148,1
168,-141,1
173,-158,1
181,-172,1
175,-146,1
171,-174,1
175,-160,1
151,-157,1
172,-140,1
174,-161,1
168,-179,1
176,-147,1
184,-174,1
156,-165,1
177,-170,1
159,-171,1
171,-145,1
172,-144,1
170,-169,1
140,-163,1
156,-184,1
159,-157,1
151,-178,1
157,-175,1
176,-160,1
156,-169,1
141,-170,1
162,-178,1
179,-154,1
175,-152,1
182,-151,1
175,-180,1
148,-166,1
163,-158,1
151,-164,1
161,-150,1
154,-141,1
156,-178,1
167,-146,1
169,-140,1
163,-148,1
143,-175,1
150,-176,1
166,-155,1
143,-169,1
175,-180,1
171,-175,1
143,-170,1
184,-162,1
158,-179,1
142,-170,1
-180,-155,0
-156,-176,0
-167,-151,0
-154,-165,0
-150,-181,0
-183,-152,0
-176,-142,0
-147,-154,0
-177,-169,0
-145,-163,0
-167,-168,0
-158,-185,0
-163,-185,0
-161,-176,0
-144,-170,0
-138,-159,0
-178,-162,0
-164,-154,0
-153,-155,0
-166,-152,0
-155,-142,0
-173,-179,0
-181,-160,0
-176,-167,0
-150,-158,0
-165,-185,0
-168,-145,0
-155,-151,0
-151,-180,0
-154,-175,0
-142,-170,0
-174,-144,0
-161,-185,0
-168,-155,0
-164,-147,0
-178,-157,0
-177,-151,0
-182,-177,0
-149,-171,0
-184,-161,0
-147,-152,0
-172,-175,0
-173,-169,0
-174,-159,0
-159,-145,0
-162,-144,0
-163,-152,0
-178,-164,0
-170,-186,0
-141,-162,0
-180,-150,0
-167,-176,0
-166,-180,0
-158,-144,0
-163,-158,0
-157,-182,0
-164,-154,0
-178,-180,0
-155,-171,0
-157,-175,0
-160,-167,0
-160,-184,0
-175,-167,0
-178,-182,0
-176,-155,0
-163,-172,0
-153,-161,0
-171,-151,0
-160,-155,0
-153,-159,0
-152,-182,0
-173,-157,0
-175,-159,0
-138,-165,0
-152,-180,0
-177,-146,0
-173,-183,0
-183,-167,0
-163,-174,0
-164,-163,0
-167,-141,0
-168,-161,0
-185,-165,0
-152,-161,0
-153,-151,0
-178,-168,0
-159,-174,0
-159,-180,0
-158,-166,0
-176,-160,0
-161,-162,0
-154,-150,0
-176,-168,0
-177,-163,0
-148,-152,0
-181,-165,0
-165,-171,0
-178,-173,0
-167,-154,0
-171,-160,0
-140,-170,0
-144,-155,0
-151,-162,0
-152,-156,0
-165,-162,0
-154,-186,0
-166,-173,0
-153,-148,0
-145,-151,0
-155,-160,0
-177,-149,0
-159,-148,0
-171,-155,0
-183,-167,0
-151,-167,0
-175,-150,0
-182,-173,0
-180,-150,0
-150,-146,0
-148,-164,0
-173,-141,0
-155,-176,0
-158,-162,0
-173,-170,0
-164,-165,0
-174,-155,0
-154,-182,0
-161,-161,0
-141,-152,0
-149,-179,0
-161,-167,0
-151,-168,0
-165,-145,0
-161,-140,0
-181,-161,0
-152,-148,0
-177,-159,0
-144,-178,0
-167,-160,0
-151,-176,0
-146,-167,0
-152,-158,0
-146,-164,0
-146,-166,0
-163,-141,0
-148,-144,0
-140,-171,0
-169,-140,0
-142,-158,0
-169,-144,0
-153,-166,0
-184,-173,0
-179,-169,0
-160,-177,0
-171,-184,0
-166,-159,0
-179,-178,0
-154,-174,0
-141,-165,0
-166,-173,0
-173,-172,0
-175,-176,0
-174,-169,0
-182,-165,0
-153,-152,0
-163,-174,0
-154,-149,0
-166,-177,0
-141,-172,0
-174,-164,0
-150,-177,0
-171,-186,0
-144,-161,0
-177,-146,0
-168,-143,0
-144,-174,0
-142,-157,0
-154,-161,0
-162,-176,0
-149,-161,0
-178,-174,0
-145,-175,0
-161,-159,0
-145,-155,0
-172,-166,0
-162,-147,0
-178,-177,0
-172,-174,0
-148,-178,0
-176,-149,0
-165,-142,0
-166,-142,0
-160,-152,0
-180,-167,0
-150,-172,0
-171,-157,0
-166,-183,0
-164,-139,0
-149,-180,0
-178,-151,0
-142,-162,0
-178,-144,0
-172,-173,0
-166,-167,0
-157,-162,0
-144,-165,0
-155,-154,0
-180,-163,0
-143,-171,0
-169,-147,0
-168,-172,0
-148,-151,0
-177,-162,0
-164,-163,0
-157,-186,0
-148,-178,0
-152,-179,0
-145,-148,0
-167,-168,0
-175,-143,0
-172,-164,0
-168,-178,0
-151,-155,0
-148,-168,0
-165,-161,0
-172,-154,0
-166,-173,0
-171,-171,0
-170,-185,0
-159,-185,0
-147,-145,0
-156,-158,0
-154,-163,0
-181,-159,0
-170,-146,0
-158,-167,0
-141,-164,0
-170,-161,0
-168,-178,0
-172,-159,0
-161,-175,0
-158,-149,0
-139,-161,0
-156,-147,0
-147,-159,0
-160,-185,0
-167,-169,0
-140,-170,0
-156,-184,0
-158,-169,0
