-186,166,1
-154,156,1
-146,153,1
-156,147,1
-163,152,1
-170,157,1
-169,143,1
-157,185,1
-154,146,1
-175,176,1
-155,154,1
-146,146,1
-176,156,1
-153,168,1
-181,178,1
-163,151,1
-147,173,1
-178,182,1
-169,172,1
-146,164,1
-147,151,1
-140,172,1
-147,161,1
-180,169,1
-175,161,1
-174,177,1
-148,147,1
-157,157,1
-173,149,1
-149,158,1
-181,155,1
-181,170,1
-164,147,1
-162,179,1
-140,171,1
-175,152,1
-175,162,1
-149,152,1
-150,164,1
-141,161,1
-153,160,1
-161,152,1
-172,155,1
-154,169,1
-163,167,1
-179,172,1
-174,180,1
-146,166,1
-151,169,1
-157,186,1
-173,173,1
-158,165,1
-184,165,1
-149,157,1
-175,147,1
-164,152,1
-158,178,1
-153,180,1
-174,165,1
-181,163,1
-159,147,1
-181,146,1
-169,151,1
-142,166,1
-145,152,1
-173,165,1
-152,183,1
-152,142,1
-149,154,1
-176,150,1
-178,145,1
-172,179,1
-180,150,1
-155,168,1
-166,157,1
-164,186,1
-150,145,1
-151,142,1
-146,181,1
-153,147,1
-157,165,1
-162,157,1
-180,169,1
-157,163,1
-161,141,1
-185,167,1
-164,146,1
-171,162,1
-155,146,1
-169,168,1
-180,161,1
-169,171,1
-150,183,1
-172,145,1
-173,158,1
-179,146,1
-175,174,1
-142,162,1
-158,169,1
-171,164,1
-143,164,1
-143,148,1
-161,159,1
-156,171,1
-175,151,1
-157,174,1
-165,167,1
-157,177,1
-151,163,1
-160,145,1
-140,155,1
-175,162,1
-178,143,1
-154,177,1
-155,141,1
-171,174,1
-180,177,1
-157,176,1
-148,153,1
-174,158,1
-163,140,1
-172,172,1
-164,154,1
-156,168,1
-156,175,1
-185,170,1
-143,169,1
-160,185,1
-170,147,1
-170,145,1
-175,164,1
-160,147,1
-159,141,1
-154,181,1
-148,167,1
-186,168,1
-169,182,1
-158,172,1
-161,174,1
-170,165,1
-164,157,1
-165,146,1
-150,153,1
-185,157,1
-147,167,1
-141,158,1
-146,151,1
-147,161,1
-158,182,1
-144,161,1
-162,180,1
-171,161,1
-182,168,1
-149,179,1
-157,140,1
-168,148,1
-145,149,1
-152,176,1
-150,182,1
-155,159,1
-154,166,1
-150,144,1
-151,152,1
-146,174,1
-142,159,1
-164,175,1
-163,139,1
-147,169,1
-156,140,1
-173,170,1
-147,174,1
-155,143,1
-150,170,1
-183,177,1
-166,187,1
-170,161,1
-165,170,1
-176,179,1
-152,171,1
-160,161,1
-176,170,1
-161,182,1
-186,170,1
-183,149,1
-158,182,1
-166,147,1
-144,156,1
-177,159,1
-151,176,1
-150,146,1
-185,162,1
-176,171,1
-176,177,1
-157,142,1
-141,167,1
-156,183,1
-183,150,1
-171,150,1
-148,168,1
-163,151,1
-157,179,1
-170,154,1
-148,177,1
-155,167,1
-178,158,1
-180,154,1
-161,156,1
-159,179,1
-154,161,1
-152,179,1
-160,182,1
-180,151,1
-171,164,1
-148,182,1
-185,161,1
-139,168,1
-169,166,1
-158,139,1
-156,164,1
-167,146,1
-152,174,1
-150,149,1
-173,184,1
-157,171,1
-175,158,1
-139,167,1
-172,170,1
-149,174,1
-139,156,1
-180,176,1
-140,168,1
-181,164,1
-163,155,1
-168,149,1
-171,156,1
-181,167,1
-177,148,1
-174,167,1
-176,167,1
-157,177,1
-184,175,1
-185,164,1
-155,152,1
-167,151,1
-166,146,1
-162,178,1
-148,173,1
-169,172,1
-144,172,1
-174,167,1
164,161,0
171,168,0
185,173,0
164,174,0
183,174,0
156,179,0
152,176,0
173,168,0
172,151,0
159,147,0
165,145,0
160,145,0
144,176,0
172,141,0
161,182,0
166,139,0
158,181,0
179,153,0
175,182,0
139,159,0
144,149,0
155,154,0
184,153,0
187,162,0
162,161,0
174,168,0
170,166,0
182,160,0
169,146,0
162,139,0
166,174,0
148,182,0
144,169,0
174,143,0
144,159,0
167,174,0
156,158,0
144,172,0
149,172,0
163,184,0
178,176,0
143,167,0
166,165,0
171,147,0
171,149,0
180,153,0
153,184,0
186,157,0
153,146,0
152,176,0
172,152,0
172,174,0
170,157,0
162,184,0
170,179,0
139,161,0
174,170,0
177,164,0
183,172,0
142,154,0
161,158,0
168,151,0
157,160,0
165,160,0
151,182,0
176,142,0
162,168,0
183,158,0
142,156,0
185,154,0
183,158,0
165,166,0
155,176,0
155,147,0
155,175,0
160,146,0
146,149,0
171,143,0
178,168,0
156,156,0
143,158,0
160,170,0
157,156,0
158,180,0
159,147,0
180,159,0
170,161,0
183,152,0
184,172,0
167,182,0
165,155,0
167,164,0
158,149,0
185,171,0
160,169,0
182,170,0
171,158,0
168,168,0
157,185,0
176,156,0
179,170,0
159,186,0
147,173,0
149,165,0
149,151,0
182,175,0
167,171,0
157,173,0
155,145,0
176,174,0
169,153,0
146,163,0
153,183,0
144,154,0
154,145,0
183,168,0
153,155,0
171,178,0
146,181,0
171,181,0
171,168,0
176,169,0
161,138,0
151,153,0
169,161,0
184,154,0
154,146,0
172,155,0
166,164,0
143,156,0
151,184,0
181,168,0
138,163,0
182,167,0
169,166,0
187,167,0
170,161,0
147,166,0
167,169,0
155,176,0
185,168,0
165,157,0
164,172,0
165,166,0
170,140,0
169,181,0
182,167,0
172,181,0
170,152,0
159,173,0
140,172,0
156,156,0
154,152,0
145,173,0
160,157,0
161,160,0
186,160,0
149,148,0
162,150,0
167,150,0
151,166,0
139,166,0
158,139,0
186,161,0
180,150,0
167,149,0
172,151,0
150,165,0
170,169,0
182,168,0
173,171,0
167,167,0
164,186,0
183,154,0
160,161,0
160,149,0
145,167,0
158,184,0
167,145,0
173,179,0
164,162,0
149,153,0
159,154,0
148,160,0
182,177,0
157,180,0
153,160,0
155,178,0
174,164,0
174,181,0
142,167,0
165,153,0
159,160,0
153,152,0
159,139,0
166,169,0
177,163,0
151,179,0
168,181,0
172,170,0
175,183,0
139,159,0
160,173,0
150,181,0
159,138,0
142,157,0
154,174,0
163,181,0
148,169,0
141,162,0
162,168,0
168,167,0
168,139,0
165,138,0
141,156,0
167,165,0
172,177,0
151,142,0
143,171,0
151,154,0
157,172,0
154,171,0
183,175,0
175,164,0
154,169,0
186,159,0
145,170,0
157,169,0
140,163,0
158,155,0
151,154,0
144,148,0
151,151,0
155,171,0
156,143,0
176,154,0
159,142,0
159,143,0
159,170,0
152,151,0
186,161,0
172,178,0
145,155,0
162,176,0
141,171,0
163,173,0
174,146,0
160,141,0
138,164,0
164,154,0
159,-141,1
152,-182,1
163,-177,1
174,-144,1
148,-144,1
154,-153,1
168,-141,1
178,-155,1
140,-155,1
170,-157,1
174,-183,1
180,-178,1
178,-164,1
163,-140,1
156,-141,1
178,-153,1
183,-153,1
163,-141,1
154,-174,1
140,-167,1
173,-146,1
143,-174,1
162,-145,1
158,-142,1
150,-146,1
176,-181,1
167,-177,1
170,-184,1
170,-174,1
163,-151,1
168,-182,1
150,-142,1
165,-163,1
163,-141,1
146,-177,1
171,-148,1
168,-175,1
168,-169,1
164,-145,1
170,-154,1
171,-177,1
167,-163,1
147,-145,1
150,-175,1
164,-177,1
185,-157,1
162,-165,1
142,-161,1
173,-142,1
173,-154,1
143,-168,1
172,-150,1
162,-176,1
161,-142,1
173,-155,1
141,-154,1
182,-166,1
183,-174,1
167,-159,1
170,-173,1
161,-185,1
162,-156,1
156,-183,1
157,-159,1
163,-183,1
142,-161,1
145,-151,1
176,-142,1
182,-161,1
182,-157,1
150,-176,1
183,-173,1
156,-166,1
149,-170,1
171,-175,1
184,-166,1
167,-161,1
155,-169,1
169,-186,1
149,-182,1
168,-155,1
148,-162,1
171,-159,1
142,-169,1
163,-175,1
162,-162,1
165,-156,1
174,-143,1
149,-179,1
151,-146,1
157,-183,1
184,-162,1
144,-170,1
152,-162,1
177,-147,1
151,-149,1
185,-173,1
161,-175,1
177,-143,1
175,-179,1
141,-172,1
176,-165,1
149,-174,1
186,-159,1
163,-187,1
166,-147,1
185,-172,1
174,-180,1
155,-170,1
173,-153,1
138,-159,1
145,-166,1
154,-175,1
164,-166,1
150,-170,1
170,-183,1
154,-148,1
178,-172,1
168,-176,1
153,-185,1
152,-153,1
170,-177,1
186,-166,1
150,-159,1
156,-150,1
151,-183,1
172,-145,1
174,-164,1
153,-166,1
149,-151,1
164,-176,1
138,-161,1
167,-141,1
166,-168,1
156,-156,1
175,-161,1
163,-161,1
148,-171,1
167,-173,1
140,-161,1
143,-168,1
155,-143,1
171,-179,1
146,-144,1
169,-181,1
145,-161,1
178,-172,1
148,-146,1
159,-179,1
173,-174,1
146,-164,1
162,-171,1
175,-172,1
150,-142,1
182,-158,1
173,-152,1
178,-171,1
146,-180,1
163,-151,1
149,-148,1
184,-174,1
185,-153,1
148,-164,1
170,-170,1
160,-178,1
162,-182,1
180,-157,1
158,-187,1
169,-163,1
154,-164,1
154,-141,1
146,-170,1
164,-172,1
178,-159,1
151,-163,1
162,-183,1
178,-171,1
170,-178,1
150,-176,1
158,-185,1
162,-163,1
150,-162,1
144,-146,1
163,-164,1
147,-181,1
173,-150,1
149,-172,1
173,-144,1
177,-151,1
166,-176,1
142,-156,1
141,-172,1
163,-165,1
159,-170,1
185,-167,1
163,-171,1
141,-170,1
184,-151,1
167,-142,1
178,-177,1
186,-156,1
164,-165,1
162,-145,1
165,-162,1
178,-145,1
141,-165,1
161,-156,1
160,-162,1
144,-174,1
185,-173,1
146,-175,1
141,-161,1
170,-140,1
160,-138,1
139,-167,1
180,-170,1
176,-149,1
171,-178,1
178,-143,1
139,-159,1
139,-155,1
157,-150,1
162,-144,1
147,-161,1
152,-146,1
143,-163,1
148,-150,1
151,-172,1
177,-181,1
176,-161,1
170,-178,1
165,-140,1
169,-158,1
175,-179,1
158,-159,1
165,-161,1
141,-165,1
139,-157,1
143,-168,1
168,-165,1
179,-151,1
148,-147,1
181,-172,1
160,-150,1
155,-171,1
157,-156,1
139,-170,1
164,-169,1
161,-158,1
182,-167,1
-173,-176,0
-138,-162,0
-167,-174,0
-178,-169,0
-151,-157,0
-187,-163,0
-178,-152,0
-181,-158,0
-160,-177,0
-174,-168,0
-176,-180,0
-184,-155,0
-171,-141,0
-170,-163,0
-154,-151,0
-177,-175,0
-150,-153,0
-154,-145,0
-157,-147,0
-164,-183,0
-157,-169,0
-158,-166,0
-149,-183,0
-174,-161,0
-151,-156,0
-154,-142,0
-175,-164,0
-157,-185,0
-140,-172,0
-179,-147,0
-143,-159,0
-171,-164,0
-177,-144,0
-178,-152,0
-144,-173,0
-153,-154,0
-165,-151,0
-155,-161,0
-177,-148,0
-161,-162,0
-138,-160,0
-167,-157,0
-177,-181,0
-148,-147,0
-166,-147,0
-146,-160,0
-144,-146,0
-173,-168,0
-166,-147,0
-179,-153,0
-164,-180,0
-152,-153,0
-159,-186,0
-152,-174,0
-182,-150,0
-153,-184,0
-140,-164,0
-183,-153,0
-145,-152,0
-163,-163,0
-165,-168,0
-182,-152,0
-150,-155,0
-140,-158,0
-166,-166,0
-152,-177,0
-154,-168,0
-179,-180,0
-149,-150,0
-176,-179,0
-161,-168,0
-156,-161,0
-148,-154,0
-142,-165,0
-148,-181,0
-146,-172,0
-159,-155,0
-145,-162,0
-181,-153,0
-174,-166,0
-153,-157,0
-146,-164,0
-168,-143,0
-154,-151,0
-183,-171,0
-178,-169,0
-156,-183,0
-176,-182,0
-167,-152,0
-182,-176,0
-186,-166,0
-149,-168,0
-177,-148,0
-182,-175,0
-158,-163,0
-175,-165,0
-159,-187,0
-175,-183,0
-146,-160,0
-163,-185,0
-154,-175,0
-163,-185,0
-170,-173,0
-154,-179,0
-163,-157,0
-162,-147,0
-170,-141,0
-159,-163,0
-168,-161,0
-182,-168,0
-161,-181,0
-157,-183,0
-154,-148,0
-142,-172,0
-160,-187,0
-147,-168,0
-154,-177,0
-151,-160,0
-185,-168,0
-138,-165,0
-183,-161,0
-178,-180,0
-175,-174,0
-141,-174,0
-148,-169,0
-153,-165,0
-174,-183,0
-152,-182,0
-164,-151,0
-163,-184,0
-176,-150,0
-183,-160,0
-157,-165,0
-155,-153,0
-159,-174,0
-146,-148,0
-185,-164,0
-142,-175,0
-166,-170,0
-178,-151,0
-166,-145,0
-156,-182,0
-179,-152,0
-146,-175,0
-166,-170,0
-167,-145,0
-155,-170,0
-155,-146,0
-163,-142,0
-145,-178,0
-182,-165,0
-142,-158,0
-163,-181,0
-146,-154,0
-164,-171,0
-154,-170,0
-178,-170,0
-142,-171,0
-175,-166,0
-174,-182,0
-155,-162,0
-159,-153,0
-169,-144,0
-176,-182,0
-159,-178,0
-166,-181,0
-178,-154,0
-156,-146,0
-169,-185,0
-174,-161,0
-170,-141,0
-158,-156,0
-158,-143,0
-182,-170,0
-158,-165,0
-149,-165,0
-175,-156,0
-162,-150,0
-174,-143,0
-150,-174,0
-173,-153,0
-176,-164,0
-167,-181,0
-152,-148,0
-139,-170,0
-161,-148,0
-168,-166,0
-143,-178,0
-171,-170,0
-173,-144,0
-154,-179,0
-162,-160,0
-175,-170,0
-155,-183,0
-157,-161,0
-145,-167,0
-149,-165,0
-164,-147,0
-152,-145,0
-162,-155,0
-175,-178,0
-139,-164,0
-154,-185,0
-140,-173,0
-150,-143,0
-157,-145,0
-157,-145,0
-153,-180,0
-164,-153,0
-164,-163,0
-165,-152,0
-139,-160,0
-163,-161,0
-156,-171,0
-156,-140,0
-171,-157,0
-143,-157,0
-177,-183,0
-151,-149,0
-168,-164,0
-161,-187,0
-164,-182,0
-165,-158,0
-153,-177,0
-173,-143,0
-185,-160,0
-173,-167,0
-163,-181,0
-155,-156,0
-182,-147,0
-183,-150,0
-144,-164,0
-172,-169,0
-167,-161,0
-159,-186,0
-177,-151,0
-177,-168,0
-177,-144,0
-162,-165,0
-155,-178,0
-160,-163,0
-164,-154,0
-166,-164,0
-162,-147,0
-156,-176,0
-149,-183,0
-154,-147,0
-149,-180,0
-151,-148,0
-177,-165,0
