-179,152,1
-171,140,1
-158,163,1
-160,174,1
-142,166,1
-149,149,1
-164,185,1
-147,149,1
-170,158,1
-184,167,1
-165,144,1
-141,169,1
-174,141,1
-156,151,1
-152,156,1
-177,172,1
-139,170,1
-158,161,1
-163,168,1
-159,146,1
-155,162,1
-167,164,1
-181,170,1
-156,141,1
-145,180,1
-142,155,1
-169,163,1
-170,179,1
-177,166,1
-181,148,1
-169,168,1
-176,162,1
-138,161,1
-151,155,1
-182,170,1
-169,169,1
-155,181,1
-169,145,1
-165,152,1
-143,153,1
-149,171,1
-173,177,1
-148,146,1
-173,160,1
-175,184,1
-170,147,1
-172,165,1
-169,184,1
-143,164,1
-155,176,1
-160,186,1
-158,141,1
-163,138,1
-177,177,1
-163,143,1
-143,161,1
-164,141,1
-145,162,1
-139,155,1
-175,165,1
-173,163,1
-165,178,1
-144,172,1
-143,169,1
-141,173,1
-171,146,1
-143,174,1
-178,175,1
-156,163,1
-175,148,1
-167,173,1
-167,179,1
-164,151,1
-151,163,1
-163,144,1
-166,183,1
-170,185,1
-162,171,1
-170,152,1
-148,151,1
-151,174,1
-162,164,1
-150,142,1
-153,162,1
-149,144,1
-171,161,1
-159,145,1
-184,172,1
-156,142,1
-151,144,1
-178,180,1
-154,159,1
-140,158,1
-157,173,1
-174,172,1
-182,153,1
-152,147,1
-173,155,1
-143,156,1
-178,153,1
-155,157,1
-183,163,1
-168,172,1
-142,176,1
-186,171,1
-145,172,1
-181,178,1
-140,172,1
-162,146,1
-153,152,1
-167,165,1
-158,178,1
-165,161,1
-145,145,1
-153,141,1
-164,180,1
-180,156,1
-159,139,1
-177,167,1
-177,177,1
-180,165,1
-172,153,1
-157,153,1
-154,175,1
-145,150,1
-172,141,1
-140,169,1
-149,144,1
-158,145,1
-181,170,1
-176,170,1
-181,154,1
-168,168,1
-158,145,1
-171,144,1
-152,162,1
-159,139,1
-143,155,1
-148,172,1
-172,176,1
-176,176,1
-181,168,1
-163,167,1
-156,183,1
-152,155,1
-179,162,1
-159,169,1
-157,148,1
-147,172,1
-165,139,1
-174,177,1
-175,143,1
-173,181,1
-153,157,1
-168,162,1
-161,166,1
-159,173,1
-162,159,1
-169,185,1
-160,158,1
-154,159,1
-173,170,1
-185,155,1
-183,175,1
-158,187,1
-175,161,1
-169,173,1
-164,150,1
-181,146,1
-139,165,1
-167,172,1
-153,162,1
-177,163,1
-184,173,1
-161,148,1
-165,140,1
-175,183,1
-150,152,1
-148,173,1
-161,143,1
-168,178,1
-139,170,1
-161,179,1
-153,152,1
-169,172,1
-151,166,1
-169,158,1
-165,180,1
-166,141,1
-171,167,1
-162,152,1
-156,146,1
-151,170,1
-162,173,1
-187,160,1
-141,165,1
-156,145,1
-173,174,1
-141,153,1
-151,167,1
-148,150,1
-174,145,1
-142,167,1
-145,152,1
-175,153,1
-151,177,1
-140,164,1
-179,171,1
-152,164,1
-154,162,1
-176,181,1
-163,153,1
-157,160,1
-186,165,1
-167,148,1
-171,141,1
-153,161,1
-143,161,1
-149,180,1
-175,155,1
-178,144,1
-178,177,1
-154,172,1
-148,160,1
-174,170,1
-140,154,1
-184,160,1
-174,169,1
-158,166,1
-157,183,1
-161,142,1
-161,151,1
-178,175,1
-151,145,1
-159,184,1
-154,176,1
-163,151,1
-143,160,1
-141,163,1
-167,173,1
-153,171,1
-184,165,1
-138,160,1
-153,184,1
-140,161,1
-143,159,1
-163,140,1
-158,144,1
-169,184,1
-161,179,1
178,153,0
162,155,0
164,155,0
144,154,0
161,180,0
184,153,0
168,168,0
142,167,0
145,165,0
143,148,0
170,156,0
145,152,0
170,145,0
177,150,0
144,147,0
159,143,0
170,151,0
146,168,0
169,156,0
156,153,0
152,156,0
148,164,0
151,154,0
178,163,0
181,156,0
155,166,0
184,155,0
182,176,0
157,175,0
166,174,0
161,152,0
168,153,0
153,155,0
161,185,0
144,162,0
150,177,0
159,141,0
168,186,0
148,145,0
179,150,0
162,156,0
151,182,0
168,187,0
152,175,0
155,156,0
154,158,0
152,160,0
148,170,0
183,155,0
169,179,0
148,179,0
161,142,0
176,168,0
157,154,0
141,165,0
151,181,0
152,155,0
158,141,0
177,157,0
145,175,0
187,165,0
166,147,0
156,152,0
172,177,0
163,143,0
152,163,0
163,145,0
162,178,0
145,146,0
145,179,0
154,171,0
154,165,0
170,160,0
158,186,0
158,164,0
167,142,0
147,176,0
153,182,0
161,166,0
169,142,0
178,153,0
145,145,0
177,174,0
153,161,0
155,150,0
138,160,0
147,177,0
156,144,0
145,154,0
183,158,0
154,143,0
175,150,0
148,168,0
177,175,0
187,158,0
181,178,0
180,145,0
146,158,0
181,175,0
157,179,0
182,168,0
148,172,0
182,151,0
166,154,0
158,178,0
180,156,0
172,167,0
173,152,0
171,154,0
145,149,0
152,154,0
149,146,0
145,176,0
166,150,0
147,168,0
186,156,0
166,151,0
143,149,0
184,170,0
145,149,0
146,157,0
148,172,0
159,172,0
177,156,0
181,162,0
184,150,0
149,159,0
142,161,0
163,150,0
179,159,0
161,185,0
149,174,0
159,162,0
154,154,0
153,185,0
179,164,0
149,145,0
160,179,0
156,151,0
161,145,0
152,164,0
184,167,0
173,148,0
174,165,0
142,153,0
174,168,0
184,164,0
155,140,0
173,180,0
162,186,0
170,157,0
177,177,0
162,157,0
144,150,0
150,183,0
163,156,0
186,157,0
150,152,0
145,174,0
172,173,0
139,164,0
161,173,0
158,179,0
155,144,0
179,174,0
166,176,0
156,155,0
142,165,0
148,158,0
140,156,0
151,168,0
148,149,0
140,166,0
163,138,0
151,160,0
180,172,0
152,176,0
164,171,0
138,166,0
172,147,0
167,155,0
154,184,0
163,155,0
142,171,0
173,173,0
147,150,0
159,147,0
166,181,0
155,140,0
157,164,0
181,153,0
139,168,0
163,150,0
170,151,0
172,141,0
168,141,0
181,178,0
162,171,0
187,168,0
159,146,0
155,177,0
143,156,0
150,166,0
184,151,0
146,154,0
171,152,0
168,160,0
171,161,0
162,140,0
159,154,0
167,148,0
144,168,0
155,181,0
157,158,0
165,152,0
167,165,0
146,156,0
155,151,0
158,158,0
165,178,0
146,150,0
155,169,0
170,169,0
160,146,0
173,181,0
162,149,0
174,172,0
152,174,0
178,171,0
162,166,0
145,147,0
156,186,0
169,186,0
175,171,0
181,165,0
181,154,0
175,146,0
167,147,0
184,164,0
141,168,0
162,179,0
173,185,0
183,176,0
161,176,0
167,180,0
140,163,0
144,162,0
178,168,0
169,139,0
175,177,0
165,-172,1
146,-153,1
151,-152,1
158,-154,1
173,-177,1
178,-143,1
177,-165,1
160,-185,1
160,-166,1
169,-145,1
149,-158,1
165,-172,1
167,-181,1
142,-174,1
147,-157,1
179,-153,1
172,-152,1
182,-155,1
159,-161,1
170,-160,1
176,-172,1
179,-152,1
158,-169,1
149,-164,1
171,-165,1
164,-159,1
148,-178,1
182,-156,1
170,-176,1
140,-164,1
178,-163,1
179,-175,1
175,-178,1
173,-178,1
185,-161,1
186,-157,1
155,-173,1
158,-149,1
168,-184,1
155,-174,1
148,-151,1
151,-150,1
166,-148,1
142,-149,1
153,-154,1
145,-160,1
171,-172,1
160,-186,1
141,-167,1
156,-169,1
174,-159,1
145,-169,1
183,-171,1
186,-165,1
155,-166,1
172,-166,1
152,-178,1
163,-161,1
168,-177,1
168,-171,1
174,-163,1
159,-157,1
174,-153,1
151,-154,1
165,-156,1
150,-164,1
172,-185,1
140,-165,1
147,-170,1
154,-156,1
148,-160,1
162,-154,1
155,-144,1
172,-166,1
154,-151,1
149,-169,1
154,-147,1
179,-149,1
151,-157,1
186,-163,1
156,-181,1
165,-173,1
148,-160,1
161,-161,1
185,-161,1
172,-147,1
141,-174,1
152,-176,1
181,-154,1
153,-182,1
164,-154,1
170,-153,1
151,-162,1
145,-155,1
150,-147,1
153,-155,1
177,-179,1
167,-143,1
182,-149,1
158,-172,1
170,-177,1
159,-184,1
161,-185,1
163,-150,1
173,-181,1
160,-167,1
175,-152,1
172,-165,1
178,-168,1
145,-179,1
177,-163,1
150,-159,1
152,-141,1
179,-155,1
173,-147,1
161,-161,1
165,-141,1
184,-165,1
177,-149,1
183,-168,1
150,-168,1
169,-166,1
168,-185,1
142,-159,1
142,-174,1
153,-175,1
177,-152,1
171,-174,1
165,-163,1
176,-170,1
145,-161,1
167,-181,1
152,-172,1
145,-180,1
166,-157,1
154,-168,1
163,-183,1
163,-158,1
164,-187,1
163,-156,1
185,-164,1
159,-164,1
147,-152,1
155,-167,1
141,-154,1
177,-168,1
168,-187,1
143,-160,1
152,-181,1
147,-161,1
153,-167,1
169,-147,1
155,-160,1
176,-168,1
156,-172,1
169,-184,1
169,-184,1
150,-169,1
175,-176,1
153,-176,1
174,-173,1
149,-169,1
143,-165,1
160,-167,1
160,-156,1
154,-170,1
159,-185,1
155,-176,1
161,-163,1
164,-158,1
151,-151,1
150,-156,1
150,-179,1
170,-165,1
174,-159,1
162,-149,1
149,-159,1
149,-159,1
144,-164,1
146,-157,1
159,-168,1
170,-166,1
178,-143,1
141,-158,1
174,-157,1
185,-156,1
173,-163,1
154,-178,1
171,-161,1
159,-149,1
169,-144,1
157,-147,1
173,-140,1
143,-165,1
163,-156,1
146,-155,1
177,-155,1
178,-151,1
172,-166,1
153,-176,1
159,-166,1
182,-170,1
174,-166,1
176,-152,1
149,-179,1
164,-151,1
165,-158,1
140,-159,1
148,-161,1
156,-152,1
159,-170,1
151,-158,1
148,-174,1
161,-156,1
184,-169,1
175,-150,1
158,-176,1
160,-145,1
149,-178,1
161,-175,1
151,-170,1
154,-182,1
145,-174,1
152,-155,1
152,-170,1
162,-140,1
148,-154,1
175,-161,1
166,-186,1
179,-152,1
181,-162,1
175,-142,1
155,-181,1
147,-176,1
183,-157,1
177,-174,1
144,-155,1
141,-168,1
169,-185,1
161,-185,1
157,-180,1
170,-176,1
180,-157,1
156,-182,1
171,-156,1
143,-156,1
164,-175,1
171,-153,1
172,-162,1
146,-145,1
-154,-184,0
-166,-180,0
-147,-170,0
-146,-167,0
-165,-141,0
-159,-184,0
-144,-172,0
-146,-163,0
-183,-174,0
-159,-143,0
-172,-156,0
-184,-156,0
-146,-158,0
-174,-183,0
-149,-146,0
-158,-185,0
-150,-166,0
-169,-148,0
-152,-176,0
-158,-176,0
-176,-154,0
-140,-157,0
-175,-168,0
-166,-167,0
-162,-150,0
-172,-181,0
-162,-184,0
-153,-185,0
-140,-154,0
-175,-175,0
-171,-141,0
-152,-164,0
-161,-183,0
-152,-180,0
-160,-155,0
-178,-178,0
-150,-150,0
-162,-157,0
-144,-153,0
-159,-185,0
-187,-162,0
-162,-179,0
-183,-161,0
-172,-183,0
-144,-164,0
-177,-158,0
-164,-139,0
-174,-171,0
-162,-182,0
-160,-175,0
-179,-170,0
-150,-184,0
-166,-161,0
-150,-147,0
-165,-174,0
-157,-177,0
-162,-176,0
-185,-161,0
-155,-157,0
-140,-162,0
-145,-157,0
-186,-157,0
-151,-182,0
-176,-181,0
-160,-176,0
-179,-144,0
-175,-157,0
-149,-171,0
-177,-178,0
-153,-144,0
-172,-146,0
-152,-160,0
-143,-176,0
-166,-180,0
-168,-178,0
-147,-154,0
-169,-162,0
-178,-180,0
-173,-152,0
-172,-146,0
-179,-171,0
-166,-177,0
-167,-148,0
-173,-148,0
-175,-178,0
-168,-152,0
-178,-159,0
-165,-152,0
-138,-162,0
-164,-174,0
-150,-179,0
-169,-157,0
-182,-173,0
-155,-156,0
-171,-142,0
-179,-156,0
-147,-167,0
-177,-146,0
-181,-165,0
-182,-147,0
-159,-155,0
-167,-164,0
-167,-181,0
-141,-167,0
-168,-156,0
-173,-144,0
-174,-157,0
-140,-167,0
-155,-182,0
-160,-161,0
-153,-157,0
-181,-153,0
-142,-154,0
-149,-168,0
-169,-154,0
-152,-169,0
-151,-148,0
-144,-175,0
-168,-161,0
-159,-163,0
-148,-145,0
-181,-174,0
-175,-178,0
-142,-158,0
-144,-146,0
-175,-178,0
-179,-174,0
-159,-152,0
-171,-161,0
-173,-175,0
-174,-164,0
-169,-154,0
-148,-179,0
-143,-177,0
-145,-167,0
-159,-173,0
-155,-175,0
-152,-159,0
-167,-181,0
-175,-156,0
-167,-139,0
-152,-143,0
-146,-180,0
-172,-168,0
-174,-174,0
-141,-163,0
-156,-160,0
-155,-177,0
-185,-169,0
-147,-163,0
-143,-172,0
-162,-153,0
-159,-139,0
-159,-178,0
-174,-183,0
-176,-147,0
-164,-157,0
-164,-181,0
-170,-186,0
-156,-186,0
-186,-159,0
-169,-164,0
-169,-174,0
-160,-154,0
-168,-160,0
-184,-159,0
-176,-149,0
-178,-170,0
-156,-182,0
-139,-157,0
-154,-144,0
-149,-148,0
-155,-154,0
-145,-180,0
-174,-179,0
-182,-174,0
-159,-164,0
-146,-155,0
-156,-167,0
-148,-151,0
-173,-147,0
-169,-148,0
-146,-165,0
-179,-174,0
-154,-141,0
-161,-156,0
-149,-158,0
-150,-155,0
-151,-172,0
-165,-141,0
-171,-186,0
-160,-158,0
-158,-173,0
-182,-161,0
-154,-168,0
-156,-173,0
-155,-159,0
-156,-171,0
-176,-166,0
-176,-167,0
-166,-170,0
-164,-143,0
-164,-145,0
-141,-174,0
-142,-154,0
-153,-159,0
-145,-150,0
-159,-169,0
-186,-169,0
-149,-170,0
-152,-164,0
-144,-168,0
-155,-154,0
-151,-166,0
-160,-164,0
-166,-186,0
-162,-173,0
-161,-166,0
-146,-149,0
-144,-176,0
-185,-167,0
-149,-158,0
-154,-167,0
-179,-175,0
-178,-155,0
-159,-156,0
-140,-170,0
-140,-159,0
-157,-185,0
-144,-156,0
-182,-161,0
-158,-169,0
-157,-153,0
-168,-147,0
-177,-151,0
-169,-151,0
-170,-169,0
-149,-147,0
-179,-179,0
-177,-144,0
-176,-148,0
-177,-168,0
-155,-148,0
-148,-172,0
-186,-162,0
-172,-184,0
-187,-166,0
-157,-163,0
-142,-167,0
-159,-164,0
