-144,168,1
-155,164,1
-159,171,1
-183,155,1
-167,150,1
-170,185,1
-141,160,1
-154,148,1
-172,146,1
-163,156,1
-147,174,1
-153,176,1
-163,154,1
-141,170,1
-156,148,1
-163,171,1
-144,170,1
-146,171,1
-171,180,1
-171,184,1
-175,148,1
-177,173,1
-160,159,1
-138,166,1
-164,153,1
-155,174,1
-181,175,1
-149,163,1
-183,164,1
-160,151,1
-147,164,1
-172,155,1
-153,153,1
-168,163,1
-161,186,1
-149,144,1
-161,172,1
-187,159,1
-157,182,1
-138,162,1
-170,172,1
-174,144,1
-169,185,1
-151,174,1
-149,177,1
-172,140,1
-158,148,1
-174,156,1
-150,146,1
-165,159,1
-175,173,1
-157,175,1
-159,148,1
-151,157,1
-168,141,1
-162,175,1
-167,184,1
-158,175,1
-163,167,1
-171,146,1
-160,147,1
-182,149,1
-167,165,1
-154,173,1
-151,153,1
-160,173,1
-184,174,1
-171,156,1
-151,179,1
-168,177,1
-153,173,1
-146,174,1
-148,167,1
-147,149,1
-186,171,1
-154,157,1
-176,173,1
-177,152,1
-178,156,1
-150,159,1
-187,160,1
-153,141,1
-172,166,1
-160,142,1
-175,178,1
-185,169,1
-153,185,1
-151,161,1
-174,184,1
-169,149,1
-177,154,1
-164,172,1
-150,145,1
-142,168,1
-177,163,1
-177,147,1
-170,164,1
-169,155,1
-167,185,1
-142,149,1
-156,173,1
-153,176,1
-140,164,1
-156,172,1
-184,152,1
-175,156,1
-169,186,1
-174,152,1
-171,173,1
-186,156,1
-183,175,1
-146,178,1
-167,177,1
-165,139,1
-182,156,1
-172,178,1
-155,183,1
-173,179,1
-140,164,1
-162,187,1
-144,168,1
-149,178,1
-155,162,1
-181,161,1
-177,174,1
-151,148,1
-184,168,1
-165,157,1
-165,179,1
-167,147,1
-147,178,1
-181,168,1
-159,167,1
-185,155,1
-160,157,1
-139,157,1
-165,185,1
-143,178,1
-169,150,1
-167,152,1
-166,139,1
-138,165,1
-143,153,1
-169,185,1
-162,174,1
-146,149,1
-140,166,1
-171,186,1
-156,140,1
-160,148,1
-155,173,1
-171,150,1
-168,159,1
-162,163,1
-186,169,1
-164,173,1
-184,150,1
-162,166,1
-148,170,1
-182,159,1
-143,171,1
-155,181,1
-157,152,1
-184,159,1
-164,153,1
-158,139,1
-175,168,1
-147,165,1
-162,154,1
-142,159,1
-146,154,1
-148,170,1
-185,160,1
-163,163,1
-147,149,1
-149,157,1
-138,166,1
-170,161,1
-166,140,1
-147,171,1
-167,164,1
-149,149,1
-141,152,1
-154,163,1
-167,168,1
-175,166,1
-164,152,1
-184,157,1
-171,148,1
-162,140,1
-158,143,1
-163,171,1
-148,148,1
-146,180,1
-149,176,1
-153,142,1
-144,168,1
-181,150,1
-146,145,1
-184,151,1
-145,158,1
-157,164,1
-145,157,1
-143,166,1
-160,151,1
-177,158,1
-178,146,1
-183,165,1
-171,141,1
-147,179,1
-170,176,1
-175,141,1
-178,177,1
-158,186,1
-172,173,1
-172,154,1
-144,152,1
-169,140,1
-172,163,1
-179,166,1
-162,167,1
-174,143,1
-171,174,1
-154,172,1
-151,182,1
-161,185,1
-173,142,1
-154,170,1
-169,150,1
-164,152,1
-160,153,1
-156,162,1
-152,164,1
-145,168,1
-181,170,1
-186,168,1
-162,175,1
-169,150,1
-143,170,1
-149,161,1
-146,146,1
-162,158,1
-146,178,1
-148,181,1
-167,161,1
-178,175,1
-140,159,1
-167,181,1
-152,157,1
-180,154,1
145,164,0
159,181,0
153,171,0
158,175,0
147,151,0
151,147,0
146,144,0
182,174,0
145,147,0
154,162,0
157,183,0
185,161,0
146,179,0
181,177,0
164,179,0
178,145,0
143,165,0
174,154,0
140,165,0
175,173,0
174,178,0
180,145,0
174,155,0
148,170,0
165,170,0
143,175,0
160,160,0
159,182,0
143,172,0
171,185,0
164,179,0
164,158,0
156,175,0
156,143,0
176,167,0
176,160,0
144,165,0
156,161,0
145,164,0
164,182,0
170,170,0
158,183,0
178,156,0
179,166,0
185,166,0
168,164,0
145,160,0
172,159,0
177,173,0
160,172,0
149,142,0
163,148,0
145,177,0
176,169,0
172,152,0
158,173,0
150,158,0
150,168,0
146,145,0
164,165,0
168,147,0
147,164,0
153,161,0
151,164,0
179,160,0
180,163,0
165,162,0
149,155,0
145,172,0
153,155,0
181,147,0
144,160,0
185,165,0
149,150,0
163,184,0
142,175,0
173,156,0
179,164,0
174,142,0
172,148,0
161,168,0
169,183,0
174,167,0
155,152,0
150,177,0
163,159,0
150,184,0
183,156,0
175,146,0
165,175,0
143,172,0
176,143,0
163,174,0
140,170,0
167,139,0
148,181,0
163,157,0
149,179,0
139,166,0
157,165,0
169,186,0
151,181,0
159,174,0
151,148,0
165,162,0
166,177,0
164,153,0
150,175,0
168,148,0
176,165,0
179,180,0
164,164,0
178,157,0
180,153,0
143,167,0
185,163,0
176,173,0
156,152,0
148,158,0
168,167,0
157,160,0
164,152,0
174,178,0
148,149,0
144,157,0
168,157,0
149,167,0
183,160,0
142,175,0
170,181,0
145,169,0
178,146,0
154,157,0
183,167,0
149,181,0
143,171,0
155,156,0
166,175,0
185,167,0
150,156,0
147,158,0
171,177,0
150,167,0
152,143,0
152,180,0
164,166,0
154,155,0
150,164,0
150,163,0
141,167,0
171,162,0
179,157,0
168,153,0
165,182,0
164,142,0
181,151,0
155,165,0
148,166,0
171,156,0
147,182,0
159,184,0
178,160,0
151,183,0
148,173,0
157,151,0
187,164,0
151,164,0
146,146,0
149,174,0
172,180,0
141,175,0
160,185,0
143,151,0
180,177,0
167,174,0
173,154,0
168,156,0
168,187,0
151,174,0
157,163,0
174,162,0
142,149,0
160,148,0
147,144,0
172,164,0
145,174,0
172,182,0
181,165,0
152,175,0
165,149,0
162,173,0
166,142,0
161,141,0
144,162,0
157,159,0
184,161,0
165,160,0
187,167,0
163,155,0
148,175,0
186,164,0
166,160,0
161,182,0
171,161,0
169,165,0
165,155,0
166,144,0
173,185,0
165,154,0
148,177,0
144,177,0
183,176,0
146,171,0
172,144,0
166,178,0
153,157,0
140,156,0
155,173,0
146,174,0
155,175,0
156,164,0
175,184,0
177,174,0
171,159,0
171,162,0
169,168,0
156,186,0
149,160,0
162,146,0
172,153,0
174,160,0
154,157,0
143,152,0
162,138,0
150,148,0
145,177,0
156,165,0
167,162,0
146,173,0
170,154,0
170,175,0
160,180,0
146,150,0
167,150,0
164,142,0
150,182,0
183,164,0
180,155,0
150,144,0
167,159,0
182,-170,1
145,-153,1
161,-154,1
164,-182,1
162,-152,1
182,-163,1
161,-165,1
177,-162,1
169,-155,1
174,-184,1
170,-178,1
157,-169,1
151,-181,1
186,-163,1
142,-172,1
164,-146,1
158,-180,1
154,-174,1
180,-174,1
155,-185,1
146,-153,1
170,-186,1
163,-141,1
164,-177,1
170,-145,1
175,-152,1
156,-146,1
169,-165,1
163,-160,1
172,-184,1
169,-153,1
154,-153,1
160,-184,1
174,-157,1
147,-144,1
171,-150,1
170,-175,1
187,-160,1
145,-148,1
159,-157,1
153,-154,1
153,-164,1
159,-153,1
169,-149,1
150,-182,1
155,-170,1
161,-138,1
158,-163,1
186,-171,1
153,-141,1
165,-172,1
165,-166,1
154,-165,1
157,-170,1
183,-162,1
155,-172,1
183,-161,1
170,-143,1
156,-151,1
182,-162,1
155,-183,1
176,-160,1
156,-177,1
163,-163,1
157,-145,1
168,-172,1
154,-161,1
153,-173,1
146,-175,1
184,-159,1
155,-154,1
142,-157,1
174,-157,1
161,-143,1
148,-164,1
165,-145,1
160,-184,1
171,-173,1
155,-178,1
157,-139,1
164,-172,1
159,-141,1
138,-159,1
149,-153,1
170,-168,1
177,-181,1
163,-180,1
169,-173,1
156,-152,1
177,-148,1
175,-160,1
149,-175,1
168,-176,1
165,-175,1
147,-180,1
154,-180,1
156,-163,1
182,-151,1
159,-184,1
170,-154,1
163,-187,1
165,-138,1
148,-164,1
154,-182,1
181,-148,1
185,-171,1
154,-179,1
150,-145,1
162,-182,1
161,-146,1
158,-163,1
182,-152,1
182,-150,1
145,-150,1
182,-151,1
142,-170,1
154,-168,1
166,-152,1
151,-169,1
169,-140,1
150,-173,1
176,-179,1
181,-172,1
156,-168,1
162,-187,1
167,-166,1
151,-158,1
159,-184,1
167,-172,1
145,-174,1
175,-179,1
152,-161,1
175,-163,1
175,-162,1
148,-145,1
184,-152,1
154,-177,1
183,-149,1
155,-148,1
177,-181,1
147,-147,1
146,-168,1
162,-181,1
154,-149,1
178,-170,1
174,-150,1
166,-185,1
164,-158,1
156,-162,1
176,-169,1
159,-181,1
172,-144,1
164,-146,1
182,-171,1
168,-147,1
147,-174,1
154,-174,1
156,-183,1
145,-153,1
174,-146,1
168,-182,1
155,-181,1
171,-166,1
179,-180,1
147,-181,1
160,-150,1
149,-158,1
187,-163,1
167,-183,1
184,-169,1
157,-143,1
158,-149,1
171,-145,1
171,-149,1
165,-145,1
183,-156,1
164,-181,1
176,-157,1
174,-160,1
167,-161,1
165,-169,1
155,-168,1
169,-139,1
176,-169,1
158,-179,1
166,-145,1
184,-152,1
160,-167,1
173,-174,1
149,-165,1
166,-176,1
169,-139,1
147,-169,1
140,-164,1
154,-164,1
162,-180,1
181,-154,1
151,-149,1
171,-172,1
182,-149,1
147,-144,1
169,-155,1
150,-177,1
167,-147,1
145,-154,1
173,-160,1
182,-163,1
177,-160,1
168,-168,1
165,-162,1
165,-166,1
155,-173,1
168,-143,1
138,-166,1
182,-163,1
164,-162,1
149,-171,1
156,-164,1
165,-186,1
153,-144,1
164,-138,1
141,-169,1
169,-149,1
139,-167,1
185,-173,1
155,-162,1
147,-148,1
176,-144,1
173,-144,1
169,-177,1
154,-148,1
176,-162,1
160,-166,1
146,-172,1
170,-160,1
146,-179,1
152,-185,1
164,-171,1
172,-178,1
148,-179,1
152,-142,1
175,-152,1
179,-177,1
166,-160,1
157,-143,1
145,-145,1
147,-171,1
150,-146,1
176,-163,1
186,-171,1
-147,-179,0
-141,-151,0
-170,-158,0
-173,-148,0
-161,-173,0
-186,-166,0
-164,-176,0
-183,-161,0
-164,-168,0
-171,-152,0
-163,-148,0
-181,-159,0
-169,-144,0
-151,-148,0
-154,-186,0
-157,-161,0
-143,-154,0
-140,-171,0
-138,-160,0
-153,-165,0
-180,-178,0
-179,-163,0
-180,-172,0
-158,-147,0
-152,-143,0
-149,-144,0
-152,-177,0
-183,-177,0
-184,-155,0
-181,-178,0
-181,-174,0
-154,-160,0
-141,-154,0
-149,-146,0
-145,-175,0
-139,-170,0
-164,-179,0
-154,-148,0
-167,-142,0
-168,-149,0
-153,-155,0
-170,-173,0
-156,-146,0
-149,-156,0
-149,-180,0
-183,-156,0
-156,-163,0
-153,-153,0
-168,-163,0
-162,-162,0
-177,-173,0
-171,-141,0
-153,-161,0
-164,-169,0
-166,-158,0
-169,-185,0
-172,-161,0
-175,-165,0
-166,-143,0
-158,-181,0
-165,-168,0
-145,-171,0
-175,-143,0
-158,-181,0
-180,-145,0
-169,-177,0
-148,-182,0
-142,-161,0
-169,-173,0
-182,-162,0
-172,-182,0
-158,-142,0
-168,-154,0
-163,-162,0
-160,-172,0
-164,-162,0
-174,-161,0
-162,-176,0
-160,-174,0
-181,-161,0
-171,-170,0
-167,-163,0
-173,-181,0
-160,-161,0
-182,-153,0
-181,-169,0
-157,-169,0
-172,-159,0
-173,-182,0
-150,-180,0
-171,-140,0
-166,-181,0
-172,-184,0
-156,-156,0
-158,-173,0
-181,-179,0
-173,-152,0
-185,-163,0
-157,-165,0
-162,-148,0
-158,-173,0
-141,-153,0
-178,-182,0
-182,-173,0
-162,-162,0
-143,-168,0
-159,-150,0
-145,-160,0
-150,-156,0
-167,-144,0
-162,-169,0
-163,-163,0
-143,-148,0
-145,-179,0
-146,-163,0
-173,-172,0
-146,-173,0
-161,-167,0
-160,-175,0
-168,-147,0
-150,-178,0
-158,-159,0
-176,-175,0
-155,-178,0
-142,-161,0
-178,-145,0
-159,-146,0
-163,-177,0
-150,-182,0
-149,-183,0
-160,-154,0
-185,-158,0
-149,-174,0
-167,-143,0
-166,-153,0
-176,-154,0
-165,-181,0
-166,-178,0
-174,-150,0
-176,-167,0
-146,-178,0
-154,-174,0
-165,-142,0
-175,-184,0
-174,-155,0
-179,-176,0
-167,-142,0
-166,-163,0
-165,-153,0
-161,-172,0
-141,-161,0
-175,-149,0
-145,-154,0
-142,-161,0
-167,-172,0
-166,-164,0
-184,-173,0
-182,-168,0
-170,-155,0
-160,-162,0
-143,-154,0
-173,-176,0
-160,-162,0
-156,-168,0
-176,-167,0
-166,-162,0
-159,-173,0
-185,-152,0
-174,-173,0
-158,-165,0
-182,-174,0
-159,-181,0
-154,-183,0
-160,-142,0
-141,-165,0
-158,-142,0
-167,-145,0
-182,-159,0
-145,-158,0
-151,-169,0
-179,-180,0
-180,-175,0
-171,-165,0
-165,-177,0
-150,-151,0
-156,-153,0
-154,-172,0
-155,-157,0
-161,-139,0
-154,-182,0
-148,-144,0
-185,-173,0
-150,-149,0
-165,-182,0
-149,-163,0
-175,-169,0
-152,-159,0
-160,-177,0
-181,-163,0
-180,-164,0
-150,-166,0
-163,-182,0
-150,-168,0
-171,-154,0
-172,-145,0
-161,-178,0
-181,-163,0
-143,-166,0
-151,-144,0
-167,-142,0
-152,-143,0
-141,-169,0
-169,-170,0
-166,-156,0
-170,-174,0
-172,-166,0
-161,-138,0
-158,-146,0
-177,-164,0
-163,-181,0
-139,-164,0
-158,-145,0
-151,-178,0
-160,-180,0
-176,-150,0
-180,-150,0
-180,-179,0
-145,-152,0
-164,-153,0
-147,-145,0
-157,-182,0
-147,-167,0
-143,-150,0
-180,-173,0
-150,-165,0
-153,-178,0
-144,-158,0
-184,-150,0
-173,-174,0
-163,-139,0
-149,-178,0
-180,-156,0
-186,-161,0
-150,-169,0
-159,-184,0
-149,-161,0
-148,-163,0
-173,-175,0
-153,-171,0
-187,-163,0
