-148,181,1
-169,161,1
-181,168,1
-166,182,1
-154,157,1
-172,179,1
-149,147,1
-169,180,1
-152,184,1
-179,179,1
-160,160,1
-159,140,1
-185,165,1
-142,152,1
-180,158,1
-165,155,1
-163,146,1
-155,149,1
-170,148,1
-174,148,1
-152,184,1
-159,181,1
-144,179,1
-171,179,1
-158,162,1
-164,176,1
-157,139,1
-185,155,1
-183,173,1
-144,146,1
-154,155,1
-161,150,1
-153,152,1
-160,140,1
-186,165,1
-151,147,1
-150,177,1
-167,174,1
-141,165,1
-156,176,1
-162,180,1
-151,179,1
-152,162,1
-161,173,1
-187,161,1
-143,153,1
-173,176,1
-156,153,1
-162,182,1
-153,140,1
-151,150,1
-180,180,1
-148,149,1
-171,172,1
-173,149,1
-143,165,1
-147,154,1
-165,176,1
-153,173,1
-177,161,1
-150,177,1
-174,175,1
-179,157,1
-163,142,1
-176,156,1
-171,153,1
-173,148,1
-159,138,1
-165,181,1
-167,159,1
-163,160,1
-180,166,1
-150,166,1
-173,182,1
-161,177,1
-179,146,1
-186,157,1
-145,157,1
-152,162,1
-149,146,1
-178,149,1
-174,145,1
-173,177,1
-148,153,1
-171,176,1
-153,143,1
-141,153,1
-147,145,1
-155,166,1
-164,163,1
-178,180,1
-176,146,1
-170,145,1
-169,185,1
-183,171,1
-163,155,1
-151,165,1
-144,169,1
-154,174,1
-165,143,1
-147,180,1
-158,179,1
-149,181,1
-154,148,1
-156,167,1
-161,176,1
-173,184,1
-178,159,1
-157,171,1
-166,161,1
-163,186,1
-169,142,1
-161,153,1
-176,148,1
-174,183,1
-176,182,1
-155,149,1
-148,158,1
-165,142,1
-163,185,1
-183,164,1
-170,149,1
-173,142,1
-174,158,1
-178,145,1
-177,160,1
-179,147,1
-150,183,1
-143,152,1
-162,156,1
-184,173,1
-146,159,1
-165,158,1
-171,159,1
-148,166,1
-166,153,1
-159,142,1
-160,178,1
-141,151,1
-178,154,1
-151,174,1
-147,165,1
-156,178,1
-150,176,1
-143,169,1
-145,165,1
-155,140,1
-165,142,1
-156,173,1
-155,173,1
-170,139,1
-161,175,1
-179,159,1
-157,160,1
-168,177,1
-177,168,1
-178,161,1
-152,161,1
-173,182,1
-155,157,1
-160,180,1
-152,149,1
-178,177,1
-141,152,1
-146,176,1
-148,178,1
-172,176,1
-163,144,1
-162,152,1
-159,139,1
-174,157,1
-170,179,1
-159,170,1
-184,154,1
-179,147,1
-160,144,1
-165,167,1
-178,176,1
-157,163,1
-158,140,1
-161,183,1
-182,162,1
-182,153,1
-185,159,1
-160,139,1
-170,178,1
-177,143,1
-174,152,1
-169,185,1
-147,167,1
-171,168,1
-146,177,1
-149,163,1
-174,178,1
-148,161,1
-150,155,1
-171,147,1
-140,171,1
-171,161,1
-165,185,1
-160,152,1
-179,173,1
-149,154,1
-140,158,1
-171,184,1
-162,162,1
-183,168,1
-178,148,1
-167,180,1
-141,162,1
-170,184,1
-146,168,1
-157,178,1
-158,147,1
-150,184,1
-161,182,1
-140,155,1
-140,169,1
-159,178,1
-152,148,1
-166,173,1
-184,162,1
-170,186,1
-178,166,1
-177,148,1
-180,162,1
-152,160,1
-178,181,1
-172,176,1
-175,158,1
-161,169,1
-175,179,1
-147,165,1
-168,177,1
-172,146,1
-140,156,1
-178,176,1
-153,167,1
-165,152,1
-162,161,1
-152,149,1
-174,178,1
-148,171,1
-157,167,1
-177,180,1
-179,173,1
-181,173,1
-175,179,1
-157,182,1
-157,164,1
148,182,0
172,145,0
162,178,0
162,152,0
156,183,0
178,176,0
142,153,0
150,180,0
142,173,0
163,141,0
156,162,0
181,152,0
181,149,0
185,165,0
172,173,0
162,138,0
158,147,0
182,171,0
149,150,0
182,170,0
178,181,0
161,178,0
152,142,0
160,154,0
158,180,0
155,163,0
161,159,0
166,143,0
151,153,0
160,170,0
145,150,0
168,159,0
179,158,0
142,161,0
172,145,0
148,180,0
172,177,0
176,151,0
179,173,0
153,179,0
145,175,0
181,169,0
172,155,0
174,181,0
153,180,0
164,172,0
175,156,0
166,187,0
176,143,0
184,168,0
150,158,0
169,151,0
166,174,0
142,154,0
173,146,0
141,164,0
171,166,0
166,146,0
158,171,0
161,169,0
156,161,0
182,177,0
163,154,0
176,142,0
178,174,0
172,166,0
164,176,0
153,168,0
159,153,0
149,143,0
161,184,0
151,160,0
146,178,0
158,174,0
151,156,0
158,153,0
184,156,0
170,153,0
151,159,0
178,155,0
180,147,0
150,168,0
156,166,0
147,162,0
158,165,0
158,177,0
162,155,0
170,174,0
170,161,0
142,162,0
165,165,0
167,185,0
153,157,0
176,171,0
177,167,0
172,172,0
146,145,0
166,163,0
158,167,0
168,156,0
161,139,0
158,153,0
169,164,0
144,177,0
150,166,0
187,166,0
175,175,0
166,163,0
177,148,0
151,168,0
166,168,0
163,145,0
183,168,0
146,159,0
158,166,0
155,175,0
173,184,0
150,164,0
161,159,0
144,174,0
142,172,0
155,147,0
143,173,0
173,165,0
142,155,0
163,186,0
145,151,0
172,184,0
152,165,0
163,187,0
144,154,0
183,153,0
147,174,0
186,167,0
172,144,0
138,159,0
170,168,0
174,164,0
159,176,0
183,150,0
186,168,0
172,150,0
146,171,0
180,164,0
167,181,0
168,181,0
150,162,0
149,150,0
145,179,0
150,157,0
182,171,0
150,169,0
163,146,0
173,145,0
145,176,0
164,163,0
158,162,0
149,149,0
162,154,0
163,149,0
172,183,0
149,183,0
165,170,0
143,165,0
178,161,0
186,163,0
150,176,0
175,150,0
159,164,0
143,161,0
161,174,0
146,168,0
177,143,0
152,174,0
154,177,0
159,183,0
156,148,0
178,146,0
167,158,0
162,144,0
152,152,0
159,177,0
165,178,0
145,153,0
142,151,0
141,162,0
174,161,0
152,175,0
157,186,0
186,158,0
169,154,0
150,146,0
162,175,0
180,161,0
173,151,0
165,185,0
166,180,0
148,147,0
156,151,0
161,161,0
178,150,0
142,166,0
177,175,0
162,154,0
150,154,0
163,160,0
178,179,0
154,171,0
178,151,0
164,142,0
141,157,0
180,177,0
158,151,0
145,152,0
168,159,0
178,160,0
155,161,0
169,157,0
154,164,0
147,160,0
186,160,0
160,160,0
144,170,0
162,179,0
148,180,0
170,140,0
176,160,0
165,155,0
171,146,0
160,163,0
166,174,0
153,144,0
157,177,0
186,168,0
160,149,0
178,143,0
182,159,0
147,147,0
158,164,0
171,150,0
168,144,0
158,164,0
186,158,0
158,160,0
177,159,0
173,171,0
147,151,0
142,158,0
179,155,0
154,168,0
164,-142,1
185,-159,1
146,-162,1
152,-171,1
143,-162,1
150,-142,1
139,-160,1
172,-181,1
184,-161,1
160,-145,1
172,-143,1
169,-177,1
166,-141,1
149,-173,1
174,-167,1
140,-154,1
175,-156,1
171,-144,1
149,-144,1
174,-149,1
182,-153,1
162,-172,1
170,-184,1
182,-164,1
160,-140,1
146,-157,1
165,-169,1
138,-161,1
158,-170,1
150,-169,1
142,-152,1
182,-163,1
139,-160,1
153,-181,1
153,-163,1
150,-158,1
158,-184,1
164,-169,1
179,-173,1
139,-167,1
177,-145,1
164,-174,1
176,-148,1
170,-143,1
153,-172,1
165,-158,1
145,-152,1
170,-155,1
166,-158,1
160,-155,1
175,-182,1
147,-146,1
157,-153,1
166,-173,1
158,-186,1
166,-153,1
142,-174,1
148,-166,1
187,-165,1
174,-160,1
157,-185,1
154,-170,1
179,-166,1
171,-159,1
153,-182,1
177,-172,1
172,-171,1
161,-178,1
175,-141,1
178,-156,1
183,-161,1
157,-143,1
147,-177,1
185,-158,1
144,-148,1
175,-162,1
170,-155,1
179,-168,1
150,-168,1
174,-141,1
138,-159,1
178,-159,1
177,-171,1
153,-159,1
149,-162,1
182,-167,1
151,-144,1
180,-157,1
183,-159,1
151,-178,1
146,-146,1
145,-179,1
155,-174,1
177,-155,1
158,-164,1
152,-162,1
161,-150,1
165,-152,1
185,-161,1
168,-181,1
155,-161,1
173,-157,1
161,-174,1
138,-163,1
163,-187,1
149,-159,1
157,-140,1
168,-158,1
174,-159,1
173,-178,1
180,-176,1
143,-160,1
160,-183,1
157,-178,1
154,-169,1
177,-151,1
169,-150,1
146,-146,1
178,-150,1
148,-156,1
144,-151,1
169,-170,1
166,-146,1
164,-187,1
172,-165,1
180,-153,1
156,-182,1
153,-144,1
158,-186,1
159,-181,1
149,-158,1
163,-157,1
179,-181,1
150,-174,1
160,-139,1
153,-176,1
142,-169,1
182,-177,1
182,-171,1
176,-149,1
167,-167,1
144,-175,1
155,-182,1
187,-162,1
145,-165,1
160,-139,1
160,-185,1
149,-149,1
178,-146,1
142,-161,1
141,-160,1
158,-166,1
145,-145,1
177,-169,1
153,-174,1
168,-171,1
161,-160,1
163,-158,1
173,-159,1
170,-186,1
148,-180,1
155,-160,1
181,-177,1
143,-149,1
166,-167,1
140,-170,1
181,-171,1
175,-160,1
167,-187,1
180,-168,1
165,-179,1
173,-173,1
186,-158,1
158,-151,1
167,-142,1
163,-183,1
181,-172,1
174,-179,1
158,-182,1
141,-173,1
149,-172,1
170,-155,1
158,-177,1
164,-144,1
162,-139,1
155,-145,1
178,-149,1
144,-172,1
166,-139,1
157,-149,1
146,-154,1
180,-154,1
185,-153,1
149,-173,1
149,-168,1
155,-168,1
175,-144,1
163,-181,1
173,-162,1
186,-163,1
156,-158,1
184,-169,1
154,-147,1
146,-157,1
152,-159,1
156,-158,1
152,-172,1
179,-148,1
181,-177,1
181,-153,1
157,-164,1
167,-166,1
139,-159,1
171,-179,1
174,-145,1
170,-151,1
176,-165,1
182,-162,1
166,-138,1
153,-142,1
179,-160,1
168,-150,1
145,-155,1
154,-164,1
170,-170,1
152,-173,1
151,-176,1
152,-159,1
166,-147,1
163,-142,1
172,-149,1
178,-158,1
184,-166,1
175,-157,1
158,-142,1
165,-152,1
170,-149,1
158,-144,1
175,-162,1
180,-148,1
147,-175,1
168,-170,1
151,-172,1
163,-141,1
169,-163,1
186,-155,1
174,-184,1
160,-154,1
151,-154,1
181,-164,1
-140,-157,0
-176,-180,0
-156,-168,0
-144,-176,0
-150,-148,0
-181,-174,0
-185,-155,0
-149,-156,0
-161,-148,0
-157,-177,0
-140,-157,0
-185,-170,0
-160,-161,0
-166,-183,0
-155,-152,0
-155,-184,0
-167,-164,0
-167,-187,0
-172,-174,0
-151,-152,0
-177,-162,0
-144,-161,0
-182,-150,0
-159,-159,0
-174,-180,0
-164,-156,0
-153,-183,0
-176,-149,0
-157,-158,0
-160,-139,0
-184,-165,0
-147,-164,0
-155,-170,0
-171,-171,0
-172,-155,0
-140,-154,0
-149,-167,0
-144,-150,0
-151,-144,0
-162,-175,0
-167,-141,0
-158,-173,0
-181,-157,0
-164,-159,0
-185,-170,0
-187,-160,0
-180,-150,0
-162,-178,0
-158,-183,0
-167,-152,0
-163,-184,0
-180,-150,0
-158,-158,0
-159,-161,0
-150,-163,0
-168,-152,0
-174,-184,0
-176,-178,0
-152,-180,0
-164,-166,0
-187,-160,0
-153,-160,0
-171,-140,0
-173,-141,0
-148,-174,0
-158,-165,0
-165,-165,0
-145,-161,0
-178,-145,0
-170,-139,0
-160,-175,0
-155,-167,0
-168,-150,0
-141,-161,0
-180,-154,0
-157,-178,0
-179,-148,0
-146,-148,0
-174,-166,0
-169,-161,0
-162,-158,0
-161,-163,0
-159,-178,0
-166,-178,0
-149,-149,0
-148,-161,0
-170,-179,0
-149,-160,0
-142,-155,0
-177,-143,0
-150,-146,0
-149,-147,0
-166,-178,0
-172,-145,0
-155,-142,0
-174,-179,0
-165,-183,0
-140,-161,0
-184,-175,0
-146,-181,0
-157,-150,0
-155,-146,0
-147,-179,0
-140,-153,0
-178,-143,0
-169,-155,0
-182,-160,0
-183,-176,0
-156,-171,0
-170,-156,0
-172,-148,0
-153,-148,0
-178,-148,0
-185,-156,0
-153,-182,0
-162,-181,0
-149,-155,0
-174,-156,0
-152,-152,0
-169,-146,0
-160,-179,0
-155,-184,0
-155,-161,0
-180,-155,0
-169,-181,0
-182,-159,0
-178,-166,0
-158,-140,0
-151,-171,0
-140,-173,0
-167,-160,0
-139,-164,0
-163,-144,0
-147,-146,0
-152,-150,0
-158,-175,0
-156,-183,0
-187,-167,0
-170,-159,0
-179,-175,0
-161,-152,0
-145,-159,0
-162,-178,0
-146,-150,0
-161,-140,0
-153,-184,0
-183,-160,0
-182,-171,0
-181,-171,0
-146,-167,0
-174,-163,0
-147,-154,0
-153,-181,0
-150,-163,0
-182,-154,0
-151,-144,0
-163,-160,0
-160,-150,0
-152,-161,0
-172,-143,0
-170,-141,0
-177,-178,0
-169,-174,0
-151,-180,0
-147,-149,0
-177,-168,0
-160,-167,0
-165,-159,0
-155,-143,0
-157,-170,0
-155,-178,0
-176,-158,0
-170,-142,0
-168,-173,0
-150,-175,0
-182,-162,0
-181,-148,0
-163,-167,0
-169,-142,0
-150,-181,0
-162,-154,0
-153,-149,0
-160,-174,0
-162,-169,0
-144,-157,0
-161,-171,0
-161,-152,0
-181,-154,0
-173,-179,0
-165,-153,0
-165,-165,0
-149,-156,0
-143,-178,0
-160,-180,0
-152,-146,0
-154,-153,0
-147,-149,0
-164,-139,0
-168,-149,0
-152,-151,0
-184,-151,0
-147,-178,0
-174,-180,0
-177,-171,0
-164,-144,0
-158,-173,0
-155,-162,0
-156,-168,0
-145,-147,0
-161,-177,0
-177,-168,0
-165,-184,0
-168,-140,0
-149,-148,0
-177,-154,0
-147,-158,0
-147,-170,0
-178,-159,0
-159,-149,0
-174,-179,0
-183,-152,0
-165,-165,0
-154,-176,0
-154,-160,0
-156,-153,0
-154,-150,0
-163,-183,0
-139,-161,0
-181,-173,0
-152,-146,0
-181,-152,0
-161,-184,0
-161,-174,0
-180,-155,0
-139,-159,0
-152,-157,0
-167,-187,0
-151,-150,0
-162,-145,0
-157,-166,0
-147,-167,0
-142,-171,0
-177,-163,0
-150,-157,0
-162,-172,0
-177,-171,0
-185,-159,0
-162,-160,0
-165,-151,0
-145,-176,0
