-164,144,1
-151,166,1
-168,151,1
-179,159,1
-132,149,1
-144,137,1
-147,139,1
-161,167,1
-147,175,1
-168,134,1
-172,153,1
-167,173,1
-176,154,1
-140,151,1
-159,172,1
-139,162,1
-143,144,1
-152,162,1
-159,156,1
-172,171,1
-142,155,1
-152,148,1
-150,144,1
-173,142,1
-148,152,1
-139,138,1
-163,141,1
-164,140,1
-179,163,1
-177,157,1
-147,166,1
-169,136,1
-158,164,1
-172,159,1
-138,164,1
-172,173,1
-158,157,1
-168,169,1
-155,151,1
-159,176,1
-166,140,1
-135,152,1
-145,160,1
-161,149,1
-179,155,1
-167,138,1
-148,152,1
-141,136,1
-156,152,1
-170,166,1
-165,146,1
-174,158,1
-141,164,1
-147,134,1
-159,159,1
-134,159,1
-152,163,1
-147,171,1
-147,146,1
-149,177,1
-145,146,1
-134,166,1
-169,169,1
-162,155,1
-144,162,1
-152,147,1
-165,159,1
-164,143,1
-171,159,1
-178,145,1
-136,146,1
-160,173,1
-135,143,1
-137,146,1
-162,170,1
-160,154,1
-146,142,1
-140,138,1
-151,165,1
-142,176,1
-162,173,1
-136,148,1
-174,166,1
-155,144,1
-163,155,1
-144,142,1
-156,172,1
-167,162,1
-171,140,1
-157,157,1
-158,179,1
-148,175,1
-148,150,1
-160,168,1
-175,142,1
-150,132,1
-138,140,1
-134,150,1
-165,153,1
-143,146,1
-166,168,1
-153,168,1
-171,145,1
-172,138,1
-169,164,1
-148,144,1
-150,136,1
-163,163,1
-165,157,1
-168,148,1
-169,173,1
-145,157,1
-139,137,1
-178,158,1
-141,172,1
-149,158,1
-161,177,1
-159,141,1
-139,140,1
-169,141,1
-169,174,1
-156,165,1
-177,146,1
-172,137,1
-140,158,1
-162,169,1
-134,158,1
-155,136,1
-159,168,1
-170,157,1
-136,164,1
-158,139,1
-155,161,1
-174,167,1
-162,136,1
-145,134,1
-140,151,1
-149,157,1
-162,141,1
-167,164,1
-169,174,1
-135,148,1
-163,149,1
-136,150,1
-132,149,1
-161,169,1
-154,147,1
-155,136,1
-163,133,1
-154,131,1
-160,132,1
-166,147,1
-180,154,1
-159,134,1
-147,154,1
-158,142,1
-147,139,1
-151,136,1
-173,170,1
-158,144,1
-179,149,1
-145,152,1
-156,161,1
-148,159,1
-154,157,1
-141,146,1
-180,155,1
-157,177,1
-169,151,1
-175,169,1
-135,148,1
-162,146,1
-135,148,1
-163,164,1
-173,150,1
-140,139,1
-172,152,1
-149,153,1
-177,157,1
-153,155,1
-158,133,1
-151,142,1
-171,155,1
-170,142,1
-149,133,1
-164,155,1
-141,166,1
-163,147,1
-167,153,1
-139,159,1
-133,151,1
-148,147,1
-134,157,1
-136,163,1
-139,137,1
-162,153,1
-178,151,1
-152,134,1
-154,144,1
-149,158,1
-136,165,1
-152,166,1
-166,137,1
-158,161,1
-148,153,1
-135,155,1
-160,134,1
-136,155,1
-151,178,1
-149,134,1
-157,162,1
-159,162,1
-152,166,1
-157,133,1
-169,143,1
-169,143,1
-145,141,1
-167,144,1
-147,177,1
-140,149,1
-163,144,1
-141,158,1
-143,145,1
-174,163,1
-148,173,1
-152,176,1
-168,140,1
-177,147,1
-165,136,1
-172,141,1
-163,168,1
-149,161,1
-165,171,1
-173,170,1
-169,160,1
-148,133,1
-148,171,1
-137,170,1
-163,158,1
-139,163,1
-132,160,1
-135,158,1
-175,155,1
-150,165,1
-143,161,1
-136,169,1
-165,160,1
-173,154,1
-147,146,1
-150,145,1
145,157,0
159,179,0
147,142,0
161,138,0
154,177,0
156,139,0
155,166,0
172,141,0
138,160,0
174,169,0
142,170,0
177,147,0
178,154,0
134,144,0
175,153,0
155,163,0
174,152,0
133,163,0
156,137,0
171,151,0
162,135,0
155,179,0
138,160,0
163,138,0
160,170,0
151,146,0
157,177,0
145,145,0
136,160,0
159,144,0
156,176,0
136,155,0
175,158,0
166,138,0
176,157,0
180,155,0
159,177,0
149,164,0
155,140,0
160,150,0
142,136,0
137,155,0
160,175,0
179,162,0
166,142,0
171,171,0
153,154,0
144,160,0
165,141,0
145,163,0
140,139,0
169,152,0
170,137,0
164,168,0
178,162,0
159,169,0
167,134,0
176,148,0
172,166,0
179,151,0
156,148,0
167,152,0
173,147,0
168,150,0
157,143,0
176,144,0
158,133,0
135,166,0
145,142,0
161,144,0
176,159,0
150,179,0
154,177,0
168,154,0
160,138,0
163,154,0
152,165,0
155,136,0
175,162,0
135,165,0
160,160,0
162,168,0
164,171,0
170,163,0
173,152,0
155,131,0
146,145,0
146,161,0
142,161,0
146,178,0
164,148,0
142,176,0
151,151,0
135,149,0
155,171,0
165,152,0
153,140,0
157,170,0
152,165,0
148,143,0
173,151,0
164,171,0
160,131,0
145,154,0
144,153,0
135,146,0
137,146,0
136,159,0
140,141,0
170,137,0
165,172,0
161,144,0
179,157,0
136,155,0
145,163,0
141,168,0
167,136,0
164,154,0
157,167,0
174,162,0
168,165,0
140,153,0
177,162,0
138,173,0
147,159,0
169,153,0
159,148,0
162,179,0
159,142,0
169,144,0
145,154,0
167,146,0
133,163,0
152,139,0
157,140,0
175,160,0
156,151,0
151,180,0
156,140,0
179,149,0
161,171,0
175,146,0
149,165,0
160,173,0
140,164,0
154,164,0
163,141,0
132,161,0
153,176,0
148,142,0
157,160,0
160,176,0
177,146,0
148,170,0
145,161,0
176,142,0
163,135,0
131,152,0
159,177,0
156,153,0
133,160,0
166,134,0
159,149,0
175,157,0
169,158,0
136,159,0
152,154,0
159,132,0
147,166,0
165,162,0
160,169,0
143,153,0
139,148,0
171,175,0
179,152,0
150,135,0
137,171,0
160,141,0
143,173,0
168,162,0
148,156,0
156,158,0
143,138,0
151,150,0
175,162,0
152,168,0
146,138,0
162,156,0
133,155,0
155,162,0
135,165,0
136,154,0
148,161,0
137,167,0
153,168,0
138,167,0
158,138,0
132,158,0
134,157,0
179,147,0
157,169,0
180,155,0
138,141,0
167,174,0
148,133,0
161,145,0
166,149,0
174,171,0
169,163,0
153,157,0
157,146,0
151,158,0
164,172,0
141,139,0
147,142,0
168,160,0
155,135,0
142,153,0
159,152,0
168,138,0
145,161,0
144,175,0
165,157,0
152,162,0
135,158,0
142,164,0
150,134,0
144,146,0
148,150,0
154,167,0
157,175,0
135,160,0
177,159,0
171,147,0
140,166,0
155,169,0
154,153,0
167,163,0
173,151,0
155,139,0
146,164,0
167,145,0
138,170,0
146,134,0
161,178,0
167,155,0
168,167,0
170,163,0
152,162,0
157,156,0
147,-160,1
162,-159,1
150,-155,1
143,-166,1
172,-145,1
132,-156,1
154,-149,1
159,-132,1
160,-154,1
164,-166,1
144,-134,1
154,-173,1
156,-174,1
137,-151,1
149,-137,1
137,-147,1
158,-157,1
147,-160,1
143,-171,1
135,-161,1
133,-162,1
175,-156,1
150,-134,1
151,-144,1
151,-156,1
145,-165,1
139,-155,1
140,-150,1
139,-139,1
175,-164,1
146,-141,1
144,-137,1
147,-179,1
176,-145,1
132,-162,1
138,-160,1
148,-152,1
142,-140,1
160,-137,1
175,-145,1
133,-160,1
139,-164,1
159,-179,1
170,-163,1
144,-169,1
166,-136,1
149,-158,1
162,-172,1
151,-153,1
140,-141,1
150,-178,1
144,-145,1
140,-161,1
162,-142,1
171,-140,1
149,-172,1
168,-157,1
175,-154,1
170,-149,1
173,-146,1
169,-156,1
163,-137,1
154,-155,1
155,-163,1
163,-179,1
145,-177,1
172,-155,1
172,-163,1
135,-166,1
142,-138,1
146,-160,1
159,-162,1
169,-138,1
139,-141,1
163,-174,1
145,-166,1
171,-168,1
136,-168,1
172,-162,1
136,-162,1
156,-154,1
168,-170,1
150,-154,1
153,-150,1
150,-169,1
143,-159,1
163,-133,1
140,-138,1
162,-154,1
147,-167,1
151,-142,1
157,-179,1
179,-153,1
140,-173,1
153,-162,1
166,-157,1
157,-152,1
161,-135,1
143,-171,1
156,-174,1
176,-165,1
154,-169,1
158,-157,1
166,-144,1
140,-168,1
169,-170,1
166,-171,1
176,-146,1
150,-174,1
143,-164,1
153,-178,1
156,-162,1
179,-158,1
143,-146,1
163,-159,1
167,-171,1
158,-150,1
162,-179,1
161,-138,1
142,-168,1
153,-157,1
137,-165,1
151,-151,1
145,-167,1
149,-168,1
138,-170,1
159,-149,1
174,-161,1
162,-178,1
151,-165,1
173,-147,1
157,-170,1
148,-159,1
142,-154,1
154,-179,1
153,-168,1
151,-179,1
177,-167,1
145,-146,1
174,-141,1
148,-165,1
146,-161,1
159,-151,1
141,-154,1
162,-152,1
170,-159,1
166,-135,1
145,-135,1
161,-155,1
179,-150,1
168,-165,1
163,-156,1
159,-180,1
165,-143,1
172,-141,1
137,-166,1
157,-180,1
151,-148,1
159,-172,1
133,-152,1
162,-139,1
176,-147,1
170,-160,1
173,-152,1
160,-173,1
155,-133,1
140,-154,1
152,-152,1
180,-153,1
164,-133,1
154,-158,1
156,-174,1
153,-143,1
164,-149,1
154,-155,1
180,-153,1
177,-164,1
151,-166,1
163,-132,1
169,-171,1
150,-149,1
157,-151,1
159,-180,1
155,-174,1
163,-141,1
133,-146,1
159,-152,1
154,-146,1
134,-154,1
171,-157,1
154,-156,1
164,-139,1
144,-173,1
148,-158,1
156,-135,1
157,-172,1
144,-135,1
154,-137,1
175,-164,1
141,-142,1
158,-142,1
169,-145,1
156,-142,1
154,-179,1
132,-152,1
165,-175,1
149,-169,1
139,-172,1
163,-150,1
168,-156,1
168,-158,1
179,-162,1
153,-142,1
150,-143,1
152,-158,1
157,-178,1
138,-139,1
155,-175,1
136,-151,1
175,-171,1
159,-165,1
161,-161,1
156,-155,1
165,-173,1
148,-143,1
164,-139,1
158,-167,1
160,-177,1
157,-139,1
134,-159,1
147,-176,1
163,-149,1
158,-168,1
145,-152,1
169,-137,1
155,-140,1
151,-155,1
151,-143,1
134,-165,1
154,-168,1
158,-151,1
136,-152,1
156,-165,1
173,-172,1
164,-150,1
174,-170,1
166,-145,1
167,-150,1
165,-151,1
146,-178,1
-140,-147,0
-139,-150,0
-167,-160,0
-162,-156,0
-160,-176,0
-150,-134,0
-154,-143,0
-139,-154,0
-150,-154,0
-142,-168,0
-169,-145,0
-136,-145,0
-145,-156,0
-153,-149,0
-154,-176,0
-162,-166,0
-151,-150,0
-151,-149,0
-157,-166,0
-167,-148,0
-167,-144,0
-160,-163,0
-152,-174,0
-166,-170,0
-163,-146,0
-148,-171,0
-137,-171,0
-163,-167,0
-167,-146,0
-145,-174,0
-145,-137,0
-147,-149,0
-138,-173,0
-146,-175,0
-141,-145,0
-145,-163,0
-168,-147,0
-135,-153,0
-175,-152,0
-158,-135,0
-153,-141,0
-154,-150,0
-148,-142,0
-171,-155,0
-172,-140,0
-156,-163,0
-144,-140,0
-160,-157,0
-139,-149,0
-169,-159,0
-168,-164,0
-162,-176,0
-169,-154,0
-162,-175,0
-164,-171,0
-157,-168,0
-136,-141,0
-164,-166,0
-134,-163,0
-172,-157,0
-172,-162,0
-141,-141,0
-153,-170,0
-165,-174,0
-149,-143,0
-174,-142,0
-161,-132,0
-147,-155,0
-174,-152,0
-138,-146,0
-164,-136,0
-171,-164,0
-165,-141,0
-139,-148,0
-133,-159,0
-138,-141,0
-157,-138,0
-169,-176,0
-145,-149,0
-177,-162,0
-170,-136,0
-143,-140,0
-177,-165,0
-133,-148,0
-133,-154,0
-155,-132,0
-151,-176,0
-173,-154,0
-138,-167,0
-174,-150,0
-158,-154,0
-168,-160,0
-170,-152,0
-136,-147,0
-157,-168,0
-166,-158,0
-142,-166,0
-143,-150,0
-144,-157,0
-142,-139,0
-163,-142,0
-166,-170,0
-132,-157,0
-172,-137,0
-173,-151,0
-159,-168,0
-162,-140,0
-145,-154,0
-134,-149,0
-149,-138,0
-153,-156,0
-178,-153,0
-144,-166,0
-168,-155,0
-170,-148,0
-150,-170,0
-177,-147,0
-166,-176,0
-153,-148,0
-163,-166,0
-132,-160,0
-165,-154,0
-146,-150,0
-162,-161,0
-174,-142,0
-150,-179,0
-153,-153,0
-151,-165,0
-164,-141,0
-145,-137,0
-172,-146,0
-167,-162,0
-176,-166,0
-150,-154,0
-162,-141,0
-141,-139,0
-169,-147,0
-147,-161,0
-143,-164,0
-151,-160,0
-137,-141,0
-152,-136,0
-151,-159,0
-154,-165,0
-177,-154,0
-161,-177,0
-170,-144,0
-156,-178,0
-151,-141,0
-165,-177,0
-134,-155,0
-175,-153,0
-168,-139,0
-151,-153,0
-141,-163,0
-131,-156,0
-159,-151,0
-165,-166,0
-138,-168,0
-149,-153,0
-151,-133,0
-142,-175,0
-173,-147,0
-144,-169,0
-160,-154,0
-152,-172,0
-153,-176,0
-153,-152,0
-145,-168,0
-143,-139,0
-167,-139,0
-149,-146,0
-178,-155,0
-156,-156,0
-151,-146,0
-156,-178,0
-137,-141,0
-138,-166,0
-147,-159,0
-172,-146,0
-151,-149,0
-163,-133,0
-144,-158,0
-133,-145,0
-145,-166,0
-162,-154,0
-162,-165,0
-166,-148,0
-163,-133,0
-143,-137,0
-169,-165,0
-178,-160,0
-154,-157,0
-160,-147,0
-155,-134,0
-147,-151,0
-152,-154,0
-157,-146,0
-167,-166,0
-158,-138,0
-157,-170,0
-170,-158,0
-178,-154,0
-169,-167,0
-135,-157,0
-136,-168,0
-154,-171,0
-165,-156,0
-178,-151,0
-161,-164,0
-151,-158,0
-164,-142,0
-170,-161,0
-164,-160,0
-167,-177,0
-163,-150,0
-142,-154,0
-154,-160,0
-145,-137,0
-170,-175,0
-144,-162,0
-178,-156,0
-136,-152,0
-156,-138,0
-169,-160,0
-159,-175,0
-165,-144,0
-143,-151,0
-150,-134,0
-136,-140,0
-149,-156,0
-154,-173,0
-151,-134,0
-159,-157,0
-155,-177,0
-149,-161,0
-135,-168,0
-161,-178,0
-139,-162,0
-140,-174,0
-150,-178,0
-161,-163,0
-155,-138,0
-155,-173,0
-137,-146,0
-151,-153,0
-153,-156,0
-159,-152,0
-161,-168,0
-155,-139,0
