-148,174,1
-151,156,1
-147,157,1
-161,134,1
-167,164,1
-167,143,1
-133,160,1
-154,151,1
-162,139,1
-163,171,1
-151,170,1
-170,141,1
-155,154,1
-162,138,1
-150,151,1
-146,140,1
-165,175,1
-156,154,1
-138,143,1
-167,150,1
-154,174,1
-141,172,1
-156,134,1
-165,158,1
-136,148,1
-148,163,1
-133,155,1
-146,158,1
-164,159,1
-159,161,1
-178,154,1
-141,148,1
-144,164,1
-166,144,1
-165,170,1
-147,146,1
-134,153,1
-153,163,1
-156,160,1
-162,164,1
-138,156,1
-163,147,1
-168,147,1
-174,151,1
-139,168,1
-133,159,1
-156,151,1
-140,168,1
-141,137,1
-164,160,1
-180,153,1
-140,154,1
-151,167,1
-179,153,1
-149,144,1
-168,160,1
-140,173,1
-160,150,1
-180,152,1
-140,175,1
-172,164,1
-177,165,1
-160,133,1
-166,161,1
-166,143,1
-148,147,1
-161,172,1
-155,173,1
-139,171,1
-172,159,1
-173,139,1
-137,149,1
-165,176,1
-167,168,1
-160,169,1
-147,135,1
-165,166,1
-132,159,1
-156,141,1
-147,144,1
-141,141,1
-177,160,1
-153,144,1
-176,147,1
-162,145,1
-143,144,1
-179,148,1
-152,143,1
-168,160,1
-140,137,1
-173,147,1
-139,157,1
-140,159,1
-158,139,1
-142,148,1
-171,151,1
-142,140,1
-146,160,1
-144,169,1
-146,172,1
-172,164,1
-160,136,1
-149,147,1
-141,137,1
-141,165,1
-164,164,1
-142,167,1
-173,160,1
-157,141,1
-135,149,1
-166,139,1
-155,166,1
-163,153,1
-153,173,1
-172,172,1
-155,177,1
-151,166,1
-157,148,1
-158,151,1
-153,141,1
-173,151,1
-154,176,1
-178,150,1
-155,160,1
-141,161,1
-135,144,1
-174,149,1
-168,177,1
-151,170,1
-141,139,1
-162,149,1
-151,166,1
-167,171,1
-170,145,1
-156,135,1
-152,136,1
-156,132,1
-174,166,1
-145,157,1
-160,132,1
-151,156,1
-164,163,1
-154,156,1
-146,160,1
-149,159,1
-138,147,1
-158,140,1
-170,150,1
-142,173,1
-152,167,1
-154,142,1
-145,138,1
-158,163,1
-141,152,1
-166,138,1
-170,144,1
-164,148,1
-163,159,1
-152,151,1
-153,170,1
-141,154,1
-180,159,1
-169,146,1
-152,146,1
-165,162,1
-160,133,1
-163,178,1
-153,144,1
-140,150,1
-148,173,1
-170,162,1
-139,140,1
-142,151,1
-145,133,1
-154,177,1
-166,163,1
-144,138,1
-167,148,1
-134,161,1
-160,165,1
-140,165,1
-137,143,1
-151,163,1
-158,156,1
-162,144,1
-134,147,1
-143,149,1
-133,166,1
-150,155,1
-174,159,1
-145,134,1
-134,147,1
-138,151,1
-166,160,1
-177,164,1
-142,165,1
-155,139,1
-147,179,1
-164,156,1
-160,156,1
-146,136,1
-134,159,1
-144,176,1
-154,166,1
-163,139,1
-155,146,1
-139,156,1
-151,147,1
-138,171,1
-165,173,1
-144,146,1
-153,147,1
-170,174,1
-147,162,1
-132,149,1
-169,162,1
-146,149,1
-159,173,1
-164,152,1
-137,143,1
-137,164,1
-164,155,1
-138,156,1
-157,136,1
-159,169,1
-143,135,1
-164,149,1
-139,153,1
-155,164,1
-139,144,1
-169,171,1
-175,145,1
-156,180,1
-136,168,1
-158,139,1
-144,152,1
-171,167,1
-142,170,1
-134,167,1
-140,171,1
-139,160,1
-143,146,1
-167,153,1
-141,174,1
-149,174,1
-156,170,1
-135,163,1
-178,149,1
-162,155,1
-169,150,1
151,172,0
140,144,0
134,162,0
159,151,0
156,155,0
174,151,0
160,170,0
139,150,0
140,150,0
152,164,0
159,172,0
166,176,0
174,159,0
174,140,0
153,156,0
159,142,0
146,138,0
137,155,0
160,165,0
166,150,0
172,150,0
173,165,0
143,148,0
153,158,0
167,163,0
146,152,0
163,164,0
170,139,0
169,158,0
169,162,0
153,133,0
147,141,0
152,142,0
153,131,0
169,159,0
148,145,0
144,176,0
162,133,0
175,166,0
171,160,0
157,168,0
160,132,0
152,136,0
152,154,0
167,173,0
163,162,0
161,177,0
168,134,0
160,155,0
132,152,0
155,155,0
154,165,0
175,145,0
156,178,0
170,153,0
162,141,0
148,140,0
136,153,0
147,160,0
147,137,0
141,151,0
147,150,0
157,152,0
152,148,0
171,156,0
144,167,0
171,141,0
153,136,0
179,155,0
156,159,0
138,170,0
154,144,0
153,171,0
168,170,0
157,157,0
160,145,0
151,174,0
139,156,0
148,178,0
149,159,0
145,156,0
149,139,0
158,179,0
180,159,0
156,140,0
137,161,0
143,148,0
179,154,0
132,159,0
149,173,0
140,139,0
131,155,0
152,158,0
147,145,0
167,161,0
160,135,0
158,178,0
173,146,0
159,171,0
160,141,0
156,159,0
135,146,0
174,146,0
134,147,0
163,134,0
144,171,0
146,159,0
177,147,0
176,160,0
179,154,0
160,152,0
158,161,0
140,136,0
157,140,0
139,142,0
158,151,0
143,138,0
169,145,0
178,158,0
160,138,0
155,163,0
166,158,0
161,178,0
167,135,0
156,139,0
150,165,0
156,175,0
160,137,0
161,176,0
153,177,0
155,176,0
152,134,0
134,167,0
150,161,0
165,147,0
152,170,0
145,174,0
170,138,0
158,180,0
159,157,0
166,157,0
155,140,0
141,141,0
171,145,0
159,144,0
146,154,0
160,168,0
164,164,0
154,132,0
131,159,0
161,136,0
150,143,0
164,144,0
135,147,0
178,162,0
170,175,0
158,132,0
173,151,0
174,139,0
159,178,0
146,170,0
146,168,0
153,177,0
167,144,0
158,178,0
160,138,0
155,134,0
169,151,0
162,155,0
167,145,0
173,152,0
150,176,0
162,156,0
169,156,0
137,155,0
170,169,0
163,135,0
173,167,0
164,170,0
146,173,0
142,142,0
143,134,0
142,167,0
145,153,0
162,135,0
144,156,0
170,174,0
161,135,0
134,167,0
140,170,0
147,175,0
172,154,0
142,142,0
154,160,0
161,157,0
162,133,0
143,157,0
158,170,0
139,144,0
168,165,0
154,146,0
149,151,0
140,156,0
151,172,0
139,166,0
163,158,0
141,153,0
171,166,0
140,158,0
153,178,0
175,155,0
164,155,0
166,139,0
163,147,0
179,158,0
154,134,0
142,143,0
156,156,0
155,152,0
155,176,0
178,145,0
137,146,0
155,138,0
153,142,0
142,175,0
174,166,0
145,145,0
162,145,0
166,173,0
154,152,0
149,176,0
143,176,0
179,152,0
139,141,0
177,152,0
143,136,0
140,161,0
139,161,0
155,163,0
144,175,0
166,148,0
159,143,0
138,149,0
172,138,0
168,159,0
149,151,0
161,148,0
162,147,0
142,136,0
161,135,0
163,-178,1
138,-153,1
134,-153,1
176,-152,1
158,-177,1
145,-134,1
178,-150,1
138,-166,1
131,-151,1
152,-165,1
141,-167,1
154,-179,1
158,-158,1
147,-178,1
176,-169,1
155,-137,1
160,-139,1
140,-155,1
144,-135,1
143,-143,1
174,-158,1
171,-162,1
137,-172,1
147,-133,1
166,-145,1
180,-151,1
136,-161,1
156,-173,1
169,-136,1
178,-157,1
140,-152,1
165,-178,1
143,-158,1
137,-140,1
133,-152,1
152,-150,1
132,-156,1
152,-135,1
178,-153,1
168,-176,1
171,-151,1
144,-160,1
164,-171,1
167,-140,1
160,-152,1
172,-145,1
142,-164,1
178,-150,1
160,-155,1
148,-156,1
162,-143,1
156,-171,1
133,-149,1
154,-147,1
166,-141,1
146,-175,1
172,-162,1
173,-153,1
160,-165,1
133,-166,1
151,-156,1
162,-154,1
159,-138,1
175,-170,1
166,-169,1
161,-161,1
152,-142,1
148,-146,1
177,-152,1
167,-143,1
148,-149,1
170,-156,1
170,-139,1
151,-179,1
140,-136,1
134,-167,1
154,-131,1
160,-139,1
149,-146,1
170,-150,1
171,-166,1
131,-158,1
145,-150,1
162,-147,1
171,-140,1
137,-141,1
160,-168,1
172,-170,1
146,-175,1
145,-164,1
142,-159,1
172,-167,1
150,-157,1
166,-158,1
140,-145,1
161,-146,1
157,-174,1
154,-163,1
151,-162,1
174,-168,1
168,-154,1
180,-153,1
157,-148,1
135,-164,1
153,-142,1
161,-146,1
171,-159,1
161,-141,1
167,-170,1
179,-150,1
173,-164,1
143,-152,1
152,-155,1
173,-168,1
152,-161,1
166,-173,1
153,-155,1
141,-142,1
145,-138,1
164,-174,1
141,-150,1
144,-171,1
142,-163,1
162,-156,1
172,-153,1
149,-143,1
138,-170,1
168,-146,1
138,-155,1
169,-150,1
178,-158,1
149,-139,1
163,-142,1
154,-148,1
169,-147,1
159,-176,1
133,-156,1
160,-148,1
177,-161,1
140,-156,1
147,-135,1
146,-171,1
172,-155,1
168,-149,1
172,-165,1
175,-159,1
135,-162,1
163,-160,1
156,-168,1
147,-175,1
146,-173,1
135,-143,1
178,-163,1
145,-156,1
167,-144,1
161,-165,1
162,-148,1
166,-156,1
149,-178,1
145,-154,1
164,-160,1
159,-180,1
155,-180,1
153,-160,1
170,-163,1
146,-133,1
171,-160,1
171,-175,1
159,-172,1
140,-174,1
142,-144,1
153,-166,1
173,-170,1
142,-163,1
134,-151,1
171,-157,1
168,-150,1
150,-152,1
174,-150,1
158,-165,1
171,-149,1
149,-165,1
168,-155,1
162,-172,1
178,-155,1
173,-165,1
161,-158,1
152,-149,1
169,-161,1
135,-158,1
145,-138,1
169,-136,1
151,-178,1
158,-156,1
166,-152,1
145,-135,1
137,-150,1
174,-161,1
178,-145,1
148,-150,1
167,-175,1
177,-154,1
169,-169,1
167,-157,1
159,-163,1
142,-153,1
136,-160,1
147,-171,1
162,-169,1
174,-164,1
171,-141,1
132,-161,1
147,-137,1
149,-137,1
157,-174,1
171,-153,1
168,-144,1
153,-164,1
145,-156,1
144,-166,1
174,-139,1
137,-166,1
168,-158,1
136,-140,1
141,-162,1
153,-157,1
165,-169,1
159,-151,1
138,-172,1
155,-133,1
168,-134,1
152,-177,1
148,-155,1
146,-154,1
164,-153,1
158,-171,1
168,-171,1
164,-165,1
167,-172,1
167,-150,1
155,-146,1
135,-162,1
174,-159,1
143,-173,1
150,-161,1
180,-157,1
143,-170,1
166,-170,1
136,-151,1
140,-150,1
-163,-143,0
-171,-166,0
-155,-151,0
-174,-157,0
-143,-172,0
-147,-134,0
-171,-158,0
-164,-151,0
-136,-163,0
-156,-156,0
-172,-172,0
-166,-158,0
-143,-173,0
-144,-166,0
-134,-158,0
-138,-142,0
-162,-147,0
-143,-150,0
-134,-168,0
-168,-154,0
-144,-156,0
-140,-151,0
-166,-154,0
-144,-134,0
-158,-146,0
-144,-171,0
-171,-154,0
-135,-165,0
-168,-165,0
-155,-163,0
-171,-158,0
-156,-135,0
-172,-150,0
-152,-173,0
-159,-138,0
-162,-156,0
-150,-151,0
-161,-161,0
-166,-168,0
-163,-177,0
-139,-151,0
-158,-131,0
-143,-167,0
-172,-149,0
-136,-167,0
-166,-142,0
-158,-155,0
-180,-158,0
-146,-176,0
-142,-163,0
-145,-168,0
-172,-166,0
-160,-144,0
-156,-147,0
-147,-134,0
-136,-160,0
-172,-159,0
-154,-167,0
-161,-134,0
-156,-171,0
-141,-169,0
-150,-166,0
-165,-177,0
-144,-173,0
-133,-145,0
-176,-165,0
-164,-140,0
-152,-162,0
-175,-165,0
-151,-171,0
-174,-169,0
-133,-160,0
-150,-143,0
-157,-158,0
-146,-138,0
-158,-160,0
-133,-152,0
-140,-148,0
-155,-148,0
-170,-147,0
-153,-147,0
-168,-145,0
-174,-172,0
-149,-153,0
-171,-164,0
-159,-139,0
-150,-177,0
-146,-166,0
-142,-150,0
-149,-168,0
-148,-179,0
-174,-163,0
-166,-172,0
-155,-180,0
-176,-159,0
-145,-157,0
-151,-131,0
-157,-173,0
-158,-163,0
-159,-140,0
-143,-173,0
-150,-142,0
-149,-175,0
-135,-164,0
-171,-138,0
-168,-177,0
-158,-170,0
-156,-133,0
-145,-161,0
-141,-148,0
-175,-154,0
-153,-135,0
-173,-155,0
-168,-163,0
-174,-171,0
-175,-163,0
-166,-175,0
-174,-159,0
-169,-160,0
-146,-141,0
-166,-161,0
-169,-138,0
-160,-175,0
-150,-142,0
-153,-144,0
-142,-145,0
-166,-145,0
-173,-152,0
-179,-161,0
-148,-134,0
-142,-139,0
-151,-179,0
-132,-155,0
-163,-142,0
-153,-154,0
-169,-145,0
-153,-179,0
-153,-152,0
-172,-173,0
-136,-150,0
-139,-174,0
-179,-158,0
-163,-151,0
-148,-159,0
-163,-149,0
-148,-156,0
-145,-149,0
-135,-149,0
-150,-172,0
-143,-135,0
-146,-145,0
-134,-147,0
-155,-148,0
-148,-150,0
-157,-162,0
-172,-138,0
-161,-147,0
-165,-135,0
-158,-147,0
-158,-164,0
-148,-133,0
-175,-140,0
-138,-169,0
-157,-157,0
-163,-171,0
-152,-153,0
-139,-144,0
-153,-132,0
-159,-155,0
-146,-133,0
-175,-150,0
-134,-152,0
-134,-155,0
-157,-159,0
-143,-137,0
-162,-176,0
-141,-172,0
-150,-156,0
-154,-164,0
-136,-150,0
-144,-150,0
-162,-143,0
-137,-140,0
-171,-171,0
-159,-138,0
-164,-178,0
-154,-137,0
-143,-137,0
-167,-167,0
-152,-158,0
-163,-161,0
-152,-160,0
-172,-142,0
-151,-161,0
-135,-145,0
-158,-165,0
-143,-177,0
-165,-136,0
-151,-163,0
-143,-137,0
-146,-136,0
-178,-152,0
-141,-153,0
-165,-176,0
-142,-163,0
-152,-152,0
-154,-167,0
-175,-152,0
-155,-156,0
-173,-159,0
-162,-154,0
-161,-175,0
-166,-137,0
-154,-180,0
-150,-160,0
-170,-155,0
-153,-150,0
-144,-166,0
-146,-172,0
-138,-142,0
-154,-165,0
-177,-155,0
-138,-155,0
-162,-165,0
-139,-150,0
-151,-133,0
-168,-174,0
-141,-151,0
-158,-136,0
-140,-138,0
-171,-162,0
-136,-150,0
-170,-173,0
-177,-157,0
-166,-164,0
-178,-147,0
-173,-155,0
-149,-141,0
-168,-158,0
-137,-154,0
-131,-156,0
-142,-164,0
-166,-169,0
-152,-153,0
-161,-139,0
-166,-146,0
-173,-145,0
-159,-142,0
-149,-134,0
-137,-165,0
