-158,135,1
-154,174,1
-148,150,1
-171,171,1
-131,153,1
-152,150,1
-152,141,1
-176,152,1
-155,131,1
-152,177,1
-176,164,1
-154,138,1
-164,157,1
-176,146,1
-170,173,1
-154,142,1
-139,157,1
-171,150,1
-171,170,1
-175,140,1
-169,154,1
-159,178,1
-161,154,1
-138,159,1
-178,152,1
-171,173,1
-147,166,1
-176,146,1
-173,143,1
-155,177,1
-176,155,1
-153,168,1
-162,177,1
-156,178,1
-138,151,1
-166,166,1
-165,172,1
-139,140,1
-137,147,1
-155,133,1
-169,135,1
-172,169,1
-133,159,1
-159,170,1
-149,147,1
-137,172,1
-153,137,1
-149,148,1
-156,148,1
-177,162,1
-143,136,1
-173,152,1
-169,152,1
-148,134,1
-154,173,1
-174,164,1
-134,161,1
-171,175,1
-168,175,1
-171,165,1
-152,161,1
-174,147,1
-138,164,1
-170,175,1
-148,134,1
-152,150,1
-144,155,1
-165,157,1
-161,137,1
-156,167,1
-179,157,1
-148,144,1
-167,153,1
-178,147,1
-163,140,1
-160,132,1
-170,145,1
-137,161,1
-179,150,1
-140,164,1
-145,175,1
-163,135,1
-152,153,1
-177,161,1
-175,159,1
-174,164,1
-173,161,1
-154,167,1
-170,163,1
-160,143,1
-149,147,1
-165,146,1
-141,158,1
-174,167,1
-159,175,1
-148,137,1
-155,143,1
-160,153,1
-176,158,1
-166,178,1
-157,166,1
-163,138,1
-145,166,1
-152,169,1
-156,148,1
-134,161,1
-154,172,1
-167,152,1
-161,155,1
-175,164,1
-170,154,1
-139,151,1
-132,159,1
-160,140,1
-140,158,1
-138,168,1
-158,170,1
-155,141,1
-152,180,1
-155,178,1
-136,171,1
-175,168,1
-159,170,1
-175,170,1
-158,156,1
-158,174,1
-150,166,1
-172,143,1
-142,161,1
-149,149,1
-136,151,1
-167,163,1
-148,163,1
-157,156,1
-149,144,1
-156,172,1
-148,136,1
-164,144,1
-141,171,1
-150,145,1
-177,168,1
-136,168,1
-178,163,1
-173,170,1
-155,132,1
-135,162,1
-158,171,1
-140,141,1
-141,162,1
-151,152,1
-155,167,1
-169,150,1
-134,156,1
-160,174,1
-142,155,1
-147,175,1
-143,143,1
-153,172,1
-163,170,1
-154,153,1
-174,162,1
-179,149,1
-170,149,1
-162,165,1
-138,161,1
-155,170,1
-167,173,1
-140,138,1
-166,161,1
-173,169,1
-166,157,1
-154,156,1
-143,171,1
-150,155,1
-140,166,1
-180,153,1
-140,175,1
-160,164,1
-170,138,1
-162,161,1
-164,178,1
-173,167,1
-177,152,1
-167,176,1
-166,159,1
-144,159,1
-135,151,1
-167,139,1
-155,170,1
-169,154,1
-170,174,1
-156,153,1
-160,154,1
-163,154,1
-145,147,1
-156,170,1
-171,154,1
-171,161,1
-142,150,1
-131,159,1
-134,161,1
-169,149,1
-157,136,1
-141,157,1
-160,159,1
-154,133,1
-158,179,1
-148,143,1
-165,158,1
-151,147,1
-167,157,1
-143,159,1
-166,134,1
-145,173,1
-160,170,1
-157,152,1
-138,157,1
-136,164,1
-157,163,1
-149,154,1
-163,132,1
-158,165,1
-169,139,1
-149,135,1
-163,150,1
-180,160,1
-155,178,1
-160,170,1
-159,168,1
-174,158,1
-148,149,1
-174,164,1
-140,145,1
-144,152,1
-136,160,1
-158,158,1
-157,136,1
-136,160,1
-142,173,1
-156,158,1
-150,145,1
-142,164,1
-144,157,1
-143,149,1
-168,162,1
-157,169,1
-134,143,1
-152,144,1
-165,135,1
-155,180,1
144,142,0
134,166,0
158,168,0
143,160,0
150,171,0
149,153,0
173,148,0
158,174,0
140,166,0
156,150,0
142,140,0
171,174,0
174,161,0
151,133,0
168,169,0
160,164,0
166,145,0
173,143,0
140,160,0
131,158,0
132,151,0
156,164,0
159,138,0
162,173,0
142,152,0
156,169,0
156,167,0
147,145,0
157,171,0
175,151,0
146,134,0
145,169,0
145,162,0
171,166,0
142,167,0
142,172,0
149,162,0
133,156,0
140,149,0
171,142,0
135,156,0
144,173,0
171,149,0
164,156,0
155,145,0
154,144,0
136,146,0
151,139,0
167,169,0
145,176,0
174,152,0
157,145,0
134,160,0
153,156,0
149,178,0
154,149,0
138,160,0
176,162,0
135,163,0
163,145,0
145,137,0
133,154,0
176,159,0
167,156,0
148,156,0
171,139,0
155,171,0
158,132,0
170,149,0
172,160,0
133,157,0
137,158,0
176,159,0
163,149,0
138,168,0
135,144,0
177,156,0
174,167,0
154,176,0
149,166,0
143,159,0
151,151,0
152,164,0
141,175,0
163,177,0
164,142,0
152,179,0
139,149,0
165,161,0
145,158,0
177,158,0
172,162,0
167,154,0
168,145,0
143,139,0
160,180,0
155,146,0
143,175,0
152,134,0
140,166,0
173,144,0
134,151,0
165,170,0
163,165,0
149,134,0
136,163,0
154,131,0
167,171,0
141,152,0
171,172,0
140,164,0
150,160,0
149,151,0
148,143,0
170,142,0
138,173,0
142,160,0
161,144,0
171,152,0
141,157,0
139,148,0
155,169,0
174,148,0
160,162,0
146,174,0
142,170,0
158,175,0
172,150,0
145,148,0
175,168,0
151,168,0
165,144,0
159,157,0
154,169,0
155,179,0
139,167,0
151,161,0
142,142,0
158,169,0
178,148,0
176,167,0
142,138,0
171,139,0
139,140,0
153,149,0
174,142,0
154,144,0
163,168,0
164,164,0
162,167,0
161,153,0
149,157,0
177,167,0
143,140,0
151,178,0
156,178,0
149,169,0
169,173,0
168,166,0
134,160,0
156,164,0
131,152,0
140,159,0
169,162,0
168,154,0
150,139,0
162,161,0
161,141,0
170,155,0
153,146,0
145,177,0
151,173,0
146,178,0
150,170,0
143,136,0
165,177,0
139,173,0
140,148,0
176,147,0
161,173,0
165,137,0
155,169,0
180,155,0
173,162,0
132,161,0
180,155,0
136,169,0
180,151,0
145,157,0
168,150,0
176,150,0
156,180,0
154,175,0
162,176,0
158,179,0
167,157,0
159,143,0
178,163,0
135,156,0
142,155,0
166,134,0
173,150,0
158,154,0
162,172,0
151,150,0
162,173,0
138,151,0
164,135,0
161,157,0
145,167,0
162,145,0
162,138,0
157,155,0
138,140,0
150,161,0
158,159,0
131,160,0
168,137,0
146,163,0
140,164,0
160,132,0
147,152,0
136,144,0
156,160,0
133,155,0
170,137,0
165,143,0
161,134,0
153,146,0
166,146,0
174,140,0
133,166,0
177,151,0
164,173,0
155,170,0
137,149,0
158,151,0
151,151,0
175,168,0
175,145,0
138,173,0
158,161,0
145,133,0
173,153,0
174,162,0
169,141,0
173,152,0
137,145,0
162,179,0
166,164,0
172,-157,1
165,-168,1
139,-170,1
153,-155,1
179,-163,1
141,-150,1
144,-168,1
178,-150,1
159,-177,1
163,-160,1
171,-162,1
179,-155,1
158,-144,1
160,-136,1
175,-140,1
174,-145,1
143,-175,1
157,-134,1
169,-164,1
163,-138,1
146,-154,1
152,-160,1
171,-146,1
168,-135,1
162,-159,1
163,-161,1
152,-179,1
137,-166,1
175,-170,1
141,-139,1
169,-135,1
138,-161,1
148,-149,1
168,-145,1
139,-164,1
133,-160,1
176,-168,1
159,-151,1
170,-163,1
159,-154,1
176,-156,1
145,-136,1
145,-176,1
152,-147,1
144,-144,1
156,-156,1
176,-164,1
176,-147,1
157,-154,1
152,-156,1
134,-165,1
147,-175,1
152,-139,1
151,-179,1
176,-143,1
167,-157,1
161,-168,1
143,-158,1
141,-141,1
140,-167,1
131,-154,1
149,-143,1
175,-151,1
162,-166,1
141,-157,1
147,-169,1
161,-174,1
167,-143,1
169,-144,1
164,-147,1
173,-163,1
156,-158,1
162,-172,1
138,-162,1
170,-158,1
172,-169,1
151,-152,1
143,-144,1
149,-170,1
168,-159,1
169,-143,1
169,-138,1
162,-150,1
174,-152,1
176,-163,1
161,-155,1
152,-153,1
154,-164,1
146,-158,1
133,-156,1
176,-152,1
164,-154,1
169,-153,1
141,-155,1
148,-179,1
173,-157,1
178,-151,1
175,-170,1
153,-132,1
157,-160,1
155,-163,1
171,-138,1
172,-172,1
144,-142,1
159,-150,1
144,-169,1
167,-136,1
156,-137,1
158,-137,1
154,-155,1
157,-131,1
154,-161,1
147,-144,1
154,-160,1
161,-146,1
139,-163,1
156,-159,1
176,-142,1
167,-148,1
156,-173,1
133,-150,1
155,-152,1
143,-158,1
166,-146,1
144,-139,1
148,-175,1
157,-140,1
153,-139,1
158,-138,1
151,-157,1
154,-132,1
162,-157,1
173,-162,1
170,-137,1
137,-151,1
153,-170,1
176,-149,1
170,-162,1
157,-162,1
166,-152,1
138,-173,1
141,-171,1
145,-171,1
174,-168,1
166,-157,1
165,-154,1
153,-151,1
160,-178,1
171,-172,1
152,-169,1
157,-154,1
180,-156,1
165,-145,1
133,-153,1
149,-150,1
152,-178,1
169,-166,1
171,-141,1
145,-152,1
153,-139,1
134,-148,1
153,-164,1
145,-175,1
136,-143,1
148,-147,1
171,-158,1
166,-157,1
157,-164,1
135,-168,1
175,-140,1
152,-164,1
159,-134,1
156,-136,1
163,-140,1
149,-146,1
157,-140,1
159,-141,1
168,-134,1
168,-145,1
139,-159,1
165,-151,1
165,-154,1
171,-167,1
174,-172,1
167,-176,1
150,-145,1
164,-169,1
157,-150,1
168,-163,1
169,-138,1
150,-157,1
149,-174,1
170,-173,1
151,-139,1
169,-173,1
153,-135,1
157,-150,1
136,-165,1
150,-161,1
166,-133,1
150,-143,1
149,-139,1
152,-143,1
154,-166,1
175,-153,1
151,-137,1
140,-170,1
137,-159,1
170,-157,1
135,-169,1
157,-168,1
167,-158,1
142,-156,1
149,-145,1
161,-157,1
157,-147,1
150,-145,1
136,-165,1
156,-175,1
168,-166,1
167,-156,1
140,-160,1
177,-164,1
161,-160,1
153,-157,1
146,-141,1
152,-143,1
172,-142,1
149,-144,1
151,-161,1
142,-176,1
155,-140,1
151,-161,1
160,-157,1
146,-169,1
156,-145,1
156,-169,1
176,-148,1
149,-142,1
134,-144,1
167,-137,1
172,-169,1
145,-173,1
154,-154,1
177,-146,1
159,-163,1
169,-176,1
156,-160,1
158,-151,1
140,-164,1
-156,-154,0
-148,-165,0
-142,-175,0
-139,-153,0
-154,-131,0
-141,-139,0
-160,-137,0
-153,-152,0
-143,-173,0
-155,-173,0
-148,-133,0
-142,-160,0
-157,-140,0
-153,-145,0
-135,-146,0
-132,-160,0
-153,-167,0
-170,-139,0
-151,-166,0
-153,-153,0
-164,-154,0
-148,-155,0
-139,-153,0
-135,-157,0
-168,-155,0
-179,-147,0
-178,-160,0
-172,-162,0
-152,-139,0
-142,-152,0
-170,-166,0
-155,-142,0
-149,-172,0
-159,-151,0
-148,-132,0
-139,-158,0
-156,-169,0
-153,-132,0
-148,-141,0
-166,-162,0
-172,-162,0
-170,-164,0
-140,-151,0
-179,-154,0
-163,-140,0
-165,-149,0
-150,-175,0
-160,-176,0
-173,-173,0
-164,-156,0
-145,-167,0
-137,-147,0
-164,-162,0
-136,-158,0
-139,-149,0
-152,-139,0
-147,-166,0
-167,-149,0
-154,-135,0
-142,-172,0
-175,-163,0
-146,-153,0
-150,-171,0
-138,-151,0
-172,-165,0
-170,-161,0
-139,-162,0
-179,-154,0
-152,-166,0
-141,-153,0
-145,-148,0
-141,-137,0
-145,-176,0
-139,-159,0
-160,-132,0
-179,-152,0
-167,-160,0
-143,-152,0
-165,-154,0
-166,-141,0
-172,-138,0
-174,-165,0
-175,-167,0
-147,-168,0
-136,-148,0
-169,-166,0
-144,-174,0
-166,-146,0
-149,-159,0
-163,-159,0
-139,-165,0
-170,-146,0
-143,-148,0
-145,-139,0
-131,-156,0
-138,-158,0
-152,-132,0
-148,-165,0
-146,-164,0
-144,-154,0
-156,-143,0
-131,-160,0
-154,-145,0
-177,-150,0
-145,-161,0
-156,-149,0
-133,-157,0
-145,-147,0
-156,-143,0
-159,-148,0
-151,-148,0
-172,-166,0
-146,-170,0
-134,-144,0
-156,-155,0
-151,-136,0
-151,-177,0
-162,-168,0
-149,-169,0
-159,-168,0
-139,-173,0
-139,-152,0
-161,-166,0
-178,-164,0
-157,-166,0
-133,-152,0
-164,-137,0
-159,-149,0
-148,-178,0
-151,-134,0
-154,-174,0
-173,-163,0
-151,-142,0
-141,-137,0
-180,-153,0
-145,-162,0
-150,-141,0
-142,-142,0
-142,-164,0
-142,-153,0
-172,-142,0
-161,-168,0
-178,-157,0
-175,-171,0
-136,-150,0
-141,-169,0
-148,-164,0
-178,-148,0
-156,-151,0
-177,-152,0
-170,-155,0
-147,-177,0
-178,-162,0
-136,-142,0
-176,-160,0
-139,-168,0
-175,-155,0
-176,-156,0
-161,-151,0
-154,-170,0
-158,-168,0
-162,-174,0
-162,-161,0
-180,-153,0
-155,-159,0
-167,-134,0
-149,-140,0
-147,-170,0
-164,-150,0
-173,-150,0
-171,-141,0
-169,-162,0
-161,-171,0
-152,-175,0
-164,-169,0
-167,-165,0
-167,-159,0
-140,-146,0
-162,-157,0
-170,-156,0
-162,-169,0
-136,-152,0
-177,-153,0
-169,-176,0
-167,-165,0
-154,-132,0
-148,-170,0
-160,-149,0
-138,-169,0
-158,-135,0
-144,-162,0
-153,-175,0
-132,-157,0
-141,-173,0
-148,-159,0
-168,-165,0
-166,-164,0
-146,-162,0
-141,-165,0
-152,-178,0
-175,-151,0
-164,-148,0
-141,-159,0
-169,-151,0
-148,-170,0
-178,-160,0
-152,-159,0
-149,-138,0
-141,-151,0
-164,-165,0
-164,-143,0
-144,-135,0
-176,-144,0
-168,-175,0
-157,-174,0
-135,-161,0
-172,-171,0
-144,-151,0
-162,-143,0
-169,-173,0
-146,-137,0
-150,-179,0
-148,-176,0
-166,-175,0
-152,-138,0
-166,-175,0
-147,-177,0
-151,-156,0
-168,-150,0
-178,-152,0
-161,-167,0
-155,-160,0
-140,-169,0
-172,-153,0
-140,-146,0
-148,-136,0
-163,-160,0
-141,-168,0
-169,-168,0
-147,-175,0
-150,-152,0
-169,-165,0
-167,-165,0
-138,-143,0
-155,-163,0
-141,-150,0
-148,-167,0
-161,-150,0
-134,-157,0
-155,-180,0
