-149,162,1
-166,168,1
-172,174,1
-158,154,1
-142,162,1
-141,174,1
-166,166,1
-169,139,1
-146,137,1
-178,158,1
-166,172,1
-147,147,1
-149,147,1
-168,169,1
-146,147,1
-136,145,1
-143,165,1
-159,161,1
-141,174,1
-176,145,1
-152,174,1
-171,175,1
-156,156,1
-144,163,1
-173,142,1
-159,172,1
-136,154,1
-175,141,1
-155,158,1
-157,139,1
-172,166,1
-154,147,1
-168,146,1
-143,171,1
-144,140,1
-141,143,1
-167,176,1
-167,170,1
-132,148,1
-163,161,1
-159,164,1
-159,145,1
-144,157,1
-160,131,1
-163,171,1
-138,152,1
-142,145,1
-144,171,1
-149,147,1
-155,173,1
-145,164,1
-175,161,1
-152,159,1
-155,148,1
-154,139,1
-151,145,1
-156,150,1
-142,137,1
-178,159,1
-155,156,1
-165,153,1
-144,148,1
-168,157,1
-158,169,1
-147,137,1
-142,151,1
-154,155,1
-155,144,1
-149,141,1
-166,159,1
-154,153,1
-135,169,1
-153,154,1
-134,150,1
-147,179,1
-159,131,1
-175,143,1
-159,165,1
-146,140,1
-163,134,1
-145,166,1
-155,131,1
-161,156,1
-165,157,1
-137,147,1
-168,149,1
-173,161,1
-156,156,1
-137,147,1
-158,171,1
-135,168,1
-155,177,1
-165,157,1
-134,144,1
-170,152,1
-158,135,1
-145,138,1
-137,144,1
-161,173,1
-150,173,1
-152,143,1
-138,143,1
-175,156,1
-174,142,1
-166,165,1
-175,168,1
-166,156,1
-168,166,1
-143,150,1
-151,139,1
-149,142,1
-156,156,1
-137,157,1
-151,132,1
-147,177,1
-165,155,1
-166,169,1
-138,169,1
-147,171,1
-146,156,1
-144,176,1
-139,159,1
-163,135,1
-141,174,1
-151,175,1
-153,178,1
-144,139,1
-144,148,1
-158,148,1
-151,177,1
-142,171,1
-161,165,1
-161,157,1
-162,140,1
-139,160,1
-154,168,1
-144,173,1
-174,148,1
-173,147,1
-158,172,1
-159,164,1
-139,157,1
-166,157,1
-179,149,1
-180,157,1
-172,144,1
-150,140,1
-136,155,1
-155,131,1
-165,147,1
-144,143,1
-142,135,1
-160,136,1
-175,164,1
-160,155,1
-133,164,1
-169,157,1
-177,166,1
-164,178,1
-135,164,1
-132,151,1
-171,175,1
-133,155,1
-176,155,1
-136,167,1
-133,153,1
-176,165,1
-144,145,1
-171,148,1
-165,150,1
-156,158,1
-136,146,1
-161,175,1
-150,133,1
-131,155,1
-135,151,1
-146,161,1
-142,161,1
-173,162,1
-180,156,1
-165,148,1
-170,142,1
-178,153,1
-159,172,1
-137,163,1
-172,173,1
-173,169,1
-140,145,1
-142,143,1
-171,172,1
-173,147,1
-142,166,1
-137,163,1
-178,159,1
-154,132,1
-166,171,1
-153,144,1
-172,166,1
-179,149,1
-165,154,1
-172,150,1
-151,153,1
-159,172,1
-163,179,1
-171,169,1
-151,155,1
-149,170,1
-137,147,1
-166,140,1
-139,149,1
-139,145,1
-165,159,1
-167,168,1
-172,142,1
-151,173,1
-163,175,1
-177,151,1
-154,174,1
-151,175,1
-149,143,1
-148,159,1
-167,166,1
-154,175,1
-161,165,1
-155,158,1
-157,168,1
-149,168,1
-139,152,1
-158,175,1
-162,137,1
-156,179,1
-167,142,1
-157,143,1
-159,154,1
-151,155,1
-142,137,1
-158,140,1
-158,154,1
-177,164,1
-179,150,1
-146,167,1
-156,165,1
-175,171,1
-175,161,1
-174,152,1
-146,147,1
-141,147,1
-150,166,1
-160,152,1
-151,132,1
146,166,0
165,149,0
177,158,0
138,156,0
156,139,0
153,152,0
171,173,0
172,166,0
138,165,0
157,133,0
153,142,0
144,149,0
164,162,0
156,158,0
163,147,0
150,134,0
156,179,0
159,134,0
145,148,0
176,157,0
148,168,0
152,153,0
156,162,0
145,141,0
173,147,0
131,154,0
150,153,0
148,178,0
160,154,0
174,146,0
160,165,0
135,159,0
155,172,0
171,170,0
139,138,0
140,161,0
173,145,0
152,177,0
155,141,0
163,177,0
145,142,0
151,180,0
167,176,0
145,139,0
147,174,0
137,153,0
138,138,0
143,162,0
170,165,0
168,158,0
155,163,0
141,171,0
145,177,0
143,173,0
142,172,0
146,169,0
147,156,0
150,172,0
160,168,0
172,142,0
175,140,0
172,171,0
154,173,0
143,134,0
148,176,0
136,146,0
138,168,0
160,165,0
171,164,0
131,157,0
136,156,0
156,162,0
142,135,0
136,140,0
144,136,0
170,175,0
146,159,0
161,153,0
156,168,0
147,155,0
143,137,0
170,175,0
141,165,0
155,165,0
137,144,0
165,161,0
137,160,0
152,179,0
168,158,0
151,138,0
170,165,0
140,149,0
149,157,0
154,132,0
146,158,0
139,152,0
138,158,0
139,159,0
169,140,0
161,160,0
161,156,0
173,168,0
167,176,0
146,137,0
138,141,0
135,149,0
171,165,0
157,142,0
138,141,0
179,155,0
137,155,0
138,166,0
157,149,0
147,167,0
139,169,0
152,140,0
173,140,0
162,133,0
145,165,0
170,142,0
178,154,0
139,138,0
136,152,0
178,153,0
151,164,0
176,143,0
163,139,0
179,157,0
140,173,0
151,168,0
148,146,0
149,152,0
164,175,0
161,138,0
144,135,0
162,165,0
156,167,0
153,137,0
165,150,0
150,161,0
149,145,0
143,171,0
160,146,0
177,148,0
137,157,0
141,157,0
152,167,0
164,163,0
161,135,0
143,141,0
152,161,0
155,159,0
152,170,0
158,151,0
156,135,0
160,144,0
158,136,0
133,152,0
161,156,0
167,138,0
168,158,0
138,160,0
132,161,0
150,134,0
167,134,0
151,132,0
175,155,0
136,151,0
154,156,0
177,158,0
150,156,0
161,169,0
157,168,0
173,156,0
154,157,0
134,166,0
146,147,0
139,163,0
157,142,0
167,167,0
169,166,0
166,168,0
174,157,0
158,176,0
162,163,0
145,161,0
152,177,0
172,162,0
137,160,0
169,154,0
179,147,0
146,161,0
169,166,0
142,164,0
156,138,0
159,157,0
148,149,0
134,151,0
143,171,0
178,150,0
136,144,0
145,134,0
151,136,0
168,150,0
151,165,0
170,172,0
143,134,0
169,135,0
141,168,0
162,143,0
150,155,0
153,171,0
170,154,0
153,172,0
149,146,0
153,143,0
139,161,0
164,174,0
158,160,0
160,169,0
133,146,0
164,177,0
172,172,0
164,169,0
139,169,0
176,142,0
175,143,0
152,138,0
159,141,0
161,152,0
164,138,0
155,168,0
153,148,0
160,143,0
159,159,0
158,141,0
174,150,0
177,164,0
143,153,0
169,149,0
138,163,0
173,158,0
168,146,0
154,167,0
149,168,0
164,142,0
146,139,0
133,150,0
160,147,0
138,170,0
166,-160,1
169,-141,1
139,-148,1
171,-174,1
146,-170,1
139,-157,1
156,-156,1
144,-162,1
165,-157,1
156,-161,1
131,-155,1
165,-134,1
173,-146,1
137,-166,1
159,-174,1
168,-145,1
154,-158,1
174,-150,1
151,-151,1
171,-152,1
155,-133,1
139,-151,1
137,-165,1
143,-159,1
156,-173,1
140,-155,1
146,-148,1
143,-149,1
138,-171,1
154,-169,1
141,-141,1
168,-166,1
154,-178,1
168,-138,1
173,-162,1
157,-153,1
145,-157,1
149,-161,1
168,-145,1
148,-138,1
160,-153,1
138,-169,1
145,-133,1
157,-144,1
142,-149,1
144,-140,1
163,-161,1
151,-145,1
162,-144,1
156,-148,1
145,-140,1
170,-162,1
139,-154,1
169,-167,1
134,-163,1
179,-160,1
137,-165,1
135,-142,1
140,-142,1
155,-176,1
173,-169,1
157,-161,1
141,-167,1
164,-157,1
178,-160,1
169,-140,1
144,-158,1
169,-141,1
156,-170,1
150,-159,1
152,-178,1
148,-165,1
169,-160,1
177,-165,1
153,-155,1
165,-144,1
172,-153,1
149,-162,1
146,-154,1
146,-155,1
160,-158,1
171,-162,1
132,-155,1
132,-158,1
173,-152,1
145,-143,1
157,-165,1
146,-154,1
180,-156,1
166,-154,1
177,-147,1
170,-157,1
165,-172,1
138,-158,1
177,-168,1
171,-164,1
152,-143,1
144,-150,1
146,-136,1
167,-135,1
139,-163,1
162,-177,1
167,-135,1
137,-163,1
171,-162,1
143,-153,1
142,-172,1
148,-132,1
151,-135,1
141,-150,1
171,-140,1
149,-144,1
161,-171,1
146,-166,1
146,-160,1
141,-142,1
161,-165,1
162,-139,1
132,-157,1
175,-160,1
149,-172,1
150,-152,1
169,-152,1
157,-135,1
147,-178,1
164,-142,1
131,-156,1
167,-147,1
157,-170,1
168,-147,1
155,-168,1
155,-143,1
169,-152,1
158,-160,1
137,-162,1
163,-140,1
174,-141,1
173,-162,1
134,-159,1
172,-168,1
163,-137,1
138,-142,1
158,-132,1
169,-142,1
178,-154,1
174,-154,1
174,-162,1
165,-137,1
163,-176,1
174,-170,1
155,-148,1
169,-137,1
154,-158,1
178,-157,1
158,-158,1
145,-174,1
161,-175,1
131,-156,1
161,-154,1
173,-173,1
179,-149,1
159,-134,1
148,-178,1
171,-137,1
144,-166,1
167,-159,1
141,-172,1
155,-179,1
180,-160,1
158,-138,1
180,-153,1
179,-156,1
162,-167,1
156,-156,1
156,-148,1
172,-167,1
133,-146,1
146,-168,1
137,-139,1
168,-174,1
139,-173,1
140,-162,1
140,-142,1
165,-149,1
152,-145,1
143,-151,1
174,-145,1
135,-154,1
136,-158,1
157,-162,1
160,-159,1
158,-144,1
136,-159,1
179,-152,1
153,-158,1
148,-156,1
140,-174,1
148,-155,1
140,-175,1
137,-169,1
154,-156,1
175,-158,1
145,-165,1
140,-149,1
150,-167,1
148,-160,1
136,-153,1
176,-161,1
146,-134,1
173,-157,1
148,-168,1
170,-172,1
162,-166,1
166,-170,1
159,-178,1
155,-171,1
166,-162,1
163,-134,1
164,-137,1
152,-171,1
164,-161,1
149,-170,1
147,-163,1
153,-164,1
144,-174,1
152,-159,1
166,-169,1
148,-144,1
143,-168,1
166,-148,1
164,-168,1
137,-161,1
140,-154,1
178,-150,1
143,-169,1
162,-141,1
168,-149,1
146,-142,1
174,-140,1
151,-174,1
166,-133,1
134,-148,1
157,-133,1
153,-174,1
146,-162,1
158,-134,1
143,-149,1
176,-144,1
165,-156,1
136,-170,1
-154,-168,0
-151,-152,0
-145,-169,0
-164,-171,0
-163,-161,0
-154,-154,0
-179,-164,0
-134,-159,0
-143,-175,0
-157,-141,0
-152,-151,0
-141,-145,0
-164,-173,0
-161,-178,0
-134,-149,0
-148,-144,0
-146,-147,0
-141,-145,0
-161,-157,0
-171,-153,0
-168,-157,0
-149,-165,0
-165,-144,0
-180,-152,0
-142,-147,0
-148,-142,0
-138,-143,0
-149,-134,0
-146,-171,0
-143,-147,0
-136,-157,0
-170,-148,0
-145,-142,0
-161,-132,0
-171,-165,0
-163,-133,0
-164,-151,0
-164,-133,0
-144,-165,0
-168,-138,0
-134,-154,0
-136,-159,0
-158,-139,0
-152,-147,0
-133,-166,0
-148,-148,0
-153,-166,0
-146,-140,0
-161,-155,0
-177,-163,0
-147,-152,0
-154,-145,0
-150,-156,0
-165,-171,0
-159,-163,0
-152,-179,0
-139,-138,0
-167,-167,0
-141,-165,0
-167,-149,0
-141,-160,0
-179,-147,0
-173,-148,0
-158,-160,0
-147,-138,0
-143,-168,0
-177,-168,0
-155,-143,0
-145,-153,0
-169,-165,0
-150,-170,0
-165,-154,0
-148,-154,0
-167,-174,0
-169,-154,0
-170,-166,0
-146,-148,0
-157,-136,0
-158,-177,0
-154,-162,0
-157,-154,0
-169,-168,0
-152,-177,0
-163,-155,0
-146,-176,0
-135,-147,0
-174,-171,0
-149,-141,0
-132,-148,0
-160,-145,0
-163,-142,0
-138,-145,0
-137,-168,0
-174,-169,0
-168,-141,0
-155,-180,0
-139,-162,0
-144,-171,0
-163,-148,0
-159,-168,0
-171,-163,0
-138,-143,0
-139,-149,0
-174,-161,0
-171,-141,0
-142,-160,0
-177,-152,0
-154,-178,0
-141,-169,0
-140,-175,0
-174,-160,0
-174,-144,0
-162,-132,0
-136,-146,0
-140,-164,0
-165,-178,0
-166,-165,0
-152,-164,0
-152,-144,0
-159,-177,0
-150,-175,0
-179,-163,0
-170,-145,0
-165,-167,0
-167,-153,0
-133,-145,0
-149,-179,0
-145,-145,0
-151,-136,0
-166,-159,0
-165,-150,0
-179,-149,0
-133,-148,0
-160,-174,0
-159,-173,0
-165,-136,0
-156,-174,0
-166,-163,0
-141,-150,0
-138,-143,0
-177,-165,0
-153,-164,0
-138,-156,0
-169,-176,0
-160,-142,0
-155,-177,0
-164,-167,0
-166,-135,0
-171,-151,0
-164,-134,0
-161,-164,0
-146,-137,0
-131,-151,0
-135,-168,0
-171,-148,0
-175,-159,0
-174,-140,0
-165,-173,0
-166,-135,0
-147,-141,0
-148,-143,0
-157,-173,0
-132,-157,0
-166,-146,0
-141,-159,0
-141,-159,0
-137,-165,0
-169,-167,0
-152,-160,0
-163,-149,0
-154,-163,0
-156,-134,0
-160,-174,0
-163,-162,0
-156,-159,0
-149,-155,0
-154,-163,0
-161,-163,0
-149,-167,0
-153,-175,0
-164,-143,0
-140,-153,0
-145,-178,0
-140,-139,0
-164,-176,0
-162,-170,0
-154,-142,0
-142,-168,0
-154,-165,0
-149,-139,0
-139,-137,0
-174,-147,0
-134,-163,0
-135,-144,0
-150,-162,0
-148,-156,0
-143,-148,0
-174,-143,0
-152,-158,0
-159,-164,0
-138,-157,0
-166,-171,0
-170,-168,0
-161,-170,0
-175,-140,0
-171,-171,0
-158,-165,0
-146,-171,0
-152,-169,0
-161,-148,0
-178,-154,0
-146,-175,0
-175,-164,0
-154,-154,0
-136,-167,0
-150,-166,0
-171,-167,0
-164,-162,0
-154,-137,0
-149,-138,0
-140,-159,0
-157,-159,0
-162,-149,0
-169,-164,0
-139,-145,0
-150,-135,0
-165,-172,0
-165,-155,0
-155,-139,0
-154,-158,0
-160,-160,0
-142,-141,0
-139,-153,0
-176,-163,0
-153,-168,0
-159,-134,0
-145,-142,0
-164,-146,0
-132,-153,0
-157,-155,0
-139,-164,0
-148,-170,0
-157,-140,0
-163,-144,0
-144,-175,0
-144,-157,0
-152,-168,0
-152,-143,0
-180,-159,0
-150,-139,0
