-138,139,1
-161,136,1
-160,157,1
-151,129,1
-127,149,1
-145,126,1
-139,161,1
-148,138,1
-161,166,1
-144,149,1
-137,162,1
-143,142,1
-159,147,1
-164,153,1
-139,136,1
-131,145,1
-158,165,1
-169,138,1
-144,151,1
-167,147,1
-133,157,1
-159,130,1
-167,140,1
-166,133,1
-137,162,1
-151,126,1
-124,144,1
-140,148,1
-168,135,1
-129,141,1
-167,157,1
-130,161,1
-137,167,1
-135,155,1
-152,142,1
-166,134,1
-141,138,1
-130,133,1
-147,151,1
-130,132,1
-126,149,1
-149,155,1
-142,138,1
-163,148,1
-127,149,1
-138,145,1
-156,158,1
-155,129,1
-157,132,1
-133,167,1
-169,138,1
-168,137,1
-147,134,1
-167,163,1
-135,158,1
-141,151,1
-173,147,1
-158,129,1
-150,138,1
-136,146,1
-151,168,1
-150,134,1
-137,128,1
-134,152,1
-141,156,1
-145,147,1
-141,156,1
-161,159,1
-135,153,1
-155,161,1
-147,135,1
-170,146,1
-134,133,1
-156,149,1
-146,135,1
-134,163,1
-161,139,1
-134,159,1
-163,144,1
-141,153,1
-159,163,1
-166,156,1
-142,166,1
-159,126,1
-171,158,1
-173,147,1
-148,134,1
-167,154,1
-169,158,1
-150,153,1
-134,137,1
-158,161,1
-140,145,1
-161,152,1
-148,139,1
-142,139,1
-161,169,1
-142,146,1
-148,160,1
-129,141,1
-142,131,1
-125,152,1
-155,150,1
-153,144,1
-124,153,1
-145,133,1
-148,159,1
-153,159,1
-136,157,1
-142,145,1
-164,157,1
-142,144,1
-171,147,1
-154,132,1
-144,125,1
-157,140,1
-130,161,1
-163,158,1
-137,163,1
-138,156,1
-158,127,1
-161,169,1
-173,146,1
-166,131,1
-139,139,1
-161,142,1
-166,132,1
-153,133,1
-136,150,1
-128,142,1
-127,139,1
-157,128,1
-156,127,1
-159,126,1
-156,126,1
-144,132,1
-170,143,1
-136,167,1
-130,132,1
-145,170,1
-153,137,1
-163,150,1
-148,124,1
-128,137,1
-161,156,1
-137,152,1
-166,140,1
-144,172,1
-141,164,1
-139,129,1
-154,131,1
-159,169,1
-169,142,1
-153,140,1
-152,161,1
-165,167,1
-157,168,1
-144,128,1
-154,135,1
-159,131,1
-126,153,1
-149,130,1
-137,136,1
-153,160,1
-134,148,1
-161,168,1
-163,138,1
-142,143,1
-135,133,1
-152,165,1
-128,136,1
-135,153,1
-139,133,1
-140,160,1
-159,151,1
-164,129,1
-145,139,1
-140,125,1
-155,138,1
-154,148,1
-156,145,1
-168,161,1
-156,171,1
-135,151,1
-162,138,1
-148,151,1
-142,148,1
-143,156,1
-136,167,1
-127,154,1
-136,135,1
-166,161,1
-153,167,1
-141,170,1
-143,132,1
-144,170,1
-168,153,1
-152,126,1
-139,153,1
-153,126,1
-136,149,1
-157,170,1
-140,158,1
-158,171,1
-162,136,1
-156,153,1
-154,151,1
-145,134,1
-139,169,1
-159,156,1
-146,170,1
-162,145,1
-153,124,1
-160,127,1
-164,159,1
-150,134,1
-147,141,1
-132,139,1
-149,142,1
-150,135,1
-139,157,1
-160,150,1
-136,133,1
-140,136,1
-162,160,1
-155,136,1
-140,171,1
-134,154,1
-168,157,1
-165,149,1
-144,137,1
-154,152,1
-152,129,1
-144,136,1
-146,156,1
-148,148,1
-137,147,1
-153,156,1
-138,167,1
-161,137,1
-144,127,1
-162,151,1
-147,130,1
-132,131,1
-127,158,1
-134,145,1
-147,138,1
-162,152,1
-155,145,1
-143,141,1
166,139,0
140,133,0
141,133,0
140,166,0
152,167,0
132,147,0
155,162,0
160,128,0
152,165,0
135,150,0
155,139,0
136,136,0
136,130,0
156,158,0
171,156,0
163,140,0
162,138,0
155,138,0
164,161,0
143,140,0
151,161,0
141,131,0
157,135,0
143,170,0
159,154,0
135,140,0
134,158,0
127,148,0
144,147,0
133,160,0
157,161,0
146,151,0
166,160,0
148,134,0
130,154,0
145,128,0
137,148,0
132,134,0
151,172,0
155,152,0
136,127,0
128,156,0
146,144,0
143,161,0
139,132,0
143,172,0
160,128,0
142,160,0
148,163,0
158,146,0
150,151,0
143,170,0
151,168,0
135,145,0
165,166,0
132,144,0
156,163,0
126,143,0
131,137,0
133,165,0
137,148,0
131,154,0
159,146,0
152,159,0
125,152,0
141,141,0
136,160,0
150,156,0
153,137,0
151,162,0
130,144,0
154,125,0
150,160,0
164,160,0
166,132,0
142,155,0
134,165,0
146,154,0
163,152,0
156,143,0
127,156,0
141,148,0
151,164,0
145,127,0
139,161,0
154,147,0
170,145,0
170,160,0
161,160,0
169,141,0
150,141,0
148,172,0
170,161,0
140,143,0
163,145,0
153,125,0
153,138,0
150,161,0
124,146,0
142,132,0
153,158,0
148,145,0
137,135,0
169,145,0
139,146,0
141,155,0
166,159,0
156,159,0
147,140,0
136,128,0
162,130,0
153,124,0
160,145,0
138,150,0
141,159,0
162,141,0
146,127,0
165,151,0
165,131,0
169,146,0
126,158,0
136,159,0
143,170,0
167,158,0
147,154,0
144,141,0
138,162,0
133,155,0
153,135,0
151,167,0
161,156,0
139,137,0
140,153,0
138,169,0
160,143,0
158,159,0
159,140,0
160,151,0
145,144,0
137,160,0
143,142,0
146,143,0
134,138,0
145,167,0
140,166,0
171,151,0
154,144,0
147,146,0
141,155,0
133,153,0
160,139,0
155,169,0
149,127,0
131,137,0
147,165,0
135,143,0
159,132,0
158,160,0
159,129,0
152,168,0
169,162,0
139,164,0
135,143,0
129,146,0
130,135,0
127,147,0
135,142,0
161,144,0
152,129,0
127,147,0
154,149,0
158,146,0
145,169,0
136,161,0
143,138,0
152,152,0
157,138,0
155,160,0
149,143,0
152,127,0
147,159,0
153,152,0
162,153,0
138,171,0
140,165,0
147,143,0
143,163,0
146,129,0
154,161,0
153,153,0
153,152,0
153,146,0
143,128,0
149,159,0
137,145,0
141,125,0
147,139,0
146,129,0
168,158,0
152,150,0
145,166,0
172,140,0
142,167,0
131,139,0
167,157,0
169,137,0
139,154,0
125,149,0
154,128,0
138,155,0
135,160,0
146,152,0
159,150,0
173,152,0
173,148,0
161,151,0
131,149,0
156,166,0
157,144,0
128,159,0
159,153,0
153,136,0
157,135,0
144,130,0
154,145,0
136,166,0
132,143,0
157,128,0
147,162,0
168,141,0
152,154,0
165,148,0
155,166,0
147,142,0
144,148,0
151,131,0
130,143,0
164,133,0
144,168,0
145,127,0
142,128,0
157,146,0
138,160,0
164,139,0
165,143,0
131,140,0
166,153,0
152,141,0
154,158,0
167,155,0
159,-130,1
147,-155,1
132,-159,1
132,-133,1
145,-150,1
156,-129,1
143,-148,1
136,-167,1
128,-145,1
160,-147,1
164,-157,1
144,-150,1
157,-144,1
171,-143,1
134,-163,1
173,-144,1
135,-134,1
158,-171,1
151,-126,1
149,-164,1
157,-162,1
128,-142,1
152,-135,1
155,-136,1
154,-155,1
142,-145,1
145,-129,1
129,-148,1
141,-149,1
147,-170,1
156,-126,1
158,-152,1
152,-152,1
157,-129,1
129,-146,1
152,-129,1
142,-154,1
146,-127,1
144,-141,1
171,-153,1
141,-162,1
144,-148,1
154,-147,1
157,-156,1
148,-170,1
151,-125,1
155,-165,1
138,-167,1
153,-164,1
128,-150,1
167,-151,1
125,-143,1
128,-144,1
148,-145,1
165,-167,1
169,-141,1
154,-164,1
166,-155,1
139,-128,1
160,-168,1
150,-158,1
159,-147,1
142,-160,1
134,-129,1
144,-159,1
126,-146,1
133,-150,1
170,-159,1
157,-169,1
154,-144,1
146,-139,1
132,-144,1
157,-156,1
164,-146,1
142,-134,1
166,-147,1
128,-145,1
138,-168,1
148,-169,1
158,-144,1
167,-161,1
141,-158,1
143,-128,1
137,-169,1
143,-145,1
147,-147,1
150,-166,1
155,-140,1
150,-150,1
130,-134,1
161,-153,1
143,-165,1
139,-152,1
169,-155,1
138,-133,1
124,-149,1
140,-164,1
150,-171,1
138,-138,1
162,-144,1
137,-158,1
133,-137,1
142,-169,1
134,-162,1
155,-136,1
165,-156,1
131,-145,1
166,-136,1
162,-154,1
152,-133,1
142,-130,1
151,-157,1
168,-154,1
156,-163,1
152,-153,1
137,-138,1
143,-155,1
135,-160,1
161,-166,1
168,-141,1
148,-140,1
149,-153,1
125,-140,1
152,-164,1
148,-165,1
163,-160,1
149,-146,1
158,-149,1
148,-135,1
167,-156,1
152,-167,1
138,-152,1
141,-143,1
139,-150,1
170,-145,1
134,-142,1
169,-145,1
156,-154,1
163,-147,1
125,-147,1
153,-146,1
138,-166,1
154,-135,1
157,-132,1
144,-153,1
148,-158,1
155,-144,1
172,-143,1
163,-147,1
144,-147,1
139,-142,1
166,-136,1
160,-168,1
160,-162,1
144,-135,1
148,-137,1
142,-164,1
158,-160,1
145,-128,1
146,-163,1
129,-136,1
171,-155,1
159,-143,1
173,-147,1
144,-168,1
151,-144,1
145,-172,1
162,-149,1
153,-163,1
142,-161,1
128,-151,1
164,-147,1
158,-134,1
161,-149,1
157,-128,1
167,-163,1
131,-132,1
149,-133,1
143,-155,1
141,-167,1
138,-137,1
164,-154,1
142,-172,1
139,-167,1
158,-169,1
127,-156,1
166,-137,1
142,-164,1
149,-160,1
130,-158,1
159,-165,1
144,-150,1
154,-140,1
141,-148,1
170,-140,1
141,-132,1
166,-141,1
154,-146,1
160,-153,1
156,-164,1
136,-153,1
144,-154,1
138,-130,1
147,-168,1
173,-152,1
136,-157,1
149,-173,1
130,-155,1
141,-163,1
166,-138,1
130,-138,1
133,-138,1
149,-161,1
160,-145,1
155,-140,1
130,-143,1
131,-142,1
161,-141,1
151,-128,1
148,-145,1
154,-137,1
151,-130,1
147,-148,1
134,-147,1
155,-131,1
151,-157,1
155,-144,1
126,-150,1
129,-138,1
144,-148,1
161,-131,1
141,-149,1
166,-143,1
133,-158,1
169,-155,1
126,-154,1
157,-158,1
133,-132,1
153,-153,1
169,-155,1
124,-151,1
170,-149,1
140,-132,1
131,-139,1
167,-158,1
152,-163,1
126,-147,1
130,-137,1
159,-169,1
145,-151,1
-155,-158,0
-135,-155,0
-126,-152,0
-151,-164,0
-133,-134,0
-130,-146,0
-133,-139,0
-151,-144,0
-166,-165,0
-162,-158,0
-139,-164,0
-137,-140,0
-128,-144,0
-164,-153,0
-147,-160,0
-139,-154,0
-153,-172,0
-135,-154,0
-155,-158,0
-145,-153,0
-149,-131,0
-164,-153,0
-129,-147,0
-150,-140,0
-165,-155,0
-161,-153,0
-139,-156,0
-165,-130,0
-166,-135,0
-166,-147,0
-160,-169,0
-134,-162,0
-150,-130,0
-127,-139,0
-149,-149,0
-152,-138,0
-153,-132,0
-157,-128,0
-152,-167,0
-165,-161,0
-168,-152,0
-133,-156,0
-146,-169,0
-147,-139,0
-132,-132,0
-159,-167,0
-155,-172,0
-134,-159,0
-162,-144,0
-145,-132,0
-148,-124,0
-147,-151,0
-124,-150,0
-161,-129,0
-152,-166,0
-134,-137,0
-144,-172,0
-152,-139,0
-143,-165,0
-150,-131,0
-132,-147,0
-161,-154,0
-159,-131,0
-156,-141,0
-155,-158,0
-139,-169,0
-153,-167,0
-157,-160,0
-161,-133,0
-130,-143,0
-152,-143,0
-152,-144,0
-150,-145,0
-149,-132,0
-149,-136,0
-131,-155,0
-157,-171,0
-173,-151,0
-150,-153,0
-146,-131,0
-140,-144,0
-173,-144,0
-149,-155,0
-142,-126,0
-158,-170,0
-127,-148,0
-166,-152,0
-139,-139,0
-150,-124,0
-133,-155,0
-159,-143,0
-142,-136,0
-146,-156,0
-161,-159,0
-140,-155,0
-169,-160,0
-128,-150,0
-160,-144,0
-141,-166,0
-156,-125,0
-132,-141,0
-141,-156,0
-152,-148,0
-154,-138,0
-139,-156,0
-151,-167,0
-140,-165,0
-155,-129,0
-144,-151,0
-153,-147,0
-140,-142,0
-144,-128,0
-154,-147,0
-137,-163,0
-146,-140,0
-162,-146,0
-135,-165,0
-148,-134,0
-155,-145,0
-152,-154,0
-125,-149,0
-164,-140,0
-163,-164,0
-154,-127,0
-127,-139,0
-164,-143,0
-143,-148,0
-147,-151,0
-138,-169,0
-168,-149,0
-149,-129,0
-145,-154,0
-131,-134,0
-173,-147,0
-133,-137,0
-172,-155,0
-143,-137,0
-135,-152,0
-132,-132,0
-140,-143,0
-138,-147,0
-136,-147,0
-124,-150,0
-136,-169,0
-142,-145,0
-151,-149,0
-157,-126,0
-162,-157,0
-158,-169,0
-165,-141,0
-129,-134,0
-153,-159,0
-144,-162,0
-154,-127,0
-168,-145,0
-163,-163,0
-165,-142,0
-153,-125,0
-130,-148,0
-127,-136,0
-134,-164,0
-148,-126,0
-151,-150,0
-128,-159,0
-136,-169,0
-163,-157,0
-149,-167,0
-126,-146,0
-140,-129,0
-158,-151,0
-157,-145,0
-140,-138,0
-163,-137,0
-164,-159,0
-127,-140,0
-154,-163,0
-156,-133,0
-141,-129,0
-140,-131,0
-172,-142,0
-137,-128,0
-163,-153,0
-165,-142,0
-158,-151,0
-149,-170,0
-136,-135,0
-151,-166,0
-141,-147,0
-164,-145,0
-161,-146,0
-156,-163,0
-136,-155,0
-150,-172,0
-156,-153,0
-157,-152,0
-149,-141,0
-151,-154,0
-134,-135,0
-152,-149,0
-171,-139,0
-142,-131,0
-147,-131,0
-149,-140,0
-152,-173,0
-145,-156,0
-164,-153,0
-144,-145,0
-153,-125,0
-146,-146,0
-151,-162,0
-140,-162,0
-141,-154,0
-149,-150,0
-148,-141,0
-169,-146,0
-143,-128,0
-144,-138,0
-142,-162,0
-135,-156,0
-165,-155,0
-159,-144,0
-155,-130,0
-159,-139,0
-130,-134,0
-154,-136,0
-155,-131,0
-139,-165,0
-129,-157,0
-151,-146,0
-148,-138,0
-171,-150,0
-161,-147,0
-129,-150,0
-149,-151,0
-135,-144,0
-146,-153,0
-129,-134,0
-132,-147,0
-137,-146,0
-144,-156,0
-156,-141,0
-140,-152,0
-143,-144,0
-169,-158,0
-139,-171,0
-153,-147,0
-161,-133,0
-145,-145,0
-166,-160,0
-136,-133,0
