-154,137,1
-167,163,1
-153,166,1
-148,135,1
-143,164,1
-149,126,1
-152,171,1
-135,158,1
-133,161,1
-169,141,1
-138,159,1
-142,126,1
-161,153,1
-128,146,1
-142,131,1
-173,146,1
-144,156,1
-131,165,1
-166,139,1
-142,128,1
-138,143,1
-148,138,1
-135,145,1
-127,150,1
-165,132,1
-158,137,1
-133,164,1
-160,137,1
-151,170,1
-144,148,1
-136,167,1
-154,168,1
-169,149,1
-147,150,1
-158,168,1
-160,166,1
-135,136,1
-132,152,1
-144,161,1
-154,143,1
-159,130,1
-145,170,1
-156,131,1
-148,156,1
-152,158,1
-143,132,1
-142,169,1
-172,149,1
-127,161,1
-164,161,1
-170,157,1
-143,166,1
-151,146,1
-135,148,1
-149,149,1
-159,127,1
-138,144,1
-143,133,1
-142,125,1
-149,156,1
-154,152,1
-139,136,1
-125,153,1
-139,157,1
-144,132,1
-126,154,1
-171,157,1
-141,140,1
-151,168,1
-151,151,1
-162,129,1
-135,169,1
-159,164,1
-169,135,1
-160,132,1
-151,171,1
-163,158,1
-164,135,1
-148,160,1
-167,157,1
-168,155,1
-161,146,1
-161,138,1
-170,156,1
-152,153,1
-145,164,1
-146,147,1
-131,162,1
-166,143,1
-137,136,1
-138,163,1
-132,166,1
-146,168,1
-167,133,1
-134,149,1
-139,167,1
-149,133,1
-158,169,1
-133,161,1
-138,155,1
-145,149,1
-144,159,1
-128,140,1
-145,157,1
-170,148,1
-138,141,1
-160,150,1
-162,169,1
-159,138,1
-143,134,1
-163,134,1
-167,163,1
-149,167,1
-135,149,1
-139,139,1
-159,128,1
-132,144,1
-161,151,1
-136,145,1
-126,139,1
-134,147,1
-166,145,1
-150,166,1
-161,138,1
-134,130,1
-137,155,1
-154,145,1
-164,163,1
-154,160,1
-153,168,1
-154,138,1
-128,157,1
-149,135,1
-133,165,1
-143,152,1
-132,144,1
-154,148,1
-128,156,1
-139,145,1
-146,172,1
-139,161,1
-150,166,1
-145,133,1
-149,152,1
-154,168,1
-151,157,1
-155,160,1
-136,133,1
-156,164,1
-137,150,1
-169,140,1
-134,146,1
-149,169,1
-136,154,1
-142,156,1
-132,154,1
-124,145,1
-143,145,1
-159,170,1
-134,147,1
-172,152,1
-148,154,1
-162,136,1
-133,136,1
-139,169,1
-149,131,1
-144,130,1
-160,143,1
-131,140,1
-139,126,1
-145,168,1
-133,158,1
-164,158,1
-148,128,1
-155,151,1
-154,159,1
-160,161,1
-128,156,1
-132,151,1
-145,129,1
-128,155,1
-125,155,1
-169,149,1
-125,148,1
-158,135,1
-141,160,1
-133,135,1
-137,142,1
-140,151,1
-124,152,1
-160,159,1
-155,127,1
-136,165,1
-139,135,1
-162,145,1
-146,168,1
-132,146,1
-140,162,1
-170,156,1
-145,143,1
-135,130,1
-134,161,1
-152,164,1
-137,167,1
-158,159,1
-163,145,1
-160,135,1
-135,144,1
-124,146,1
-145,138,1
-150,155,1
-141,154,1
-157,142,1
-171,153,1
-155,129,1
-169,149,1
-128,156,1
-168,158,1
-138,132,1
-139,160,1
-167,146,1
-142,160,1
-156,141,1
-145,143,1
-161,153,1
-140,129,1
-132,146,1
-157,146,1
-127,150,1
-132,167,1
-152,154,1
-139,166,1
-127,137,1
-150,170,1
-149,134,1
-168,134,1
-159,160,1
-167,135,1
-161,163,1
-136,164,1
-137,160,1
-145,165,1
-131,154,1
-129,140,1
-173,145,1
-129,147,1
-146,138,1
-125,157,1
-150,162,1
-169,136,1
144,145,0
167,153,0
146,167,0
128,135,0
143,125,0
144,160,0
140,154,0
147,142,0
140,150,0
154,171,0
125,156,0
164,162,0
154,128,0
139,167,0
157,144,0
170,150,0
159,138,0
153,126,0
141,156,0
138,129,0
133,167,0
166,152,0
150,147,0
164,131,0
146,140,0
169,145,0
147,165,0
153,137,0
142,164,0
148,147,0
130,163,0
159,168,0
145,152,0
145,133,0
140,168,0
153,158,0
138,142,0
157,156,0
169,142,0
162,168,0
142,157,0
131,133,0
149,162,0
136,151,0
151,158,0
151,167,0
144,144,0
148,132,0
159,137,0
132,155,0
159,155,0
153,139,0
150,137,0
172,151,0
145,172,0
131,156,0
131,149,0
166,139,0
159,158,0
133,140,0
166,142,0
157,133,0
165,149,0
134,152,0
156,155,0
147,161,0
167,146,0
143,127,0
169,137,0
129,164,0
151,142,0
171,139,0
159,151,0
167,165,0
166,149,0
143,135,0
144,125,0
159,147,0
157,141,0
157,155,0
159,151,0
141,140,0
161,150,0
162,159,0
136,152,0
147,161,0
143,169,0
143,158,0
145,149,0
144,170,0
141,160,0
148,171,0
162,152,0
165,146,0
167,157,0
150,131,0
165,134,0
158,147,0
139,136,0
132,148,0
154,136,0
145,128,0
126,155,0
164,165,0
131,165,0
143,126,0
155,136,0
125,146,0
128,155,0
129,157,0
161,154,0
131,150,0
145,157,0
140,165,0
151,128,0
141,151,0
137,135,0
135,168,0
125,143,0
140,168,0
165,135,0
136,137,0
149,132,0
152,154,0
131,143,0
155,161,0
139,157,0
158,139,0
134,136,0
138,171,0
147,152,0
163,143,0
142,167,0
172,142,0
144,126,0
149,149,0
159,166,0
150,170,0
141,139,0
154,157,0
129,142,0
145,124,0
155,135,0
139,149,0
171,153,0
127,160,0
139,141,0
143,135,0
150,169,0
137,162,0
155,144,0
160,141,0
134,158,0
139,161,0
159,149,0
136,137,0
135,166,0
157,147,0
142,131,0
167,157,0
158,161,0
158,150,0
154,127,0
152,146,0
146,127,0
161,167,0
131,166,0
151,127,0
169,144,0
128,161,0
151,161,0
151,167,0
166,134,0
145,173,0
161,130,0
140,165,0
155,131,0
158,169,0
154,143,0
163,157,0
156,150,0
133,142,0
155,150,0
147,156,0
132,138,0
144,130,0
149,124,0
169,139,0
139,153,0
151,141,0
153,172,0
149,129,0
147,127,0
140,170,0
152,138,0
143,161,0
140,141,0
136,152,0
125,140,0
161,128,0
143,165,0
143,167,0
159,157,0
152,136,0
144,163,0
147,127,0
134,147,0
157,158,0
136,160,0
140,146,0
159,160,0
136,141,0
146,126,0
150,169,0
140,164,0
149,144,0
135,146,0
147,142,0
136,135,0
133,150,0
142,142,0
129,149,0
144,167,0
132,131,0
154,143,0
142,161,0
136,132,0
148,131,0
157,171,0
157,135,0
134,154,0
147,162,0
137,148,0
137,170,0
153,125,0
127,158,0
136,146,0
160,130,0
150,134,0
145,126,0
142,155,0
162,157,0
150,170,0
166,132,0
162,169,0
136,129,0
134,136,0
171,151,0
149,133,0
147,158,0
149,-142,1
156,-125,1
173,-151,1
126,-149,1
165,-145,1
163,-163,1
141,-165,1
151,-147,1
144,-132,1
163,-160,1
139,-131,1
168,-152,1
138,-133,1
140,-130,1
162,-165,1
153,-155,1
163,-143,1
132,-148,1
135,-145,1
156,-125,1
150,-124,1
148,-162,1
161,-165,1
129,-136,1
131,-156,1
155,-131,1
139,-133,1
141,-172,1
138,-143,1
159,-155,1
146,-162,1
157,-167,1
158,-137,1
155,-156,1
166,-162,1
160,-140,1
129,-138,1
155,-132,1
148,-155,1
151,-172,1
127,-152,1
159,-137,1
140,-147,1
149,-127,1
156,-125,1
154,-135,1
139,-160,1
147,-146,1
135,-141,1
135,-154,1
141,-157,1
164,-133,1
151,-139,1
141,-128,1
147,-172,1
161,-140,1
149,-154,1
144,-165,1
132,-142,1
130,-149,1
144,-159,1
134,-139,1
130,-164,1
133,-168,1
141,-164,1
143,-144,1
135,-135,1
147,-132,1
125,-155,1
158,-149,1
165,-145,1
153,-154,1
127,-150,1
163,-150,1
147,-126,1
137,-127,1
145,-159,1
148,-155,1
153,-149,1
134,-146,1
147,-157,1
144,-133,1
165,-154,1
141,-138,1
136,-170,1
150,-173,1
141,-155,1
161,-132,1
156,-169,1
172,-156,1
130,-141,1
128,-140,1
139,-153,1
146,-168,1
149,-137,1
157,-160,1
159,-150,1
154,-153,1
144,-156,1
133,-163,1
133,-158,1
142,-156,1
130,-148,1
168,-136,1
143,-126,1
159,-170,1
155,-145,1
145,-142,1
137,-152,1
132,-152,1
156,-127,1
164,-167,1
155,-140,1
166,-139,1
165,-150,1
162,-143,1
127,-141,1
136,-141,1
153,-149,1
124,-145,1
146,-172,1
142,-150,1
131,-159,1
136,-129,1
143,-130,1
142,-127,1
167,-143,1
170,-143,1
164,-131,1
127,-155,1
152,-142,1
138,-167,1
148,-158,1
150,-154,1
169,-152,1
156,-157,1
171,-139,1
134,-154,1
149,-160,1
159,-160,1
141,-164,1
152,-127,1
162,-134,1
154,-161,1
163,-147,1
154,-129,1
135,-128,1
137,-166,1
156,-168,1
135,-159,1
158,-128,1
144,-164,1
157,-155,1
168,-144,1
150,-150,1
149,-124,1
151,-165,1
164,-159,1
134,-141,1
154,-133,1
144,-159,1
134,-154,1
167,-155,1
155,-170,1
166,-144,1
130,-132,1
147,-129,1
144,-139,1
155,-130,1
155,-128,1
169,-141,1
159,-143,1
149,-159,1
146,-138,1
154,-131,1
142,-150,1
139,-131,1
144,-127,1
151,-148,1
140,-131,1
161,-139,1
158,-140,1
131,-153,1
170,-150,1
142,-164,1
143,-136,1
147,-161,1
126,-138,1
163,-150,1
131,-161,1
146,-169,1
149,-166,1
135,-165,1
134,-132,1
164,-159,1
159,-147,1
169,-146,1
126,-153,1
151,-171,1
138,-133,1
135,-151,1
166,-153,1
164,-148,1
164,-152,1
163,-152,1
172,-151,1
159,-156,1
130,-134,1
134,-165,1
156,-163,1
163,-135,1
152,-141,1
165,-142,1
139,-133,1
157,-162,1
163,-160,1
131,-163,1
140,-162,1
147,-147,1
146,-151,1
158,-161,1
161,-134,1
143,-152,1
157,-158,1
149,-134,1
143,-132,1
161,-145,1
150,-152,1
134,-149,1
144,-131,1
124,-146,1
127,-159,1
134,-135,1
138,-167,1
156,-160,1
139,-167,1
150,-133,1
167,-132,1
154,-127,1
171,-155,1
138,-161,1
161,-142,1
135,-163,1
160,-153,1
143,-133,1
145,-149,1
152,-125,1
134,-168,1
137,-138,1
133,-132,1
-164,-130,0
-130,-148,0
-158,-157,0
-139,-160,0
-154,-139,0
-148,-144,0
-145,-127,0
-149,-147,0
-128,-162,0
-149,-151,0
-159,-145,0
-144,-169,0
-130,-146,0
-157,-157,0
-130,-137,0
-149,-170,0
-156,-161,0
-132,-158,0
-129,-149,0
-167,-158,0
-150,-170,0
-162,-134,0
-137,-139,0
-159,-152,0
-157,-163,0
-138,-147,0
-149,-127,0
-148,-171,0
-170,-136,0
-172,-142,0
-173,-145,0
-159,-151,0
-147,-147,0
-134,-150,0
-163,-140,0
-172,-155,0
-159,-130,0
-135,-129,0
-159,-140,0
-150,-165,0
-136,-153,0
-138,-149,0
-134,-152,0
-135,-151,0
-153,-165,0
-157,-136,0
-151,-155,0
-149,-134,0
-153,-142,0
-156,-167,0
-152,-149,0
-141,-152,0
-135,-141,0
-167,-158,0
-126,-146,0
-137,-142,0
-125,-153,0
-157,-128,0
-152,-151,0
-130,-140,0
-130,-150,0
-127,-157,0
-162,-138,0
-143,-145,0
-146,-169,0
-166,-146,0
-141,-129,0
-133,-152,0
-170,-150,0
-152,-155,0
-162,-145,0
-152,-170,0
-160,-152,0
-131,-165,0
-163,-165,0
-158,-158,0
-137,-163,0
-153,-168,0
-139,-126,0
-134,-143,0
-143,-142,0
-173,-152,0
-129,-136,0
-153,-153,0
-147,-168,0
-140,-165,0
-127,-149,0
-150,-136,0
-154,-143,0
-164,-134,0
-148,-157,0
-141,-137,0
-144,-165,0
-154,-154,0
-150,-173,0
-153,-173,0
-165,-145,0
-146,-131,0
-168,-145,0
-156,-154,0
-145,-129,0
-150,-126,0
-142,-168,0
-134,-167,0
-136,-150,0
-156,-127,0
-130,-149,0
-162,-156,0
-155,-141,0
-126,-148,0
-136,-141,0
-138,-144,0
-138,-171,0
-130,-148,0
-140,-126,0
-142,-158,0
-133,-130,0
-142,-169,0
-134,-165,0
-150,-130,0
-152,-131,0
-148,-128,0
-146,-150,0
-153,-173,0
-134,-134,0
-144,-165,0
-158,-165,0
-128,-152,0
-172,-152,0
-130,-150,0
-155,-155,0
-148,-132,0
-148,-144,0
-150,-127,0
-160,-141,0
-145,-127,0
-160,-166,0
-166,-165,0
-155,-160,0
-151,-146,0
-133,-164,0
-146,-165,0
-131,-143,0
-166,-151,0
-166,-155,0
-149,-135,0
-156,-165,0
-154,-150,0
-131,-134,0
-130,-137,0
-139,-166,0
-161,-135,0
-149,-131,0
-164,-160,0
-155,-128,0
-152,-167,0
-170,-156,0
-134,-148,0
-146,-161,0
-162,-128,0
-157,-131,0
-132,-133,0
-138,-127,0
-156,-131,0
-155,-167,0
-157,-146,0
-145,-158,0
-137,-146,0
-125,-144,0
-127,-159,0
-144,-137,0
-138,-140,0
-172,-144,0
-126,-152,0
-144,-149,0
-127,-147,0
-169,-138,0
-132,-136,0
-124,-144,0
-134,-146,0
-169,-144,0
-130,-153,0
-127,-154,0
-155,-172,0
-152,-129,0
-142,-144,0
-149,-132,0
-163,-163,0
-139,-149,0
-159,-157,0
-150,-134,0
-151,-162,0
-150,-159,0
-138,-135,0
-132,-150,0
-162,-156,0
-168,-153,0
-151,-138,0
-166,-136,0
-160,-146,0
-129,-149,0
-151,-144,0
-155,-136,0
-160,-149,0
-153,-161,0
-142,-128,0
-132,-167,0
-142,-131,0
-146,-152,0
-166,-148,0
-167,-160,0
-173,-149,0
-156,-136,0
-157,-142,0
-165,-135,0
-159,-129,0
-146,-153,0
-157,-157,0
-132,-167,0
-161,-170,0
-157,-154,0
-160,-159,0
-146,-167,0
-131,-143,0
-148,-173,0
-150,-171,0
-136,-128,0
-152,-141,0
-172,-153,0
-135,-138,0
-162,-160,0
-133,-132,0
-153,-132,0
-129,-154,0
-142,-168,0
-156,-145,0
-153,-142,0
-156,-170,0
-148,-133,0
-152,-169,0
-154,-160,0
-149,-144,0
-153,-131,0
-160,-170,0
-149,-129,0
-143,-165,0
-152,-148,0
-137,-154,0
-164,-143,0
-157,-145,0
