-209,202,1
-192,226,1
-190,193,1
-220,217,1
-213,200,1
-196,215,1
-187,220,1
-200,187,1
-206,207,1
-197,206,1
-221,199,1
-189,213,1
-212,210,1
-215,200,1
-205,191,1
-196,201,1
-227,203,1
-215,195,1
-189,191,1
-200,192,1
-208,209,1
-217,190,1
-214,219,1
-210,219,1
-191,202,1
-208,209,1
-188,206,1
-217,202,1
-190,199,1
-210,181,1
-211,187,1
-216,186,1
-214,189,1
-210,227,1
-211,191,1
-197,202,1
-200,212,1
-225,196,1
-187,221,1
-202,218,1
-214,214,1
-199,214,1
-225,205,1
-223,213,1
-186,207,1
-183,195,1
-216,186,1
-214,216,1
-215,191,1
-217,199,1
-201,183,1
-206,217,1
-196,183,1
-225,195,1
-223,199,1
-205,191,1
-224,208,1
-188,207,1
-205,213,1
-206,193,1
-199,219,1
-198,220,1
-187,207,1
-197,199,1
-211,191,1
-214,184,1
-203,220,1
-201,217,1
-196,190,1
-187,203,1
-217,199,1
-226,193,1
-223,217,1
-197,228,1
-220,186,1
-194,224,1
-186,210,1
-212,229,1
-221,210,1
-207,199,1
-215,187,1
-190,209,1
-198,215,1
-187,200,1
-192,202,1
-223,211,1
-223,211,1
-196,224,1
-208,208,1
-214,225,1
-217,213,1
-220,194,1
-209,195,1
-221,205,1
-196,201,1
-186,207,1
-226,195,1
-196,220,1
-202,183,1
-206,187,1
-205,227,1
-202,199,1
-195,213,1
-215,207,1
-193,221,1
-213,196,1
-218,218,1
-222,199,1
-196,183,1
-205,200,1
-220,223,1
-214,193,1
-198,187,1
-205,219,1
-185,193,1
-215,203,1
-203,201,1
-189,203,1
-200,190,1
-210,227,1
-217,187,1
-184,207,1
-198,205,1
-201,198,1
-219,213,1
-220,194,1
-185,191,1
-220,188,1
-208,212,1
-214,207,1
-214,202,1
-217,222,1
-196,221,1
-189,210,1
-194,186,1
-184,193,1
-200,187,1
-226,201,1
-213,213,1
-212,187,1
-219,217,1
-222,219,1
-215,206,1
-211,197,1
-210,225,1
-189,219,1
-206,197,1
-202,209,1
-224,196,1
-195,219,1
-211,218,1
-208,224,1
-194,220,1
-198,212,1
-217,210,1
-192,215,1
-205,216,1
-219,218,1
-222,211,1
-183,202,1
-227,206,1
-210,188,1
-194,193,1
-201,225,1
-222,198,1
-224,197,1
-186,204,1
-210,192,1
-220,204,1
-221,208,1
-203,215,1
-201,184,1
-201,202,1
-218,223,1
-228,203,1
-216,186,1
-226,205,1
-187,188,1
-214,214,1
-208,215,1
-220,217,1
-227,211,1
-211,190,1
-226,195,1
-227,210,1
-225,220,1
-202,205,1
-216,200,1
-187,194,1
-216,194,1
-213,208,1
-195,205,1
-205,182,1
-206,218,1
-218,215,1
-192,213,1
-226,213,1
-201,203,1
-228,207,1
-213,182,1
-229,209,1
-198,224,1
-222,192,1
-199,208,1
-207,209,1
-215,188,1
-221,220,1
-222,187,1
-186,221,1
-185,218,1
-222,191,1
-225,194,1
-206,195,1
-209,199,1
-197,219,1
-213,191,1
-199,211,1
-215,187,1
-195,205,1
-186,208,1
-203,206,1
-201,210,1
-194,217,1
-185,193,1
-204,226,1
-217,184,1
-189,221,1
-184,204,1
-205,203,1
-221,219,1
-202,203,1
-222,202,1
-213,210,1
-189,190,1
-207,183,1
-221,196,1
-222,215,1
-201,200,1
-207,218,1
-211,199,1
-186,202,1
-201,196,1
-203,228,1
-193,193,1
-184,215,1
-219,212,1
-225,194,1
-192,206,1
-210,183,1
-205,188,1
206,225,0
209,216,0
207,184,0
224,216,0
199,203,0
193,196,0
197,227,0
188,187,0
195,185,0
193,202,0
221,206,0
201,224,0
184,197,0
205,187,0
223,200,0
182,198,0
199,210,0
205,220,0
199,201,0
206,215,0
183,199,0
209,203,0
197,225,0
199,194,0
200,196,0
200,203,0
221,188,0
204,185,0
214,184,0
191,210,0
200,183,0
213,191,0
205,205,0
220,190,0
218,215,0
213,216,0
213,226,0
203,183,0
214,212,0
222,213,0
199,188,0
203,185,0
193,225,0
200,218,0
203,188,0
209,227,0
224,218,0
210,191,0
187,221,0
224,194,0
223,217,0
207,190,0
195,227,0
220,191,0
208,222,0
182,210,0
209,201,0
187,203,0
224,200,0
216,219,0
196,207,0
198,188,0
211,207,0
225,214,0
189,196,0
207,181,0
199,202,0
217,194,0
188,199,0
204,226,0
210,188,0
197,208,0
226,204,0
191,208,0
209,218,0
203,197,0
212,225,0
189,196,0
213,199,0
217,185,0
200,226,0
222,204,0
207,194,0
219,191,0
205,194,0
207,205,0
188,190,0
196,216,0
193,215,0
212,227,0
195,206,0
226,202,0
194,187,0
201,185,0
204,207,0
203,216,0
215,185,0
214,190,0
204,230,0
204,219,0
207,220,0
202,184,0
207,204,0
201,198,0
202,190,0
220,215,0
204,204,0
208,202,0
218,218,0
184,194,0
188,197,0
222,219,0
229,201,0
195,219,0
203,202,0
208,192,0
209,190,0
202,220,0
201,188,0
188,198,0
222,188,0
210,209,0
188,206,0
210,218,0
183,215,0
204,197,0
221,211,0
204,208,0
195,208,0
225,194,0
187,202,0
214,208,0
220,194,0
228,212,0
195,226,0
210,205,0
218,186,0
204,191,0
218,220,0
206,189,0
224,202,0
205,204,0
193,220,0
202,215,0
198,189,0
227,200,0
213,227,0
208,184,0
223,193,0
225,202,0
211,224,0
191,186,0
199,222,0
204,210,0
208,211,0
196,193,0
213,211,0
219,200,0
208,225,0
221,212,0
188,217,0
220,209,0
195,214,0
190,221,0
201,218,0
218,195,0
188,190,0
200,202,0
202,194,0
209,226,0
211,202,0
212,216,0
220,211,0
195,194,0
203,182,0
218,191,0
186,205,0
206,199,0
185,198,0
210,190,0
195,193,0
208,185,0
190,224,0
190,223,0
205,224,0
201,185,0
202,188,0
199,217,0
209,194,0
213,215,0
223,196,0
196,195,0
210,222,0
188,207,0
194,214,0
215,193,0
200,192,0
198,207,0
190,203,0
218,211,0
202,210,0
186,204,0
202,217,0
193,194,0
222,217,0
211,228,0
182,198,0
227,205,0
213,188,0
215,183,0
228,208,0
193,193,0
198,189,0
181,207,0
209,211,0
199,223,0
214,218,0
216,190,0
213,227,0
210,212,0
195,194,0
184,197,0
209,185,0
213,213,0
208,187,0
189,220,0
203,183,0
195,216,0
211,213,0
207,212,0
189,213,0
204,204,0
189,207,0
201,188,0
211,183,0
202,195,0
219,223,0
203,218,0
201,212,0
188,203,0
208,211,0
204,206,0
184,193,0
194,205,0
216,206,0
212,227,0
198,221,0
220,187,0
223,219,0
210,201,0
206,-210,1
209,-186,1
186,-211,1
225,-203,1
223,-209,1
218,-191,1
216,-208,1
188,-212,1
210,-203,1
188,-209,1
189,-197,1
194,-215,1
206,-216,1
199,-228,1
184,-207,1
190,-213,1
219,-206,1
186,-211,1
221,-214,1
193,-190,1
223,-203,1
194,-201,1
227,-201,1
209,-228,1
215,-204,1
203,-202,1
187,-210,1
222,-192,1
229,-204,1
206,-227,1
199,-212,1
190,-216,1
210,-226,1
210,-225,1
212,-214,1
184,-214,1
186,-197,1
209,-182,1
208,-226,1
191,-190,1
192,-196,1
195,-201,1
205,-194,1
186,-190,1
202,-197,1
210,-221,1
197,-187,1
199,-185,1
226,-209,1
193,-203,1
201,-190,1
228,-196,1
197,-226,1
194,-199,1
208,-185,1
214,-219,1
187,-196,1
193,-225,1
203,-210,1
217,-193,1
205,-206,1
203,-224,1
209,-197,1
222,-195,1
222,-215,1
204,-184,1
198,-210,1
210,-217,1
205,-196,1
202,-184,1
218,-204,1
204,-217,1
190,-214,1
192,-192,1
190,-211,1
204,-222,1
212,-226,1
214,-205,1
193,-226,1
190,-206,1
210,-217,1
195,-199,1
189,-206,1
204,-223,1
206,-192,1
218,-197,1
224,-199,1
218,-208,1
187,-220,1
184,-207,1
197,-204,1
203,-222,1
220,-211,1
200,-229,1
193,-185,1
223,-212,1
196,-212,1
186,-198,1
219,-212,1
222,-207,1
227,-197,1
210,-206,1
203,-226,1
210,-209,1
193,-200,1
212,-195,1
207,-216,1
187,-191,1
193,-191,1
218,-185,1
198,-192,1
210,-187,1
208,-203,1
224,-204,1
225,-191,1
195,-201,1
202,-201,1
222,-191,1
187,-206,1
217,-207,1
210,-223,1
214,-191,1
224,-194,1
210,-225,1
216,-198,1
228,-209,1
223,-222,1
212,-196,1
198,-214,1
192,-224,1
195,-212,1
188,-222,1
199,-224,1
193,-212,1
224,-205,1
225,-212,1
220,-219,1
222,-187,1
191,-199,1
195,-186,1
190,-206,1
219,-195,1
207,-199,1
203,-226,1
192,-191,1
197,-183,1
216,-226,1
220,-199,1
207,-217,1
225,-218,1
209,-198,1
204,-228,1
192,-190,1
187,-213,1
223,-201,1
203,-229,1
201,-185,1
218,-220,1
224,-212,1
198,-211,1
189,-199,1
196,-218,1
209,-192,1
218,-226,1
209,-184,1
230,-205,1
219,-214,1
212,-200,1
195,-188,1
220,-199,1
210,-226,1
192,-194,1
227,-213,1
225,-191,1
199,-198,1
211,-203,1
192,-222,1
225,-218,1
225,-208,1
193,-199,1
199,-192,1
224,-217,1
208,-229,1
185,-194,1
228,-202,1
202,-197,1
227,-202,1
203,-223,1
224,-190,1
207,-183,1
199,-181,1
192,-209,1
216,-215,1
228,-211,1
213,-209,1
224,-219,1
222,-222,1
205,-229,1
214,-204,1
217,-203,1
219,-219,1
191,-218,1
207,-207,1
204,-184,1
203,-209,1
229,-211,1
201,-183,1
196,-221,1
201,-216,1
220,-209,1
197,-206,1
190,-207,1
212,-227,1
207,-204,1
217,-193,1
199,-202,1
200,-196,1
186,-204,1
185,-203,1
187,-210,1
196,-199,1
212,-182,1
210,-227,1
208,-204,1
220,-216,1
184,-194,1
201,-210,1
187,-191,1
184,-199,1
223,-220,1
210,-191,1
185,-202,1
211,-186,1
201,-219,1
192,-189,1
220,-190,1
224,-205,1
190,-217,1
208,-212,1
210,-202,1
229,-200,1
219,-224,1
217,-224,1
188,-188,1
198,-224,1
192,-185,1
217,-207,1
206,-206,1
181,-210,1
199,-218,1
-214,-228,0
-219,-195,0
-203,-206,0
-207,-183,0
-222,-203,0
-214,-222,0
-217,-219,0
-191,-202,0
-189,-197,0
-222,-218,0
-215,-207,0
-227,-211,0
-203,-200,0
-221,-203,0
-198,-212,0
-201,-225,0
-230,-204,0
-190,-204,0
-189,-214,0
-198,-226,0
-212,-216,0
-215,-191,0
-185,-203,0
-184,-208,0
-183,-201,0
-198,-204,0
-198,-207,0
-215,-196,0
-201,-220,0
-206,-229,0
-200,-226,0
-207,-203,0
-181,-201,0
-195,-216,0
-199,-192,0
-196,-190,0
-187,-209,0
-213,-219,0
-216,-191,0
-186,-204,0
-198,-205,0
-205,-222,0
-210,-196,0
-185,-191,0
-221,-187,0
-191,-200,0
-216,-184,0
-227,-214,0
-212,-203,0
-206,-203,0
-202,-209,0
-219,-205,0
-195,-211,0
-215,-188,0
-212,-222,0
-208,-220,0
-224,-201,0
-203,-193,0
-204,-208,0
-228,-214,0
-207,-212,0
-213,-206,0
-225,-195,0
-201,-208,0
-222,-218,0
-199,-203,0
-223,-199,0
-187,-196,0
-222,-205,0
-224,-214,0
-198,-229,0
-213,-220,0
-218,-214,0
-186,-201,0
-194,-201,0
-190,-208,0
-217,-197,0
-218,-190,0
-206,-216,0
-224,-218,0
-217,-193,0
-196,-188,0
-205,-194,0
-201,-226,0
-213,-223,0
-196,-211,0
-197,-211,0
-193,-199,0
-209,-220,0
-218,-219,0
-211,-228,0
-215,-183,0
-197,-182,0
-211,-185,0
-204,-212,0
-219,-221,0
-208,-204,0
-202,-181,0
-217,-220,0
-226,-216,0
-183,-213,0
-218,-194,0
-212,-211,0
-213,-221,0
-215,-189,0
-184,-217,0
-211,-214,0
-199,-200,0
-207,-201,0
-196,-186,0
-190,-203,0
-216,-208,0
-223,-205,0
-206,-204,0
-185,-191,0
-189,-200,0
-214,-207,0
-213,-222,0
-221,-222,0
-200,-182,0
-208,-224,0
-191,-188,0
-215,-207,0
-201,-198,0
-187,-197,0
-220,-209,0
-197,-215,0
-203,-196,0
-198,-205,0
-214,-211,0
-190,-224,0
-191,-222,0
-215,-186,0
-218,-210,0
-210,-188,0
-193,-200,0
-202,-189,0
-223,-221,0
-214,-225,0
-205,-185,0
-203,-194,0
-211,-194,0
-197,-201,0
-185,-208,0
-208,-193,0
-200,-225,0
-211,-228,0
-197,-182,0
-209,-203,0
-229,-205,0
-212,-189,0
-209,-225,0
-206,-205,0
-188,-204,0
-211,-204,0
-221,-216,0
-211,-218,0
-192,-188,0
-226,-214,0
-215,-208,0
-202,-217,0
-225,-197,0
-218,-194,0
-229,-207,0
-199,-197,0
-187,-215,0
-226,-197,0
-219,-187,0
-203,-206,0
-208,-191,0
-216,-202,0
-215,-190,0
-187,-207,0
-191,-200,0
-194,-199,0
-217,-194,0
-190,-215,0
-201,-218,0
-204,-195,0
-220,-225,0
-191,-187,0
-222,-211,0
-219,-224,0
-216,-195,0
-225,-208,0
-206,-188,0
-203,-205,0
-217,-218,0
-204,-187,0
-198,-226,0
-217,-194,0
-209,-213,0
-217,-210,0
-208,-199,0
-184,-196,0
-182,-204,0
-200,-184,0
-198,-201,0
-198,-184,0
-223,-202,0
-200,-187,0
-205,-227,0
-207,-222,0
-207,-222,0
-218,-190,0
-202,-226,0
-192,-216,0
-197,-207,0
-228,-205,0
-198,-199,0
-199,-192,0
-215,-212,0
-194,-197,0
-192,-218,0
-214,-224,0
-222,-201,0
-211,-223,0
-219,-214,0
-203,-227,0
-209,-212,0
-220,-201,0
-213,-216,0
-218,-205,0
-217,-214,0
-207,-218,0
-216,-211,0
-205,-203,0
-215,-195,0
-184,-212,0
-201,-212,0
-206,-185,0
-215,-196,0
-212,-201,0
-222,-209,0
-195,-207,0
-211,-223,0
-225,-212,0
-189,-218,0
-189,-188,0
-195,-192,0
-209,-200,0
-194,-204,0
-215,-211,0
-196,-203,0
-229,-207,0
-203,-207,0
-219,-223,0
-196,-218,0
-186,-214,0
-218,-197,0
