-134,142,1
-114,135,1
-154,148,1
-114,130,1
-113,143,1
-122,126,1
-141,141,1
-148,151,1
-117,124,1
-142,130,1
-125,119,1
-143,135,1
-125,127,1
-141,157,1
-123,150,1
-116,149,1
-120,116,1
-143,147,1
-127,158,1
-145,146,1
-119,120,1
-137,137,1
-158,127,1
-130,144,1
-119,142,1
-111,133,1
-120,153,1
-144,142,1
-137,142,1
-145,130,1
-131,118,1
-119,135,1
-128,115,1
-123,143,1
-158,127,1
-130,140,1
-153,135,1
-119,124,1
-128,138,1
-155,144,1
-148,134,1
-143,151,1
-118,137,1
-122,122,1
-140,151,1
-156,142,1
-117,122,1
-128,135,1
-129,142,1
-135,158,1
-148,142,1
-138,113,1
-136,136,1
-139,153,1
-152,130,1
-140,136,1
-155,128,1
-154,130,1
-115,127,1
-152,120,1
-127,121,1
-120,136,1
-146,116,1
-129,110,1
-134,126,1
-143,143,1
-148,123,1
-127,136,1
-121,142,1
-138,128,1
-117,128,1
-120,127,1
-117,118,1
-118,119,1
-130,134,1
-143,156,1
-155,136,1
-144,143,1
-127,117,1
-128,136,1
-133,146,1
-142,129,1
-139,145,1
-153,140,1
-123,136,1
-131,135,1
-128,143,1
-151,130,1
-121,120,1
-122,115,1
-150,140,1
-129,136,1
-130,158,1
-137,118,1
-124,151,1
-124,149,1
-123,137,1
-125,156,1
-119,148,1
-117,144,1
-134,130,1
-142,132,1
-142,135,1
-141,142,1
-117,122,1
-147,114,1
-145,143,1
-148,152,1
-132,132,1
-147,132,1
-150,153,1
-137,148,1
-132,117,1
-116,136,1
-152,151,1
-114,145,1
-121,133,1
-129,118,1
-142,121,1
-120,151,1
-147,121,1
-134,152,1
-146,113,1
-117,139,1
-136,154,1
-151,136,1
-111,127,1
-117,139,1
-143,123,1
-147,153,1
-153,119,1
-138,120,1
-137,126,1
-139,119,1
-137,142,1
-142,149,1
-137,125,1
-114,129,1
-123,113,1
-131,119,1
-125,114,1
-151,129,1
-144,126,1
-122,132,1
-132,110,1
-142,135,1
-139,126,1
-140,149,1
-146,118,1
-140,148,1
-117,117,1
-120,124,1
-118,147,1
-119,151,1
-122,147,1
-129,140,1
-113,141,1
-150,132,1
-136,148,1
-134,151,1
-123,148,1
-135,128,1
-137,123,1
-152,143,1
-151,135,1
-149,130,1
-120,116,1
-155,124,1
-128,156,1
-156,146,1
-117,136,1
-145,141,1
-135,111,1
-144,127,1
-141,158,1
-126,136,1
-138,139,1
-124,115,1
-111,141,1
-124,126,1
-133,133,1
-144,137,1
-120,130,1
-132,129,1
-149,115,1
-126,156,1
-137,112,1
-152,129,1
-116,137,1
-139,154,1
-141,119,1
-148,119,1
-144,152,1
-132,129,1
-120,119,1
-150,117,1
-134,123,1
-138,129,1
-121,148,1
-118,126,1
-131,114,1
-133,158,1
-157,131,1
-150,117,1
-127,124,1
-142,132,1
-145,115,1
-114,134,1
-130,155,1
-132,118,1
-116,130,1
-133,125,1
-139,112,1
-142,132,1
-150,119,1
-145,135,1
-140,141,1
-145,146,1
-124,121,1
-124,145,1
-114,126,1
-137,140,1
-118,124,1
-110,134,1
-128,115,1
-117,119,1
-136,119,1
-147,124,1
-151,131,1
-136,113,1
-114,138,1
-112,143,1
-155,126,1
-135,156,1
-158,128,1
-118,149,1
-155,132,1
-135,115,1
-132,128,1
-125,140,1
-117,141,1
-138,159,1
-122,115,1
-116,127,1
-153,147,1
-126,131,1
-139,122,1
-128,124,1
-158,132,1
-155,131,1
143,118,0
129,144,0
114,121,0
153,133,0
145,128,0
131,124,0
130,110,0
119,131,0
135,111,0
118,147,0
146,154,0
128,122,0
131,111,0
120,136,0
119,128,0
143,149,0
121,133,0
129,120,0
158,141,0
134,117,0
120,127,0
122,126,0
141,144,0
152,124,0
122,130,0
121,149,0
139,114,0
150,138,0
113,142,0
130,151,0
129,122,0
131,144,0
149,117,0
149,144,0
130,118,0
113,143,0
131,138,0
134,131,0
137,123,0
151,122,0
117,122,0
143,119,0
136,154,0
127,130,0
159,131,0
127,142,0
118,125,0
156,126,0
127,146,0
150,147,0
128,133,0
131,136,0
135,156,0
155,128,0
113,147,0
151,149,0
144,136,0
131,134,0
139,153,0
140,110,0
118,131,0
130,110,0
129,137,0
128,113,0
148,138,0
141,119,0
112,133,0
130,118,0
137,133,0
112,135,0
131,155,0
120,144,0
148,155,0
146,142,0
143,152,0
140,117,0
131,119,0
139,124,0
127,148,0
129,156,0
139,154,0
133,118,0
131,133,0
120,129,0
124,140,0
120,129,0
129,158,0
155,144,0
151,140,0
154,124,0
141,134,0
127,158,0
124,126,0
149,150,0
159,137,0
115,139,0
136,157,0
154,134,0
149,128,0
137,144,0
139,121,0
126,144,0
150,119,0
129,115,0
119,135,0
147,133,0
115,142,0
133,126,0
118,121,0
147,134,0
142,112,0
117,150,0
142,148,0
153,140,0
142,135,0
132,134,0
119,128,0
125,134,0
141,122,0
152,138,0
134,127,0
141,139,0
134,147,0
150,150,0
135,127,0
126,121,0
141,122,0
116,131,0
132,119,0
151,128,0
140,129,0
128,122,0
131,146,0
150,151,0
140,110,0
125,144,0
124,134,0
151,122,0
125,145,0
140,142,0
139,130,0
153,148,0
119,117,0
117,138,0
134,136,0
141,135,0
143,143,0
122,149,0
131,127,0
118,117,0
142,136,0
121,122,0
126,141,0
132,133,0
116,135,0
146,145,0
128,120,0
146,147,0
138,133,0
128,129,0
139,138,0
153,133,0
123,138,0
133,158,0
140,130,0
143,142,0
137,145,0
117,151,0
138,110,0
145,112,0
120,130,0
120,143,0
144,139,0
145,156,0
114,130,0
141,118,0
121,136,0
136,144,0
136,146,0
135,159,0
112,130,0
139,135,0
143,155,0
131,155,0
155,127,0
139,139,0
143,149,0
141,126,0
158,135,0
148,153,0
145,128,0
139,153,0
138,125,0
133,150,0
144,136,0
117,152,0
136,119,0
147,148,0
130,126,0
129,123,0
131,143,0
130,138,0
147,140,0
125,154,0
114,131,0
147,130,0
135,122,0
120,152,0
146,126,0
153,139,0
134,131,0
119,150,0
143,142,0
139,144,0
153,130,0
131,113,0
141,150,0
146,142,0
151,135,0
141,152,0
143,115,0
149,145,0
144,139,0
137,114,0
134,110,0
124,135,0
151,143,0
131,148,0
149,121,0
118,132,0
141,153,0
131,112,0
122,141,0
128,114,0
124,142,0
132,118,0
136,145,0
136,116,0
123,115,0
126,132,0
146,141,0
140,111,0
129,130,0
112,144,0
155,139,0
151,150,0
128,145,0
135,149,0
119,152,0
142,158,0
114,-125,1
136,-150,1
117,-121,1
142,-129,1
152,-129,1
133,-125,1
147,-128,1
120,-136,1
136,-140,1
126,-114,1
125,-116,1
116,-118,1
150,-137,1
134,-126,1
128,-158,1
146,-115,1
133,-125,1
148,-143,1
114,-124,1
143,-124,1
138,-122,1
134,-120,1
114,-144,1
113,-145,1
135,-122,1
141,-152,1
117,-129,1
144,-121,1
149,-142,1
151,-140,1
139,-139,1
150,-147,1
138,-110,1
118,-146,1
158,-140,1
127,-112,1
124,-134,1
124,-119,1
153,-134,1
126,-140,1
156,-138,1
141,-111,1
123,-148,1
153,-144,1
143,-120,1
137,-125,1
140,-155,1
124,-114,1
142,-154,1
137,-122,1
130,-134,1
133,-148,1
122,-115,1
127,-115,1
148,-134,1
156,-142,1
148,-119,1
135,-141,1
115,-144,1
141,-134,1
120,-121,1
151,-143,1
140,-112,1
118,-116,1
143,-135,1
135,-134,1
144,-130,1
117,-148,1
119,-142,1
158,-129,1
145,-141,1
145,-112,1
136,-110,1
111,-130,1
128,-122,1
154,-138,1
134,-112,1
156,-142,1
126,-141,1
128,-143,1
132,-111,1
118,-138,1
153,-132,1
148,-121,1
137,-143,1
136,-141,1
141,-146,1
145,-153,1
143,-115,1
147,-151,1
119,-141,1
132,-113,1
146,-154,1
116,-137,1
119,-151,1
116,-135,1
117,-123,1
128,-155,1
114,-120,1
128,-149,1
134,-147,1
128,-155,1
122,-124,1
147,-144,1
120,-152,1
149,-118,1
153,-149,1
120,-123,1
157,-144,1
131,-155,1
136,-113,1
114,-124,1
117,-144,1
150,-135,1
131,-110,1
148,-144,1
146,-140,1
130,-131,1
147,-125,1
115,-134,1
154,-128,1
149,-129,1
133,-137,1
142,-113,1
112,-133,1
159,-138,1
146,-134,1
127,-136,1
141,-143,1
128,-118,1
141,-114,1
124,-114,1
157,-129,1
136,-124,1
120,-149,1
146,-155,1
148,-121,1
150,-143,1
115,-135,1
129,-130,1
115,-122,1
141,-121,1
141,-149,1
144,-154,1
145,-115,1
113,-147,1
136,-120,1
132,-144,1
125,-151,1
154,-141,1
157,-135,1
117,-134,1
138,-141,1
140,-120,1
153,-134,1
116,-136,1
152,-118,1
137,-138,1
149,-138,1
156,-133,1
149,-125,1
128,-145,1
121,-148,1
136,-122,1
122,-154,1
124,-156,1
147,-133,1
151,-136,1
142,-147,1
137,-152,1
116,-133,1
138,-152,1
148,-146,1
144,-125,1
112,-137,1
148,-148,1
135,-143,1
124,-156,1
141,-148,1
130,-122,1
145,-155,1
122,-150,1
136,-139,1
152,-134,1
130,-111,1
142,-117,1
127,-148,1
130,-139,1
157,-140,1
126,-113,1
121,-127,1
155,-122,1
150,-126,1
125,-148,1
121,-141,1
155,-148,1
151,-149,1
144,-122,1
116,-145,1
114,-145,1
138,-120,1
133,-141,1
138,-117,1
138,-129,1
124,-154,1
128,-152,1
131,-117,1
136,-143,1
122,-124,1
133,-152,1
141,-122,1
152,-118,1
116,-139,1
143,-152,1
129,-154,1
149,-149,1
126,-115,1
138,-121,1
146,-150,1
130,-154,1
122,-153,1
132,-134,1
131,-139,1
131,-157,1
151,-144,1
121,-134,1
116,-143,1
154,-133,1
131,-141,1
142,-112,1
122,-115,1
151,-141,1
135,-142,1
155,-145,1
144,-123,1
157,-134,1
117,-138,1
133,-110,1
126,-141,1
127,-131,1
115,-119,1
127,-112,1
111,-129,1
126,-151,1
126,-124,1
144,-145,1
125,-118,1
138,-131,1
111,-136,1
117,-136,1
-151,-149,0
-151,-152,0
-146,-154,0
-133,-154,0
-138,-114,0
-111,-142,0
-118,-142,0
-155,-128,0
-147,-117,0
-145,-119,0
-113,-142,0
-153,-142,0
-139,-114,0
-151,-144,0
-156,-123,0
-135,-125,0
-122,-156,0
-112,-125,0
-136,-127,0
-126,-135,0
-143,-149,0
-124,-149,0
-130,-117,0
-153,-137,0
-149,-122,0
-138,-127,0
-143,-111,0
-134,-157,0
-123,-155,0
-139,-150,0
-153,-127,0
-143,-148,0
-120,-141,0
-136,-118,0
-156,-127,0
-131,-150,0
-117,-149,0
-131,-144,0
-140,-122,0
-149,-139,0
-126,-153,0
-143,-151,0
-114,-143,0
-145,-136,0
-139,-123,0
-122,-125,0
-131,-129,0
-134,-125,0
-131,-159,0
-122,-131,0
-120,-126,0
-112,-130,0
-140,-115,0
-122,-130,0
-135,-150,0
-126,-134,0
-112,-140,0
-128,-136,0
-117,-148,0
-138,-140,0
-130,-118,0
-152,-133,0
-149,-132,0
-117,-142,0
-141,-147,0
-115,-139,0
-140,-140,0
-134,-152,0
-130,-118,0
-121,-152,0
-151,-128,0
-159,-138,0
-133,-111,0
-117,-118,0
-148,-114,0
-119,-136,0
-113,-144,0
-136,-152,0
-145,-141,0
-153,-143,0
-154,-141,0
-157,-129,0
-133,-131,0
-122,-152,0
-151,-116,0
-117,-148,0
-121,-138,0
-136,-124,0
-132,-124,0
-143,-155,0
-116,-129,0
-136,-134,0
-153,-118,0
-152,-125,0
-110,-134,0
-145,-138,0
-130,-140,0
-153,-119,0
-136,-124,0
-115,-119,0
-119,-135,0
-127,-134,0
-142,-130,0
-128,-115,0
-155,-122,0
-156,-133,0
-112,-145,0
-124,-145,0
-138,-128,0
-118,-147,0
-129,-133,0
-111,-143,0
-146,-140,0
-115,-141,0
-137,-143,0
-146,-141,0
-141,-114,0
-138,-143,0
-145,-155,0
-126,-149,0
-158,-135,0
-124,-115,0
-131,-113,0
-147,-143,0
-120,-125,0
-119,-149,0
-143,-126,0
-127,-140,0
-124,-156,0
-114,-123,0
-125,-124,0
-127,-115,0
-130,-135,0
-146,-118,0
-116,-118,0
-113,-125,0
-128,-149,0
-144,-122,0
-134,-117,0
-120,-149,0
-112,-144,0
-119,-126,0
-144,-149,0
-136,-148,0
-145,-118,0
-132,-112,0
-127,-127,0
-124,-125,0
-145,-143,0
-156,-140,0
-140,-119,0
-132,-118,0
-145,-136,0
-150,-129,0
-131,-143,0
-141,-130,0
-131,-131,0
-129,-114,0
-144,-142,0
-130,-136,0
-135,-138,0
-122,-153,0
-130,-141,0
-125,-136,0
-132,-110,0
-128,-143,0
-132,-139,0
-141,-117,0
-134,-126,0
-122,-140,0
-147,-113,0
-144,-117,0
-117,-149,0
-121,-114,0
-146,-113,0
-110,-136,0
-151,-151,0
-153,-148,0
-135,-141,0
-143,-120,0
-140,-156,0
-157,-142,0
-143,-150,0
-147,-121,0
-156,-126,0
-142,-118,0
-145,-115,0
-114,-137,0
-150,-146,0
-142,-147,0
-112,-142,0
-127,-147,0
-144,-155,0
-123,-133,0
-139,-120,0
-140,-143,0
-147,-133,0
-122,-141,0
-119,-141,0
-133,-141,0
-139,-147,0
-138,-154,0
-148,-127,0
-147,-113,0
-138,-126,0
-116,-120,0
-133,-127,0
-148,-132,0
-148,-126,0
-146,-152,0
-136,-134,0
-116,-119,0
-127,-145,0
-137,-134,0
-132,-135,0
-137,-154,0
-153,-124,0
-141,-139,0
-117,-118,0
-145,-112,0
-131,-133,0
-153,-123,0
-138,-135,0
-117,-150,0
-127,-158,0
-146,-140,0
-144,-136,0
-154,-131,0
-134,-113,0
-118,-131,0
-112,-139,0
-135,-146,0
-139,-149,0
-126,-124,0
-123,-139,0
-148,-117,0
-135,-115,0
-110,-139,0
-116,-132,0
-120,-139,0
-124,-127,0
-118,-146,0
-112,-143,0
-151,-134,0
-141,-158,0
-142,-150,0
-159,-131,0
-118,-121,0
-131,-149,0
-157,-141,0
