-120,141,1
-122,145,1
-138,152,1
-132,114,1
-118,135,1
-138,154,1
-112,138,1
-141,134,1
-127,148,1
-141,123,1
-156,126,1
-115,147,1
-135,158,1
-120,116,1
-149,146,1
-114,137,1
-143,142,1
-110,136,1
-117,151,1
-145,144,1
-137,142,1
-127,130,1
-141,120,1
-130,158,1
-113,142,1
-141,114,1
-134,159,1
-140,125,1
-123,128,1
-128,124,1
-118,131,1
-141,135,1
-135,143,1
-147,114,1
-142,115,1
-111,138,1
-143,150,1
-130,150,1
-134,118,1
-131,150,1
-151,122,1
-150,132,1
-111,128,1
-131,130,1
-150,124,1
-115,144,1
-150,120,1
-116,137,1
-148,135,1
-138,134,1
-138,138,1
-141,139,1
-133,159,1
-142,135,1
-151,128,1
-124,138,1
-115,138,1
-127,140,1
-128,130,1
-126,123,1
-139,151,1
-134,137,1
-133,147,1
-120,116,1
-142,133,1
-126,121,1
-141,138,1
-144,141,1
-150,150,1
-141,155,1
-117,120,1
-114,138,1
-132,139,1
-133,118,1
-113,126,1
-113,144,1
-117,139,1
-110,135,1
-114,130,1
-117,123,1
-137,141,1
-159,134,1
-130,115,1
-112,140,1
-137,122,1
-130,142,1
-144,153,1
-150,150,1
-116,128,1
-135,146,1
-123,127,1
-134,149,1
-131,152,1
-123,140,1
-120,116,1
-137,114,1
-152,121,1
-137,112,1
-132,112,1
-149,119,1
-152,131,1
-122,117,1
-156,140,1
-124,133,1
-137,111,1
-119,150,1
-122,142,1
-110,130,1
-159,134,1
-133,154,1
-136,114,1
-120,153,1
-136,151,1
-131,124,1
-139,145,1
-145,117,1
-140,148,1
-129,128,1
-124,151,1
-127,111,1
-158,137,1
-137,134,1
-144,133,1
-137,152,1
-114,126,1
-127,147,1
-136,135,1
-140,129,1
-121,128,1
-132,152,1
-120,115,1
-149,121,1
-129,111,1
-155,146,1
-132,157,1
-146,123,1
-144,157,1
-135,145,1
-128,140,1
-137,112,1
-145,118,1
-131,134,1
-144,129,1
-128,115,1
-127,145,1
-138,121,1
-127,153,1
-128,116,1
-146,149,1
-138,154,1
-123,132,1
-146,152,1
-136,121,1
-132,148,1
-126,120,1
-118,120,1
-128,128,1
-131,118,1
-151,121,1
-147,114,1
-120,123,1
-143,125,1
-124,146,1
-115,133,1
-117,131,1
-159,136,1
-138,128,1
-117,118,1
-144,138,1
-138,112,1
-133,150,1
-111,132,1
-130,135,1
-120,132,1
-141,142,1
-148,154,1
-128,130,1
-130,130,1
-118,129,1
-132,158,1
-117,148,1
-119,132,1
-124,133,1
-155,145,1
-151,131,1
-127,140,1
-149,127,1
-141,151,1
-117,148,1
-139,126,1
-134,131,1
-129,112,1
-139,136,1
-149,115,1
-130,126,1
-139,122,1
-144,142,1
-145,154,1
-140,156,1
-132,145,1
-142,117,1
-144,124,1
-142,158,1
-113,141,1
-117,132,1
-116,148,1
-124,118,1
-144,115,1
-140,141,1
-142,111,1
-146,144,1
-116,130,1
-142,132,1
-131,129,1
-120,154,1
-130,133,1
-136,123,1
-126,129,1
-112,145,1
-138,125,1
-126,148,1
-132,122,1
-126,133,1
-116,148,1
-128,149,1
-138,110,1
-123,125,1
-127,158,1
-129,152,1
-150,117,1
-123,116,1
-113,141,1
-122,141,1
-123,143,1
-125,129,1
-130,123,1
-147,138,1
-156,139,1
-155,128,1
-147,134,1
-130,125,1
-112,141,1
-131,111,1
-122,144,1
-131,158,1
-117,126,1
-140,120,1
-121,151,1
-140,118,1
-153,149,1
130,129,0
153,122,0
142,123,0
122,119,0
125,155,0
153,147,0
135,117,0
159,137,0
131,146,0
127,112,0
128,144,0
120,148,0
143,125,0
147,143,0
117,130,0
118,124,0
142,116,0
136,128,0
148,137,0
111,130,0
140,146,0
151,136,0
125,119,0
149,146,0
141,130,0
132,155,0
139,141,0
139,146,0
150,145,0
131,142,0
151,148,0
137,117,0
147,118,0
143,143,0
127,156,0
139,118,0
145,120,0
128,137,0
152,137,0
123,113,0
140,115,0
138,114,0
145,144,0
117,130,0
143,155,0
136,148,0
120,121,0
150,129,0
138,155,0
145,112,0
125,150,0
150,117,0
120,145,0
156,122,0
138,134,0
141,157,0
135,149,0
123,117,0
121,136,0
122,122,0
128,135,0
117,151,0
134,118,0
129,130,0
121,125,0
135,113,0
116,129,0
132,134,0
158,140,0
140,121,0
146,138,0
135,130,0
139,154,0
131,111,0
129,127,0
129,150,0
140,143,0
138,151,0
117,133,0
122,154,0
132,117,0
144,150,0
143,119,0
116,132,0
140,141,0
124,130,0
112,130,0
142,147,0
121,138,0
116,135,0
138,122,0
127,156,0
125,148,0
149,150,0
148,138,0
110,134,0
139,146,0
122,138,0
137,117,0
150,115,0
117,145,0
122,149,0
149,149,0
140,115,0
140,136,0
152,126,0
119,140,0
155,129,0
138,151,0
139,157,0
137,146,0
122,117,0
150,150,0
148,146,0
155,145,0
123,147,0
137,123,0
145,113,0
148,154,0
116,127,0
135,158,0
150,150,0
131,148,0
126,131,0
136,133,0
118,119,0
129,139,0
124,120,0
142,134,0
144,137,0
150,126,0
137,129,0
148,146,0
128,131,0
128,152,0
137,157,0
136,135,0
140,113,0
110,136,0
135,113,0
134,150,0
154,127,0
127,132,0
116,149,0
122,151,0
123,135,0
133,130,0
126,118,0
128,147,0
118,133,0
128,144,0
134,133,0
122,152,0
148,128,0
141,119,0
121,124,0
114,129,0
132,147,0
138,145,0
133,114,0
139,113,0
110,134,0
113,141,0
141,118,0
134,125,0
112,127,0
111,127,0
130,150,0
139,127,0
145,156,0
153,142,0
127,136,0
139,133,0
146,126,0
154,141,0
149,141,0
128,131,0
121,152,0
157,134,0
153,146,0
133,114,0
152,140,0
142,135,0
127,120,0
129,149,0
137,124,0
154,128,0
125,121,0
127,134,0
129,152,0
157,140,0
127,136,0
142,135,0
133,130,0
157,131,0
119,130,0
126,139,0
126,116,0
144,152,0
151,128,0
126,151,0
127,118,0
153,137,0
140,139,0
122,144,0
131,146,0
140,139,0
139,153,0
117,136,0
141,141,0
140,123,0
130,120,0
146,132,0
111,130,0
135,110,0
146,141,0
148,152,0
146,128,0
129,139,0
141,121,0
140,134,0
126,129,0
138,135,0
116,129,0
149,133,0
152,150,0
120,123,0
132,129,0
123,144,0
148,120,0
139,130,0
124,140,0
138,152,0
130,147,0
114,125,0
117,126,0
135,124,0
132,145,0
149,138,0
151,152,0
125,125,0
153,146,0
115,127,0
158,127,0
131,111,0
142,154,0
133,152,0
125,121,0
118,141,0
126,144,0
129,-132,1
123,-141,1
128,-128,1
157,-137,1
129,-158,1
140,-136,1
145,-112,1
140,-113,1
135,-122,1
140,-112,1
144,-125,1
134,-123,1
117,-132,1
141,-157,1
138,-154,1
129,-140,1
148,-129,1
143,-147,1
140,-119,1
146,-124,1
142,-113,1
112,-139,1
110,-132,1
131,-113,1
121,-150,1
128,-149,1
115,-143,1
121,-116,1
137,-117,1
147,-145,1
139,-136,1
135,-159,1
123,-155,1
152,-152,1
143,-130,1
116,-129,1
138,-153,1
140,-126,1
148,-138,1
116,-132,1
121,-149,1
144,-154,1
120,-147,1
147,-137,1
128,-123,1
147,-113,1
118,-125,1
111,-140,1
125,-121,1
149,-138,1
120,-130,1
121,-144,1
133,-132,1
153,-139,1
131,-119,1
148,-118,1
136,-129,1
126,-123,1
118,-119,1
137,-130,1
134,-117,1
122,-124,1
124,-128,1
112,-127,1
137,-152,1
122,-132,1
128,-147,1
117,-141,1
136,-126,1
131,-154,1
113,-135,1
124,-155,1
128,-148,1
117,-135,1
135,-111,1
124,-145,1
123,-118,1
125,-145,1
126,-151,1
127,-144,1
127,-139,1
123,-143,1
141,-143,1
152,-129,1
133,-121,1
125,-126,1
116,-128,1
151,-134,1
153,-129,1
133,-143,1
116,-148,1
136,-126,1
147,-118,1
120,-139,1
151,-148,1
125,-113,1
151,-141,1
154,-145,1
138,-134,1
130,-118,1
118,-131,1
115,-132,1
124,-149,1
146,-148,1
124,-140,1
134,-146,1
120,-115,1
148,-120,1
156,-122,1
117,-148,1
124,-122,1
123,-122,1
148,-143,1
113,-127,1
151,-135,1
153,-145,1
145,-135,1
115,-135,1
153,-142,1
140,-146,1
115,-136,1
124,-154,1
148,-121,1
116,-128,1
146,-118,1
141,-117,1
126,-113,1
120,-127,1
141,-131,1
131,-135,1
114,-129,1
155,-148,1
140,-110,1
141,-153,1
142,-111,1
131,-116,1
120,-129,1
143,-122,1
117,-148,1
129,-128,1
123,-147,1
142,-124,1
126,-141,1
136,-150,1
110,-139,1
139,-133,1
122,-138,1
112,-139,1
148,-121,1
149,-141,1
125,-131,1
126,-116,1
140,-111,1
125,-152,1
113,-131,1
122,-132,1
127,-114,1
142,-129,1
135,-114,1
134,-113,1
121,-118,1
130,-130,1
140,-124,1
152,-147,1
155,-147,1
151,-139,1
146,-153,1
123,-129,1
152,-125,1
121,-146,1
149,-118,1
115,-145,1
118,-143,1
143,-128,1
136,-149,1
114,-123,1
156,-135,1
116,-118,1
129,-140,1
120,-128,1
120,-122,1
122,-139,1
124,-125,1
147,-130,1
144,-120,1
150,-153,1
138,-138,1
127,-139,1
120,-123,1
139,-134,1
127,-138,1
145,-113,1
129,-131,1
155,-124,1
148,-123,1
125,-140,1
120,-131,1
127,-146,1
125,-147,1
152,-139,1
135,-113,1
148,-128,1
137,-116,1
111,-140,1
153,-144,1
119,-132,1
113,-145,1
151,-147,1
142,-114,1
137,-126,1
147,-132,1
135,-130,1
147,-152,1
131,-153,1
124,-145,1
118,-145,1
150,-131,1
152,-141,1
138,-126,1
136,-126,1
127,-142,1
125,-137,1
135,-137,1
123,-155,1
117,-152,1
156,-136,1
147,-144,1
149,-151,1
116,-119,1
138,-112,1
132,-144,1
128,-154,1
155,-145,1
131,-119,1
122,-154,1
122,-143,1
140,-148,1
140,-125,1
122,-139,1
115,-143,1
149,-154,1
146,-155,1
131,-126,1
126,-111,1
112,-141,1
122,-150,1
133,-120,1
141,-134,1
123,-152,1
130,-118,1
-140,-119,0
-112,-126,0
-138,-146,0
-143,-135,0
-135,-149,0
-135,-115,0
-149,-135,0
-155,-130,0
-139,-142,0
-121,-142,0
-128,-122,0
-149,-121,0
-135,-153,0
-143,-153,0
-154,-121,0
-142,-124,0
-134,-130,0
-121,-140,0
-152,-135,0
-124,-112,0
-125,-124,0
-132,-114,0
-115,-126,0
-145,-118,0
-139,-115,0
-144,-147,0
-145,-151,0
-142,-142,0
-147,-129,0
-120,-142,0
-120,-153,0
-155,-122,0
-155,-146,0
-140,-155,0
-145,-132,0
-133,-156,0
-143,-120,0
-147,-152,0
-137,-142,0
-126,-127,0
-118,-148,0
-152,-150,0
-130,-147,0
-132,-122,0
-119,-139,0
-138,-125,0
-124,-112,0
-145,-143,0
-130,-142,0
-142,-134,0
-146,-149,0
-125,-154,0
-143,-155,0
-120,-141,0
-130,-157,0
-113,-129,0
-124,-137,0
-159,-135,0
-127,-147,0
-127,-112,0
-148,-125,0
-126,-135,0
-127,-145,0
-118,-151,0
-120,-132,0
-140,-153,0
-116,-140,0
-134,-134,0
-133,-150,0
-119,-123,0
-113,-142,0
-134,-154,0
-157,-144,0
-136,-146,0
-133,-134,0
-117,-135,0
-153,-136,0
-138,-134,0
-134,-150,0
-138,-155,0
-150,-153,0
-113,-138,0
-132,-113,0
-117,-119,0
-130,-132,0
-149,-129,0
-124,-118,0
-149,-138,0
-142,-129,0
-150,-153,0
-144,-133,0
-129,-142,0
-150,-152,0
-118,-138,0
-135,-113,0
-134,-134,0
-126,-126,0
-126,-128,0
-119,-143,0
-136,-124,0
-132,-144,0
-132,-154,0
-159,-133,0
-147,-119,0
-134,-118,0
-121,-149,0
-118,-141,0
-124,-114,0
-149,-150,0
-150,-152,0
-141,-158,0
-142,-150,0
-113,-131,0
-157,-133,0
-128,-153,0
-158,-129,0
-138,-159,0
-147,-154,0
-141,-141,0
-134,-123,0
-143,-144,0
-153,-143,0
-115,-139,0
-118,-116,0
-136,-137,0
-119,-115,0
-149,-131,0
-159,-135,0
-119,-141,0
-145,-140,0
-117,-151,0
-117,-117,0
-152,-136,0
-113,-129,0
-153,-128,0
-143,-150,0
-152,-124,0
-127,-114,0
-125,-157,0
-152,-146,0
-126,-125,0
-140,-123,0
-115,-141,0
-142,-146,0
-138,-117,0
-142,-129,0
-128,-158,0
-128,-133,0
-112,-128,0
-138,-159,0
-143,-141,0
-134,-125,0
-128,-134,0
-129,-146,0
-124,-117,0
-147,-123,0
-121,-123,0
-158,-128,0
-114,-131,0
-150,-152,0
-154,-145,0
-141,-128,0
-131,-151,0
-152,-119,0
-126,-123,0
-145,-148,0
-157,-127,0
-153,-141,0
-136,-146,0
-151,-130,0
-119,-150,0
-153,-124,0
-154,-132,0
-135,-119,0
-135,-144,0
-144,-119,0
-153,-134,0
-154,-133,0
-140,-134,0
-128,-130,0
-145,-154,0
-130,-120,0
-123,-113,0
-133,-147,0
-131,-142,0
-145,-118,0
-130,-111,0
-148,-143,0
-126,-141,0
-140,-116,0
-151,-127,0
-117,-120,0
-146,-120,0
-134,-124,0
-156,-137,0
-131,-134,0
-125,-121,0
-144,-129,0
-144,-152,0
-132,-114,0
-111,-131,0
-126,-153,0
-127,-132,0
-119,-146,0
-125,-114,0
-115,-138,0
-117,-123,0
-140,-113,0
-130,-114,0
-148,-131,0
-121,-151,0
-123,-114,0
-130,-119,0
-117,-145,0
-121,-121,0
-140,-158,0
-112,-139,0
-148,-133,0
-132,-112,0
-131,-116,0
-131,-117,0
-135,-129,0
-139,-117,0
-132,-134,0
-115,-146,0
-151,-143,0
-141,-140,0
-113,-144,0
-132,-149,0
-110,-129,0
-141,-131,0
-148,-130,0
-118,-131,0
-115,-137,0
-148,-152,0
-150,-144,0
-158,-133,0
-127,-132,0
-136,-155,0
-126,-138,0
-114,-131,0
-119,-141,0
-140,-111,0
-127,-113,0
-134,-156,0
-129,-115,0
-114,-122,0
-123,-136,0
-155,-129,0
-141,-115,0
