-152,139,1
-130,116,1
-132,111,1
-146,124,1
-117,133,1
-144,123,1
-139,150,1
-127,122,1
-126,139,1
-141,126,1
-152,138,1
-112,126,1
-125,137,1
-123,145,1
-144,155,1
-131,151,1
-116,141,1
-123,156,1
-120,123,1
-126,143,1
-115,126,1
-112,131,1
-144,121,1
-139,143,1
-141,138,1
-142,118,1
-135,159,1
-138,112,1
-121,147,1
-139,137,1
-130,156,1
-121,136,1
-148,137,1
-143,128,1
-135,148,1
-142,122,1
-146,129,1
-143,128,1
-140,146,1
-126,153,1
-152,129,1
-123,138,1
-121,127,1
-148,145,1
-140,134,1
-147,149,1
-138,119,1
-119,122,1
-131,156,1
-131,143,1
-126,143,1
-152,136,1
-127,122,1
-138,140,1
-122,147,1
-138,127,1
-115,138,1
-129,122,1
-118,143,1
-158,133,1
-124,144,1
-136,112,1
-156,127,1
-138,116,1
-127,144,1
-124,116,1
-138,157,1
-130,146,1
-154,133,1
-135,136,1
-156,146,1
-146,117,1
-140,119,1
-131,148,1
-134,124,1
-143,143,1
-119,154,1
-125,116,1
-136,146,1
-141,148,1
-147,133,1
-116,141,1
-138,151,1
-129,139,1
-133,120,1
-132,137,1
-140,153,1
-112,134,1
-128,148,1
-144,121,1
-138,135,1
-153,129,1
-132,122,1
-134,138,1
-133,120,1
-113,123,1
-139,131,1
-154,130,1
-127,129,1
-129,134,1
-126,148,1
-139,114,1
-137,132,1
-155,142,1
-143,142,1
-137,140,1
-132,115,1
-141,158,1
-156,133,1
-121,122,1
-143,136,1
-149,147,1
-118,145,1
-149,139,1
-130,118,1
-120,149,1
-113,146,1
-147,150,1
-125,153,1
-119,134,1
-138,147,1
-122,123,1
-142,112,1
-120,154,1
-122,129,1
-127,122,1
-145,138,1
-128,131,1
-126,154,1
-146,136,1
-136,155,1
-148,148,1
-112,131,1
-144,133,1
-124,133,1
-146,126,1
-150,144,1
-123,129,1
-153,134,1
-135,124,1
-127,146,1
-141,143,1
-155,137,1
-127,122,1
-113,143,1
-116,144,1
-117,151,1
-135,112,1
-141,144,1
-114,133,1
-138,138,1
-119,115,1
-141,155,1
-137,135,1
-139,149,1
-152,124,1
-119,120,1
-145,135,1
-130,153,1
-128,132,1
-139,135,1
-152,152,1
-137,133,1
-154,143,1
-148,138,1
-114,139,1
-125,154,1
-130,117,1
-131,151,1
-129,123,1
-129,117,1
-121,144,1
-134,124,1
-155,143,1
-151,138,1
-125,155,1
-148,132,1
-141,118,1
-133,110,1
-141,138,1
-142,153,1
-125,149,1
-125,154,1
-150,139,1
-159,137,1
-153,119,1
-119,138,1
-151,120,1
-151,142,1
-135,142,1
-134,116,1
-152,128,1
-110,132,1
-123,148,1
-132,130,1
-133,149,1
-151,148,1
-147,137,1
-127,137,1
-150,150,1
-121,138,1
-147,142,1
-118,120,1
-144,131,1
-153,149,1
-152,127,1
-122,116,1
-128,137,1
-130,153,1
-149,138,1
-128,144,1
-129,120,1
-145,138,1
-133,110,1
-132,123,1
-125,137,1
-138,131,1
-123,132,1
-113,133,1
-114,140,1
-141,152,1
-118,118,1
-126,125,1
-124,157,1
-128,134,1
-145,130,1
-130,158,1
-122,141,1
-111,136,1
-131,125,1
-156,126,1
-158,137,1
-144,143,1
-149,126,1
-119,122,1
-137,122,1
-145,154,1
-119,149,1
-136,124,1
-115,119,1
-127,158,1
-153,137,1
-134,149,1
-149,130,1
-133,119,1
-133,133,1
-129,130,1
-136,126,1
-129,151,1
-143,120,1
129,136,0
123,127,0
121,132,0
153,148,0
114,130,0
152,143,0
149,125,0
132,143,0
110,132,0
138,128,0
146,146,0
133,122,0
115,145,0
151,121,0
126,137,0
133,125,0
146,129,0
155,130,0
145,112,0
121,126,0
118,130,0
129,137,0
135,111,0
156,138,0
126,115,0
158,137,0
135,142,0
124,128,0
130,118,0
119,144,0
139,147,0
137,155,0
134,155,0
147,147,0
131,136,0
119,118,0
134,114,0
135,155,0
145,133,0
142,149,0
127,132,0
146,113,0
137,156,0
149,140,0
148,127,0
144,124,0
134,146,0
111,135,0
152,126,0
112,141,0
120,129,0
129,111,0
131,159,0
149,123,0
151,129,0
121,135,0
135,139,0
130,149,0
135,128,0
134,129,0
124,130,0
137,146,0
156,131,0
120,153,0
150,140,0
128,112,0
125,113,0
149,131,0
121,146,0
127,129,0
130,154,0
158,129,0
148,124,0
121,147,0
129,137,0
159,136,0
114,134,0
139,153,0
117,151,0
133,118,0
152,118,0
148,117,0
155,140,0
115,149,0
127,142,0
124,117,0
158,135,0
125,154,0
127,125,0
140,154,0
148,121,0
132,133,0
150,127,0
150,141,0
115,132,0
125,121,0
154,120,0
143,114,0
151,116,0
133,119,0
140,144,0
128,144,0
141,126,0
120,145,0
122,156,0
157,129,0
140,126,0
145,121,0
128,143,0
150,146,0
145,154,0
134,122,0
135,150,0
125,155,0
158,130,0
131,120,0
147,133,0
157,131,0
114,136,0
129,115,0
147,149,0
127,136,0
110,132,0
154,138,0
135,124,0
149,152,0
145,148,0
143,139,0
128,126,0
139,129,0
150,148,0
149,115,0
151,147,0
151,145,0
153,140,0
141,140,0
131,158,0
134,150,0
120,150,0
133,150,0
126,120,0
118,122,0
142,131,0
119,144,0
121,142,0
138,129,0
127,134,0
120,138,0
153,143,0
133,135,0
137,129,0
141,149,0
120,117,0
135,152,0
124,134,0
119,154,0
120,153,0
137,134,0
141,130,0
118,150,0
120,115,0
150,138,0
134,131,0
134,125,0
131,146,0
124,117,0
145,132,0
138,118,0
132,118,0
130,127,0
117,149,0
157,131,0
142,148,0
135,119,0
141,116,0
141,138,0
148,124,0
129,114,0
151,119,0
113,133,0
138,153,0
130,144,0
135,124,0
131,118,0
133,115,0
145,145,0
112,130,0
147,116,0
157,130,0
120,148,0
124,126,0
133,128,0
142,146,0
143,113,0
154,147,0
154,125,0
146,144,0
146,152,0
149,118,0
140,133,0
114,127,0
112,129,0
135,124,0
138,125,0
119,140,0
129,136,0
144,116,0
151,139,0
117,151,0
148,136,0
137,153,0
144,115,0
157,141,0
158,139,0
112,127,0
145,115,0
134,138,0
143,145,0
143,144,0
127,135,0
147,148,0
134,147,0
126,139,0
146,115,0
123,140,0
146,155,0
148,135,0
127,121,0
150,145,0
150,122,0
156,132,0
133,157,0
138,117,0
135,142,0
131,135,0
140,126,0
153,142,0
146,144,0
141,128,0
139,119,0
135,138,0
113,126,0
137,141,0
155,146,0
137,154,0
119,154,0
144,115,0
136,154,0
151,138,0
137,115,0
135,-119,1
154,-127,1
118,-121,1
142,-118,1
128,-127,1
132,-116,1
138,-145,1
117,-137,1
144,-139,1
127,-123,1
145,-132,1
132,-144,1
124,-152,1
121,-124,1
129,-158,1
146,-143,1
138,-138,1
139,-131,1
123,-146,1
150,-151,1
118,-150,1
125,-139,1
144,-141,1
137,-110,1
118,-123,1
129,-120,1
150,-137,1
134,-130,1
137,-128,1
154,-120,1
147,-137,1
141,-139,1
129,-120,1
136,-154,1
129,-152,1
144,-129,1
149,-121,1
124,-155,1
137,-134,1
150,-142,1
118,-140,1
149,-120,1
123,-145,1
118,-151,1
146,-149,1
122,-143,1
133,-128,1
150,-116,1
140,-130,1
129,-139,1
125,-123,1
124,-151,1
156,-140,1
144,-113,1
140,-113,1
132,-129,1
130,-126,1
127,-149,1
151,-143,1
125,-114,1
132,-136,1
132,-143,1
116,-136,1
152,-136,1
157,-142,1
139,-145,1
132,-144,1
148,-125,1
126,-154,1
154,-128,1
117,-122,1
139,-130,1
121,-128,1
127,-115,1
154,-135,1
125,-116,1
127,-132,1
138,-110,1
134,-147,1
113,-144,1
113,-139,1
132,-120,1
122,-124,1
114,-132,1
150,-131,1
130,-114,1
123,-141,1
140,-114,1
130,-150,1
114,-130,1
130,-157,1
115,-140,1
123,-140,1
132,-136,1
135,-130,1
140,-118,1
155,-133,1
140,-153,1
138,-128,1
149,-134,1
140,-124,1
141,-123,1
115,-128,1
133,-134,1
112,-134,1
155,-137,1
136,-115,1
132,-155,1
124,-134,1
154,-121,1
144,-122,1
156,-137,1
146,-116,1
118,-121,1
120,-153,1
145,-125,1
122,-147,1
125,-124,1
141,-117,1
147,-148,1
141,-125,1
141,-139,1
158,-129,1
141,-116,1
156,-128,1
142,-141,1
136,-153,1
139,-146,1
125,-146,1
148,-137,1
145,-135,1
138,-150,1
111,-134,1
149,-134,1
137,-142,1
144,-146,1
114,-143,1
130,-115,1
137,-121,1
127,-139,1
136,-140,1
130,-153,1
145,-113,1
117,-120,1
132,-154,1
148,-149,1
129,-112,1
116,-132,1
121,-125,1
134,-146,1
145,-122,1
138,-118,1
153,-129,1
135,-122,1
136,-133,1
139,-153,1
132,-159,1
125,-114,1
151,-147,1
157,-126,1
156,-126,1
141,-126,1
114,-124,1
114,-125,1
155,-147,1
148,-131,1
148,-147,1
129,-124,1
130,-147,1
126,-128,1
154,-146,1
123,-122,1
128,-112,1
147,-129,1
117,-141,1
123,-124,1
140,-153,1
145,-125,1
120,-152,1
134,-137,1
148,-153,1
121,-125,1
121,-124,1
156,-131,1
153,-147,1
123,-122,1
127,-137,1
116,-121,1
127,-140,1
139,-151,1
119,-147,1
120,-133,1
140,-129,1
135,-119,1
125,-124,1
151,-128,1
151,-152,1
128,-119,1
132,-137,1
156,-146,1
130,-125,1
130,-122,1
132,-132,1
120,-142,1
121,-128,1
147,-141,1
132,-130,1
114,-129,1
123,-142,1
127,-151,1
116,-124,1
130,-115,1
120,-140,1
123,-146,1
141,-145,1
145,-119,1
120,-136,1
145,-141,1
143,-147,1
135,-141,1
138,-156,1
155,-138,1
147,-133,1
117,-140,1
117,-141,1
152,-120,1
137,-132,1
141,-119,1
133,-134,1
124,-149,1
114,-148,1
132,-149,1
129,-150,1
132,-144,1
146,-139,1
125,-149,1
144,-128,1
143,-122,1
142,-138,1
134,-138,1
138,-119,1
157,-132,1
142,-142,1
136,-130,1
156,-122,1
121,-148,1
144,-137,1
137,-128,1
150,-149,1
135,-121,1
-112,-133,0
-156,-128,0
-118,-117,0
-145,-151,0
-144,-140,0
-137,-146,0
-140,-132,0
-112,-124,0
-142,-137,0
-133,-134,0
-146,-155,0
-155,-128,0
-150,-141,0
-124,-143,0
-111,-136,0
-141,-145,0
-147,-120,0
-114,-135,0
-116,-132,0
-117,-151,0
-155,-134,0
-119,-122,0
-127,-128,0
-138,-128,0
-122,-118,0
-149,-147,0
-140,-131,0
-117,-148,0
-114,-139,0
-125,-119,0
-137,-116,0
-139,-120,0
-150,-126,0
-139,-131,0
-116,-146,0
-134,-121,0
-119,-153,0
-140,-134,0
-155,-142,0
-143,-125,0
-146,-114,0
-130,-130,0
-143,-123,0
-129,-149,0
-124,-144,0
-122,-147,0
-148,-124,0
-125,-120,0
-131,-153,0
-121,-142,0
-115,-131,0
-135,-151,0
-118,-117,0
-129,-120,0
-132,-143,0
-137,-146,0
-135,-120,0
-112,-126,0
-146,-113,0
-128,-126,0
-153,-148,0
-134,-130,0
-127,-123,0
-119,-151,0
-138,-159,0
-157,-139,0
-150,-115,0
-118,-150,0
-153,-124,0
-135,-155,0
-129,-119,0
-127,-148,0
-132,-122,0
-149,-121,0
-132,-143,0
-134,-127,0
-134,-157,0
-151,-146,0
-123,-137,0
-111,-138,0
-126,-156,0
-131,-148,0
-113,-128,0
-131,-130,0
-146,-125,0
-139,-150,0
-117,-125,0
-134,-142,0
-125,-155,0
-126,-133,0
-157,-134,0
-112,-126,0
-135,-112,0
-139,-150,0
-120,-148,0
-136,-144,0
-122,-126,0
-150,-119,0
-144,-117,0
-117,-131,0
-142,-139,0
-130,-113,0
-131,-137,0
-142,-155,0
-158,-129,0
-146,-136,0
-133,-146,0
-131,-120,0
-139,-114,0
-130,-115,0
-146,-145,0
-149,-146,0
-115,-125,0
-128,-144,0
-118,-137,0
-120,-139,0
-124,-156,0
-122,-139,0
-147,-126,0
-131,-110,0
-151,-119,0
-118,-125,0
-147,-129,0
-142,-135,0
-130,-156,0
-119,-118,0
-141,-123,0
-135,-140,0
-156,-127,0
-121,-150,0
-149,-117,0
-133,-141,0
-146,-149,0
-140,-136,0
-121,-154,0
-119,-118,0
-127,-131,0
-116,-131,0
-130,-145,0
-113,-135,0
-125,-125,0
-122,-129,0
-130,-119,0
-126,-113,0
-127,-116,0
-154,-146,0
-138,-148,0
-141,-144,0
-152,-141,0
-131,-153,0
-156,-124,0
-131,-125,0
-120,-128,0
-122,-144,0
-122,-146,0
-122,-141,0
-133,-143,0
-135,-112,0
-114,-128,0
-143,-144,0
-139,-115,0
-110,-137,0
-113,-137,0
-134,-110,0
-116,-135,0
-143,-121,0
-153,-146,0
-131,-120,0
-144,-155,0
-113,-147,0
-116,-137,0
-130,-150,0
-118,-141,0
-129,-141,0
-122,-139,0
-126,-137,0
-138,-140,0
-120,-154,0
-134,-110,0
-133,-128,0
-147,-113,0
-141,-144,0
-158,-130,0
-154,-134,0
-156,-124,0
-146,-116,0
-121,-114,0
-147,-130,0
-139,-130,0
-128,-116,0
-132,-140,0
-134,-129,0
-114,-146,0
-119,-128,0
-128,-135,0
-121,-127,0
-142,-156,0
-151,-142,0
-135,-146,0
-147,-114,0
-126,-116,0
-115,-142,0
-150,-139,0
-116,-127,0
-120,-150,0
-114,-146,0
-148,-116,0
-139,-151,0
-138,-147,0
-129,-110,0
-112,-137,0
-124,-127,0
-136,-140,0
-117,-124,0
-126,-148,0
-143,-131,0
-132,-123,0
-117,-121,0
-152,-129,0
-151,-151,0
-111,-136,0
-134,-145,0
-120,-114,0
-130,-145,0
-148,-149,0
-110,-133,0
-155,-132,0
-145,-150,0
-132,-144,0
-116,-125,0
-136,-155,0
-116,-126,0
-129,-139,0
-130,-154,0
-133,-150,0
-130,-121,0
-147,-125,0
-143,-126,0
-141,-130,0
-115,-119,0
-134,-130,0
-140,-138,0
-119,-131,0
-114,-146,0
-142,-147,0
-115,-127,0
-112,-138,0
-136,-134,0
-159,-133,0
-118,-143,0
