-191,201,1
-214,198,1
-178,202,1
-197,199,1
-192,196,1
-217,209,1
-177,197,1
-210,190,1
-184,200,1
-212,197,1
-209,177,1
-192,174,1
-212,201,1
-199,176,1
-180,191,1
-180,181,1
-211,206,1
-194,222,1
-184,186,1
-207,201,1
-201,194,1
-206,206,1
-210,216,1
-195,182,1
-180,198,1
-201,212,1
-208,219,1
-179,184,1
-187,182,1
-210,201,1
-194,179,1
-219,209,1
-183,200,1
-198,202,1
-177,185,1
-200,205,1
-197,219,1
-180,204,1
-208,212,1
-203,199,1
-209,180,1
-213,183,1
-176,190,1
-213,189,1
-178,188,1
-184,204,1
-208,185,1
-200,212,1
-179,191,1
-203,201,1
-217,201,1
-213,208,1
-185,215,1
-198,201,1
-200,188,1
-179,188,1
-209,184,1
-201,215,1
-181,214,1
-186,218,1
-211,211,1
-206,201,1
-213,209,1
-214,189,1
-196,178,1
-212,199,1
-191,214,1
-178,212,1
-185,195,1
-202,186,1
-213,208,1
-182,194,1
-213,206,1
-200,199,1
-210,192,1
-194,198,1
-200,220,1
-210,188,1
-192,186,1
-205,200,1
-191,202,1
-193,191,1
-201,203,1
-181,210,1
-191,188,1
-198,194,1
-219,189,1
-198,188,1
-206,194,1
-216,184,1
-178,195,1
-198,191,1
-213,191,1
-185,215,1
-184,181,1
-211,185,1
-200,211,1
-219,187,1
-214,196,1
-214,203,1
-185,194,1
-189,208,1
-193,212,1
-215,199,1
-194,174,1
-190,175,1
-190,212,1
-188,204,1
-203,208,1
-199,202,1
-205,177,1
-185,214,1
-191,186,1
-198,222,1
-191,204,1
-198,220,1
-212,186,1
-214,211,1
-211,182,1
-197,215,1
-205,194,1
-201,197,1
-190,209,1
-188,217,1
-192,195,1
-201,179,1
-219,188,1
-202,216,1
-185,219,1
-180,203,1
-209,213,1
-196,176,1
-185,196,1
-187,201,1
-213,180,1
-197,208,1
-195,205,1
-212,189,1
-208,216,1
-211,185,1
-205,175,1
-185,192,1
-213,214,1
-202,201,1
-222,203,1
-189,196,1
-213,212,1
-187,185,1
-200,196,1
-193,209,1
-208,181,1
-183,185,1
-205,184,1
-215,211,1
-204,194,1
-201,178,1
-195,211,1
-183,202,1
-188,180,1
-198,217,1
-184,193,1
-199,182,1
-219,204,1
-202,181,1
-208,178,1
-186,177,1
-222,202,1
-191,199,1
-207,197,1
-176,187,1
-186,183,1
-209,206,1
-201,183,1
-200,214,1
-199,206,1
-175,191,1
-202,209,1
-199,196,1
-212,200,1
-206,188,1
-222,196,1
-208,178,1
-182,183,1
-216,206,1
-177,206,1
-190,220,1
-174,194,1
-204,219,1
-179,202,1
-179,210,1
-195,174,1
-198,210,1
-192,182,1
-215,192,1
-194,209,1
-197,221,1
-184,207,1
-183,188,1
-178,189,1
-207,201,1
-178,190,1
-195,221,1
-204,185,1
-202,190,1
-219,191,1
-195,213,1
-208,210,1
-193,185,1
-215,198,1
-179,191,1
-200,213,1
-181,182,1
-203,204,1
-203,189,1
-186,188,1
-201,184,1
-183,216,1
-187,196,1
-186,214,1
-207,190,1
-219,200,1
-214,194,1
-205,200,1
-209,182,1
-197,183,1
-209,200,1
-192,217,1
-195,220,1
-204,206,1
-204,222,1
-198,214,1
-182,199,1
-222,193,1
-204,221,1
-195,181,1
-202,190,1
-187,216,1
-177,210,1
-213,191,1
-189,216,1
-180,190,1
-208,180,1
-216,203,1
-213,196,1
-185,187,1
-179,182,1
-183,178,1
-201,183,1
-197,212,1
-203,190,1
192,184,0
175,206,0
217,192,0
188,190,0
201,193,0
213,188,0
212,194,0
202,221,0
215,203,0
207,177,0
174,203,0
184,217,0
210,200,0
194,209,0
198,181,0
208,191,0
210,184,0
184,185,0
180,204,0
217,201,0
207,214,0
196,178,0
181,190,0
208,218,0
192,196,0
192,180,0
182,185,0
199,176,0
199,217,0
187,201,0
186,199,0
193,194,0
214,206,0
192,221,0
175,207,0
190,197,0
179,186,0
196,205,0
217,186,0
180,189,0
213,198,0
216,184,0
176,200,0
189,193,0
192,176,0
180,185,0
178,203,0
209,176,0
186,204,0
219,190,0
214,187,0
203,179,0
181,204,0
204,216,0
209,210,0
183,205,0
198,182,0
205,219,0
194,212,0
218,200,0
180,184,0
187,180,0
179,202,0
217,213,0
182,195,0
210,213,0
196,184,0
178,208,0
196,189,0
183,189,0
209,210,0
197,190,0
209,200,0
188,217,0
218,193,0
186,190,0
192,200,0
197,204,0
199,219,0
183,205,0
181,200,0
222,198,0
205,187,0
176,195,0
205,218,0
208,216,0
195,216,0
207,193,0
186,195,0
179,189,0
190,220,0
219,196,0
211,179,0
188,183,0
196,203,0
214,206,0
183,204,0
186,186,0
219,188,0
186,196,0
195,185,0
215,194,0
198,195,0
218,209,0
191,218,0
197,220,0
180,209,0
197,184,0
210,191,0
218,205,0
207,211,0
185,209,0
216,195,0
203,215,0
215,194,0
183,193,0
199,207,0
190,216,0
194,192,0
194,194,0
183,191,0
195,196,0
186,195,0
193,181,0
181,192,0
202,210,0
211,215,0
194,200,0
211,193,0
191,185,0
188,220,0
203,206,0
215,183,0
201,177,0
176,194,0
210,205,0
189,180,0
184,186,0
209,216,0
210,178,0
191,191,0
215,202,0
209,203,0
210,193,0
201,203,0
195,186,0
183,181,0
211,208,0
208,206,0
212,200,0
209,199,0
188,189,0
220,192,0
216,202,0
212,215,0
194,207,0
205,198,0
209,205,0
185,196,0
197,178,0
203,178,0
175,198,0
174,204,0
208,201,0
196,174,0
173,198,0
208,181,0
202,210,0
184,191,0
217,206,0
208,191,0
192,176,0
200,196,0
192,188,0
216,213,0
177,198,0
207,213,0
186,218,0
211,179,0
197,209,0
177,198,0
208,214,0
210,188,0
176,201,0
206,192,0
218,196,0
206,187,0
199,215,0
196,177,0
191,201,0
186,198,0
213,185,0
207,178,0
213,214,0
188,181,0
197,181,0
192,199,0
210,217,0
190,209,0
189,205,0
179,199,0
198,187,0
204,191,0
198,209,0
191,189,0
212,199,0
209,215,0
206,204,0
177,211,0
184,192,0
219,190,0
205,190,0
193,203,0
215,208,0
190,204,0
212,201,0
210,207,0
186,207,0
212,186,0
210,203,0
192,222,0
189,185,0
208,212,0
201,191,0
188,207,0
202,174,0
195,214,0
190,191,0
186,199,0
209,203,0
202,210,0
195,185,0
178,212,0
193,221,0
194,203,0
195,188,0
200,214,0
180,206,0
204,191,0
211,218,0
211,198,0
194,174,0
199,208,0
204,219,0
188,198,0
187,220,0
206,194,0
208,198,0
195,198,0
194,210,0
185,-192,1
191,-178,1
200,-197,1
211,-199,1
201,-211,1
193,-181,1
190,-206,1
187,-185,1
190,-187,1
194,-201,1
184,-193,1
185,-188,1
186,-214,1
181,-213,1
183,-214,1
197,-212,1
194,-215,1
220,-201,1
197,-216,1
205,-218,1
188,-209,1
202,-203,1
206,-196,1
179,-198,1
196,-180,1
202,-198,1
182,-208,1
222,-203,1
182,-203,1
185,-196,1
192,-205,1
194,-187,1
215,-209,1
202,-200,1
209,-209,1
194,-189,1
194,-215,1
185,-199,1
205,-210,1
215,-202,1
216,-183,1
190,-213,1
181,-216,1
199,-184,1
201,-183,1
206,-182,1
191,-186,1
216,-206,1
202,-213,1
179,-182,1
210,-218,1
212,-217,1
200,-179,1
181,-202,1
204,-213,1
208,-218,1
196,-212,1
192,-177,1
191,-216,1
207,-212,1
187,-207,1
179,-210,1
194,-187,1
197,-208,1
180,-213,1
203,-190,1
194,-200,1
184,-211,1
192,-183,1
206,-179,1
201,-200,1
222,-197,1
186,-201,1
179,-211,1
196,-209,1
177,-197,1
192,-201,1
187,-190,1
189,-210,1
205,-199,1
191,-216,1
180,-188,1
204,-193,1
179,-202,1
179,-199,1
192,-193,1
190,-197,1
214,-205,1
209,-186,1
178,-188,1
222,-200,1
212,-179,1
216,-205,1
215,-186,1
182,-212,1
210,-202,1
206,-201,1
210,-189,1
205,-184,1
187,-195,1
214,-181,1
195,-216,1
195,-203,1
188,-196,1
209,-210,1
196,-207,1
176,-193,1
210,-195,1
177,-210,1
184,-195,1
213,-194,1
206,-216,1
183,-208,1
192,-174,1
206,-212,1
214,-195,1
175,-204,1
201,-194,1
209,-180,1
207,-218,1
209,-211,1
188,-181,1
214,-217,1
188,-203,1
179,-193,1
206,-205,1
179,-200,1
212,-198,1
192,-194,1
208,-218,1
214,-200,1
177,-192,1
207,-208,1
209,-178,1
177,-190,1
198,-214,1
203,-202,1
206,-216,1
197,-221,1
204,-207,1
202,-195,1
203,-215,1
207,-179,1
189,-191,1
182,-184,1
179,-199,1
182,-206,1
194,-184,1
215,-196,1
205,-213,1
186,-189,1
204,-212,1
191,-204,1
218,-205,1
215,-192,1
179,-184,1
202,-196,1
188,-200,1
185,-212,1
195,-203,1
215,-206,1
187,-188,1
191,-186,1
209,-211,1
182,-186,1
194,-209,1
182,-210,1
187,-198,1
178,-204,1
221,-195,1
186,-178,1
198,-200,1
195,-200,1
200,-181,1
175,-198,1
206,-208,1
201,-197,1
192,-181,1
214,-192,1
206,-221,1
195,-222,1
213,-214,1
204,-178,1
206,-177,1
186,-204,1
209,-196,1
189,-214,1
213,-198,1
187,-207,1
192,-179,1
217,-193,1
186,-216,1
185,-177,1
217,-212,1
205,-218,1
186,-181,1
205,-188,1
193,-216,1
195,-195,1
180,-206,1
192,-190,1
187,-176,1
216,-213,1
219,-188,1
198,-186,1
195,-182,1
219,-189,1
195,-189,1
191,-184,1
207,-196,1
191,-200,1
201,-177,1
207,-175,1
195,-217,1
206,-205,1
176,-202,1
221,-203,1
201,-220,1
182,-217,1
210,-179,1
187,-200,1
212,-200,1
205,-200,1
211,-201,1
217,-210,1
216,-187,1
176,-205,1
211,-210,1
204,-181,1
189,-218,1
197,-176,1
194,-181,1
201,-200,1
195,-175,1
217,-191,1
214,-189,1
178,-190,1
208,-207,1
221,-204,1
189,-177,1
208,-200,1
205,-203,1
190,-181,1
201,-199,1
181,-213,1
199,-198,1
176,-207,1
207,-221,1
219,-211,1
197,-215,1
-207,-219,0
-178,-196,0
-183,-199,0
-219,-208,0
-182,-199,0
-213,-216,0
-204,-180,0
-195,-203,0
-198,-177,0
-190,-220,0
-205,-216,0
-218,-195,0
-219,-211,0
-217,-188,0
-190,-187,0
-185,-212,0
-197,-217,0
-191,-202,0
-189,-211,0
-221,-192,0
-180,-190,0
-212,-198,0
-201,-212,0
-199,-175,0
-183,-181,0
-187,-208,0
-215,-213,0
-214,-201,0
-216,-187,0
-214,-180,0
-175,-202,0
-205,-211,0
-188,-218,0
-182,-182,0
-218,-198,0
-204,-203,0
-189,-196,0
-192,-213,0
-181,-199,0
-182,-208,0
-197,-185,0
-200,-209,0
-210,-190,0
-199,-202,0
-180,-212,0
-180,-203,0
-218,-192,0
-198,-201,0
-205,-207,0
-180,-212,0
-197,-222,0
-201,-222,0
-205,-189,0
-189,-181,0
-186,-180,0
-221,-196,0
-220,-187,0
-176,-206,0
-184,-217,0
-215,-189,0
-185,-203,0
-206,-205,0
-215,-190,0
-175,-194,0
-211,-185,0
-176,-193,0
-214,-207,0
-210,-197,0
-203,-194,0
-179,-207,0
-192,-187,0
-197,-210,0
-189,-213,0
-197,-210,0
-197,-217,0
-194,-199,0
-212,-195,0
-180,-203,0
-205,-182,0
-193,-177,0
-198,-204,0
-184,-217,0
-205,-194,0
-180,-213,0
-200,-209,0
-204,-191,0
-181,-180,0
-187,-179,0
-216,-199,0
-194,-187,0
-218,-205,0
-193,-195,0
-188,-192,0
-202,-187,0
-191,-176,0
-178,-190,0
-201,-181,0
-199,-208,0
-185,-201,0
-201,-194,0
-186,-206,0
-180,-202,0
-210,-213,0
-201,-186,0
-198,-193,0
-204,-215,0
-210,-216,0
-190,-196,0
-188,-191,0
-212,-207,0
-197,-213,0
-212,-193,0
-191,-197,0
-187,-181,0
-210,-216,0
-178,-185,0
-218,-196,0
-214,-186,0
-206,-188,0
-195,-222,0
-196,-184,0
-200,-193,0
-196,-212,0
-197,-213,0
-209,-189,0
-192,-221,0
-204,-186,0
-218,-204,0
-187,-201,0
-186,-188,0
-197,-179,0
-191,-198,0
-190,-188,0
-217,-204,0
-209,-192,0
-194,-204,0
-197,-190,0
-202,-218,0
-206,-188,0
-190,-184,0
-179,-214,0
-181,-187,0
-194,-182,0
-211,-186,0
-218,-191,0
-183,-216,0
-197,-192,0
-196,-174,0
-181,-206,0
-209,-208,0
-178,-206,0
-202,-211,0
-186,-215,0
-193,-177,0
-217,-183,0
-215,-200,0
-190,-192,0
-221,-190,0
-183,-196,0
-202,-214,0
-196,-202,0
-185,-210,0
-207,-198,0
-196,-205,0
-210,-212,0
-180,-199,0
-178,-212,0
-188,-199,0
-210,-206,0
-179,-188,0
-218,-207,0
-192,-183,0
-196,-191,0
-183,-203,0
-209,-215,0
-214,-215,0
-183,-200,0
-182,-181,0
-210,-180,0
-197,-203,0
-176,-200,0
-203,-194,0
-208,-184,0
-207,-201,0
-179,-185,0
-218,-198,0
-220,-191,0
-205,-190,0
-216,-192,0
-183,-181,0
-212,-197,0
-192,-209,0
-202,-208,0
-220,-197,0
-201,-208,0
-199,-210,0
-217,-197,0
-201,-178,0
-197,-177,0
-215,-197,0
-184,-202,0
-178,-210,0
-197,-204,0
-177,-197,0
-201,-213,0
-207,-217,0
-199,-212,0
-195,-186,0
-186,-214,0
-186,-204,0
-194,-189,0
-214,-191,0
-193,-196,0
-194,-195,0
-199,-175,0
-194,-194,0
-183,-184,0
-214,-211,0
-192,-189,0
-187,-198,0
-213,-216,0
-207,-184,0
-204,-190,0
-198,-221,0
-179,-185,0
-191,-203,0
-203,-195,0
-200,-204,0
-209,-193,0
-193,-214,0
-194,-182,0
-192,-184,0
-181,-202,0
-199,-198,0
-180,-210,0
-190,-213,0
-189,-206,0
-198,-196,0
-207,-178,0
-190,-204,0
-203,-215,0
-191,-174,0
-194,-185,0
-210,-206,0
-205,-198,0
-215,-189,0
-183,-196,0
-194,-206,0
-204,-215,0
-197,-212,0
