-104,123,1
-104,126,1
-135,115,1
-125,123,1
-139,148,1
-113,113,1
-106,124,1
-123,119,1
-141,133,1
-142,114,1
-120,122,1
-113,110,1
-131,131,1
-131,115,1
-114,139,1
-143,130,1
-139,123,1
-135,126,1
-121,145,1
-129,148,1
-118,144,1
-146,138,1
-117,117,1
-135,150,1
-120,127,1
-109,141,1
-144,124,1
-144,113,1
-115,140,1
-136,114,1
-130,110,1
-110,118,1
-116,109,1
-127,146,1
-129,130,1
-114,111,1
-117,143,1
-114,142,1
-117,143,1
-107,122,1
-142,135,1
-130,119,1
-111,120,1
-144,110,1
-146,143,1
-123,111,1
-148,125,1
-125,148,1
-110,121,1
-143,122,1
-105,132,1
-106,119,1
-116,120,1
-130,125,1
-129,115,1
-126,121,1
-144,142,1
-128,134,1
-117,111,1
-131,108,1
-124,120,1
-107,118,1
-113,138,1
-111,120,1
-143,130,1
-112,142,1
-109,138,1
-107,113,1
-146,121,1
-115,141,1
-137,111,1
-138,127,1
-112,132,1
-134,110,1
-114,140,1
-140,117,1
-130,105,1
-141,125,1
-121,112,1
-129,140,1
-146,140,1
-141,119,1
-136,108,1
-122,141,1
-144,113,1
-146,124,1
-142,140,1
-144,110,1
-128,103,1
-141,138,1
-140,106,1
-109,138,1
-116,144,1
-110,139,1
-149,117,1
-137,112,1
-115,114,1
-145,125,1
-109,122,1
-122,126,1
-128,151,1
-141,131,1
-112,138,1
-138,127,1
-115,141,1
-126,149,1
-122,110,1
-129,108,1
-145,135,1
-124,120,1
-109,118,1
-124,152,1
-117,114,1
-149,134,1
-122,110,1
-142,147,1
-112,141,1
-106,140,1
-144,110,1
-112,129,1
-113,129,1
-147,141,1
-110,143,1
-124,124,1
-106,115,1
-132,143,1
-117,144,1
-121,105,1
-120,122,1
-146,143,1
-118,140,1
-127,133,1
-135,120,1
-144,145,1
-126,115,1
-141,140,1
-142,113,1
-144,115,1
-118,114,1
-108,115,1
-149,133,1
-135,142,1
-139,145,1
-139,140,1
-145,126,1
-122,135,1
-113,132,1
-132,146,1
-142,117,1
-119,117,1
-132,123,1
-118,145,1
-120,108,1
-140,132,1
-152,125,1
-113,125,1
-142,123,1
-145,132,1
-151,134,1
-136,145,1
-114,125,1
-133,129,1
-127,142,1
-140,144,1
-105,127,1
-121,131,1
-141,118,1
-141,115,1
-127,108,1
-116,121,1
-130,120,1
-116,148,1
-146,129,1
-136,146,1
-128,103,1
-134,143,1
-104,131,1
-116,134,1
-109,126,1
-110,136,1
-119,112,1
-117,116,1
-112,113,1
-139,139,1
-115,135,1
-125,138,1
-110,130,1
-130,110,1
-126,113,1
-107,120,1
-126,142,1
-149,131,1
-123,147,1
-144,130,1
-136,117,1
-142,111,1
-124,133,1
-123,105,1
-125,110,1
-127,135,1
-131,126,1
-108,121,1
-110,134,1
-151,129,1
-115,138,1
-118,107,1
-113,132,1
-119,114,1
-123,115,1
-123,113,1
-118,135,1
-128,140,1
-113,140,1
-135,144,1
-108,113,1
-125,147,1
-116,140,1
-122,126,1
-112,137,1
-137,136,1
-105,131,1
-128,141,1
-118,107,1
-144,109,1
-110,132,1
-123,130,1
-132,109,1
-125,137,1
-112,126,1
-108,137,1
-145,127,1
-127,129,1
-143,125,1
-138,145,1
-113,142,1
-117,106,1
-107,131,1
-105,131,1
-128,123,1
-132,134,1
-117,133,1
-141,138,1
-115,148,1
-144,133,1
-123,133,1
-134,138,1
-104,129,1
-116,141,1
-133,145,1
-136,135,1
125,128,0
127,114,0
133,142,0
115,116,0
124,115,0
139,149,0
127,146,0
143,115,0
129,125,0
121,140,0
136,140,0
119,104,0
143,114,0
134,117,0
149,135,0
124,120,0
131,118,0
124,105,0
121,114,0
107,121,0
133,149,0
128,121,0
122,133,0
123,110,0
114,113,0
133,135,0
108,135,0
131,146,0
136,128,0
115,135,0
108,143,0
115,124,0
138,135,0
120,131,0
129,150,0
140,117,0
142,115,0
118,129,0
131,125,0
151,122,0
120,110,0
114,121,0
122,121,0
120,107,0
123,108,0
145,115,0
143,114,0
110,135,0
133,145,0
120,126,0
135,106,0
112,134,0
116,144,0
104,124,0
132,148,0
120,112,0
126,116,0
127,126,0
147,122,0
135,115,0
141,148,0
136,135,0
128,136,0
143,116,0
130,134,0
116,131,0
145,111,0
132,115,0
130,141,0
130,151,0
133,103,0
143,120,0
112,128,0
117,124,0
124,129,0
145,142,0
117,127,0
135,140,0
130,148,0
126,151,0
138,107,0
134,134,0
148,116,0
117,136,0
149,127,0
104,132,0
114,111,0
126,125,0
139,123,0
121,115,0
129,115,0
122,131,0
148,139,0
110,142,0
145,116,0
145,114,0
106,126,0
125,147,0
150,135,0
110,142,0
106,124,0
142,117,0
125,118,0
137,126,0
128,137,0
130,110,0
136,130,0
112,128,0
116,112,0
103,132,0
123,124,0
121,136,0
135,131,0
145,126,0
135,114,0
116,110,0
145,139,0
122,131,0
106,129,0
136,107,0
140,140,0
142,111,0
141,118,0
139,135,0
144,131,0
111,136,0
111,119,0
110,128,0
138,123,0
145,132,0
134,115,0
111,135,0
108,117,0
136,134,0
132,104,0
134,144,0
118,107,0
120,126,0
122,123,0
119,125,0
141,143,0
145,142,0
106,136,0
139,119,0
138,118,0
136,144,0
133,114,0
112,141,0
126,144,0
125,132,0
118,146,0
109,111,0
116,144,0
137,130,0
144,143,0
121,148,0
112,134,0
110,125,0
110,141,0
106,121,0
119,127,0
125,135,0
123,141,0
107,133,0
133,144,0
124,114,0
109,133,0
146,119,0
109,122,0
116,139,0
118,147,0
144,115,0
150,125,0
110,141,0
123,140,0
146,140,0
123,149,0
114,108,0
141,128,0
105,123,0
127,149,0
108,139,0
130,143,0
139,110,0
138,117,0
123,145,0
119,139,0
130,110,0
138,140,0
141,125,0
127,130,0
106,120,0
120,124,0
129,133,0
141,125,0
140,113,0
116,107,0
139,137,0
111,146,0
134,117,0
137,145,0
141,114,0
127,148,0
124,105,0
147,135,0
123,146,0
122,126,0
121,117,0
132,142,0
119,135,0
135,139,0
137,135,0
120,123,0
127,105,0
131,131,0
139,135,0
134,147,0
135,117,0
148,120,0
126,149,0
121,150,0
123,112,0
144,140,0
118,139,0
122,149,0
150,127,0
149,136,0
113,137,0
134,114,0
129,138,0
149,129,0
123,108,0
143,124,0
150,129,0
117,123,0
119,150,0
123,127,0
135,104,0
120,137,0
120,138,0
108,133,0
124,130,0
111,139,0
104,129,0
106,116,0
108,135,0
134,129,0
123,129,0
115,123,0
146,119,0
121,-134,1
119,-105,1
135,-126,1
142,-109,1
117,-112,1
113,-144,1
120,-116,1
109,-133,1
130,-121,1
120,-109,1
130,-141,1
142,-113,1
128,-115,1
133,-122,1
130,-119,1
120,-124,1
148,-118,1
116,-144,1
129,-105,1
116,-147,1
111,-146,1
112,-124,1
121,-114,1
146,-138,1
137,-131,1
128,-148,1
130,-120,1
109,-137,1
106,-134,1
113,-113,1
121,-146,1
132,-129,1
134,-117,1
118,-126,1
118,-125,1
117,-145,1
118,-143,1
133,-112,1
142,-123,1
126,-145,1
128,-132,1
121,-142,1
127,-133,1
133,-113,1
134,-122,1
131,-117,1
115,-121,1
147,-125,1
138,-145,1
118,-131,1
107,-126,1
110,-122,1
152,-126,1
134,-149,1
115,-136,1
116,-106,1
140,-142,1
127,-123,1
113,-137,1
128,-130,1
139,-124,1
135,-150,1
135,-140,1
137,-124,1
146,-126,1
137,-143,1
133,-130,1
122,-143,1
131,-111,1
143,-110,1
135,-107,1
121,-131,1
113,-112,1
119,-115,1
123,-117,1
120,-114,1
103,-131,1
129,-129,1
132,-147,1
132,-124,1
131,-122,1
141,-139,1
131,-143,1
103,-124,1
127,-144,1
119,-123,1
140,-126,1
138,-120,1
129,-140,1
114,-126,1
109,-122,1
114,-121,1
131,-148,1
120,-113,1
112,-123,1
126,-110,1
112,-139,1
138,-108,1
103,-122,1
125,-116,1
112,-112,1
124,-130,1
137,-122,1
128,-147,1
110,-115,1
152,-129,1
151,-129,1
117,-134,1
138,-134,1
114,-115,1
147,-134,1
106,-120,1
134,-144,1
120,-107,1
128,-145,1
118,-116,1
124,-150,1
119,-147,1
138,-121,1
139,-107,1
108,-134,1
116,-125,1
119,-113,1
133,-145,1
106,-123,1
133,-121,1
142,-134,1
139,-126,1
138,-113,1
146,-117,1
110,-121,1
113,-114,1
145,-130,1
126,-115,1
114,-135,1
148,-125,1
150,-122,1
128,-125,1
124,-110,1
130,-120,1
113,-123,1
125,-119,1
126,-140,1
123,-126,1
138,-144,1
108,-118,1
129,-138,1
141,-111,1
146,-142,1
137,-138,1
132,-131,1
108,-138,1
132,-113,1
119,-142,1
136,-108,1
111,-137,1
107,-131,1
133,-134,1
122,-127,1
127,-113,1
105,-131,1
113,-124,1
130,-113,1
122,-111,1
119,-124,1
125,-130,1
117,-129,1
116,-116,1
120,-109,1
112,-109,1
146,-118,1
128,-111,1
105,-122,1
129,-107,1
135,-125,1
135,-148,1
130,-128,1
109,-144,1
134,-123,1
131,-140,1
144,-133,1
128,-103,1
103,-126,1
116,-111,1
121,-146,1
129,-126,1
148,-118,1
128,-125,1
127,-110,1
136,-123,1
141,-134,1
140,-133,1
137,-126,1
144,-126,1
111,-128,1
123,-136,1
147,-129,1
130,-147,1
113,-117,1
137,-146,1
146,-129,1
106,-120,1
150,-118,1
116,-131,1
143,-113,1
125,-118,1
106,-121,1
126,-134,1
114,-134,1
135,-106,1
135,-123,1
140,-140,1
148,-115,1
146,-119,1
142,-135,1
150,-127,1
120,-127,1
125,-120,1
138,-141,1
128,-134,1
135,-120,1
124,-108,1
112,-143,1
122,-141,1
128,-143,1
127,-110,1
112,-134,1
140,-108,1
144,-141,1
114,-107,1
145,-110,1
132,-130,1
103,-124,1
136,-137,1
141,-129,1
131,-118,1
133,-135,1
151,-128,1
111,-113,1
139,-131,1
113,-138,1
137,-121,1
113,-111,1
113,-147,1
136,-142,1
107,-135,1
146,-142,1
134,-134,1
103,-132,1
118,-124,1
-138,-121,0
-144,-115,0
-119,-104,0
-141,-140,0
-120,-144,0
-104,-127,0
-121,-146,0
-132,-114,0
-119,-138,0
-132,-120,0
-145,-124,0
-115,-148,0
-114,-129,0
-109,-115,0
-104,-130,0
-120,-111,0
-118,-129,0
-118,-148,0
-119,-107,0
-130,-141,0
-126,-115,0
-127,-114,0
-124,-129,0
-113,-129,0
-124,-109,0
-112,-119,0
-144,-127,0
-104,-124,0
-138,-145,0
-109,-122,0
-119,-119,0
-125,-136,0
-121,-136,0
-108,-112,0
-110,-134,0
-131,-112,0
-144,-125,0
-131,-117,0
-126,-120,0
-108,-130,0
-151,-127,0
-127,-152,0
-132,-132,0
-121,-120,0
-119,-130,0
-122,-117,0
-125,-122,0
-152,-130,0
-126,-147,0
-117,-118,0
-127,-104,0
-142,-130,0
-129,-150,0
-124,-114,0
-137,-134,0
-104,-134,0
-122,-142,0
-127,-113,0
-104,-129,0
-125,-151,0
-127,-148,0
-138,-109,0
-126,-118,0
-133,-105,0
-123,-129,0
-111,-129,0
-113,-119,0
-109,-137,0
-114,-133,0
-137,-114,0
-135,-122,0
-115,-149,0
-123,-142,0
-124,-137,0
-118,-140,0
-141,-147,0
-126,-135,0
-137,-140,0
-123,-136,0
-124,-123,0
-132,-144,0
-107,-122,0
-115,-125,0
-148,-133,0
-130,-105,0
-124,-116,0
-131,-114,0
-110,-117,0
-140,-125,0
-111,-113,0
-146,-141,0
-122,-113,0
-136,-115,0
-139,-125,0
-129,-122,0
-119,-126,0
-141,-121,0
-134,-125,0
-129,-142,0
-130,-103,0
-115,-117,0
-113,-121,0
-106,-118,0
-149,-129,0
-108,-112,0
-150,-128,0
-139,-137,0
-117,-111,0
-105,-127,0
-135,-116,0
-127,-150,0
-110,-144,0
-118,-136,0
-114,-124,0
-142,-146,0
-122,-126,0
-117,-138,0
-140,-130,0
-106,-128,0
-148,-131,0
-107,-128,0
-137,-131,0
-135,-112,0
-125,-115,0
-141,-127,0
-115,-132,0
-144,-137,0
-141,-124,0
-116,-137,0
-118,-149,0
-119,-145,0
-130,-148,0
-108,-135,0
-108,-138,0
-111,-146,0
-110,-135,0
-133,-111,0
-144,-132,0
-137,-127,0
-115,-121,0
-114,-119,0
-131,-135,0
-146,-131,0
-139,-108,0
-119,-138,0
-108,-116,0
-135,-128,0
-130,-152,0
-145,-136,0
-130,-109,0
-148,-137,0
-146,-112,0
-104,-131,0
-126,-123,0
-129,-113,0
-123,-145,0
-107,-141,0
-114,-125,0
-138,-133,0
-114,-117,0
-126,-114,0
-120,-138,0
-146,-123,0
-137,-110,0
-132,-122,0
-112,-125,0
-109,-122,0
-114,-109,0
-107,-127,0
-123,-149,0
-120,-112,0
-120,-136,0
-133,-108,0
-128,-118,0
-106,-123,0
-139,-131,0
-132,-130,0
-144,-143,0
-149,-118,0
-128,-129,0
-140,-131,0
-131,-138,0
-107,-131,0
-110,-127,0
-113,-136,0
-150,-117,0
-140,-117,0
-124,-146,0
-130,-104,0
-134,-113,0
-110,-125,0
-140,-126,0
-135,-117,0
-112,-138,0
-116,-131,0
-139,-121,0
-113,-114,0
-144,-137,0
-115,-147,0
-137,-142,0
-118,-118,0
-118,-119,0
-129,-149,0
-150,-135,0
-148,-127,0
-138,-135,0
-125,-132,0
-138,-145,0
-144,-121,0
-144,-141,0
-147,-118,0
-128,-136,0
-130,-107,0
-123,-134,0
-122,-132,0
-107,-130,0
-129,-132,0
-145,-114,0
-123,-131,0
-147,-127,0
-118,-136,0
-141,-124,0
-132,-151,0
-115,-113,0
-126,-112,0
-139,-145,0
-112,-141,0
-136,-121,0
-127,-117,0
-119,-145,0
-103,-126,0
-148,-128,0
-121,-109,0
-137,-125,0
-125,-106,0
-127,-129,0
-132,-129,0
-135,-104,0
-120,-125,0
-124,-148,0
-140,-112,0
-121,-141,0
-106,-129,0
-136,-142,0
-116,-113,0
-143,-132,0
-151,-125,0
-127,-148,0
-134,-105,0
-114,-136,0
