-147,132,1
-143,136,1
-145,115,1
-140,142,1
-142,140,1
-121,148,1
-123,142,1
-149,115,1
-118,113,1
-145,140,1
-125,107,1
-142,117,1
-111,110,1
-115,120,1
-138,140,1
-148,138,1
-144,113,1
-131,140,1
-145,115,1
-117,116,1
-116,147,1
-126,142,1
-143,145,1
-130,139,1
-145,117,1
-122,117,1
-131,128,1
-123,123,1
-116,127,1
-117,143,1
-121,124,1
-142,124,1
-139,124,1
-111,123,1
-116,132,1
-103,133,1
-128,125,1
-109,133,1
-114,146,1
-131,131,1
-117,140,1
-130,119,1
-125,133,1
-130,149,1
-121,149,1
-115,144,1
-120,122,1
-136,145,1
-128,144,1
-125,135,1
-126,115,1
-125,140,1
-141,129,1
-126,121,1
-134,143,1
-125,120,1
-129,128,1
-135,125,1
-134,120,1
-132,103,1
-151,126,1
-119,128,1
-136,145,1
-128,117,1
-129,128,1
-116,133,1
-138,149,1
-129,149,1
-125,105,1
-136,115,1
-133,129,1
-118,105,1
-107,136,1
-133,130,1
-134,104,1
-139,135,1
-116,133,1
-129,147,1
-130,121,1
-142,145,1
-126,123,1
-113,139,1
-129,104,1
-144,120,1
-139,111,1
-140,110,1
-146,133,1
-144,126,1
-121,125,1
-115,128,1
-120,123,1
-131,129,1
-109,142,1
-114,135,1
-139,117,1
-145,144,1
-125,125,1
-105,131,1
-107,126,1
-135,122,1
-146,133,1
-125,129,1
-119,142,1
-136,125,1
-133,111,1
-145,127,1
-116,132,1
-147,139,1
-149,139,1
-133,116,1
-136,120,1
-128,118,1
-132,124,1
-119,118,1
-117,139,1
-133,150,1
-140,123,1
-129,150,1
-120,141,1
-109,130,1
-137,121,1
-128,138,1
-134,114,1
-123,108,1
-144,113,1
-137,113,1
-117,127,1
-131,144,1
-108,125,1
-107,132,1
-105,128,1
-132,149,1
-147,113,1
-143,141,1
-139,147,1
-148,137,1
-125,148,1
-140,130,1
-122,110,1
-138,129,1
-112,126,1
-131,126,1
-115,132,1
-146,127,1
-144,140,1
-141,141,1
-104,135,1
-120,138,1
-115,125,1
-130,145,1
-125,136,1
-123,108,1
-114,126,1
-115,116,1
-115,127,1
-116,145,1
-136,134,1
-139,134,1
-121,132,1
-118,118,1
-134,151,1
-127,136,1
-143,123,1
-130,148,1
-119,130,1
-142,144,1
-133,120,1
-127,123,1
-146,143,1
-122,115,1
-113,130,1
-128,111,1
-114,117,1
-139,128,1
-110,116,1
-124,137,1
-127,130,1
-137,150,1
-122,148,1
-121,151,1
-136,118,1
-148,119,1
-122,126,1
-132,108,1
-130,140,1
-121,131,1
-146,134,1
-150,137,1
-135,146,1
-132,116,1
-104,129,1
-130,131,1
-105,137,1
-134,149,1
-133,147,1
-134,104,1
-132,140,1
-150,131,1
-107,123,1
-132,149,1
-126,142,1
-146,130,1
-104,129,1
-128,132,1
-134,145,1
-116,125,1
-147,117,1
-108,124,1
-126,110,1
-152,130,1
-121,131,1
-145,142,1
-137,145,1
-129,125,1
-129,143,1
-148,117,1
-135,127,1
-119,119,1
-121,110,1
-115,127,1
-126,108,1
-124,130,1
-133,149,1
-106,119,1
-125,151,1
-119,141,1
-127,126,1
-110,112,1
-126,123,1
-104,125,1
-125,103,1
-147,136,1
-144,113,1
-126,119,1
-127,114,1
-144,118,1
-142,113,1
-127,147,1
-117,122,1
-122,108,1
-125,144,1
-122,146,1
-123,147,1
-103,128,1
-106,115,1
-119,133,1
-146,130,1
-141,142,1
-122,128,1
-112,140,1
117,141,0
119,114,0
128,103,0
118,121,0
137,122,0
120,137,0
146,125,0
140,130,0
140,144,0
129,129,0
120,113,0
108,119,0
137,126,0
116,138,0
121,105,0
104,128,0
133,107,0
137,134,0
111,144,0
143,119,0
124,126,0
136,125,0
125,115,0
141,132,0
114,139,0
108,133,0
116,149,0
145,126,0
122,107,0
104,135,0
126,136,0
144,135,0
145,111,0
115,144,0
144,110,0
110,119,0
124,133,0
109,129,0
131,108,0
128,146,0
117,132,0
145,137,0
143,119,0
123,149,0
119,144,0
133,105,0
129,139,0
114,119,0
111,139,0
125,140,0
119,105,0
132,120,0
141,109,0
112,118,0
124,150,0
120,133,0
124,125,0
103,130,0
113,107,0
133,145,0
148,122,0
136,143,0
119,111,0
116,136,0
123,131,0
103,133,0
121,104,0
139,118,0
110,135,0
110,119,0
115,121,0
145,115,0
148,135,0
131,147,0
135,121,0
132,148,0
120,148,0
141,127,0
139,121,0
141,144,0
139,110,0
120,104,0
125,123,0
139,115,0
128,126,0
106,115,0
118,107,0
110,137,0
145,115,0
111,139,0
141,138,0
124,141,0
132,115,0
115,115,0
127,124,0
145,111,0
146,138,0
115,127,0
113,123,0
120,145,0
123,151,0
111,118,0
117,149,0
144,137,0
140,137,0
151,124,0
126,146,0
116,124,0
133,125,0
133,134,0
129,117,0
117,131,0
152,126,0
141,113,0
117,133,0
119,127,0
127,107,0
132,150,0
107,139,0
128,146,0
146,136,0
110,122,0
116,129,0
138,105,0
107,139,0
120,139,0
135,134,0
148,118,0
129,144,0
124,137,0
105,128,0
142,140,0
142,138,0
119,122,0
140,112,0
137,134,0
121,125,0
125,104,0
121,123,0
116,140,0
142,142,0
116,133,0
130,128,0
112,131,0
126,136,0
114,121,0
137,144,0
137,112,0
126,110,0
131,145,0
110,127,0
141,143,0
142,116,0
115,108,0
144,129,0
119,122,0
144,133,0
112,117,0
116,116,0
129,128,0
139,141,0
108,122,0
108,142,0
136,134,0
131,144,0
105,117,0
149,127,0
136,118,0
121,122,0
116,133,0
124,111,0
114,108,0
104,127,0
131,111,0
137,126,0
151,126,0
149,138,0
137,135,0
110,111,0
149,134,0
117,146,0
135,115,0
151,133,0
132,140,0
149,117,0
145,128,0
130,140,0
122,121,0
104,135,0
124,109,0
129,124,0
142,147,0
149,124,0
121,137,0
144,122,0
148,130,0
106,123,0
115,129,0
133,122,0
124,148,0
143,136,0
145,117,0
134,122,0
134,138,0
123,129,0
133,105,0
145,125,0
115,120,0
145,131,0
150,127,0
107,125,0
115,107,0
115,135,0
109,114,0
147,131,0
124,150,0
112,111,0
112,110,0
151,126,0
129,129,0
150,125,0
137,115,0
125,130,0
113,146,0
116,117,0
131,146,0
139,135,0
135,120,0
127,151,0
120,148,0
130,136,0
136,136,0
111,119,0
140,121,0
118,138,0
132,109,0
127,134,0
110,124,0
118,129,0
138,145,0
137,109,0
122,150,0
121,139,0
124,110,0
141,120,0
115,140,0
114,108,0
110,133,0
108,140,0
105,135,0
118,-148,1
131,-143,1
117,-109,1
120,-141,1
137,-126,1
111,-142,1
128,-103,1
118,-145,1
124,-126,1
123,-142,1
130,-130,1
106,-123,1
121,-137,1
141,-147,1
120,-132,1
138,-106,1
142,-114,1
147,-128,1
122,-136,1
145,-119,1
116,-126,1
121,-122,1
114,-113,1
137,-105,1
111,-138,1
124,-126,1
146,-125,1
114,-118,1
114,-128,1
142,-117,1
134,-139,1
136,-107,1
120,-127,1
140,-146,1
106,-125,1
145,-144,1
134,-123,1
128,-137,1
103,-133,1
111,-129,1
146,-140,1
137,-148,1
149,-136,1
146,-129,1
122,-114,1
124,-130,1
117,-136,1
125,-111,1
119,-115,1
127,-109,1
119,-116,1
129,-118,1
146,-140,1
116,-113,1
123,-107,1
130,-104,1
123,-144,1
146,-126,1
143,-114,1
128,-131,1
120,-109,1
117,-139,1
126,-123,1
121,-118,1
138,-118,1
151,-132,1
141,-142,1
124,-144,1
144,-140,1
108,-121,1
135,-145,1
139,-124,1
144,-126,1
134,-121,1
131,-108,1
136,-117,1
111,-129,1
135,-108,1
135,-107,1
124,-143,1
110,-144,1
115,-120,1
126,-112,1
123,-123,1
145,-127,1
107,-113,1
138,-110,1
140,-126,1
139,-128,1
123,-143,1
129,-110,1
124,-150,1
116,-147,1
131,-129,1
148,-138,1
132,-143,1
113,-117,1
134,-104,1
126,-139,1
149,-124,1
107,-127,1
114,-107,1
127,-127,1
120,-119,1
144,-121,1
147,-115,1
104,-132,1
109,-135,1
126,-117,1
123,-121,1
125,-124,1
143,-129,1
108,-140,1
123,-106,1
110,-115,1
118,-107,1
143,-140,1
106,-115,1
115,-108,1
110,-113,1
147,-139,1
125,-118,1
139,-126,1
111,-139,1
117,-121,1
113,-122,1
128,-103,1
123,-105,1
146,-132,1
126,-145,1
121,-120,1
146,-141,1
124,-138,1
130,-105,1
141,-108,1
110,-138,1
115,-140,1
117,-117,1
134,-109,1
123,-122,1
125,-149,1
106,-136,1
135,-143,1
130,-136,1
129,-104,1
116,-128,1
126,-121,1
118,-140,1
150,-126,1
126,-141,1
123,-115,1
139,-126,1
126,-136,1
143,-146,1
121,-144,1
115,-147,1
121,-107,1
130,-112,1
138,-120,1
121,-137,1
133,-134,1
144,-145,1
136,-134,1
130,-135,1
145,-126,1
122,-134,1
110,-124,1
111,-137,1
111,-112,1
109,-113,1
135,-142,1
126,-131,1
112,-120,1
130,-145,1
104,-133,1
145,-137,1
125,-147,1
109,-121,1
129,-104,1
125,-104,1
116,-107,1
108,-134,1
127,-121,1
141,-113,1
114,-112,1
144,-134,1
144,-112,1
125,-108,1
137,-138,1
120,-148,1
135,-113,1
103,-130,1
149,-118,1
108,-122,1
132,-151,1
105,-136,1
134,-140,1
111,-114,1
135,-120,1
105,-133,1
137,-110,1
110,-126,1
127,-105,1
118,-120,1
124,-121,1
130,-142,1
130,-142,1
150,-130,1
140,-110,1
117,-112,1
124,-103,1
129,-126,1
147,-134,1
149,-122,1
117,-105,1
143,-115,1
148,-134,1
105,-137,1
119,-122,1
142,-117,1
138,-135,1
122,-135,1
106,-116,1
124,-139,1
130,-151,1
149,-121,1
149,-125,1
112,-128,1
106,-126,1
131,-123,1
113,-142,1
124,-143,1
121,-122,1
106,-126,1
119,-123,1
134,-147,1
116,-134,1
129,-124,1
118,-105,1
104,-126,1
145,-117,1
105,-126,1
111,-109,1
143,-129,1
125,-105,1
138,-106,1
143,-123,1
124,-148,1
151,-126,1
135,-129,1
-135,-146,0
-116,-109,0
-113,-128,0
-147,-112,0
-109,-124,0
-143,-117,0
-140,-114,0
-119,-130,0
-135,-120,0
-138,-106,0
-140,-120,0
-110,-119,0
-126,-118,0
-131,-134,0
-127,-127,0
-135,-134,0
-151,-135,0
-137,-141,0
-114,-119,0
-117,-106,0
-106,-130,0
-148,-135,0
-119,-133,0
-141,-148,0
-139,-139,0
-127,-118,0
-129,-124,0
-118,-120,0
-136,-127,0
-122,-119,0
-144,-135,0
-111,-128,0
-136,-127,0
-131,-145,0
-122,-145,0
-135,-109,0
-130,-103,0
-137,-137,0
-138,-127,0
-130,-111,0
-129,-139,0
-107,-113,0
-119,-140,0
-126,-111,0
-136,-133,0
-139,-117,0
-109,-115,0
-105,-133,0
-104,-133,0
-133,-113,0
-113,-147,0
-149,-139,0
-132,-111,0
-148,-133,0
-112,-119,0
-135,-127,0
-131,-135,0
-138,-111,0
-133,-120,0
-147,-132,0
-129,-136,0
-118,-108,0
-122,-109,0
-150,-137,0
-134,-131,0
-123,-121,0
-134,-148,0
-124,-107,0
-147,-123,0
-130,-120,0
-117,-131,0
-113,-138,0
-151,-132,0
-129,-151,0
-138,-134,0
-132,-117,0
-139,-123,0
-116,-122,0
-120,-138,0
-128,-148,0
-122,-137,0
-120,-141,0
-139,-112,0
-103,-133,0
-134,-125,0
-104,-127,0
-147,-136,0
-131,-118,0
-117,-109,0
-117,-110,0
-122,-115,0
-125,-106,0
-107,-132,0
-128,-119,0
-108,-140,0
-141,-114,0
-120,-134,0
-127,-136,0
-128,-132,0
-134,-121,0
-128,-109,0
-133,-142,0
-109,-132,0
-119,-127,0
-144,-131,0
-105,-117,0
-140,-139,0
-134,-108,0
-110,-141,0
-109,-128,0
-137,-145,0
-121,-134,0
-108,-139,0
-139,-135,0
-130,-137,0
-114,-134,0
-141,-144,0
-132,-115,0
-117,-112,0
-125,-122,0
-133,-118,0
-134,-138,0
-108,-125,0
-118,-135,0
-139,-142,0
-135,-138,0
-115,-144,0
-143,-118,0
-108,-139,0
-142,-121,0
-145,-134,0
-143,-128,0
-150,-127,0
-137,-118,0
-114,-136,0
-116,-125,0
-149,-125,0
-126,-112,0
-120,-140,0
-140,-107,0
-125,-113,0
-114,-117,0
-136,-105,0
-143,-112,0
-127,-152,0
-114,-107,0
-135,-120,0
-139,-112,0
-108,-138,0
-134,-135,0
-136,-150,0
-106,-128,0
-128,-136,0
-145,-115,0
-135,-139,0
-151,-124,0
-151,-121,0
-120,-134,0
-152,-125,0
-134,-140,0
-139,-125,0
-139,-130,0
-110,-134,0
-123,-120,0
-117,-115,0
-121,-111,0
-126,-140,0
-123,-146,0
-151,-127,0
-149,-121,0
-119,-127,0
-122,-139,0
-143,-124,0
-138,-107,0
-122,-110,0
-111,-112,0
-125,-113,0
-130,-110,0
-131,-142,0
-133,-131,0
-137,-138,0
-122,-110,0
-119,-115,0
-137,-146,0
-123,-121,0
-150,-124,0
-128,-140,0
-114,-143,0
-103,-126,0
-142,-108,0
-113,-146,0
-134,-112,0
-117,-122,0
-107,-119,0
-122,-137,0
-124,-115,0
-143,-114,0
-145,-137,0
-130,-140,0
-110,-138,0
-151,-134,0
-141,-113,0
-110,-143,0
-137,-112,0
-119,-107,0
-125,-143,0
-111,-138,0
-126,-140,0
-126,-146,0
-116,-140,0
-116,-138,0
-144,-114,0
-146,-131,0
-118,-128,0
-125,-146,0
-115,-113,0
-120,-128,0
-113,-140,0
-139,-115,0
-125,-137,0
-106,-129,0
-130,-110,0
-123,-143,0
-147,-142,0
-142,-121,0
-133,-144,0
-120,-107,0
-121,-121,0
-141,-138,0
-150,-134,0
-115,-112,0
-143,-139,0
-136,-123,0
-147,-114,0
-144,-124,0
-109,-127,0
-151,-128,0
-114,-117,0
-137,-111,0
-123,-118,0
-141,-139,0
-119,-148,0
-135,-112,0
-128,-117,0
-135,-107,0
-140,-132,0
-108,-132,0
-134,-134,0
-116,-146,0
-152,-131,0
