-139,109,1
-118,99,1
-124,137,1
-126,141,1
-138,129,1
-118,116,1
-110,115,1
-100,122,1
-104,136,1
-107,100,1
-110,115,1
-109,138,1
-133,100,1
-128,100,1
-123,144,1
-138,117,1
-119,102,1
-137,125,1
-109,103,1
-112,107,1
-133,120,1
-133,138,1
-129,127,1
-140,123,1
-98,126,1
-113,128,1
-136,106,1
-125,100,1
-122,141,1
-142,118,1
-139,130,1
-128,130,1
-133,133,1
-105,131,1
-120,102,1
-102,128,1
-115,119,1
-131,116,1
-100,134,1
-106,138,1
-124,114,1
-126,100,1
-115,115,1
-141,118,1
-105,103,1
-136,110,1
-113,120,1
-103,105,1
-106,117,1
-112,114,1
-108,125,1
-109,138,1
-145,122,1
-109,121,1
-144,121,1
-110,103,1
-124,101,1
-130,105,1
-142,119,1
-106,124,1
-127,126,1
-106,118,1
-103,121,1
-119,114,1
-124,133,1
-118,115,1
-136,113,1
-104,119,1
-127,118,1
-129,118,1
-120,142,1
-117,99,1
-116,126,1
-129,122,1
-117,99,1
-133,130,1
-132,114,1
-135,102,1
-114,115,1
-123,137,1
-96,114,1
-143,117,1
-128,115,1
-118,139,1
-125,101,1
-132,115,1
-127,139,1
-118,135,1
-104,113,1
-127,141,1
-117,107,1
-118,98,1
-132,124,1
-133,116,1
-108,115,1
-113,112,1
-132,117,1
-106,114,1
-100,125,1
-116,123,1
-103,133,1
-141,126,1
-140,131,1
-115,144,1
-109,104,1
-140,105,1
-109,109,1
-134,108,1
-129,135,1
-114,134,1
-120,113,1
-131,123,1
-122,134,1
-111,132,1
-139,136,1
-125,142,1
-115,116,1
-122,99,1
-98,114,1
-123,137,1
-127,107,1
-128,112,1
-102,119,1
-127,139,1
-106,129,1
-140,132,1
-144,117,1
-110,137,1
-126,127,1
-115,105,1
-121,118,1
-117,136,1
-118,100,1
-129,103,1
-115,106,1
-124,142,1
-119,145,1
-110,130,1
-133,133,1
-103,106,1
-123,142,1
-101,105,1
-131,110,1
-108,107,1
-103,126,1
-112,122,1
-117,105,1
-144,114,1
-129,134,1
-135,135,1
-134,112,1
-118,116,1
-102,119,1
-141,119,1
-126,139,1
-144,117,1
-115,141,1
-135,138,1
-127,129,1
-115,144,1
-138,128,1
-109,132,1
-128,129,1
-100,132,1
-137,132,1
-134,129,1
-123,139,1
-140,121,1
-144,115,1
-134,105,1
-103,110,1
-128,117,1
-126,142,1
-126,127,1
-120,144,1
-107,115,1
-119,143,1
-131,135,1
-128,132,1
-101,124,1
-134,128,1
-104,111,1
-113,131,1
-123,115,1
-115,132,1
-120,110,1
-123,141,1
-126,124,1
-129,102,1
-126,107,1
-108,135,1
-110,128,1
-104,138,1
-110,141,1
-131,139,1
-132,130,1
-127,111,1
-133,103,1
-106,119,1
-125,131,1
-141,109,1
-139,136,1
-117,110,1
-117,111,1
-132,135,1
-108,112,1
-115,108,1
-131,142,1
-130,125,1
-139,105,1
-126,100,1
-130,111,1
-117,122,1
-119,109,1
-103,131,1
-142,128,1
-102,130,1
-143,123,1
-132,115,1
-96,119,1
-139,115,1
-123,100,1
-107,131,1
-136,105,1
-127,141,1
-135,132,1
-115,108,1
-136,119,1
-131,113,1
-108,139,1
-114,110,1
-112,121,1
-98,123,1
-132,122,1
-122,108,1
-140,129,1
-105,134,1
-113,108,1
-118,144,1
-123,124,1
-124,140,1
-110,141,1
-106,123,1
-107,124,1
-117,128,1
-99,129,1
-121,120,1
-131,119,1
-99,125,1
-115,115,1
128,102,0
131,132,0
125,129,0
130,131,0
114,132,0
104,112,0
124,108,0
105,104,0
115,137,0
100,108,0
111,124,0
133,122,0
117,140,0
137,116,0
133,109,0
98,114,0
118,144,0
125,107,0
117,119,0
112,131,0
130,141,0
99,132,0
124,142,0
120,123,0
98,122,0
104,129,0
127,144,0
99,119,0
141,112,0
114,130,0
105,108,0
138,134,0
116,141,0
141,128,0
139,124,0
143,120,0
136,129,0
120,143,0
112,140,0
139,109,0
109,106,0
122,115,0
113,138,0
126,98,0
143,130,0
119,126,0
104,118,0
121,135,0
115,132,0
128,118,0
111,116,0
111,127,0
133,121,0
133,128,0
118,105,0
105,103,0
97,113,0
111,133,0
128,127,0
121,138,0
110,116,0
128,130,0
111,115,0
108,110,0
113,127,0
116,111,0
129,109,0
129,118,0
131,142,0
119,128,0
112,108,0
128,140,0
120,143,0
117,136,0
111,97,0
134,123,0
144,113,0
107,119,0
109,98,0
113,100,0
113,110,0
117,104,0
129,102,0
121,140,0
111,120,0
115,114,0
142,120,0
133,129,0
132,121,0
129,130,0
119,98,0
111,101,0
104,119,0
138,124,0
132,103,0
124,105,0
104,129,0
134,136,0
128,126,0
108,135,0
136,118,0
107,141,0
122,136,0
115,102,0
105,113,0
128,136,0
109,131,0
118,140,0
112,138,0
130,109,0
111,126,0
119,139,0
99,117,0
133,120,0
99,109,0
137,130,0
128,132,0
125,126,0
102,112,0
140,105,0
115,116,0
126,136,0
132,111,0
132,116,0
102,135,0
141,120,0
102,134,0
125,142,0
141,119,0
139,130,0
129,105,0
118,120,0
134,112,0
113,107,0
124,131,0
132,134,0
106,114,0
110,140,0
126,118,0
128,117,0
122,107,0
120,143,0
140,131,0
122,107,0
137,138,0
123,140,0
122,140,0
116,117,0
98,125,0
109,130,0
129,110,0
139,127,0
119,133,0
110,102,0
129,128,0
116,133,0
123,123,0
124,97,0
118,145,0
119,138,0
107,101,0
117,127,0
126,114,0
113,127,0
114,133,0
122,96,0
135,138,0
118,117,0
98,119,0
138,126,0
103,129,0
96,121,0
126,109,0
136,104,0
99,126,0
106,100,0
109,99,0
123,122,0
105,119,0
110,103,0
124,109,0
113,139,0
117,120,0
123,137,0
99,124,0
127,97,0
127,115,0
107,132,0
131,120,0
136,133,0
131,102,0
118,132,0
141,129,0
137,120,0
116,129,0
142,123,0
136,132,0
135,140,0
124,130,0
139,123,0
123,121,0
127,140,0
125,118,0
101,122,0
115,139,0
103,114,0
115,118,0
112,123,0
114,134,0
122,126,0
138,136,0
105,124,0
101,132,0
102,116,0
134,103,0
118,136,0
108,127,0
118,120,0
124,103,0
129,135,0
126,113,0
130,113,0
121,96,0
102,118,0
117,126,0
120,138,0
130,143,0
138,127,0
118,133,0
139,104,0
112,136,0
105,120,0
125,135,0
132,123,0
124,118,0
112,129,0
125,119,0
106,140,0
123,145,0
109,114,0
141,121,0
122,129,0
96,120,0
138,111,0
101,108,0
107,140,0
138,130,0
107,117,0
126,136,0
128,109,0
133,-108,1
109,-127,1
105,-102,1
102,-126,1
143,-124,1
128,-133,1
134,-101,1
121,-142,1
127,-112,1
115,-107,1
135,-102,1
138,-130,1
121,-123,1
139,-131,1
133,-111,1
105,-107,1
143,-129,1
113,-97,1
114,-135,1
118,-118,1
130,-106,1
101,-126,1
118,-97,1
120,-97,1
126,-125,1
114,-138,1
139,-127,1
122,-102,1
110,-133,1
109,-137,1
131,-136,1
102,-108,1
126,-97,1
110,-130,1
115,-125,1
134,-118,1
139,-131,1
103,-120,1
127,-125,1
122,-98,1
108,-102,1
126,-108,1
142,-125,1
133,-117,1
115,-99,1
124,-132,1
116,-140,1
114,-105,1
104,-126,1
110,-111,1
128,-142,1
128,-97,1
135,-105,1
114,-142,1
104,-122,1
115,-136,1
109,-110,1
105,-105,1
101,-128,1
139,-105,1
105,-131,1
120,-140,1
113,-108,1
129,-128,1
107,-140,1
100,-129,1
102,-130,1
109,-118,1
139,-107,1
109,-99,1
128,-118,1
126,-144,1
136,-110,1
126,-123,1
144,-119,1
123,-109,1
118,-121,1
145,-121,1
115,-131,1
111,-100,1
131,-109,1
129,-128,1
108,-120,1
115,-131,1
128,-113,1
134,-100,1
100,-129,1
105,-123,1
133,-99,1
113,-140,1
134,-141,1
126,-140,1
131,-126,1
112,-99,1
105,-140,1
128,-136,1
104,-132,1
101,-136,1
126,-106,1
126,-123,1
130,-139,1
98,-114,1
127,-137,1
124,-98,1
138,-134,1
107,-141,1
132,-102,1
127,-106,1
114,-100,1
118,-101,1
118,-98,1
118,-117,1
128,-142,1
98,-125,1
122,-102,1
143,-126,1
137,-109,1
121,-125,1
111,-132,1
138,-107,1
101,-112,1
96,-123,1
136,-102,1
135,-125,1
116,-130,1
132,-124,1
116,-115,1
120,-112,1
131,-108,1
118,-123,1
126,-101,1
122,-130,1
145,-122,1
110,-101,1
105,-133,1
108,-120,1
131,-133,1
126,-98,1
141,-110,1
124,-144,1
123,-109,1
115,-144,1
127,-101,1
110,-123,1
140,-129,1
139,-123,1
138,-115,1
134,-124,1
114,-143,1
105,-118,1
113,-122,1
140,-121,1
102,-106,1
108,-108,1
110,-98,1
139,-120,1
123,-141,1
103,-112,1
122,-139,1
127,-108,1
136,-135,1
140,-123,1
102,-134,1
102,-124,1
120,-134,1
125,-117,1
116,-129,1
131,-114,1
113,-98,1
132,-118,1
115,-103,1
116,-129,1
119,-123,1
119,-105,1
139,-124,1
120,-109,1
132,-116,1
104,-137,1
136,-120,1
120,-139,1
110,-99,1
118,-100,1
111,-98,1
140,-133,1
126,-136,1
135,-140,1
127,-112,1
141,-115,1
113,-131,1
136,-135,1
130,-138,1
110,-111,1
133,-120,1
117,-117,1
110,-143,1
143,-110,1
108,-107,1
138,-129,1
104,-132,1
108,-110,1
98,-109,1
106,-118,1
133,-122,1
118,-98,1
118,-135,1
129,-98,1
138,-135,1
124,-114,1
106,-113,1
137,-112,1
102,-137,1
136,-115,1
118,-123,1
119,-126,1
125,-109,1
123,-120,1
100,-111,1
107,-115,1
102,-112,1
107,-101,1
144,-123,1
115,-141,1
134,-140,1
137,-107,1
125,-134,1
112,-121,1
119,-143,1
96,-120,1
116,-129,1
127,-118,1
115,-105,1
99,-115,1
120,-134,1
112,-121,1
112,-107,1
131,-138,1
136,-129,1
128,-113,1
141,-116,1
103,-115,1
140,-133,1
142,-123,1
125,-113,1
101,-124,1
129,-136,1
116,-138,1
130,-117,1
136,-138,1
107,-123,1
101,-126,1
-128,-115,0
-116,-109,0
-133,-102,0
-117,-133,0
-138,-136,0
-127,-111,0
-119,-125,0
-115,-134,0
-125,-130,0
-139,-121,0
-111,-142,0
-113,-105,0
-113,-101,0
-104,-139,0
-137,-125,0
-143,-122,0
-144,-116,0
-102,-107,0
-138,-136,0
-125,-124,0
-113,-132,0
-128,-101,0
-101,-118,0
-134,-136,0
-121,-115,0
-98,-127,0
-114,-116,0
-135,-117,0
-140,-123,0
-128,-121,0
-136,-104,0
-139,-136,0
-120,-126,0
-139,-109,0
-127,-120,0
-109,-126,0
-132,-123,0
-110,-140,0
-109,-107,0
-105,-136,0
-140,-113,0
-128,-132,0
-105,-119,0
-120,-121,0
-116,-127,0
-143,-119,0
-135,-128,0
-98,-130,0
-117,-143,0
-138,-112,0
-105,-115,0
-124,-139,0
-114,-117,0
-136,-119,0
-133,-129,0
-117,-101,0
-113,-102,0
-120,-96,0
-126,-122,0
-131,-130,0
-137,-123,0
-139,-132,0
-139,-119,0
-140,-126,0
-98,-117,0
-126,-125,0
-103,-133,0
-109,-98,0
-101,-119,0
-119,-127,0
-132,-140,0
-138,-130,0
-109,-111,0
-131,-98,0
-109,-118,0
-107,-121,0
-108,-141,0
-103,-114,0
-110,-107,0
-108,-125,0
-115,-129,0
-143,-129,0
-128,-127,0
-113,-115,0
-100,-117,0
-141,-110,0
-135,-112,0
-134,-136,0
-141,-120,0
-125,-106,0
-123,-143,0
-103,-104,0
-106,-124,0
-114,-109,0
-96,-114,0
-103,-104,0
-108,-130,0
-98,-122,0
-108,-115,0
-111,-107,0
-97,-120,0
-137,-125,0
-122,-134,0
-136,-110,0
-118,-108,0
-142,-128,0
-97,-122,0
-134,-106,0
-110,-123,0
-113,-139,0
-138,-122,0
-100,-122,0
-110,-120,0
-126,-131,0
-125,-134,0
-120,-97,0
-126,-105,0
-136,-110,0
-120,-102,0
-109,-125,0
-121,-138,0
-105,-108,0
-101,-105,0
-105,-139,0
-125,-134,0
-101,-118,0
-97,-118,0
-105,-108,0
-124,-102,0
-105,-111,0
-112,-121,0
-119,-122,0
-105,-138,0
-140,-130,0
-124,-115,0
-141,-110,0
-125,-130,0
-138,-103,0
-109,-133,0
-98,-128,0
-106,-138,0
-103,-134,0
-132,-126,0
-106,-120,0
-126,-119,0
-114,-112,0
-127,-138,0
-142,-108,0
-141,-107,0
-122,-130,0
-117,-139,0
-108,-105,0
-114,-99,0
-122,-131,0
-144,-127,0
-126,-108,0
-96,-116,0
-131,-115,0
-121,-137,0
-121,-101,0
-112,-129,0
-114,-142,0
-138,-130,0
-123,-127,0
-132,-137,0
-112,-113,0
-103,-133,0
-100,-124,0
-117,-109,0
-138,-110,0
-122,-105,0
-127,-134,0
-113,-136,0
-124,-138,0
-102,-118,0
-143,-115,0
-127,-101,0
-143,-128,0
-123,-129,0
-106,-116,0
-133,-125,0
-123,-108,0
-108,-104,0
-118,-129,0
-108,-120,0
-117,-142,0
-122,-110,0
-112,-123,0
-107,-101,0
-120,-132,0
-113,-123,0
-129,-105,0
-116,-137,0
-125,-110,0
-107,-135,0
-103,-135,0
-127,-133,0
-111,-115,0
-128,-106,0
-120,-143,0
-115,-137,0
-108,-121,0
-102,-129,0
-104,-108,0
-135,-122,0
-110,-121,0
-132,-123,0
-141,-131,0
-102,-108,0
-114,-123,0
-134,-103,0
-124,-110,0
-107,-109,0
-108,-107,0
-136,-117,0
-129,-102,0
-125,-109,0
-104,-113,0
-102,-135,0
-128,-114,0
-101,-113,0
-139,-131,0
-126,-126,0
-117,-139,0
-125,-139,0
-135,-130,0
-114,-126,0
-114,-117,0
-133,-115,0
-125,-137,0
-116,-138,0
-124,-129,0
-102,-108,0
-129,-107,0
-105,-123,0
-123,-135,0
-128,-104,0
-100,-130,0
-119,-124,0
-121,-128,0
-118,-137,0
-143,-125,0
-114,-136,0
-106,-111,0
-113,-126,0
-122,-120,0
-115,-103,0
-101,-117,0
-132,-103,0
-107,-135,0
