-132,99,1
-101,103,1
-108,108,1
-124,123,1
-99,94,1
-108,136,1
-110,133,1
-103,95,1
-93,103,1
-120,90,1
-118,131,1
-111,93,1
-129,121,1
-118,96,1
-95,99,1
-133,115,1
-114,98,1
-97,109,1
-125,121,1
-102,116,1
-115,111,1
-104,94,1
-107,113,1
-108,98,1
-110,117,1
-101,129,1
-97,121,1
-93,113,1
-127,114,1
-102,96,1
-126,120,1
-118,119,1
-104,94,1
-113,114,1
-114,138,1
-123,127,1
-105,119,1
-112,128,1
-126,92,1
-136,117,1
-109,123,1
-134,124,1
-97,118,1
-89,119,1
-100,97,1
-120,100,1
-111,118,1
-109,133,1
-131,99,1
-107,136,1
-104,118,1
-108,92,1
-112,132,1
-101,109,1
-123,133,1
-89,115,1
-133,127,1
-113,124,1
-102,115,1
-133,102,1
-128,107,1
-127,111,1
-125,115,1
-103,129,1
-107,94,1
-104,128,1
-117,102,1
-103,122,1
-103,126,1
-101,101,1
-115,99,1
-126,133,1
-116,135,1
-120,129,1
-103,120,1
-131,128,1
-124,100,1
-109,89,1
-108,126,1
-92,109,1
-109,129,1
-107,119,1
-91,108,1
-99,115,1
-130,118,1
-105,124,1
-133,125,1
-135,114,1
-108,108,1
-129,95,1
-113,107,1
-98,121,1
-91,113,1
-127,115,1
-119,119,1
-134,117,1
-135,125,1
-124,113,1
-107,94,1
-94,117,1
-112,133,1
-130,108,1
-118,109,1
-128,124,1
-110,135,1
-94,129,1
-110,129,1
-102,113,1
-98,108,1
-101,127,1
-115,128,1
-123,95,1
-97,124,1
-128,116,1
-118,91,1
-127,95,1
-98,127,1
-110,97,1
-117,116,1
-102,133,1
-130,102,1
-95,120,1
-130,113,1
-109,100,1
-135,111,1
-116,95,1
-108,125,1
-108,101,1
-98,130,1
-115,114,1
-98,106,1
-98,102,1
-124,110,1
-124,100,1
-107,137,1
-124,114,1
-112,104,1
-119,131,1
-95,115,1
-98,106,1
-102,94,1
-92,111,1
-92,124,1
-105,132,1
-97,131,1
-119,94,1
-98,128,1
-136,108,1
-114,106,1
-117,108,1
-108,94,1
-119,104,1
-93,123,1
-136,113,1
-104,112,1
-119,98,1
-109,109,1
-137,118,1
-101,126,1
-118,99,1
-122,101,1
-130,126,1
-118,128,1
-110,129,1
-119,115,1
-115,112,1
-118,106,1
-108,131,1
-118,105,1
-117,111,1
-109,112,1
-102,119,1
-121,111,1
-125,133,1
-108,135,1
-126,123,1
-117,97,1
-135,119,1
-126,104,1
-114,135,1
-128,127,1
-113,103,1
-96,123,1
-98,124,1
-97,127,1
-104,103,1
-111,103,1
-96,116,1
-113,102,1
-101,133,1
-110,126,1
-116,125,1
-132,101,1
-130,111,1
-115,135,1
-136,104,1
-92,110,1
-117,107,1
-114,111,1
-129,120,1
-117,113,1
-107,103,1
-109,104,1
-116,131,1
-109,132,1
-116,94,1
-97,126,1
-103,123,1
-133,117,1
-94,124,1
-113,103,1
-102,111,1
-132,122,1
-107,102,1
-115,94,1
-122,124,1
-131,113,1
-94,111,1
-114,136,1
-112,132,1
-102,122,1
-101,116,1
-128,100,1
-103,115,1
-109,115,1
-112,126,1
-128,124,1
-90,114,1
-122,90,1
-98,95,1
-101,122,1
-105,105,1
-107,129,1
-96,127,1
-118,93,1
-104,119,1
-137,111,1
-119,91,1
-112,138,1
-127,111,1
-125,134,1
-128,96,1
-119,136,1
-110,130,1
-127,104,1
-114,94,1
-122,96,1
-89,119,1
-90,105,1
-124,127,1
121,112,0
122,128,0
113,135,0
134,107,0
111,106,0
99,105,0
115,113,0
136,105,0
100,100,0
111,115,0
121,100,0
121,119,0
135,115,0
106,110,0
131,119,0
103,132,0
112,103,0
129,110,0
102,101,0
133,120,0
121,99,0
126,123,0
99,114,0
106,103,0
93,99,0
102,121,0
134,103,0
131,119,0
136,105,0
115,98,0
125,134,0
129,120,0
127,103,0
105,116,0
114,92,0
131,97,0
101,108,0
113,111,0
126,95,0
96,122,0
95,126,0
93,118,0
128,122,0
101,113,0
126,113,0
104,99,0
134,114,0
116,101,0
118,114,0
115,132,0
133,101,0
114,104,0
114,108,0
112,90,0
117,127,0
107,94,0
104,136,0
111,110,0
118,119,0
124,132,0
104,134,0
110,118,0
135,118,0
128,129,0
130,114,0
105,132,0
101,129,0
110,108,0
127,110,0
116,109,0
113,116,0
105,132,0
104,132,0
128,122,0
131,130,0
105,93,0
129,122,0
108,89,0
121,120,0
101,104,0
96,114,0
118,96,0
114,110,0
105,93,0
126,129,0
124,133,0
105,124,0
115,125,0
101,117,0
117,90,0
121,100,0
119,101,0
95,124,0
109,129,0
119,107,0
125,105,0
101,118,0
114,134,0
133,115,0
116,137,0
105,129,0
125,96,0
117,105,0
121,104,0
116,107,0
110,96,0
109,103,0
102,100,0
133,104,0
120,96,0
104,117,0
111,130,0
125,95,0
107,100,0
91,105,0
123,116,0
99,120,0
112,119,0
122,127,0
97,131,0
103,124,0
106,128,0
113,99,0
112,105,0
132,119,0
130,121,0
124,95,0
108,116,0
126,104,0
96,116,0
128,132,0
117,136,0
102,110,0
131,126,0
103,103,0
112,132,0
90,104,0
124,104,0
130,106,0
117,108,0
111,122,0
90,115,0
115,113,0
126,119,0
99,107,0
107,127,0
107,113,0
133,109,0
122,107,0
104,109,0
106,131,0
129,110,0
117,98,0
101,102,0
106,109,0
101,99,0
120,125,0
132,107,0
115,96,0
103,109,0
98,132,0
114,115,0
111,124,0
127,107,0
119,116,0
100,133,0
133,120,0
111,136,0
109,108,0
128,117,0
98,97,0
114,126,0
133,99,0
101,131,0
105,115,0
104,101,0
112,129,0
133,108,0
126,133,0
120,131,0
102,122,0
113,123,0
136,118,0
103,134,0
113,105,0
134,109,0
105,93,0
111,96,0
125,97,0
119,91,0
124,91,0
116,105,0
129,117,0
106,135,0
106,111,0
103,93,0
122,134,0
110,124,0
97,113,0
134,100,0
133,109,0
113,107,0
104,121,0
108,93,0
102,129,0
134,111,0
119,100,0
106,97,0
89,116,0
130,103,0
123,102,0
134,121,0
121,133,0
109,119,0
99,112,0
125,98,0
96,124,0
121,109,0
103,133,0
114,113,0
122,117,0
117,115,0
124,105,0
132,112,0
97,96,0
133,119,0
105,109,0
118,121,0
95,99,0
109,126,0
107,137,0
135,106,0
119,100,0
121,103,0
92,116,0
128,102,0
111,92,0
123,95,0
107,129,0
129,100,0
111,112,0
117,137,0
123,127,0
102,113,0
121,93,0
109,125,0
101,122,0
127,97,0
104,129,0
109,113,0
127,-126,1
124,-118,1
134,-123,1
129,-117,1
91,-109,1
108,-119,1
111,-111,1
109,-127,1
118,-128,1
135,-125,1
126,-104,1
106,-96,1
129,-115,1
125,-119,1
112,-113,1
123,-112,1
119,-102,1
112,-132,1
118,-133,1
114,-112,1
121,-128,1
117,-99,1
108,-92,1
103,-135,1
109,-116,1
116,-129,1
99,-122,1
115,-128,1
103,-118,1
123,-109,1
103,-105,1
104,-121,1
112,-109,1
100,-117,1
102,-102,1
103,-93,1
119,-99,1
119,-97,1
126,-128,1
94,-110,1
122,-131,1
123,-93,1
91,-111,1
100,-114,1
133,-98,1
95,-118,1
95,-128,1
106,-112,1
114,-136,1
92,-118,1
114,-113,1
102,-101,1
126,-93,1
119,-108,1
114,-118,1
110,-131,1
110,-129,1
129,-105,1
126,-94,1
126,-102,1
105,-127,1
117,-99,1
125,-99,1
126,-128,1
123,-114,1
119,-97,1
106,-131,1
119,-94,1
108,-103,1
110,-128,1
118,-137,1
129,-126,1
95,-97,1
111,-130,1
91,-123,1
118,-92,1
102,-116,1
123,-129,1
125,-116,1
125,-105,1
103,-133,1
132,-103,1
109,-130,1
106,-100,1
111,-107,1
114,-118,1
108,-123,1
116,-121,1
102,-111,1
116,-93,1
107,-108,1
92,-115,1
128,-112,1
96,-123,1
121,-103,1
105,-109,1
89,-119,1
120,-125,1
93,-117,1
127,-132,1
111,-91,1
122,-111,1
129,-105,1
123,-134,1
92,-108,1
118,-97,1
105,-95,1
135,-111,1
116,-132,1
120,-137,1
118,-123,1
99,-123,1
118,-116,1
89,-112,1
131,-110,1
106,-91,1
95,-114,1
110,-123,1
130,-116,1
125,-121,1
129,-109,1
111,-128,1
106,-125,1
130,-115,1
132,-107,1
100,-122,1
117,-110,1
125,-100,1
97,-107,1
126,-105,1
107,-99,1
106,-95,1
105,-115,1
115,-122,1
100,-129,1
119,-135,1
98,-114,1
126,-108,1
103,-130,1
110,-98,1
104,-116,1
126,-122,1
125,-96,1
97,-120,1
110,-91,1
108,-137,1
135,-106,1
130,-110,1
104,-93,1
90,-114,1
105,-107,1
119,-127,1
115,-122,1
95,-126,1
111,-102,1
110,-108,1
102,-127,1
95,-99,1
127,-123,1
109,-115,1
132,-104,1
127,-110,1
108,-102,1
129,-100,1
100,-109,1
121,-107,1
99,-117,1
118,-97,1
103,-116,1
95,-116,1
124,-124,1
123,-135,1
129,-127,1
96,-112,1
95,-97,1
113,-130,1
118,-120,1
99,-119,1
91,-124,1
128,-108,1
103,-93,1
97,-113,1
122,-129,1
112,-94,1
115,-98,1
119,-128,1
111,-111,1
100,-123,1
128,-116,1
106,-109,1
103,-121,1
115,-133,1
114,-133,1
118,-127,1
98,-118,1
94,-110,1
112,-110,1
114,-91,1
107,-126,1
121,-136,1
133,-128,1
119,-120,1
104,-94,1
120,-123,1
105,-103,1
129,-121,1
127,-128,1
124,-114,1
135,-104,1
117,-137,1
117,-96,1
121,-130,1
94,-99,1
118,-105,1
123,-120,1
119,-101,1
114,-113,1
117,-110,1
110,-127,1
114,-121,1
125,-127,1
89,-116,1
116,-103,1
126,-106,1
115,-127,1
132,-118,1
108,-131,1
105,-109,1
138,-115,1
136,-121,1
99,-107,1
117,-110,1
113,-114,1
107,-94,1
134,-108,1
107,-132,1
110,-102,1
124,-129,1
96,-112,1
132,-98,1
128,-110,1
103,-131,1
111,-132,1
101,-116,1
122,-110,1
100,-114,1
132,-105,1
99,-102,1
110,-108,1
120,-133,1
-111,-128,0
-111,-138,0
-104,-120,0
-126,-115,0
-125,-112,0
-103,-103,0
-99,-124,0
-123,-123,0
-108,-102,0
-137,-116,0
-101,-125,0
-135,-117,0
-131,-129,0
-112,-99,0
-125,-131,0
-132,-125,0
-116,-93,0
-124,-107,0
-96,-115,0
-108,-114,0
-131,-101,0
-108,-134,0
-129,-101,0
-102,-99,0
-134,-107,0
-103,-96,0
-103,-109,0
-134,-103,0
-133,-106,0
-110,-111,0
-126,-121,0
-93,-119,0
-119,-94,0
-117,-135,0
-118,-117,0
-133,-108,0
-115,-99,0
-90,-121,0
-97,-102,0
-111,-106,0
-112,-97,0
-114,-101,0
-135,-108,0
-115,-106,0
-120,-128,0
-128,-123,0
-121,-133,0
-92,-123,0
-126,-130,0
-108,-125,0
-109,-123,0
-99,-93,0
-130,-124,0
-101,-112,0
-117,-89,0
-96,-126,0
-114,-110,0
-98,-124,0
-120,-131,0
-102,-129,0
-119,-135,0
-123,-99,0
-114,-131,0
-114,-118,0
-119,-136,0
-100,-107,0
-109,-117,0
-126,-134,0
-94,-101,0
-100,-114,0
-116,-97,0
-132,-119,0
-123,-113,0
-108,-137,0
-105,-135,0
-113,-134,0
-133,-119,0
-111,-115,0
-108,-96,0
-128,-127,0
-128,-133,0
-118,-114,0
-117,-111,0
-98,-106,0
-108,-100,0
-97,-101,0
-122,-104,0
-93,-114,0
-102,-124,0
-126,-124,0
-117,-93,0
-127,-101,0
-114,-95,0
-119,-111,0
-112,-92,0
-89,-119,0
-133,-112,0
-107,-109,0
-106,-121,0
-116,-112,0
-113,-116,0
-115,-102,0
-110,-116,0
-123,-106,0
-122,-117,0
-129,-115,0
-127,-127,0
-116,-103,0
-135,-114,0
-115,-102,0
-126,-122,0
-133,-101,0
-107,-132,0
-116,-99,0
-121,-98,0
-120,-102,0
-117,-135,0
-95,-108,0
-94,-106,0
-111,-116,0
-95,-123,0
-95,-125,0
-111,-119,0
-112,-111,0
-113,-135,0
-99,-127,0
-130,-126,0
-130,-116,0
-112,-119,0
-117,-126,0
-91,-116,0
-115,-102,0
-104,-103,0
-113,-121,0
-116,-108,0
-117,-132,0
-107,-110,0
-125,-97,0
-129,-109,0
-132,-121,0
-112,-128,0
-106,-117,0
-93,-123,0
-97,-128,0
-101,-126,0
-105,-110,0
-117,-108,0
-92,-106,0
-90,-122,0
-127,-122,0
-123,-132,0
-121,-134,0
-109,-93,0
-133,-116,0
-112,-128,0
-109,-131,0
-101,-97,0
-99,-119,0
-136,-117,0
-90,-104,0
-95,-96,0
-115,-112,0
-116,-92,0
-125,-131,0
-112,-124,0
-89,-118,0
-91,-108,0
-101,-109,0
-108,-130,0
-106,-131,0
-100,-126,0
-119,-98,0
-125,-114,0
-97,-95,0
-129,-130,0
-125,-108,0
-109,-107,0
-95,-125,0
-126,-105,0
-117,-110,0
-100,-112,0
-117,-90,0
-100,-96,0
-124,-102,0
-94,-100,0
-102,-105,0
-106,-93,0
-121,-105,0
-108,-118,0
-115,-117,0
-105,-120,0
-103,-97,0
-102,-102,0
-128,-112,0
-99,-128,0
-122,-107,0
-125,-117,0
-118,-131,0
-133,-99,0
-115,-102,0
-106,-123,0
-117,-134,0
-112,-103,0
-101,-93,0
-132,-101,0
-96,-105,0
-112,-91,0
-117,-120,0
-108,-100,0
-132,-109,0
-104,-102,0
-92,-118,0
-119,-99,0
-92,-100,0
-114,-128,0
-109,-90,0
-99,-115,0
-131,-97,0
-118,-97,0
-118,-102,0
-100,-124,0
-113,-116,0
-114,-114,0
-112,-103,0
-131,-129,0
-95,-112,0
-96,-118,0
-130,-125,0
-102,-119,0
-106,-123,0
-128,-113,0
-109,-123,0
-130,-129,0
-99,-126,0
-116,-129,0
-97,-102,0
-122,-91,0
-92,-122,0
-103,-122,0
-135,-104,0
-99,-128,0
-125,-98,0
-128,-100,0
-101,-133,0
-123,-119,0
-98,-105,0
-102,-130,0
-123,-109,0
-119,-109,0
-125,-135,0
