-107,136,1
-112,95,1
-92,102,1
-104,100,1
-110,115,1
-105,105,1
-109,120,1
-103,125,1
-102,93,1
-115,118,1
-131,116,1
-96,101,1
-136,111,1
-124,94,1
-95,101,1
-105,125,1
-107,113,1
-100,102,1
-134,118,1
-109,114,1
-114,110,1
-115,117,1
-110,105,1
-124,95,1
-133,123,1
-116,94,1
-106,131,1
-132,118,1
-99,104,1
-95,120,1
-90,107,1
-127,110,1
-129,106,1
-127,110,1
-127,117,1
-121,116,1
-130,121,1
-118,127,1
-96,117,1
-129,104,1
-126,114,1
-132,111,1
-130,112,1
-100,103,1
-122,115,1
-118,123,1
-98,133,1
-114,114,1
-129,118,1
-114,114,1
-134,106,1
-102,134,1
-106,132,1
-92,107,1
-123,106,1
-93,107,1
-128,123,1
-136,117,1
-104,132,1
-105,134,1
-103,123,1
-102,120,1
-100,113,1
-135,122,1
-101,122,1
-99,133,1
-99,127,1
-126,134,1
-133,113,1
-114,127,1
-97,115,1
-133,126,1
-101,94,1
-115,110,1
-125,94,1
-132,109,1
-116,128,1
-120,115,1
-106,127,1
-109,136,1
-96,130,1
-102,105,1
-106,128,1
-95,104,1
-106,130,1
-114,132,1
-126,116,1
-110,101,1
-109,98,1
-134,124,1
-135,125,1
-109,125,1
-119,132,1
-103,97,1
-109,116,1
-89,109,1
-127,131,1
-137,113,1
-97,113,1
-114,117,1
-124,122,1
-128,132,1
-121,113,1
-108,111,1
-120,107,1
-130,116,1
-91,118,1
-119,135,1
-99,107,1
-107,89,1
-90,116,1
-123,125,1
-106,115,1
-93,105,1
-102,126,1
-94,99,1
-111,117,1
-127,106,1
-125,115,1
-136,112,1
-119,124,1
-113,120,1
-118,97,1
-113,93,1
-110,112,1
-94,99,1
-93,118,1
-116,134,1
-96,99,1
-116,110,1
-130,96,1
-97,125,1
-123,130,1
-118,136,1
-98,98,1
-118,136,1
-124,125,1
-111,117,1
-96,105,1
-133,116,1
-111,129,1
-92,122,1
-100,129,1
-130,115,1
-92,124,1
-111,106,1
-110,101,1
-128,129,1
-123,116,1
-118,99,1
-103,117,1
-123,113,1
-113,123,1
-106,133,1
-108,94,1
-104,113,1
-127,104,1
-116,106,1
-123,133,1
-106,120,1
-123,92,1
-129,125,1
-90,110,1
-131,128,1
-118,106,1
-114,98,1
-112,123,1
-115,122,1
-126,133,1
-115,118,1
-110,137,1
-109,118,1
-99,110,1
-94,98,1
-113,112,1
-134,104,1
-121,107,1
-117,113,1
-106,107,1
-109,119,1
-125,121,1
-131,104,1
-93,117,1
-124,117,1
-97,132,1
-90,120,1
-105,95,1
-121,123,1
-117,121,1
-125,127,1
-112,117,1
-111,124,1
-103,92,1
-94,109,1
-96,131,1
-103,133,1
-118,99,1
-104,119,1
-119,108,1
-112,129,1
-134,122,1
-131,108,1
-137,107,1
-106,99,1
-125,96,1
-94,98,1
-115,106,1
-127,129,1
-104,106,1
-115,98,1
-111,100,1
-119,112,1
-125,126,1
-99,129,1
-102,130,1
-125,134,1
-127,96,1
-115,137,1
-123,106,1
-111,121,1
-106,135,1
-95,111,1
-116,133,1
-103,120,1
-117,95,1
-105,126,1
-102,130,1
-101,133,1
-118,98,1
-117,105,1
-116,127,1
-129,104,1
-118,117,1
-111,134,1
-95,103,1
-120,125,1
-97,110,1
-128,114,1
-120,120,1
-109,103,1
-114,115,1
-106,116,1
-110,104,1
-103,92,1
-131,123,1
-107,99,1
-91,113,1
-127,109,1
-125,118,1
-104,109,1
118,122,0
102,114,0
96,110,0
101,133,0
112,133,0
104,105,0
100,112,0
109,136,0
132,116,0
122,118,0
114,98,0
130,103,0
89,110,0
90,117,0
127,126,0
124,124,0
94,117,0
132,107,0
128,114,0
98,102,0
92,126,0
108,100,0
134,114,0
106,131,0
125,92,0
128,98,0
120,126,0
124,114,0
122,117,0
100,130,0
96,109,0
132,115,0
121,126,0
98,116,0
125,100,0
104,113,0
121,99,0
109,96,0
93,101,0
126,95,0
120,126,0
125,123,0
105,104,0
123,113,0
111,132,0
116,99,0
114,110,0
96,109,0
119,130,0
95,111,0
110,89,0
125,113,0
93,120,0
113,130,0
129,126,0
114,104,0
122,136,0
111,126,0
90,107,0
122,99,0
103,125,0
126,100,0
107,89,0
104,129,0
122,109,0
119,110,0
103,123,0
89,115,0
124,124,0
136,107,0
95,105,0
91,108,0
118,95,0
106,121,0
135,118,0
134,103,0
126,124,0
118,104,0
112,127,0
115,122,0
95,119,0
114,126,0
101,104,0
103,123,0
102,99,0
101,128,0
122,94,0
102,100,0
124,106,0
105,134,0
108,97,0
123,115,0
128,111,0
101,123,0
108,112,0
95,99,0
109,106,0
92,125,0
133,109,0
99,124,0
138,114,0
107,102,0
112,114,0
111,110,0
103,120,0
121,117,0
92,113,0
108,117,0
112,116,0
100,118,0
101,128,0
106,110,0
133,106,0
119,103,0
131,110,0
102,97,0
122,133,0
118,108,0
104,125,0
112,135,0
107,129,0
132,127,0
126,130,0
100,132,0
132,126,0
128,94,0
116,115,0
127,103,0
89,117,0
118,111,0
115,112,0
109,91,0
138,111,0
99,129,0
121,113,0
103,104,0
113,95,0
123,134,0
126,131,0
103,125,0
99,125,0
104,130,0
93,120,0
104,126,0
95,119,0
90,109,0
130,100,0
96,109,0
102,98,0
107,117,0
124,116,0
107,90,0
114,131,0
105,111,0
94,115,0
125,108,0
124,134,0
108,128,0
130,121,0
98,126,0
98,96,0
99,117,0
97,117,0
129,119,0
104,109,0
120,100,0
104,92,0
106,98,0
123,100,0
99,97,0
133,98,0
115,105,0
96,100,0
125,107,0
122,92,0
97,103,0
112,112,0
99,113,0
123,130,0
103,99,0
117,98,0
131,128,0
126,126,0
115,129,0
95,110,0
120,100,0
101,98,0
131,120,0
100,124,0
91,104,0
130,128,0
125,117,0
130,95,0
117,107,0
96,130,0
133,117,0
127,120,0
129,106,0
103,97,0
114,95,0
121,104,0
132,99,0
120,132,0
130,122,0
122,98,0
109,111,0
116,119,0
97,124,0
100,123,0
118,91,0
128,98,0
125,131,0
101,117,0
126,101,0
114,133,0
117,136,0
123,117,0
117,115,0
112,132,0
126,93,0
101,119,0
105,102,0
90,109,0
108,124,0
122,95,0
100,112,0
129,117,0
123,122,0
92,100,0
126,130,0
115,131,0
136,111,0
128,103,0
108,93,0
125,121,0
113,137,0
108,127,0
96,121,0
118,103,0
108,109,0
102,119,0
122,119,0
121,122,0
135,110,0
126,120,0
130,109,0
134,125,0
132,122,0
98,122,0
106,91,0
121,-128,1
112,-93,1
93,-116,1
108,-107,1
108,-120,1
113,-132,1
118,-109,1
90,-120,1
114,-133,1
96,-113,1
114,-113,1
97,-96,1
121,-134,1
127,-116,1
121,-121,1
126,-131,1
113,-120,1
109,-90,1
108,-131,1
110,-116,1
104,-90,1
117,-100,1
128,-104,1
137,-120,1
91,-122,1
116,-90,1
105,-103,1
118,-111,1
120,-125,1
111,-113,1
115,-128,1
98,-106,1
123,-103,1
125,-123,1
91,-109,1
121,-125,1
95,-112,1
95,-105,1
109,-92,1
99,-124,1
110,-131,1
128,-95,1
121,-112,1
93,-100,1
119,-104,1
97,-107,1
105,-96,1
132,-108,1
127,-129,1
112,-118,1
119,-92,1
107,-136,1
108,-115,1
94,-114,1
95,-118,1
106,-124,1
100,-99,1
110,-104,1
98,-115,1
129,-105,1
106,-90,1
97,-112,1
135,-115,1
96,-109,1
126,-92,1
121,-117,1
104,-93,1
111,-114,1
89,-119,1
126,-133,1
106,-127,1
102,-93,1
96,-109,1
130,-130,1
101,-98,1
131,-120,1
98,-94,1
114,-95,1
109,-121,1
127,-106,1
114,-120,1
113,-123,1
135,-107,1
104,-92,1
129,-102,1
117,-128,1
102,-119,1
124,-123,1
110,-112,1
99,-99,1
108,-107,1
121,-130,1
91,-112,1
101,-128,1
120,-113,1
107,-112,1
117,-136,1
124,-100,1
118,-100,1
104,-106,1
113,-129,1
128,-117,1
126,-126,1
116,-89,1
118,-103,1
101,-115,1
137,-107,1
102,-132,1
98,-107,1
124,-100,1
130,-115,1
104,-133,1
101,-125,1
108,-119,1
124,-106,1
89,-118,1
110,-96,1
128,-125,1
136,-123,1
130,-105,1
133,-102,1
95,-122,1
125,-131,1
113,-92,1
131,-96,1
118,-99,1
90,-120,1
112,-106,1
113,-135,1
98,-97,1
106,-96,1
104,-122,1
105,-132,1
124,-102,1
109,-135,1
118,-92,1
130,-121,1
111,-104,1
106,-116,1
106,-102,1
118,-133,1
117,-129,1
102,-123,1
115,-105,1
128,-120,1
97,-95,1
98,-130,1
109,-103,1
100,-124,1
101,-132,1
89,-118,1
130,-101,1
122,-111,1
137,-107,1
122,-99,1
95,-105,1
116,-125,1
99,-121,1
115,-136,1
129,-120,1
116,-107,1
102,-99,1
132,-101,1
131,-117,1
102,-107,1
128,-122,1
131,-126,1
104,-106,1
97,-112,1
131,-122,1
106,-103,1
113,-121,1
97,-108,1
95,-130,1
129,-118,1
128,-100,1
119,-114,1
128,-130,1
120,-111,1
104,-118,1
93,-126,1
91,-113,1
116,-90,1
117,-119,1
109,-127,1
100,-132,1
100,-115,1
126,-133,1
108,-101,1
99,-126,1
119,-129,1
111,-91,1
101,-101,1
113,-124,1
123,-106,1
130,-117,1
104,-105,1
96,-116,1
107,-132,1
124,-118,1
125,-97,1
135,-123,1
108,-136,1
97,-132,1
118,-94,1
94,-120,1
127,-130,1
116,-113,1
129,-132,1
103,-108,1
94,-107,1
110,-102,1
100,-110,1
110,-131,1
105,-125,1
104,-92,1
121,-96,1
121,-134,1
117,-108,1
95,-114,1
96,-104,1
115,-122,1
137,-108,1
97,-98,1
112,-119,1
117,-112,1
124,-100,1
131,-127,1
130,-97,1
95,-100,1
115,-131,1
90,-104,1
105,-121,1
107,-134,1
110,-93,1
128,-113,1
110,-123,1
131,-99,1
111,-92,1
124,-91,1
94,-122,1
100,-102,1
104,-131,1
124,-127,1
125,-101,1
110,-112,1
106,-111,1
94,-106,1
90,-110,1
111,-123,1
-109,-97,0
-116,-119,0
-90,-118,0
-105,-123,0
-118,-136,0
-92,-105,0
-117,-125,0
-101,-134,0
-110,-129,0
-135,-116,0
-109,-119,0
-98,-121,0
-118,-98,0
-122,-129,0
-129,-104,0
-99,-118,0
-116,-137,0
-107,-121,0
-109,-111,0
-127,-128,0
-104,-93,0
-116,-104,0
-126,-93,0
-114,-96,0
-137,-106,0
-127,-121,0
-112,-109,0
-98,-111,0
-102,-132,0
-102,-116,0
-117,-136,0
-115,-91,0
-101,-102,0
-107,-92,0
-104,-128,0
-113,-130,0
-121,-130,0
-114,-123,0
-128,-97,0
-133,-107,0
-111,-117,0
-106,-117,0
-126,-98,0
-91,-111,0
-97,-108,0
-114,-107,0
-94,-100,0
-103,-107,0
-123,-122,0
-99,-109,0
-93,-112,0
-114,-127,0
-133,-118,0
-115,-111,0
-108,-102,0
-118,-102,0
-133,-116,0
-90,-113,0
-126,-93,0
-117,-132,0
-121,-91,0
-112,-90,0
-131,-118,0
-113,-109,0
-97,-130,0
-104,-106,0
-116,-120,0
-119,-111,0
-119,-113,0
-136,-121,0
-125,-111,0
-94,-104,0
-105,-112,0
-98,-95,0
-117,-105,0
-119,-111,0
-97,-98,0
-112,-113,0
-116,-136,0
-92,-125,0
-99,-99,0
-102,-110,0
-102,-112,0
-122,-120,0
-122,-124,0
-104,-123,0
-92,-121,0
-137,-119,0
-107,-113,0
-121,-98,0
-121,-98,0
-89,-111,0
-104,-100,0
-135,-103,0
-112,-103,0
-129,-109,0
-96,-110,0
-109,-104,0
-108,-129,0
-99,-108,0
-107,-110,0
-120,-93,0
-122,-127,0
-105,-116,0
-118,-122,0
-132,-129,0
-131,-106,0
-127,-133,0
-128,-102,0
-112,-132,0
-103,-132,0
-95,-104,0
-125,-128,0
-119,-100,0
-118,-115,0
-125,-107,0
-101,-99,0
-101,-131,0
-94,-108,0
-112,-110,0
-133,-98,0
-101,-128,0
-119,-122,0
-114,-127,0
-105,-94,0
-98,-104,0
-121,-110,0
-122,-119,0
-117,-121,0
-124,-102,0
-101,-110,0
-124,-115,0
-118,-90,0
-96,-119,0
-99,-102,0
-120,-93,0
-120,-123,0
-122,-116,0
-104,-127,0
-119,-129,0
-119,-131,0
-103,-131,0
-126,-123,0
-120,-116,0
-115,-107,0
-121,-98,0
-120,-103,0
-117,-133,0
-114,-114,0
-116,-105,0
-117,-106,0
-132,-126,0
-110,-111,0
-97,-123,0
-104,-122,0
-125,-99,0
-125,-100,0
-131,-102,0
-106,-102,0
-108,-132,0
-114,-133,0
-94,-114,0
-95,-126,0
-110,-93,0
-129,-106,0
-107,-107,0
-118,-135,0
-138,-115,0
-121,-128,0
-123,-118,0
-114,-126,0
-120,-101,0
-111,-93,0
-135,-118,0
-113,-96,0
-117,-118,0
-101,-96,0
-118,-113,0
-117,-110,0
-129,-127,0
-116,-105,0
-97,-109,0
-124,-127,0
-115,-95,0
-111,-108,0
-129,-118,0
-99,-112,0
-116,-91,0
-110,-93,0
-115,-108,0
-124,-109,0
-118,-126,0
-98,-94,0
-99,-105,0
-112,-100,0
-135,-122,0
-108,-103,0
-129,-110,0
-125,-132,0
-102,-105,0
-123,-121,0
-103,-126,0
-127,-125,0
-130,-109,0
-123,-106,0
-95,-127,0
-113,-127,0
-133,-109,0
-109,-111,0
-132,-119,0
-109,-123,0
-108,-115,0
-108,-112,0
-114,-127,0
-136,-108,0
-95,-110,0
-114,-110,0
-110,-93,0
-97,-117,0
-102,-91,0
-118,-91,0
-115,-123,0
-98,-122,0
-102,-121,0
-131,-105,0
-125,-103,0
-130,-103,0
-116,-97,0
-124,-96,0
-110,-109,0
-105,-129,0
-103,-127,0
-105,-94,0
-131,-99,0
-114,-99,0
-101,-111,0
-132,-123,0
-95,-101,0
-111,-121,0
-97,-129,0
-130,-105,0
-115,-100,0
-94,-110,0
-128,-133,0
-99,-130,0
-113,-117,0
-115,-134,0
-120,-127,0
-113,-91,0
-119,-98,0
