-105,106,1
-85,103,1
-108,130,1
-121,87,1
-87,93,1
-103,95,1
-111,93,1
-120,126,1
-106,109,1
-110,123,1
-116,104,1
-116,114,1
-116,93,1
-122,91,1
-112,124,1
-100,128,1
-108,96,1
-110,124,1
-109,119,1
-91,101,1
-96,84,1
-88,119,1
-100,127,1
-124,110,1
-86,117,1
-118,112,1
-93,94,1
-90,119,1
-94,96,1
-125,102,1
-99,103,1
-99,84,1
-111,130,1
-117,91,1
-119,101,1
-109,113,1
-106,91,1
-90,102,1
-98,87,1
-105,97,1
-87,115,1
-112,104,1
-104,93,1
-101,121,1
-94,109,1
-101,87,1
-112,98,1
-104,123,1
-107,117,1
-86,111,1
-104,126,1
-130,102,1
-90,116,1
-88,94,1
-97,86,1
-112,82,1
-107,114,1
-101,107,1
-126,94,1
-118,103,1
-101,102,1
-104,105,1
-112,113,1
-116,100,1
-98,92,1
-119,117,1
-123,91,1
-125,97,1
-103,101,1
-87,109,1
-107,108,1
-109,109,1
-86,92,1
-126,98,1
-102,86,1
-88,101,1
-90,125,1
-106,108,1
-124,120,1
-120,109,1
-87,106,1
-102,109,1
-112,105,1
-105,123,1
-123,100,1
-102,82,1
-90,105,1
-92,94,1
-130,99,1
-128,101,1
-95,87,1
-86,94,1
-88,90,1
-114,126,1
-111,100,1
-94,126,1
-107,87,1
-85,93,1
-106,94,1
-129,102,1
-92,125,1
-114,100,1
-86,98,1
-118,114,1
-107,92,1
-85,110,1
-88,104,1
-95,110,1
-107,114,1
-108,95,1
-115,105,1
-117,112,1
-116,111,1
-88,122,1
-93,93,1
-90,93,1
-114,86,1
-98,94,1
-126,103,1
-106,83,1
-93,126,1
-102,111,1
-105,98,1
-116,92,1
-128,95,1
-124,104,1
-97,114,1
-96,126,1
-100,122,1
-94,108,1
-128,118,1
-122,94,1
-128,115,1
-111,116,1
-114,104,1
-127,103,1
-107,111,1
-121,119,1
-95,116,1
-98,109,1
-95,116,1
-102,104,1
-95,110,1
-120,110,1
-122,111,1
-96,90,1
-109,93,1
-100,117,1
-113,104,1
-129,99,1
-109,102,1
-116,107,1
-127,118,1
-108,114,1
-119,119,1
-128,102,1
-99,101,1
-97,120,1
-129,110,1
-119,98,1
-88,91,1
-114,91,1
-116,129,1
-112,85,1
-109,125,1
-98,118,1
-97,105,1
-119,98,1
-119,100,1
-87,105,1
-116,101,1
-113,109,1
-118,111,1
-109,90,1
-114,90,1
-101,126,1
-116,119,1
-100,120,1
-110,90,1
-99,117,1
-92,89,1
-93,125,1
-97,125,1
-118,107,1
-123,117,1
-127,117,1
-96,114,1
-107,83,1
-107,131,1
-107,108,1
-113,119,1
-120,118,1
-96,105,1
-110,82,1
-100,111,1
-110,105,1
-126,112,1
-96,125,1
-87,112,1
-90,115,1
-125,120,1
-108,107,1
-99,113,1
-106,111,1
-110,92,1
-102,111,1
-125,97,1
-111,86,1
-100,113,1
-99,94,1
-98,87,1
-102,112,1
-125,113,1
-127,98,1
-110,88,1
-109,123,1
-106,125,1
-88,119,1
-122,115,1
-94,116,1
-110,109,1
-118,121,1
-88,106,1
-114,94,1
-105,106,1
-96,123,1
-102,91,1
-92,101,1
-101,124,1
-97,99,1
-103,89,1
-114,115,1
-125,109,1
-109,82,1
-104,118,1
-94,94,1
-94,107,1
-117,95,1
-99,109,1
-99,127,1
-100,125,1
-86,99,1
-101,110,1
-99,104,1
-96,102,1
-82,103,1
-84,98,1
-115,105,1
-103,91,1
-100,108,1
104,117,0
128,118,0
125,92,0
98,105,0
104,83,0
97,91,0
115,127,0
89,124,0
99,118,0
99,83,0
126,116,0
111,101,0
89,99,0
127,118,0
110,113,0
105,100,0
127,104,0
100,122,0
109,105,0
108,107,0
112,121,0
110,86,0
87,116,0
126,114,0
126,115,0
83,106,0
82,107,0
91,113,0
104,109,0
120,108,0
117,113,0
90,124,0
90,104,0
101,99,0
101,126,0
101,112,0
97,105,0
95,95,0
119,105,0
108,115,0
102,96,0
109,87,0
127,110,0
121,96,0
88,92,0
99,126,0
121,100,0
99,83,0
86,109,0
127,116,0
97,99,0
105,113,0
97,86,0
117,106,0
93,124,0
83,108,0
117,84,0
110,100,0
111,116,0
92,121,0
103,90,0
94,108,0
121,98,0
107,85,0
90,99,0
116,117,0
107,113,0
92,126,0
82,106,0
116,126,0
107,99,0
114,91,0
93,86,0
108,97,0
109,123,0
109,119,0
90,90,0
114,105,0
124,118,0
113,92,0
104,101,0
111,89,0
103,109,0
82,101,0
106,97,0
88,96,0
85,94,0
116,90,0
91,120,0
97,119,0
114,108,0
94,124,0
107,128,0
110,90,0
98,98,0
125,120,0
115,93,0
113,117,0
123,108,0
110,100,0
107,118,0
124,97,0
86,92,0
87,114,0
121,100,0
128,102,0
112,83,0
103,126,0
126,105,0
97,107,0
112,84,0
93,109,0
97,99,0
98,98,0
96,92,0
125,122,0
120,89,0
122,115,0
102,129,0
109,118,0
107,117,0
107,116,0
86,93,0
123,105,0
114,98,0
113,106,0
115,125,0
131,105,0
95,99,0
128,106,0
102,126,0
127,99,0
88,111,0
83,109,0
115,104,0
102,118,0
86,111,0
119,108,0
98,106,0
100,95,0
123,105,0
120,94,0
83,97,0
88,118,0
128,108,0
93,94,0
94,116,0
93,99,0
119,104,0
86,96,0
118,111,0
117,100,0
125,95,0
105,126,0
115,103,0
121,100,0
102,126,0
105,112,0
106,87,0
113,114,0
107,118,0
91,100,0
88,101,0
86,120,0
125,104,0
92,111,0
109,97,0
101,113,0
85,103,0
117,121,0
105,92,0
123,108,0
113,110,0
92,89,0
127,117,0
112,123,0
84,112,0
100,126,0
126,98,0
110,112,0
86,119,0
101,124,0
101,101,0
115,102,0
88,117,0
94,93,0
106,117,0
124,117,0
126,114,0
121,108,0
103,118,0
102,126,0
95,107,0
128,110,0
104,95,0
119,123,0
100,130,0
101,82,0
94,111,0
89,107,0
117,91,0
117,105,0
99,88,0
109,83,0
123,100,0
102,85,0
124,116,0
100,108,0
84,112,0
109,102,0
96,106,0
106,88,0
110,96,0
94,124,0
125,117,0
95,121,0
113,105,0
116,100,0
112,85,0
105,120,0
126,121,0
113,88,0
126,117,0
83,104,0
85,110,0
94,111,0
93,96,0
124,100,0
103,120,0
91,114,0
111,118,0
120,100,0
96,106,0
95,121,0
118,122,0
89,121,0
112,83,0
112,95,0
94,90,0
108,118,0
95,88,0
103,107,0
110,99,0
117,120,0
102,121,0
105,111,0
98,100,0
114,89,0
105,87,0
88,120,0
96,-107,1
101,-100,1
87,-119,1
107,-110,1
125,-115,1
98,-105,1
102,-129,1
93,-97,1
97,-93,1
100,-93,1
118,-113,1
88,-95,1
104,-110,1
95,-84,1
105,-94,1
94,-110,1
87,-98,1
91,-98,1
99,-117,1
125,-99,1
113,-108,1
111,-92,1
114,-95,1
98,-110,1
119,-90,1
127,-107,1
120,-119,1
96,-95,1
88,-97,1
108,-88,1
118,-107,1
107,-85,1
84,-96,1
114,-106,1
126,-98,1
101,-110,1
103,-114,1
112,-101,1
112,-112,1
100,-91,1
91,-93,1
105,-119,1
93,-86,1
119,-109,1
117,-88,1
100,-123,1
129,-104,1
114,-111,1
95,-100,1
86,-119,1
124,-96,1
102,-106,1
114,-115,1
127,-93,1
112,-127,1
90,-116,1
113,-86,1
112,-129,1
97,-87,1
105,-93,1
96,-92,1
130,-110,1
103,-86,1
101,-117,1
83,-115,1
107,-100,1
102,-87,1
115,-96,1
87,-106,1
118,-93,1
101,-107,1
90,-103,1
129,-110,1
113,-100,1
88,-119,1
116,-84,1
117,-94,1
95,-99,1
128,-112,1
121,-116,1
126,-92,1
123,-109,1
98,-118,1
90,-123,1
108,-115,1
116,-84,1
97,-107,1
123,-91,1
101,-125,1
111,-101,1
108,-96,1
111,-124,1
87,-118,1
88,-122,1
117,-94,1
108,-83,1
105,-115,1
128,-101,1
122,-117,1
100,-84,1
113,-113,1
125,-116,1
95,-115,1
84,-98,1
97,-104,1
104,-108,1
88,-121,1
125,-93,1
95,-109,1
87,-110,1
87,-121,1
91,-102,1
101,-99,1
100,-128,1
127,-104,1
112,-129,1
90,-93,1
106,-104,1
101,-92,1
108,-100,1
102,-121,1
106,-121,1
96,-99,1
119,-120,1
123,-114,1
92,-114,1
114,-125,1
113,-97,1
84,-102,1
118,-122,1
84,-100,1
113,-118,1
121,-95,1
116,-98,1
95,-96,1
85,-111,1
115,-113,1
92,-110,1
121,-113,1
93,-107,1
111,-92,1
120,-91,1
124,-98,1
108,-102,1
106,-106,1
98,-98,1
117,-106,1
126,-119,1
93,-92,1
100,-125,1
125,-119,1
83,-99,1
111,-127,1
125,-92,1
91,-111,1
109,-101,1
90,-113,1
124,-93,1
91,-101,1
102,-114,1
107,-94,1
118,-90,1
100,-99,1
107,-107,1
121,-120,1
117,-110,1
109,-119,1
103,-110,1
103,-98,1
103,-99,1
98,-113,1
126,-105,1
110,-97,1
112,-120,1
93,-120,1
89,-112,1
108,-89,1
87,-101,1
100,-100,1
83,-108,1
102,-123,1
95,-113,1
100,-125,1
91,-118,1
120,-99,1
123,-111,1
92,-99,1
109,-117,1
97,-120,1
97,-99,1
122,-93,1
88,-122,1
119,-93,1
113,-117,1
104,-110,1
92,-101,1
128,-112,1
90,-125,1
107,-114,1
85,-102,1
107,-105,1
105,-128,1
123,-124,1
101,-105,1
109,-90,1
83,-104,1
87,-116,1
106,-101,1
96,-105,1
126,-121,1
115,-96,1
114,-105,1
99,-119,1
124,-103,1
95,-112,1
125,-91,1
123,-119,1
116,-127,1
129,-113,1
113,-123,1
106,-86,1
115,-98,1
116,-106,1
88,-117,1
111,-124,1
119,-90,1
91,-107,1
121,-92,1
91,-124,1
93,-89,1
82,-104,1
125,-96,1
85,-97,1
111,-105,1
124,-113,1
114,-102,1
98,-88,1
89,-110,1
114,-127,1
102,-103,1
113,-128,1
93,-120,1
92,-99,1
111,-91,1
127,-116,1
112,-112,1
119,-96,1
92,-123,1
127,-104,1
111,-109,1
-102,-96,0
-93,-90,0
-90,-98,0
-101,-124,0
-97,-117,0
-85,-94,0
-117,-89,0
-98,-94,0
-106,-84,0
-92,-92,0
-111,-92,0
-106,-98,0
-87,-109,0
-95,-106,0
-95,-118,0
-119,-108,0
-83,-105,0
-98,-98,0
-107,-110,0
-95,-100,0
-112,-86,0
-82,-103,0
-102,-126,0
-107,-108,0
-95,-119,0
-112,-126,0
-101,-114,0
-96,-99,0
-87,-116,0
-121,-102,0
-114,-101,0
-83,-98,0
-126,-94,0
-108,-95,0
-84,-115,0
-86,-97,0
-93,-111,0
-117,-112,0
-106,-87,0
-102,-83,0
-123,-96,0
-120,-108,0
-99,-113,0
-92,-93,0
-94,-90,0
-121,-95,0
-106,-121,0
-127,-118,0
-111,-105,0
-94,-127,0
-97,-111,0
-96,-98,0
-100,-93,0
-88,-114,0
-110,-126,0
-116,-99,0
-130,-102,0
-103,-97,0
-113,-126,0
-109,-103,0
-116,-120,0
-102,-113,0
-104,-88,0
-94,-117,0
-89,-103,0
-83,-111,0
-88,-119,0
-129,-107,0
-88,-117,0
-127,-95,0
-128,-117,0
-102,-127,0
-123,-108,0
-107,-103,0
-84,-103,0
-86,-103,0
-105,-82,0
-106,-102,0
-91,-94,0
-119,-122,0
-98,-95,0
-90,-98,0
-88,-96,0
-114,-117,0
-102,-115,0
-91,-111,0
-120,-124,0
-92,-98,0
-88,-107,0
-102,-84,0
-92,-103,0
-114,-129,0
-113,-83,0
-107,-87,0
-103,-100,0
-87,-104,0
-113,-106,0
-121,-93,0
-118,-118,0
-120,-109,0
-97,-116,0
-95,-111,0
-121,-107,0
-85,-111,0
-127,-109,0
-85,-114,0
-126,-96,0
-98,-83,0
-121,-88,0
-103,-99,0
-120,-97,0
-126,-109,0
-124,-102,0
-91,-95,0
-106,-103,0
-108,-117,0
-105,-85,0
-93,-116,0
-112,-96,0
-96,-88,0
-109,-85,0
-104,-98,0
-112,-108,0
-86,-111,0
-107,-105,0
-128,-95,0
-100,-111,0
-116,-113,0
-108,-114,0
-111,-99,0
-117,-110,0
-127,-114,0
-95,-119,0
-95,-105,0
-88,-89,0
-92,-121,0
-111,-122,0
-89,-114,0
-114,-107,0
-94,-126,0
-129,-115,0
-117,-93,0
-124,-115,0
-105,-99,0
-118,-97,0
-112,-119,0
-125,-108,0
-116,-86,0
-119,-89,0
-104,-105,0
-125,-102,0
-129,-101,0
-118,-92,0
-89,-106,0
-130,-100,0
-83,-109,0
-94,-85,0
-101,-112,0
-101,-86,0
-109,-105,0
-127,-117,0
-89,-122,0
-87,-115,0
-112,-99,0
-104,-111,0
-121,-96,0
-121,-126,0
-92,-118,0
-102,-124,0
-101,-121,0
-98,-93,0
-116,-98,0
-84,-117,0
-89,-103,0
-85,-96,0
-106,-118,0
-95,-112,0
-102,-116,0
-122,-114,0
-120,-112,0
-118,-126,0
-107,-95,0
-107,-103,0
-109,-123,0
-99,-96,0
-116,-129,0
-102,-101,0
-123,-115,0
-92,-103,0
-127,-107,0
-95,-124,0
-102,-99,0
-103,-125,0
-117,-119,0
-119,-107,0
-113,-95,0
-112,-128,0
-107,-91,0
-86,-114,0
-123,-89,0
-101,-87,0
-92,-115,0
-120,-97,0
-82,-103,0
-118,-87,0
-120,-110,0
-130,-101,0
-106,-91,0
-108,-116,0
-98,-110,0
-122,-114,0
-104,-111,0
-129,-115,0
-120,-100,0
-107,-84,0
-102,-119,0
-102,-106,0
-88,-111,0
-91,-113,0
-114,-103,0
-95,-121,0
-98,-97,0
-95,-90,0
-128,-103,0
-104,-130,0
-91,-119,0
-92,-106,0
-105,-113,0
-116,-124,0
-115,-110,0
-88,-91,0
-121,-89,0
-114,-97,0
-99,-90,0
-98,-88,0
-107,-125,0
-83,-106,0
-105,-113,0
-93,-98,0
-111,-125,0
-105,-123,0
-108,-99,0
-125,-111,0
-107,-103,0
-114,-114,0
-87,-101,0
-111,-123,0
-130,-113,0
-126,-113,0
-111,-126,0
