-118,85,1
-128,102,1
-106,121,1
-111,89,1
-121,90,1
-98,97,1
-97,84,1
-126,115,1
-105,93,1
-114,127,1
-123,104,1
-123,97,1
-101,121,1
-109,92,1
-99,109,1
-86,93,1
-90,89,1
-107,85,1
-117,92,1
-122,124,1
-84,98,1
-110,119,1
-108,114,1
-83,97,1
-86,118,1
-101,125,1
-116,113,1
-95,97,1
-101,101,1
-97,92,1
-122,91,1
-103,102,1
-94,121,1
-101,92,1
-110,91,1
-104,130,1
-111,113,1
-116,115,1
-109,103,1
-111,105,1
-112,118,1
-126,98,1
-116,107,1
-105,128,1
-129,113,1
-119,112,1
-127,118,1
-101,123,1
-93,105,1
-87,102,1
-117,110,1
-96,116,1
-127,114,1
-112,109,1
-82,101,1
-101,93,1
-114,92,1
-112,121,1
-96,112,1
-126,116,1
-121,100,1
-106,127,1
-120,102,1
-90,123,1
-110,121,1
-118,107,1
-114,97,1
-112,99,1
-96,107,1
-121,122,1
-86,97,1
-106,94,1
-111,122,1
-107,112,1
-131,107,1
-109,118,1
-105,112,1
-113,113,1
-101,95,1
-113,101,1
-109,118,1
-110,124,1
-109,87,1
-99,84,1
-125,103,1
-123,117,1
-123,109,1
-91,107,1
-106,114,1
-83,109,1
-109,86,1
-115,119,1
-94,119,1
-99,108,1
-109,95,1
-96,95,1
-112,120,1
-106,100,1
-90,118,1
-92,119,1
-115,109,1
-110,124,1
-129,97,1
-84,117,1
-93,113,1
-95,122,1
-110,85,1
-118,104,1
-122,120,1
-111,128,1
-113,91,1
-95,100,1
-93,119,1
-84,96,1
-115,96,1
-93,116,1
-86,110,1
-104,88,1
-88,100,1
-130,108,1
-128,112,1
-109,106,1
-127,115,1
-124,115,1
-91,111,1
-118,119,1
-96,99,1
-106,95,1
-122,114,1
-115,101,1
-100,123,1
-113,128,1
-107,89,1
-129,100,1
-116,114,1
-99,127,1
-122,108,1
-102,127,1
-109,85,1
-107,105,1
-106,122,1
-105,98,1
-90,101,1
-98,124,1
-127,102,1
-124,90,1
-117,86,1
-104,105,1
-103,97,1
-109,94,1
-125,115,1
-86,102,1
-98,125,1
-110,120,1
-96,120,1
-93,116,1
-101,91,1
-113,98,1
-110,106,1
-123,116,1
-98,86,1
-100,106,1
-102,101,1
-104,103,1
-86,116,1
-106,116,1
-121,113,1
-94,105,1
-125,98,1
-127,114,1
-104,127,1
-108,123,1
-109,84,1
-101,124,1
-97,107,1
-116,117,1
-118,94,1
-92,121,1
-92,105,1
-120,94,1
-116,92,1
-82,111,1
-117,114,1
-128,112,1
-118,106,1
-112,94,1
-87,97,1
-104,84,1
-110,95,1
-110,122,1
-96,123,1
-108,107,1
-119,107,1
-126,91,1
-123,92,1
-113,96,1
-105,116,1
-84,109,1
-101,119,1
-112,97,1
-102,92,1
-106,124,1
-95,92,1
-84,99,1
-99,108,1
-118,114,1
-108,123,1
-107,99,1
-101,105,1
-110,120,1
-84,106,1
-121,112,1
-98,118,1
-90,104,1
-111,98,1
-98,98,1
-119,119,1
-99,92,1
-98,88,1
-127,108,1
-108,107,1
-86,97,1
-121,108,1
-92,110,1
-118,92,1
-108,126,1
-98,117,1
-96,118,1
-117,98,1
-122,124,1
-119,95,1
-123,122,1
-119,91,1
-116,118,1
-106,93,1
-104,98,1
-120,91,1
-112,84,1
-108,96,1
-99,114,1
-97,117,1
-89,117,1
-98,83,1
-89,106,1
-90,112,1
-119,120,1
-89,121,1
-101,97,1
-124,100,1
-122,96,1
97,96,0
96,94,0
123,100,0
103,108,0
125,99,0
123,119,0
85,97,0
103,123,0
97,116,0
99,97,0
100,130,0
127,108,0
107,121,0
93,93,0
99,107,0
87,93,0
112,95,0
85,116,0
82,108,0
100,110,0
118,95,0
99,114,0
86,120,0
110,92,0
98,126,0
118,91,0
94,117,0
85,113,0
95,114,0
113,87,0
103,109,0
119,105,0
108,125,0
86,103,0
126,121,0
123,119,0
106,95,0
120,120,0
129,100,0
97,116,0
124,93,0
114,119,0
107,120,0
113,103,0
91,119,0
121,126,0
107,125,0
100,123,0
112,121,0
123,91,0
100,108,0
107,119,0
84,95,0
100,106,0
120,124,0
117,110,0
105,89,0
85,114,0
104,104,0
118,98,0
103,97,0
88,91,0
84,103,0
105,82,0
109,116,0
98,102,0
99,103,0
98,126,0
97,98,0
110,112,0
84,110,0
99,99,0
116,86,0
86,95,0
112,127,0
95,128,0
90,120,0
114,96,0
93,113,0
125,122,0
120,121,0
102,94,0
109,114,0
104,94,0
108,85,0
111,107,0
86,103,0
115,110,0
122,98,0
122,125,0
114,109,0
109,128,0
102,84,0
112,123,0
110,93,0
91,119,0
104,122,0
119,94,0
92,112,0
92,92,0
102,117,0
104,129,0
117,101,0
89,101,0
97,104,0
100,110,0
103,102,0
90,103,0
126,111,0
107,122,0
106,131,0
122,90,0
104,95,0
103,86,0
128,97,0
113,124,0
113,105,0
123,89,0
85,99,0
88,120,0
124,90,0
129,100,0
117,85,0
105,88,0
98,85,0
83,108,0
94,121,0
113,121,0
88,105,0
101,107,0
115,124,0
125,97,0
121,97,0
87,120,0
120,106,0
102,127,0
86,92,0
103,82,0
109,112,0
94,105,0
111,125,0
84,99,0
106,89,0
120,92,0
113,104,0
86,114,0
112,123,0
114,124,0
82,100,0
130,100,0
99,103,0
119,105,0
129,97,0
119,113,0
120,101,0
111,99,0
101,105,0
100,102,0
98,102,0
104,97,0
125,109,0
92,88,0
101,87,0
124,111,0
108,111,0
102,91,0
126,102,0
113,113,0
124,107,0
125,91,0
104,106,0
102,113,0
100,117,0
87,105,0
119,95,0
104,94,0
102,118,0
92,112,0
89,94,0
103,129,0
125,91,0
87,99,0
108,84,0
123,88,0
92,105,0
87,98,0
118,125,0
96,106,0
122,113,0
110,125,0
121,102,0
94,95,0
121,126,0
118,106,0
107,123,0
105,118,0
102,120,0
98,87,0
96,107,0
106,102,0
114,116,0
106,119,0
114,104,0
108,112,0
123,115,0
103,84,0
91,99,0
112,95,0
107,106,0
90,89,0
92,92,0
102,123,0
91,119,0
95,113,0
128,115,0
104,82,0
90,107,0
88,92,0
122,93,0
101,124,0
85,103,0
119,123,0
107,123,0
101,83,0
111,111,0
88,96,0
103,110,0
108,117,0
119,118,0
123,111,0
121,122,0
129,109,0
110,102,0
103,88,0
114,109,0
99,85,0
116,113,0
100,88,0
109,120,0
115,124,0
119,121,0
117,120,0
119,95,0
91,124,0
114,115,0
122,104,0
115,88,0
123,105,0
128,113,0
121,93,0
123,-115,1
128,-113,1
101,-127,1
114,-100,1
102,-99,1
112,-113,1
105,-126,1
88,-97,1
121,-88,1
103,-95,1
99,-113,1
117,-97,1
99,-120,1
100,-107,1
109,-96,1
116,-86,1
85,-112,1
108,-106,1
115,-85,1
83,-114,1
85,-104,1
98,-118,1
102,-96,1
96,-123,1
118,-91,1
123,-116,1
114,-107,1
116,-85,1
108,-118,1
111,-105,1
118,-98,1
94,-98,1
128,-98,1
122,-97,1
103,-112,1
97,-108,1
88,-118,1
97,-117,1
129,-112,1
101,-102,1
110,-123,1
86,-117,1
110,-84,1
85,-96,1
107,-120,1
123,-97,1
109,-112,1
106,-102,1
112,-95,1
126,-92,1
99,-120,1
121,-98,1
119,-123,1
119,-93,1
123,-116,1
90,-108,1
91,-100,1
107,-113,1
83,-113,1
118,-87,1
106,-102,1
116,-108,1
127,-100,1
97,-99,1
84,-95,1
97,-107,1
96,-98,1
94,-103,1
106,-106,1
92,-112,1
85,-105,1
120,-122,1
112,-82,1
96,-105,1
110,-129,1
93,-109,1
98,-99,1
95,-123,1
124,-115,1
112,-83,1
110,-98,1
104,-100,1
88,-123,1
127,-119,1
109,-108,1
121,-110,1
108,-130,1
104,-123,1
114,-119,1
91,-88,1
114,-88,1
99,-129,1
82,-102,1
114,-87,1
99,-88,1
85,-97,1
93,-123,1
108,-116,1
120,-105,1
102,-93,1
111,-113,1
90,-98,1
121,-91,1
122,-125,1
109,-99,1
119,-105,1
94,-109,1
124,-89,1
106,-97,1
103,-86,1
96,-96,1
111,-124,1
100,-84,1
114,-100,1
84,-103,1
128,-114,1
112,-108,1
118,-88,1
112,-130,1
116,-100,1
103,-99,1
95,-96,1
103,-86,1
96,-99,1
95,-103,1
110,-100,1
93,-111,1
120,-99,1
126,-98,1
91,-94,1
120,-123,1
97,-125,1
124,-113,1
106,-106,1
115,-87,1
87,-109,1
105,-127,1
122,-108,1
128,-109,1
86,-103,1
112,-119,1
113,-120,1
96,-125,1
102,-94,1
105,-101,1
102,-86,1
109,-98,1
102,-103,1
92,-89,1
128,-112,1
97,-84,1
90,-93,1
118,-86,1
110,-112,1
95,-91,1
93,-124,1
124,-104,1
90,-117,1
90,-103,1
97,-90,1
91,-111,1
98,-118,1
113,-127,1
99,-114,1
105,-93,1
97,-111,1
118,-97,1
91,-122,1
106,-119,1
117,-115,1
87,-121,1
88,-106,1
83,-100,1
124,-90,1
84,-100,1
98,-98,1
98,-124,1
104,-120,1
119,-86,1
118,-85,1
107,-127,1
106,-113,1
101,-108,1
84,-100,1
113,-95,1
86,-98,1
105,-88,1
116,-88,1
101,-100,1
98,-115,1
114,-107,1
99,-115,1
88,-106,1
82,-107,1
116,-88,1
111,-129,1
115,-107,1
128,-101,1
93,-114,1
125,-104,1
110,-129,1
94,-113,1
121,-95,1
97,-89,1
106,-131,1
107,-104,1
121,-117,1
115,-123,1
111,-109,1
108,-117,1
85,-103,1
97,-123,1
96,-93,1
129,-110,1
107,-114,1
95,-127,1
86,-118,1
89,-89,1
118,-114,1
102,-116,1
110,-126,1
98,-117,1
125,-105,1
97,-114,1
99,-100,1
89,-111,1
122,-92,1
114,-117,1
114,-86,1
84,-108,1
110,-130,1
100,-107,1
106,-125,1
113,-130,1
93,-118,1
108,-122,1
87,-115,1
112,-87,1
114,-84,1
88,-93,1
110,-112,1
100,-91,1
107,-121,1
124,-112,1
98,-91,1
90,-101,1
86,-114,1
84,-117,1
124,-108,1
97,-112,1
-123,-119,0
-117,-109,0
-103,-123,0
-91,-98,0
-104,-104,0
-92,-110,0
-104,-117,0
-104,-99,0
-116,-126,0
-112,-103,0
-111,-129,0
-98,-87,0
-94,-104,0
-101,-107,0
-100,-94,0
-85,-97,0
-124,-110,0
-96,-85,0
-112,-87,0
-112,-104,0
-121,-96,0
-104,-121,0
-118,-124,0
-105,-87,0
-88,-102,0
-96,-93,0
-99,-91,0
-104,-85,0
-93,-127,0
-112,-86,0
-101,-116,0
-122,-125,0
-107,-103,0
-95,-89,0
-92,-116,0
-91,-94,0
-86,-103,0
-122,-100,0
-102,-88,0
-114,-106,0
-101,-124,0
-113,-110,0
-100,-103,0
-98,-86,0
-92,-115,0
-123,-120,0
-97,-99,0
-89,-106,0
-109,-88,0
-112,-87,0
-87,-112,0
-107,-106,0
-97,-116,0
-94,-103,0
-119,-114,0
-86,-106,0
-131,-105,0
-104,-122,0
-95,-127,0
-111,-110,0
-104,-123,0
-98,-109,0
-116,-95,0
-128,-100,0
-118,-118,0
-113,-95,0
-106,-92,0
-129,-108,0
-103,-108,0
-82,-106,0
-110,-108,0
-121,-126,0
-126,-111,0
-121,-91,0
-117,-105,0
-84,-100,0
-120,-126,0
-100,-129,0
-85,-108,0
-103,-123,0
-98,-126,0
-125,-115,0
-100,-99,0
-88,-118,0
-105,-111,0
-94,-103,0
-124,-92,0
-85,-113,0
-108,-117,0
-116,-98,0
-94,-122,0
-87,-98,0
-104,-103,0
-105,-115,0
-83,-107,0
-109,-89,0
-103,-125,0
-118,-113,0
-103,-105,0
-93,-108,0
-121,-116,0
-99,-112,0
-102,-117,0
-113,-108,0
-125,-114,0
-88,-90,0
-96,-101,0
-104,-128,0
-127,-115,0
-112,-99,0
-112,-129,0
-94,-85,0
-123,-103,0
-101,-106,0
-109,-104,0
-91,-114,0
-104,-90,0
-100,-117,0
-107,-125,0
-108,-93,0
-108,-121,0
-90,-109,0
-99,-112,0
-115,-102,0
-116,-84,0
-117,-103,0
-107,-120,0
-82,-108,0
-119,-126,0
-104,-109,0
-110,-86,0
-110,-130,0
-111,-113,0
-111,-101,0
-111,-97,0
-121,-90,0
-128,-99,0
-106,-105,0
-109,-93,0
-107,-89,0
-125,-118,0
-90,-111,0
-119,-94,0
-117,-95,0
-101,-119,0
-97,-102,0
-90,-103,0
-111,-122,0
-111,-112,0
-102,-109,0
-117,-103,0
-121,-89,0
-88,-122,0
-95,-107,0
-123,-101,0
-88,-112,0
-100,-107,0
-98,-83,0
-124,-96,0
-120,-89,0
-85,-101,0
-128,-112,0
-115,-121,0
-97,-127,0
-105,-93,0
-96,-104,0
-107,-118,0
-115,-98,0
-122,-115,0
-103,-118,0
-114,-129,0
-91,-94,0
-113,-130,0
-100,-113,0
-100,-128,0
-99,-98,0
-104,-108,0
-115,-120,0
-117,-127,0
-127,-98,0
-114,-90,0
-99,-108,0
-111,-111,0
-105,-95,0
-101,-114,0
-105,-96,0
-105,-117,0
-117,-97,0
-121,-112,0
-121,-97,0
-87,-111,0
-101,-122,0
-114,-96,0
-111,-88,0
-87,-103,0
-122,-88,0
-117,-103,0
-117,-90,0
-90,-106,0
-99,-84,0
-108,-97,0
-96,-101,0
-98,-86,0
-121,-113,0
-109,-106,0
-83,-115,0
-98,-84,0
-114,-114,0
-112,-98,0
-111,-121,0
-101,-110,0
-111,-96,0
-104,-94,0
-123,-91,0
-97,-109,0
-95,-85,0
-94,-121,0
-110,-125,0
-107,-107,0
-87,-122,0
-89,-122,0
-130,-112,0
-101,-114,0
-99,-92,0
-85,-109,0
-103,-100,0
-84,-99,0
-130,-113,0
-111,-109,0
-111,-117,0
-120,-92,0
-95,-92,0
-120,-113,0
-85,-114,0
-93,-91,0
-89,-88,0
-102,-114,0
-115,-124,0
-121,-89,0
-94,-104,0
-121,-92,0
-111,-112,0
-98,-102,0
-113,-89,0
-90,-111,0
-92,-87,0
-124,-109,0
-96,-128,0
-96,-97,0
-122,-107,0
