-120,115,1
-104,123,1
-110,129,1
-106,121,1
-113,128,1
-89,118,1
-118,98,1
-118,123,1
-106,99,1
-91,104,1
-122,91,1
-100,111,1
-106,127,1
-120,123,1
-104,103,1
-94,106,1
-121,87,1
-111,109,1
-114,107,1
-126,91,1
-96,104,1
-126,116,1
-122,113,1
-100,83,1
-109,88,1
-126,115,1
-120,121,1
-90,87,1
-102,130,1
-122,118,1
-102,89,1
-90,105,1
-110,92,1
-109,104,1
-97,97,1
-91,110,1
-96,126,1
-121,118,1
-95,103,1
-90,120,1
-115,125,1
-98,99,1
-92,98,1
-85,97,1
-108,94,1
-123,99,1
-112,114,1
-98,93,1
-105,125,1
-104,105,1
-102,94,1
-92,90,1
-112,91,1
-88,100,1
-116,99,1
-114,108,1
-111,104,1
-92,118,1
-92,113,1
-107,97,1
-84,106,1
-91,114,1
-96,104,1
-120,109,1
-111,83,1
-123,124,1
-114,112,1
-106,123,1
-112,105,1
-129,99,1
-110,96,1
-86,93,1
-99,112,1
-98,90,1
-97,113,1
-95,125,1
-85,94,1
-105,82,1
-108,126,1
-104,116,1
-127,95,1
-116,125,1
-84,114,1
-100,120,1
-91,94,1
-121,99,1
-100,112,1
-112,125,1
-120,113,1
-87,103,1
-117,91,1
-116,100,1
-93,101,1
-103,124,1
-126,112,1
-91,89,1
-109,85,1
-90,89,1
-123,110,1
-94,112,1
-99,115,1
-90,89,1
-101,86,1
-122,115,1
-101,125,1
-109,128,1
-106,92,1
-113,99,1
-129,105,1
-83,115,1
-94,110,1
-121,89,1
-103,110,1
-118,85,1
-110,92,1
-123,98,1
-89,107,1
-113,123,1
-95,113,1
-118,107,1
-121,100,1
-105,87,1
-128,100,1
-113,88,1
-111,112,1
-103,106,1
-92,122,1
-98,98,1
-114,110,1
-113,121,1
-102,103,1
-115,126,1
-129,114,1
-99,115,1
-90,106,1
-97,83,1
-108,86,1
-93,85,1
-124,114,1
-90,91,1
-101,112,1
-126,112,1
-120,114,1
-95,123,1
-117,121,1
-112,91,1
-92,97,1
-107,96,1
-118,112,1
-112,86,1
-116,118,1
-109,130,1
-101,87,1
-99,97,1
-121,90,1
-117,110,1
-114,109,1
-112,108,1
-117,99,1
-111,105,1
-120,118,1
-106,126,1
-93,100,1
-97,126,1
-105,127,1
-90,111,1
-117,113,1
-109,100,1
-111,91,1
-94,102,1
-107,104,1
-93,87,1
-119,108,1
-87,107,1
-104,126,1
-119,92,1
-90,117,1
-96,115,1
-104,114,1
-101,109,1
-121,111,1
-93,109,1
-99,93,1
-123,123,1
-122,114,1
-121,106,1
-93,123,1
-110,93,1
-113,114,1
-103,112,1
-100,111,1
-104,128,1
-117,85,1
-90,103,1
-114,85,1
-91,87,1
-92,97,1
-115,121,1
-122,121,1
-90,112,1
-91,114,1
-99,85,1
-96,125,1
-96,86,1
-124,104,1
-85,97,1
-107,116,1
-128,97,1
-121,87,1
-95,112,1
-102,110,1
-115,107,1
-86,115,1
-113,116,1
-105,129,1
-129,103,1
-105,82,1
-92,116,1
-111,90,1
-103,85,1
-110,128,1
-122,87,1
-113,122,1
-123,104,1
-108,115,1
-102,128,1
-87,121,1
-114,93,1
-126,95,1
-103,91,1
-123,89,1
-92,121,1
-123,99,1
-115,98,1
-115,127,1
-82,102,1
-119,114,1
-88,96,1
-107,93,1
-113,90,1
-124,107,1
-121,118,1
-112,108,1
-104,129,1
-126,92,1
-120,113,1
-104,121,1
-94,99,1
-92,91,1
-102,85,1
104,93,0
99,104,0
120,91,0
101,108,0
102,124,0
100,83,0
93,108,0
115,91,0
106,109,0
126,117,0
112,85,0
92,111,0
94,116,0
88,104,0
98,89,0
121,101,0
129,113,0
112,100,0
117,113,0
99,127,0
118,89,0
118,91,0
114,125,0
110,108,0
110,114,0
98,111,0
94,121,0
111,114,0
97,84,0
97,127,0
117,91,0
105,123,0
98,129,0
99,107,0
103,88,0
86,114,0
106,123,0
112,94,0
124,113,0
115,109,0
115,99,0
99,95,0
99,116,0
91,124,0
113,123,0
113,125,0
118,116,0
117,108,0
100,98,0
98,115,0
105,93,0
95,126,0
97,126,0
84,95,0
85,105,0
114,116,0
123,99,0
99,93,0
102,122,0
99,88,0
89,108,0
128,96,0
102,124,0
99,108,0
107,90,0
100,117,0
107,102,0
115,107,0
99,110,0
111,130,0
94,108,0
86,100,0
83,106,0
127,109,0
90,120,0
89,107,0
87,102,0
100,106,0
100,93,0
127,97,0
108,89,0
108,95,0
120,95,0
107,99,0
118,88,0
95,99,0
94,113,0
126,103,0
115,92,0
92,107,0
110,82,0
95,100,0
94,91,0
96,121,0
84,108,0
117,109,0
86,92,0
128,109,0
127,107,0
100,120,0
99,114,0
104,97,0
103,127,0
101,105,0
115,85,0
103,104,0
101,117,0
122,111,0
129,113,0
96,110,0
82,100,0
109,119,0
120,91,0
107,87,0
104,91,0
127,103,0
95,99,0
120,109,0
96,117,0
86,120,0
96,97,0
112,119,0
91,121,0
128,101,0
100,85,0
103,89,0
120,101,0
114,99,0
129,110,0
119,124,0
113,88,0
99,118,0
115,123,0
123,100,0
110,98,0
124,111,0
90,90,0
93,99,0
110,104,0
100,119,0
89,114,0
99,102,0
116,125,0
113,115,0
109,119,0
106,115,0
101,103,0
91,92,0
118,98,0
110,100,0
109,106,0
122,112,0
101,98,0
108,86,0
115,101,0
107,99,0
96,108,0
103,85,0
110,106,0
125,111,0
106,130,0
119,110,0
99,105,0
87,119,0
109,90,0
110,121,0
123,124,0
92,104,0
113,87,0
96,104,0
92,112,0
102,86,0
124,109,0
109,91,0
95,111,0
106,129,0
120,111,0
106,88,0
100,85,0
94,125,0
107,91,0
87,94,0
104,111,0
93,90,0
129,103,0
106,92,0
113,85,0
90,103,0
110,112,0
87,114,0
114,128,0
104,93,0
83,111,0
102,91,0
113,113,0
91,121,0
107,113,0
109,116,0
85,93,0
111,116,0
116,92,0
108,83,0
101,118,0
121,100,0
119,97,0
98,106,0
124,117,0
92,89,0
101,114,0
108,94,0
105,85,0
102,113,0
114,101,0
109,97,0
88,96,0
96,114,0
82,102,0
124,90,0
114,110,0
113,104,0
106,97,0
106,120,0
114,98,0
110,93,0
104,121,0
124,108,0
125,103,0
86,117,0
124,114,0
93,85,0
94,93,0
110,118,0
110,120,0
97,87,0
93,100,0
91,96,0
118,100,0
124,92,0
98,91,0
108,90,0
115,104,0
90,117,0
82,105,0
93,105,0
92,101,0
108,121,0
104,93,0
92,96,0
99,88,0
92,103,0
85,-114,1
83,-98,1
123,-118,1
106,-95,1
89,-111,1
92,-107,1
108,-122,1
99,-117,1
95,-120,1
89,-108,1
106,-118,1
114,-100,1
119,-101,1
91,-119,1
110,-122,1
98,-106,1
105,-83,1
100,-83,1
116,-126,1
128,-110,1
87,-93,1
87,-91,1
105,-101,1
121,-108,1
84,-105,1
98,-122,1
91,-93,1
104,-100,1
127,-108,1
101,-104,1
88,-116,1
116,-105,1
126,-115,1
121,-104,1
126,-111,1
88,-112,1
129,-104,1
98,-113,1
93,-97,1
92,-117,1
101,-112,1
94,-127,1
99,-88,1
116,-106,1
85,-115,1
101,-91,1
106,-109,1
98,-85,1
114,-100,1
100,-130,1
100,-123,1
116,-117,1
94,-105,1
97,-122,1
119,-120,1
125,-120,1
112,-108,1
116,-89,1
111,-104,1
115,-117,1
128,-118,1
91,-109,1
93,-122,1
89,-88,1
84,-116,1
97,-101,1
118,-92,1
119,-123,1
103,-98,1
113,-113,1
102,-109,1
128,-104,1
94,-88,1
102,-91,1
87,-114,1
120,-121,1
98,-114,1
122,-105,1
101,-122,1
116,-97,1
103,-84,1
111,-87,1
103,-114,1
84,-98,1
112,-125,1
102,-93,1
101,-111,1
120,-92,1
93,-94,1
101,-114,1
115,-121,1
101,-95,1
98,-113,1
106,-124,1
86,-120,1
117,-97,1
122,-109,1
113,-88,1
105,-96,1
96,-100,1
92,-92,1
82,-107,1
125,-96,1
123,-106,1
85,-105,1
115,-112,1
110,-117,1
115,-110,1
111,-92,1
112,-128,1
90,-123,1
98,-113,1
120,-89,1
88,-120,1
85,-117,1
121,-108,1
124,-114,1
118,-112,1
89,-123,1
121,-120,1
107,-82,1
112,-111,1
115,-116,1
116,-93,1
114,-125,1
99,-106,1
105,-91,1
110,-85,1
120,-86,1
83,-101,1
107,-101,1
108,-100,1
91,-88,1
109,-107,1
98,-120,1
122,-98,1
123,-111,1
129,-102,1
93,-108,1
123,-88,1
116,-102,1
107,-98,1
96,-96,1
117,-106,1
82,-108,1
85,-113,1
107,-93,1
114,-123,1
108,-89,1
90,-118,1
124,-123,1
102,-92,1
110,-121,1
112,-90,1
109,-110,1
97,-119,1
92,-89,1
89,-123,1
106,-120,1
125,-109,1
117,-125,1
95,-126,1
123,-110,1
105,-83,1
120,-121,1
113,-98,1
106,-112,1
107,-111,1
124,-121,1
85,-100,1
111,-123,1
120,-86,1
89,-98,1
112,-128,1
92,-114,1
125,-112,1
121,-91,1
99,-84,1
125,-94,1
91,-93,1
85,-99,1
85,-117,1
105,-84,1
115,-90,1
111,-122,1
126,-94,1
106,-117,1
110,-114,1
120,-122,1
98,-125,1
100,-90,1
101,-118,1
125,-92,1
125,-118,1
114,-100,1
88,-105,1
92,-112,1
98,-113,1
110,-122,1
116,-116,1
124,-107,1
123,-108,1
87,-116,1
107,-112,1
98,-97,1
98,-104,1
123,-120,1
121,-92,1
117,-98,1
83,-106,1
113,-118,1
115,-107,1
102,-120,1
118,-96,1
108,-129,1
82,-107,1
99,-119,1
92,-94,1
113,-103,1
92,-101,1
106,-121,1
92,-100,1
116,-114,1
102,-98,1
85,-111,1
122,-123,1
110,-123,1
113,-92,1
124,-120,1
129,-112,1
102,-115,1
107,-88,1
103,-130,1
119,-122,1
92,-99,1
88,-99,1
93,-104,1
109,-89,1
119,-124,1
123,-123,1
101,-91,1
109,-86,1
102,-98,1
123,-120,1
99,-94,1
124,-123,1
111,-119,1
105,-123,1
108,-128,1
96,-128,1
-91,-120,0
-98,-89,0
-92,-101,0
-89,-92,0
-84,-96,0
-118,-124,0
-106,-98,0
-92,-110,0
-89,-95,0
-110,-104,0
-109,-127,0
-95,-113,0
-107,-125,0
-97,-101,0
-105,-112,0
-106,-113,0
-102,-120,0
-103,-125,0
-123,-117,0
-109,-130,0
-90,-108,0
-98,-122,0
-97,-96,0
-105,-87,0
-121,-104,0
-125,-103,0
-118,-126,0
-116,-108,0
-120,-121,0
-85,-117,0
-88,-101,0
-100,-124,0
-127,-94,0
-99,-109,0
-105,-98,0
-112,-103,0
-114,-101,0
-86,-112,0
-116,-122,0
-105,-119,0
-90,-114,0
-127,-95,0
-117,-90,0
-114,-90,0
-98,-94,0
-99,-108,0
-123,-95,0
-92,-103,0
-89,-122,0
-89,-120,0
-105,-100,0
-112,-115,0
-92,-103,0
-109,-97,0
-121,-114,0
-118,-91,0
-94,-111,0
-107,-104,0
-87,-90,0
-100,-127,0
-83,-108,0
-97,-108,0
-99,-124,0
-116,-104,0
-111,-130,0
-104,-86,0
-96,-89,0
-95,-116,0
-88,-120,0
-83,-108,0
-90,-100,0
-125,-118,0
-98,-122,0
-97,-117,0
-111,-112,0
-102,-106,0
-86,-102,0
-97,-127,0
-115,-123,0
-105,-122,0
-107,-85,0
-118,-125,0
-110,-106,0
-113,-117,0
-87,-95,0
-104,-95,0
-95,-85,0
-83,-110,0
-93,-100,0
-101,-85,0
-112,-129,0
-115,-84,0
-131,-105,0
-103,-94,0
-104,-119,0
-84,-108,0
-89,-91,0
-87,-121,0
-111,-84,0
-94,-108,0
-115,-122,0
-94,-117,0
-116,-119,0
-112,-122,0
-118,-85,0
-87,-102,0
-114,-98,0
-88,-104,0
-90,-98,0
-90,-91,0
-94,-114,0
-104,-108,0
-94,-107,0
-110,-108,0
-128,-107,0
-127,-101,0
-119,-121,0
-118,-112,0
-120,-121,0
-94,-127,0
-115,-98,0
-82,-107,0
-128,-116,0
-96,-100,0
-95,-113,0
-93,-91,0
-100,-107,0
-96,-85,0
-101,-92,0
-91,-110,0
-110,-110,0
-110,-86,0
-122,-100,0
-110,-114,0
-124,-116,0
-110,-105,0
-99,-127,0
-108,-116,0
-99,-114,0
-112,-125,0
-127,-119,0
-109,-115,0
-123,-114,0
-126,-95,0
-112,-98,0
-111,-126,0
-109,-125,0
-100,-118,0
-102,-112,0
-98,-98,0
-122,-111,0
-104,-116,0
-120,-96,0
-99,-103,0
-109,-128,0
-98,-84,0
-123,-111,0
-98,-125,0
-99,-102,0
-89,-115,0
-97,-129,0
-99,-123,0
-109,-116,0
-89,-92,0
-116,-113,0
-88,-107,0
-113,-113,0
-129,-106,0
-119,-108,0
-97,-102,0
-103,-99,0
-113,-126,0
-95,-101,0
-99,-125,0
-103,-120,0
-103,-111,0
-118,-105,0
-127,-111,0
-112,-122,0
-104,-116,0
-107,-117,0
-121,-124,0
-118,-91,0
-122,-88,0
-99,-130,0
-110,-122,0
-96,-101,0
-107,-125,0
-103,-91,0
-115,-101,0
-86,-116,0
-106,-90,0
-124,-108,0
-92,-101,0
-98,-124,0
-103,-108,0
-103,-90,0
-84,-109,0
-108,-106,0
-83,-100,0
-87,-98,0
-114,-104,0
-84,-96,0
-106,-121,0
-98,-128,0
-101,-108,0
-128,-100,0
-115,-104,0
-120,-123,0
-91,-96,0
-121,-106,0
-108,-127,0
-90,-106,0
-118,-127,0
-99,-116,0
-119,-112,0
-108,-115,0
-111,-99,0
-110,-120,0
-108,-86,0
-119,-117,0
-124,-89,0
-117,-119,0
-108,-90,0
-90,-109,0
-129,-97,0
-125,-108,0
-115,-126,0
-104,-101,0
-119,-91,0
-116,-102,0
-109,-114,0
-115,-115,0
-90,-120,0
-118,-116,0
-119,-94,0
-102,-116,0
-111,-87,0
-83,-102,0
-106,-104,0
-85,-108,0
-112,-125,0
-117,-85,0
-98,-117,0
-94,-104,0
-112,-114,0
-101,-99,0
-113,-127,0
-118,-110,0
-115,-94,0
