-127,102,1
-115,114,1
-102,84,1
-112,113,1
-121,124,1
-110,95,1
-83,114,1
-107,94,1
-92,107,1
-115,96,1
-125,99,1
-89,117,1
-100,94,1
-123,111,1
-112,82,1
-108,101,1
-95,89,1
-106,128,1
-118,120,1
-117,126,1
-129,105,1
-92,98,1
-98,114,1
-102,101,1
-117,102,1
-119,107,1
-85,104,1
-92,97,1
-101,92,1
-92,113,1
-101,129,1
-113,130,1
-106,89,1
-110,100,1
-117,94,1
-119,87,1
-94,100,1
-102,122,1
-102,108,1
-113,110,1
-96,100,1
-113,83,1
-110,113,1
-115,99,1
-91,88,1
-99,124,1
-89,113,1
-90,97,1
-121,104,1
-99,101,1
-109,116,1
-111,102,1
-124,94,1
-101,95,1
-109,126,1
-119,113,1
-103,88,1
-82,111,1
-128,107,1
-93,123,1
-120,103,1
-120,104,1
-124,117,1
-117,95,1
-129,105,1
-93,89,1
-126,110,1
-109,129,1
-86,107,1
-99,93,1
-97,124,1
-123,99,1
-89,120,1
-122,99,1
-102,97,1
-97,113,1
-103,110,1
-98,93,1
-105,122,1
-99,113,1
-97,115,1
-97,104,1
-95,126,1
-99,105,1
-106,122,1
-86,97,1
-101,106,1
-100,98,1
-113,121,1
-95,100,1
-107,101,1
-103,104,1
-104,88,1
-96,121,1
-122,110,1
-118,109,1
-99,106,1
-107,130,1
-93,123,1
-107,120,1
-95,126,1
-107,88,1
-103,130,1
-101,109,1
-105,86,1
-105,104,1
-105,117,1
-114,86,1
-83,106,1
-105,113,1
-123,118,1
-120,99,1
-118,107,1
-90,102,1
-103,123,1
-129,104,1
-100,116,1
-114,103,1
-107,104,1
-122,100,1
-92,123,1
-111,126,1
-105,96,1
-105,125,1
-98,97,1
-92,99,1
-115,94,1
-87,96,1
-115,93,1
-97,117,1
-90,106,1
-84,95,1
-125,95,1
-118,88,1
-95,123,1
-93,120,1
-107,109,1
-104,130,1
-113,114,1
-86,116,1
-127,117,1
-107,94,1
-118,96,1
-114,118,1
-117,95,1
-83,97,1
-96,103,1
-116,114,1
-115,93,1
-119,119,1
-112,107,1
-122,116,1
-91,121,1
-122,95,1
-128,110,1
-124,111,1
-125,109,1
-97,89,1
-83,107,1
-86,115,1
-91,105,1
-82,105,1
-116,98,1
-86,101,1
-86,98,1
-120,98,1
-113,95,1
-101,84,1
-100,115,1
-113,129,1
-95,113,1
-118,98,1
-94,122,1
-123,94,1
-130,103,1
-113,84,1
-120,119,1
-85,103,1
-111,116,1
-99,117,1
-103,84,1
-99,95,1
-123,106,1
-100,82,1
-91,108,1
-111,112,1
-93,120,1
-123,117,1
-113,95,1
-107,127,1
-118,116,1
-99,101,1
-95,98,1
-118,113,1
-99,125,1
-122,100,1
-94,110,1
-96,121,1
-94,99,1
-99,120,1
-120,96,1
-105,85,1
-115,113,1
-89,112,1
-105,126,1
-103,91,1
-97,128,1
-88,101,1
-86,102,1
-95,120,1
-111,99,1
-113,105,1
-100,85,1
-121,116,1
-89,98,1
-88,96,1
-94,116,1
-118,125,1
-111,115,1
-126,107,1
-120,89,1
-95,127,1
-93,101,1
-128,107,1
-108,88,1
-118,126,1
-121,103,1
-99,114,1
-95,108,1
-99,122,1
-123,93,1
-107,84,1
-99,113,1
-84,99,1
-82,108,1
-85,98,1
-126,117,1
-114,109,1
-99,83,1
-106,85,1
-110,104,1
-97,127,1
-126,104,1
-113,84,1
-112,99,1
-111,95,1
-109,95,1
-116,90,1
-96,118,1
-122,115,1
115,126,0
129,101,0
115,92,0
86,97,0
119,113,0
115,113,0
128,106,0
113,88,0
117,105,0
120,93,0
121,97,0
87,110,0
97,125,0
130,113,0
101,109,0
99,107,0
96,98,0
91,91,0
101,100,0
115,122,0
86,109,0
121,120,0
121,101,0
86,112,0
106,100,0
112,89,0
119,120,0
111,117,0
92,102,0
110,96,0
118,113,0
84,100,0
100,87,0
125,115,0
107,112,0
124,108,0
92,95,0
114,96,0
122,112,0
104,82,0
109,88,0
85,119,0
101,122,0
130,109,0
113,123,0
88,120,0
124,106,0
89,104,0
94,102,0
121,122,0
102,128,0
87,122,0
90,87,0
96,100,0
103,122,0
92,91,0
85,109,0
91,119,0
122,124,0
103,103,0
90,115,0
113,117,0
96,88,0
93,113,0
95,90,0
109,114,0
110,105,0
113,103,0
106,120,0
104,112,0
121,88,0
109,97,0
110,122,0
90,118,0
99,121,0
101,110,0
100,118,0
92,90,0
127,98,0
105,131,0
93,114,0
118,110,0
108,95,0
93,106,0
106,95,0
95,92,0
126,117,0
102,115,0
119,117,0
95,90,0
86,108,0
102,122,0
110,101,0
117,88,0
125,94,0
89,116,0
122,125,0
116,99,0
95,115,0
97,104,0
123,93,0
94,101,0
121,99,0
92,88,0
117,92,0
126,109,0
119,96,0
102,82,0
101,108,0
117,87,0
93,86,0
101,82,0
85,119,0
114,88,0
85,117,0
112,86,0
88,89,0
95,121,0
93,104,0
110,112,0
112,85,0
98,118,0
95,106,0
124,114,0
97,129,0
92,107,0
114,85,0
112,125,0
112,89,0
90,122,0
123,91,0
107,82,0
109,121,0
108,110,0
126,115,0
100,111,0
120,115,0
110,93,0
107,116,0
119,105,0
121,109,0
114,123,0
122,104,0
116,99,0
114,109,0
117,128,0
98,126,0
102,86,0
94,94,0
122,96,0
94,126,0
99,130,0
92,94,0
111,104,0
109,105,0
123,88,0
116,102,0
115,113,0
93,98,0
118,106,0
106,127,0
106,119,0
115,86,0
128,112,0
91,126,0
129,109,0
95,86,0
93,106,0
119,93,0
99,92,0
86,120,0
118,109,0
124,120,0
90,105,0
100,120,0
116,89,0
122,113,0
98,114,0
110,119,0
105,106,0
125,100,0
95,93,0
100,111,0
101,90,0
89,113,0
96,98,0
111,94,0
106,105,0
83,105,0
122,91,0
109,114,0
100,115,0
118,113,0
121,101,0
122,112,0
94,88,0
113,117,0
103,103,0
106,105,0
91,114,0
119,112,0
95,104,0
102,127,0
104,125,0
115,107,0
89,93,0
101,114,0
111,108,0
103,92,0
105,129,0
96,122,0
117,104,0
119,110,0
99,114,0
91,90,0
127,117,0
102,121,0
103,94,0
98,127,0
112,117,0
83,113,0
122,118,0
104,119,0
120,115,0
122,98,0
128,117,0
101,101,0
84,110,0
115,116,0
93,89,0
108,120,0
117,111,0
89,110,0
117,103,0
103,96,0
83,112,0
104,127,0
118,87,0
119,113,0
101,88,0
105,94,0
96,89,0
102,96,0
113,100,0
85,117,0
115,91,0
108,91,0
99,104,0
128,114,0
95,115,0
85,-100,1
95,-94,1
111,-94,1
88,-92,1
102,-86,1
101,-89,1
113,-129,1
118,-97,1
108,-102,1
96,-89,1
101,-90,1
129,-114,1
118,-98,1
102,-130,1
82,-108,1
88,-108,1
102,-91,1
112,-104,1
115,-121,1
124,-112,1
92,-101,1
94,-125,1
109,-117,1
87,-114,1
104,-83,1
116,-111,1
126,-93,1
124,-98,1
124,-92,1
88,-113,1
94,-96,1
103,-93,1
124,-122,1
118,-99,1
121,-117,1
82,-101,1
126,-114,1
116,-98,1
106,-84,1
91,-97,1
90,-103,1
112,-119,1
96,-112,1
108,-124,1
117,-102,1
83,-109,1
104,-92,1
100,-119,1
122,-100,1
115,-94,1
94,-102,1
97,-103,1
90,-95,1
122,-106,1
94,-91,1
102,-85,1
88,-92,1
102,-128,1
98,-88,1
84,-114,1
107,-119,1
96,-101,1
129,-114,1
104,-90,1
129,-101,1
103,-96,1
108,-86,1
108,-129,1
93,-115,1
84,-112,1
124,-97,1
94,-98,1
125,-119,1
118,-124,1
112,-99,1
117,-88,1
127,-110,1
125,-100,1
129,-106,1
105,-94,1
99,-88,1
105,-118,1
106,-131,1
120,-99,1
96,-114,1
92,-103,1
101,-87,1
98,-124,1
111,-124,1
120,-102,1
116,-102,1
107,-118,1
89,-112,1
126,-102,1
84,-103,1
91,-114,1
108,-126,1
106,-87,1
102,-113,1
85,-102,1
83,-113,1
122,-112,1
119,-105,1
109,-105,1
106,-118,1
83,-105,1
98,-88,1
89,-120,1
116,-108,1
112,-124,1
110,-120,1
91,-104,1
118,-119,1
120,-120,1
129,-114,1
97,-97,1
87,-108,1
115,-128,1
102,-104,1
107,-90,1
118,-101,1
112,-98,1
109,-112,1
115,-117,1
99,-123,1
118,-126,1
120,-110,1
96,-128,1
87,-95,1
120,-94,1
90,-119,1
96,-94,1
96,-127,1
113,-129,1
110,-96,1
99,-114,1
109,-130,1
113,-113,1
90,-108,1
93,-113,1
108,-111,1
92,-117,1
94,-119,1
122,-96,1
87,-109,1
127,-97,1
101,-84,1
93,-94,1
103,-101,1
130,-103,1
119,-113,1
111,-109,1
90,-125,1
95,-127,1
84,-111,1
107,-127,1
97,-94,1
92,-107,1
109,-119,1
106,-84,1
96,-91,1
95,-117,1
122,-93,1
96,-97,1
88,-110,1
123,-120,1
111,-84,1
83,-105,1
98,-105,1
118,-97,1
87,-113,1
103,-82,1
115,-104,1
89,-113,1
105,-94,1
85,-98,1
106,-110,1
113,-127,1
110,-129,1
104,-98,1
91,-119,1
83,-106,1
104,-122,1
123,-122,1
86,-102,1
95,-114,1
122,-90,1
123,-114,1
90,-109,1
89,-102,1
124,-95,1
95,-105,1
116,-113,1
130,-104,1
89,-123,1
115,-100,1
121,-112,1
106,-93,1
104,-126,1
91,-121,1
125,-91,1
92,-122,1
117,-111,1
92,-111,1
91,-119,1
85,-114,1
121,-126,1
103,-91,1
86,-113,1
109,-112,1
97,-90,1
116,-100,1
98,-112,1
92,-101,1
92,-97,1
94,-116,1
95,-125,1
106,-114,1
113,-89,1
110,-121,1
105,-106,1
100,-126,1
114,-98,1
123,-99,1
119,-118,1
91,-110,1
83,-103,1
112,-113,1
108,-104,1
90,-89,1
103,-127,1
94,-114,1
101,-98,1
114,-123,1
118,-126,1
107,-124,1
126,-113,1
114,-118,1
112,-103,1
88,-107,1
111,-115,1
113,-108,1
111,-87,1
120,-109,1
88,-110,1
99,-106,1
93,-92,1
116,-125,1
90,-101,1
104,-105,1
-128,-99,0
-100,-86,0
-118,-112,0
-102,-97,0
-122,-89,0
-124,-117,0
-114,-89,0
-123,-103,0
-87,-94,0
-109,-93,0
-100,-106,0
-96,-109,0
-105,-92,0
-89,-107,0
-102,-123,0
-103,-107,0
-90,-114,0
-87,-90,0
-130,-100,0
-121,-97,0
-109,-90,0
-95,-122,0
-99,-95,0
-122,-108,0
-101,-108,0
-122,-122,0
-105,-123,0
-98,-97,0
-117,-98,0
-128,-108,0
-100,-96,0
-90,-113,0
-102,-124,0
-119,-112,0
-96,-104,0
-120,-90,0
-104,-109,0
-83,-106,0
-119,-99,0
-98,-88,0
-126,-110,0
-90,-124,0
-118,-118,0
-88,-92,0
-126,-97,0
-118,-122,0
-118,-119,0
-99,-119,0
-110,-94,0
-94,-100,0
-123,-111,0
-129,-99,0
-108,-90,0
-102,-97,0
-108,-113,0
-115,-122,0
-100,-88,0
-113,-130,0
-93,-93,0
-113,-108,0
-89,-98,0
-120,-101,0
-130,-100,0
-110,-83,0
-119,-94,0
-95,-112,0
-118,-93,0
-90,-122,0
-93,-120,0
-107,-97,0
-111,-109,0
-96,-125,0
-101,-83,0
-94,-124,0
-115,-110,0
-82,-105,0
-116,-129,0
-106,-125,0
-126,-113,0
-83,-103,0
-104,-107,0
-101,-86,0
-88,-117,0
-116,-93,0
-96,-102,0
-113,-117,0
-90,-114,0
-103,-130,0
-123,-96,0
-109,-105,0
-98,-121,0
-83,-111,0
-109,-101,0
-111,-106,0
-102,-89,0
-122,-121,0
-111,-98,0
-126,-108,0
-102,-118,0
-88,-98,0
-88,-108,0
-123,-116,0
-97,-126,0
-93,-94,0
-117,-126,0
-121,-119,0
-95,-107,0
-108,-117,0
-85,-93,0
-111,-82,0
-105,-87,0
-110,-112,0
-125,-98,0
-83,-108,0
-115,-91,0
-120,-109,0
-114,-128,0
-127,-111,0
-101,-110,0
-120,-118,0
-98,-127,0
-88,-104,0
-87,-95,0
-90,-93,0
-102,-123,0
-127,-117,0
-110,-95,0
-114,-109,0
-94,-97,0
-100,-88,0
-121,-96,0
-118,-122,0
-127,-99,0
-120,-116,0
-92,-111,0
-84,-100,0
-123,-92,0
-112,-94,0
-95,-87,0
-96,-118,0
-119,-85,0
-116,-94,0
-93,-95,0
-110,-84,0
-99,-115,0
-109,-123,0
-122,-115,0
-101,-108,0
-113,-84,0
-86,-112,0
-118,-128,0
-107,-117,0
-97,-110,0
-120,-88,0
-125,-94,0
-92,-94,0
-129,-101,0
-82,-108,0
-94,-117,0
-84,-107,0
-105,-126,0
-115,-111,0
-95,-87,0
-88,-101,0
-125,-112,0
-122,-123,0
-102,-100,0
-115,-103,0
-99,-124,0
-106,-122,0
-125,-98,0
-107,-113,0
-83,-115,0
-103,-119,0
-89,-113,0
-90,-102,0
-130,-106,0
-100,-95,0
-119,-100,0
-99,-84,0
-112,-99,0
-115,-97,0
-90,-115,0
-126,-95,0
-111,-82,0
-114,-103,0
-93,-95,0
-107,-107,0
-116,-110,0
-111,-115,0
-87,-110,0
-113,-96,0
-120,-110,0
-102,-119,0
-106,-87,0
-106,-95,0
-85,-99,0
-90,-115,0
-95,-95,0
-102,-104,0
-127,-104,0
-124,-101,0
-105,-95,0
-91,-124,0
-92,-113,0
-122,-97,0
-103,-97,0
-103,-104,0
-111,-96,0
-108,-89,0
-115,-93,0
-119,-126,0
-106,-103,0
-130,-112,0
-103,-89,0
-107,-124,0
-100,-115,0
-92,-111,0
-114,-103,0
-124,-121,0
-107,-93,0
-95,-104,0
-108,-92,0
-90,-89,0
-100,-91,0
-107,-84,0
-90,-115,0
-100,-89,0
-93,-109,0
-84,-97,0
-99,-100,0
-89,-90,0
-101,-116,0
-87,-92,0
-111,-116,0
-107,-111,0
-93,-120,0
-107,-114,0
-105,-94,0
-106,-109,0
-110,-101,0
-100,-119,0
-105,-124,0
-86,-108,0
-99,-113,0
-116,-123,0
-87,-98,0
-124,-94,0
-99,-115,0
-89,-90,0
