-102,110,1
-124,107,1
-115,128,1
-100,110,1
-119,106,1
-101,108,1
-90,91,1
-91,121,1
-84,103,1
-100,119,1
-118,119,1
-92,92,1
-115,89,1
-92,123,1
-101,106,1
-101,113,1
-95,112,1
-125,96,1
-119,116,1
-91,109,1
-106,127,1
-122,111,1
-94,126,1
-83,108,1
-112,86,1
-98,113,1
-126,111,1
-87,108,1
-114,92,1
-94,91,1
-108,103,1
-124,93,1
-105,85,1
-105,83,1
-95,113,1
-90,123,1
-92,88,1
-109,117,1
-107,127,1
-112,116,1
-103,106,1
-98,95,1
-130,104,1
-96,108,1
-101,107,1
-100,118,1
-118,100,1
-107,101,1
-111,97,1
-107,99,1
-118,104,1
-92,104,1
-98,84,1
-105,113,1
-102,123,1
-100,85,1
-84,112,1
-124,109,1
-123,101,1
-108,109,1
-82,108,1
-119,109,1
-82,109,1
-129,115,1
-108,116,1
-93,93,1
-110,109,1
-127,93,1
-93,114,1
-89,108,1
-92,100,1
-104,86,1
-115,112,1
-114,86,1
-117,99,1
-123,98,1
-108,101,1
-121,120,1
-92,122,1
-95,121,1
-86,106,1
-106,107,1
-104,122,1
-90,102,1
-97,102,1
-98,100,1
-111,90,1
-102,86,1
-95,127,1
-85,105,1
-127,110,1
-119,126,1
-120,123,1
-89,102,1
-84,106,1
-96,121,1
-91,109,1
-119,126,1
-121,124,1
-130,112,1
-124,93,1
-100,118,1
-90,101,1
-88,100,1
-104,118,1
-95,86,1
-105,120,1
-97,96,1
-117,125,1
-116,108,1
-116,109,1
-113,112,1
-118,116,1
-92,106,1
-121,88,1
-93,101,1
-95,92,1
-104,95,1
-101,118,1
-112,97,1
-118,102,1
-98,104,1
-110,105,1
-113,126,1
-129,108,1
-100,88,1
-113,97,1
-96,108,1
-110,123,1
-114,104,1
-117,104,1
-117,87,1
-94,114,1
-115,116,1
-87,113,1
-127,114,1
-107,128,1
-82,110,1
-91,101,1
-94,90,1
-96,107,1
-94,88,1
-107,121,1
-97,93,1
-108,91,1
-97,118,1
-106,125,1
-98,108,1
-116,107,1
-119,126,1
-107,94,1
-111,97,1
-115,119,1
-92,99,1
-124,109,1
-97,107,1
-105,100,1
-102,122,1
-113,92,1
-113,129,1
-87,91,1
-93,95,1
-118,118,1
-117,110,1
-111,93,1
-112,94,1
-86,108,1
-123,117,1
-86,110,1
-91,88,1
-102,93,1
-109,92,1
-86,113,1
-115,106,1
-93,117,1
-90,101,1
-123,108,1
-104,100,1
-122,108,1
-100,116,1
-103,101,1
-103,109,1
-109,111,1
-115,93,1
-102,121,1
-90,95,1
-88,116,1
-129,113,1
-103,108,1
-88,100,1
-105,98,1
-111,91,1
-94,107,1
-94,93,1
-108,124,1
-111,106,1
-106,98,1
-109,119,1
-128,96,1
-128,108,1
-97,119,1
-96,101,1
-128,113,1
-125,95,1
-107,113,1
-101,95,1
-102,124,1
-98,91,1
-110,88,1
-100,126,1
-107,91,1
-112,130,1
-83,99,1
-92,117,1
-90,125,1
-111,125,1
-88,97,1
-91,116,1
-103,94,1
-111,94,1
-94,88,1
-117,88,1
-89,118,1
-104,90,1
-122,90,1
-127,109,1
-109,125,1
-84,96,1
-123,92,1
-94,114,1
-111,104,1
-103,90,1
-95,116,1
-96,122,1
-83,108,1
-116,87,1
-101,88,1
-115,124,1
-126,118,1
-103,98,1
-86,103,1
-98,86,1
-127,97,1
-91,104,1
-121,126,1
-106,124,1
-90,115,1
-118,113,1
-119,102,1
-87,94,1
119,112,0
124,106,0
99,129,0
98,116,0
124,101,0
102,111,0
112,92,0
122,117,0
118,89,0
102,125,0
126,102,0
115,116,0
98,116,0
125,107,0
98,111,0
84,108,0
112,95,0
122,113,0
93,126,0
98,113,0
123,115,0
119,121,0
101,85,0
92,97,0
111,107,0
111,121,0
93,126,0
113,119,0
115,120,0
103,110,0
106,131,0
110,85,0
92,124,0
83,108,0
88,108,0
107,107,0
126,112,0
95,95,0
86,115,0
110,120,0
126,98,0
114,124,0
115,118,0
82,103,0
98,88,0
102,90,0
99,99,0
110,123,0
93,121,0
109,100,0
111,129,0
101,105,0
105,105,0
110,115,0
120,106,0
100,104,0
103,120,0
107,93,0
117,86,0
101,121,0
111,106,0
103,94,0
96,128,0
101,117,0
97,114,0
117,99,0
114,110,0
126,115,0
118,93,0
92,122,0
119,88,0
91,108,0
101,110,0
126,106,0
97,113,0
101,109,0
86,96,0
90,105,0
108,126,0
86,100,0
126,101,0
119,112,0
114,101,0
115,86,0
114,92,0
126,121,0
93,121,0
112,112,0
89,97,0
101,95,0
99,106,0
121,120,0
117,101,0
83,109,0
112,126,0
106,93,0
107,128,0
99,89,0
90,124,0
125,107,0
104,103,0
118,113,0
96,123,0
122,88,0
103,122,0
120,87,0
94,111,0
115,102,0
97,103,0
108,87,0
100,93,0
113,116,0
120,116,0
87,117,0
127,103,0
103,87,0
92,109,0
113,85,0
109,127,0
112,123,0
117,96,0
115,128,0
105,99,0
102,116,0
124,90,0
112,118,0
129,108,0
116,128,0
85,112,0
95,127,0
128,95,0
99,99,0
102,84,0
107,98,0
121,108,0
124,89,0
102,100,0
90,123,0
92,95,0
90,93,0
125,120,0
99,92,0
115,94,0
95,103,0
92,113,0
102,119,0
119,108,0
100,121,0
104,86,0
110,120,0
107,128,0
125,106,0
121,102,0
87,94,0
87,93,0
121,108,0
96,93,0
112,88,0
123,115,0
109,122,0
118,101,0
89,113,0
104,123,0
120,94,0
95,100,0
89,101,0
82,106,0
111,111,0
103,106,0
105,82,0
102,83,0
89,103,0
126,93,0
121,99,0
126,91,0
93,91,0
109,130,0
97,97,0
101,119,0
106,99,0
111,127,0
116,99,0
105,101,0
119,93,0
102,109,0
99,89,0
101,127,0
115,83,0
111,109,0
118,128,0
94,109,0
112,109,0
89,118,0
89,117,0
112,110,0
109,105,0
106,82,0
87,113,0
126,110,0
102,130,0
99,95,0
115,106,0
112,110,0
84,103,0
106,88,0
122,101,0
115,112,0
123,91,0
98,115,0
108,99,0
104,118,0
99,88,0
104,85,0
100,87,0
101,98,0
109,121,0
88,97,0
115,124,0
101,109,0
102,99,0
87,122,0
110,111,0
111,111,0
105,115,0
117,123,0
99,108,0
116,114,0
93,103,0
104,91,0
124,108,0
101,106,0
104,88,0
130,110,0
111,123,0
110,87,0
128,100,0
92,107,0
115,106,0
102,107,0
92,94,0
122,117,0
103,88,0
96,92,0
87,91,0
118,106,0
93,125,0
103,103,0
87,105,0
125,112,0
108,116,0
102,-109,1
108,-128,1
103,-124,1
119,-107,1
117,-112,1
101,-129,1
105,-111,1
108,-101,1
130,-104,1
109,-113,1
88,-117,1
85,-98,1
122,-114,1
106,-82,1
99,-128,1
126,-101,1
128,-104,1
103,-108,1
106,-108,1
117,-111,1
97,-120,1
106,-116,1
111,-86,1
114,-83,1
92,-102,1
91,-96,1
113,-130,1
85,-100,1
104,-97,1
120,-96,1
126,-99,1
127,-119,1
93,-114,1
130,-101,1
115,-86,1
109,-89,1
106,-90,1
112,-111,1
95,-90,1
103,-108,1
95,-127,1
121,-92,1
83,-111,1
107,-127,1
107,-121,1
90,-100,1
98,-122,1
108,-109,1
92,-99,1
124,-120,1
98,-104,1
85,-98,1
101,-118,1
121,-89,1
104,-111,1
130,-110,1
102,-96,1
111,-83,1
116,-109,1
104,-110,1
96,-114,1
108,-113,1
96,-93,1
90,-123,1
98,-107,1
104,-99,1
95,-121,1
106,-119,1
90,-99,1
103,-108,1
84,-97,1
119,-97,1
91,-118,1
101,-121,1
111,-111,1
108,-100,1
106,-112,1
126,-92,1
99,-122,1
95,-112,1
117,-125,1
92,-88,1
128,-117,1
92,-87,1
98,-94,1
126,-107,1
119,-116,1
102,-116,1
85,-104,1
107,-110,1
113,-119,1
102,-110,1
107,-88,1
100,-96,1
112,-120,1
91,-123,1
89,-105,1
116,-93,1
115,-121,1
105,-126,1
89,-92,1
92,-93,1
121,-117,1
107,-86,1
118,-120,1
87,-119,1
114,-87,1
107,-127,1
97,-89,1
95,-116,1
89,-120,1
111,-84,1
113,-83,1
88,-121,1
109,-90,1
118,-119,1
86,-102,1
96,-118,1
88,-90,1
112,-95,1
113,-100,1
86,-113,1
103,-129,1
109,-98,1
111,-88,1
121,-114,1
89,-122,1
122,-94,1
90,-89,1
111,-98,1
112,-106,1
105,-129,1
96,-121,1
102,-90,1
116,-99,1
112,-88,1
112,-124,1
122,-91,1
109,-100,1
86,-104,1
88,-117,1
98,-85,1
91,-96,1
112,-128,1
118,-112,1
114,-110,1
128,-107,1
127,-113,1
108,-121,1
106,-94,1
127,-116,1
112,-85,1
121,-99,1
102,-101,1
100,-112,1
126,-119,1
89,-99,1
121,-118,1
110,-125,1
118,-116,1
93,-121,1
116,-91,1
82,-100,1
111,-110,1
96,-119,1
130,-109,1
96,-105,1
110,-108,1
120,-105,1
111,-105,1
122,-110,1
118,-106,1
121,-126,1
90,-115,1
123,-116,1
119,-108,1
93,-108,1
106,-83,1
115,-91,1
112,-82,1
87,-94,1
122,-115,1
95,-121,1
127,-103,1
95,-94,1
107,-96,1
127,-116,1
85,-115,1
106,-97,1
100,-98,1
128,-103,1
113,-108,1
116,-109,1
86,-92,1
100,-129,1
95,-118,1
115,-97,1
117,-103,1
127,-105,1
123,-119,1
99,-114,1
107,-91,1
127,-117,1
110,-84,1
95,-104,1
115,-127,1
96,-110,1
109,-101,1
103,-119,1
122,-118,1
84,-102,1
104,-95,1
117,-119,1
101,-88,1
128,-104,1
111,-123,1
118,-126,1
85,-113,1
122,-102,1
102,-107,1
98,-111,1
91,-95,1
93,-97,1
120,-87,1
108,-129,1
104,-115,1
127,-95,1
103,-86,1
115,-128,1
87,-108,1
128,-100,1
82,-109,1
85,-119,1
94,-95,1
117,-95,1
127,-103,1
92,-97,1
116,-95,1
108,-120,1
107,-93,1
100,-99,1
107,-118,1
85,-99,1
87,-110,1
123,-104,1
108,-123,1
100,-85,1
104,-106,1
99,-106,1
97,-92,1
-97,-123,0
-107,-126,0
-111,-116,0
-82,-105,0
-114,-85,0
-102,-127,0
-126,-113,0
-110,-91,0
-130,-108,0
-101,-102,0
-94,-105,0
-111,-127,0
-124,-108,0
-118,-93,0
-94,-126,0
-96,-86,0
-120,-106,0
-87,-92,0
-105,-123,0
-122,-109,0
-114,-97,0
-124,-116,0
-123,-118,0
-109,-96,0
-111,-98,0
-122,-114,0
-94,-120,0
-97,-95,0
-112,-84,0
-91,-110,0
-87,-94,0
-109,-88,0
-118,-86,0
-114,-127,0
-105,-89,0
-93,-92,0
-130,-100,0
-128,-114,0
-123,-89,0
-112,-84,0
-87,-101,0
-106,-127,0
-89,-114,0
-103,-83,0
-117,-125,0
-115,-124,0
-99,-130,0
-113,-121,0
-92,-89,0
-115,-86,0
-95,-96,0
-90,-95,0
-99,-88,0
-117,-117,0
-101,-126,0
-95,-91,0
-115,-111,0
-121,-109,0
-118,-119,0
-97,-100,0
-125,-113,0
-100,-122,0
-125,-119,0
-107,-111,0
-107,-82,0
-120,-88,0
-119,-115,0
-117,-87,0
-111,-119,0
-113,-94,0
-98,-105,0
-125,-101,0
-106,-84,0
-88,-98,0
-84,-117,0
-92,-95,0
-111,-90,0
-114,-99,0
-125,-94,0
-128,-110,0
-110,-115,0
-98,-107,0
-106,-104,0
-108,-88,0
-106,-84,0
-88,-101,0
-124,-107,0
-100,-129,0
-94,-116,0
-106,-119,0
-123,-92,0
-111,-117,0
-110,-88,0
-107,-102,0
-102,-130,0
-127,-115,0
-82,-101,0
-111,-105,0
-111,-124,0
-112,-95,0
-107,-115,0
-86,-109,0
-107,-103,0
-89,-95,0
-115,-116,0
-92,-123,0
-121,-87,0
-83,-110,0
-114,-93,0
-113,-92,0
-116,-107,0
-99,-130,0
-98,-123,0
-95,-120,0
-114,-94,0
-119,-107,0
-125,-99,0
-104,-125,0
-103,-99,0
-99,-105,0
-95,-104,0
-93,-116,0
-119,-112,0
-112,-82,0
-85,-104,0
-110,-99,0
-112,-117,0
-103,-83,0
-126,-92,0
-89,-96,0
-87,-91,0
-98,-119,0
-105,-126,0
-108,-90,0
-94,-89,0
-106,-115,0
-86,-107,0
-96,-105,0
-107,-85,0
-123,-104,0
-91,-98,0
-121,-98,0
-99,-109,0
-107,-97,0
-120,-123,0
-83,-104,0
-88,-106,0
-96,-123,0
-98,-116,0
-101,-104,0
-111,-93,0
-102,-120,0
-94,-91,0
-91,-107,0
-100,-96,0
-88,-114,0
-88,-119,0
-85,-107,0
-97,-109,0
-93,-125,0
-101,-94,0
-123,-115,0
-97,-105,0
-90,-99,0
-101,-112,0
-116,-96,0
-107,-109,0
-114,-107,0
-120,-105,0
-106,-122,0
-92,-109,0
-110,-92,0
-89,-88,0
-86,-105,0
-107,-105,0
-84,-108,0
-111,-115,0
-125,-96,0
-115,-123,0
-88,-118,0
-104,-122,0
-107,-122,0
-125,-101,0
-117,-95,0
-122,-101,0
-102,-118,0
-89,-119,0
-87,-121,0
-103,-96,0
-130,-112,0
-105,-88,0
-98,-129,0
-91,-97,0
-92,-104,0
-123,-100,0
-89,-108,0
-96,-103,0
-105,-121,0
-101,-107,0
-106,-109,0
-108,-118,0
-106,-102,0
-90,-102,0
-84,-112,0
-91,-103,0
-96,-89,0
-93,-126,0
-107,-90,0
-103,-111,0
-120,-101,0
-117,-96,0
-110,-121,0
-109,-90,0
-107,-113,0
-100,-113,0
-91,-95,0
-115,-118,0
-87,-114,0
-116,-98,0
-106,-122,0
-97,-95,0
-107,-103,0
-92,-121,0
-112,-124,0
-104,-82,0
-126,-117,0
-107,-115,0
-105,-109,0
-104,-96,0
-121,-88,0
-111,-89,0
-106,-98,0
-104,-115,0
-88,-107,0
-114,-117,0
-98,-100,0
-90,-104,0
-83,-104,0
-112,-91,0
-118,-120,0
-93,-107,0
-120,-99,0
-109,-126,0
-130,-110,0
-101,-116,0
-94,-106,0
-117,-94,0
-106,-95,0
-117,-127,0
-89,-104,0
