-87,105,1
-124,93,1
-91,102,1
-94,115,1
-88,111,1
-90,117,1
-97,113,1
-100,129,1
-97,94,1
-107,121,1
-113,130,1
-95,117,1
-97,119,1
-110,105,1
-94,92,1
-122,106,1
-84,97,1
-111,108,1
-103,94,1
-122,102,1
-127,94,1
-102,93,1
-112,120,1
-116,123,1
-112,116,1
-92,110,1
-85,94,1
-116,86,1
-101,95,1
-99,89,1
-89,92,1
-95,108,1
-103,112,1
-131,106,1
-114,113,1
-92,100,1
-103,87,1
-86,102,1
-106,104,1
-94,102,1
-116,101,1
-87,114,1
-102,128,1
-95,100,1
-108,119,1
-98,91,1
-120,88,1
-93,89,1
-128,104,1
-118,85,1
-98,116,1
-83,103,1
-95,109,1
-94,121,1
-114,104,1
-89,100,1
-106,92,1
-114,128,1
-124,114,1
-103,96,1
-92,112,1
-87,92,1
-116,118,1
-112,103,1
-128,96,1
-118,124,1
-127,104,1
-90,125,1
-113,129,1
-119,104,1
-112,103,1
-107,86,1
-98,103,1
-113,98,1
-106,127,1
-88,89,1
-113,90,1
-88,108,1
-97,113,1
-99,130,1
-107,88,1
-88,122,1
-112,96,1
-111,87,1
-96,122,1
-114,122,1
-93,92,1
-82,106,1
-107,101,1
-100,126,1
-94,102,1
-107,120,1
-127,107,1
-89,117,1
-119,127,1
-104,115,1
-88,120,1
-103,127,1
-116,91,1
-111,96,1
-101,96,1
-93,91,1
-90,119,1
-108,103,1
-96,84,1
-106,84,1
-102,114,1
-121,119,1
-103,109,1
-103,114,1
-107,104,1
-98,103,1
-108,102,1
-83,114,1
-105,118,1
-117,98,1
-117,115,1
-118,110,1
-92,118,1
-93,115,1
-88,96,1
-113,93,1
-95,128,1
-89,105,1
-83,110,1
-85,108,1
-110,121,1
-91,111,1
-101,86,1
-123,96,1
-110,107,1
-108,112,1
-124,123,1
-115,114,1
-123,103,1
-115,116,1
-99,98,1
-92,100,1
-103,114,1
-100,85,1
-118,118,1
-104,101,1
-107,129,1
-124,116,1
-117,114,1
-101,118,1
-91,102,1
-90,107,1
-97,98,1
-110,115,1
-93,102,1
-92,117,1
-127,112,1
-127,100,1
-95,105,1
-99,91,1
-100,86,1
-110,95,1
-94,105,1
-118,92,1
-86,105,1
-98,100,1
-89,94,1
-85,107,1
-94,95,1
-111,114,1
-91,108,1
-124,110,1
-117,104,1
-103,108,1
-104,111,1
-99,108,1
-102,122,1
-109,119,1
-110,101,1
-92,120,1
-112,106,1
-107,82,1
-114,124,1
-90,113,1
-119,97,1
-107,83,1
-105,87,1
-115,115,1
-89,104,1
-124,112,1
-83,111,1
-103,118,1
-94,113,1
-115,124,1
-97,100,1
-99,110,1
-130,103,1
-100,114,1
-115,86,1
-96,123,1
-97,115,1
-93,118,1
-122,120,1
-120,122,1
-101,128,1
-119,127,1
-103,89,1
-82,104,1
-120,110,1
-85,119,1
-100,123,1
-100,108,1
-116,92,1
-115,85,1
-119,99,1
-89,104,1
-123,95,1
-107,113,1
-90,109,1
-103,93,1
-85,107,1
-90,93,1
-97,105,1
-100,115,1
-112,128,1
-124,107,1
-107,102,1
-121,104,1
-108,118,1
-93,89,1
-101,119,1
-92,96,1
-111,108,1
-114,94,1
-128,100,1
-112,112,1
-106,123,1
-110,89,1
-87,93,1
-121,125,1
-100,128,1
-94,96,1
-110,130,1
-108,86,1
-95,125,1
-107,96,1
-122,90,1
-84,105,1
-118,121,1
-90,124,1
-91,125,1
-124,106,1
-99,96,1
-94,116,1
99,103,0
105,104,0
99,98,0
100,96,0
109,129,0
116,129,0
104,92,0
93,101,0
124,107,0
95,86,0
119,99,0
90,94,0
93,127,0
100,124,0
118,108,0
114,118,0
103,106,0
100,85,0
115,124,0
106,87,0
122,99,0
97,112,0
98,111,0
126,113,0
122,124,0
88,101,0
118,108,0
108,101,0
122,116,0
96,106,0
127,107,0
98,108,0
87,120,0
99,101,0
108,83,0
94,124,0
85,93,0
105,82,0
95,113,0
102,109,0
111,115,0
115,122,0
112,93,0
104,127,0
100,119,0
103,128,0
116,94,0
84,97,0
96,98,0
100,118,0
104,87,0
101,107,0
126,97,0
116,122,0
108,107,0
120,93,0
93,108,0
121,103,0
91,87,0
91,103,0
122,121,0
109,92,0
114,121,0
115,104,0
115,121,0
86,112,0
130,110,0
129,107,0
123,112,0
111,97,0
115,99,0
96,95,0
117,125,0
95,87,0
114,89,0
122,117,0
118,126,0
105,124,0
107,97,0
109,94,0
103,86,0
104,124,0
103,117,0
109,114,0
126,93,0
112,129,0
123,95,0
124,110,0
97,86,0
118,105,0
118,110,0
96,112,0
106,103,0
110,108,0
103,84,0
99,124,0
124,108,0
128,104,0
113,127,0
112,82,0
104,96,0
116,114,0
117,84,0
120,104,0
116,103,0
121,88,0
107,120,0
111,95,0
109,126,0
100,92,0
97,100,0
120,108,0
102,100,0
103,86,0
91,95,0
95,123,0
97,98,0
125,118,0
107,82,0
98,89,0
90,88,0
102,93,0
98,93,0
86,109,0
88,102,0
119,99,0
100,114,0
123,98,0
115,119,0
120,95,0
121,111,0
82,106,0
110,96,0
124,90,0
109,86,0
100,85,0
114,88,0
82,112,0
101,112,0
110,120,0
110,128,0
83,110,0
95,108,0
119,108,0
109,129,0
88,120,0
126,100,0
89,90,0
97,90,0
101,104,0
109,107,0
129,102,0
115,121,0
88,121,0
123,121,0
109,112,0
105,116,0
85,105,0
129,112,0
109,96,0
130,101,0
106,92,0
121,107,0
85,116,0
85,112,0
86,99,0
98,115,0
98,121,0
97,102,0
117,101,0
89,90,0
121,87,0
93,120,0
85,113,0
100,100,0
85,115,0
126,108,0
121,123,0
86,100,0
98,112,0
109,123,0
94,86,0
102,112,0
107,130,0
109,122,0
99,91,0
118,97,0
95,101,0
116,87,0
95,98,0
97,128,0
117,100,0
103,107,0
125,116,0
91,120,0
106,107,0
109,117,0
92,94,0
109,119,0
109,91,0
121,90,0
108,94,0
105,102,0
117,118,0
103,122,0
115,98,0
121,118,0
116,121,0
98,129,0
93,105,0
129,108,0
100,99,0
127,99,0
126,108,0
103,118,0
103,88,0
128,115,0
105,103,0
108,93,0
104,82,0
99,104,0
88,103,0
110,128,0
105,83,0
93,94,0
84,113,0
107,88,0
97,99,0
116,100,0
94,104,0
93,102,0
120,89,0
105,120,0
99,121,0
121,103,0
85,116,0
118,118,0
94,117,0
122,118,0
116,102,0
93,90,0
102,89,0
128,118,0
124,94,0
103,110,0
121,122,0
99,129,0
109,83,0
107,88,0
112,109,0
96,-106,1
104,-130,1
103,-115,1
96,-116,1
125,-119,1
96,-85,1
98,-112,1
115,-122,1
104,-107,1
97,-91,1
96,-96,1
117,-108,1
95,-91,1
107,-123,1
114,-129,1
98,-129,1
129,-110,1
95,-120,1
101,-87,1
130,-100,1
103,-130,1
85,-97,1
90,-124,1
96,-85,1
111,-124,1
106,-113,1
110,-94,1
106,-123,1
114,-86,1
97,-110,1
125,-110,1
90,-106,1
120,-117,1
121,-121,1
117,-99,1
111,-86,1
120,-91,1
103,-122,1
115,-95,1
101,-103,1
100,-113,1
119,-97,1
108,-112,1
118,-127,1
95,-106,1
115,-111,1
120,-91,1
112,-102,1
85,-114,1
85,-113,1
123,-96,1
97,-101,1
99,-96,1
86,-117,1
93,-86,1
108,-100,1
92,-117,1
98,-107,1
121,-111,1
105,-107,1
101,-120,1
87,-116,1
123,-120,1
96,-107,1
123,-116,1
97,-83,1
105,-118,1
112,-111,1
113,-106,1
97,-107,1
104,-103,1
109,-88,1
91,-98,1
99,-104,1
85,-108,1
101,-99,1
101,-88,1
107,-101,1
116,-98,1
91,-90,1
118,-124,1
91,-120,1
110,-118,1
125,-97,1
97,-96,1
102,-112,1
125,-94,1
119,-126,1
112,-94,1
98,-128,1
85,-109,1
91,-89,1
120,-117,1
91,-120,1
127,-112,1
115,-96,1
123,-114,1
106,-110,1
105,-84,1
110,-106,1
95,-92,1
123,-95,1
94,-98,1
88,-107,1
124,-106,1
118,-104,1
121,-91,1
101,-84,1
114,-117,1
117,-88,1
108,-82,1
127,-107,1
92,-122,1
100,-100,1
113,-107,1
85,-109,1
120,-123,1
105,-97,1
84,-99,1
128,-102,1
98,-101,1
128,-112,1
108,-110,1
123,-108,1
94,-124,1
112,-96,1
101,-85,1
91,-97,1
106,-111,1
127,-100,1
99,-128,1
113,-111,1
103,-121,1
90,-125,1
108,-86,1
112,-100,1
98,-107,1
122,-113,1
121,-117,1
113,-122,1
105,-129,1
124,-101,1
109,-96,1
114,-95,1
122,-88,1
105,-103,1
108,-108,1
118,-113,1
107,-87,1
91,-110,1
117,-85,1
88,-97,1
87,-92,1
118,-87,1
121,-99,1
112,-128,1
121,-97,1
103,-126,1
102,-112,1
88,-105,1
89,-124,1
102,-112,1
121,-109,1
100,-88,1
121,-105,1
91,-115,1
104,-105,1
84,-112,1
118,-89,1
92,-94,1
102,-115,1
122,-122,1
99,-109,1
126,-119,1
103,-102,1
94,-104,1
94,-105,1
120,-98,1
87,-99,1
109,-107,1
93,-120,1
125,-112,1
103,-96,1
85,-103,1
116,-84,1
96,-123,1
96,-106,1
116,-91,1
104,-127,1
98,-95,1
98,-100,1
83,-107,1
128,-107,1
120,-98,1
97,-99,1
91,-114,1
85,-100,1
118,-126,1
85,-103,1
97,-118,1
112,-111,1
110,-103,1
130,-100,1
127,-108,1
101,-128,1
127,-93,1
87,-101,1
99,-118,1
119,-95,1
89,-95,1
98,-94,1
94,-127,1
106,-91,1
95,-90,1
98,-116,1
99,-97,1
89,-101,1
128,-111,1
120,-94,1
97,-126,1
97,-96,1
125,-90,1
117,-110,1
123,-102,1
104,-95,1
102,-91,1
108,-103,1
102,-104,1
119,-112,1
109,-102,1
130,-110,1
91,-126,1
115,-127,1
83,-110,1
111,-114,1
95,-114,1
110,-84,1
85,-97,1
103,-108,1
92,-120,1
98,-111,1
114,-88,1
90,-96,1
117,-126,1
115,-127,1
117,-118,1
93,-122,1
120,-114,1
96,-89,1
97,-109,1
-85,-110,0
-110,-100,0
-125,-100,0
-111,-83,0
-105,-109,0
-117,-84,0
-82,-103,0
-117,-89,0
-123,-115,0
-110,-97,0
-118,-93,0
-95,-104,0
-92,-88,0
-106,-99,0
-97,-86,0
-121,-102,0
-115,-99,0
-107,-86,0
-89,-107,0
-99,-103,0
-93,-111,0
-116,-117,0
-117,-121,0
-110,-107,0
-100,-124,0
-112,-119,0
-111,-93,0
-124,-95,0
-108,-114,0
-87,-90,0
-108,-104,0
-98,-83,0
-108,-124,0
-87,-120,0
-96,-99,0
-109,-103,0
-115,-110,0
-86,-94,0
-125,-102,0
-123,-109,0
-116,-94,0
-94,-107,0
-88,-108,0
-107,-83,0
-101,-87,0
-102,-113,0
-117,-118,0
-126,-116,0
-114,-112,0
-123,-111,0
-86,-113,0
-115,-85,0
-96,-97,0
-86,-96,0
-127,-97,0
-113,-97,0
-102,-100,0
-98,-92,0
-108,-102,0
-115,-110,0
-99,-117,0
-122,-100,0
-105,-99,0
-99,-87,0
-119,-126,0
-93,-110,0
-121,-97,0
-92,-112,0
-105,-128,0
-89,-108,0
-91,-87,0
-91,-102,0
-99,-106,0
-87,-115,0
-98,-91,0
-104,-100,0
-109,-92,0
-106,-103,0
-97,-115,0
-96,-88,0
-121,-111,0
-116,-109,0
-106,-94,0
-83,-100,0
-87,-100,0
-88,-94,0
-86,-114,0
-89,-98,0
-123,-102,0
-106,-113,0
-101,-85,0
-118,-98,0
-88,-112,0
-90,-94,0
-117,-120,0
-122,-121,0
-123,-95,0
-119,-111,0
-97,-103,0
-114,-111,0
-111,-110,0
-93,-120,0
-93,-89,0
-88,-92,0
-96,-113,0
-116,-93,0
-90,-121,0
-90,-114,0
-82,-108,0
-125,-100,0
-91,-113,0
-122,-115,0
-125,-98,0
-92,-108,0
-103,-125,0
-91,-93,0
-96,-115,0
-106,-115,0
-95,-95,0
-103,-96,0
-102,-88,0
-105,-88,0
-98,-106,0
-101,-109,0
-129,-112,0
-104,-105,0
-117,-122,0
-99,-129,0
-109,-126,0
-106,-108,0
-86,-99,0
-115,-93,0
-108,-102,0
-92,-110,0
-92,-87,0
-95,-94,0
-98,-98,0
-120,-98,0
-103,-107,0
-102,-101,0
-116,-85,0
-105,-118,0
-106,-117,0
-121,-117,0
-101,-84,0
-126,-119,0
-116,-116,0
-116,-93,0
-100,-96,0
-128,-113,0
-111,-82,0
-113,-116,0
-116,-99,0
-108,-101,0
-91,-104,0
-122,-123,0
-108,-119,0
-116,-87,0
-113,-98,0
-119,-103,0
-121,-121,0
-129,-116,0
-97,-94,0
-98,-99,0
-90,-98,0
-84,-111,0
-105,-117,0
-100,-109,0
-102,-109,0
-127,-101,0
-98,-120,0
-117,-126,0
-111,-128,0
-109,-94,0
-101,-97,0
-106,-113,0
-116,-127,0
-90,-89,0
-129,-115,0
-90,-106,0
-90,-108,0
-102,-106,0
-97,-119,0
-112,-114,0
-109,-97,0
-129,-103,0
-91,-93,0
-95,-127,0
-120,-101,0
-114,-98,0
-112,-118,0
-102,-129,0
-92,-112,0
-82,-102,0
-115,-126,0
-110,-83,0
-115,-87,0
-107,-125,0
-93,-107,0
-97,-119,0
-94,-101,0
-84,-111,0
-98,-98,0
-99,-103,0
-116,-123,0
-113,-91,0
-129,-108,0
-109,-114,0
-111,-105,0
-85,-96,0
-112,-85,0
-100,-122,0
-106,-116,0
-93,-91,0
-117,-121,0
-113,-112,0
-101,-123,0
-85,-119,0
-94,-120,0
-100,-114,0
-90,-112,0
-114,-104,0
-96,-110,0
-98,-110,0
-112,-90,0
-102,-123,0
-97,-115,0
-112,-124,0
-115,-115,0
-83,-110,0
-104,-128,0
-113,-94,0
-92,-89,0
-90,-114,0
-112,-125,0
-101,-89,0
-105,-110,0
-112,-83,0
-129,-97,0
-101,-84,0
-122,-105,0
-119,-88,0
-90,-88,0
-87,-95,0
-109,-121,0
-120,-95,0
-114,-98,0
-104,-107,0
-106,-110,0
-118,-92,0
