-100,76,1
-94,113,1
-113,102,1
-79,108,1
-87,102,1
-102,116,1
-104,85,1
-109,77,1
-83,100,1
-84,83,1
-103,83,1
-111,88,1
-118,91,1
-112,113,1
-81,90,1
-106,89,1
-115,117,1
-90,101,1
-90,109,1
-76,102,1
-121,101,1
-98,110,1
-108,82,1
-78,98,1
-88,91,1
-102,118,1
-87,78,1
-88,85,1
-114,95,1
-94,82,1
-97,89,1
-117,92,1
-119,106,1
-121,104,1
-95,108,1
-105,76,1
-116,95,1
-107,84,1
-91,106,1
-113,107,1
-88,82,1
-107,84,1
-109,77,1
-112,103,1
-106,92,1
-104,83,1
-109,92,1
-105,86,1
-96,83,1
-100,106,1
-120,106,1
-105,88,1
-123,104,1
-93,109,1
-84,110,1
-115,93,1
-122,95,1
-93,104,1
-93,92,1
-114,96,1
-84,113,1
-97,83,1
-105,118,1
-95,107,1
-94,82,1
-79,90,1
-116,106,1
-82,117,1
-106,92,1
-107,89,1
-94,100,1
-123,95,1
-113,95,1
-107,101,1
-111,111,1
-104,86,1
-75,103,1
-94,123,1
-95,118,1
-87,98,1
-105,85,1
-80,85,1
-97,88,1
-78,91,1
-120,94,1
-88,84,1
-104,109,1
-83,103,1
-95,78,1
-103,79,1
-91,117,1
-87,89,1
-110,102,1
-82,109,1
-111,101,1
-119,108,1
-87,105,1
-113,116,1
-111,111,1
-111,80,1
-82,106,1
-84,94,1
-106,97,1
-110,78,1
-88,91,1
-75,100,1
-84,109,1
-102,89,1
-97,119,1
-111,83,1
-107,116,1
-83,102,1
-102,121,1
-111,102,1
-83,89,1
-112,115,1
-107,101,1
-106,107,1
-92,115,1
-111,96,1
-105,85,1
-95,96,1
-110,101,1
-111,79,1
-89,102,1
-95,82,1
-111,92,1
-81,84,1
-94,117,1
-112,95,1
-99,75,1
-87,80,1
-118,87,1
-87,87,1
-78,103,1
-95,121,1
-90,111,1
-98,94,1
-106,111,1
-99,99,1
-96,98,1
-85,80,1
-110,89,1
-112,96,1
-98,79,1
-90,99,1
-112,109,1
-85,102,1
-88,96,1
-92,92,1
-113,80,1
-78,100,1
-106,110,1
-114,105,1
-94,116,1
-109,93,1
-101,115,1
-118,105,1
-109,81,1
-77,93,1
-119,94,1
-81,86,1
-93,96,1
-112,96,1
-100,85,1
-90,112,1
-109,82,1
-83,101,1
-88,82,1
-123,95,1
-93,77,1
-106,114,1
-77,98,1
-103,96,1
-97,89,1
-96,113,1
-99,109,1
-102,99,1
-112,78,1
-112,111,1
-76,100,1
-102,121,1
-86,87,1
-100,76,1
-87,97,1
-88,92,1
-96,107,1
-89,108,1
-94,109,1
-85,95,1
-75,105,1
-90,119,1
-110,121,1
-91,95,1
-96,100,1
-99,95,1
-96,84,1
-115,84,1
-104,96,1
-92,99,1
-83,118,1
-112,92,1
-98,85,1
-99,88,1
-89,118,1
-85,98,1
-104,86,1
-79,104,1
-117,104,1
-78,93,1
-111,95,1
-78,96,1
-98,99,1
-84,109,1
-81,91,1
-107,90,1
-123,93,1
-86,112,1
-116,96,1
-112,97,1
-94,109,1
-97,95,1
-77,97,1
-95,93,1
-84,117,1
-109,107,1
-85,91,1
-77,92,1
-102,96,1
-117,95,1
-96,120,1
-77,98,1
-80,83,1
-104,117,1
-97,107,1
-109,95,1
-97,83,1
-84,84,1
-103,80,1
-96,78,1
-99,121,1
-121,102,1
-95,81,1
-103,84,1
-106,104,1
-113,91,1
-83,83,1
-86,104,1
-83,92,1
-112,118,1
101,105,0
90,99,0
84,115,0
96,85,0
98,97,0
93,107,0
110,104,0
102,75,0
105,116,0
84,112,0
105,106,0
87,109,0
116,113,0
91,120,0
108,100,0
88,100,0
115,116,0
108,91,0
87,116,0
99,110,0
99,103,0
93,89,0
88,111,0
97,85,0
88,96,0
112,107,0
106,89,0
85,92,0
113,88,0
92,92,0
105,77,0
92,76,0
86,98,0
101,109,0
99,89,0
119,104,0
115,111,0
102,84,0
103,84,0
111,88,0
89,110,0
103,109,0
117,94,0
93,87,0
90,112,0
115,103,0
78,102,0
96,85,0
95,76,0
122,96,0
112,79,0
104,113,0
97,75,0
121,95,0
91,104,0
78,111,0
96,118,0
85,105,0
98,107,0
90,111,0
81,90,0
97,109,0
100,121,0
101,123,0
115,96,0
102,108,0
86,88,0
105,111,0
102,123,0
94,91,0
104,102,0
92,75,0
88,102,0
82,107,0
100,111,0
88,112,0
95,100,0
87,104,0
113,109,0
100,88,0
78,92,0
77,98,0
90,117,0
106,120,0
107,107,0
118,96,0
100,109,0
89,91,0
90,88,0
89,116,0
90,95,0
85,81,0
84,93,0
121,110,0
104,103,0
107,120,0
97,97,0
114,89,0
82,96,0
80,109,0
120,100,0
78,96,0
110,80,0
91,92,0
94,123,0
120,97,0
90,104,0
92,114,0
114,85,0
97,113,0
109,105,0
90,78,0
117,101,0
98,86,0
112,105,0
76,107,0
85,94,0
85,113,0
113,100,0
115,88,0
102,121,0
100,76,0
112,88,0
106,91,0
84,96,0
87,105,0
107,90,0
102,91,0
112,114,0
117,101,0
116,106,0
79,92,0
76,100,0
101,84,0
82,101,0
89,117,0
88,108,0
101,94,0
84,82,0
115,116,0
87,94,0
103,91,0
83,102,0
121,105,0
80,98,0
107,118,0
100,112,0
88,102,0
83,96,0
89,99,0
76,99,0
103,123,0
107,104,0
116,97,0
96,78,0
89,104,0
86,95,0
100,95,0
122,93,0
114,103,0
96,108,0
97,112,0
80,115,0
95,81,0
86,88,0
95,108,0
120,105,0
104,89,0
118,107,0
117,92,0
90,118,0
105,95,0
95,96,0
79,108,0
100,114,0
120,105,0
104,93,0
90,80,0
86,98,0
103,113,0
115,99,0
82,82,0
79,101,0
115,106,0
93,94,0
121,108,0
100,97,0
113,114,0
108,89,0
82,95,0
112,88,0
120,97,0
81,91,0
104,89,0
102,76,0
89,78,0
81,86,0
112,107,0
80,91,0
76,96,0
92,87,0
89,87,0
91,106,0
99,103,0
117,96,0
105,115,0
96,119,0
88,115,0
87,83,0
88,109,0
83,86,0
82,106,0
81,95,0
82,112,0
79,114,0
97,103,0
106,83,0
85,83,0
92,95,0
81,98,0
103,100,0
89,111,0
106,89,0
108,87,0
95,95,0
91,101,0
105,94,0
103,94,0
96,104,0
121,91,0
96,119,0
83,96,0
117,109,0
97,99,0
104,114,0
117,96,0
92,121,0
82,99,0
77,100,0
101,99,0
88,87,0
91,93,0
105,122,0
101,105,0
95,96,0
80,100,0
94,87,0
95,94,0
98,105,0
122,104,0
80,-113,1
119,-106,1
101,-80,1
105,-77,1
82,-86,1
114,-109,1
82,-91,1
107,-82,1
121,-104,1
116,-103,1
106,-121,1
95,-109,1
114,-104,1
107,-89,1
98,-108,1
100,-103,1
116,-90,1
108,-92,1
118,-110,1
116,-90,1
103,-81,1
110,-93,1
105,-95,1
110,-94,1
80,-104,1
81,-85,1
98,-112,1
100,-89,1
93,-122,1
85,-116,1
104,-112,1
106,-122,1
91,-99,1
82,-111,1
117,-89,1
99,-95,1
89,-116,1
116,-117,1
105,-110,1
76,-103,1
107,-100,1
86,-99,1
104,-113,1
108,-95,1
87,-106,1
90,-98,1
92,-90,1
76,-95,1
121,-110,1
118,-95,1
105,-100,1
113,-113,1
88,-113,1
96,-98,1
89,-113,1
84,-106,1
98,-96,1
94,-118,1
115,-117,1
100,-117,1
108,-120,1
95,-122,1
117,-85,1
95,-110,1
97,-107,1
88,-104,1
100,-107,1
121,-92,1
98,-119,1
107,-81,1
99,-98,1
118,-85,1
108,-88,1
82,-105,1
113,-103,1
90,-109,1
96,-118,1
93,-118,1
91,-103,1
108,-121,1
102,-86,1
108,-108,1
104,-78,1
114,-83,1
93,-89,1
102,-95,1
88,-91,1
118,-87,1
82,-114,1
118,-87,1
103,-97,1
117,-90,1
109,-107,1
79,-93,1
91,-101,1
92,-99,1
99,-80,1
110,-83,1
108,-105,1
114,-101,1
102,-115,1
106,-121,1
96,-82,1
86,-81,1
75,-100,1
94,-107,1
91,-98,1
111,-79,1
109,-114,1
110,-98,1
102,-92,1
114,-111,1
94,-99,1
116,-99,1
121,-103,1
88,-94,1
103,-94,1
102,-92,1
108,-117,1
98,-118,1
115,-117,1
109,-77,1
120,-89,1
106,-96,1
107,-117,1
111,-99,1
93,-89,1
99,-106,1
81,-109,1
111,-117,1
94,-105,1
118,-96,1
113,-98,1
113,-82,1
79,-98,1
84,-114,1
108,-120,1
104,-92,1
87,-97,1
97,-107,1
80,-95,1
112,-96,1
89,-81,1
117,-98,1
89,-94,1
94,-76,1
110,-94,1
100,-95,1
90,-92,1
104,-113,1
118,-88,1
91,-102,1
102,-99,1
92,-98,1
114,-94,1
118,-96,1
78,-88,1
89,-117,1
112,-80,1
97,-100,1
91,-97,1
91,-76,1
111,-120,1
88,-97,1
119,-86,1
75,-106,1
114,-96,1
100,-111,1
79,-103,1
107,-113,1
119,-99,1
118,-108,1
102,-78,1
112,-82,1
98,-113,1
83,-105,1
89,-87,1
117,-86,1
86,-82,1
85,-119,1
83,-92,1
96,-96,1
111,-119,1
101,-96,1
89,-118,1
106,-77,1
95,-123,1
113,-112,1
93,-117,1
98,-99,1
87,-94,1
82,-110,1
117,-107,1
100,-119,1
113,-100,1
81,-103,1
89,-111,1
99,-87,1
106,-97,1
113,-103,1
86,-98,1
101,-88,1
96,-83,1
114,-96,1
98,-120,1
89,-82,1
78,-94,1
115,-87,1
88,-80,1
105,-104,1
95,-113,1
88,-117,1
96,-95,1
122,-92,1
98,-95,1
108,-118,1
95,-104,1
111,-99,1
107,-107,1
86,-114,1
81,-89,1
83,-98,1
82,-101,1
100,-111,1
117,-107,1
97,-104,1
83,-88,1
110,-78,1
104,-76,1
113,-87,1
100,-118,1
93,-122,1
100,-102,1
93,-78,1
112,-112,1
82,-86,1
108,-108,1
105,-86,1
90,-115,1
93,-119,1
92,-121,1
123,-96,1
106,-109,1
119,-107,1
100,-91,1
116,-114,1
91,-121,1
112,-84,1
120,-90,1
99,-115,1
-122,-97,0
-95,-92,0
-102,-92,0
-105,-115,0
-90,-84,0
-107,-120,0
-92,-106,0
-107,-104,0
-89,-111,0
-93,-75,0
-88,-107,0
-86,-117,0
-86,-89,0
-102,-112,0
-105,-97,0
-118,-103,0
-108,-115,0
-88,-99,0
-119,-93,0
-122,-94,0
-122,-92,0
-104,-80,0
-100,-86,0
-112,-79,0
-80,-94,0
-101,-98,0
-97,-81,0
-88,-82,0
-87,-109,0
-101,-121,0
-99,-96,0
-90,-120,0
-85,-98,0
-77,-107,0
-88,-101,0
-77,-105,0
-118,-115,0
-104,-80,0
-98,-81,0
-116,-115,0
-83,-83,0
-102,-77,0
-107,-122,0
-91,-93,0
-112,-78,0
-93,-107,0
-93,-105,0
-95,-75,0
-85,-114,0
-117,-88,0
-112,-98,0
-96,-108,0
-115,-101,0
-97,-114,0
-94,-100,0
-105,-80,0
-77,-90,0
-92,-75,0
-76,-104,0
-116,-110,0
-85,-114,0
-119,-88,0
-91,-111,0
-83,-100,0
-104,-103,0
-95,-96,0
-85,-100,0
-112,-87,0
-95,-100,0
-83,-95,0
-95,-93,0
-105,-117,0
-96,-89,0
-95,-103,0
-111,-112,0
-93,-107,0
-106,-84,0
-90,-83,0
-110,-105,0
-93,-79,0
-82,-93,0
-85,-85,0
-92,-101,0
-80,-94,0
-88,-112,0
-95,-122,0
-101,-107,0
-87,-108,0
-85,-94,0
-100,-75,0
-91,-79,0
-78,-97,0
-112,-95,0
-77,-109,0
-108,-119,0
-92,-101,0
-108,-77,0
-88,-107,0
-107,-100,0
-121,-102,0
-80,-85,0
-89,-95,0
-75,-103,0
-100,-110,0
-121,-95,0
-90,-114,0
-95,-98,0
-92,-80,0
-90,-76,0
-102,-116,0
-95,-116,0
-80,-83,0
-103,-109,0
-82,-83,0
-116,-112,0
-118,-97,0
-82,-117,0
-102,-96,0
-81,-103,0
-107,-121,0
-114,-114,0
-83,-99,0
-98,-110,0
-92,-111,0
-83,-103,0
-76,-104,0
-106,-94,0
-115,-91,0
-105,-83,0
-104,-87,0
-88,-83,0
-83,-92,0
-122,-92,0
-104,-87,0
-123,-101,0
-86,-87,0
-82,-105,0
-111,-81,0
-112,-103,0
-105,-84,0
-114,-105,0
-96,-98,0
-103,-95,0
-109,-83,0
-98,-114,0
-98,-79,0
-80,-101,0
-104,-114,0
-98,-87,0
-104,-112,0
-117,-108,0
-81,-92,0
-110,-88,0
-117,-85,0
-100,-87,0
-117,-107,0
-113,-96,0
-95,-111,0
-83,-89,0
-120,-109,0
-85,-114,0
-112,-100,0
-81,-108,0
-121,-89,0
-116,-102,0
-98,-91,0
-84,-114,0
-110,-80,0
-108,-95,0
-112,-112,0
-115,-99,0
-83,-112,0
-93,-103,0
-118,-87,0
-88,-96,0
-82,-111,0
-90,-103,0
-92,-88,0
-99,-106,0
-117,-102,0
-107,-89,0
-99,-111,0
-79,-88,0
-95,-91,0
-95,-85,0
-87,-93,0
-101,-105,0
-100,-98,0
-94,-89,0
-121,-109,0
-89,-107,0
-92,-81,0
-90,-81,0
-109,-104,0
-104,-75,0
-102,-102,0
-112,-117,0
-111,-110,0
-86,-91,0
-86,-116,0
-120,-103,0
-95,-86,0
-115,-113,0
-105,-87,0
-112,-84,0
-114,-103,0
-107,-109,0
-101,-87,0
-107,-76,0
-118,-83,0
-120,-98,0
-82,-92,0
-81,-100,0
-87,-90,0
-110,-77,0
-115,-114,0
-105,-81,0
-92,-110,0
-93,-96,0
-101,-86,0
-107,-106,0
-89,-102,0
-84,-99,0
-104,-115,0
-100,-122,0
-93,-108,0
-115,-101,0
-96,-84,0
-83,-109,0
-113,-83,0
-104,-122,0
-119,-92,0
-98,-92,0
-120,-101,0
-121,-106,0
-107,-96,0
-91,-101,0
-97,-82,0
-117,-90,0
-91,-111,0
-81,-86,0
-122,-106,0
-108,-122,0
-107,-111,0
-95,-99,0
-90,-102,0
-108,-85,0
-100,-86,0
-94,-96,0
-112,-86,0
