-99,84,1
-118,94,1
-102,106,1
-98,118,1
-109,82,1
-122,100,1
-118,104,1
-83,114,1
-115,101,1
-108,103,1
-87,101,1
-116,111,1
-95,76,1
-116,94,1
-107,106,1
-96,91,1
-89,92,1
-78,93,1
-112,78,1
-106,83,1
-117,108,1
-109,90,1
-117,93,1
-120,94,1
-84,106,1
-78,109,1
-90,84,1
-103,88,1
-100,82,1
-88,112,1
-93,76,1
-96,76,1
-104,100,1
-101,106,1
-96,120,1
-116,105,1
-103,113,1
-84,97,1
-116,88,1
-117,114,1
-90,103,1
-112,90,1
-91,111,1
-93,107,1
-107,76,1
-108,90,1
-83,95,1
-83,104,1
-109,81,1
-98,122,1
-86,111,1
-93,75,1
-83,117,1
-101,101,1
-112,101,1
-91,103,1
-98,82,1
-117,91,1
-84,105,1
-107,99,1
-99,113,1
-86,98,1
-79,104,1
-98,102,1
-94,103,1
-118,111,1
-94,93,1
-81,100,1
-99,98,1
-83,94,1
-105,119,1
-111,119,1
-81,92,1
-99,108,1
-110,119,1
-96,89,1
-90,107,1
-105,99,1
-79,89,1
-83,88,1
-94,78,1
-107,115,1
-89,120,1
-110,87,1
-77,105,1
-75,105,1
-88,101,1
-96,88,1
-89,112,1
-97,88,1
-90,106,1
-120,109,1
-111,111,1
-85,106,1
-95,95,1
-109,102,1
-91,95,1
-105,111,1
-94,121,1
-80,105,1
-89,119,1
-99,81,1
-123,93,1
-118,83,1
-105,97,1
-89,82,1
-89,78,1
-112,84,1
-92,85,1
-89,109,1
-109,82,1
-88,114,1
-96,88,1
-109,82,1
-80,88,1
-101,82,1
-104,79,1
-109,108,1
-109,89,1
-79,86,1
-121,99,1
-91,85,1
-102,120,1
-96,75,1
-104,82,1
-109,89,1
-77,106,1
-105,80,1
-79,86,1
-82,83,1
-118,86,1
-82,87,1
-80,106,1
-87,102,1
-94,115,1
-108,102,1
-95,116,1
-86,93,1
-89,92,1
-84,80,1
-87,110,1
-99,115,1
-79,107,1
-101,100,1
-92,109,1
-115,91,1
-92,107,1
-116,107,1
-112,90,1
-115,93,1
-84,85,1
-93,101,1
-104,94,1
-94,80,1
-95,95,1
-122,106,1
-119,110,1
-78,94,1
-107,103,1
-105,83,1
-95,84,1
-116,99,1
-103,93,1
-118,107,1
-116,84,1
-98,123,1
-108,110,1
-97,92,1
-88,91,1
-79,89,1
-88,93,1
-111,117,1
-108,91,1
-107,105,1
-111,118,1
-102,94,1
-91,77,1
-81,94,1
-101,107,1
-109,103,1
-87,114,1
-108,82,1
-113,109,1
-98,86,1
-98,89,1
-82,85,1
-93,81,1
-107,111,1
-102,80,1
-103,107,1
-82,103,1
-115,102,1
-110,110,1
-101,104,1
-105,115,1
-95,105,1
-100,75,1
-79,108,1
-83,98,1
-97,75,1
-75,105,1
-78,112,1
-79,87,1
-90,81,1
-78,87,1
-84,112,1
-103,118,1
-107,88,1
-109,81,1
-98,122,1
-107,114,1
-117,101,1
-93,122,1
-85,110,1
-80,113,1
-88,84,1
-116,96,1
-98,97,1
-105,121,1
-113,104,1
-98,114,1
-106,110,1
-97,94,1
-123,102,1
-108,97,1
-92,105,1
-97,115,1
-102,87,1
-84,85,1
-93,76,1
-108,92,1
-106,102,1
-102,95,1
-112,79,1
-103,105,1
-79,109,1
-91,92,1
-82,104,1
-98,84,1
-82,85,1
-117,95,1
-85,118,1
-76,103,1
-116,111,1
-120,90,1
-91,114,1
-80,88,1
-78,100,1
-83,82,1
-110,117,1
112,114,0
84,116,0
100,99,0
89,83,0
95,94,0
86,100,0
115,114,0
99,98,0
101,98,0
84,86,0
93,116,0
85,94,0
116,108,0
103,117,0
82,88,0
97,84,0
120,112,0
90,110,0
93,98,0
80,96,0
86,108,0
83,110,0
94,83,0
106,104,0
79,103,0
93,95,0
95,86,0
112,113,0
101,107,0
98,119,0
89,119,0
81,85,0
116,97,0
112,108,0
115,80,0
106,107,0
81,88,0
123,96,0
109,87,0
117,83,0
95,78,0
97,92,0
119,106,0
105,99,0
85,95,0
109,110,0
89,109,0
85,82,0
83,106,0
103,95,0
93,118,0
108,121,0
101,78,0
105,90,0
82,93,0
104,89,0
94,110,0
110,105,0
119,88,0
118,97,0
92,84,0
89,105,0
102,75,0
114,98,0
84,110,0
97,93,0
80,85,0
96,85,0
96,89,0
119,89,0
104,77,0
96,122,0
106,75,0
103,83,0
87,80,0
86,104,0
94,110,0
94,89,0
112,120,0
78,105,0
85,114,0
81,84,0
110,112,0
92,104,0
112,92,0
95,112,0
104,89,0
112,96,0
103,118,0
86,108,0
77,105,0
121,103,0
110,120,0
95,123,0
119,89,0
93,92,0
108,106,0
91,83,0
82,98,0
89,87,0
102,101,0
90,78,0
116,87,0
108,96,0
90,82,0
109,98,0
85,96,0
105,123,0
101,116,0
86,112,0
91,85,0
117,90,0
115,108,0
85,102,0
104,104,0
90,117,0
91,100,0
116,86,0
123,99,0
99,110,0
86,119,0
89,97,0
108,88,0
75,96,0
103,123,0
115,82,0
81,104,0
91,115,0
112,86,0
112,104,0
75,103,0
114,102,0
101,79,0
87,97,0
97,102,0
100,86,0
85,111,0
84,89,0
80,110,0
82,87,0
93,116,0
82,106,0
108,86,0
111,114,0
100,99,0
104,111,0
106,114,0
97,104,0
92,100,0
101,95,0
113,113,0
103,81,0
111,88,0
84,84,0
76,106,0
78,88,0
100,83,0
100,97,0
96,116,0
85,89,0
115,104,0
102,92,0
106,88,0
114,87,0
108,112,0
79,92,0
102,117,0
75,93,0
117,95,0
116,107,0
118,102,0
113,117,0
85,92,0
99,83,0
110,104,0
83,105,0
122,90,0
98,120,0
98,108,0
120,108,0
96,92,0
94,107,0
109,83,0
113,96,0
114,89,0
106,106,0
90,111,0
111,91,0
113,79,0
89,87,0
104,109,0
92,114,0
117,98,0
100,95,0
117,111,0
100,107,0
102,85,0
105,82,0
116,110,0
113,105,0
115,89,0
104,98,0
83,96,0
80,108,0
84,89,0
97,108,0
80,109,0
101,100,0
99,83,0
87,112,0
111,103,0
80,83,0
83,82,0
82,116,0
82,107,0
78,94,0
103,100,0
109,84,0
93,92,0
91,110,0
86,104,0
80,96,0
105,110,0
117,97,0
117,104,0
100,118,0
87,116,0
121,93,0
88,82,0
93,121,0
118,91,0
93,119,0
94,123,0
93,108,0
120,102,0
119,86,0
81,94,0
82,84,0
100,118,0
113,112,0
93,90,0
123,93,0
87,81,0
101,97,0
84,101,0
115,92,0
89,86,0
104,105,0
106,122,0
84,83,0
96,-86,1
83,-103,1
101,-101,1
75,-105,1
97,-83,1
79,-88,1
81,-92,1
96,-88,1
87,-109,1
92,-96,1
105,-121,1
92,-116,1
77,-103,1
113,-90,1
97,-109,1
110,-79,1
116,-113,1
119,-98,1
98,-79,1
98,-92,1
110,-93,1
87,-112,1
76,-103,1
87,-108,1
111,-84,1
90,-97,1
89,-83,1
80,-96,1
98,-112,1
85,-109,1
86,-116,1
111,-80,1
104,-75,1
78,-94,1
105,-84,1
117,-96,1
105,-98,1
112,-114,1
94,-105,1
114,-101,1
86,-106,1
87,-87,1
114,-89,1
103,-112,1
93,-113,1
107,-104,1
110,-89,1
107,-79,1
101,-86,1
105,-98,1
93,-80,1
111,-95,1
109,-115,1
84,-89,1
92,-121,1
112,-106,1
105,-90,1
91,-114,1
104,-105,1
111,-97,1
95,-81,1
115,-89,1
107,-121,1
96,-121,1
98,-78,1
80,-108,1
104,-101,1
105,-93,1
104,-118,1
96,-110,1
117,-104,1
82,-86,1
110,-107,1
109,-118,1
80,-95,1
95,-76,1
91,-114,1
89,-88,1
113,-114,1
111,-116,1
107,-122,1
102,-102,1
92,-104,1
86,-114,1
118,-105,1
107,-121,1
108,-81,1
93,-110,1
82,-105,1
89,-104,1
83,-111,1
102,-90,1
90,-78,1
121,-108,1
93,-81,1
99,-114,1
112,-118,1
94,-88,1
89,-93,1
101,-81,1
104,-83,1
101,-115,1
78,-106,1
109,-117,1
102,-115,1
107,-82,1
103,-80,1
88,-121,1
120,-94,1
102,-87,1
87,-91,1
109,-78,1
111,-110,1
84,-104,1
81,-96,1
113,-115,1
116,-110,1
106,-119,1
106,-99,1
86,-78,1
118,-88,1
95,-101,1
116,-108,1
97,-121,1
119,-102,1
85,-106,1
104,-113,1
105,-108,1
79,-109,1
87,-94,1
92,-88,1
88,-111,1
100,-88,1
96,-108,1
92,-118,1
103,-97,1
113,-99,1
112,-93,1
103,-107,1
101,-114,1
87,-115,1
77,-99,1
92,-103,1
111,-98,1
100,-88,1
86,-96,1
83,-114,1
90,-107,1
85,-111,1
120,-89,1
92,-93,1
112,-90,1
109,-114,1
108,-79,1
94,-85,1
76,-94,1
110,-96,1
108,-87,1
100,-107,1
112,-111,1
86,-105,1
114,-98,1
84,-83,1
90,-111,1
82,-95,1
121,-91,1
107,-87,1
108,-86,1
97,-110,1
100,-87,1
106,-78,1
116,-107,1
92,-83,1
112,-109,1
86,-119,1
123,-95,1
97,-116,1
84,-102,1
86,-80,1
120,-103,1
110,-83,1
118,-106,1
83,-100,1
116,-94,1
97,-110,1
93,-77,1
103,-100,1
101,-119,1
99,-107,1
90,-79,1
83,-81,1
115,-111,1
107,-107,1
79,-104,1
96,-109,1
76,-104,1
101,-108,1
81,-96,1
95,-120,1
88,-98,1
96,-89,1
110,-92,1
96,-88,1
81,-93,1
80,-87,1
93,-112,1
93,-100,1
88,-121,1
112,-89,1
78,-94,1
98,-118,1
91,-103,1
117,-95,1
104,-118,1
86,-110,1
99,-116,1
84,-113,1
82,-81,1
79,-114,1
88,-112,1
99,-99,1
116,-86,1
88,-92,1
93,-91,1
96,-86,1
101,-97,1
84,-93,1
88,-103,1
112,-114,1
95,-114,1
114,-80,1
94,-107,1
99,-78,1
122,-91,1
93,-86,1
96,-92,1
96,-108,1
98,-98,1
118,-98,1
114,-108,1
85,-101,1
86,-86,1
97,-104,1
103,-97,1
100,-89,1
117,-93,1
79,-107,1
89,-83,1
93,-91,1
90,-119,1
-104,-121,0
-119,-86,0
-117,-96,0
-96,-89,0
-118,-104,0
-101,-120,0
-110,-117,0
-117,-101,0
-116,-106,0
-83,-104,0
-110,-86,0
-95,-99,0
-111,-104,0
-93,-123,0
-96,-114,0
-97,-115,0
-109,-89,0
-98,-81,0
-107,-105,0
-77,-105,0
-85,-90,0
-83,-82,0
-85,-81,0
-86,-100,0
-81,-82,0
-107,-99,0
-117,-101,0
-85,-103,0
-99,-98,0
-90,-81,0
-108,-115,0
-81,-116,0
-120,-96,0
-103,-110,0
-99,-76,0
-75,-99,0
-105,-82,0
-97,-77,0
-90,-103,0
-121,-94,0
-104,-104,0
-82,-101,0
-83,-114,0
-86,-105,0
-107,-104,0
-100,-76,0
-94,-115,0
-118,-92,0
-106,-90,0
-101,-98,0
-107,-110,0
-88,-119,0
-97,-78,0
-118,-101,0
-99,-95,0
-111,-94,0
-110,-79,0
-100,-86,0
-83,-100,0
-113,-86,0
-105,-85,0
-90,-98,0
-106,-97,0
-116,-111,0
-100,-118,0
-80,-84,0
-86,-120,0
-106,-88,0
-112,-80,0
-104,-77,0
-106,-102,0
-105,-123,0
-116,-95,0
-100,-94,0
-99,-87,0
-99,-83,0
-85,-104,0
-86,-118,0
-88,-95,0
-101,-96,0
-119,-86,0
-100,-92,0
-117,-96,0
-100,-83,0
-113,-109,0
-103,-93,0
-94,-100,0
-78,-87,0
-94,-117,0
-90,-118,0
-104,-97,0
-80,-85,0
-84,-116,0
-107,-76,0
-85,-104,0
-91,-83,0
-79,-90,0
-98,-88,0
-108,-96,0
-98,-110,0
-97,-75,0
-120,-111,0
-100,-84,0
-103,-88,0
-107,-80,0
-96,-77,0
-90,-109,0
-119,-104,0
-99,-76,0
-119,-106,0
-110,-111,0
-83,-92,0
-83,-108,0
-107,-104,0
-110,-78,0
-104,-91,0
-80,-91,0
-92,-83,0
-107,-108,0
-92,-107,0
-99,-110,0
-112,-114,0
-109,-89,0
-92,-119,0
-96,-94,0
-108,-97,0
-104,-83,0
-85,-118,0
-113,-109,0
-96,-91,0
-118,-107,0
-90,-118,0
-109,-81,0
-96,-118,0
-105,-99,0
-90,-81,0
-98,-119,0
-82,-114,0
-78,-97,0
-96,-102,0
-111,-86,0
-107,-88,0
-76,-97,0
-94,-110,0
-90,-77,0
-104,-117,0
-104,-117,0
-89,-119,0
-90,-92,0
-115,-102,0
-82,-88,0
-112,-101,0
-83,-100,0
-114,-90,0
-84,-108,0
-77,-103,0
-76,-108,0
-120,-110,0
-93,-114,0
-87,-92,0
-112,-104,0
-119,-113,0
-88,-78,0
-82,-114,0
-83,-101,0
-100,-98,0
-119,-96,0
-100,-101,0
-98,-86,0
-77,-108,0
-109,-119,0
-92,-90,0
-92,-110,0
-117,-99,0
-94,-84,0
-88,-109,0
-95,-89,0
-84,-115,0
-104,-115,0
-117,-110,0
-92,-114,0
-89,-106,0
-99,-108,0
-82,-113,0
-109,-115,0
-95,-93,0
-119,-112,0
-91,-96,0
-101,-88,0
-89,-90,0
-80,-112,0
-121,-93,0
-114,-98,0
-85,-100,0
-117,-94,0
-118,-106,0
-95,-107,0
-109,-92,0
-112,-103,0
-84,-80,0
-116,-93,0
-78,-91,0
-80,-87,0
-100,-102,0
-83,-82,0
-101,-77,0
-83,-84,0
-95,-112,0
-89,-95,0
-100,-81,0
-103,-75,0
-122,-96,0
-112,-85,0
-95,-118,0
-111,-96,0
-97,-113,0
-114,-110,0
-77,-99,0
-92,-114,0
-110,-91,0
-82,-88,0
-111,-119,0
-95,-109,0
-81,-90,0
-99,-101,0
-112,-92,0
-105,-104,0
-109,-120,0
-118,-85,0
-96,-75,0
-88,-91,0
-109,-108,0
-101,-111,0
-99,-103,0
-118,-84,0
-95,-112,0
-82,-84,0
-101,-88,0
-109,-88,0
-81,-84,0
-117,-103,0
-107,-109,0
-82,-87,0
-101,-102,0
-109,-103,0
-112,-109,0
-75,-101,0
-89,-78,0
-89,-101,0
-102,-115,0
