-98,90,1
-99,107,1
-80,111,1
-96,123,1
-102,121,1
-96,79,1
-91,85,1
-123,99,1
-113,113,1
-115,95,1
-110,102,1
-88,117,1
-93,89,1
-78,91,1
-105,97,1
-106,108,1
-103,80,1
-88,98,1
-90,85,1
-94,119,1
-97,120,1
-91,113,1
-111,105,1
-94,107,1
-94,117,1
-108,85,1
-95,117,1
-108,117,1
-85,82,1
-122,90,1
-102,82,1
-110,113,1
-114,79,1
-84,94,1
-79,114,1
-107,78,1
-83,117,1
-111,111,1
-94,82,1
-93,80,1
-93,93,1
-83,109,1
-97,112,1
-89,108,1
-99,117,1
-99,113,1
-93,97,1
-95,108,1
-100,77,1
-81,111,1
-90,86,1
-96,96,1
-83,97,1
-105,102,1
-108,78,1
-99,85,1
-91,97,1
-102,103,1
-109,103,1
-83,112,1
-109,81,1
-104,110,1
-104,108,1
-107,101,1
-116,92,1
-94,84,1
-84,111,1
-94,100,1
-115,86,1
-123,99,1
-113,114,1
-98,123,1
-90,115,1
-122,98,1
-88,101,1
-84,113,1
-121,94,1
-98,102,1
-82,94,1
-102,92,1
-79,100,1
-107,77,1
-98,98,1
-95,115,1
-117,99,1
-94,83,1
-101,120,1
-78,89,1
-86,92,1
-123,102,1
-106,86,1
-80,98,1
-101,123,1
-115,97,1
-101,88,1
-90,76,1
-100,82,1
-108,109,1
-109,118,1
-94,94,1
-94,113,1
-120,111,1
-120,93,1
-110,92,1
-94,97,1
-82,88,1
-96,97,1
-101,112,1
-82,116,1
-85,110,1
-100,119,1
-111,118,1
-90,108,1
-93,99,1
-100,108,1
-80,91,1
-121,101,1
-115,118,1
-118,98,1
-90,89,1
-105,93,1
-92,110,1
-85,86,1
-86,114,1
-81,102,1
-106,99,1
-114,114,1
-90,105,1
-90,102,1
-83,104,1
-99,120,1
-122,90,1
-107,112,1
-90,119,1
-86,111,1
-100,76,1
-113,112,1
-85,119,1
-94,95,1
-116,104,1
-113,86,1
-115,105,1
-94,88,1
-99,99,1
-88,84,1
-76,94,1
-86,102,1
-92,96,1
-91,81,1
-92,88,1
-89,106,1
-111,93,1
-103,108,1
-106,96,1
-105,96,1
-97,76,1
-103,116,1
-84,98,1
-100,76,1
-91,116,1
-86,86,1
-87,87,1
-113,97,1
-85,85,1
-100,122,1
-79,109,1
-110,114,1
-81,106,1
-76,96,1
-91,122,1
-95,83,1
-115,92,1
-80,97,1
-84,88,1
-108,110,1
-117,99,1
-118,108,1
-88,95,1
-104,90,1
-78,102,1
-109,89,1
-105,104,1
-98,118,1
-116,88,1
-118,109,1
-104,76,1
-91,102,1
-119,87,1
-104,97,1
-101,116,1
-108,93,1
-90,87,1
-77,101,1
-92,114,1
-119,91,1
-120,106,1
-93,85,1
-85,90,1
-80,92,1
-93,105,1
-118,107,1
-78,111,1
-83,113,1
-89,115,1
-108,85,1
-85,89,1
-80,112,1
-90,104,1
-107,94,1
-111,82,1
-92,93,1
-112,82,1
-108,99,1
-115,108,1
-101,76,1
-97,89,1
-104,113,1
-82,86,1
-117,113,1
-88,78,1
-95,107,1
-100,80,1
-100,80,1
-81,94,1
-104,102,1
-112,94,1
-92,86,1
-97,108,1
-82,113,1
-83,97,1
-90,104,1
-86,113,1
-84,82,1
-77,98,1
-97,101,1
-77,94,1
-83,85,1
-105,113,1
-83,103,1
-85,80,1
-113,114,1
-97,103,1
-116,101,1
-89,108,1
-117,107,1
-90,76,1
-117,82,1
-108,100,1
-101,83,1
-85,86,1
93,98,0
118,86,0
96,102,0
109,82,0
101,111,0
107,91,0
93,119,0
100,102,0
114,93,0
81,91,0
86,84,0
81,82,0
104,111,0
105,91,0
110,116,0
86,106,0
94,81,0
109,111,0
78,102,0
89,100,0
97,121,0
92,122,0
101,122,0
111,100,0
93,88,0
113,98,0
109,103,0
108,115,0
108,78,0
90,115,0
98,110,0
116,92,0
79,90,0
95,82,0
80,93,0
118,85,0
109,79,0
95,87,0
104,94,0
102,110,0
75,97,0
99,101,0
95,104,0
78,103,0
78,110,0
91,120,0
108,85,0
98,107,0
110,104,0
85,119,0
99,97,0
91,81,0
97,118,0
122,108,0
88,111,0
85,90,0
94,101,0
104,75,0
100,118,0
96,118,0
86,97,0
107,119,0
93,109,0
94,86,0
118,101,0
93,86,0
91,92,0
116,116,0
86,113,0
89,110,0
122,90,0
116,86,0
89,99,0
78,103,0
83,111,0
99,80,0
86,95,0
89,93,0
78,99,0
108,105,0
123,102,0
87,104,0
87,112,0
112,97,0
94,105,0
105,118,0
86,115,0
99,80,0
89,87,0
96,106,0
91,121,0
102,94,0
121,107,0
106,103,0
104,102,0
76,107,0
94,92,0
99,106,0
81,102,0
95,105,0
88,92,0
94,97,0
86,116,0
101,90,0
95,111,0
114,103,0
106,97,0
121,96,0
79,90,0
104,116,0
87,79,0
90,118,0
78,94,0
98,97,0
120,87,0
80,112,0
80,97,0
97,109,0
85,113,0
83,96,0
104,76,0
81,89,0
87,90,0
117,108,0
114,99,0
111,99,0
115,115,0
115,113,0
108,110,0
109,83,0
110,100,0
121,103,0
122,93,0
113,79,0
88,107,0
111,120,0
90,115,0
116,87,0
95,118,0
100,90,0
115,118,0
117,102,0
112,118,0
77,93,0
95,77,0
109,98,0
116,82,0
90,101,0
82,108,0
118,108,0
115,113,0
80,101,0
114,112,0
99,106,0
92,91,0
84,115,0
112,80,0
91,100,0
116,114,0
81,89,0
111,110,0
110,92,0
91,119,0
86,84,0
94,86,0
101,76,0
100,103,0
89,86,0
111,118,0
94,102,0
114,99,0
101,122,0
102,111,0
83,110,0
115,87,0
111,118,0
109,80,0
112,80,0
87,101,0
79,91,0
87,102,0
111,103,0
110,89,0
100,76,0
99,122,0
99,117,0
113,106,0
101,119,0
110,89,0
108,110,0
115,86,0
95,91,0
75,103,0
88,77,0
84,114,0
98,93,0
83,101,0
119,87,0
77,102,0
81,116,0
84,101,0
81,92,0
114,113,0
99,97,0
108,97,0
80,110,0
119,89,0
95,105,0
94,77,0
116,109,0
81,111,0
92,87,0
101,96,0
119,104,0
92,77,0
94,112,0
113,116,0
95,78,0
97,87,0
116,84,0
122,96,0
100,87,0
93,97,0
98,86,0
82,82,0
118,106,0
108,98,0
105,79,0
87,83,0
100,76,0
92,109,0
118,107,0
89,103,0
89,96,0
107,94,0
83,118,0
87,86,0
82,117,0
101,118,0
93,102,0
112,93,0
79,97,0
97,119,0
106,117,0
107,106,0
94,110,0
81,107,0
110,104,0
118,113,0
95,76,0
98,-84,1
84,-89,1
96,-97,1
102,-90,1
122,-104,1
115,-93,1
91,-120,1
103,-119,1
115,-103,1
101,-83,1
116,-102,1
94,-104,1
77,-89,1
87,-95,1
104,-80,1
119,-99,1
123,-97,1
108,-93,1
118,-85,1
88,-111,1
117,-94,1
104,-110,1
91,-89,1
101,-91,1
113,-118,1
99,-103,1
95,-103,1
92,-99,1
101,-100,1
98,-96,1
93,-83,1
81,-85,1
98,-83,1
85,-116,1
103,-99,1
75,-101,1
92,-75,1
105,-123,1
88,-109,1
79,-109,1
114,-114,1
94,-116,1
104,-83,1
95,-86,1
83,-111,1
98,-115,1
115,-102,1
92,-91,1
81,-102,1
103,-103,1
75,-94,1
98,-79,1
103,-79,1
91,-89,1
87,-104,1
103,-119,1
96,-86,1
105,-87,1
116,-84,1
99,-118,1
93,-113,1
103,-95,1
80,-84,1
102,-105,1
94,-90,1
114,-92,1
78,-108,1
97,-117,1
75,-104,1
86,-87,1
97,-122,1
82,-106,1
91,-121,1
112,-112,1
104,-99,1
82,-91,1
78,-102,1
92,-111,1
104,-94,1
88,-95,1
100,-76,1
110,-90,1
105,-117,1
102,-119,1
105,-78,1
86,-119,1
92,-121,1
120,-92,1
97,-90,1
107,-79,1
101,-93,1
112,-106,1
84,-107,1
79,-107,1
83,-85,1
88,-89,1
100,-81,1
107,-107,1
107,-90,1
82,-86,1
109,-88,1
99,-105,1
97,-120,1
108,-113,1
113,-89,1
92,-83,1
107,-88,1
95,-101,1
106,-120,1
104,-122,1
104,-90,1
120,-88,1
111,-95,1
116,-88,1
108,-92,1
96,-97,1
113,-95,1
86,-94,1
84,-81,1
97,-80,1
114,-88,1
99,-78,1
103,-95,1
96,-102,1
113,-87,1
100,-75,1
110,-118,1
80,-115,1
121,-100,1
108,-82,1
88,-82,1
114,-109,1
96,-103,1
98,-98,1
108,-108,1
93,-86,1
113,-79,1
92,-76,1
91,-81,1
109,-107,1
94,-120,1
101,-103,1
106,-121,1
87,-88,1
84,-83,1
96,-83,1
101,-91,1
102,-122,1
109,-120,1
83,-117,1
108,-86,1
100,-86,1
101,-79,1
101,-100,1
105,-109,1
77,-97,1
90,-88,1
118,-112,1
94,-118,1
106,-110,1
86,-102,1
104,-91,1
110,-91,1
112,-106,1
102,-77,1
98,-91,1
114,-104,1
95,-104,1
86,-87,1
99,-117,1
117,-108,1
105,-77,1
78,-99,1
103,-119,1
92,-91,1
113,-94,1
108,-97,1
122,-106,1
97,-81,1
78,-86,1
84,-82,1
91,-118,1
81,-113,1
115,-118,1
112,-120,1
121,-99,1
88,-90,1
120,-112,1
89,-78,1
104,-76,1
85,-90,1
91,-106,1
112,-105,1
93,-97,1
93,-78,1
100,-88,1
89,-98,1
88,-80,1
98,-77,1
101,-103,1
82,-115,1
103,-95,1
103,-85,1
94,-83,1
84,-104,1
79,-99,1
114,-97,1
118,-83,1
92,-111,1
108,-107,1
74,-99,1
83,-109,1
107,-102,1
95,-116,1
87,-92,1
97,-90,1
108,-99,1
108,-86,1
94,-75,1
86,-89,1
113,-97,1
117,-87,1
94,-115,1
88,-102,1
86,-95,1
80,-103,1
119,-108,1
121,-101,1
82,-88,1
87,-81,1
104,-84,1
80,-107,1
109,-88,1
90,-117,1
110,-89,1
115,-96,1
102,-99,1
104,-115,1
112,-113,1
90,-115,1
102,-114,1
116,-87,1
107,-101,1
117,-110,1
97,-120,1
112,-83,1
94,-91,1
115,-90,1
91,-89,1
102,-98,1
-95,-99,0
-79,-95,0
-111,-105,0
-80,-107,0
-89,-85,0
-87,-82,0
-102,-91,0
-109,-92,0
-92,-80,0
-78,-98,0
-95,-110,0
-115,-114,0
-85,-117,0
-108,-111,0
-111,-96,0
-94,-108,0
-84,-116,0
-101,-88,0
-113,-115,0
-83,-97,0
-82,-116,0
-109,-91,0
-78,-102,0
-120,-86,0
-109,-117,0
-101,-95,0
-118,-98,0
-85,-110,0
-81,-111,0
-91,-82,0
-99,-106,0
-81,-101,0
-87,-108,0
-81,-105,0
-119,-102,0
-83,-81,0
-77,-88,0
-110,-96,0
-81,-115,0
-88,-84,0
-91,-114,0
-120,-109,0
-116,-112,0
-123,-104,0
-100,-107,0
-107,-100,0
-108,-119,0
-90,-114,0
-101,-94,0
-117,-97,0
-103,-111,0
-119,-100,0
-87,-108,0
-106,-85,0
-84,-91,0
-111,-88,0
-78,-108,0
-95,-122,0
-82,-106,0
-114,-97,0
-94,-79,0
-92,-109,0
-87,-113,0
-99,-104,0
-118,-89,0
-89,-120,0
-114,-95,0
-78,-104,0
-103,-110,0
-81,-96,0
-91,-119,0
-82,-109,0
-105,-88,0
-97,-113,0
-105,-86,0
-94,-110,0
-113,-86,0
-116,-87,0
-86,-103,0
-78,-101,0
-123,-104,0
-79,-98,0
-88,-83,0
-90,-103,0
-97,-110,0
-107,-88,0
-107,-110,0
-121,-92,0
-82,-81,0
-114,-101,0
-77,-95,0
-81,-93,0
-114,-100,0
-85,-91,0
-86,-94,0
-108,-83,0
-123,-103,0
-78,-88,0
-84,-98,0
-93,-88,0
-91,-100,0
-108,-107,0
-109,-114,0
-122,-95,0
-92,-114,0
-112,-117,0
-91,-79,0
-99,-120,0
-75,-105,0
-96,-109,0
-113,-110,0
-116,-89,0
-87,-119,0
-77,-97,0
-105,-116,0
-91,-84,0
-85,-101,0
-75,-103,0
-90,-101,0
-97,-92,0
-88,-117,0
-89,-116,0
-104,-81,0
-117,-92,0
-95,-78,0
-113,-97,0
-111,-90,0
-99,-111,0
-102,-89,0
-98,-83,0
-83,-84,0
-100,-81,0
-83,-108,0
-100,-104,0
-90,-107,0
-118,-102,0
-108,-110,0
-108,-79,0
-113,-95,0
-94,-104,0
-123,-93,0
-98,-111,0
-101,-87,0
-117,-112,0
-104,-105,0
-118,-115,0
-100,-91,0
-100,-108,0
-80,-114,0
-77,-101,0
-86,-106,0
-109,-116,0
-97,-108,0
-93,-94,0
-113,-111,0
-109,-98,0
-91,-86,0
-98,-84,0
-121,-96,0
-110,-86,0
-122,-95,0
-104,-122,0
-101,-91,0
-101,-97,0
-90,-109,0
-113,-82,0
-90,-78,0
-95,-80,0
-94,-93,0
-111,-107,0
-95,-91,0
-85,-115,0
-105,-92,0
-90,-97,0
-103,-103,0
-90,-113,0
-102,-87,0
-107,-100,0
-112,-93,0
-81,-114,0
-81,-92,0
-98,-99,0
-88,-106,0
-99,-101,0
-96,-82,0
-96,-88,0
-84,-107,0
-107,-85,0
-75,-94,0
-99,-101,0
-85,-108,0
-91,-100,0
-104,-76,0
-87,-101,0
-100,-95,0
-79,-111,0
-84,-100,0
-108,-80,0
-111,-90,0
-117,-88,0
-99,-108,0
-86,-112,0
-99,-106,0
-105,-106,0
-114,-95,0
-113,-93,0
-102,-116,0
-100,-96,0
-120,-93,0
-113,-113,0
-100,-104,0
-87,-107,0
-95,-93,0
-101,-85,0
-85,-82,0
-119,-113,0
-79,-103,0
-114,-92,0
-98,-98,0
-114,-96,0
-109,-78,0
-115,-100,0
-78,-87,0
-75,-96,0
-94,-106,0
-101,-110,0
-92,-76,0
-94,-89,0
-92,-122,0
-85,-94,0
-87,-105,0
-117,-82,0
-95,-115,0
-107,-84,0
-114,-85,0
-101,-119,0
-82,-87,0
-99,-105,0
-95,-98,0
-119,-86,0
-86,-119,0
-119,-89,0
-113,-102,0
-101,-103,0
-105,-89,0
-99,-102,0
-114,-117,0
-119,-94,0
-86,-115,0
-88,-78,0
