-205,198,1
-185,183,1
-219,196,1
-197,183,1
-179,183,1
-204,191,1
-199,208,1
-218,212,1
-197,174,1
-189,220,1
-222,192,1
-215,184,1
-193,221,1
-197,208,1
-191,190,1
-203,194,1
-185,219,1
-217,185,1
-205,216,1
-211,216,1
-205,209,1
-178,207,1
-185,198,1
-194,206,1
-193,183,1
-214,210,1
-189,206,1
-188,180,1
-183,217,1
-181,181,1
-200,195,1
-193,206,1
-203,209,1
-199,188,1
-183,179,1
-215,193,1
-221,195,1
-184,197,1
-207,214,1
-189,181,1
-190,208,1
-191,203,1
-199,212,1
-190,176,1
-221,205,1
-199,210,1
-196,183,1
-198,212,1
-205,210,1
-188,218,1
-181,185,1
-216,207,1
-181,195,1
-187,194,1
-207,212,1
-203,174,1
-216,200,1
-190,188,1
-188,204,1
-184,214,1
-204,222,1
-194,201,1
-204,181,1
-213,214,1
-189,221,1
-192,185,1
-209,195,1
-191,213,1
-211,193,1
-179,199,1
-191,210,1
-197,206,1
-189,199,1
-185,179,1
-197,208,1
-205,187,1
-193,212,1
-182,182,1
-181,210,1
-208,218,1
-219,207,1
-215,208,1
-185,212,1
-201,193,1
-184,182,1
-200,210,1
-194,205,1
-208,214,1
-182,194,1
-198,177,1
-181,192,1
-191,197,1
-189,182,1
-189,201,1
-179,192,1
-195,175,1
-219,189,1
-196,196,1
-195,193,1
-188,185,1
-191,186,1
-190,214,1
-215,194,1
-206,197,1
-207,175,1
-201,195,1
-219,200,1
-185,214,1
-210,200,1
-192,207,1
-186,194,1
-210,203,1
-220,205,1
-175,207,1
-202,219,1
-212,189,1
-219,205,1
-204,213,1
-191,201,1
-181,210,1
-192,177,1
-215,198,1
-196,206,1
-198,196,1
-184,192,1
-203,222,1
-210,190,1
-201,186,1
-214,203,1
-200,194,1
-199,188,1
-191,198,1
-190,181,1
-191,207,1
-186,197,1
-216,189,1
-199,207,1
-203,184,1
-209,217,1
-219,191,1
-189,179,1
-180,193,1
-180,183,1
-192,222,1
-214,202,1
-174,201,1
-191,209,1
-204,188,1
-205,206,1
-183,211,1
-200,186,1
-194,180,1
-214,210,1
-210,194,1
-182,216,1
-216,186,1
-204,202,1
-178,213,1
-212,218,1
-208,188,1
-185,178,1
-211,214,1
-197,179,1
-191,194,1
-177,190,1
-181,197,1
-194,187,1
-193,183,1
-188,187,1
-205,182,1
-207,216,1
-216,192,1
-183,208,1
-181,209,1
-191,184,1
-180,188,1
-185,206,1
-187,177,1
-192,180,1
-207,190,1
-176,200,1
-204,192,1
-195,210,1
-202,198,1
-198,210,1
-208,189,1
-204,177,1
-214,206,1
-215,181,1
-199,196,1
-195,215,1
-203,222,1
-214,214,1
-180,197,1
-186,184,1
-184,197,1
-174,202,1
-196,192,1
-185,212,1
-219,202,1
-208,216,1
-186,214,1
-181,185,1
-190,201,1
-221,202,1
-198,197,1
-178,205,1
-194,198,1
-196,221,1
-198,173,1
-190,196,1
-196,201,1
-212,181,1
-203,209,1
-184,215,1
-199,191,1
-196,183,1
-199,193,1
-191,210,1
-195,221,1
-174,193,1
-193,206,1
-200,207,1
-205,174,1
-205,217,1
-181,214,1
-198,215,1
-221,190,1
-204,217,1
-178,191,1
-187,190,1
-192,178,1
-202,194,1
-184,200,1
-210,202,1
-177,208,1
-182,199,1
-181,184,1
-193,222,1
-178,184,1
-213,188,1
-198,174,1
-202,193,1
-195,221,1
-194,208,1
-218,190,1
-200,174,1
-185,215,1
-174,197,1
-212,183,1
191,217,0
205,190,0
199,202,0
219,197,0
198,198,0
207,185,0
198,202,0
217,182,0
181,203,0
193,174,0
187,186,0
195,181,0
182,207,0
193,214,0
213,212,0
190,203,0
198,176,0
188,187,0
191,192,0
213,182,0
214,181,0
183,209,0
192,179,0
197,192,0
201,182,0
193,185,0
198,174,0
207,183,0
185,189,0
199,178,0
208,201,0
192,179,0
184,192,0
180,184,0
199,213,0
177,205,0
189,182,0
202,185,0
183,204,0
175,194,0
203,181,0
190,221,0
189,218,0
184,188,0
200,175,0
178,208,0
193,200,0
184,186,0
193,218,0
207,219,0
206,181,0
209,206,0
221,201,0
219,195,0
203,220,0
175,196,0
185,203,0
205,190,0
196,220,0
215,193,0
202,192,0
221,198,0
189,199,0
214,189,0
203,185,0
178,210,0
218,195,0
206,189,0
189,196,0
193,212,0
203,216,0
178,196,0
185,194,0
193,215,0
200,209,0
197,204,0
206,189,0
205,210,0
182,198,0
183,179,0
204,200,0
185,189,0
212,179,0
208,217,0
192,176,0
188,202,0
198,216,0
204,207,0
202,222,0
184,201,0
195,192,0
185,189,0
208,198,0
176,205,0
183,217,0
184,218,0
197,210,0
184,180,0
182,215,0
199,201,0
180,191,0
192,204,0
197,197,0
207,198,0
214,182,0
202,196,0
186,184,0
216,183,0
216,201,0
211,218,0
213,208,0
175,200,0
175,190,0
215,199,0
209,192,0
197,209,0
191,177,0
216,214,0
217,202,0
185,201,0
193,205,0
208,196,0
197,199,0
185,213,0
185,191,0
192,215,0
196,209,0
186,201,0
196,214,0
196,174,0
209,205,0
196,214,0
220,207,0
220,198,0
208,190,0
206,213,0
213,206,0
214,180,0
205,211,0
206,184,0
180,190,0
194,186,0
206,185,0
202,180,0
205,212,0
195,184,0
194,183,0
211,195,0
216,204,0
192,216,0
190,214,0
206,201,0
183,188,0
199,184,0
198,204,0
186,218,0
215,213,0
203,190,0
219,211,0
203,214,0
185,177,0
203,208,0
206,221,0
191,196,0
213,209,0
202,221,0
180,181,0
193,221,0
213,188,0
182,212,0
214,203,0
210,194,0
184,217,0
185,196,0
210,189,0
212,198,0
205,189,0
197,213,0
179,189,0
211,219,0
195,187,0
179,191,0
215,210,0
195,222,0
201,183,0
184,188,0
205,191,0
187,190,0
198,189,0
193,186,0
182,194,0
206,211,0
190,220,0
199,214,0
192,193,0
181,185,0
184,187,0
199,208,0
193,201,0
178,190,0
201,188,0
176,192,0
178,203,0
191,177,0
193,196,0
205,214,0
181,213,0
198,203,0
190,187,0
208,190,0
200,196,0
179,212,0
204,221,0
205,217,0
208,193,0
206,199,0
188,187,0
220,209,0
191,212,0
195,190,0
187,198,0
205,206,0
194,222,0
178,208,0
210,186,0
196,178,0
208,193,0
214,183,0
209,179,0
199,201,0
208,200,0
207,175,0
194,198,0
205,182,0
210,195,0
220,191,0
186,204,0
176,208,0
206,175,0
204,210,0
182,201,0
208,191,0
203,220,0
192,195,0
208,192,0
222,195,0
182,186,0
197,196,0
186,189,0
191,210,0
177,-195,1
197,-210,1
196,-209,1
212,-194,1
178,-203,1
188,-186,1
198,-212,1
192,-178,1
182,-211,1
212,-202,1
203,-199,1
207,-218,1
199,-197,1
198,-174,1
195,-201,1
195,-196,1
202,-202,1
184,-202,1
212,-184,1
187,-192,1
187,-218,1
201,-195,1
212,-193,1
206,-220,1
204,-188,1
192,-176,1
194,-192,1
188,-181,1
199,-210,1
178,-193,1
207,-175,1
197,-187,1
191,-217,1
187,-188,1
207,-220,1
207,-198,1
206,-191,1
217,-192,1
201,-188,1
193,-215,1
187,-218,1
187,-194,1
177,-208,1
204,-209,1
200,-192,1
214,-204,1
204,-186,1
200,-222,1
209,-215,1
208,-180,1
200,-177,1
182,-182,1
185,-218,1
206,-187,1
185,-202,1
186,-219,1
185,-213,1
185,-213,1
208,-198,1
216,-213,1
178,-185,1
220,-192,1
183,-213,1
185,-197,1
202,-185,1
210,-178,1
181,-189,1
190,-182,1
185,-200,1
178,-183,1
198,-203,1
201,-187,1
182,-190,1
210,-182,1
208,-184,1
179,-191,1
197,-215,1
186,-183,1
198,-187,1
211,-189,1
183,-183,1
185,-200,1
203,-189,1
182,-185,1
220,-200,1
200,-197,1
186,-197,1
198,-180,1
205,-221,1
185,-207,1
187,-216,1
194,-216,1
211,-202,1
215,-185,1
217,-211,1
193,-221,1
203,-206,1
203,-201,1
199,-219,1
190,-176,1
214,-193,1
193,-221,1
210,-211,1
211,-214,1
179,-212,1
204,-217,1
181,-193,1
193,-191,1
207,-212,1
217,-204,1
211,-189,1
181,-209,1
206,-183,1
204,-187,1
218,-196,1
181,-185,1
190,-218,1
219,-193,1
179,-203,1
190,-215,1
195,-209,1
215,-185,1
210,-202,1
213,-187,1
194,-191,1
199,-174,1
202,-212,1
184,-198,1
192,-205,1
214,-206,1
214,-216,1
217,-184,1
218,-186,1
200,-190,1
212,-191,1
197,-179,1
209,-197,1
197,-204,1
184,-210,1
182,-191,1
219,-207,1
189,-218,1
198,-212,1
188,-185,1
184,-182,1
196,-201,1
197,-179,1
206,-208,1
177,-193,1
185,-213,1
216,-204,1
183,-189,1
198,-208,1
183,-189,1
200,-201,1
213,-199,1
197,-189,1
195,-210,1
184,-212,1
182,-211,1
210,-181,1
207,-211,1
217,-188,1
220,-202,1
206,-192,1
206,-215,1
200,-211,1
211,-197,1
205,-201,1
191,-213,1
179,-190,1
200,-199,1
182,-201,1
184,-191,1
183,-191,1
192,-188,1
213,-216,1
199,-205,1
192,-213,1
178,-199,1
194,-179,1
188,-213,1
198,-207,1
200,-210,1
197,-188,1
203,-203,1
184,-200,1
201,-182,1
210,-201,1
182,-196,1
219,-206,1
187,-214,1
209,-200,1
205,-178,1
173,-198,1
207,-180,1
187,-208,1
185,-178,1
198,-218,1
187,-190,1
197,-206,1
217,-182,1
184,-180,1
175,-192,1
194,-199,1
176,-206,1
177,-205,1
208,-206,1
191,-177,1
200,-207,1
184,-192,1
198,-193,1
215,-187,1
192,-182,1
190,-216,1
200,-193,1
178,-209,1
214,-189,1
216,-200,1
178,-200,1
207,-200,1
182,-201,1
188,-217,1
195,-215,1
210,-203,1
182,-201,1
197,-222,1
211,-208,1
197,-178,1
199,-187,1
204,-189,1
204,-174,1
207,-211,1
196,-181,1
192,-198,1
200,-213,1
198,-221,1
220,-187,1
219,-197,1
198,-210,1
203,-191,1
200,-178,1
216,-186,1
177,-185,1
175,-198,1
210,-184,1
192,-196,1
180,-194,1
214,-205,1
192,-191,1
-203,-193,0
-217,-207,0
-204,-183,0
-179,-202,0
-219,-198,0
-203,-199,0
-208,-182,0
-198,-185,0
-202,-212,0
-222,-202,0
-193,-206,0
-179,-185,0
-190,-207,0
-205,-204,0
-186,-199,0
-187,-184,0
-208,-190,0
-182,-194,0
-218,-187,0
-181,-181,0
-202,-193,0
-210,-194,0
-199,-175,0
-201,-203,0
-202,-216,0
-205,-200,0
-194,-189,0
-216,-207,0
-191,-206,0
-218,-194,0
-216,-185,0
-196,-221,0
-200,-185,0
-182,-199,0
-209,-197,0
-188,-208,0
-209,-181,0
-208,-206,0
-219,-201,0
-205,-215,0
-186,-218,0
-181,-193,0
-190,-200,0
-190,-219,0
-205,-220,0
-205,-196,0
-197,-196,0
-216,-193,0
-212,-181,0
-218,-185,0
-195,-217,0
-211,-201,0
-194,-182,0
-217,-186,0
-213,-202,0
-176,-194,0
-213,-196,0
-189,-194,0
-205,-202,0
-222,-200,0
-179,-200,0
-219,-203,0
-207,-206,0
-202,-222,0
-198,-209,0
-189,-205,0
-183,-182,0
-195,-215,0
-205,-207,0
-210,-188,0
-183,-178,0
-184,-201,0
-186,-203,0
-188,-196,0
-204,-175,0
-190,-199,0
-188,-194,0
-189,-203,0
-189,-192,0
-201,-195,0
-210,-180,0
-197,-180,0
-215,-190,0
-205,-205,0
-217,-214,0
-218,-197,0
-193,-219,0
-205,-201,0
-218,-200,0
-213,-196,0
-183,-180,0
-195,-194,0
-180,-203,0
-176,-201,0
-203,-209,0
-185,-182,0
-213,-193,0
-194,-220,0
-184,-192,0
-182,-211,0
-207,-202,0
-199,-220,0
-205,-201,0
-181,-201,0
-186,-194,0
-194,-185,0
-196,-217,0
-212,-194,0
-197,-219,0
-180,-210,0
-220,-190,0
-207,-186,0
-222,-204,0
-203,-181,0
-203,-205,0
-204,-192,0
-201,-197,0
-198,-208,0
-192,-195,0
-198,-198,0
-198,-178,0
-185,-197,0
-206,-198,0
-179,-206,0
-193,-219,0
-218,-192,0
-184,-194,0
-205,-193,0
-178,-201,0
-209,-181,0
-181,-184,0
-206,-186,0
-208,-216,0
-218,-190,0
-209,-219,0
-177,-203,0
-179,-212,0
-211,-187,0
-201,-186,0
-186,-180,0
-180,-201,0
-180,-183,0
-180,-184,0
-219,-201,0
-202,-212,0
-198,-208,0
-212,-179,0
-193,-192,0
-182,-205,0
-206,-178,0
-198,-177,0
-205,-201,0
-199,-190,0
-203,-213,0
-202,-208,0
-190,-221,0
-209,-214,0
-202,-175,0
-186,-214,0
-187,-205,0
-216,-194,0
-209,-183,0
-203,-220,0
-179,-195,0
-215,-208,0
-182,-196,0
-195,-190,0
-199,-196,0
-192,-178,0
-179,-189,0
-217,-196,0
-199,-176,0
-201,-210,0
-183,-206,0
-207,-177,0
-179,-208,0
-216,-209,0
-209,-208,0
-175,-197,0
-199,-216,0
-186,-208,0
-189,-200,0
-221,-201,0
-221,-193,0
-193,-207,0
-194,-208,0
-208,-219,0
-188,-209,0
-181,-184,0
-192,-219,0
-221,-194,0
-186,-215,0
-198,-187,0
-189,-194,0
-194,-174,0
-206,-209,0
-197,-176,0
-209,-185,0
-206,-176,0
-214,-187,0
-186,-179,0
-206,-214,0
-209,-178,0
-176,-193,0
-217,-183,0
-193,-181,0
-175,-207,0
-195,-208,0
-202,-205,0
-180,-198,0
-184,-179,0
-186,-190,0
-186,-182,0
-202,-218,0
-212,-214,0
-189,-218,0
-175,-205,0
-192,-218,0
-179,-199,0
-213,-178,0
-194,-181,0
-215,-185,0
-212,-208,0
-190,-217,0
-194,-181,0
-217,-213,0
-213,-179,0
-186,-213,0
-195,-175,0
-213,-192,0
-199,-220,0
-197,-212,0
-199,-192,0
-184,-183,0
-215,-187,0
-180,-214,0
-188,-190,0
-175,-204,0
-208,-178,0
-181,-191,0
-190,-196,0
-209,-207,0
-199,-195,0
-180,-187,0
-209,-200,0
-194,-215,0
-179,-204,0
-201,-209,0
-203,-198,0
-196,-201,0
