-115,94,1
-100,73,1
-93,97,1
-88,116,1
-104,107,1
-104,103,1
-98,116,1
-93,84,1
-80,106,1
-90,80,1
-91,71,1
-101,72,1
-83,80,1
-106,96,1
-85,110,1
-79,103,1
-82,95,1
-107,76,1
-82,114,1
-96,88,1
-97,75,1
-77,83,1
-103,90,1
-90,100,1
-94,89,1
-75,83,1
-107,96,1
-91,114,1
-97,69,1
-113,101,1
-101,86,1
-91,102,1
-97,78,1
-90,71,1
-102,104,1
-102,101,1
-75,96,1
-82,86,1
-108,89,1
-94,109,1
-110,86,1
-80,83,1
-107,100,1
-83,112,1
-106,100,1
-76,97,1
-94,75,1
-76,88,1
-112,93,1
-90,89,1
-84,79,1
-91,81,1
-77,103,1
-69,87,1
-85,81,1
-74,108,1
-90,87,1
-97,97,1
-79,91,1
-96,73,1
-89,99,1
-105,83,1
-96,85,1
-110,93,1
-82,112,1
-92,100,1
-74,83,1
-81,101,1
-76,104,1
-83,81,1
-99,88,1
-110,82,1
-108,102,1
-104,97,1
-77,110,1
-83,98,1
-92,79,1
-106,96,1
-80,81,1
-113,94,1
-97,68,1
-114,102,1
-107,83,1
-90,82,1
-97,69,1
-81,70,1
-89,89,1
-99,108,1
-106,105,1
-95,113,1
-81,83,1
-114,92,1
-76,103,1
-98,104,1
-92,98,1
-103,106,1
-100,112,1
-94,110,1
-76,106,1
-96,94,1
-107,87,1
-91,81,1
-80,73,1
-97,81,1
-105,83,1
-110,83,1
-110,108,1
-110,102,1
-74,96,1
-85,102,1
-96,80,1
-83,72,1
-88,86,1
-116,92,1
-110,91,1
-88,89,1
-89,108,1
-107,82,1
-87,83,1
-77,96,1
-99,84,1
-89,75,1
-104,78,1
-100,82,1
-95,72,1
-98,92,1
-105,83,1
-81,111,1
-78,89,1
-97,100,1
-103,74,1
-99,84,1
-87,109,1
-103,106,1
-93,80,1
-86,75,1
-76,85,1
-103,70,1
-113,93,1
-79,112,1
-102,74,1
-91,110,1
-78,80,1
-78,100,1
-79,74,1
-94,76,1
-74,80,1
-99,95,1
-93,105,1
-85,97,1
-99,112,1
-103,89,1
-107,75,1
-90,71,1
-85,103,1
-102,92,1
-85,85,1
-102,84,1
-71,100,1
-113,87,1
-76,88,1
-81,102,1
-95,104,1
-87,104,1
-82,98,1
-91,91,1
-95,97,1
-84,109,1
-89,73,1
-103,86,1
-112,104,1
-114,100,1
-78,97,1
-84,69,1
-82,106,1
-95,90,1
-71,81,1
-96,87,1
-99,98,1
-74,75,1
-110,77,1
-74,108,1
-73,108,1
-95,87,1
-82,90,1
-82,82,1
-93,79,1
-70,102,1
-111,106,1
-96,115,1
-74,107,1
-81,91,1
-111,88,1
-101,99,1
-109,104,1
-86,70,1
-95,79,1
-106,90,1
-102,83,1
-110,86,1
-110,108,1
-112,96,1
-73,77,1
-84,101,1
-96,68,1
-71,97,1
-81,101,1
-73,81,1
-73,94,1
-80,96,1
-103,72,1
-104,81,1
-96,79,1
-91,93,1
-94,80,1
-88,86,1
-70,92,1
-104,86,1
-79,100,1
-100,88,1
-111,98,1
-80,87,1
-72,97,1
-98,86,1
-91,107,1
-86,68,1
-97,109,1
-74,102,1
-68,90,1
-103,84,1
-84,78,1
-88,90,1
-78,86,1
-85,102,1
-90,105,1
-105,105,1
-100,73,1
-95,80,1
-90,93,1
-98,116,1
-107,85,1
-74,98,1
-94,115,1
-99,85,1
-92,92,1
-110,77,1
-104,99,1
-70,89,1
-90,67,1
-105,94,1
87,97,0
113,96,0
109,108,0
92,115,0
81,82,0
90,109,0
106,92,0
108,77,0
99,76,0
102,74,0
79,71,0
101,72,0
85,94,0
94,81,0
68,90,0
106,74,0
95,68,0
105,105,0
91,107,0
76,73,0
88,105,0
96,86,0
73,108,0
86,113,0
103,92,0
73,85,0
100,114,0
74,89,0
81,88,0
88,96,0
84,78,0
85,112,0
83,76,0
108,108,0
86,86,0
92,114,0
113,87,0
75,87,0
104,76,0
77,77,0
104,87,0
83,75,0
106,111,0
83,100,0
102,106,0
88,112,0
95,95,0
103,88,0
84,84,0
106,84,0
78,78,0
78,108,0
91,107,0
79,103,0
76,76,0
98,70,0
97,108,0
84,89,0
73,91,0
97,73,0
87,73,0
86,68,0
112,98,0
75,103,0
90,105,0
108,85,0
95,104,0
106,95,0
84,105,0
115,93,0
94,106,0
100,108,0
89,89,0
78,101,0
89,105,0
88,100,0
88,113,0
105,73,0
115,95,0
72,92,0
103,72,0
91,116,0
114,99,0
97,93,0
90,90,0
89,110,0
106,101,0
100,71,0
74,101,0
85,68,0
74,94,0
96,91,0
94,108,0
92,116,0
81,109,0
94,102,0
102,73,0
111,92,0
88,109,0
81,103,0
68,88,0
104,109,0
97,93,0
88,72,0
82,99,0
75,94,0
82,80,0
104,107,0
73,99,0
74,82,0
84,110,0
76,109,0
88,93,0
98,68,0
93,77,0
94,90,0
76,86,0
105,96,0
85,113,0
102,85,0
96,82,0
83,91,0
103,106,0
100,90,0
103,107,0
80,86,0
78,79,0
91,114,0
113,91,0
75,82,0
70,88,0
103,105,0
103,109,0
101,105,0
107,74,0
80,82,0
96,84,0
106,77,0
98,114,0
102,75,0
90,77,0
69,98,0
100,110,0
79,99,0
93,93,0
112,78,0
87,114,0
72,78,0
97,96,0
116,86,0
71,97,0
73,97,0
88,105,0
76,111,0
102,76,0
111,107,0
111,95,0
80,96,0
111,100,0
90,96,0
100,98,0
98,101,0
103,82,0
94,77,0
99,72,0
73,86,0
91,111,0
86,110,0
92,77,0
112,93,0
99,100,0
89,103,0
94,78,0
116,94,0
90,92,0
73,98,0
85,108,0
75,104,0
99,113,0
90,111,0
74,88,0
85,85,0
100,71,0
77,98,0
96,70,0
79,104,0
83,73,0
75,95,0
90,80,0
81,73,0
81,91,0
81,106,0
100,98,0
70,81,0
84,78,0
85,86,0
104,113,0
92,68,0
98,87,0
77,91,0
86,109,0
71,83,0
95,89,0
84,83,0
110,99,0
110,95,0
106,96,0
112,96,0
77,88,0
80,101,0
67,90,0
106,84,0
72,84,0
79,83,0
96,110,0
108,107,0
80,72,0
106,87,0
96,89,0
103,103,0
103,92,0
105,85,0
89,72,0
104,84,0
103,105,0
104,82,0
102,102,0
111,104,0
69,93,0
72,105,0
85,88,0
95,87,0
102,80,0
70,98,0
83,103,0
100,83,0
84,84,0
87,114,0
78,94,0
83,84,0
69,96,0
91,113,0
72,98,0
101,105,0
91,81,0
106,74,0
72,93,0
102,72,0
75,110,0
95,68,0
96,-76,1
97,-84,1
114,-101,1
94,-88,1
77,-77,1
101,-87,1
95,-116,1
69,-97,1
111,-79,1
110,-97,1
81,-114,1
102,-110,1
90,-95,1
89,-86,1
83,-94,1
76,-89,1
100,-90,1
105,-100,1
96,-93,1
76,-82,1
96,-93,1
103,-86,1
77,-100,1
112,-85,1
89,-91,1
95,-96,1
92,-101,1
84,-102,1
115,-91,1
89,-97,1
104,-85,1
104,-97,1
108,-101,1
110,-78,1
103,-113,1
105,-90,1
116,-98,1
103,-74,1
72,-99,1
88,-82,1
85,-70,1
113,-96,1
99,-70,1
108,-92,1
105,-87,1
86,-82,1
103,-85,1
97,-103,1
97,-106,1
107,-110,1
88,-89,1
109,-102,1
77,-94,1
84,-71,1
98,-78,1
88,-78,1
69,-101,1
74,-102,1
107,-109,1
95,-91,1
75,-74,1
73,-86,1
89,-90,1
95,-70,1
111,-98,1
92,-75,1
105,-86,1
99,-78,1
102,-90,1
99,-96,1
110,-107,1
87,-81,1
69,-84,1
106,-95,1
108,-76,1
88,-108,1
80,-86,1
108,-100,1
75,-87,1
77,-80,1
110,-100,1
90,-67,1
83,-113,1
109,-85,1
98,-113,1
112,-78,1
105,-79,1
83,-88,1
82,-72,1
94,-116,1
103,-74,1
100,-99,1
68,-98,1
84,-111,1
71,-94,1
75,-84,1
97,-94,1
87,-91,1
83,-108,1
111,-94,1
87,-105,1
94,-69,1
103,-105,1
111,-107,1
114,-94,1
92,-73,1
68,-89,1
114,-86,1
86,-107,1
83,-100,1
98,-71,1
83,-114,1
94,-74,1
111,-97,1
97,-107,1
84,-89,1
79,-73,1
84,-89,1
76,-74,1
69,-87,1
86,-79,1
94,-96,1
73,-90,1
77,-98,1
95,-115,1
109,-85,1
101,-80,1
104,-108,1
78,-112,1
102,-73,1
114,-93,1
82,-75,1
93,-104,1
81,-71,1
90,-86,1
91,-99,1
111,-92,1
91,-92,1
106,-104,1
94,-72,1
101,-94,1
114,-95,1
103,-74,1
81,-81,1
82,-95,1
106,-85,1
91,-115,1
107,-87,1
92,-102,1
108,-78,1
86,-88,1
92,-88,1
97,-78,1
75,-102,1
95,-86,1
90,-97,1
71,-81,1
106,-72,1
104,-87,1
81,-84,1
107,-97,1
92,-116,1
94,-68,1
110,-108,1
106,-72,1
82,-79,1
76,-109,1
98,-87,1
113,-85,1
72,-85,1
95,-85,1
93,-113,1
101,-102,1
90,-73,1
80,-86,1
87,-108,1
69,-100,1
98,-105,1
88,-94,1
95,-110,1
104,-108,1
80,-80,1
113,-99,1
84,-78,1
83,-99,1
82,-75,1
92,-76,1
92,-97,1
99,-86,1
86,-91,1
95,-92,1
68,-92,1
71,-98,1
91,-83,1
92,-95,1
87,-87,1
85,-79,1
93,-81,1
98,-89,1
71,-99,1
95,-99,1
112,-88,1
108,-101,1
106,-99,1
78,-96,1
89,-116,1
102,-108,1
68,-93,1
98,-90,1
108,-104,1
113,-101,1
84,-111,1
93,-71,1
90,-71,1
109,-109,1
98,-83,1
96,-95,1
95,-111,1
82,-69,1
88,-97,1
102,-85,1
80,-110,1
93,-95,1
103,-97,1
99,-77,1
73,-94,1
87,-91,1
81,-100,1
94,-88,1
104,-101,1
72,-100,1
95,-79,1
97,-85,1
96,-71,1
83,-101,1
103,-76,1
106,-104,1
92,-86,1
91,-107,1
87,-86,1
91,-85,1
94,-77,1
85,-112,1
103,-87,1
83,-99,1
107,-106,1
80,-80,1
111,-91,1
98,-111,1
97,-110,1
-98,-72,0
-92,-77,0
-100,-75,0
-73,-102,0
-73,-93,0
-92,-78,0
-71,-102,0
-113,-82,0
-109,-78,0
-84,-69,0
-77,-105,0
-101,-74,0
-101,-85,0
-93,-90,0
-82,-93,0
-70,-101,0
-83,-86,0
-82,-102,0
-97,-103,0
-95,-80,0
-104,-72,0
-106,-77,0
-95,-89,0
-93,-112,0
-91,-76,0
-116,-92,0
-104,-75,0
-86,-100,0
-78,-99,0
-107,-94,0
-73,-92,0
-77,-87,0
-95,-100,0
-91,-108,0
-109,-85,0
-87,-95,0
-97,-97,0
-93,-74,0
-76,-104,0
-104,-87,0
-110,-102,0
-92,-95,0
-115,-94,0
-84,-82,0
-96,-108,0
-92,-108,0
-78,-87,0
-103,-76,0
-77,-103,0
-89,-72,0
-83,-107,0
-106,-97,0
-99,-92,0
-114,-90,0
-92,-81,0
-102,-105,0
-116,-95,0
-84,-101,0
-106,-73,0
-86,-87,0
-98,-87,0
-79,-107,0
-84,-100,0
-94,-116,0
-80,-110,0
-78,-103,0
-76,-80,0
-86,-70,0
-88,-112,0
-113,-101,0
-108,-109,0
-106,-91,0
-84,-69,0
-102,-108,0
-71,-96,0
-105,-87,0
-78,-82,0
-73,-78,0
-79,-76,0
-97,-86,0
-76,-93,0
-94,-75,0
-89,-94,0
-114,-84,0
-79,-82,0
-98,-88,0
-84,-83,0
-116,-88,0
-105,-95,0
-111,-80,0
-90,-69,0
-109,-93,0
-85,-85,0
-87,-78,0
-112,-102,0
-88,-77,0
-88,-103,0
-110,-87,0
-102,-98,0
-95,-98,0
-84,-103,0
-106,-109,0
-84,-108,0
-112,-96,0
-74,-83,0
-91,-69,0
-113,-105,0
-100,-98,0
-99,-78,0
-113,-91,0
-83,-88,0
-100,-79,0
-94,-103,0
-82,-73,0
-81,-80,0
-109,-100,0
-105,-75,0
-100,-101,0
-96,-114,0
-87,-114,0
-82,-69,0
-92,-111,0
-81,-111,0
-74,-91,0
-89,-114,0
-74,-85,0
-104,-88,0
-83,-85,0
-107,-80,0
-91,-92,0
-85,-102,0
-90,-99,0
-91,-75,0
-105,-79,0
-103,-96,0
-98,-93,0
-111,-103,0
-70,-95,0
-93,-94,0
-84,-80,0
-96,-98,0
-110,-97,0
-82,-98,0
-86,-74,0
-77,-105,0
-82,-83,0
-97,-115,0
-74,-104,0
-87,-108,0
-101,-74,0
-94,-115,0
-89,-97,0
-73,-84,0
-105,-93,0
-115,-89,0
-97,-101,0
-72,-101,0
-108,-73,0
-101,-93,0
-101,-91,0
-84,-83,0
-93,-79,0
-114,-86,0
-99,-89,0
-76,-97,0
-81,-85,0
-78,-100,0
-75,-74,0
-79,-78,0
-78,-78,0
-101,-101,0
-110,-87,0
-71,-105,0
-98,-109,0
-72,-103,0
-111,-96,0
-106,-72,0
-95,-82,0
-74,-105,0
-79,-112,0
-78,-88,0
-81,-96,0
-92,-105,0
-75,-110,0
-93,-103,0
-73,-94,0
-89,-114,0
-82,-106,0
-84,-76,0
-84,-113,0
-112,-94,0
-88,-70,0
-100,-97,0
-76,-103,0
-98,-110,0
-89,-80,0
-90,-98,0
-98,-109,0
-73,-103,0
-99,-78,0
-85,-89,0
-91,-107,0
-83,-75,0
-105,-79,0
-70,-80,0
-70,-94,0
-86,-105,0
-91,-116,0
-110,-89,0
-83,-86,0
-92,-78,0
-77,-82,0
-93,-92,0
-87,-78,0
-79,-75,0
-87,-71,0
-101,-82,0
-92,-76,0
-111,-100,0
-111,-94,0
-68,-88,0
-98,-102,0
-90,-106,0
-101,-113,0
-98,-103,0
-99,-88,0
-110,-81,0
-87,-91,0
-102,-100,0
-97,-70,0
-92,-90,0
-113,-86,0
-94,-110,0
-112,-88,0
-75,-93,0
-101,-88,0
-71,-94,0
-105,-92,0
-99,-108,0
-90,-76,0
-101,-103,0
-80,-85,0
-73,-86,0
-72,-99,0
-99,-102,0
-90,-87,0
-96,-80,0
-83,-104,0
-92,-107,0
-105,-93,0
