-107,87,1
-99,101,1
-75,107,1
-79,103,1
-96,70,1
-95,115,1
-89,68,1
-98,76,1
-93,116,1
-73,81,1
-113,101,1
-97,106,1
-92,72,1
-91,81,1
-73,95,1
-110,87,1
-104,75,1
-91,68,1
-89,72,1
-102,110,1
-96,89,1
-93,93,1
-79,99,1
-108,87,1
-70,87,1
-78,88,1
-77,97,1
-81,106,1
-104,82,1
-99,90,1
-97,73,1
-99,91,1
-105,89,1
-97,110,1
-93,69,1
-85,91,1
-88,71,1
-82,100,1
-95,82,1
-86,84,1
-114,84,1
-74,87,1
-101,83,1
-92,93,1
-90,86,1
-116,87,1
-101,76,1
-110,76,1
-105,89,1
-95,91,1
-88,91,1
-84,96,1
-80,104,1
-82,87,1
-107,108,1
-99,88,1
-78,79,1
-96,81,1
-97,103,1
-82,86,1
-100,97,1
-107,109,1
-91,115,1
-98,76,1
-87,114,1
-87,76,1
-85,88,1
-86,75,1
-101,74,1
-84,73,1
-89,71,1
-84,112,1
-91,71,1
-84,113,1
-77,73,1
-84,95,1
-102,94,1
-80,91,1
-99,68,1
-96,89,1
-78,94,1
-84,84,1
-71,104,1
-95,116,1
-93,79,1
-93,85,1
-90,83,1
-76,96,1
-95,110,1
-79,83,1
-96,89,1
-82,95,1
-109,84,1
-77,111,1
-82,104,1
-74,93,1
-98,94,1
-102,94,1
-92,109,1
-103,73,1
-107,90,1
-89,102,1
-74,94,1
-81,87,1
-78,85,1
-87,97,1
-107,103,1
-100,90,1
-85,110,1
-76,93,1
-88,110,1
-105,97,1
-86,108,1
-97,111,1
-112,90,1
-74,104,1
-111,108,1
-93,75,1
-79,113,1
-114,91,1
-92,110,1
-88,103,1
-87,69,1
-101,113,1
-70,92,1
-91,74,1
-83,73,1
-81,101,1
-78,79,1
-93,81,1
-91,82,1
-92,84,1
-77,95,1
-78,110,1
-87,83,1
-84,79,1
-110,80,1
-105,92,1
-82,112,1
-87,111,1
-105,111,1
-70,87,1
-77,94,1
-73,101,1
-89,97,1
-94,70,1
-74,93,1
-70,93,1
-79,107,1
-91,69,1
-109,98,1
-85,68,1
-103,92,1
-83,74,1
-91,94,1
-71,79,1
-71,79,1
-82,88,1
-88,105,1
-94,114,1
-109,97,1
-102,101,1
-86,83,1
-76,110,1
-78,100,1
-104,86,1
-74,107,1
-84,93,1
-103,113,1
-105,110,1
-94,110,1
-71,103,1
-109,95,1
-106,97,1
-103,94,1
-88,98,1
-109,88,1
-113,79,1
-113,82,1
-113,102,1
-89,68,1
-89,109,1
-78,94,1
-67,90,1
-97,102,1
-114,85,1
-107,103,1
-82,77,1
-88,73,1
-109,104,1
-75,84,1
-106,73,1
-77,73,1
-71,94,1
-77,81,1
-110,76,1
-78,80,1
-80,79,1
-93,113,1
-72,88,1
-84,80,1
-103,108,1
-109,80,1
-92,96,1
-104,75,1
-89,82,1
-101,72,1
-91,92,1
-87,88,1
-85,111,1
-87,104,1
-73,76,1
-106,81,1
-102,87,1
-107,84,1
-95,115,1
-86,73,1
-74,86,1
-72,90,1
-69,94,1
-85,98,1
-112,96,1
-89,116,1
-85,114,1
-102,94,1
-90,69,1
-93,115,1
-91,106,1
-86,78,1
-79,93,1
-84,89,1
-103,82,1
-93,110,1
-71,100,1
-105,99,1
-93,72,1
-92,86,1
-106,77,1
-99,107,1
-78,81,1
-99,95,1
-116,97,1
-93,105,1
-93,79,1
-106,83,1
-113,100,1
-88,105,1
-111,107,1
-94,86,1
-99,115,1
96,86,0
85,85,0
113,87,0
105,108,0
100,108,0
93,112,0
116,90,0
87,104,0
113,88,0
97,78,0
93,101,0
116,86,0
101,73,0
108,98,0
69,86,0
106,73,0
81,98,0
98,84,0
79,99,0
87,89,0
98,72,0
84,70,0
94,79,0
90,113,0
93,80,0
96,100,0
81,80,0
76,107,0
92,90,0
98,91,0
98,68,0
68,97,0
76,85,0
88,99,0
75,108,0
104,113,0
103,112,0
78,73,0
100,106,0
81,95,0
114,90,0
98,91,0
88,81,0
100,87,0
93,115,0
72,91,0
95,96,0
91,115,0
84,71,0
101,99,0
71,84,0
112,100,0
89,109,0
91,111,0
79,81,0
114,98,0
83,96,0
110,76,0
75,82,0
95,98,0
79,85,0
105,100,0
97,92,0
106,84,0
108,82,0
81,101,0
93,92,0
104,98,0
115,95,0
100,94,0
109,106,0
91,87,0
72,83,0
73,85,0
96,74,0
89,114,0
79,100,0
99,107,0
80,112,0
103,91,0
92,88,0
95,88,0
92,68,0
90,115,0
96,90,0
91,76,0
105,99,0
87,90,0
107,102,0
73,96,0
91,109,0
97,74,0
115,88,0
102,87,0
102,110,0
103,114,0
88,79,0
68,86,0
93,103,0
113,80,0
112,86,0
104,100,0
102,74,0
103,87,0
90,71,0
92,99,0
87,94,0
77,95,0
109,75,0
93,90,0
70,95,0
93,70,0
83,115,0
99,106,0
106,83,0
109,86,0
88,97,0
102,89,0
93,73,0
100,89,0
70,87,0
109,95,0
104,71,0
89,70,0
69,83,0
100,105,0
88,103,0
101,80,0
98,72,0
76,89,0
97,96,0
109,74,0
82,94,0
104,85,0
102,80,0
101,113,0
102,87,0
101,77,0
97,98,0
96,97,0
73,108,0
106,112,0
92,98,0
102,85,0
70,90,0
96,81,0
88,68,0
90,69,0
80,101,0
80,90,0
101,69,0
85,98,0
92,106,0
87,109,0
110,96,0
80,75,0
107,110,0
105,109,0
81,98,0
85,87,0
77,85,0
107,105,0
91,95,0
77,78,0
106,101,0
103,85,0
78,105,0
75,96,0
75,102,0
72,107,0
88,79,0
98,98,0
94,89,0
96,107,0
107,110,0
104,100,0
85,113,0
76,86,0
108,109,0
104,75,0
93,109,0
104,97,0
93,83,0
98,95,0
68,90,0
100,106,0
108,82,0
75,89,0
75,96,0
71,99,0
93,68,0
74,92,0
79,112,0
83,79,0
71,79,0
109,105,0
80,70,0
71,79,0
108,75,0
97,69,0
101,102,0
76,83,0
110,109,0
90,113,0
109,99,0
92,84,0
85,114,0
116,94,0
82,100,0
90,92,0
84,73,0
114,103,0
98,96,0
73,85,0
98,109,0
116,88,0
106,92,0
82,101,0
100,79,0
113,83,0
79,91,0
96,106,0
99,89,0
77,89,0
102,80,0
75,104,0
111,91,0
105,78,0
79,72,0
73,79,0
97,97,0
90,116,0
78,103,0
100,86,0
99,75,0
98,113,0
103,70,0
88,98,0
89,90,0
91,114,0
84,101,0
90,110,0
109,89,0
78,82,0
97,95,0
87,116,0
80,104,0
85,93,0
94,68,0
103,80,0
112,-85,1
116,-96,1
108,-77,1
78,-91,1
95,-110,1
100,-70,1
87,-84,1
72,-88,1
74,-93,1
71,-91,1
84,-82,1
75,-84,1
92,-67,1
103,-102,1
94,-75,1
68,-94,1
70,-81,1
82,-96,1
99,-94,1
109,-79,1
91,-101,1
89,-106,1
77,-111,1
75,-94,1
110,-76,1
93,-74,1
106,-86,1
82,-106,1
95,-99,1
79,-79,1
99,-86,1
101,-97,1
90,-85,1
105,-108,1
89,-97,1
93,-96,1
88,-95,1
111,-102,1
108,-88,1
97,-90,1
74,-91,1
91,-111,1
72,-77,1
102,-107,1
93,-91,1
101,-76,1
103,-79,1
93,-114,1
81,-70,1
90,-67,1
103,-96,1
111,-78,1
85,-92,1
107,-105,1
98,-80,1
106,-111,1
101,-91,1
87,-76,1
97,-70,1
89,-83,1
104,-97,1
89,-91,1
75,-102,1
91,-115,1
87,-98,1
105,-89,1
71,-90,1
92,-99,1
92,-112,1
114,-93,1
96,-113,1
77,-91,1
90,-110,1
114,-102,1
87,-108,1
97,-98,1
109,-94,1
103,-84,1
94,-76,1
112,-92,1
76,-91,1
74,-100,1
109,-81,1
85,-95,1
92,-78,1
75,-85,1
100,-114,1
98,-77,1
116,-93,1
94,-69,1
79,-72,1
114,-96,1
68,-94,1
77,-83,1
73,-76,1
111,-85,1
105,-71,1
88,-85,1
94,-69,1
92,-103,1
105,-87,1
104,-75,1
95,-82,1
100,-79,1
80,-76,1
86,-114,1
95,-80,1
80,-82,1
92,-113,1
77,-89,1
83,-69,1
72,-92,1
86,-107,1
104,-78,1
103,-95,1
90,-96,1
80,-105,1
78,-97,1
71,-103,1
108,-97,1
97,-103,1
85,-115,1
93,-70,1
100,-95,1
100,-77,1
105,-104,1
98,-93,1
90,-94,1
82,-85,1
102,-71,1
98,-75,1
72,-101,1
76,-78,1
111,-90,1
80,-102,1
89,-100,1
113,-97,1
97,-84,1
83,-95,1
99,-115,1
109,-82,1
90,-112,1
89,-106,1
103,-93,1
100,-73,1
73,-96,1
96,-68,1
74,-101,1
87,-90,1
82,-113,1
88,-74,1
89,-68,1
105,-102,1
110,-88,1
108,-99,1
101,-91,1
107,-76,1
97,-80,1
94,-82,1
112,-98,1
106,-90,1
84,-69,1
103,-108,1
72,-91,1
97,-100,1
106,-72,1
72,-95,1
87,-103,1
72,-98,1
103,-74,1
74,-90,1
79,-87,1
91,-80,1
80,-95,1
94,-93,1
90,-74,1
92,-96,1
95,-102,1
75,-80,1
92,-100,1
104,-96,1
99,-77,1
87,-78,1
77,-101,1
101,-96,1
82,-102,1
78,-89,1
88,-102,1
75,-85,1
101,-109,1
71,-91,1
91,-82,1
74,-92,1
100,-103,1
92,-83,1
101,-78,1
102,-72,1
85,-115,1
71,-92,1
111,-91,1
115,-92,1
72,-92,1
79,-84,1
108,-91,1
70,-92,1
84,-103,1
81,-85,1
87,-111,1
116,-88,1
99,-74,1
73,-104,1
70,-101,1
103,-85,1
79,-104,1
98,-79,1
92,-86,1
69,-90,1
101,-73,1
97,-82,1
83,-107,1
78,-72,1
75,-83,1
81,-81,1
108,-79,1
90,-68,1
115,-88,1
81,-89,1
102,-71,1
76,-109,1
106,-89,1
106,-80,1
108,-102,1
80,-112,1
98,-111,1
80,-112,1
77,-81,1
96,-82,1
97,-105,1
92,-85,1
107,-102,1
106,-100,1
74,-90,1
96,-85,1
96,-90,1
87,-111,1
89,-115,1
84,-74,1
86,-95,1
91,-68,1
105,-73,1
-104,-95,0
-68,-86,0
-88,-114,0
-94,-78,0
-92,-67,0
-72,-103,0
-85,-74,0
-94,-106,0
-88,-88,0
-70,-80,0
-107,-97,0
-85,-96,0
-98,-73,0
-106,-88,0
-89,-93,0
-107,-96,0
-109,-86,0
-75,-91,0
-94,-76,0
-78,-90,0
-111,-103,0
-89,-83,0
-86,-80,0
-100,-80,0
-99,-101,0
-110,-81,0
-99,-102,0
-80,-101,0
-81,-90,0
-100,-86,0
-80,-90,0
-77,-104,0
-104,-88,0
-79,-89,0
-100,-76,0
-83,-108,0
-96,-111,0
-82,-108,0
-87,-101,0
-89,-99,0
-74,-107,0
-108,-91,0
-93,-70,0
-99,-99,0
-108,-96,0
-106,-79,0
-86,-103,0
-95,-79,0
-95,-96,0
-92,-69,0
-76,-97,0
-106,-79,0
-95,-111,0
-71,-101,0
-80,-111,0
-76,-94,0
-111,-107,0
-76,-107,0
-95,-78,0
-82,-87,0
-92,-72,0
-95,-77,0
-83,-102,0
-98,-92,0
-111,-84,0
-101,-97,0
-81,-100,0
-104,-85,0
-95,-101,0
-93,-69,0
-101,-89,0
-71,-97,0
-86,-101,0
-85,-113,0
-85,-92,0
-104,-97,0
-87,-114,0
-75,-78,0
-96,-103,0
-78,-91,0
-88,-94,0
-79,-76,0
-103,-77,0
-84,-100,0
-112,-102,0
-84,-99,0
-92,-89,0
-77,-80,0
-104,-80,0
-106,-73,0
-83,-92,0
-101,-94,0
-105,-90,0
-109,-89,0
-92,-116,0
-101,-74,0
-96,-84,0
-90,-88,0
-107,-88,0
-90,-97,0
-84,-87,0
-90,-115,0
-87,-86,0
-102,-104,0
-90,-110,0
-86,-86,0
-80,-96,0
-77,-80,0
-92,-86,0
-92,-99,0
-84,-87,0
-96,-114,0
-89,-92,0
-102,-102,0
-88,-95,0
-86,-83,0
-82,-104,0
-79,-98,0
-100,-71,0
-86,-84,0
-81,-85,0
-93,-114,0
-72,-107,0
-76,-104,0
-98,-108,0
-110,-109,0
-71,-88,0
-85,-76,0
-110,-75,0
-77,-110,0
-109,-93,0
-85,-93,0
-111,-94,0
-105,-100,0
-83,-80,0
-68,-96,0
-96,-83,0
-93,-81,0
-105,-112,0
-99,-70,0
-105,-98,0
-94,-74,0
-73,-89,0
-76,-109,0
-88,-111,0
-91,-96,0
-100,-74,0
-105,-87,0
-90,-92,0
-105,-102,0
-96,-93,0
-71,-102,0
-88,-93,0
-77,-111,0
-91,-96,0
-79,-106,0
-101,-105,0
-75,-97,0
-89,-72,0
-86,-105,0
-67,-93,0
-97,-113,0
-87,-96,0
-89,-76,0
-114,-96,0
-103,-104,0
-70,-89,0
-109,-96,0
-73,-100,0
-70,-92,0
-113,-92,0
-86,-91,0
-105,-113,0
-72,-86,0
-74,-80,0
-88,-111,0
-81,-80,0
-105,-88,0
-99,-71,0
-82,-109,0
-77,-75,0
-83,-113,0
-102,-79,0
-109,-87,0
-100,-86,0
-72,-106,0
-77,-101,0
-88,-101,0
-92,-102,0
-74,-75,0
-105,-73,0
-91,-101,0
-105,-87,0
-116,-98,0
-105,-87,0
-82,-75,0
-95,-92,0
-112,-98,0
-91,-110,0
-101,-115,0
-92,-72,0
-95,-93,0
-96,-115,0
-104,-90,0
-92,-103,0
-87,-83,0
-115,-98,0
-90,-110,0
-97,-76,0
-96,-68,0
-78,-109,0
-84,-114,0
-69,-91,0
-111,-88,0
-110,-102,0
-91,-98,0
-71,-88,0
-84,-83,0
-93,-93,0
-115,-96,0
-81,-75,0
-96,-105,0
-85,-113,0
-97,-80,0
-106,-112,0
-82,-101,0
-103,-110,0
-97,-106,0
-98,-112,0
-74,-80,0
-113,-89,0
-99,-99,0
-112,-83,0
-67,-92,0
-77,-94,0
-94,-104,0
-94,-89,0
-72,-84,0
-69,-90,0
-89,-115,0
-91,-79,0
-82,-78,0
-101,-77,0
-79,-108,0
-84,-70,0
-113,-90,0
-106,-87,0
-96,-116,0
-68,-98,0
-71,-98,0
