-101,74,1
-83,69,1
-78,103,1
-61,81,1
-97,72,1
-93,98,1
-67,87,1
-92,68,1
-106,78,1
-73,103,1
-95,73,1
-92,84,1
-81,91,1
-93,62,1
-95,97,1
-88,104,1
-103,92,1
-79,89,1
-91,67,1
-74,79,1
-86,75,1
-63,75,1
-65,90,1
-81,101,1
-99,96,1
-104,83,1
-102,94,1
-75,72,1
-68,84,1
-86,98,1
-90,102,1
-84,101,1
-93,92,1
-86,94,1
-73,66,1
-68,95,1
-83,92,1
-92,98,1
-78,100,1
-108,79,1
-77,102,1
-82,73,1
-76,75,1
-83,104,1
-63,82,1
-74,72,1
-65,85,1
-81,90,1
-75,78,1
-81,81,1
-70,65,1
-68,88,1
-101,87,1
-92,64,1
-95,107,1
-76,99,1
-101,82,1
-100,70,1
-93,102,1
-86,90,1
-77,92,1
-76,76,1
-82,100,1
-102,84,1
-76,99,1
-83,101,1
-94,76,1
-71,83,1
-88,88,1
-88,85,1
-106,80,1
-92,104,1
-91,105,1
-95,95,1
-78,104,1
-74,94,1
-101,86,1
-61,90,1
-94,81,1
-76,86,1
-84,70,1
-102,67,1
-77,64,1
-93,93,1
-73,77,1
-69,75,1
-71,92,1
-105,96,1
-85,87,1
-64,72,1
-72,104,1
-83,98,1
-97,66,1
-80,85,1
-91,85,1
-94,107,1
-88,68,1
-94,82,1
-103,92,1
-70,67,1
-102,85,1
-77,68,1
-84,90,1
-68,83,1
-84,85,1
-73,85,1
-77,96,1
-96,85,1
-88,103,1
-85,80,1
-105,85,1
-73,76,1
-81,107,1
-102,67,1
-76,98,1
-63,91,1
-88,93,1
-109,86,1
-80,65,1
-105,80,1
-67,95,1
-82,97,1
-63,87,1
-97,82,1
-89,108,1
-77,77,1
-103,86,1
-87,79,1
-75,66,1
-66,101,1
-97,68,1
-93,99,1
-65,89,1
-76,84,1
-85,74,1
-99,80,1
-92,99,1
-84,100,1
-65,83,1
-95,84,1
-82,81,1
-71,70,1
-74,82,1
-74,101,1
-90,82,1
-85,65,1
-73,63,1
-93,65,1
-76,76,1
-84,87,1
-99,79,1
-87,94,1
-84,74,1
-99,105,1
-63,73,1
-92,106,1
-86,99,1
-76,78,1
-109,90,1
-103,88,1
-80,104,1
-89,74,1
-76,79,1
-93,93,1
-104,75,1
-72,77,1
-94,90,1
-80,82,1
-79,75,1
-68,77,1
-93,65,1
-83,60,1
-76,99,1
-99,76,1
-97,106,1
-69,87,1
-101,97,1
-65,82,1
-93,76,1
-64,81,1
-64,89,1
-81,106,1
-78,104,1
-92,79,1
-84,60,1
-62,80,1
-102,72,1
-73,70,1
-70,86,1
-82,97,1
-95,101,1
-83,103,1
-77,63,1
-97,87,1
-102,80,1
-88,66,1
-64,75,1
-71,103,1
-89,91,1
-91,69,1
-99,98,1
-66,82,1
-98,86,1
-69,73,1
-64,93,1
-91,107,1
-86,97,1
-103,84,1
-65,70,1
-90,89,1
-87,95,1
-81,86,1
-89,94,1
-69,68,1
-84,102,1
-64,88,1
-96,82,1
-84,68,1
-90,95,1
-95,87,1
-64,98,1
-78,94,1
-107,78,1
-88,70,1
-104,90,1
-78,79,1
-75,107,1
-96,65,1
-85,79,1
-92,95,1
-86,98,1
-97,90,1
-105,79,1
-79,108,1
-67,85,1
-73,86,1
-96,95,1
-87,77,1
-72,65,1
-80,103,1
-91,109,1
-77,71,1
-92,68,1
-99,96,1
-71,94,1
-91,62,1
-93,96,1
-61,84,1
-88,68,1
-78,65,1
69,102,0
79,80,0
91,103,0
101,101,0
89,103,0
70,84,0
97,65,0
85,106,0
98,88,0
67,95,0
70,88,0
78,68,0
84,105,0
94,87,0
106,80,0
81,69,0
80,75,0
97,100,0
89,80,0
75,81,0
71,103,0
85,96,0
94,68,0
67,80,0
95,85,0
89,76,0
72,104,0
101,81,0
72,101,0
104,91,0
108,76,0
100,69,0
89,81,0
109,81,0
67,86,0
71,69,0
77,67,0
77,80,0
63,74,0
90,79,0
80,62,0
90,105,0
79,97,0
63,92,0
87,75,0
81,62,0
67,76,0
104,94,0
92,94,0
100,93,0
105,79,0
73,97,0
74,88,0
84,78,0
97,90,0
87,89,0
85,60,0
96,84,0
76,96,0
66,94,0
62,92,0
84,61,0
73,85,0
103,93,0
87,104,0
85,91,0
95,100,0
85,97,0
66,81,0
88,104,0
90,82,0
97,103,0
86,70,0
84,103,0
78,85,0
65,73,0
82,108,0
84,90,0
67,85,0
62,86,0
75,84,0
87,99,0
96,65,0
106,75,0
83,92,0
92,76,0
75,99,0
94,107,0
85,83,0
78,77,0
96,77,0
71,66,0
73,93,0
69,95,0
68,85,0
80,79,0
65,98,0
85,84,0
69,85,0
72,73,0
102,73,0
91,99,0
81,70,0
108,90,0
93,70,0
104,88,0
76,90,0
107,80,0
84,92,0
80,105,0
69,94,0
73,84,0
106,95,0
99,71,0
100,83,0
62,82,0
86,76,0
86,108,0
89,108,0
99,105,0
105,83,0
103,97,0
98,88,0
78,105,0
79,90,0
103,77,0
101,97,0
102,94,0
75,99,0
98,64,0
94,100,0
102,102,0
108,94,0
61,86,0
70,93,0
62,94,0
79,87,0
68,88,0
93,87,0
101,83,0
70,80,0
70,90,0
82,75,0
64,79,0
77,94,0
90,97,0
81,91,0
108,88,0
76,67,0
101,87,0
62,82,0
81,105,0
78,79,0
89,89,0
66,97,0
86,71,0
107,86,0
88,62,0
77,78,0
98,69,0
72,105,0
88,64,0
64,94,0
104,82,0
97,73,0
72,78,0
80,73,0
104,92,0
74,77,0
104,96,0
86,107,0
106,84,0
96,105,0
98,69,0
69,104,0
88,84,0
92,85,0
91,83,0
98,70,0
77,90,0
98,95,0
90,77,0
68,85,0
89,85,0
80,105,0
76,77,0
65,96,0
87,69,0
103,79,0
99,102,0
91,72,0
65,72,0
94,73,0
100,72,0
98,77,0
70,84,0
97,67,0
109,84,0
105,97,0
69,102,0
81,100,0
99,99,0
93,90,0
100,93,0
90,91,0
64,94,0
62,92,0
108,82,0
85,68,0
65,88,0
83,100,0
101,89,0
85,100,0
88,108,0
62,77,0
75,96,0
87,66,0
81,66,0
93,62,0
85,86,0
101,103,0
92,61,0
99,74,0
100,77,0
65,80,0
74,89,0
83,66,0
103,93,0
90,72,0
90,80,0
68,71,0
77,85,0
95,106,0
88,95,0
79,85,0
71,105,0
80,77,0
69,82,0
89,104,0
97,83,0
83,84,0
80,67,0
68,91,0
62,87,0
84,105,0
89,81,0
80,91,0
108,79,0
74,63,0
106,84,0
79,-77,1
69,-82,1
71,-66,1
81,-101,1
79,-72,1
101,-74,1
75,-66,1
83,-109,1
63,-90,1
76,-80,1
72,-100,1
67,-97,1
97,-67,1
94,-63,1
105,-82,1
69,-102,1
92,-66,1
79,-81,1
99,-91,1
107,-77,1
96,-74,1
92,-93,1
75,-104,1
98,-104,1
93,-100,1
62,-83,1
84,-99,1
84,-83,1
80,-66,1
86,-97,1
79,-68,1
84,-86,1
96,-83,1
69,-103,1
77,-92,1
93,-85,1
88,-106,1
102,-98,1
91,-65,1
67,-84,1
63,-80,1
77,-103,1
85,-86,1
99,-103,1
77,-88,1
94,-98,1
89,-81,1
70,-89,1
74,-87,1
101,-101,1
82,-84,1
75,-107,1
69,-66,1
101,-96,1
76,-98,1
73,-99,1
77,-79,1
63,-83,1
86,-79,1
75,-88,1
88,-85,1
89,-83,1
74,-65,1
96,-100,1
106,-73,1
85,-80,1
94,-102,1
97,-101,1
80,-63,1
86,-65,1
109,-82,1
83,-97,1
77,-100,1
81,-73,1
75,-86,1
73,-69,1
84,-75,1
94,-97,1
78,-81,1
78,-70,1
82,-93,1
91,-96,1
96,-80,1
88,-61,1
80,-89,1
91,-80,1
104,-100,1
74,-63,1
91,-65,1
88,-99,1
67,-97,1
92,-72,1
82,-61,1
92,-93,1
84,-74,1
73,-77,1
107,-94,1
75,-79,1
98,-90,1
68,-81,1
85,-72,1
97,-88,1
85,-86,1
85,-79,1
63,-90,1
75,-97,1
93,-103,1
105,-95,1
84,-73,1
97,-69,1
94,-101,1
96,-73,1
109,-88,1
86,-97,1
69,-66,1
66,-99,1
96,-75,1
75,-95,1
88,-87,1
93,-104,1
62,-78,1
80,-61,1
87,-81,1
77,-66,1
97,-89,1
65,-98,1
89,-83,1
79,-76,1
70,-82,1
73,-80,1
79,-67,1
93,-73,1
98,-103,1
82,-87,1
103,-94,1
88,-88,1
108,-94,1
74,-88,1
74,-82,1
93,-64,1
105,-91,1
62,-91,1
68,-73,1
71,-105,1
91,-109,1
70,-78,1
69,-98,1
62,-79,1
98,-105,1
95,-95,1
94,-85,1
65,-85,1
97,-102,1
88,-103,1
82,-68,1
89,-95,1
64,-86,1
94,-99,1
68,-80,1
109,-86,1
63,-93,1
67,-97,1
62,-94,1
89,-105,1
94,-74,1
101,-100,1
100,-90,1
93,-100,1
84,-92,1
77,-88,1
82,-92,1
77,-68,1
88,-72,1
73,-65,1
88,-96,1
103,-102,1
96,-82,1
104,-84,1
77,-78,1
75,-64,1
64,-93,1
63,-86,1
95,-107,1
73,-69,1
69,-99,1
99,-79,1
77,-108,1
92,-105,1
89,-82,1
93,-92,1
87,-98,1
74,-77,1
76,-73,1
86,-80,1
76,-90,1
109,-91,1
76,-89,1
74,-64,1
69,-97,1
92,-93,1
97,-85,1
87,-98,1
77,-77,1
77,-74,1
89,-88,1
92,-100,1
91,-98,1
99,-96,1
87,-76,1
94,-70,1
75,-69,1
95,-64,1
97,-106,1
91,-93,1
93,-86,1
81,-74,1
94,-84,1
99,-92,1
69,-102,1
88,-85,1
79,-63,1
74,-88,1
75,-76,1
71,-71,1
80,-73,1
95,-102,1
101,-100,1
97,-93,1
98,-69,1
94,-87,1
82,-96,1
101,-95,1
88,-103,1
90,-69,1
74,-86,1
77,-73,1
98,-88,1
63,-85,1
86,-96,1
73,-71,1
76,-68,1
83,-66,1
89,-94,1
109,-79,1
75,-68,1
65,-74,1
99,-65,1
64,-98,1
65,-96,1
99,-99,1
-70,-100,0
-92,-108,0
-96,-101,0
-85,-72,0
-92,-82,0
-69,-78,0
-84,-62,0
-82,-98,0
-71,-74,0
-78,-92,0
-96,-80,0
-79,-81,0
-90,-95,0
-75,-86,0
-84,-78,0
-95,-101,0
-101,-99,0
-60,-84,0
-96,-101,0
-95,-74,0
-96,-80,0
-71,-65,0
-96,-68,0
-94,-74,0
-88,-107,0
-90,-69,0
-80,-94,0
-65,-89,0
-97,-81,0
-91,-106,0
-100,-80,0
-92,-63,0
-90,-108,0
-96,-92,0
-87,-69,0
-85,-74,0
-105,-96,0
-76,-106,0
-77,-69,0
-74,-89,0
-108,-86,0
-80,-81,0
-107,-85,0
-76,-90,0
-92,-88,0
-95,-73,0
-89,-62,0
-96,-86,0
-65,-72,0
-71,-69,0
-94,-98,0
-81,-66,0
-87,-66,0
-71,-101,0
-99,-73,0
-97,-72,0
-96,-63,0
-80,-74,0
-81,-88,0
-83,-91,0
-69,-79,0
-96,-90,0
-103,-85,0
-90,-70,0
-79,-61,0
-71,-68,0
-71,-71,0
-76,-108,0
-98,-96,0
-69,-70,0
-67,-68,0
-105,-89,0
-72,-94,0
-83,-61,0
-93,-82,0
-64,-87,0
-77,-78,0
-81,-83,0
-92,-99,0
-69,-81,0
-86,-81,0
-90,-61,0
-70,-93,0
-72,-74,0
-77,-78,0
-76,-93,0
-92,-74,0
-74,-79,0
-61,-92,0
-91,-105,0
-67,-81,0
-68,-76,0
-67,-89,0
-82,-99,0
-108,-93,0
-75,-89,0
-65,-91,0
-90,-62,0
-65,-99,0
-91,-102,0
-78,-70,0
-74,-66,0
-77,-73,0
-72,-67,0
-97,-78,0
-80,-75,0
-81,-108,0
-81,-90,0
-79,-63,0
-77,-78,0
-66,-73,0
-68,-76,0
-93,-108,0
-74,-74,0
-93,-68,0
-76,-99,0
-79,-108,0
-106,-89,0
-70,-96,0
-73,-103,0
-95,-96,0
-82,-77,0
-97,-75,0
-71,-101,0
-101,-93,0
-73,-65,0
-85,-67,0
-87,-93,0
-80,-87,0
-98,-87,0
-85,-65,0
-75,-80,0
-98,-67,0
-105,-81,0
-80,-82,0
-72,-67,0
-103,-93,0
-62,-85,0
-84,-69,0
-80,-100,0
-105,-74,0
-86,-88,0
-91,-77,0
-102,-98,0
-109,-84,0
-82,-64,0
-79,-95,0
-104,-94,0
-91,-75,0
-84,-88,0
-97,-85,0
-70,-96,0
-69,-85,0
-79,-98,0
-104,-96,0
-92,-62,0
-65,-78,0
-100,-89,0
-95,-81,0
-77,-82,0
-62,-82,0
-93,-78,0
-105,-81,0
-70,-100,0
-100,-74,0
-80,-65,0
-82,-88,0
-95,-88,0
-94,-107,0
-78,-103,0
-80,-72,0
-72,-92,0
-109,-89,0
-65,-71,0
-101,-66,0
-77,-101,0
-84,-62,0
-95,-99,0
-101,-80,0
-66,-81,0
-83,-61,0
-84,-91,0
-85,-89,0
-69,-96,0
-95,-103,0
-107,-77,0
-93,-96,0
-93,-100,0
-61,-83,0
-100,-80,0
-96,-88,0
-87,-88,0
-67,-98,0
-66,-93,0
-78,-88,0
-94,-101,0
-85,-105,0
-72,-70,0
-77,-79,0
-102,-78,0
-69,-87,0
-71,-67,0
-87,-80,0
-106,-77,0
-89,-89,0
-82,-85,0
-90,-108,0
-70,-87,0
-84,-88,0
-86,-94,0
-99,-67,0
-103,-80,0
-65,-91,0
-93,-98,0
-74,-101,0
-70,-81,0
-87,-64,0
-97,-88,0
-77,-83,0
-79,-62,0
-106,-96,0
-86,-68,0
-102,-85,0
-81,-65,0
-98,-102,0
-94,-65,0
-82,-87,0
-82,-70,0
-68,-80,0
-79,-75,0
-98,-67,0
-85,-88,0
-106,-81,0
-89,-105,0
-83,-107,0
-100,-74,0
-90,-68,0
-73,-68,0
-81,-97,0
-67,-81,0
-72,-74,0
-100,-84,0
-105,-94,0
-70,-71,0
-77,-84,0
-76,-89,0
-74,-82,0
-73,-93,0
-93,-102,0
-90,-79,0
