-69,75,1
-93,91,1
-75,102,1
-87,104,1
-77,73,1
-85,79,1
-84,103,1
-107,95,1
-66,99,1
-98,80,1
-71,73,1
-94,90,1
-81,83,1
-103,74,1
-83,77,1
-86,82,1
-79,83,1
-102,74,1
-98,102,1
-74,95,1
-69,88,1
-80,84,1
-103,85,1
-94,106,1
-81,100,1
-93,77,1
-92,62,1
-103,96,1
-102,86,1
-67,86,1
-104,85,1
-93,90,1
-71,101,1
-83,107,1
-72,68,1
-106,85,1
-100,85,1
-83,74,1
-92,79,1
-101,96,1
-62,89,1
-62,76,1
-81,93,1
-79,78,1
-83,101,1
-90,68,1
-61,78,1
-83,66,1
-67,97,1
-83,97,1
-67,81,1
-77,96,1
-84,88,1
-71,101,1
-78,104,1
-82,80,1
-99,103,1
-88,98,1
-77,84,1
-75,83,1
-82,98,1
-105,97,1
-82,103,1
-78,83,1
-106,72,1
-101,66,1
-79,63,1
-87,108,1
-66,96,1
-103,100,1
-80,69,1
-78,89,1
-89,66,1
-85,89,1
-69,101,1
-73,84,1
-77,91,1
-68,68,1
-81,92,1
-69,95,1
-65,77,1
-83,104,1
-100,86,1
-106,74,1
-73,106,1
-68,84,1
-88,72,1
-74,87,1
-70,104,1
-90,98,1
-83,84,1
-81,87,1
-83,82,1
-69,88,1
-84,83,1
-92,108,1
-99,67,1
-97,72,1
-89,80,1
-102,99,1
-82,67,1
-82,81,1
-62,78,1
-77,72,1
-80,71,1
-108,80,1
-92,80,1
-70,79,1
-88,76,1
-89,86,1
-64,72,1
-88,101,1
-78,86,1
-71,87,1
-71,71,1
-101,66,1
-90,75,1
-91,109,1
-85,90,1
-71,66,1
-100,70,1
-103,77,1
-73,72,1
-91,108,1
-89,64,1
-98,77,1
-78,83,1
-89,72,1
-70,87,1
-76,66,1
-86,93,1
-95,79,1
-88,79,1
-99,104,1
-102,88,1
-94,68,1
-73,89,1
-80,75,1
-93,101,1
-86,98,1
-66,100,1
-61,81,1
-80,106,1
-67,86,1
-91,69,1
-101,85,1
-100,94,1
-71,73,1
-88,71,1
-81,92,1
-75,86,1
-72,105,1
-64,91,1
-92,102,1
-108,84,1
-68,98,1
-87,99,1
-103,100,1
-102,88,1
-74,84,1
-78,82,1
-77,80,1
-88,63,1
-93,97,1
-83,93,1
-104,78,1
-75,101,1
-108,85,1
-80,89,1
-80,99,1
-71,72,1
-88,69,1
-61,82,1
-102,78,1
-89,67,1
-82,84,1
-69,89,1
-91,95,1
-78,66,1
-82,101,1
-88,69,1
-88,83,1
-74,70,1
-63,95,1
-69,98,1
-108,82,1
-76,93,1
-94,64,1
-74,86,1
-67,71,1
-100,85,1
-90,99,1
-66,91,1
-86,81,1
-76,73,1
-104,81,1
-97,103,1
-70,69,1
-73,93,1
-79,109,1
-82,62,1
-104,100,1
-103,99,1
-101,94,1
-86,100,1
-73,78,1
-109,85,1
-80,100,1
-106,97,1
-84,82,1
-83,71,1
-76,78,1
-85,67,1
-70,87,1
-76,95,1
-98,89,1
-101,80,1
-104,86,1
-108,86,1
-78,65,1
-85,103,1
-78,97,1
-79,88,1
-68,71,1
-79,81,1
-60,86,1
-106,93,1
-80,93,1
-88,98,1
-107,75,1
-75,73,1
-67,80,1
-85,98,1
-94,101,1
-83,61,1
-84,102,1
-70,96,1
-92,71,1
-71,86,1
-85,105,1
-92,107,1
-85,71,1
-106,96,1
-75,93,1
-84,104,1
-71,75,1
-97,69,1
-86,72,1
-78,68,1
-103,88,1
70,83,0
88,94,0
75,97,0
66,78,0
76,64,0
95,105,0
90,81,0
85,96,0
85,92,0
98,83,0
88,83,0
88,80,0
82,62,0
63,84,0
101,91,0
89,89,0
81,77,0
78,100,0
103,78,0
83,76,0
75,89,0
76,86,0
100,85,0
105,87,0
89,65,0
91,98,0
69,78,0
104,92,0
68,69,0
79,72,0
94,72,0
109,80,0
91,86,0
90,80,0
78,69,0
87,63,0
85,94,0
70,87,0
68,72,0
91,79,0
90,106,0
88,86,0
93,81,0
83,73,0
95,106,0
70,76,0
84,64,0
98,96,0
92,82,0
89,78,0
82,84,0
74,89,0
79,109,0
67,77,0
90,66,0
84,80,0
90,79,0
76,84,0
94,106,0
93,80,0
72,90,0
82,98,0
105,82,0
81,98,0
84,80,0
86,62,0
93,102,0
78,84,0
98,84,0
103,100,0
91,103,0
98,69,0
107,95,0
64,95,0
77,67,0
70,104,0
99,67,0
103,101,0
94,100,0
73,80,0
77,72,0
93,80,0
75,96,0
74,82,0
79,95,0
81,104,0
60,84,0
100,81,0
75,98,0
79,81,0
66,83,0
64,80,0
72,101,0
85,70,0
98,70,0
87,62,0
89,72,0
96,106,0
91,106,0
78,69,0
62,76,0
87,102,0
104,87,0
83,62,0
70,75,0
71,92,0
86,98,0
80,99,0
88,90,0
64,90,0
86,85,0
102,101,0
70,83,0
93,68,0
71,85,0
86,105,0
71,76,0
100,97,0
71,76,0
106,97,0
101,82,0
86,82,0
77,69,0
79,63,0
82,72,0
91,90,0
100,71,0
66,85,0
90,87,0
101,68,0
103,92,0
67,73,0
78,87,0
101,67,0
108,88,0
95,98,0
74,64,0
81,86,0
82,90,0
90,95,0
61,92,0
68,82,0
76,69,0
96,77,0
93,75,0
98,89,0
80,74,0
80,69,0
106,94,0
72,84,0
65,80,0
83,89,0
85,95,0
103,77,0
70,85,0
81,106,0
88,65,0
87,81,0
67,84,0
76,64,0
67,68,0
103,100,0
100,66,0
82,109,0
79,75,0
103,78,0
99,87,0
98,76,0
82,96,0
94,93,0
64,97,0
85,91,0
90,86,0
82,108,0
101,89,0
108,92,0
98,96,0
103,71,0
88,106,0
76,105,0
76,71,0
80,88,0
76,89,0
93,83,0
66,98,0
95,67,0
68,87,0
79,80,0
78,84,0
90,107,0
103,98,0
89,61,0
64,85,0
88,98,0
71,69,0
94,96,0
94,85,0
60,87,0
87,107,0
91,66,0
108,93,0
83,87,0
66,80,0
82,66,0
95,72,0
81,98,0
105,94,0
106,81,0
83,109,0
102,85,0
94,100,0
105,94,0
106,72,0
91,89,0
99,84,0
78,79,0
75,102,0
101,101,0
105,94,0
95,64,0
103,81,0
107,94,0
63,82,0
104,87,0
69,96,0
77,79,0
96,85,0
83,87,0
71,68,0
63,83,0
95,99,0
63,83,0
87,100,0
84,92,0
88,85,0
92,86,0
84,63,0
101,81,0
68,86,0
104,74,0
103,102,0
100,100,0
87,60,0
96,82,0
93,70,0
86,105,0
74,102,0
88,105,0
85,89,0
61,86,0
73,-75,1
66,-95,1
68,-84,1
64,-87,1
65,-71,1
69,-73,1
78,-79,1
82,-68,1
87,-108,1
79,-82,1
108,-80,1
86,-89,1
95,-93,1
94,-63,1
90,-79,1
101,-86,1
102,-88,1
69,-93,1
61,-85,1
87,-107,1
93,-103,1
91,-88,1
96,-103,1
71,-103,1
81,-104,1
68,-72,1
64,-86,1
65,-75,1
89,-77,1
81,-83,1
107,-95,1
109,-91,1
97,-105,1
88,-93,1
73,-95,1
102,-89,1
78,-62,1
75,-98,1
63,-95,1
82,-99,1
75,-89,1
62,-78,1
86,-61,1
96,-92,1
69,-85,1
95,-83,1
93,-91,1
88,-74,1
102,-103,1
109,-81,1
94,-104,1
79,-106,1
81,-68,1
87,-66,1
88,-95,1
78,-86,1
93,-68,1
98,-72,1
71,-99,1
88,-71,1
71,-102,1
67,-80,1
94,-98,1
72,-71,1
91,-66,1
94,-81,1
106,-73,1
72,-75,1
101,-102,1
76,-90,1
85,-91,1
65,-89,1
72,-98,1
69,-69,1
72,-68,1
83,-87,1
97,-84,1
77,-90,1
83,-74,1
91,-98,1
97,-69,1
84,-61,1
82,-71,1
74,-64,1
72,-67,1
101,-66,1
90,-94,1
84,-86,1
104,-87,1
68,-98,1
93,-85,1
76,-70,1
81,-107,1
87,-77,1
74,-107,1
83,-97,1
96,-80,1
90,-104,1
74,-64,1
87,-60,1
79,-90,1
82,-107,1
88,-86,1
77,-99,1
81,-82,1
102,-87,1
95,-93,1
86,-101,1
63,-85,1
95,-78,1
68,-87,1
69,-91,1
100,-75,1
72,-91,1
70,-86,1
79,-71,1
101,-101,1
61,-86,1
93,-86,1
80,-75,1
77,-79,1
98,-85,1
64,-95,1
87,-98,1
67,-99,1
75,-96,1
76,-100,1
65,-85,1
87,-75,1
85,-108,1
78,-80,1
77,-85,1
90,-101,1
85,-106,1
105,-93,1
84,-103,1
94,-105,1
82,-66,1
81,-104,1
92,-99,1
67,-75,1
90,-93,1
67,-88,1
71,-89,1
100,-100,1
104,-93,1
81,-81,1
65,-90,1
81,-90,1
89,-103,1
76,-73,1
89,-77,1
72,-66,1
70,-65,1
86,-97,1
83,-82,1
79,-91,1
95,-66,1
74,-86,1
79,-77,1
75,-107,1
81,-99,1
67,-82,1
99,-100,1
63,-78,1
87,-108,1
98,-88,1
91,-91,1
71,-81,1
82,-62,1
103,-93,1
97,-75,1
64,-75,1
97,-90,1
95,-87,1
90,-88,1
94,-100,1
71,-82,1
106,-76,1
94,-76,1
71,-96,1
72,-78,1
72,-93,1
108,-93,1
63,-90,1
74,-88,1
88,-80,1
99,-83,1
82,-105,1
74,-66,1
73,-79,1
99,-68,1
75,-70,1
66,-91,1
81,-95,1
61,-86,1
73,-87,1
79,-70,1
66,-94,1
86,-76,1
98,-103,1
96,-75,1
100,-84,1
66,-88,1
89,-104,1
77,-99,1
87,-109,1
89,-61,1
69,-91,1
80,-61,1
63,-94,1
73,-97,1
66,-69,1
104,-93,1
65,-78,1
75,-104,1
81,-109,1
90,-91,1
98,-73,1
93,-74,1
83,-93,1
95,-105,1
70,-104,1
94,-99,1
96,-85,1
88,-65,1
93,-68,1
79,-91,1
100,-94,1
94,-80,1
90,-100,1
74,-100,1
89,-75,1
70,-95,1
94,-87,1
86,-100,1
98,-93,1
87,-60,1
76,-70,1
82,-85,1
80,-104,1
83,-84,1
75,-106,1
94,-108,1
101,-102,1
74,-83,1
99,-70,1
101,-82,1
90,-93,1
66,-81,1
-106,-98,0
-97,-96,0
-74,-82,0
-73,-65,0
-102,-71,0
-89,-84,0
-62,-91,0
-93,-97,0
-76,-77,0
-96,-85,0
-91,-77,0
-104,-81,0
-63,-93,0
-76,-63,0
-91,-105,0
-88,-102,0
-103,-101,0
-93,-86,0
-70,-74,0
-92,-62,0
-105,-73,0
-95,-80,0
-74,-90,0
-76,-97,0
-78,-67,0
-99,-74,0
-89,-75,0
-70,-75,0
-104,-76,0
-93,-82,0
-74,-72,0
-83,-73,0
-86,-108,0
-73,-73,0
-95,-82,0
-73,-76,0
-102,-68,0
-74,-67,0
-102,-99,0
-81,-79,0
-102,-79,0
-84,-62,0
-86,-91,0
-90,-93,0
-73,-74,0
-70,-97,0
-73,-82,0
-85,-92,0
-87,-74,0
-92,-85,0
-100,-101,0
-83,-102,0
-82,-96,0
-78,-72,0
-65,-77,0
-101,-76,0
-68,-78,0
-76,-106,0
-66,-97,0
-62,-77,0
-91,-69,0
-101,-101,0
-78,-92,0
-88,-76,0
-83,-100,0
-61,-82,0
-90,-75,0
-80,-69,0
-75,-65,0
-76,-95,0
-80,-65,0
-79,-105,0
-81,-102,0
-90,-70,0
-82,-90,0
-83,-76,0
-104,-71,0
-103,-91,0
-105,-90,0
-79,-103,0
-95,-92,0
-68,-99,0
-107,-88,0
-103,-83,0
-70,-74,0
-101,-78,0
-103,-69,0
-77,-84,0
-65,-82,0
-89,-90,0
-102,-97,0
-92,-66,0
-77,-91,0
-77,-102,0
-78,-92,0
-72,-77,0
-74,-101,0
-82,-70,0
-97,-65,0
-80,-69,0
-96,-64,0
-80,-91,0
-65,-85,0
-81,-80,0
-97,-105,0
-92,-82,0
-94,-98,0
-97,-88,0
-108,-76,0
-98,-94,0
-81,-81,0
-67,-80,0
-67,-101,0
-97,-102,0
-95,-81,0
-92,-107,0
-85,-85,0
-75,-88,0
-79,-74,0
-69,-93,0
-83,-104,0
-67,-70,0
-102,-93,0
-71,-103,0
-108,-85,0
-60,-86,0
-71,-98,0
-71,-81,0
-99,-75,0
-63,-79,0
-80,-91,0
-78,-75,0
-61,-83,0
-90,-90,0
-71,-84,0
-82,-72,0
-75,-71,0
-68,-79,0
-65,-93,0
-77,-78,0
-101,-84,0
-78,-95,0
-88,-61,0
-87,-95,0
-70,-67,0
-76,-75,0
-93,-97,0
-99,-104,0
-74,-86,0
-80,-79,0
-82,-64,0
-74,-63,0
-88,-99,0
-70,-96,0
-103,-98,0
-102,-90,0
-71,-89,0
-71,-66,0
-78,-69,0
-91,-87,0
-104,-96,0
-88,-67,0
-80,-80,0
-83,-61,0
-101,-86,0
-91,-103,0
-105,-89,0
-94,-66,0
-101,-88,0
-77,-93,0
-76,-92,0
-96,-103,0
-79,-77,0
-109,-82,0
-73,-73,0
-97,-91,0
-74,-68,0
-89,-77,0
-89,-104,0
-81,-61,0
-88,-70,0
-73,-64,0
-98,-104,0
-92,-91,0
-98,-104,0
-108,-86,0
-69,-75,0
-100,-69,0
-88,-76,0
-92,-74,0
-80,-88,0
-98,-64,0
-80,-83,0
-86,-77,0
-91,-85,0
-70,-95,0
-95,-92,0
-106,-88,0
-82,-105,0
-72,-73,0
-70,-88,0
-78,-96,0
-109,-80,0
-89,-71,0
-72,-98,0
-98,-106,0
-80,-106,0
-69,-100,0
-105,-79,0
-77,-87,0
-100,-76,0
-74,-78,0
-75,-69,0
-80,-75,0
-71,-96,0
-91,-67,0
-90,-74,0
-91,-63,0
-62,-82,0
-74,-84,0
-76,-80,0
-84,-71,0
-92,-65,0
-69,-76,0
-90,-88,0
-91,-94,0
-93,-84,0
-94,-93,0
-95,-98,0
-88,-65,0
-64,-87,0
-108,-82,0
-84,-77,0
-96,-106,0
-96,-71,0
-92,-91,0
-104,-90,0
-104,-100,0
-67,-99,0
-67,-101,0
-94,-95,0
-102,-95,0
-70,-84,0
-85,-77,0
-81,-101,0
-87,-97,0
-89,-64,0
-73,-92,0
-78,-82,0
-102,-83,0
