-200,187,1
-213,207,1
-215,204,1
-193,203,1
-201,220,1
-191,183,1
-206,207,1
-200,205,1
-212,216,1
-203,193,1
-208,181,1
-192,201,1
-184,209,1
-189,218,1
-184,194,1
-201,213,1
-182,191,1
-199,198,1
-180,212,1
-177,206,1
-190,197,1
-193,181,1
-219,210,1
-208,220,1
-191,216,1
-194,180,1
-204,180,1
-195,210,1
-183,186,1
-217,198,1
-204,217,1
-199,220,1
-211,199,1
-200,195,1
-216,191,1
-178,193,1
-192,202,1
-196,212,1
-191,177,1
-217,193,1
-197,209,1
-174,192,1
-188,195,1
-184,203,1
-200,197,1
-209,204,1
-182,192,1
-217,213,1
-199,178,1
-186,189,1
-182,211,1
-210,208,1
-208,196,1
-185,204,1
-197,196,1
-219,208,1
-184,217,1
-197,195,1
-204,202,1
-193,187,1
-186,189,1
-185,208,1
-205,213,1
-204,192,1
-186,193,1
-204,180,1
-174,203,1
-196,202,1
-184,181,1
-193,175,1
-202,218,1
-206,214,1
-196,198,1
-191,200,1
-184,209,1
-187,203,1
-208,207,1
-181,206,1
-209,210,1
-189,220,1
-197,187,1
-198,188,1
-198,215,1
-182,196,1
-202,192,1
-219,186,1
-190,196,1
-193,176,1
-198,219,1
-214,203,1
-187,208,1
-219,210,1
-188,217,1
-179,200,1
-180,197,1
-219,209,1
-185,189,1
-204,180,1
-189,212,1
-204,196,1
-213,210,1
-185,207,1
-215,188,1
-215,193,1
-212,183,1
-179,203,1
-218,187,1
-198,197,1
-220,203,1
-176,191,1
-202,202,1
-209,216,1
-178,195,1
-202,206,1
-180,214,1
-182,179,1
-174,196,1
-185,199,1
-212,199,1
-186,206,1
-193,214,1
-204,193,1
-187,199,1
-201,196,1
-198,206,1
-219,194,1
-181,183,1
-215,215,1
-211,185,1
-212,202,1
-194,185,1
-178,202,1
-189,218,1
-204,208,1
-204,209,1
-189,184,1
-193,204,1
-202,205,1
-205,209,1
-189,216,1
-176,202,1
-205,215,1
-186,204,1
-218,206,1
-216,195,1
-201,194,1
-216,183,1
-213,204,1
-214,195,1
-194,179,1
-201,215,1
-187,195,1
-194,220,1
-193,178,1
-219,191,1
-187,217,1
-182,201,1
-201,189,1
-220,192,1
-190,221,1
-221,199,1
-203,191,1
-210,218,1
-204,200,1
-186,179,1
-211,197,1
-204,221,1
-177,189,1
-200,218,1
-189,180,1
-194,203,1
-220,209,1
-217,213,1
-186,200,1
-185,211,1
-219,194,1
-204,177,1
-201,200,1
-213,187,1
-194,201,1
-181,204,1
-191,186,1
-188,183,1
-183,180,1
-213,185,1
-199,217,1
-213,211,1
-211,195,1
-214,194,1
-213,192,1
-215,181,1
-214,197,1
-198,220,1
-206,214,1
-185,208,1
-211,178,1
-181,192,1
-208,207,1
-202,210,1
-216,207,1
-209,191,1
-218,184,1
-188,196,1
-192,192,1
-179,188,1
-198,191,1
-204,217,1
-180,214,1
-207,193,1
-195,194,1
-208,212,1
-190,221,1
-206,217,1
-193,189,1
-208,176,1
-204,217,1
-216,209,1
-210,199,1
-208,197,1
-210,215,1
-208,206,1
-206,208,1
-214,196,1
-186,192,1
-204,205,1
-192,206,1
-210,193,1
-213,191,1
-221,207,1
-183,178,1
-178,196,1
-193,204,1
-210,191,1
-182,180,1
-175,200,1
-196,185,1
-191,212,1
-209,199,1
-187,196,1
-197,200,1
-176,202,1
-196,192,1
-182,179,1
-207,180,1
-197,174,1
-187,219,1
-204,191,1
-186,211,1
-195,174,1
-178,210,1
210,213,0
207,212,0
194,208,0
182,197,0
210,185,0
191,176,0
211,199,0
213,210,0
179,189,0
203,187,0
182,208,0
180,194,0
198,176,0
217,194,0
197,175,0
190,207,0
182,186,0
194,197,0
182,199,0
208,203,0
175,189,0
195,218,0
210,182,0
205,178,0
206,221,0
202,222,0
201,189,0
202,196,0
185,183,0
189,200,0
190,196,0
211,180,0
186,201,0
193,194,0
192,206,0
198,174,0
181,193,0
219,200,0
208,204,0
219,190,0
177,211,0
198,182,0
218,184,0
179,192,0
202,174,0
206,200,0
179,191,0
181,199,0
201,176,0
197,197,0
212,212,0
187,211,0
183,204,0
220,195,0
189,178,0
210,185,0
185,200,0
180,198,0
209,216,0
187,206,0
186,219,0
209,217,0
194,212,0
201,216,0
177,194,0
196,176,0
193,213,0
203,207,0
219,195,0
212,217,0
195,211,0
191,221,0
212,200,0
211,206,0
206,175,0
207,216,0
177,193,0
186,215,0
176,192,0
183,193,0
196,198,0
199,217,0
214,201,0
193,220,0
202,190,0
174,196,0
190,193,0
197,219,0
190,185,0
190,179,0
200,204,0
214,179,0
213,206,0
213,209,0
188,184,0
183,208,0
198,184,0
201,195,0
196,177,0
207,197,0
191,215,0
199,203,0
190,183,0
203,217,0
197,220,0
179,189,0
190,212,0
188,219,0
179,200,0
185,184,0
214,202,0
176,206,0
178,188,0
186,186,0
181,186,0
193,187,0
184,183,0
181,211,0
196,183,0
203,175,0
180,212,0
183,186,0
198,175,0
181,203,0
200,210,0
209,211,0
189,220,0
187,215,0
222,204,0
213,214,0
188,189,0
214,202,0
192,177,0
193,204,0
209,191,0
204,184,0
189,195,0
205,212,0
211,206,0
184,205,0
196,186,0
182,187,0
177,211,0
198,196,0
192,203,0
192,197,0
195,203,0
194,176,0
201,202,0
188,200,0
190,192,0
186,216,0
204,189,0
179,191,0
212,206,0
217,187,0
216,195,0
178,205,0
190,184,0
220,206,0
188,209,0
196,207,0
200,206,0
203,175,0
203,203,0
206,203,0
192,220,0
208,208,0
191,174,0
200,208,0
190,178,0
215,210,0
192,187,0
182,198,0
188,179,0
194,222,0
189,178,0
218,184,0
189,186,0
174,197,0
211,197,0
186,193,0
185,216,0
195,175,0
190,183,0
201,217,0
180,182,0
213,209,0
204,199,0
176,194,0
208,209,0
196,221,0
199,206,0
201,220,0
201,204,0
214,191,0
214,182,0
188,199,0
217,200,0
181,215,0
200,184,0
219,187,0
190,178,0
212,183,0
200,191,0
187,189,0
184,199,0
204,177,0
191,216,0
200,191,0
211,201,0
198,214,0
184,195,0
176,198,0
220,208,0
218,195,0
189,182,0
197,174,0
187,216,0
186,216,0
218,211,0
206,177,0
196,175,0
204,189,0
200,197,0
188,194,0
213,212,0
183,210,0
191,186,0
183,188,0
193,218,0
198,181,0
209,186,0
204,177,0
190,210,0
215,214,0
187,197,0
197,201,0
189,199,0
176,206,0
195,202,0
179,209,0
204,206,0
179,185,0
204,212,0
194,182,0
219,186,0
209,194,0
211,219,0
187,199,0
201,-179,1
207,-202,1
196,-207,1
220,-209,1
198,-220,1
205,-193,1
205,-221,1
214,-184,1
206,-214,1
194,-193,1
217,-182,1
211,-210,1
189,-202,1
206,-187,1
209,-192,1
213,-185,1
218,-208,1
205,-210,1
200,-178,1
198,-221,1
215,-214,1
193,-175,1
207,-189,1
196,-202,1
211,-189,1
215,-211,1
182,-195,1
198,-199,1
199,-202,1
199,-200,1
205,-196,1
194,-217,1
203,-176,1
188,-181,1
188,-197,1
180,-191,1
184,-179,1
189,-176,1
209,-186,1
201,-184,1
209,-202,1
192,-189,1
209,-201,1
222,-199,1
192,-176,1
202,-211,1
189,-195,1
196,-189,1
211,-204,1
190,-201,1
185,-202,1
179,-184,1
219,-202,1
208,-190,1
177,-210,1
187,-219,1
192,-217,1
191,-213,1
179,-211,1
209,-178,1
188,-219,1
174,-194,1
176,-198,1
190,-179,1
212,-215,1
188,-217,1
213,-180,1
216,-181,1
178,-190,1
207,-218,1
215,-188,1
202,-190,1
190,-210,1
206,-182,1
186,-200,1
214,-212,1
204,-194,1
176,-206,1
212,-217,1
184,-207,1
197,-200,1
214,-192,1
174,-204,1
195,-189,1
197,-175,1
191,-208,1
184,-208,1
198,-191,1
188,-180,1
207,-221,1
195,-208,1
190,-193,1
215,-190,1
192,-191,1
190,-183,1
184,-185,1
216,-192,1
189,-207,1
202,-179,1
219,-194,1
211,-209,1
180,-195,1
198,-191,1
209,-198,1
211,-214,1
222,-203,1
204,-201,1
193,-222,1
191,-187,1
204,-183,1
184,-194,1
187,-209,1
179,-182,1
194,-209,1
203,-202,1
192,-209,1
184,-212,1
209,-206,1
191,-183,1
183,-217,1
180,-204,1
209,-207,1
213,-215,1
190,-179,1
202,-185,1
199,-202,1
201,-209,1
176,-195,1
204,-201,1
205,-206,1
182,-205,1
213,-182,1
202,-197,1
207,-189,1
221,-189,1
189,-219,1
208,-210,1
192,-185,1
186,-219,1
182,-208,1
202,-189,1
178,-212,1
200,-186,1
194,-212,1
192,-219,1
192,-195,1
182,-214,1
222,-195,1
197,-194,1
208,-208,1
219,-194,1
173,-198,1
221,-199,1
216,-185,1
205,-178,1
201,-196,1
211,-178,1
209,-210,1
221,-193,1
198,-187,1
187,-204,1
206,-183,1
179,-196,1
204,-193,1
185,-183,1
206,-182,1
178,-201,1
203,-208,1
184,-186,1
202,-190,1
178,-211,1
191,-188,1
183,-195,1
202,-188,1
200,-212,1
197,-175,1
189,-213,1
213,-217,1
191,-213,1
182,-209,1
201,-208,1
187,-193,1
208,-176,1
200,-208,1
179,-214,1
209,-215,1
204,-189,1
188,-181,1
199,-178,1
206,-177,1
181,-207,1
191,-197,1
187,-184,1
192,-211,1
204,-197,1
222,-199,1
194,-177,1
209,-188,1
215,-187,1
176,-189,1
191,-187,1
188,-187,1
192,-214,1
198,-208,1
203,-187,1
193,-207,1
186,-197,1
207,-186,1
190,-215,1
206,-203,1
210,-202,1
217,-183,1
188,-192,1
196,-179,1
189,-220,1
190,-179,1
214,-191,1
193,-198,1
204,-181,1
199,-179,1
189,-193,1
177,-197,1
192,-198,1
199,-211,1
181,-197,1
220,-208,1
200,-179,1
209,-176,1
186,-184,1
217,-202,1
197,-177,1
220,-190,1
177,-199,1
218,-212,1
177,-211,1
181,-213,1
195,-192,1
188,-208,1
193,-177,1
190,-192,1
209,-192,1
184,-214,1
178,-183,1
177,-188,1
199,-198,1
198,-203,1
183,-199,1
212,-209,1
208,-211,1
183,-183,1
-208,-203,0
-197,-181,0
-212,-216,0
-188,-201,0
-219,-192,0
-178,-202,0
-219,-205,0
-185,-180,0
-179,-193,0
-216,-210,0
-188,-205,0
-185,-202,0
-194,-192,0
-184,-206,0
-214,-182,0
-184,-207,0
-203,-217,0
-222,-194,0
-220,-198,0
-183,-191,0
-194,-186,0
-194,-199,0
-184,-210,0
-204,-219,0
-220,-190,0
-200,-183,0
-191,-200,0
-193,-222,0
-196,-181,0
-202,-180,0
-195,-174,0
-212,-193,0
-177,-206,0
-186,-188,0
-204,-218,0
-188,-193,0
-208,-217,0
-181,-206,0
-192,-202,0
-179,-205,0
-198,-176,0
-176,-198,0
-190,-190,0
-194,-177,0
-203,-220,0
-198,-193,0
-202,-222,0
-208,-183,0
-176,-209,0
-193,-180,0
-216,-199,0
-188,-206,0
-195,-190,0
-199,-193,0
-193,-221,0
-202,-174,0
-176,-187,0
-194,-217,0
-185,-218,0
-178,-186,0
-199,-220,0
-204,-204,0
-183,-199,0
-203,-188,0
-193,-205,0
-188,-189,0
-204,-197,0
-182,-202,0
-182,-196,0
-209,-176,0
-208,-198,0
-192,-211,0
-196,-213,0
-210,-218,0
-180,-210,0
-190,-176,0
-204,-195,0
-179,-209,0
-178,-211,0
-187,-185,0
-195,-215,0
-185,-217,0
-206,-187,0
-200,-201,0
-191,-219,0
-183,-205,0
-193,-179,0
-198,-204,0
-188,-198,0
-216,-181,0
-209,-183,0
-204,-178,0
-192,-185,0
-211,-202,0
-191,-203,0
-192,-190,0
-217,-194,0
-179,-199,0
-200,-210,0
-176,-194,0
-177,-201,0
-195,-197,0
-186,-194,0
-208,-218,0
-211,-206,0
-222,-203,0
-198,-191,0
-206,-186,0
-203,-188,0
-215,-189,0
-185,-204,0
-197,-195,0
-180,-212,0
-194,-199,0
-198,-193,0
-185,-216,0
-184,-210,0
-188,-197,0
-203,-179,0
-200,-196,0
-206,-189,0
-204,-220,0
-197,-214,0
-206,-184,0
-197,-182,0
-205,-210,0
-179,-190,0
-184,-196,0
-182,-181,0
-189,-197,0
-208,-196,0
-210,-197,0
-189,-202,0
-217,-207,0
-221,-206,0
-210,-192,0
-202,-212,0
-202,-185,0
-182,-206,0
-182,-213,0
-217,-214,0
-220,-196,0
-192,-197,0
-203,-194,0
-195,-187,0
-188,-190,0
-217,-199,0
-193,-208,0
-185,-186,0
-214,-185,0
-199,-198,0
-218,-187,0
-187,-213,0
-204,-187,0
-210,-219,0
-208,-180,0
-200,-196,0
-221,-204,0
-203,-204,0
-219,-191,0
-198,-201,0
-200,-202,0
-186,-204,0
-182,-192,0
-192,-178,0
-217,-188,0
-213,-196,0
-174,-200,0
-181,-214,0
-212,-200,0
-214,-186,0
-195,-184,0
-200,-221,0
-204,-191,0
-196,-182,0
-185,-183,0
-204,-179,0
-182,-212,0
-202,-175,0
-179,-184,0
-191,-217,0
-211,-183,0
-205,-211,0
-217,-213,0
-191,-219,0
-207,-201,0
-205,-191,0
-197,-199,0
-213,-214,0
-213,-217,0
-177,-201,0
-189,-208,0
-203,-194,0
-210,-179,0
-210,-186,0
-191,-186,0
-193,-181,0
-213,-200,0
-211,-209,0
-181,-203,0
-192,-220,0
-202,-204,0
-204,-181,0
-213,-210,0
-213,-204,0
-178,-202,0
-183,-209,0
-183,-199,0
-200,-201,0
-217,-200,0
-214,-185,0
-207,-198,0
-197,-186,0
-187,-209,0
-203,-205,0
-186,-193,0
-212,-212,0
-182,-213,0
-202,-187,0
-212,-191,0
-182,-207,0
-181,-199,0
-214,-184,0
-203,-179,0
-195,-178,0
-209,-176,0
-213,-195,0
-219,-202,0
-208,-184,0
-191,-175,0
-219,-197,0
-211,-205,0
-187,-181,0
-188,-209,0
-200,-195,0
-202,-205,0
-196,-210,0
-189,-207,0
-215,-212,0
-197,-211,0
-193,-181,0
-179,-200,0
-207,-221,0
-196,-177,0
-186,-207,0
-186,-209,0
-190,-194,0
-214,-179,0
-180,-208,0
-218,-192,0
