-101,81,1
-73,101,1
-77,53,1
-69,98,1
-77,71,1
-68,65,1
-79,78,1
-85,54,1
-98,79,1
-76,64,1
-55,86,1
-87,69,1
-73,71,1
-70,81,1
-77,67,1
-67,64,1
-89,84,1
-91,82,1
-66,83,1
-75,58,1
-60,75,1
-81,62,1
-87,90,1
-83,66,1
-99,67,1
-63,73,1
-99,89,1
-78,63,1
-79,87,1
-74,93,1
-84,61,1
-85,84,1
-90,59,1
-80,54,1
-89,98,1
-74,71,1
-77,86,1
-85,92,1
-60,81,1
-57,80,1
-89,83,1
-86,72,1
-82,83,1
-94,64,1
-81,101,1
-96,92,1
-84,75,1
-59,93,1
-92,79,1
-87,59,1
-97,79,1
-93,87,1
-79,99,1
-69,55,1
-89,100,1
-82,61,1
-57,65,1
-91,78,1
-80,100,1
-54,84,1
-63,64,1
-60,75,1
-81,67,1
-76,73,1
-70,101,1
-60,79,1
-62,96,1
-67,87,1
-93,62,1
-94,61,1
-72,97,1
-75,95,1
-83,95,1
-80,92,1
-62,75,1
-84,60,1
-65,84,1
-90,76,1
-80,74,1
-98,87,1
-64,76,1
-89,72,1
-67,84,1
-86,94,1
-61,69,1
-78,74,1
-57,89,1
-80,65,1
-101,86,1
-70,76,1
-73,59,1
-86,90,1
-100,71,1
-63,61,1
-96,67,1
-71,57,1
-59,67,1
-86,65,1
-64,70,1
-82,86,1
-57,83,1
-59,62,1
-69,69,1
-58,86,1
-77,71,1
-97,87,1
-71,100,1
-60,70,1
-94,72,1
-95,75,1
-84,93,1
-73,89,1
-75,66,1
-73,86,1
-96,81,1
-76,68,1
-98,64,1
-76,61,1
-74,60,1
-94,92,1
-101,81,1
-81,71,1
-77,56,1
-81,62,1
-77,94,1
-85,59,1
-69,84,1
-68,100,1
-96,76,1
-62,61,1
-97,63,1
-68,70,1
-75,71,1
-91,72,1
-73,97,1
-69,96,1
-67,83,1
-57,66,1
-69,66,1
-82,78,1
-71,70,1
-94,87,1
-88,59,1
-81,59,1
-84,96,1
-86,56,1
-95,75,1
-70,68,1
-66,72,1
-87,87,1
-76,102,1
-81,86,1
-71,60,1
-60,73,1
-75,58,1
-69,58,1
-76,64,1
-92,70,1
-78,65,1
-73,62,1
-68,62,1
-87,89,1
-60,78,1
-69,92,1
-90,91,1
-92,97,1
-76,89,1
-80,84,1
-97,78,1
-89,72,1
-78,78,1
-69,59,1
-68,67,1
-58,76,1
-75,58,1
-57,65,1
-101,78,1
-75,58,1
-59,89,1
-67,78,1
-60,75,1
-73,67,1
-99,74,1
-58,88,1
-71,65,1
-80,55,1
-89,96,1
-102,80,1
-54,77,1
-77,88,1
-59,70,1
-76,96,1
-78,65,1
-84,57,1
-72,76,1
-95,91,1
-72,77,1
-90,66,1
-79,88,1
-78,81,1
-70,56,1
-76,73,1
-64,70,1
-58,63,1
-59,85,1
-84,72,1
-68,73,1
-69,55,1
-81,70,1
-74,67,1
-88,69,1
-90,59,1
-54,83,1
-92,94,1
-93,94,1
-74,80,1
-77,88,1
-68,99,1
-64,89,1
-92,71,1
-60,89,1
-86,65,1
-95,79,1
-55,70,1
-69,59,1
-77,87,1
-60,82,1
-85,100,1
-86,89,1
-100,72,1
-84,73,1
-100,81,1
-91,96,1
-94,88,1
-83,70,1
-68,58,1
-96,78,1
-58,73,1
-73,96,1
-87,95,1
-57,68,1
-77,84,1
-60,83,1
-85,97,1
-78,91,1
-97,91,1
-71,98,1
-54,81,1
-100,67,1
-73,76,1
63,76,0
82,98,0
63,84,0
58,90,0
65,68,0
82,87,0
69,88,0
81,89,0
78,75,0
58,90,0
94,90,0
91,97,0
97,85,0
99,81,0
55,79,0
57,69,0
75,58,0
80,55,0
88,96,0
89,99,0
73,72,0
82,66,0
67,94,0
61,66,0
55,73,0
70,70,0
64,61,0
56,81,0
75,63,0
94,64,0
97,87,0
75,70,0
84,55,0
91,93,0
57,88,0
73,98,0
90,97,0
71,78,0
55,69,0
74,99,0
84,58,0
86,81,0
70,56,0
66,82,0
79,67,0
79,67,0
91,71,0
70,72,0
70,84,0
88,85,0
77,69,0
94,80,0
102,74,0
99,82,0
74,89,0
88,71,0
71,77,0
65,98,0
61,93,0
64,74,0
64,74,0
80,102,0
71,71,0
98,72,0
94,88,0
80,74,0
82,76,0
82,96,0
97,81,0
82,65,0
61,95,0
84,98,0
92,77,0
65,75,0
86,63,0
62,62,0
65,84,0
61,80,0
72,74,0
71,84,0
77,63,0
72,101,0
73,66,0
77,88,0
75,59,0
92,95,0
58,78,0
84,72,0
60,86,0
67,61,0
93,58,0
94,69,0
85,73,0
78,97,0
60,77,0
75,85,0
69,96,0
74,77,0
79,90,0
100,70,0
81,58,0
66,59,0
85,59,0
91,88,0
83,66,0
88,64,0
73,93,0
69,57,0
88,78,0
70,96,0
67,95,0
81,73,0
80,53,0
91,92,0
70,79,0
84,77,0
92,93,0
62,61,0
71,86,0
83,78,0
87,73,0
89,90,0
87,77,0
71,71,0
78,98,0
93,75,0
70,61,0
77,54,0
69,55,0
77,63,0
65,89,0
76,82,0
78,76,0
78,75,0
62,66,0
71,75,0
76,67,0
87,86,0
71,66,0
92,95,0
95,83,0
92,92,0
84,78,0
68,67,0
71,68,0
84,91,0
70,75,0
92,75,0
63,90,0
96,67,0
71,71,0
65,60,0
82,86,0
60,85,0
92,67,0
81,93,0
69,87,0
75,73,0
70,60,0
95,89,0
94,78,0
63,90,0
84,97,0
85,81,0
94,88,0
94,86,0
88,62,0
76,98,0
90,59,0
80,101,0
99,77,0
91,84,0
57,88,0
83,80,0
76,67,0
70,89,0
97,63,0
69,96,0
87,72,0
97,88,0
77,84,0
72,63,0
59,84,0
73,87,0
67,91,0
69,99,0
60,67,0
74,86,0
76,100,0
100,75,0
75,64,0
88,85,0
78,96,0
74,90,0
88,65,0
57,66,0
94,83,0
78,83,0
90,81,0
63,85,0
62,88,0
76,91,0
86,95,0
90,63,0
77,99,0
76,78,0
91,94,0
74,67,0
75,53,0
59,78,0
72,96,0
90,77,0
83,91,0
72,54,0
83,82,0
79,90,0
58,77,0
84,92,0
93,66,0
75,79,0
77,72,0
67,84,0
70,66,0
85,96,0
74,92,0
68,100,0
64,71,0
98,74,0
75,93,0
57,76,0
72,56,0
57,77,0
56,81,0
86,65,0
96,63,0
89,65,0
69,79,0
73,90,0
94,89,0
100,72,0
70,88,0
60,89,0
89,98,0
60,65,0
80,65,0
67,93,0
78,78,0
87,82,0
63,90,0
54,77,0
67,-67,1
78,-71,1
59,-89,1
84,-83,1
78,-61,1
68,-81,1
95,-95,1
58,-64,1
83,-62,1
54,-75,1
83,-65,1
62,-63,1
78,-55,1
67,-72,1
68,-98,1
54,-74,1
79,-81,1
66,-94,1
67,-61,1
64,-74,1
98,-71,1
83,-73,1
67,-69,1
83,-66,1
65,-73,1
72,-58,1
97,-74,1
63,-62,1
77,-65,1
102,-76,1
64,-90,1
101,-70,1
91,-62,1
99,-67,1
78,-78,1
65,-80,1
97,-83,1
79,-57,1
53,-79,1
101,-87,1
94,-70,1
68,-74,1
66,-84,1
91,-84,1
75,-98,1
65,-87,1
89,-82,1
78,-66,1
85,-66,1
78,-97,1
67,-77,1
80,-86,1
71,-95,1
66,-73,1
83,-62,1
65,-98,1
89,-94,1
60,-61,1
92,-67,1
80,-68,1
57,-80,1
83,-100,1
62,-83,1
81,-102,1
88,-55,1
60,-63,1
102,-83,1
76,-100,1
60,-83,1
97,-85,1
82,-73,1
64,-83,1
84,-54,1
82,-89,1
91,-81,1
63,-63,1
80,-75,1
79,-79,1
68,-100,1
89,-56,1
75,-76,1
82,-75,1
86,-78,1
77,-58,1
66,-74,1
82,-61,1
71,-97,1
97,-92,1
82,-60,1
85,-87,1
89,-79,1
86,-76,1
74,-94,1
75,-84,1
63,-77,1
75,-76,1
91,-76,1
79,-63,1
67,-78,1
85,-75,1
56,-78,1
66,-78,1
73,-88,1
54,-74,1
76,-94,1
93,-69,1
78,-91,1
79,-74,1
60,-90,1
77,-100,1
60,-75,1
97,-93,1
56,-83,1
85,-67,1
64,-78,1
84,-99,1
77,-91,1
79,-59,1
94,-74,1
67,-96,1
62,-61,1
67,-89,1
99,-77,1
74,-69,1
63,-85,1
91,-68,1
62,-69,1
73,-71,1
64,-93,1
96,-94,1
90,-78,1
65,-67,1
54,-77,1
86,-80,1
89,-62,1
81,-96,1
65,-78,1
91,-81,1
74,-54,1
92,-91,1
71,-93,1
85,-92,1
59,-74,1
72,-89,1
97,-83,1
93,-94,1
58,-86,1
61,-70,1
75,-93,1
79,-95,1
70,-65,1
80,-76,1
74,-73,1
56,-73,1
88,-64,1
73,-78,1
64,-83,1
101,-69,1
56,-89,1
76,-91,1
69,-76,1
80,-94,1
60,-69,1
73,-69,1
65,-99,1
55,-75,1
63,-80,1
84,-87,1
66,-98,1
76,-91,1
67,-61,1
75,-82,1
92,-97,1
98,-70,1
54,-73,1
99,-86,1
75,-78,1
76,-94,1
61,-87,1
54,-80,1
91,-95,1
72,-68,1
56,-85,1
67,-60,1
71,-67,1
69,-56,1
97,-91,1
57,-68,1
75,-65,1
59,-75,1
80,-80,1
60,-91,1
64,-82,1
58,-75,1
67,-71,1
74,-72,1
87,-82,1
86,-78,1
100,-72,1
66,-86,1
57,-86,1
62,-88,1
71,-62,1
93,-78,1
66,-95,1
98,-79,1
65,-97,1
91,-86,1
56,-68,1
78,-79,1
60,-91,1
97,-84,1
76,-92,1
81,-88,1
94,-81,1
76,-76,1
62,-90,1
57,-88,1
99,-73,1
59,-84,1
76,-94,1
75,-89,1
64,-70,1
71,-63,1
63,-66,1
56,-79,1
77,-68,1
66,-84,1
63,-92,1
63,-66,1
61,-88,1
97,-89,1
86,-98,1
56,-71,1
73,-66,1
71,-93,1
90,-88,1
96,-74,1
87,-83,1
101,-77,1
95,-90,1
102,-76,1
72,-93,1
100,-79,1
85,-69,1
94,-62,1
83,-92,1
83,-68,1
99,-69,1
68,-65,1
-92,-85,0
-76,-94,0
-59,-66,0
-82,-63,0
-63,-65,0
-85,-101,0
-75,-94,0
-79,-102,0
-60,-77,0
-82,-61,0
-61,-92,0
-67,-99,0
-89,-99,0
-78,-87,0
-76,-74,0
-72,-76,0
-81,-84,0
-77,-101,0
-60,-83,0
-74,-58,0
-89,-63,0
-65,-85,0
-91,-96,0
-71,-59,0
-95,-73,0
-57,-75,0
-87,-89,0
-78,-69,0
-57,-65,0
-95,-85,0
-96,-73,0
-59,-66,0
-86,-94,0
-73,-101,0
-80,-98,0
-72,-93,0
-66,-58,0
-72,-58,0
-67,-75,0
-57,-90,0
-82,-96,0
-88,-68,0
-93,-94,0
-60,-75,0
-83,-57,0
-77,-59,0
-68,-57,0
-88,-62,0
-78,-64,0
-90,-82,0
-83,-98,0
-90,-99,0
-73,-90,0
-87,-96,0
-73,-92,0
-76,-87,0
-87,-72,0
-93,-82,0
-92,-87,0
-91,-98,0
-83,-64,0
-78,-101,0
-83,-93,0
-99,-77,0
-66,-58,0
-73,-88,0
-63,-61,0
-94,-82,0
-100,-79,0
-71,-81,0
-67,-91,0
-69,-87,0
-82,-92,0
-60,-69,0
-84,-97,0
-70,-89,0
-86,-58,0
-73,-54,0
-59,-66,0
-68,-70,0
-66,-90,0
-99,-74,0
-87,-89,0
-90,-96,0
-66,-60,0
-92,-61,0
-88,-78,0
-80,-92,0
-94,-95,0
-61,-89,0
-70,-96,0
-79,-83,0
-77,-70,0
-72,-67,0
-88,-68,0
-86,-86,0
-60,-75,0
-75,-57,0
-81,-65,0
-85,-76,0
-73,-54,0
-71,-89,0
-88,-92,0
-87,-95,0
-79,-58,0
-70,-83,0
-83,-93,0
-76,-72,0
-98,-84,0
-81,-85,0
-76,-54,0
-90,-74,0
-85,-75,0
-79,-78,0
-74,-54,0
-94,-94,0
-82,-61,0
-63,-84,0
-76,-69,0
-82,-81,0
-75,-91,0
-78,-87,0
-57,-77,0
-72,-63,0
-59,-82,0
-83,-59,0
-83,-95,0
-76,-76,0
-66,-61,0
-69,-91,0
-97,-62,0
-76,-83,0
-85,-79,0
-80,-75,0
-102,-83,0
-92,-91,0
-99,-68,0
-72,-68,0
-101,-72,0
-59,-88,0
-80,-101,0
-61,-92,0
-83,-91,0
-89,-61,0
-94,-68,0
-87,-71,0
-96,-73,0
-98,-90,0
-79,-84,0
-62,-88,0
-88,-80,0
-70,-71,0
-92,-58,0
-89,-84,0
-71,-85,0
-86,-88,0
-66,-93,0
-94,-67,0
-74,-78,0
-76,-61,0
-55,-78,0
-70,-65,0
-63,-91,0
-59,-71,0
-79,-58,0
-86,-92,0
-83,-84,0
-97,-63,0
-63,-96,0
-94,-80,0
-70,-85,0
-56,-66,0
-94,-61,0
-58,-84,0
-99,-67,0
-89,-99,0
-86,-86,0
-63,-89,0
-98,-81,0
-68,-83,0
-89,-59,0
-102,-81,0
-80,-81,0
-87,-62,0
-88,-64,0
-61,-62,0
-69,-94,0
-67,-74,0
-68,-78,0
-60,-88,0
-101,-78,0
-95,-66,0
-71,-77,0
-80,-83,0
-80,-78,0
-59,-83,0
-67,-65,0
-64,-78,0
-76,-77,0
-79,-66,0
-90,-65,0
-96,-89,0
-81,-95,0
-87,-85,0
-91,-60,0
-78,-101,0
-93,-95,0
-75,-56,0
-60,-89,0
-60,-70,0
-86,-58,0
-66,-61,0
-77,-88,0
-82,-93,0
-96,-81,0
-68,-60,0
-66,-78,0
-75,-67,0
-96,-63,0
-76,-90,0
-88,-90,0
-86,-80,0
-69,-63,0
-57,-88,0
-92,-62,0
-92,-81,0
-55,-74,0
-66,-59,0
-90,-67,0
-99,-90,0
-68,-83,0
-89,-68,0
-68,-60,0
-69,-90,0
-69,-83,0
-81,-60,0
-68,-68,0
-65,-79,0
-97,-92,0
-67,-74,0
-99,-87,0
-60,-87,0
-59,-76,0
-101,-78,0
-61,-94,0
-97,-86,0
-83,-102,0
-68,-75,0
-72,-74,0
-65,-80,0
