-204,215,1
-208,188,1
-197,185,1
-180,208,1
-205,210,1
-214,214,1
-205,180,1
-188,181,1
-190,219,1
-215,212,1
-185,214,1
-184,187,1
-186,206,1
-200,196,1
-220,207,1
-187,195,1
-199,179,1
-207,220,1
-184,192,1
-178,202,1
-215,199,1
-178,209,1
-178,206,1
-203,209,1
-201,195,1
-197,190,1
-206,180,1
-204,204,1
-203,189,1
-177,187,1
-212,209,1
-209,211,1
-195,210,1
-191,202,1
-214,213,1
-194,217,1
-216,213,1
-181,197,1
-200,187,1
-222,204,1
-185,185,1
-197,213,1
-190,208,1
-218,197,1
-205,210,1
-222,197,1
-194,190,1
-194,219,1
-194,180,1
-220,194,1
-214,189,1
-184,187,1
-185,215,1
-179,183,1
-208,216,1
-211,205,1
-198,180,1
-198,217,1
-208,191,1
-209,187,1
-214,179,1
-202,210,1
-213,189,1
-186,209,1
-188,182,1
-202,185,1
-210,210,1
-196,218,1
-208,214,1
-204,190,1
-205,190,1
-182,183,1
-184,206,1
-199,197,1
-189,198,1
-213,197,1
-188,189,1
-213,207,1
-188,186,1
-212,201,1
-204,184,1
-211,196,1
-179,189,1
-201,179,1
-187,176,1
-184,193,1
-191,202,1
-190,186,1
-219,208,1
-201,185,1
-206,194,1
-200,213,1
-196,187,1
-176,192,1
-185,213,1
-209,178,1
-191,215,1
-198,215,1
-199,194,1
-176,190,1
-184,203,1
-202,198,1
-218,185,1
-186,214,1
-208,207,1
-193,218,1
-195,180,1
-190,187,1
-218,196,1
-188,180,1
-214,209,1
-181,209,1
-183,192,1
-185,201,1
-189,220,1
-188,202,1
-184,218,1
-188,207,1
-183,183,1
-194,181,1
-210,181,1
-195,201,1
-220,209,1
-216,190,1
-192,199,1
-193,185,1
-215,180,1
-191,194,1
-218,194,1
-218,212,1
-178,186,1
-187,206,1
-193,219,1
-201,198,1
-191,203,1
-203,198,1
-185,219,1
-179,202,1
-215,184,1
-176,190,1
-204,214,1
-213,181,1
-181,194,1
-189,201,1
-202,188,1
-202,191,1
-200,176,1
-190,187,1
-212,183,1
-222,201,1
-187,200,1
-177,196,1
-210,193,1
-190,212,1
-219,209,1
-202,221,1
-213,203,1
-178,208,1
-192,190,1
-208,190,1
-222,203,1
-216,201,1
-184,184,1
-179,183,1
-206,179,1
-204,195,1
-194,207,1
-216,213,1
-214,196,1
-210,189,1
-192,184,1
-218,203,1
-180,199,1
-206,209,1
-210,185,1
-212,195,1
-186,196,1
-187,198,1
-197,212,1
-182,211,1
-194,176,1
-194,198,1
-188,197,1
-211,214,1
-217,190,1
-200,177,1
-174,197,1
-202,175,1
-187,193,1
-190,201,1
-201,178,1
-219,206,1
-191,216,1
-209,190,1
-195,198,1
-181,193,1
-181,210,1
-205,175,1
-200,200,1
-185,200,1
-201,201,1
-190,191,1
-204,191,1
-211,205,1
-174,196,1
-201,176,1
-189,220,1
-195,199,1
-182,197,1
-205,175,1
-197,179,1
-211,213,1
-186,185,1
-205,191,1
-181,214,1
-184,183,1
-189,210,1
-198,173,1
-212,207,1
-209,196,1
-197,182,1
-193,190,1
-180,182,1
-212,200,1
-199,187,1
-206,197,1
-174,205,1
-199,209,1
-176,202,1
-176,206,1
-208,213,1
-211,200,1
-197,219,1
-218,199,1
-217,209,1
-221,191,1
-175,197,1
-192,193,1
-209,208,1
-206,200,1
-200,203,1
-216,182,1
-191,201,1
-198,179,1
-194,205,1
-209,187,1
-182,217,1
-185,190,1
-210,184,1
-185,196,1
196,192,0
195,195,0
209,198,0
216,193,0
182,213,0
205,174,0
215,191,0
210,201,0
220,206,0
198,190,0
207,219,0
188,176,0
201,191,0
220,188,0
207,216,0
221,196,0
196,212,0
186,216,0
211,203,0
222,192,0
191,197,0
193,184,0
200,180,0
180,183,0
183,178,0
204,199,0
189,193,0
185,182,0
196,214,0
185,186,0
214,214,0
175,197,0
181,190,0
202,196,0
212,198,0
177,193,0
209,177,0
184,187,0
196,209,0
219,202,0
214,204,0
177,198,0
211,187,0
205,216,0
221,201,0
192,218,0
199,184,0
218,204,0
181,189,0
195,188,0
193,179,0
214,196,0
211,187,0
199,198,0
217,190,0
181,199,0
219,199,0
215,209,0
205,191,0
202,221,0
201,187,0
195,181,0
205,179,0
195,202,0
204,189,0
206,201,0
194,199,0
192,209,0
197,208,0
193,221,0
184,179,0
219,210,0
189,209,0
198,204,0
178,193,0
197,214,0
193,194,0
177,206,0
181,215,0
174,202,0
205,214,0
211,215,0
208,186,0
210,182,0
180,208,0
202,209,0
210,208,0
176,197,0
180,202,0
201,209,0
208,206,0
206,205,0
204,192,0
175,191,0
184,204,0
200,180,0
218,205,0
196,180,0
212,206,0
197,177,0
214,216,0
192,213,0
210,179,0
185,187,0
179,208,0
184,217,0
192,177,0
189,211,0
200,178,0
183,213,0
183,207,0
191,207,0
192,186,0
216,201,0
215,202,0
181,196,0
180,208,0
219,191,0
215,210,0
191,180,0
209,220,0
200,184,0
196,176,0
200,182,0
202,192,0
195,197,0
216,196,0
203,197,0
181,191,0
201,222,0
183,197,0
192,188,0
206,176,0
181,187,0
198,204,0
178,210,0
185,211,0
202,220,0
189,180,0
191,183,0
200,188,0
219,190,0
207,218,0
192,220,0
191,218,0
218,205,0
196,192,0
194,190,0
188,211,0
188,206,0
184,189,0
181,213,0
177,193,0
179,196,0
191,201,0
189,207,0
177,198,0
179,182,0
217,207,0
187,196,0
189,177,0
211,197,0
197,206,0
204,193,0
201,179,0
176,194,0
195,199,0
197,196,0
217,184,0
206,211,0
218,190,0
221,193,0
176,204,0
177,200,0
220,208,0
179,199,0
206,188,0
219,188,0
203,213,0
190,178,0
182,202,0
215,192,0
210,215,0
218,185,0
199,192,0
196,199,0
188,185,0
176,197,0
210,185,0
189,195,0
219,191,0
193,197,0
213,183,0
182,204,0
203,190,0
204,215,0
210,207,0
214,182,0
199,197,0
181,205,0
207,205,0
198,213,0
209,192,0
192,187,0
187,211,0
207,210,0
217,187,0
190,213,0
190,203,0
193,184,0
183,210,0
198,175,0
198,206,0
213,207,0
196,187,0
191,175,0
188,220,0
179,185,0
221,206,0
215,191,0
199,205,0
200,208,0
214,203,0
182,186,0
197,191,0
199,192,0
192,190,0
205,217,0
175,204,0
179,211,0
209,192,0
173,198,0
178,200,0
199,222,0
220,190,0
203,216,0
206,217,0
197,219,0
197,180,0
195,198,0
213,182,0
193,187,0
210,180,0
217,190,0
204,194,0
206,207,0
199,188,0
193,215,0
210,206,0
184,200,0
214,-209,1
216,-192,1
179,-192,1
216,-211,1
213,-190,1
222,-194,1
179,-187,1
182,-186,1
187,-204,1
209,-210,1
193,-218,1
207,-188,1
195,-203,1
187,-189,1
207,-178,1
193,-213,1
182,-197,1
198,-187,1
219,-186,1
196,-213,1
187,-209,1
205,-174,1
201,-187,1
186,-194,1
216,-198,1
204,-211,1
207,-178,1
203,-195,1
199,-191,1
198,-214,1
216,-185,1
185,-180,1
190,-219,1
182,-211,1
181,-186,1
198,-204,1
204,-214,1
191,-177,1
209,-181,1
182,-204,1
213,-215,1
191,-181,1
200,-185,1
187,-192,1
180,-198,1
211,-187,1
198,-189,1
205,-203,1
198,-187,1
187,-183,1
199,-202,1
209,-203,1
210,-196,1
215,-185,1
177,-211,1
176,-209,1
199,-189,1
176,-199,1
211,-198,1
193,-207,1
176,-199,1
210,-191,1
217,-193,1
214,-180,1
190,-182,1
197,-204,1
184,-186,1
204,-184,1
180,-184,1
181,-186,1
186,-180,1
200,-221,1
209,-204,1
194,-201,1
192,-215,1
179,-185,1
212,-201,1
220,-187,1
216,-214,1
192,-217,1
191,-189,1
183,-216,1
186,-206,1
192,-214,1
195,-215,1
183,-185,1
207,-192,1
186,-207,1
214,-188,1
215,-202,1
203,-220,1
188,-179,1
213,-201,1
206,-220,1
193,-183,1
206,-213,1
184,-189,1
183,-178,1
188,-216,1
215,-196,1
198,-195,1
193,-215,1
203,-186,1
186,-208,1
207,-217,1
187,-190,1
218,-184,1
194,-220,1
188,-205,1
189,-190,1
179,-184,1
206,-212,1
199,-180,1
194,-216,1
203,-199,1
197,-219,1
190,-199,1
194,-174,1
206,-175,1
187,-217,1
202,-188,1
213,-187,1
183,-193,1
185,-212,1
187,-208,1
202,-222,1
216,-197,1
184,-198,1
212,-189,1
188,-220,1
189,-181,1
208,-219,1
207,-178,1
212,-207,1
217,-187,1
184,-195,1
195,-221,1
197,-184,1
182,-179,1
214,-192,1
204,-183,1
203,-181,1
189,-196,1
196,-215,1
197,-185,1
182,-216,1
195,-217,1
196,-193,1
180,-196,1
199,-185,1
186,-216,1
189,-213,1
209,-184,1
189,-211,1
187,-182,1
191,-220,1
189,-187,1
198,-199,1
195,-211,1
174,-202,1
181,-212,1
198,-193,1
204,-210,1
198,-188,1
205,-202,1
193,-175,1
213,-196,1
189,-176,1
201,-220,1
217,-196,1
204,-176,1
193,-212,1
201,-188,1
177,-188,1
179,-194,1
185,-207,1
216,-193,1
190,-201,1
185,-182,1
208,-190,1
212,-216,1
213,-202,1
212,-204,1
212,-209,1
208,-211,1
182,-179,1
193,-221,1
209,-207,1
190,-221,1
187,-186,1
182,-207,1
179,-200,1
219,-194,1
185,-206,1
211,-194,1
187,-202,1
198,-222,1
200,-192,1
188,-187,1
219,-200,1
191,-210,1
181,-180,1
177,-194,1
201,-187,1
195,-180,1
201,-189,1
187,-204,1
204,-176,1
209,-215,1
200,-208,1
195,-192,1
189,-215,1
210,-200,1
197,-188,1
195,-175,1
210,-179,1
193,-208,1
192,-216,1
214,-190,1
198,-184,1
194,-174,1
208,-199,1
193,-220,1
180,-190,1
209,-190,1
207,-179,1
205,-206,1
194,-217,1
186,-201,1
187,-220,1
206,-204,1
201,-186,1
197,-209,1
200,-208,1
195,-208,1
211,-192,1
211,-209,1
208,-212,1
194,-212,1
188,-201,1
196,-210,1
180,-185,1
196,-187,1
179,-199,1
196,-206,1
199,-195,1
185,-182,1
178,-211,1
193,-181,1
210,-177,1
-216,-214,0
-199,-184,0
-191,-206,0
-189,-191,0
-199,-216,0
-178,-185,0
-194,-215,0
-182,-193,0
-215,-209,0
-206,-221,0
-208,-199,0
-208,-191,0
-219,-194,0
-200,-219,0
-181,-187,0
-193,-182,0
-199,-219,0
-208,-176,0
-209,-200,0
-217,-207,0
-174,-195,0
-214,-210,0
-205,-188,0
-193,-201,0
-199,-189,0
-206,-213,0
-188,-219,0
-192,-179,0
-183,-215,0
-207,-179,0
-204,-182,0
-217,-187,0
-180,-198,0
-201,-176,0
-205,-211,0
-211,-219,0
-195,-218,0
-181,-187,0
-182,-209,0
-209,-196,0
-189,-184,0
-187,-197,0
-179,-194,0
-205,-176,0
-184,-179,0
-220,-193,0
-181,-205,0
-196,-204,0
-211,-198,0
-182,-204,0
-195,-196,0
-213,-214,0
-176,-192,0
-188,-178,0
-216,-200,0
-206,-194,0
-206,-206,0
-204,-178,0
-173,-198,0
-180,-210,0
-199,-180,0
-196,-186,0
-194,-187,0
-190,-221,0
-209,-210,0
-208,-218,0
-203,-184,0
-193,-208,0
-198,-220,0
-204,-178,0
-204,-177,0
-196,-178,0
-218,-186,0
-196,-208,0
-194,-194,0
-182,-197,0
-199,-204,0
-195,-192,0
-209,-202,0
-212,-198,0
-185,-200,0
-212,-188,0
-196,-198,0
-191,-210,0
-188,-203,0
-193,-175,0
-194,-211,0
-207,-184,0
-204,-213,0
-181,-213,0
-215,-192,0
-198,-186,0
-214,-199,0
-210,-217,0
-212,-178,0
-185,-208,0
-193,-189,0
-193,-190,0
-211,-201,0
-219,-209,0
-208,-212,0
-203,-208,0
-202,-183,0
-196,-207,0
-201,-203,0
-182,-206,0
-208,-186,0
-177,-186,0
-186,-202,0
-219,-202,0
-178,-199,0
-181,-197,0
-209,-213,0
-199,-198,0
-189,-220,0
-187,-207,0
-195,-176,0
-211,-216,0
-211,-196,0
-195,-217,0
-177,-209,0
-190,-206,0
-212,-196,0
-198,-202,0
-174,-204,0
-220,-193,0
-197,-209,0
-201,-208,0
-184,-184,0
-177,-196,0
-200,-200,0
-189,-180,0
-213,-181,0
-197,-192,0
-181,-184,0
-194,-176,0
-193,-190,0
-176,-201,0
-216,-192,0
-206,-219,0
-192,-218,0
-186,-200,0
-210,-177,0
-183,-212,0
-207,-216,0
-215,-188,0
-217,-196,0
-180,-199,0
-214,-193,0
-179,-187,0
-199,-207,0
-199,-183,0
-212,-201,0
-211,-197,0
-217,-213,0
-188,-197,0
-204,-207,0
-219,-190,0
-194,-204,0
-197,-205,0
-203,-197,0
-181,-216,0
-203,-186,0
-202,-184,0
-196,-216,0
-194,-183,0
-200,-200,0
-200,-188,0
-191,-217,0
-195,-187,0
-203,-209,0
-201,-175,0
-187,-190,0
-203,-215,0
-180,-213,0
-195,-206,0
-185,-213,0
-217,-195,0
-185,-206,0
-187,-184,0
-186,-211,0
-191,-187,0
-198,-194,0
-186,-211,0
-190,-214,0
-190,-176,0
-215,-181,0
-193,-210,0
-187,-181,0
-188,-209,0
-211,-214,0
-198,-220,0
-205,-186,0
-174,-200,0
-187,-196,0
-208,-215,0
-206,-208,0
-178,-210,0
-178,-201,0
-199,-195,0
-187,-188,0
-219,-202,0
-187,-213,0
-195,-193,0
-177,-205,0
-207,-177,0
-202,-198,0
-198,-207,0
-186,-189,0
-183,-212,0
-193,-220,0
-190,-179,0
-218,-204,0
-189,-211,0
-192,-204,0
-196,-208,0
-216,-211,0
-208,-200,0
-195,-193,0
-191,-212,0
-214,-209,0
-215,-215,0
-212,-192,0
-179,-211,0
-219,-202,0
-188,-182,0
-198,-214,0
-200,-216,0
-200,-175,0
-212,-212,0
-218,-197,0
-202,-184,0
-200,-203,0
-193,-190,0
-187,-198,0
-197,-192,0
-212,-182,0
-194,-222,0
-203,-194,0
-193,-213,0
-174,-203,0
-212,-195,0
-188,-180,0
-181,-216,0
-199,-199,0
-197,-198,0
-176,-199,0
-199,-183,0
-193,-221,0
-201,-186,0
