-68,64,1
-81,52,1
-64,41,1
-83,65,1
-48,48,1
-67,84,1
-53,82,1
-40,68,1
-61,53,1
-80,62,1
-79,81,1
-59,58,1
-68,75,1
-50,76,1
-72,78,1
-49,69,1
-54,43,1
-40,58,1
-70,51,1
-71,77,1
-70,63,1
-85,51,1
-75,58,1
-66,45,1
-84,63,1
-44,62,1
-55,50,1
-49,62,1
-68,54,1
-74,44,1
-50,72,1
-81,75,1
-84,74,1
-75,69,1
-81,68,1
-47,47,1
-66,54,1
-46,52,1
-63,63,1
-62,50,1
-78,72,1
-50,73,1
-77,68,1
-54,46,1
-74,64,1
-73,51,1
-59,65,1
-79,67,1
-68,84,1
-67,57,1
-47,48,1
-88,63,1
-41,54,1
-69,40,1
-73,56,1
-63,53,1
-57,85,1
-78,83,1
-48,51,1
-59,56,1
-60,60,1
-52,66,1
-40,59,1
-56,58,1
-86,55,1
-51,73,1
-67,58,1
-45,57,1
-78,47,1
-62,45,1
-80,54,1
-88,61,1
-82,77,1
-71,87,1
-54,47,1
-83,74,1
-39,61,1
-75,81,1
-65,74,1
-45,55,1
-57,76,1
-59,56,1
-78,59,1
-70,75,1
-68,86,1
-44,62,1
-43,63,1
-74,74,1
-81,69,1
-73,84,1
-56,69,1
-80,64,1
-78,51,1
-86,66,1
-48,66,1
-66,51,1
-73,73,1
-43,69,1
-50,46,1
-78,63,1
-41,60,1
-58,50,1
-47,64,1
-40,66,1
-78,79,1
-47,67,1
-45,80,1
-74,82,1
-49,64,1
-44,55,1
-58,60,1
-59,47,1
-61,39,1
-81,56,1
-55,84,1
-65,41,1
-54,73,1
-55,67,1
-71,67,1
-88,64,1
-55,48,1
-55,69,1
-86,65,1
-62,64,1
-52,80,1
-61,64,1
-68,73,1
-75,62,1
-80,57,1
-66,50,1
-81,65,1
-50,71,1
-73,57,1
-73,82,1
-63,67,1
-47,63,1
-70,52,1
-70,53,1
-69,58,1
-57,48,1
-69,64,1
-87,69,1
-54,49,1
-56,63,1
-54,50,1
-51,82,1
-87,60,1
-63,84,1
-68,85,1
-88,59,1
-81,63,1
-69,81,1
-54,52,1
-63,48,1
-75,78,1
-78,82,1
-81,56,1
-80,70,1
-52,70,1
-64,85,1
-79,80,1
-62,80,1
-68,61,1
-68,86,1
-62,85,1
-57,80,1
-45,76,1
-66,85,1
-83,48,1
-64,50,1
-47,56,1
-79,44,1
-82,68,1
-51,75,1
-51,50,1
-51,58,1
-63,57,1
-71,55,1
-73,83,1
-62,56,1
-55,45,1
-71,66,1
-44,65,1
-76,50,1
-80,59,1
-79,65,1
-67,73,1
-72,66,1
-52,79,1
-41,69,1
-81,56,1
-62,71,1
-55,42,1
-48,82,1
-62,84,1
-55,73,1
-57,81,1
-76,61,1
-62,77,1
-57,70,1
-74,53,1
-47,60,1
-65,74,1
-54,84,1
-40,60,1
-76,69,1
-69,69,1
-67,60,1
-53,47,1
-72,44,1
-63,68,1
-72,72,1
-53,70,1
-49,80,1
-69,76,1
-52,52,1
-64,75,1
-64,44,1
-56,42,1
-41,65,1
-64,56,1
-48,80,1
-52,84,1
-62,85,1
-72,51,1
-67,43,1
-78,84,1
-53,81,1
-44,78,1
-40,58,1
-53,69,1
-65,41,1
-62,74,1
-77,51,1
-71,66,1
-53,58,1
-46,66,1
-63,46,1
-44,63,1
-51,80,1
-87,63,1
-58,81,1
-55,52,1
-63,51,1
-52,50,1
-57,68,1
-74,53,1
-45,61,1
-51,52,1
-71,64,1
45,66,0
76,45,0
78,72,0
51,57,0
58,45,0
60,56,0
48,58,0
64,46,0
64,69,0
76,50,0
51,48,0
65,60,0
48,53,0
68,82,0
52,45,0
63,73,0
71,57,0
42,53,0
74,51,0
50,77,0
67,68,0
67,40,0
58,69,0
60,41,0
48,53,0
74,58,0
65,48,0
52,46,0
76,66,0
72,64,0
69,47,0
67,53,0
70,74,0
47,63,0
82,74,0
60,65,0
83,74,0
69,75,0
88,66,0
74,64,0
65,39,0
57,50,0
75,55,0
78,78,0
60,51,0
63,88,0
71,75,0
74,79,0
68,42,0
45,71,0
58,74,0
60,78,0
49,66,0
64,57,0
74,62,0
49,61,0
65,52,0
67,49,0
79,82,0
82,55,0
67,85,0
58,43,0
68,52,0
75,70,0
55,46,0
55,55,0
65,59,0
65,57,0
59,54,0
65,68,0
69,63,0
78,73,0
59,69,0
61,53,0
42,54,0
71,82,0
80,81,0
87,65,0
86,53,0
57,61,0
82,55,0
59,58,0
70,57,0
76,85,0
55,77,0
80,73,0
78,78,0
54,60,0
44,54,0
60,56,0
76,59,0
59,76,0
78,74,0
78,53,0
56,70,0
63,53,0
57,86,0
74,75,0
63,51,0
69,42,0
54,69,0
75,56,0
59,48,0
69,40,0
67,49,0
60,59,0
77,68,0
84,50,0
44,57,0
78,49,0
74,64,0
48,70,0
87,57,0
55,45,0
65,80,0
86,68,0
62,39,0
65,82,0
52,44,0
64,46,0
64,39,0
79,67,0
64,69,0
77,43,0
65,40,0
49,57,0
77,80,0
63,68,0
64,67,0
76,59,0
63,79,0
82,49,0
66,40,0
84,75,0
41,72,0
69,50,0
67,70,0
45,78,0
52,61,0
61,60,0
47,52,0
63,62,0
51,68,0
63,66,0
74,65,0
63,58,0
41,58,0
59,46,0
50,50,0
64,67,0
87,62,0
66,73,0
67,81,0
56,75,0
49,52,0
75,67,0
79,82,0
50,65,0
53,85,0
80,76,0
44,54,0
53,55,0
62,70,0
59,54,0
50,63,0
64,83,0
49,59,0
54,51,0
42,65,0
55,75,0
78,69,0
47,65,0
50,64,0
65,69,0
75,45,0
76,62,0
80,77,0
44,63,0
68,41,0
72,80,0
69,62,0
57,57,0
47,63,0
75,80,0
69,52,0
64,87,0
40,57,0
74,86,0
74,68,0
43,67,0
67,58,0
64,71,0
58,73,0
44,51,0
81,71,0
47,80,0
56,85,0
73,69,0
56,45,0
46,58,0
74,68,0
53,61,0
51,51,0
83,63,0
71,77,0
62,67,0
55,85,0
78,59,0
79,46,0
80,78,0
75,67,0
63,64,0
60,57,0
75,50,0
63,40,0
41,70,0
53,74,0
43,68,0
76,50,0
72,67,0
79,46,0
73,70,0
75,74,0
68,47,0
44,66,0
57,79,0
72,66,0
44,78,0
81,59,0
62,82,0
48,64,0
65,75,0
43,55,0
82,56,0
49,59,0
72,70,0
63,79,0
64,41,0
45,78,0
63,44,0
70,73,0
63,58,0
62,41,0
51,47,0
81,46,0
56,44,0
82,66,0
46,66,0
66,55,0
65,46,0
64,-83,1
60,-50,1
79,-72,1
81,-67,1
81,-55,1
67,-52,1
46,-47,1
87,-71,1
43,-76,1
53,-77,1
59,-82,1
65,-67,1
76,-66,1
57,-78,1
58,-81,1
48,-82,1
85,-55,1
69,-57,1
55,-81,1
43,-60,1
70,-69,1
66,-54,1
74,-65,1
51,-66,1
45,-69,1
47,-68,1
48,-59,1
66,-64,1
66,-54,1
86,-74,1
73,-51,1
79,-72,1
61,-84,1
68,-50,1
71,-54,1
80,-60,1
58,-59,1
82,-47,1
54,-83,1
71,-53,1
67,-62,1
49,-66,1
71,-48,1
85,-75,1
61,-83,1
76,-59,1
67,-70,1
48,-61,1
66,-85,1
82,-77,1
72,-80,1
58,-84,1
44,-52,1
58,-47,1
57,-70,1
41,-64,1
66,-58,1
71,-40,1
57,-47,1
78,-77,1
51,-78,1
68,-62,1
68,-62,1
73,-62,1
55,-80,1
79,-74,1
48,-74,1
59,-77,1
70,-58,1
72,-67,1
58,-86,1
54,-79,1
80,-55,1
53,-70,1
81,-60,1
52,-55,1
73,-77,1
47,-57,1
85,-70,1
81,-73,1
77,-72,1
55,-59,1
64,-66,1
55,-42,1
75,-49,1
58,-68,1
54,-45,1
49,-57,1
70,-68,1
58,-40,1
67,-66,1
85,-54,1
69,-65,1
81,-74,1
69,-50,1
83,-61,1
62,-69,1
84,-69,1
47,-62,1
72,-81,1
73,-69,1
75,-42,1
78,-63,1
68,-47,1
57,-63,1
46,-78,1
79,-60,1
62,-84,1
84,-52,1
46,-77,1
76,-77,1
79,-53,1
80,-51,1
51,-57,1
81,-59,1
69,-78,1
70,-42,1
45,-80,1
47,-46,1
48,-62,1
68,-46,1
69,-53,1
50,-47,1
82,-65,1
63,-71,1
44,-51,1
61,-87,1
66,-47,1
75,-56,1
46,-78,1
53,-57,1
67,-61,1
48,-59,1
64,-79,1
50,-49,1
79,-73,1
81,-55,1
65,-79,1
75,-68,1
77,-59,1
66,-60,1
85,-64,1
67,-42,1
49,-45,1
57,-72,1
73,-65,1
85,-70,1
58,-48,1
60,-62,1
55,-77,1
69,-64,1
79,-56,1
75,-76,1
68,-75,1
78,-58,1
45,-76,1
70,-72,1
46,-69,1
49,-77,1
79,-66,1
66,-68,1
57,-40,1
62,-58,1
73,-80,1
75,-63,1
46,-81,1
45,-61,1
60,-78,1
47,-76,1
45,-48,1
76,-79,1
49,-59,1
65,-77,1
48,-74,1
63,-74,1
45,-63,1
85,-63,1
74,-51,1
60,-87,1
56,-64,1
50,-51,1
59,-43,1
61,-52,1
66,-39,1
69,-49,1
61,-46,1
57,-67,1
61,-79,1
44,-58,1
51,-46,1
57,-52,1
40,-67,1
76,-62,1
69,-51,1
66,-60,1
72,-83,1
58,-76,1
58,-66,1
70,-55,1
65,-45,1
66,-48,1
73,-63,1
76,-72,1
52,-82,1
67,-44,1
75,-42,1
64,-47,1
61,-79,1
66,-70,1
63,-62,1
59,-79,1
69,-80,1
77,-68,1
65,-67,1
72,-49,1
58,-85,1
66,-77,1
67,-72,1
85,-66,1
48,-56,1
86,-56,1
53,-78,1
67,-71,1
71,-69,1
57,-49,1
79,-69,1
80,-64,1
45,-69,1
77,-43,1
47,-62,1
81,-46,1
45,-52,1
46,-63,1
76,-81,1
70,-70,1
74,-78,1
58,-81,1
62,-52,1
81,-48,1
63,-45,1
73,-76,1
84,-71,1
69,-79,1
72,-64,1
82,-51,1
53,-78,1
70,-82,1
78,-57,1
67,-63,1
45,-52,1
-65,-69,0
-66,-50,0
-80,-56,0
-44,-60,0
-70,-60,0
-85,-76,0
-75,-52,0
-66,-56,0
-58,-40,0
-56,-78,0
-53,-77,0
-73,-45,0
-67,-71,0
-82,-73,0
-71,-87,0
-52,-71,0
-50,-80,0
-63,-78,0
-52,-70,0
-75,-52,0
-59,-88,0
-58,-40,0
-72,-41,0
-48,-80,0
-78,-57,0
-47,-61,0
-50,-51,0
-66,-63,0
-77,-47,0
-70,-59,0
-72,-74,0
-70,-66,0
-73,-81,0
-63,-88,0
-87,-70,0
-44,-63,0
-86,-56,0
-81,-76,0
-48,-46,0
-87,-58,0
-78,-59,0
-53,-72,0
-52,-59,0
-71,-84,0
-62,-63,0
-65,-49,0
-48,-58,0
-63,-79,0
-53,-84,0
-72,-51,0
-69,-47,0
-65,-47,0
-85,-73,0
-87,-60,0
-72,-54,0
-39,-64,0
-84,-62,0
-79,-53,0
-74,-73,0
-58,-58,0
-61,-40,0
-74,-79,0
-43,-62,0
-51,-81,0
-83,-56,0
-53,-47,0
-79,-59,0
-60,-69,0
-56,-84,0
-57,-61,0
-54,-54,0
-50,-47,0
-51,-78,0
-41,-57,0
-76,-67,0
-86,-69,0
-76,-43,0
-65,-67,0
-77,-60,0
-41,-65,0
-72,-70,0
-63,-68,0
-75,-62,0
-61,-65,0
-44,-73,0
-72,-86,0
-75,-73,0
-47,-73,0
-54,-82,0
-59,-43,0
-55,-59,0
-49,-80,0
-61,-62,0
-80,-65,0
-70,-62,0
-66,-40,0
-88,-60,0
-65,-81,0
-83,-73,0
-85,-57,0
-76,-77,0
-62,-59,0
-53,-63,0
-55,-67,0
-42,-76,0
-79,-70,0
-72,-80,0
-58,-67,0
-81,-47,0
-84,-54,0
-47,-69,0
-59,-62,0
-56,-71,0
-71,-67,0
-50,-63,0
-75,-47,0
-64,-59,0
-76,-45,0
-48,-56,0
-82,-67,0
-49,-82,0
-69,-49,0
-47,-53,0
-53,-80,0
-82,-58,0
-60,-44,0
-82,-60,0
-63,-88,0
-41,-56,0
-59,-72,0
-59,-43,0
-73,-62,0
-47,-65,0
-58,-86,0
-44,-66,0
-57,-75,0
-60,-80,0
-77,-65,0
-47,-49,0
-76,-48,0
-60,-55,0
-79,-64,0
-77,-44,0
-76,-77,0
-58,-85,0
-47,-50,0
-60,-76,0
-62,-87,0
-55,-65,0
-82,-52,0
-41,-61,0
-45,-70,0
-77,-76,0
-52,-74,0
-53,-62,0
-55,-45,0
-68,-51,0
-77,-82,0
-55,-44,0
-49,-70,0
-78,-73,0
-51,-69,0
-69,-88,0
-57,-48,0
-54,-56,0
-55,-76,0
-68,-85,0
-74,-47,0
-70,-52,0
-66,-44,0
-86,-59,0
-69,-67,0
-63,-63,0
-40,-66,0
-47,-72,0
-65,-64,0
-84,-58,0
-68,-51,0
-40,-56,0
-40,-62,0
-60,-51,0
-70,-57,0
-61,-42,0
-71,-76,0
-64,-75,0
-44,-70,0
-51,-62,0
-73,-62,0
-49,-62,0
-85,-65,0
-41,-63,0
-75,-78,0
-64,-54,0
-59,-67,0
-50,-72,0
-43,-50,0
-75,-47,0
-74,-74,0
-51,-85,0
-76,-42,0
-69,-77,0
-57,-81,0
-50,-65,0
-45,-76,0
-83,-62,0
-61,-88,0
-86,-70,0
-48,-75,0
-59,-58,0
-56,-56,0
-74,-77,0
-63,-72,0
-76,-81,0
-85,-68,0
-72,-56,0
-47,-70,0
-67,-39,0
-70,-52,0
-45,-51,0
-56,-60,0
-57,-82,0
-55,-69,0
-47,-46,0
-69,-67,0
-80,-79,0
-79,-57,0
-52,-57,0
-67,-74,0
-62,-82,0
-63,-56,0
-62,-59,0
-46,-74,0
-84,-61,0
-75,-74,0
-67,-42,0
-54,-56,0
-44,-63,0
-47,-72,0
-59,-79,0
-57,-47,0
-46,-54,0
-73,-66,0
-75,-81,0
-76,-46,0
-62,-63,0
-62,-83,0
-77,-61,0
-65,-64,0
-66,-46,0
-45,-71,0
