-82,70,1
-52,76,1
-83,50,1
-75,48,1
-55,57,1
-51,63,1
-70,52,1
-69,44,1
-51,85,1
-73,46,1
-55,87,1
-86,68,1
-69,72,1
-53,43,1
-69,53,1
-63,45,1
-53,76,1
-64,85,1
-57,52,1
-61,57,1
-65,67,1
-81,69,1
-73,67,1
-77,62,1
-69,85,1
-81,46,1
-74,77,1
-84,51,1
-73,65,1
-81,64,1
-71,58,1
-81,81,1
-73,55,1
-66,68,1
-70,62,1
-80,50,1
-64,59,1
-66,61,1
-77,76,1
-79,80,1
-60,56,1
-53,76,1
-84,62,1
-76,55,1
-53,64,1
-75,48,1
-73,62,1
-50,53,1
-50,75,1
-64,49,1
-49,78,1
-78,61,1
-42,71,1
-40,64,1
-58,53,1
-74,67,1
-58,65,1
-57,57,1
-78,61,1
-56,56,1
-75,51,1
-78,58,1
-63,71,1
-56,80,1
-67,83,1
-58,51,1
-44,61,1
-69,50,1
-79,47,1
-52,42,1
-53,83,1
-66,52,1
-75,68,1
-62,70,1
-66,86,1
-76,78,1
-45,51,1
-66,52,1
-65,87,1
-83,79,1
-56,87,1
-72,61,1
-61,48,1
-61,48,1
-62,85,1
-87,70,1
-66,53,1
-43,56,1
-60,75,1
-71,58,1
-81,73,1
-61,39,1
-48,71,1
-77,79,1
-67,57,1
-75,81,1
-43,64,1
-45,60,1
-77,71,1
-82,53,1
-76,64,1
-66,56,1
-40,69,1
-82,71,1
-55,46,1
-58,79,1
-49,78,1
-65,58,1
-45,68,1
-64,40,1
-52,44,1
-86,56,1
-49,44,1
-76,64,1
-83,51,1
-52,77,1
-51,69,1
-73,51,1
-59,61,1
-59,73,1
-40,56,1
-78,47,1
-46,64,1
-47,68,1
-58,83,1
-78,83,1
-74,50,1
-51,59,1
-82,47,1
-52,58,1
-45,51,1
-72,60,1
-45,56,1
-67,58,1
-54,78,1
-62,76,1
-55,42,1
-75,82,1
-63,88,1
-79,78,1
-77,81,1
-76,58,1
-77,66,1
-85,51,1
-82,77,1
-70,43,1
-79,77,1
-61,70,1
-85,69,1
-56,54,1
-71,53,1
-48,62,1
-42,68,1
-69,66,1
-49,77,1
-78,58,1
-74,78,1
-68,76,1
-56,64,1
-87,72,1
-67,42,1
-74,73,1
-76,54,1
-72,86,1
-68,63,1
-83,64,1
-55,71,1
-66,76,1
-67,81,1
-82,49,1
-47,52,1
-79,60,1
-66,79,1
-77,62,1
-69,43,1
-51,53,1
-74,45,1
-75,71,1
-59,63,1
-72,82,1
-49,50,1
-51,59,1
-64,70,1
-87,66,1
-78,56,1
-63,61,1
-82,77,1
-83,50,1
-53,75,1
-73,82,1
-41,70,1
-78,51,1
-65,56,1
-61,63,1
-79,59,1
-46,59,1
-72,42,1
-78,67,1
-43,63,1
-56,69,1
-68,63,1
-66,51,1
-86,59,1
-67,58,1
-57,58,1
-78,53,1
-71,49,1
-58,68,1
-68,77,1
-59,64,1
-66,48,1
-70,81,1
-82,47,1
-65,88,1
-86,55,1
-74,79,1
-54,50,1
-81,74,1
-71,59,1
-49,57,1
-42,62,1
-47,64,1
-49,74,1
-80,78,1
-55,86,1
-65,67,1
-45,73,1
-49,62,1
-59,74,1
-69,67,1
-62,49,1
-45,56,1
-73,83,1
-70,64,1
-64,54,1
-49,58,1
-65,85,1
-78,81,1
-77,54,1
-54,42,1
-61,41,1
-50,46,1
-68,68,1
-71,84,1
-49,59,1
-53,43,1
-60,71,1
-68,77,1
-49,82,1
-61,44,1
46,74,0
67,86,0
57,64,0
43,70,0
45,80,0
56,55,0
62,82,0
76,56,0
76,70,0
43,76,0
68,57,0
72,77,0
74,80,0
54,47,0
76,44,0
58,77,0
44,57,0
51,55,0
79,48,0
53,46,0
59,76,0
82,60,0
45,70,0
47,59,0
65,49,0
78,65,0
74,65,0
68,40,0
58,80,0
62,72,0
48,76,0
65,83,0
81,52,0
42,67,0
49,52,0
81,80,0
59,44,0
43,59,0
70,72,0
57,60,0
68,83,0
48,65,0
85,69,0
65,86,0
79,51,0
50,76,0
81,79,0
79,51,0
77,56,0
70,69,0
64,88,0
71,80,0
83,64,0
81,66,0
88,62,0
72,57,0
71,76,0
67,62,0
83,57,0
61,76,0
56,67,0
40,68,0
81,81,0
63,58,0
81,74,0
64,65,0
76,79,0
65,81,0
49,80,0
50,78,0
72,66,0
46,62,0
82,76,0
69,78,0
76,64,0
60,78,0
66,72,0
49,60,0
75,63,0
45,61,0
48,64,0
66,59,0
43,53,0
52,44,0
62,75,0
58,70,0
42,53,0
70,75,0
65,40,0
50,80,0
67,86,0
78,55,0
44,66,0
72,78,0
69,56,0
76,62,0
73,42,0
53,53,0
71,58,0
59,51,0
68,58,0
40,64,0
57,55,0
77,49,0
61,48,0
78,47,0
66,54,0
63,76,0
49,79,0
64,79,0
48,78,0
73,68,0
59,88,0
75,64,0
78,69,0
55,75,0
45,72,0
68,65,0
58,49,0
71,49,0
58,77,0
55,60,0
57,83,0
84,54,0
56,86,0
65,71,0
41,74,0
72,58,0
69,48,0
72,70,0
72,71,0
41,71,0
57,84,0
59,82,0
87,62,0
60,70,0
66,63,0
50,59,0
45,55,0
50,47,0
45,80,0
48,64,0
41,59,0
77,46,0
50,64,0
65,70,0
85,53,0
58,40,0
58,52,0
59,54,0
56,73,0
83,53,0
67,76,0
64,64,0
65,68,0
61,41,0
74,86,0
79,51,0
70,50,0
55,87,0
44,65,0
77,70,0
73,64,0
57,46,0
57,64,0
69,81,0
80,77,0
77,79,0
56,51,0
68,83,0
48,73,0
68,62,0
59,57,0
70,63,0
68,50,0
78,56,0
54,57,0
58,69,0
52,61,0
73,55,0
54,51,0
57,72,0
53,72,0
60,45,0
53,73,0
82,52,0
76,64,0
88,59,0
87,64,0
48,71,0
58,69,0
44,50,0
52,58,0
58,74,0
50,58,0
60,59,0
56,78,0
73,54,0
60,51,0
48,57,0
61,59,0
49,52,0
51,54,0
65,65,0
51,73,0
70,68,0
72,44,0
47,73,0
51,70,0
82,49,0
54,48,0
53,80,0
56,63,0
62,45,0
68,66,0
80,74,0
86,67,0
82,78,0
69,45,0
74,60,0
61,40,0
47,79,0
61,44,0
47,73,0
40,56,0
83,54,0
56,44,0
68,40,0
64,77,0
82,68,0
73,65,0
49,45,0
60,84,0
63,48,0
49,81,0
52,47,0
45,54,0
72,64,0
56,69,0
52,70,0
78,71,0
81,79,0
46,65,0
84,54,0
80,53,0
82,65,0
64,85,0
77,79,0
64,73,0
78,54,0
66,-69,1
84,-74,1
59,-87,1
80,-81,1
65,-82,1
58,-57,1
51,-84,1
65,-61,1
53,-43,1
58,-86,1
76,-70,1
79,-73,1
78,-64,1
84,-55,1
54,-77,1
73,-53,1
60,-47,1
74,-49,1
43,-63,1
83,-78,1
62,-40,1
72,-85,1
73,-69,1
57,-51,1
50,-82,1
43,-69,1
61,-66,1
50,-48,1
56,-79,1
51,-82,1
44,-50,1
76,-59,1
77,-75,1
47,-71,1
72,-78,1
51,-47,1
53,-74,1
71,-43,1
55,-57,1
80,-53,1
69,-75,1
41,-57,1
64,-48,1
58,-75,1
84,-56,1
47,-64,1
60,-50,1
59,-66,1
74,-62,1
64,-83,1
86,-57,1
44,-61,1
62,-79,1
54,-62,1
51,-84,1
56,-68,1
65,-51,1
65,-61,1
59,-72,1
74,-76,1
87,-71,1
81,-50,1
81,-53,1
40,-63,1
66,-67,1
56,-51,1
59,-49,1
60,-55,1
61,-50,1
57,-83,1
66,-81,1
43,-64,1
68,-53,1
70,-44,1
81,-61,1
68,-73,1
77,-47,1
78,-77,1
48,-46,1
67,-43,1
77,-79,1
64,-79,1
57,-49,1
78,-49,1
46,-52,1
51,-61,1
56,-42,1
48,-71,1
80,-50,1
85,-59,1
63,-64,1
49,-73,1
73,-44,1
53,-53,1
85,-67,1
72,-71,1
79,-56,1
59,-84,1
79,-56,1
56,-40,1
48,-77,1
76,-60,1
52,-68,1
71,-78,1
65,-73,1
79,-63,1
79,-51,1
48,-63,1
47,-65,1
63,-48,1
77,-54,1
46,-54,1
69,-78,1
88,-64,1
53,-76,1
73,-82,1
49,-81,1
66,-52,1
74,-57,1
42,-61,1
80,-69,1
49,-62,1
72,-72,1
54,-59,1
85,-59,1
52,-65,1
72,-49,1
41,-63,1
64,-73,1
64,-68,1
69,-58,1
43,-73,1
52,-69,1
69,-51,1
69,-51,1
47,-79,1
68,-87,1
83,-66,1
75,-51,1
52,-79,1
46,-54,1
65,-50,1
78,-45,1
46,-47,1
82,-47,1
84,-63,1
52,-73,1
65,-77,1
59,-67,1
42,-64,1
68,-83,1
68,-81,1
45,-57,1
76,-69,1
69,-74,1
73,-77,1
71,-77,1
72,-58,1
74,-54,1
72,-65,1
44,-61,1
64,-86,1
83,-73,1
50,-49,1
72,-63,1
61,-61,1
53,-46,1
54,-71,1
57,-59,1
41,-60,1
60,-45,1
59,-58,1
62,-76,1
61,-51,1
57,-75,1
60,-65,1
70,-85,1
71,-44,1
88,-64,1
69,-77,1
74,-62,1
86,-59,1
43,-54,1
55,-66,1
82,-63,1
51,-77,1
41,-70,1
67,-57,1
66,-75,1
63,-39,1
68,-59,1
67,-63,1
69,-63,1
79,-72,1
61,-70,1
47,-57,1
40,-66,1
72,-53,1
71,-47,1
45,-70,1
56,-47,1
75,-80,1
65,-43,1
83,-73,1
47,-46,1
76,-68,1
68,-88,1
84,-60,1
75,-64,1
65,-84,1
56,-64,1
61,-84,1
63,-50,1
57,-68,1
48,-63,1
52,-56,1
73,-66,1
49,-83,1
52,-43,1
43,-55,1
61,-87,1
53,-43,1
79,-77,1
79,-68,1
84,-50,1
60,-84,1
47,-78,1
60,-45,1
81,-78,1
40,-65,1
42,-69,1
66,-60,1
41,-66,1
69,-75,1
80,-70,1
53,-66,1
48,-50,1
56,-50,1
67,-70,1
69,-54,1
66,-70,1
72,-54,1
46,-66,1
48,-46,1
44,-59,1
63,-61,1
53,-47,1
61,-75,1
53,-47,1
70,-44,1
-86,-69,0
-80,-64,0
-48,-61,0
-55,-73,0
-74,-48,0
-75,-68,0
-86,-60,0
-50,-70,0
-69,-59,0
-80,-60,0
-56,-59,0
-80,-69,0
-43,-69,0
-66,-87,0
-86,-57,0
-76,-52,0
-44,-61,0
-56,-81,0
-43,-62,0
-75,-77,0
-61,-88,0
-44,-57,0
-78,-56,0
-58,-68,0
-53,-65,0
-45,-49,0
-53,-49,0
-59,-75,0
-72,-65,0
-52,-57,0
-53,-83,0
-55,-66,0
-58,-55,0
-62,-72,0
-57,-61,0
-66,-46,0
-67,-66,0
-73,-63,0
-79,-53,0
-45,-57,0
-47,-66,0
-49,-83,0
-75,-48,0
-54,-75,0
-48,-63,0
-57,-61,0
-70,-73,0
-68,-83,0
-75,-81,0
-84,-68,0
-62,-42,0
-62,-70,0
-73,-79,0
-62,-71,0
-44,-58,0
-69,-72,0
-60,-40,0
-82,-67,0
-59,-46,0
-59,-78,0
-68,-80,0
-83,-60,0
-71,-41,0
-56,-84,0
-51,-75,0
-51,-85,0
-66,-79,0
-81,-47,0
-49,-80,0
-58,-62,0
-79,-72,0
-68,-78,0
-59,-81,0
-46,-55,0
-79,-45,0
-42,-54,0
-53,-82,0
-83,-57,0
-66,-86,0
-57,-83,0
-61,-54,0
-65,-85,0
-39,-65,0
-51,-70,0
-59,-41,0
-85,-67,0
-73,-78,0
-50,-63,0
-69,-81,0
-76,-47,0
-74,-72,0
-69,-44,0
-88,-68,0
-55,-58,0
-77,-43,0
-53,-43,0
-72,-79,0
-51,-51,0
-67,-88,0
-76,-44,0
-79,-67,0
-74,-41,0
-61,-77,0
-42,-56,0
-44,-49,0
-54,-58,0
-70,-52,0
-54,-41,0
-41,-65,0
-73,-58,0
-83,-53,0
-87,-67,0
-72,-42,0
-70,-55,0
-72,-57,0
-58,-48,0
-74,-53,0
-71,-53,0
-88,-63,0
-60,-50,0
-78,-80,0
-84,-57,0
-54,-66,0
-84,-73,0
-74,-47,0
-69,-44,0
-72,-45,0
-70,-70,0
-82,-59,0
-67,-79,0
-55,-82,0
-48,-56,0
-69,-47,0
-57,-60,0
-46,-63,0
-56,-86,0
-58,-85,0
-67,-57,0
-66,-67,0
-50,-83,0
-58,-61,0
-57,-62,0
-45,-77,0
-82,-50,0
-75,-52,0
-48,-79,0
-51,-50,0
-70,-52,0
-44,-57,0
-56,-76,0
-76,-43,0
-50,-55,0
-67,-44,0
-63,-80,0
-69,-57,0
-60,-75,0
-62,-63,0
-72,-87,0
-44,-51,0
-48,-81,0
-43,-53,0
-53,-48,0
-83,-55,0
-77,-60,0
-67,-59,0
-61,-44,0
-50,-80,0
-75,-43,0
-56,-85,0
-57,-82,0
-79,-74,0
-66,-68,0
-51,-74,0
-47,-67,0
-54,-86,0
-59,-72,0
-59,-60,0
-50,-71,0
-68,-49,0
-69,-48,0
-57,-61,0
-71,-85,0
-62,-61,0
-69,-40,0
-71,-48,0
-66,-50,0
-73,-43,0
-82,-63,0
-69,-52,0
-62,-80,0
-74,-45,0
-61,-70,0
-51,-71,0
-56,-56,0
-59,-57,0
-67,-63,0
-78,-44,0
-85,-51,0
-45,-74,0
-54,-60,0
-84,-61,0
-67,-61,0
-55,-70,0
-82,-78,0
-68,-42,0
-70,-82,0
-60,-68,0
-57,-61,0
-46,-70,0
-83,-75,0
-56,-54,0
-83,-66,0
-80,-76,0
-80,-57,0
-51,-85,0
-69,-45,0
-72,-55,0
-70,-62,0
-43,-51,0
-43,-61,0
-64,-44,0
-54,-61,0
-47,-61,0
-80,-64,0
-85,-70,0
-56,-68,0
-87,-58,0
-62,-75,0
-54,-82,0
-61,-70,0
-52,-49,0
-47,-76,0
-55,-71,0
-76,-47,0
-49,-67,0
-66,-66,0
-63,-76,0
-74,-44,0
-45,-52,0
-44,-64,0
-57,-54,0
-63,-53,0
-65,-75,0
-87,-58,0
-86,-66,0
-39,-66,0
-52,-43,0
-50,-67,0
-47,-75,0
-86,-63,0
