-41,53,1
-49,25,1
-52,62,1
-35,58,1
-61,49,1
-51,56,1
-38,57,1
-45,53,1
-54,58,1
-48,41,1
-55,48,1
-67,47,1
-66,54,1
-62,43,1
-46,56,1
-56,43,1
-35,46,1
-38,65,1
-53,70,1
-55,43,1
-43,44,1
-70,59,1
-46,40,1
-50,71,1
-50,25,1
-52,37,1
-46,48,1
-44,64,1
-71,58,1
-53,69,1
-32,32,1
-57,55,1
-39,37,1
-59,32,1
-46,57,1
-60,62,1
-49,39,1
-27,54,1
-68,43,1
-35,55,1
-43,56,1
-60,47,1
-59,43,1
-48,36,1
-58,73,1
-33,55,1
-46,46,1
-48,34,1
-64,42,1
-56,50,1
-65,34,1
-69,57,1
-36,39,1
-34,60,1
-47,45,1
-36,30,1
-64,65,1
-36,37,1
-46,70,1
-72,39,1
-51,69,1
-67,58,1
-63,61,1
-69,37,1
-39,35,1
-37,48,1
-55,70,1
-55,65,1
-63,69,1
-36,55,1
-66,33,1
-34,31,1
-42,43,1
-67,57,1
-33,61,1
-42,68,1
-37,67,1
-52,68,1
-50,51,1
-52,45,1
-52,47,1
-39,64,1
-50,51,1
-29,43,1
-52,51,1
-32,56,1
-34,62,1
-55,65,1
-49,45,1
-63,49,1
-60,61,1
-37,43,1
-39,27,1
-42,26,1
-63,60,1
-40,51,1
-54,25,1
-54,59,1
-46,65,1
-64,67,1
-40,37,1
-28,60,1
-36,65,1
-51,39,1
-59,63,1
-42,48,1
-36,64,1
-53,67,1
-53,47,1
-54,50,1
-45,51,1
-34,64,1
-47,65,1
-63,55,1
-59,72,1
-59,70,1
-58,37,1
-31,44,1
-29,44,1
-36,41,1
-59,47,1
-27,59,1
-51,64,1
-51,44,1
-45,61,1
-32,54,1
-65,42,1
-26,58,1
-49,63,1
-31,51,1
-48,42,1
-55,61,1
-36,60,1
-50,57,1
-59,67,1
-51,42,1
-71,38,1
-60,53,1
-29,58,1
-70,45,1
-53,52,1
-48,57,1
-50,68,1
-56,62,1
-35,60,1
-37,64,1
-39,55,1
-31,46,1
-59,58,1
-69,40,1
-43,49,1
-42,38,1
-32,44,1
-27,45,1
-29,46,1
-38,51,1
-57,71,1
-68,43,1
-58,53,1
-55,62,1
-56,67,1
-36,54,1
-63,44,1
-45,28,1
-63,46,1
-66,34,1
-66,31,1
-43,54,1
-71,49,1
-53,62,1
-58,56,1
-46,49,1
-66,54,1
-47,74,1
-56,38,1
-36,65,1
-35,48,1
-34,37,1
-58,28,1
-56,47,1
-56,38,1
-31,51,1
-63,59,1
-61,28,1
-54,41,1
-72,40,1
-58,65,1
-31,35,1
-47,41,1
-36,37,1
-56,60,1
-66,63,1
-38,63,1
-56,48,1
-34,50,1
-62,55,1
-52,65,1
-44,65,1
-37,54,1
-62,34,1
-48,51,1
-54,34,1
-42,60,1
-25,47,1
-36,64,1
-33,41,1
-69,52,1
-61,51,1
-56,44,1
-28,44,1
-39,37,1
-46,73,1
-68,50,1
-59,54,1
-39,28,1
-28,62,1
-68,56,1
-51,55,1
-71,49,1
-48,34,1
-65,64,1
-53,55,1
-41,54,1
-52,44,1
-51,35,1
-65,63,1
-45,54,1
-65,49,1
-72,40,1
-44,45,1
-67,50,1
-58,42,1
-67,64,1
-54,25,1
-40,52,1
-45,64,1
-49,49,1
-60,55,1
-33,42,1
-32,51,1
-38,65,1
-60,35,1
-55,69,1
-62,31,1
-37,66,1
-26,53,1
-44,36,1
-38,68,1
-31,53,1
-36,62,1
68,59,0
63,49,0
55,71,0
29,42,0
36,55,0
40,42,0
67,42,0
36,70,0
63,43,0
54,56,0
34,39,0
64,53,0
50,32,0
57,46,0
34,46,0
40,39,0
44,37,0
69,61,0
67,49,0
41,63,0
29,37,0
72,43,0
55,71,0
64,51,0
64,59,0
58,31,0
30,63,0
28,61,0
38,54,0
64,47,0
54,38,0
58,53,0
26,43,0
48,68,0
68,56,0
72,60,0
51,33,0
30,39,0
63,29,0
51,29,0
39,36,0
56,28,0
71,48,0
54,59,0
67,37,0
33,58,0
57,26,0
62,38,0
54,48,0
39,48,0
58,57,0
40,50,0
50,56,0
45,53,0
59,45,0
29,53,0
44,63,0
68,64,0
61,65,0
73,44,0
29,38,0
50,54,0
70,61,0
37,64,0
56,71,0
44,30,0
50,28,0
54,61,0
35,67,0
67,36,0
52,50,0
51,54,0
27,40,0
34,69,0
63,47,0
45,28,0
66,60,0
35,52,0
70,61,0
61,46,0
52,63,0
56,29,0
37,66,0
38,28,0
39,54,0
56,32,0
32,50,0
48,51,0
63,35,0
64,48,0
50,35,0
38,69,0
45,36,0
59,37,0
68,36,0
50,25,0
58,33,0
59,32,0
54,56,0
65,69,0
54,33,0
48,56,0
30,39,0
35,30,0
46,45,0
27,49,0
57,38,0
37,47,0
70,58,0
54,27,0
38,32,0
26,47,0
26,50,0
50,74,0
46,68,0
70,52,0
45,70,0
39,66,0
53,28,0
45,58,0
52,64,0
28,61,0
43,65,0
26,55,0
59,58,0
48,43,0
60,32,0
64,44,0
36,40,0
31,51,0
65,61,0
63,36,0
62,34,0
48,68,0
71,37,0
65,41,0
69,51,0
55,71,0
74,52,0
31,36,0
71,60,0
44,45,0
41,26,0
61,44,0
35,54,0
49,59,0
61,45,0
68,40,0
53,41,0
54,34,0
60,63,0
33,35,0
28,55,0
64,60,0
46,48,0
56,35,0
55,30,0
32,56,0
42,54,0
46,25,0
26,46,0
58,58,0
67,43,0
55,40,0
59,29,0
52,42,0
69,64,0
62,67,0
36,45,0
45,55,0
36,67,0
54,37,0
46,69,0
53,67,0
42,56,0
30,47,0
62,43,0
26,47,0
49,37,0
58,44,0
41,42,0
55,53,0
49,48,0
57,42,0
71,39,0
50,56,0
27,44,0
43,27,0
72,52,0
57,46,0
53,72,0
64,68,0
29,49,0
36,38,0
41,62,0
62,59,0
25,48,0
61,49,0
28,44,0
62,60,0
62,55,0
61,40,0
47,33,0
43,52,0
41,31,0
39,68,0
36,58,0
43,61,0
27,56,0
42,45,0
61,28,0
64,51,0
46,72,0
68,41,0
40,66,0
68,47,0
39,71,0
53,29,0
26,42,0
48,66,0
40,48,0
42,44,0
58,66,0
29,47,0
61,59,0
46,46,0
40,27,0
44,26,0
73,43,0
57,48,0
44,47,0
45,39,0
53,40,0
44,73,0
58,48,0
43,38,0
52,60,0
48,35,0
70,41,0
67,42,0
45,52,0
51,68,0
43,65,0
59,64,0
49,54,0
53,35,0
56,33,0
52,36,0
63,69,0
55,57,0
61,-70,1
47,-45,1
72,-52,1
45,-25,1
45,-30,1
30,-63,1
45,-29,1
59,-41,1
43,-39,1
70,-40,1
60,-33,1
57,-37,1
41,-56,1
52,-71,1
49,-34,1
30,-43,1
73,-58,1
51,-68,1
63,-45,1
29,-48,1
67,-32,1
37,-51,1
66,-33,1
34,-58,1
48,-40,1
39,-72,1
43,-57,1
67,-65,1
58,-73,1
48,-55,1
48,-53,1
65,-35,1
42,-53,1
39,-29,1
50,-43,1
60,-39,1
43,-69,1
46,-44,1
48,-43,1
59,-63,1
65,-46,1
64,-54,1
40,-39,1
55,-54,1
67,-50,1
46,-46,1
38,-40,1
33,-61,1
32,-32,1
55,-36,1
41,-39,1
38,-66,1
64,-46,1
72,-51,1
34,-50,1
38,-70,1
60,-39,1
56,-54,1
57,-37,1
60,-43,1
40,-67,1
44,-54,1
37,-51,1
34,-57,1
42,-71,1
48,-69,1
41,-27,1
58,-31,1
70,-63,1
26,-51,1
35,-66,1
47,-57,1
52,-56,1
51,-37,1
55,-27,1
55,-49,1
72,-49,1
59,-36,1
55,-28,1
65,-63,1
54,-54,1
58,-37,1
57,-51,1
28,-54,1
38,-54,1
45,-50,1
30,-39,1
70,-36,1
28,-54,1
34,-33,1
63,-59,1
57,-34,1
52,-46,1
37,-67,1
66,-65,1
72,-56,1
62,-67,1
40,-60,1
68,-55,1
44,-57,1
43,-71,1
53,-74,1
37,-56,1
31,-45,1
56,-67,1
58,-55,1
50,-72,1
69,-41,1
41,-54,1
45,-37,1
47,-35,1
44,-60,1
37,-35,1
32,-34,1
56,-37,1
36,-31,1
45,-64,1
40,-51,1
47,-49,1
51,-26,1
26,-42,1
36,-44,1
64,-38,1
56,-45,1
67,-32,1
68,-57,1
45,-62,1
66,-52,1
52,-47,1
36,-66,1
33,-35,1
65,-33,1
62,-71,1
46,-38,1
48,-74,1
44,-52,1
57,-47,1
48,-73,1
48,-70,1
36,-46,1
58,-30,1
44,-68,1
47,-46,1
65,-50,1
40,-27,1
69,-55,1
55,-40,1
55,-45,1
30,-43,1
53,-34,1
62,-61,1
28,-38,1
46,-68,1
31,-52,1
36,-32,1
39,-40,1
34,-64,1
61,-71,1
52,-34,1
57,-30,1
61,-50,1
39,-45,1
74,-53,1
48,-57,1
68,-41,1
50,-69,1
35,-51,1
63,-63,1
53,-44,1
62,-66,1
51,-36,1
30,-46,1
43,-65,1
60,-55,1
53,-37,1
32,-60,1
63,-32,1
47,-38,1
65,-38,1
68,-57,1
56,-28,1
66,-31,1
65,-53,1
44,-41,1
48,-59,1
39,-60,1
30,-38,1
60,-52,1
55,-66,1
45,-39,1
28,-62,1
54,-46,1
70,-48,1
68,-59,1
54,-63,1
58,-73,1
63,-61,1
46,-59,1
36,-39,1
56,-50,1
43,-31,1
52,-55,1
51,-52,1
50,-62,1
54,-25,1
61,-55,1
53,-48,1
56,-48,1
62,-71,1
74,-54,1
56,-44,1
59,-52,1
55,-62,1
40,-56,1
41,-69,1
46,-60,1
27,-59,1
48,-31,1
39,-48,1
55,-55,1
41,-32,1
42,-38,1
56,-60,1
30,-42,1
36,-33,1
42,-32,1
67,-37,1
26,-58,1
41,-56,1
52,-39,1
32,-37,1
66,-34,1
53,-30,1
53,-27,1
59,-46,1
53,-33,1
57,-44,1
71,-46,1
48,-25,1
45,-34,1
48,-47,1
46,-40,1
27,-46,1
56,-48,1
47,-40,1
43,-71,1
31,-37,1
49,-29,1
37,-42,1
46,-64,1
-71,-48,0
-46,-30,0
-30,-44,0
-35,-55,0
-37,-58,0
-41,-66,0
-61,-67,0
-55,-29,0
-53,-25,0
-63,-50,0
-35,-63,0
-44,-60,0
-31,-51,0
-59,-62,0
-43,-40,0
-32,-48,0
-57,-70,0
-59,-35,0
-31,-47,0
-27,-43,0
-64,-45,0
-53,-33,0
-45,-27,0
-39,-27,0
-72,-52,0
-33,-67,0
-67,-39,0
-37,-62,0
-56,-49,0
-48,-71,0
-39,-36,0
-63,-54,0
-35,-51,0
-56,-31,0
-57,-54,0
-72,-59,0
-29,-41,0
-54,-47,0
-48,-69,0
-35,-45,0
-54,-36,0
-74,-45,0
-48,-53,0
-60,-54,0
-50,-32,0
-58,-41,0
-47,-59,0
-35,-48,0
-65,-61,0
-34,-49,0
-48,-54,0
-57,-63,0
-52,-57,0
-32,-57,0
-64,-65,0
-48,-74,0
-52,-69,0
-64,-68,0
-46,-71,0
-38,-43,0
-61,-44,0
-31,-34,0
-51,-45,0
-69,-46,0
-35,-57,0
-41,-31,0
-49,-60,0
-47,-68,0
-48,-58,0
-47,-50,0
-40,-28,0
-55,-45,0
-52,-64,0
-49,-61,0
-39,-37,0
-40,-46,0
-37,-58,0
-57,-48,0
-66,-60,0
-43,-61,0
-53,-25,0
-31,-52,0
-54,-33,0
-65,-55,0
-51,-56,0
-42,-62,0
-72,-46,0
-32,-56,0
-37,-56,0
-33,-45,0
-37,-61,0
-54,-51,0
-52,-45,0
-71,-38,0
-49,-31,0
-73,-43,0
-34,-31,0
-25,-48,0
-37,-45,0
-53,-31,0
-31,-43,0
-59,-35,0
-44,-27,0
-41,-59,0
-57,-36,0
-63,-52,0
-69,-54,0
-32,-64,0
-35,-66,0
-70,-60,0
-37,-62,0
-30,-34,0
-59,-28,0
-27,-60,0
-67,-34,0
-68,-38,0
-38,-46,0
-58,-62,0
-51,-25,0
-66,-43,0
-35,-53,0
-58,-58,0
-67,-67,0
-65,-37,0
-58,-41,0
-52,-54,0
-36,-41,0
-52,-48,0
-49,-42,0
-49,-61,0
-51,-59,0
-47,-47,0
-36,-39,0
-52,-61,0
-44,-69,0
-66,-49,0
-54,-39,0
-56,-29,0
-55,-38,0
-55,-37,0
-73,-43,0
-29,-57,0
-46,-55,0
-42,-32,0
-30,-34,0
-54,-55,0
-57,-71,0
-43,-30,0
-58,-48,0
-65,-46,0
-32,-33,0
-28,-50,0
-55,-43,0
-28,-42,0
-52,-47,0
-53,-32,0
-71,-53,0
-36,-70,0
-67,-45,0
-56,-28,0
-56,-71,0
-56,-32,0
-50,-39,0
-40,-64,0
-43,-54,0
-32,-35,0
-42,-53,0
-35,-32,0
-48,-60,0
-58,-47,0
-59,-48,0
-61,-63,0
-58,-38,0
-36,-39,0
-72,-55,0
-62,-56,0
-41,-55,0
-65,-49,0
-46,-70,0
-72,-55,0
-61,-29,0
-35,-61,0
-59,-53,0
-58,-72,0
-33,-33,0
-74,-54,0
-69,-43,0
-37,-49,0
-59,-67,0
-37,-28,0
-26,-43,0
-45,-25,0
-52,-68,0
-38,-30,0
-28,-60,0
-37,-67,0
-58,-66,0
-71,-61,0
-62,-58,0
-68,-33,0
-42,-62,0
-45,-73,0
-58,-33,0
-60,-66,0
-72,-39,0
-43,-67,0
-37,-61,0
-60,-70,0
-34,-58,0
-42,-46,0
-60,-50,0
-43,-50,0
-60,-68,0
-33,-63,0
-44,-57,0
-49,-59,0
-52,-68,0
-55,-32,0
-48,-74,0
-63,-68,0
-41,-55,0
-52,-28,0
-51,-37,0
-40,-42,0
-41,-51,0
-49,-33,0
-45,-43,0
-32,-36,0
-56,-50,0
-66,-41,0
-46,-64,0
-58,-62,0
-57,-37,0
-47,-28,0
-38,-29,0
-39,-62,0
-46,-73,0
-45,-25,0
-54,-31,0
-46,-39,0
-57,-59,0
-35,-51,0
-72,-42,0
-47,-49,0
-72,-56,0
-31,-54,0
-34,-58,0
-46,-50,0
-52,-40,0
-41,-70,0
