-55,53,1
-58,48,1
-44,31,1
-68,66,1
-40,51,1
-57,51,1
-36,33,1
-34,58,1
-45,50,1
-36,44,1
-31,42,1
-52,36,1
-66,52,1
-46,43,1
-57,68,1
-52,57,1
-56,62,1
-47,30,1
-66,52,1
-44,36,1
-46,62,1
-51,55,1
-51,35,1
-51,40,1
-32,66,1
-54,37,1
-56,33,1
-31,35,1
-38,64,1
-38,39,1
-43,57,1
-48,66,1
-41,70,1
-46,32,1
-67,59,1
-36,32,1
-65,60,1
-48,64,1
-40,64,1
-40,30,1
-64,67,1
-26,43,1
-66,42,1
-30,58,1
-45,67,1
-59,35,1
-56,60,1
-37,32,1
-43,44,1
-56,62,1
-32,55,1
-62,71,1
-36,47,1
-31,36,1
-34,54,1
-31,34,1
-56,37,1
-51,30,1
-27,49,1
-52,29,1
-69,36,1
-55,34,1
-65,36,1
-41,73,1
-58,72,1
-66,37,1
-53,35,1
-46,41,1
-45,64,1
-27,50,1
-44,71,1
-30,41,1
-54,62,1
-55,67,1
-32,52,1
-33,41,1
-59,40,1
-51,67,1
-56,43,1
-31,34,1
-27,60,1
-49,52,1
-35,69,1
-26,52,1
-49,30,1
-58,50,1
-30,63,1
-56,54,1
-62,62,1
-66,39,1
-66,56,1
-44,63,1
-69,60,1
-25,49,1
-50,59,1
-69,64,1
-56,56,1
-55,65,1
-34,49,1
-34,65,1
-31,43,1
-47,27,1
-49,72,1
-26,49,1
-64,45,1
-61,32,1
-30,37,1
-32,57,1
-66,40,1
-53,72,1
-63,62,1
-30,41,1
-58,34,1
-28,51,1
-32,43,1
-47,59,1
-29,38,1
-57,65,1
-35,66,1
-57,73,1
-33,60,1
-54,40,1
-69,48,1
-65,44,1
-37,35,1
-49,63,1
-47,64,1
-33,43,1
-37,69,1
-31,61,1
-54,66,1
-52,55,1
-71,58,1
-39,72,1
-58,51,1
-33,33,1
-30,48,1
-52,73,1
-39,32,1
-43,33,1
-41,34,1
-57,27,1
-41,38,1
-62,37,1
-39,71,1
-47,54,1
-50,55,1
-33,50,1
-50,45,1
-66,36,1
-66,50,1
-32,45,1
-40,71,1
-58,61,1
-49,34,1
-57,33,1
-28,40,1
-65,30,1
-46,38,1
-42,36,1
-36,31,1
-37,61,1
-68,60,1
-37,65,1
-45,72,1
-27,60,1
-34,55,1
-40,42,1
-35,33,1
-57,61,1
-56,60,1
-46,62,1
-53,68,1
-62,63,1
-40,66,1
-55,43,1
-36,31,1
-62,66,1
-30,47,1
-37,37,1
-36,59,1
-57,57,1
-68,51,1
-28,60,1
-33,50,1
-30,47,1
-42,26,1
-73,53,1
-46,70,1
-54,56,1
-53,58,1
-35,45,1
-58,38,1
-71,54,1
-58,60,1
-63,36,1
-72,57,1
-33,58,1
-41,56,1
-67,66,1
-32,44,1
-43,38,1
-48,47,1
-39,27,1
-46,37,1
-46,51,1
-48,40,1
-50,60,1
-57,54,1
-60,45,1
-70,59,1
-48,26,1
-67,51,1
-74,46,1
-38,30,1
-46,42,1
-30,39,1
-65,34,1
-50,29,1
-41,67,1
-39,33,1
-43,40,1
-36,29,1
-49,58,1
-46,58,1
-47,48,1
-31,64,1
-40,67,1
-48,30,1
-54,27,1
-72,40,1
-54,36,1
-38,30,1
-51,37,1
-36,35,1
-59,68,1
-71,37,1
-34,35,1
-67,59,1
-36,69,1
-50,32,1
-51,29,1
-60,42,1
-51,57,1
-49,46,1
-28,51,1
-44,33,1
-44,53,1
-67,34,1
-73,45,1
58,31,0
65,55,0
37,64,0
66,68,0
38,36,0
59,31,0
56,36,0
64,38,0
41,73,0
66,55,0
57,32,0
52,72,0
51,25,0
31,57,0
32,60,0
43,65,0
39,63,0
45,61,0
32,48,0
55,54,0
35,48,0
39,55,0
41,49,0
49,61,0
47,29,0
43,61,0
62,65,0
35,62,0
43,57,0
67,43,0
58,50,0
56,40,0
57,55,0
53,29,0
45,41,0
42,63,0
34,49,0
64,33,0
41,31,0
62,34,0
69,62,0
72,55,0
38,58,0
55,43,0
67,59,0
66,54,0
57,28,0
74,48,0
44,47,0
69,60,0
41,47,0
68,48,0
65,55,0
37,32,0
61,43,0
40,32,0
43,59,0
69,49,0
43,56,0
31,60,0
71,61,0
70,50,0
39,53,0
30,51,0
28,46,0
33,48,0
59,31,0
51,45,0
49,45,0
71,51,0
53,50,0
33,52,0
45,47,0
35,36,0
52,68,0
62,31,0
44,53,0
45,32,0
52,74,0
49,72,0
72,58,0
40,47,0
64,32,0
72,42,0
49,39,0
69,62,0
37,32,0
53,32,0
65,32,0
34,58,0
55,54,0
51,44,0
35,68,0
72,57,0
29,51,0
61,30,0
70,40,0
67,41,0
39,65,0
46,69,0
65,44,0
45,42,0
39,56,0
40,63,0
67,43,0
35,63,0
36,44,0
37,35,0
50,54,0
43,62,0
34,31,0
50,31,0
67,56,0
68,50,0
44,65,0
36,32,0
41,63,0
49,50,0
41,55,0
61,53,0
29,41,0
34,55,0
63,70,0
46,52,0
39,28,0
35,39,0
71,57,0
46,72,0
71,53,0
39,55,0
57,64,0
28,50,0
32,54,0
43,32,0
35,39,0
54,25,0
33,65,0
59,32,0
65,37,0
72,53,0
46,62,0
29,62,0
67,56,0
44,54,0
27,43,0
48,56,0
64,57,0
41,46,0
72,41,0
56,56,0
53,31,0
61,68,0
46,43,0
53,62,0
63,54,0
66,55,0
56,35,0
65,51,0
53,70,0
63,46,0
31,33,0
57,34,0
43,65,0
48,35,0
49,38,0
47,35,0
59,35,0
63,54,0
57,51,0
66,54,0
61,39,0
40,62,0
35,46,0
48,49,0
54,66,0
36,52,0
46,38,0
62,71,0
43,47,0
62,29,0
70,56,0
61,52,0
32,41,0
44,43,0
30,45,0
66,63,0
64,69,0
46,45,0
59,71,0
45,73,0
42,59,0
44,34,0
56,51,0
59,29,0
61,58,0
74,53,0
44,57,0
70,39,0
48,45,0
62,48,0
52,45,0
71,56,0
69,34,0
53,56,0
31,45,0
54,46,0
60,56,0
58,53,0
49,59,0
49,25,0
52,37,0
66,39,0
44,45,0
26,51,0
68,65,0
54,70,0
28,62,0
50,51,0
67,34,0
68,62,0
65,63,0
64,52,0
61,60,0
53,33,0
61,62,0
49,41,0
29,46,0
61,49,0
64,30,0
31,39,0
52,41,0
37,40,0
47,41,0
50,52,0
42,57,0
49,42,0
71,61,0
53,61,0
58,28,0
57,68,0
40,46,0
58,29,0
71,39,0
63,59,0
41,59,0
44,68,0
42,69,0
73,43,0
60,39,0
52,49,0
44,-34,1
37,-28,1
37,-28,1
44,-51,1
72,-46,1
37,-33,1
43,-72,1
63,-65,1
45,-64,1
51,-40,1
66,-36,1
68,-61,1
45,-29,1
36,-34,1
49,-42,1
62,-62,1
70,-47,1
30,-47,1
52,-49,1
63,-57,1
64,-65,1
38,-62,1
28,-61,1
61,-34,1
56,-53,1
54,-41,1
63,-57,1
35,-32,1
57,-35,1
30,-52,1
63,-53,1
69,-53,1
52,-34,1
41,-68,1
47,-37,1
49,-57,1
67,-55,1
35,-38,1
44,-65,1
64,-43,1
71,-47,1
38,-44,1
52,-69,1
43,-71,1
45,-41,1
32,-65,1
51,-49,1
28,-43,1
39,-44,1
70,-50,1
40,-58,1
68,-43,1
50,-64,1
63,-48,1
36,-36,1
53,-45,1
69,-43,1
61,-56,1
53,-50,1
30,-40,1
64,-50,1
53,-60,1
66,-57,1
46,-57,1
46,-38,1
68,-57,1
29,-39,1
55,-36,1
30,-41,1
40,-66,1
70,-47,1
35,-49,1
55,-69,1
43,-40,1
47,-37,1
39,-34,1
36,-70,1
49,-29,1
72,-59,1
69,-50,1
43,-39,1
47,-51,1
66,-36,1
57,-44,1
47,-28,1
42,-69,1
26,-52,1
34,-69,1
58,-63,1
25,-49,1
40,-51,1
71,-54,1
58,-27,1
66,-35,1
61,-67,1
71,-45,1
57,-57,1
35,-55,1
48,-28,1
61,-64,1
30,-43,1
42,-48,1
47,-33,1
47,-63,1
52,-67,1
41,-72,1
62,-43,1
32,-58,1
60,-33,1
59,-62,1
36,-67,1
39,-47,1
47,-44,1
45,-27,1
68,-39,1
63,-69,1
28,-59,1
42,-42,1
58,-65,1
40,-41,1
67,-35,1
61,-63,1
60,-41,1
36,-64,1
57,-52,1
28,-48,1
65,-32,1
66,-37,1
59,-68,1
52,-56,1
66,-43,1
65,-45,1
25,-53,1
34,-39,1
61,-62,1
70,-43,1
44,-46,1
34,-32,1
44,-54,1
58,-41,1
52,-57,1
44,-56,1
50,-51,1
39,-48,1
43,-59,1
48,-51,1
59,-49,1
50,-50,1
49,-50,1
51,-67,1
63,-41,1
38,-70,1
46,-69,1
56,-73,1
39,-65,1
42,-63,1
73,-45,1
37,-34,1
63,-30,1
30,-37,1
42,-48,1
61,-55,1
58,-57,1
62,-70,1
37,-47,1
35,-40,1
40,-70,1
32,-56,1
53,-60,1
25,-46,1
26,-55,1
45,-64,1
45,-38,1
56,-41,1
58,-72,1
58,-33,1
37,-52,1
48,-31,1
50,-60,1
50,-34,1
42,-64,1
41,-68,1
47,-67,1
29,-50,1
46,-74,1
48,-53,1
43,-57,1
52,-45,1
73,-47,1
36,-70,1
45,-67,1
36,-57,1
52,-63,1
45,-40,1
32,-50,1
68,-39,1
69,-43,1
70,-46,1
38,-52,1
55,-34,1
49,-68,1
63,-63,1
54,-67,1
37,-55,1
31,-38,1
53,-58,1
66,-63,1
67,-59,1
59,-31,1
53,-72,1
27,-41,1
62,-66,1
66,-44,1
71,-45,1
45,-47,1
33,-40,1
52,-67,1
68,-57,1
46,-26,1
57,-43,1
65,-37,1
60,-63,1
41,-57,1
43,-40,1
66,-34,1
30,-53,1
39,-37,1
43,-70,1
38,-46,1
38,-66,1
45,-67,1
50,-34,1
42,-70,1
56,-38,1
70,-36,1
44,-26,1
58,-40,1
49,-43,1
60,-37,1
49,-39,1
49,-71,1
43,-43,1
60,-48,1
53,-63,1
55,-58,1
53,-64,1
43,-67,1
70,-46,1
59,-60,1
42,-34,1
-60,-35,0
-68,-54,0
-41,-37,0
-55,-28,0
-40,-28,0
-46,-72,0
-61,-57,0
-57,-34,0
-31,-33,0
-45,-70,0
-53,-74,0
-69,-50,0
-49,-32,0
-64,-46,0
-69,-49,0
-70,-40,0
-61,-30,0
-64,-52,0
-51,-63,0
-53,-63,0
-54,-46,0
-44,-73,0
-61,-46,0
-71,-59,0
-45,-34,0
-30,-63,0
-56,-49,0
-35,-41,0
-32,-37,0
-40,-65,0
-62,-68,0
-36,-37,0
-62,-67,0
-55,-67,0
-63,-54,0
-41,-32,0
-62,-42,0
-58,-47,0
-59,-49,0
-52,-29,0
-40,-57,0
-60,-46,0
-57,-26,0
-50,-60,0
-43,-45,0
-37,-29,0
-54,-47,0
-50,-38,0
-64,-37,0
-38,-51,0
-26,-53,0
-30,-50,0
-44,-66,0
-69,-46,0
-60,-37,0
-42,-46,0
-66,-33,0
-59,-70,0
-51,-74,0
-59,-27,0
-25,-47,0
-56,-46,0
-68,-37,0
-50,-59,0
-73,-49,0
-30,-53,0
-41,-49,0
-38,-59,0
-62,-48,0
-54,-70,0
-56,-53,0
-66,-32,0
-41,-68,0
-60,-46,0
-31,-49,0
-68,-41,0
-39,-35,0
-49,-33,0
-32,-35,0
-27,-42,0
-32,-58,0
-55,-28,0
-43,-59,0
-35,-68,0
-40,-28,0
-52,-37,0
-43,-55,0
-49,-58,0
-40,-58,0
-52,-52,0
-48,-65,0
-52,-71,0
-40,-32,0
-66,-38,0
-54,-66,0
-54,-40,0
-39,-40,0
-52,-63,0
-58,-55,0
-61,-45,0
-45,-56,0
-34,-48,0
-63,-38,0
-33,-36,0
-44,-48,0
-71,-42,0
-64,-65,0
-36,-35,0
-36,-66,0
-51,-26,0
-45,-68,0
-38,-41,0
-68,-62,0
-29,-48,0
-63,-65,0
-36,-34,0
-54,-74,0
-51,-59,0
-48,-47,0
-35,-54,0
-67,-44,0
-66,-52,0
-27,-49,0
-57,-28,0
-32,-37,0
-41,-34,0
-54,-57,0
-37,-65,0
-34,-52,0
-50,-37,0
-52,-54,0
-29,-52,0
-62,-62,0
-53,-50,0
-66,-47,0
-30,-46,0
-62,-28,0
-74,-46,0
-49,-73,0
-72,-57,0
-58,-69,0
-47,-51,0
-55,-48,0
-63,-62,0
-71,-44,0
-52,-52,0
-64,-42,0
-63,-31,0
-46,-26,0
-26,-53,0
-62,-68,0
-53,-70,0
-72,-53,0
-46,-51,0
-40,-62,0
-63,-64,0
-33,-36,0
-49,-61,0
-57,-72,0
-56,-58,0
-57,-73,0
-36,-51,0
-40,-33,0
-59,-48,0
-32,-61,0
-66,-57,0
-50,-66,0
-33,-48,0
-27,-49,0
-32,-40,0
-39,-45,0
-42,-42,0
-40,-31,0
-54,-66,0
-35,-61,0
-55,-70,0
-43,-38,0
-46,-26,0
-50,-58,0
-63,-37,0
-35,-56,0
-70,-42,0
-41,-64,0
-52,-36,0
-33,-52,0
-39,-58,0
-58,-26,0
-27,-44,0
-63,-59,0
-67,-57,0
-57,-30,0
-50,-59,0
-59,-33,0
-43,-63,0
-58,-49,0
-26,-55,0
-48,-70,0
-47,-67,0
-56,-40,0
-30,-54,0
-51,-56,0
-37,-51,0
-44,-58,0
-60,-36,0
-29,-42,0
-37,-42,0
-57,-60,0
-41,-33,0
-61,-51,0
-48,-27,0
-53,-60,0
-36,-62,0
-42,-73,0
-28,-45,0
-25,-46,0
-52,-56,0
-67,-43,0
-40,-55,0
-42,-26,0
-72,-48,0
-51,-57,0
-51,-41,0
-44,-63,0
-49,-43,0
-55,-39,0
-40,-55,0
-33,-40,0
-29,-62,0
-64,-49,0
-45,-34,0
-54,-72,0
-41,-69,0
-45,-47,0
-53,-52,0
-45,-47,0
-73,-49,0
-56,-50,0
-42,-69,0
-49,-25,0
-47,-62,0
-28,-43,0
-60,-41,0
-64,-59,0
-54,-51,0
-54,-35,0
-42,-41,0
-61,-54,0
-70,-36,0
-47,-48,0
-61,-59,0
