-38,59,1
-45,37,1
-30,44,1
-48,54,1
-50,50,1
-34,53,1
-45,20,1
-50,25,1
-47,45,1
-41,33,1
-48,49,1
-50,23,1
-46,58,1
-38,41,1
-58,41,1
-33,44,1
-55,28,1
-65,45,1
-48,34,1
-44,58,1
-48,47,1
-25,26,1
-42,48,1
-42,43,1
-39,63,1
-36,31,1
-39,41,1
-44,34,1
-50,23,1
-53,65,1
-37,59,1
-47,38,1
-44,64,1
-40,42,1
-22,47,1
-42,48,1
-34,34,1
-22,31,1
-50,43,1
-38,18,1
-36,27,1
-41,49,1
-36,32,1
-38,52,1
-67,45,1
-29,49,1
-52,39,1
-44,64,1
-40,58,1
-58,37,1
-62,42,1
-45,49,1
-51,46,1
-49,66,1
-40,44,1
-28,48,1
-29,28,1
-45,64,1
-62,42,1
-24,50,1
-51,32,1
-47,26,1
-33,45,1
-35,43,1
-27,29,1
-26,48,1
-50,58,1
-32,55,1
-21,42,1
-37,42,1
-43,25,1
-21,30,1
-34,37,1
-36,64,1
-55,63,1
-48,28,1
-45,25,1
-40,39,1
-34,52,1
-31,53,1
-57,60,1
-57,30,1
-44,38,1
-54,32,1
-40,21,1
-44,35,1
-28,62,1
-60,60,1
-43,64,1
-51,51,1
-66,46,1
-22,55,1
-26,47,1
-37,22,1
-42,45,1
-61,39,1
-32,58,1
-45,49,1
-66,45,1
-49,64,1
-41,62,1
-21,31,1
-44,61,1
-46,25,1
-53,51,1
-65,34,1
-43,50,1
-58,41,1
-27,37,1
-51,47,1
-19,38,1
-56,29,1
-34,42,1
-27,53,1
-66,35,1
-45,51,1
-47,61,1
-43,22,1
-63,46,1
-19,49,1
-52,60,1
-49,25,1
-47,34,1
-49,51,1
-45,26,1
-48,31,1
-24,30,1
-29,44,1
-38,44,1
-34,62,1
-51,63,1
-54,50,1
-49,63,1
-56,50,1
-52,57,1
-24,38,1
-26,46,1
-39,38,1
-36,34,1
-38,26,1
-53,24,1
-35,49,1
-29,25,1
-22,29,1
-30,27,1
-45,42,1
-51,47,1
-33,57,1
-45,42,1
-37,64,1
-52,39,1
-55,29,1
-54,56,1
-34,56,1
-60,57,1
-26,25,1
-54,22,1
-27,25,1
-65,41,1
-48,43,1
-45,48,1
-45,62,1
-34,34,1
-58,44,1
-20,49,1
-22,54,1
-48,25,1
-45,32,1
-52,57,1
-55,55,1
-54,37,1
-35,43,1
-24,40,1
-47,39,1
-31,34,1
-29,35,1
-36,56,1
-54,29,1
-34,47,1
-23,55,1
-22,53,1
-65,32,1
-56,43,1
-26,52,1
-33,58,1
-38,45,1
-33,41,1
-18,39,1
-23,45,1
-34,45,1
-38,42,1
-33,36,1
-25,59,1
-61,56,1
-35,46,1
-63,56,1
-38,23,1
-62,56,1
-21,33,1
-33,64,1
-48,28,1
-25,48,1
-25,43,1
-39,46,1
-45,20,1
-35,21,1
-51,51,1
-45,18,1
-24,44,1
-49,23,1
-35,31,1
-55,55,1
-43,58,1
-39,51,1
-34,38,1
-65,41,1
-54,45,1
-47,49,1
-39,18,1
-28,42,1
-45,61,1
-34,50,1
-54,35,1
-32,64,1
-38,28,1
-55,21,1
-40,21,1
-40,59,1
-39,30,1
-20,45,1
-31,60,1
-32,41,1
-22,34,1
-21,55,1
-23,47,1
-62,29,1
-54,53,1
-46,54,1
-38,20,1
-34,52,1
-41,57,1
-33,42,1
-55,62,1
-37,42,1
-60,44,1
-44,59,1
-58,34,1
-51,31,1
-27,36,1
-31,53,1
43,50,0
47,34,0
49,19,0
55,21,0
39,21,0
65,49,0
50,39,0
33,42,0
53,39,0
31,25,0
31,29,0
41,54,0
50,21,0
50,28,0
47,54,0
30,58,0
32,26,0
65,53,0
32,24,0
38,22,0
38,47,0
50,23,0
61,46,0
62,57,0
39,59,0
37,23,0
37,19,0
33,20,0
51,63,0
57,47,0
36,29,0
30,49,0
31,25,0
38,65,0
40,60,0
24,57,0
47,35,0
32,60,0
63,44,0
36,46,0
27,36,0
49,46,0
47,61,0
46,42,0
37,58,0
56,44,0
44,37,0
61,45,0
56,51,0
22,29,0
41,44,0
47,56,0
23,32,0
51,48,0
36,39,0
40,58,0
27,56,0
48,41,0
57,56,0
39,32,0
64,32,0
52,63,0
48,19,0
65,36,0
22,38,0
30,36,0
66,36,0
46,54,0
26,36,0
35,57,0
44,31,0
58,26,0
21,43,0
40,38,0
59,59,0
48,66,0
52,55,0
48,42,0
42,24,0
28,38,0
44,20,0
64,31,0
39,22,0
31,27,0
35,28,0
65,41,0
67,40,0
63,56,0
34,20,0
45,55,0
39,18,0
54,63,0
24,26,0
56,54,0
34,20,0
19,36,0
33,24,0
55,36,0
44,32,0
53,58,0
51,29,0
55,50,0
26,37,0
50,28,0
48,20,0
38,51,0
56,26,0
35,39,0
48,28,0
42,35,0
42,51,0
46,26,0
36,19,0
28,39,0
26,51,0
23,57,0
35,44,0
45,24,0
39,48,0
42,56,0
42,18,0
62,34,0
27,26,0
39,23,0
62,48,0
46,54,0
63,37,0
55,48,0
51,58,0
38,58,0
48,23,0
23,27,0
54,28,0
44,64,0
29,58,0
29,63,0
29,30,0
62,54,0
46,31,0
47,26,0
36,26,0
54,33,0
44,48,0
62,30,0
57,61,0
57,44,0
54,64,0
62,34,0
26,37,0
48,56,0
67,45,0
60,45,0
25,53,0
42,19,0
61,27,0
26,35,0
38,50,0
44,33,0
29,25,0
37,51,0
50,26,0
34,51,0
41,37,0
24,36,0
60,31,0
39,49,0
26,52,0
53,39,0
65,38,0
42,18,0
60,53,0
37,64,0
31,43,0
50,24,0
52,21,0
48,33,0
61,52,0
35,61,0
49,34,0
45,33,0
24,43,0
63,46,0
26,24,0
20,33,0
37,32,0
25,34,0
27,51,0
52,63,0
46,51,0
28,40,0
51,35,0
44,20,0
47,21,0
44,59,0
45,67,0
63,44,0
42,42,0
58,39,0
33,35,0
42,56,0
32,21,0
57,47,0
37,44,0
30,59,0
47,37,0
46,65,0
37,22,0
43,22,0
46,47,0
37,62,0
36,56,0
53,44,0
24,36,0
31,33,0
18,42,0
19,42,0
39,62,0
48,28,0
44,32,0
35,64,0
42,57,0
31,43,0
45,65,0
58,47,0
26,44,0
20,46,0
38,22,0
40,61,0
51,55,0
36,45,0
37,31,0
38,34,0
53,63,0
57,28,0
27,62,0
60,48,0
63,35,0
46,28,0
32,37,0
54,59,0
31,39,0
60,44,0
35,48,0
50,22,0
60,43,0
60,35,0
38,66,0
42,59,0
37,24,0
55,30,0
66,-49,1
41,-43,1
51,-32,1
59,-44,1
59,-48,1
62,-50,1
65,-33,1
40,-47,1
61,-31,1
59,-59,1
55,-27,1
44,-27,1
21,-45,1
44,-37,1
25,-55,1
30,-23,1
60,-33,1
32,-65,1
35,-57,1
53,-64,1
46,-21,1
47,-39,1
42,-35,1
35,-55,1
19,-45,1
36,-35,1
53,-50,1
41,-53,1
43,-66,1
26,-46,1
48,-36,1
42,-36,1
65,-41,1
58,-26,1
50,-47,1
45,-25,1
50,-54,1
44,-65,1
34,-65,1
35,-51,1
49,-53,1
37,-61,1
31,-39,1
26,-43,1
33,-24,1
33,-41,1
55,-24,1
65,-50,1
52,-21,1
55,-56,1
30,-32,1
65,-47,1
50,-41,1
64,-55,1
64,-48,1
60,-48,1
48,-29,1
58,-47,1
62,-35,1
58,-44,1
33,-35,1
62,-28,1
60,-51,1
36,-60,1
25,-48,1
22,-33,1
54,-46,1
64,-55,1
53,-56,1
25,-47,1
49,-36,1
43,-45,1
26,-25,1
36,-35,1
40,-29,1
26,-41,1
53,-47,1
34,-37,1
47,-35,1
22,-48,1
39,-36,1
43,-67,1
34,-62,1
66,-45,1
42,-28,1
25,-58,1
48,-65,1
44,-39,1
50,-56,1
46,-25,1
60,-29,1
26,-47,1
33,-55,1
39,-53,1
42,-64,1
35,-43,1
35,-27,1
21,-31,1
27,-47,1
52,-25,1
60,-42,1
28,-46,1
25,-34,1
56,-38,1
62,-41,1
35,-58,1
37,-31,1
45,-55,1
48,-33,1
36,-66,1
41,-64,1
35,-20,1
22,-31,1
38,-36,1
57,-24,1
41,-37,1
59,-52,1
36,-59,1
52,-62,1
41,-32,1
34,-50,1
49,-23,1
26,-44,1
66,-49,1
39,-22,1
39,-58,1
64,-32,1
31,-34,1
23,-50,1
44,-36,1
42,-35,1
34,-50,1
21,-37,1
34,-29,1
52,-55,1
29,-38,1
51,-40,1
45,-29,1
38,-44,1
56,-22,1
56,-51,1
32,-45,1
24,-43,1
53,-23,1
53,-40,1
59,-55,1
35,-35,1
59,-51,1
46,-28,1
59,-50,1
58,-58,1
24,-51,1
24,-30,1
47,-66,1
20,-48,1
33,-33,1
42,-65,1
32,-51,1
39,-29,1
49,-29,1
41,-47,1
30,-39,1
55,-47,1
30,-27,1
23,-33,1
24,-40,1
26,-58,1
49,-21,1
29,-23,1
22,-30,1
38,-67,1
62,-35,1
44,-43,1
39,-61,1
59,-41,1
32,-28,1
58,-34,1
62,-54,1
55,-40,1
41,-64,1
54,-60,1
35,-49,1
46,-44,1
33,-60,1
34,-53,1
25,-48,1
52,-57,1
51,-37,1
32,-65,1
54,-47,1
49,-59,1
24,-39,1
39,-38,1
52,-42,1
20,-36,1
24,-59,1
49,-52,1
44,-54,1
37,-21,1
46,-28,1
35,-60,1
35,-20,1
28,-40,1
58,-23,1
60,-51,1
64,-47,1
47,-40,1
19,-42,1
32,-51,1
38,-66,1
37,-51,1
34,-44,1
47,-55,1
40,-62,1
28,-30,1
54,-57,1
55,-51,1
48,-44,1
64,-49,1
64,-54,1
22,-36,1
42,-54,1
31,-23,1
48,-28,1
31,-48,1
39,-51,1
53,-28,1
62,-54,1
45,-67,1
42,-34,1
66,-49,1
65,-33,1
31,-49,1
58,-42,1
60,-55,1
38,-18,1
59,-58,1
56,-33,1
46,-51,1
40,-52,1
61,-43,1
18,-38,1
52,-64,1
49,-50,1
32,-45,1
45,-63,1
34,-54,1
39,-47,1
52,-60,1
47,-41,1
-57,-44,0
-45,-54,0
-25,-33,0
-63,-34,0
-64,-39,0
-37,-43,0
-51,-29,0
-39,-20,0
-49,-44,0
-30,-55,0
-44,-46,0
-32,-30,0
-54,-59,0
-37,-31,0
-45,-50,0
-38,-64,0
-65,-43,0
-45,-19,0
-24,-48,0
-56,-35,0
-55,-21,0
-45,-47,0
-31,-27,0
-29,-24,0
-48,-23,0
-64,-36,0
-58,-34,0
-60,-38,0
-60,-42,0
-42,-66,0
-20,-50,0
-34,-55,0
-26,-52,0
-41,-36,0
-33,-57,0
-65,-52,0
-29,-50,0
-29,-56,0
-53,-21,0
-42,-48,0
-47,-35,0
-49,-60,0
-29,-26,0
-42,-63,0
-63,-34,0
-26,-57,0
-38,-64,0
-56,-33,0
-43,-34,0
-32,-65,0
-38,-35,0
-48,-39,0
-37,-19,0
-41,-59,0
-43,-19,0
-38,-44,0
-23,-51,0
-55,-38,0
-40,-31,0
-33,-52,0
-65,-38,0
-22,-52,0
-62,-46,0
-54,-34,0
-63,-34,0
-44,-53,0
-56,-32,0
-56,-60,0
-64,-40,0
-44,-32,0
-51,-63,0
-42,-41,0
-49,-21,0
-23,-32,0
-27,-36,0
-20,-40,0
-39,-46,0
-59,-33,0
-24,-29,0
-48,-48,0
-45,-39,0
-53,-37,0
-38,-64,0
-40,-45,0
-66,-40,0
-53,-36,0
-38,-29,0
-45,-53,0
-40,-26,0
-48,-61,0
-22,-53,0
-36,-49,0
-55,-56,0
-26,-46,0
-39,-22,0
-27,-25,0
-61,-48,0
-57,-37,0
-44,-44,0
-48,-32,0
-64,-49,0
-62,-44,0
-65,-36,0
-20,-48,0
-55,-60,0
-40,-27,0
-46,-43,0
-43,-34,0
-43,-60,0
-46,-44,0
-56,-35,0
-35,-60,0
-54,-44,0
-46,-52,0
-25,-31,0
-55,-63,0
-38,-49,0
-49,-42,0
-41,-55,0
-24,-52,0
-48,-37,0
-49,-28,0
-53,-40,0
-27,-39,0
-65,-53,0
-29,-22,0
-48,-38,0
-36,-44,0
-28,-56,0
-40,-41,0
-26,-36,0
-42,-43,0
-27,-50,0
-32,-24,0
-58,-38,0
-53,-51,0
-59,-32,0
-29,-56,0
-38,-23,0
-53,-20,0
-43,-33,0
-40,-56,0
-38,-66,0
-22,-49,0
-54,-61,0
-41,-59,0
-41,-19,0
-32,-63,0
-41,-51,0
-22,-29,0
-61,-52,0
-24,-51,0
-22,-54,0
-47,-58,0
-38,-32,0
-48,-57,0
-64,-32,0
-59,-48,0
-38,-52,0
-36,-45,0
-30,-62,0
-20,-50,0
-31,-51,0
-36,-47,0
-42,-53,0
-45,-19,0
-34,-30,0
-51,-46,0
-46,-34,0
-58,-47,0
-31,-27,0
-24,-30,0
-61,-37,0
-39,-61,0
-38,-37,0
-23,-49,0
-44,-41,0
-42,-20,0
-63,-36,0
-23,-38,0
-53,-50,0
-60,-60,0
-43,-56,0
-28,-51,0
-48,-41,0
-34,-58,0
-62,-52,0
-30,-33,0
-65,-44,0
-36,-31,0
-56,-49,0
-29,-27,0
-52,-24,0
-61,-35,0
-48,-25,0
-48,-45,0
-43,-53,0
-43,-24,0
-39,-52,0
-39,-34,0
-47,-34,0
-38,-53,0
-22,-43,0
-31,-43,0
-21,-36,0
-41,-18,0
-55,-38,0
-44,-49,0
-52,-63,0
-57,-30,0
-43,-39,0
-33,-45,0
-25,-42,0
-49,-21,0
-59,-51,0
-29,-56,0
-22,-43,0
-33,-63,0
-55,-43,0
-57,-61,0
-54,-61,0
-52,-49,0
-37,-33,0
-53,-39,0
-30,-37,0
-56,-58,0
-45,-21,0
-34,-19,0
-37,-36,0
-43,-59,0
-31,-64,0
-57,-31,0
-25,-44,0
-39,-52,0
-57,-53,0
-59,-41,0
-31,-48,0
-41,-55,0
-43,-22,0
-37,-19,0
-61,-54,0
-32,-26,0
-31,-22,0
-33,-64,0
-47,-65,0
-37,-58,0
-45,-21,0
-21,-43,0
-45,-40,0
-44,-51,0
