-22,50,1
-28,24,1
-32,33,1
-66,35,1
-50,34,1
-41,27,1
-26,39,1
-43,47,1
-50,45,1
-26,41,1
-50,43,1
-63,49,1
-65,45,1
-33,26,1
-40,58,1
-49,28,1
-53,52,1
-19,39,1
-34,42,1
-50,56,1
-52,27,1
-56,50,1
-42,46,1
-22,48,1
-46,38,1
-45,62,1
-35,23,1
-39,30,1
-43,56,1
-46,63,1
-42,49,1
-58,24,1
-40,27,1
-18,42,1
-25,37,1
-31,42,1
-28,41,1
-66,38,1
-27,54,1
-49,30,1
-38,59,1
-47,27,1
-51,26,1
-50,28,1
-36,64,1
-39,67,1
-47,21,1
-42,63,1
-35,24,1
-47,54,1
-30,49,1
-38,63,1
-25,27,1
-27,58,1
-48,30,1
-42,46,1
-53,20,1
-65,38,1
-53,45,1
-42,46,1
-19,39,1
-64,35,1
-25,33,1
-40,65,1
-41,34,1
-34,52,1
-48,44,1
-51,46,1
-61,57,1
-51,50,1
-46,19,1
-21,51,1
-34,46,1
-39,47,1
-25,26,1
-23,49,1
-37,24,1
-57,23,1
-56,48,1
-31,34,1
-43,40,1
-47,22,1
-29,52,1
-19,37,1
-42,50,1
-25,54,1
-21,35,1
-24,54,1
-25,33,1
-24,33,1
-59,58,1
-24,43,1
-27,27,1
-44,56,1
-37,48,1
-52,61,1
-65,41,1
-43,20,1
-32,63,1
-52,28,1
-37,57,1
-32,38,1
-37,36,1
-53,25,1
-57,56,1
-23,35,1
-25,31,1
-22,32,1
-20,37,1
-66,37,1
-62,39,1
-53,54,1
-43,64,1
-39,60,1
-50,20,1
-41,53,1
-20,51,1
-27,27,1
-42,59,1
-32,60,1
-63,30,1
-20,50,1
-37,51,1
-41,57,1
-48,45,1
-51,39,1
-31,21,1
-59,33,1
-48,55,1
-51,51,1
-66,44,1
-22,55,1
-40,39,1
-42,26,1
-23,32,1
-35,56,1
-43,40,1
-64,52,1
-49,43,1
-40,44,1
-43,35,1
-42,56,1
-63,33,1
-26,31,1
-42,25,1
-65,46,1
-39,31,1
-61,42,1
-21,50,1
-33,41,1
-31,30,1
-28,62,1
-36,60,1
-33,63,1
-51,60,1
-41,45,1
-48,25,1
-29,48,1
-60,33,1
-56,41,1
-66,47,1
-40,45,1
-41,40,1
-45,38,1
-40,64,1
-30,21,1
-58,29,1
-37,36,1
-45,39,1
-22,35,1
-32,52,1
-21,47,1
-42,53,1
-50,24,1
-38,46,1
-45,66,1
-41,18,1
-55,25,1
-61,44,1
-55,45,1
-36,34,1
-24,28,1
-22,40,1
-20,34,1
-34,35,1
-64,48,1
-56,26,1
-60,44,1
-51,39,1
-41,48,1
-33,22,1
-53,29,1
-39,35,1
-49,25,1
-27,53,1
-36,48,1
-63,35,1
-51,19,1
-30,24,1
-47,65,1
-58,54,1
-27,53,1
-56,43,1
-61,28,1
-24,36,1
-61,38,1
-36,43,1
-60,52,1
-43,18,1
-29,34,1
-36,28,1
-44,45,1
-43,19,1
-19,51,1
-56,54,1
-54,57,1
-28,27,1
-46,38,1
-32,57,1
-55,24,1
-63,35,1
-36,59,1
-52,63,1
-40,52,1
-56,28,1
-30,33,1
-29,54,1
-42,32,1
-42,31,1
-21,48,1
-38,19,1
-64,54,1
-37,47,1
-45,59,1
-54,64,1
-35,19,1
-63,34,1
-31,49,1
-57,24,1
-35,22,1
-42,39,1
-54,33,1
-54,54,1
-55,35,1
-52,21,1
-39,24,1
-47,21,1
-46,32,1
-41,58,1
-59,53,1
36,23,0
37,60,0
34,23,0
47,34,0
48,43,0
47,26,0
33,28,0
28,44,0
29,52,0
37,57,0
65,50,0
33,30,0
28,25,0
47,33,0
32,34,0
36,30,0
31,24,0
27,56,0
33,57,0
30,58,0
62,40,0
54,44,0
38,63,0
37,20,0
50,42,0
30,35,0
40,49,0
32,38,0
41,62,0
38,47,0
65,38,0
47,29,0
67,40,0
52,60,0
48,62,0
45,29,0
43,51,0
51,24,0
47,58,0
26,54,0
57,43,0
30,39,0
54,42,0
62,40,0
37,31,0
46,46,0
39,29,0
56,41,0
44,36,0
31,43,0
33,54,0
20,48,0
31,29,0
60,27,0
48,63,0
33,29,0
45,51,0
62,40,0
43,26,0
50,51,0
45,32,0
36,40,0
48,29,0
60,53,0
26,39,0
41,35,0
27,38,0
44,66,0
27,30,0
42,48,0
58,56,0
20,33,0
48,22,0
40,36,0
21,31,0
45,22,0
37,24,0
59,50,0
39,26,0
27,45,0
39,57,0
32,61,0
36,21,0
19,40,0
47,46,0
59,37,0
49,46,0
48,21,0
49,66,0
59,51,0
52,27,0
51,43,0
39,19,0
53,31,0
23,40,0
33,32,0
50,43,0
26,26,0
56,26,0
54,29,0
52,55,0
62,52,0
29,28,0
27,27,0
50,53,0
46,46,0
33,60,0
32,40,0
49,31,0
41,54,0
33,27,0
46,39,0
21,48,0
67,41,0
57,33,0
44,55,0
52,41,0
39,37,0
37,35,0
28,51,0
42,56,0
47,65,0
51,29,0
44,46,0
48,19,0
63,42,0
45,31,0
46,64,0
59,36,0
20,34,0
66,49,0
44,56,0
31,47,0
57,45,0
56,45,0
58,23,0
52,27,0
27,30,0
58,36,0
46,30,0
48,59,0
52,49,0
62,47,0
52,43,0
38,21,0
38,39,0
41,39,0
20,40,0
26,46,0
50,57,0
49,35,0
26,26,0
48,49,0
38,41,0
24,39,0
45,34,0
39,27,0
36,66,0
35,28,0
27,40,0
38,28,0
44,64,0
29,55,0
39,33,0
45,66,0
35,38,0
51,48,0
46,65,0
30,50,0
52,20,0
27,53,0
43,21,0
50,42,0
46,64,0
66,43,0
54,29,0
32,20,0
53,54,0
25,48,0
30,31,0
48,28,0
44,60,0
33,49,0
56,45,0
40,45,0
50,36,0
50,36,0
35,46,0
66,35,0
28,59,0
36,53,0
20,47,0
47,63,0
59,29,0
21,50,0
35,35,0
26,52,0
50,40,0
19,37,0
40,59,0
46,65,0
51,38,0
25,49,0
25,48,0
43,27,0
52,27,0
42,56,0
37,37,0
48,47,0
53,26,0
59,50,0
34,19,0
47,39,0
41,25,0
37,34,0
65,34,0
23,41,0
42,56,0
29,39,0
35,36,0
49,44,0
48,30,0
51,58,0
19,35,0
34,22,0
54,27,0
40,28,0
62,47,0
38,37,0
46,38,0
25,41,0
34,34,0
34,60,0
45,60,0
37,63,0
53,44,0
53,28,0
28,36,0
56,40,0
59,56,0
58,59,0
39,54,0
40,67,0
23,51,0
41,43,0
35,19,0
42,45,0
39,30,0
37,35,0
48,63,0
34,-57,1
40,-66,1
55,-62,1
47,-31,1
56,-57,1
44,-65,1
53,-48,1
33,-40,1
53,-60,1
34,-40,1
62,-30,1
38,-66,1
44,-49,1
66,-50,1
25,-38,1
25,-50,1
24,-46,1
42,-29,1
27,-54,1
48,-43,1
29,-40,1
34,-25,1
32,-55,1
53,-39,1
34,-35,1
28,-31,1
58,-48,1
47,-45,1
30,-52,1
37,-23,1
63,-54,1
62,-41,1
39,-39,1
40,-38,1
19,-34,1
61,-28,1
38,-40,1
29,-36,1
34,-45,1
35,-46,1
20,-33,1
41,-27,1
65,-35,1
58,-54,1
32,-61,1
55,-52,1
21,-34,1
28,-58,1
65,-34,1
46,-50,1
30,-36,1
28,-36,1
58,-43,1
32,-55,1
19,-42,1
30,-59,1
58,-25,1
55,-24,1
48,-43,1
38,-47,1
47,-49,1
29,-62,1
42,-27,1
48,-22,1
38,-52,1
60,-50,1
46,-31,1
54,-54,1
42,-61,1
20,-47,1
22,-38,1
67,-45,1
48,-21,1
26,-43,1
57,-36,1
62,-52,1
29,-39,1
41,-62,1
44,-37,1
53,-48,1
27,-25,1
48,-65,1
66,-45,1
54,-61,1
18,-41,1
56,-55,1
58,-26,1
40,-18,1
58,-24,1
57,-54,1
27,-55,1
58,-27,1
26,-29,1
35,-59,1
41,-31,1
28,-49,1
49,-57,1
29,-55,1
63,-36,1
45,-58,1
40,-48,1
22,-48,1
59,-49,1
51,-47,1
53,-41,1
38,-63,1
49,-33,1
41,-18,1
37,-27,1
29,-30,1
67,-46,1
25,-31,1
23,-41,1
30,-48,1
59,-36,1
67,-45,1
45,-34,1
26,-54,1
24,-56,1
24,-41,1
28,-34,1
56,-50,1
34,-59,1
32,-51,1
54,-52,1
19,-49,1
22,-53,1
30,-60,1
23,-32,1
24,-40,1
36,-61,1
30,-62,1
44,-44,1
48,-44,1
27,-29,1
52,-41,1
25,-56,1
26,-60,1
43,-21,1
45,-37,1
33,-31,1
61,-56,1
34,-46,1
34,-40,1
33,-55,1
27,-52,1
46,-53,1
25,-36,1
32,-57,1
42,-63,1
64,-39,1
60,-46,1
27,-42,1
44,-55,1
60,-48,1
60,-38,1
24,-37,1
29,-54,1
38,-46,1
40,-25,1
53,-25,1
49,-45,1
27,-57,1
27,-39,1
63,-31,1
25,-32,1
46,-53,1
61,-48,1
38,-59,1
25,-55,1
46,-33,1
26,-42,1
57,-49,1
32,-40,1
59,-44,1
32,-59,1
60,-32,1
61,-26,1
51,-42,1
24,-33,1
35,-37,1
48,-31,1
52,-57,1
42,-42,1
26,-34,1
50,-57,1
57,-33,1
33,-32,1
36,-44,1
27,-42,1
57,-39,1
43,-33,1
31,-24,1
60,-59,1
65,-44,1
54,-34,1
35,-44,1
43,-36,1
56,-31,1
46,-20,1
22,-51,1
62,-56,1
32,-29,1
47,-28,1
31,-29,1
32,-61,1
18,-42,1
46,-38,1
40,-27,1
33,-53,1
22,-31,1
41,-32,1
42,-34,1
41,-54,1
32,-27,1
53,-52,1
52,-42,1
34,-31,1
34,-56,1
58,-59,1
40,-29,1
56,-47,1
33,-38,1
25,-34,1
64,-39,1
63,-49,1
24,-34,1
64,-51,1
22,-45,1
47,-56,1
31,-46,1
45,-35,1
28,-33,1
44,-32,1
62,-44,1
29,-58,1
31,-31,1
58,-41,1
54,-53,1
40,-34,1
34,-55,1
30,-35,1
21,-42,1
62,-52,1
28,-56,1
50,-66,1
33,-20,1
46,-59,1
32,-32,1
49,-41,1
-62,-29,0
-57,-31,0
-47,-54,0
-30,-34,0
-37,-45,0
-50,-61,0
-55,-57,0
-41,-41,0
-35,-66,0
-30,-64,0
-48,-36,0
-32,-49,0
-26,-44,0
-32,-50,0
-33,-43,0
-59,-36,0
-47,-59,0
-60,-35,0
-28,-36,0
-27,-60,0
-20,-34,0
-62,-34,0
-57,-45,0
-44,-55,0
-60,-56,0
-33,-48,0
-39,-58,0
-57,-23,0
-56,-51,0
-40,-44,0
-22,-52,0
-53,-23,0
-59,-53,0
-26,-30,0
-39,-51,0
-35,-24,0
-60,-47,0
-36,-33,0
-35,-30,0
-39,-43,0
-58,-61,0
-38,-23,0
-37,-48,0
-58,-61,0
-41,-47,0
-46,-52,0
-50,-41,0
-25,-53,0
-19,-44,0
-55,-33,0
-27,-29,0
-33,-33,0
-55,-35,0
-49,-51,0
-45,-64,0
-37,-26,0
-49,-46,0
-48,-22,0
-39,-31,0
-45,-25,0
-45,-29,0
-55,-39,0
-42,-20,0
-35,-38,0
-52,-53,0
-44,-65,0
-24,-45,0
-54,-62,0
-51,-65,0
-54,-32,0
-61,-46,0
-55,-62,0
-24,-32,0
-33,-35,0
-30,-59,0
-56,-58,0
-38,-47,0
-24,-41,0
-54,-51,0
-61,-30,0
-47,-45,0
-40,-64,0
-63,-49,0
-26,-38,0
-25,-37,0
-63,-48,0
-40,-35,0
-26,-29,0
-51,-54,0
-46,-41,0
-31,-56,0
-62,-52,0
-47,-47,0
-41,-41,0
-56,-26,0
-45,-56,0
-53,-29,0
-50,-53,0
-28,-29,0
-63,-36,0
-54,-59,0
-34,-65,0
-58,-33,0
-57,-46,0
-53,-31,0
-46,-19,0
-38,-58,0
-41,-31,0
-55,-64,0
-48,-45,0
-61,-35,0
-48,-46,0
-40,-42,0
-53,-54,0
-38,-33,0
-36,-28,0
-34,-65,0
-24,-40,0
-21,-46,0
-22,-45,0
-35,-32,0
-45,-57,0
-44,-54,0
-38,-32,0
-50,-64,0
-48,-45,0
-66,-47,0
-62,-36,0
-20,-38,0
-32,-30,0
-48,-47,0
-35,-64,0
-42,-24,0
-36,-40,0
-49,-38,0
-41,-22,0
-32,-55,0
-24,-51,0
-49,-55,0
-51,-60,0
-36,-49,0
-38,-43,0
-49,-55,0
-45,-19,0
-54,-21,0
-53,-33,0
-54,-58,0
-50,-21,0
-53,-52,0
-29,-34,0
-59,-27,0
-20,-37,0
-50,-39,0
-58,-49,0
-39,-30,0
-47,-28,0
-46,-66,0
-30,-51,0
-47,-67,0
-42,-38,0
-21,-53,0
-29,-38,0
-38,-24,0
-61,-26,0
-42,-64,0
-24,-27,0
-56,-33,0
-59,-61,0
-19,-50,0
-47,-47,0
-52,-59,0
-27,-41,0
-44,-37,0
-39,-63,0
-51,-53,0
-47,-21,0
-45,-42,0
-38,-50,0
-64,-32,0
-57,-40,0
-25,-36,0
-53,-20,0
-67,-43,0
-65,-44,0
-28,-49,0
-53,-62,0
-40,-58,0
-26,-50,0
-44,-47,0
-54,-41,0
-33,-40,0
-50,-50,0
-29,-28,0
-55,-51,0
-41,-26,0
-48,-32,0
-60,-59,0
-27,-34,0
-22,-48,0
-28,-30,0
-32,-51,0
-44,-62,0
-40,-31,0
-46,-25,0
-53,-54,0
-38,-19,0
-57,-51,0
-18,-45,0
-23,-39,0
-61,-27,0
-46,-62,0
-20,-34,0
-26,-24,0
-31,-54,0
-50,-63,0
-64,-48,0
-24,-32,0
-55,-21,0
-31,-56,0
-33,-33,0
-46,-53,0
-51,-51,0
-58,-40,0
-31,-48,0
-24,-34,0
-54,-43,0
-47,-40,0
-34,-50,0
-35,-55,0
-65,-46,0
-32,-29,0
-25,-50,0
-39,-67,0
-46,-57,0
-46,-22,0
-66,-38,0
-27,-26,0
-46,-35,0
-31,-38,0
-34,-39,0
-31,-38,0
-21,-40,0
-34,-62,0
-65,-44,0
-50,-19,0
-25,-52,0
-44,-49,0
-48,-43,0
-39,-61,0
-21,-37,0
