-53,30,1
-26,13,1
-47,26,1
-38,29,1
-43,19,1
-40,31,1
-33,41,1
-38,25,1
-13,43,1
-28,38,1
-49,30,1
-16,30,1
-25,44,1
-55,27,1
-38,55,1
-40,51,1
-33,28,1
-47,19,1
-44,27,1
-30,19,1
-14,40,1
-41,23,1
-27,58,1
-31,51,1
-39,43,1
-34,50,1
-56,36,1
-26,36,1
-45,14,1
-50,36,1
-24,28,1
-17,39,1
-38,45,1
-53,26,1
-41,50,1
-31,39,1
-32,56,1
-28,39,1
-52,49,1
-50,51,1
-56,24,1
-32,16,1
-38,25,1
-31,34,1
-36,36,1
-53,23,1
-47,17,1
-16,51,1
-47,26,1
-13,34,1
-31,44,1
-43,23,1
-32,31,1
-11,39,1
-28,12,1
-26,41,1
-50,46,1
-45,18,1
-15,43,1
-43,32,1
-34,24,1
-31,33,1
-22,52,1
-43,49,1
-32,43,1
-31,31,1
-35,23,1
-26,48,1
-20,40,1
-25,14,1
-36,34,1
-24,31,1
-29,34,1
-40,38,1
-44,31,1
-14,32,1
-31,16,1
-57,42,1
-46,28,1
-39,49,1
-22,17,1
-49,20,1
-40,35,1
-32,22,1
-42,35,1
-60,35,1
-16,26,1
-45,44,1
-50,27,1
-48,55,1
-24,46,1
-30,26,1
-25,52,1
-56,29,1
-58,40,1
-29,58,1
-35,36,1
-40,15,1
-18,50,1
-40,11,1
-50,38,1
-46,55,1
-17,30,1
-40,44,1
-36,18,1
-29,22,1
-34,34,1
-18,37,1
-34,34,1
-15,31,1
-52,52,1
-58,35,1
-15,28,1
-37,33,1
-56,23,1
-27,28,1
-30,42,1
-44,26,1
-36,22,1
-17,47,1
-34,36,1
-29,49,1
-40,17,1
-11,38,1
-42,32,1
-15,37,1
-13,27,1
-27,15,1
-43,54,1
-27,40,1
-31,17,1
-52,23,1
-56,35,1
-28,27,1
-32,56,1
-57,34,1
-37,28,1
-39,51,1
-37,28,1
-54,51,1
-28,34,1
-12,39,1
-22,44,1
-16,22,1
-47,38,1
-49,24,1
-37,45,1
-25,18,1
-53,40,1
-46,16,1
-18,28,1
-44,40,1
-20,47,1
-34,33,1
-30,23,1
-43,36,1
-17,52,1
-53,19,1
-47,43,1
-35,58,1
-22,40,1
-28,26,1
-60,37,1
-34,26,1
-29,30,1
-58,39,1
-44,14,1
-49,52,1
-42,51,1
-35,25,1
-57,33,1
-28,35,1
-39,54,1
-14,42,1
-35,44,1
-24,56,1
-12,34,1
-36,30,1
-29,43,1
-29,19,1
-33,11,1
-56,28,1
-36,30,1
-32,31,1
-29,40,1
-48,41,1
-27,37,1
-20,24,1
-20,44,1
-25,42,1
-25,17,1
-25,47,1
-55,46,1
-41,16,1
-19,25,1
-42,22,1
-23,32,1
-14,23,1
-54,51,1
-20,30,1
-38,22,1
-51,41,1
-15,44,1
-55,50,1
-32,29,1
-50,35,1
-51,39,1
-16,30,1
-31,41,1
-26,56,1
-18,19,1
-31,31,1
-38,54,1
-60,33,1
-48,49,1
-52,31,1
-38,31,1
-31,49,1
-57,29,1
-37,22,1
-19,29,1
-51,33,1
-29,42,1
-38,51,1
-31,30,1
-43,58,1
-38,13,1
-51,34,1
-58,33,1
-44,46,1
-32,16,1
-46,31,1
-44,36,1
-32,55,1
-35,38,1
-57,34,1
-55,37,1
-26,43,1
-32,28,1
-33,17,1
-52,41,1
-34,37,1
-29,25,1
-33,27,1
-48,17,1
-38,36,1
-43,36,1
-19,42,1
-25,33,1
-52,41,1
49,34,0
37,36,0
25,15,0
36,33,0
48,25,0
38,37,0
56,44,0
58,40,0
27,44,0
43,25,0
30,41,0
39,60,0
59,35,0
57,31,0
52,43,0
19,50,0
25,40,0
35,26,0
37,39,0
26,24,0
24,41,0
34,54,0
29,42,0
23,25,0
15,44,0
36,15,0
44,54,0
42,35,0
44,12,0
34,28,0
44,24,0
38,15,0
30,36,0
48,40,0
50,18,0
38,51,0
50,49,0
52,33,0
32,14,0
40,32,0
26,36,0
26,43,0
40,50,0
23,29,0
44,14,0
21,15,0
39,11,0
40,44,0
45,22,0
42,12,0
41,32,0
23,17,0
38,17,0
50,32,0
39,54,0
36,57,0
36,54,0
19,53,0
15,47,0
24,19,0
34,57,0
55,40,0
22,48,0
21,27,0
25,54,0
35,12,0
34,35,0
36,16,0
48,45,0
42,13,0
52,21,0
18,24,0
26,34,0
18,45,0
54,36,0
43,50,0
34,13,0
16,50,0
23,14,0
30,16,0
34,47,0
43,43,0
49,40,0
54,42,0
27,20,0
38,13,0
18,48,0
56,26,0
22,50,0
52,51,0
27,51,0
37,35,0
20,37,0
28,52,0
27,38,0
38,45,0
57,35,0
40,23,0
22,43,0
19,23,0
25,42,0
17,45,0
37,37,0
12,31,0
50,19,0
44,45,0
35,47,0
27,48,0
13,27,0
49,53,0
46,34,0
26,50,0
38,11,0
47,14,0
56,31,0
51,32,0
28,45,0
39,60,0
48,54,0
16,22,0
20,50,0
41,53,0
22,42,0
41,12,0
28,45,0
20,33,0
23,21,0
19,33,0
57,28,0
47,24,0
55,48,0
18,45,0
30,44,0
22,32,0
36,20,0
21,35,0
23,39,0
32,40,0
17,46,0
46,51,0
19,35,0
32,37,0
48,49,0
16,45,0
34,23,0
37,40,0
28,54,0
56,22,0
19,43,0
38,12,0
28,14,0
37,49,0
16,28,0
32,52,0
46,55,0
15,44,0
31,12,0
52,43,0
49,24,0
47,39,0
15,34,0
26,24,0
11,31,0
51,44,0
26,56,0
46,20,0
38,39,0
45,16,0
21,15,0
27,44,0
56,29,0
57,47,0
27,24,0
43,33,0
29,12,0
39,45,0
49,39,0
50,23,0
44,38,0
43,18,0
57,34,0
16,40,0
47,20,0
26,38,0
53,32,0
21,20,0
35,38,0
45,22,0
21,50,0
47,17,0
51,37,0
18,36,0
38,45,0
46,42,0
22,38,0
42,46,0
42,58,0
17,40,0
54,37,0
48,51,0
43,24,0
39,47,0
17,21,0
54,25,0
23,19,0
47,15,0
56,44,0
16,38,0
38,42,0
42,29,0
57,38,0
48,45,0
42,50,0
22,52,0
56,38,0
20,52,0
46,39,0
29,49,0
56,28,0
23,30,0
23,54,0
29,27,0
54,41,0
17,23,0
26,41,0
37,15,0
25,29,0
60,33,0
33,45,0
30,33,0
51,53,0
47,17,0
52,18,0
27,41,0
42,38,0
56,44,0
29,29,0
37,13,0
21,26,0
29,26,0
56,30,0
39,47,0
20,35,0
56,32,0
37,14,0
53,47,0
28,27,0
33,29,0
50,54,0
45,31,0
40,-55,1
49,-21,1
28,-16,1
48,-32,1
59,-43,1
26,-21,1
52,-42,1
52,-32,1
34,-21,1
54,-50,1
47,-35,1
20,-24,1
55,-34,1
46,-56,1
13,-40,1
35,-13,1
18,-33,1
55,-25,1
23,-41,1
41,-53,1
15,-43,1
16,-45,1
49,-31,1
24,-32,1
35,-59,1
18,-28,1
48,-50,1
54,-38,1
48,-31,1
60,-32,1
38,-55,1
53,-46,1
37,-16,1
25,-40,1
54,-23,1
34,-30,1
51,-19,1
26,-32,1
31,-43,1
41,-28,1
58,-34,1
51,-50,1
39,-59,1
38,-23,1
38,-30,1
30,-49,1
60,-33,1
41,-15,1
13,-28,1
36,-41,1
56,-41,1
23,-21,1
22,-51,1
45,-17,1
25,-19,1
13,-46,1
29,-41,1
41,-31,1
54,-22,1
53,-50,1
51,-48,1
24,-14,1
51,-24,1
39,-35,1
39,-44,1
58,-25,1
41,-38,1
32,-49,1
42,-38,1
33,-45,1
55,-22,1
34,-15,1
48,-39,1
18,-28,1
60,-34,1
36,-55,1
47,-37,1
46,-53,1
23,-14,1
17,-38,1
26,-51,1
39,-29,1
33,-57,1
35,-37,1
42,-51,1
26,-13,1
35,-11,1
36,-17,1
34,-54,1
13,-42,1
32,-58,1
21,-21,1
13,-44,1
18,-22,1
26,-56,1
38,-52,1
52,-38,1
28,-13,1
27,-35,1
43,-15,1
18,-41,1
32,-22,1
49,-38,1
54,-48,1
34,-59,1
49,-27,1
42,-33,1
51,-18,1
29,-25,1
15,-38,1
22,-36,1
32,-45,1
26,-52,1
47,-35,1
43,-57,1
28,-20,1
12,-31,1
40,-37,1
49,-21,1
49,-45,1
57,-44,1
19,-42,1
49,-46,1
44,-55,1
57,-26,1
31,-19,1
45,-29,1
38,-25,1
44,-16,1
35,-28,1
29,-35,1
32,-56,1
44,-51,1
16,-42,1
22,-17,1
28,-33,1
18,-35,1
20,-18,1
27,-52,1
26,-44,1
50,-35,1
53,-21,1
30,-39,1
28,-56,1
44,-54,1
12,-28,1
59,-39,1
54,-34,1
40,-25,1
58,-43,1
25,-13,1
13,-34,1
11,-31,1
51,-20,1
41,-39,1
44,-52,1
60,-33,1
25,-29,1
30,-57,1
30,-31,1
22,-44,1
35,-29,1
59,-31,1
55,-28,1
43,-35,1
34,-21,1
25,-52,1
52,-38,1
40,-17,1
28,-45,1
42,-25,1
30,-31,1
38,-53,1
39,-40,1
41,-51,1
44,-17,1
42,-50,1
14,-32,1
42,-37,1
36,-25,1
34,-34,1
50,-40,1
14,-25,1
40,-16,1
33,-45,1
53,-21,1
38,-45,1
50,-51,1
38,-27,1
32,-16,1
18,-18,1
26,-42,1
38,-26,1
40,-53,1
49,-45,1
54,-43,1
24,-17,1
24,-15,1
34,-30,1
56,-38,1
19,-54,1
25,-42,1
45,-18,1
46,-53,1
15,-42,1
46,-56,1
16,-51,1
53,-24,1
39,-35,1
45,-55,1
47,-27,1
52,-45,1
25,-50,1
22,-40,1
18,-30,1
27,-43,1
29,-37,1
16,-30,1
51,-54,1
50,-53,1
49,-20,1
27,-36,1
53,-45,1
25,-26,1
54,-19,1
16,-24,1
20,-46,1
20,-54,1
27,-53,1
35,-11,1
45,-16,1
50,-47,1
54,-34,1
16,-28,1
47,-27,1
48,-48,1
36,-22,1
21,-22,1
57,-31,1
23,-39,1
60,-37,1
32,-31,1
41,-13,1
16,-26,1
39,-24,1
16,-38,1
27,-45,1
37,-20,1
36,-23,1
27,-26,1
-39,-60,0
-48,-47,0
-40,-13,0
-31,-54,0
-49,-16,0
-38,-26,0
-56,-22,0
-49,-24,0
-15,-22,0
-44,-57,0
-35,-19,0
-57,-26,0
-48,-47,0
-52,-24,0
-47,-19,0
-41,-49,0
-55,-46,0
-33,-57,0
-47,-37,0
-25,-31,0
-13,-35,0
-48,-20,0
-25,-20,0
-46,-27,0
-17,-47,0
-40,-11,0
-36,-27,0
-32,-54,0
-49,-54,0
-19,-46,0
-26,-23,0
-44,-47,0
-46,-42,0
-56,-31,0
-52,-45,0
-52,-35,0
-23,-23,0
-22,-51,0
-11,-37,0
-25,-38,0
-30,-48,0
-27,-32,0
-40,-55,0
-30,-57,0
-19,-39,0
-14,-39,0
-34,-39,0
-44,-47,0
-29,-19,0
-44,-37,0
-31,-14,0
-24,-39,0
-17,-22,0
-53,-23,0
-54,-19,0
-35,-42,0
-18,-52,0
-30,-58,0
-17,-21,0
-29,-48,0
-47,-35,0
-48,-53,0
-31,-46,0
-54,-49,0
-57,-31,0
-54,-48,0
-20,-41,0
-20,-40,0
-56,-45,0
-39,-60,0
-44,-19,0
-52,-23,0
-30,-40,0
-32,-60,0
-58,-29,0
-27,-34,0
-14,-37,0
-25,-36,0
-34,-53,0
-29,-30,0
-56,-46,0
-19,-45,0
-58,-30,0
-31,-56,0
-48,-35,0
-22,-19,0
-49,-32,0
-49,-50,0
-40,-17,0
-32,-60,0
-29,-23,0
-38,-22,0
-29,-44,0
-47,-38,0
-46,-20,0
-55,-38,0
-36,-49,0
-23,-54,0
-26,-47,0
-13,-28,0
-44,-19,0
-26,-22,0
-46,-52,0
-56,-31,0
-27,-43,0
-29,-34,0
-17,-39,0
-53,-25,0
-58,-31,0
-40,-53,0
-38,-55,0
-50,-23,0
-28,-16,0
-54,-30,0
-35,-48,0
-11,-38,0
-42,-24,0
-35,-21,0
-57,-27,0
-58,-34,0
-46,-16,0
-38,-32,0
-26,-27,0
-46,-42,0
-37,-36,0
-19,-31,0
-46,-22,0
-44,-40,0
-49,-27,0
-15,-44,0
-39,-39,0
-44,-43,0
-34,-26,0
-17,-27,0
-29,-12,0
-12,-28,0
-36,-53,0
-29,-55,0
-32,-40,0
-12,-29,0
-28,-33,0
-13,-33,0
-21,-40,0
-41,-16,0
-14,-47,0
-53,-28,0
-44,-31,0
-51,-26,0
-41,-51,0
-22,-38,0
-26,-53,0
-28,-50,0
-50,-16,0
-27,-14,0
-47,-39,0
-39,-17,0
-50,-42,0
-44,-36,0
-54,-33,0
-17,-21,0
-56,-24,0
-36,-46,0
-48,-32,0
-17,-29,0
-34,-22,0
-32,-24,0
-37,-60,0
-46,-18,0
-48,-28,0
-32,-19,0
-43,-15,0
-18,-35,0
-30,-42,0
-41,-22,0
-43,-37,0
-45,-42,0
-55,-47,0
-21,-23,0
-29,-25,0
-24,-55,0
-33,-35,0
-19,-19,0
-43,-47,0
-18,-21,0
-49,-54,0
-23,-46,0
-36,-33,0
-20,-25,0
-32,-35,0
-53,-23,0
-27,-58,0
-25,-25,0
-30,-38,0
-13,-35,0
-47,-31,0
-48,-19,0
-25,-36,0
-42,-27,0
-52,-24,0
-41,-40,0
-40,-34,0
-57,-40,0
-40,-58,0
-49,-16,0
-54,-46,0
-25,-24,0
-19,-37,0
-44,-38,0
-33,-27,0
-45,-33,0
-59,-31,0
-35,-57,0
-31,-38,0
-30,-44,0
-39,-57,0
-49,-53,0
-33,-27,0
-14,-43,0
-28,-26,0
-29,-39,0
-53,-52,0
-52,-47,0
-27,-43,0
-54,-48,0
-37,-12,0
-15,-31,0
-12,-29,0
-51,-33,0
-56,-49,0
-28,-39,0
-22,-21,0
-22,-17,0
-36,-30,0
-39,-37,0
-42,-52,0
-31,-43,0
-39,-59,0
-16,-51,0
-16,-41,0
-23,-18,0
-49,-54,0
-50,-55,0
-23,-22,0
-35,-23,0
-48,-56,0
-18,-52,0
-19,-43,0
-26,-17,0
-22,-44,0
-38,-35,0
