-45,13,1
-46,54,1
-31,23,1
-33,14,1
-14,28,1
-56,48,1
-23,17,1
-25,26,1
-32,36,1
-53,31,1
-20,32,1
-17,31,1
-49,21,1
-17,23,1
-27,52,1
-41,53,1
-16,41,1
-18,44,1
-55,29,1
-40,37,1
-57,25,1
-40,23,1
-41,57,1
-40,58,1
-29,16,1
-25,42,1
-13,28,1
-33,51,1
-31,56,1
-40,31,1
-56,33,1
-50,40,1
-40,27,1
-33,41,1
-41,50,1
-40,13,1
-26,50,1
-39,12,1
-30,44,1
-19,32,1
-39,33,1
-41,22,1
-39,38,1
-34,21,1
-37,52,1
-34,11,1
-41,26,1
-40,23,1
-27,15,1
-59,32,1
-29,17,1
-38,11,1
-55,36,1
-25,43,1
-35,60,1
-20,29,1
-47,47,1
-25,54,1
-39,41,1
-19,27,1
-34,49,1
-20,31,1
-13,31,1
-16,32,1
-46,33,1
-39,30,1
-42,20,1
-47,20,1
-42,23,1
-11,30,1
-48,28,1
-44,38,1
-57,37,1
-18,22,1
-33,53,1
-22,28,1
-35,28,1
-12,40,1
-32,41,1
-39,22,1
-59,35,1
-19,30,1
-36,41,1
-43,52,1
-42,36,1
-48,40,1
-58,43,1
-49,27,1
-43,42,1
-26,46,1
-50,30,1
-24,42,1
-44,18,1
-25,20,1
-22,56,1
-41,43,1
-30,18,1
-33,46,1
-14,29,1
-26,45,1
-21,46,1
-54,40,1
-58,26,1
-30,19,1
-21,17,1
-30,34,1
-24,19,1
-47,29,1
-38,26,1
-44,51,1
-26,47,1
-52,18,1
-25,35,1
-37,21,1
-41,38,1
-21,36,1
-41,52,1
-51,44,1
-40,32,1
-49,20,1
-57,46,1
-57,47,1
-43,20,1
-33,39,1
-49,42,1
-37,33,1
-12,31,1
-19,37,1
-30,59,1
-46,49,1
-13,35,1
-19,30,1
-48,14,1
-47,52,1
-17,40,1
-14,37,1
-27,54,1
-55,38,1
-16,22,1
-59,32,1
-29,52,1
-53,19,1
-38,43,1
-26,19,1
-38,36,1
-25,50,1
-56,31,1
-43,17,1
-16,39,1
-15,36,1
-45,23,1
-27,57,1
-27,25,1
-43,26,1
-43,27,1
-31,51,1
-36,36,1
-46,24,1
-28,32,1
-53,26,1
-39,44,1
-40,33,1
-46,24,1
-50,46,1
-36,42,1
-33,38,1
-56,33,1
-19,52,1
-22,15,1
-40,29,1
-17,31,1
-56,36,1
-59,28,1
-34,32,1
-58,29,1
-43,22,1
-51,17,1
-37,26,1
-21,18,1
-21,18,1
-11,33,1
-42,20,1
-33,42,1
-16,33,1
-11,34,1
-46,42,1
-15,21,1
-45,48,1
-52,51,1
-56,32,1
-42,25,1
-34,42,1
-31,42,1
-46,23,1
-13,41,1
-30,23,1
-48,48,1
-48,37,1
-27,26,1
-38,30,1
-47,16,1
-23,27,1
-54,49,1
-20,54,1
-28,27,1
-42,15,1
-45,21,1
-40,17,1
-38,20,1
-17,33,1
-35,54,1
-12,30,1
-26,17,1
-26,55,1
-35,26,1
-24,37,1
-60,36,1
-31,38,1
-38,39,1
-34,14,1
-53,19,1
-34,55,1
-23,34,1
-25,50,1
-20,28,1
-51,30,1
-16,37,1
-41,37,1
-28,13,1
-33,33,1
-27,39,1
-49,53,1
-43,14,1
-47,32,1
-37,24,1
-29,25,1
-28,21,1
-22,56,1
-19,26,1
-55,21,1
-49,52,1
-12,31,1
-37,35,1
-23,35,1
-13,40,1
-28,50,1
-37,41,1
-40,28,1
-47,33,1
-21,18,1
44,27,0
37,40,0
12,35,0
37,49,0
34,12,0
46,39,0
52,29,0
34,32,0
25,15,0
14,45,0
49,24,0
33,18,0
23,46,0
17,19,0
25,57,0
50,33,0
51,21,0
11,33,0
56,30,0
34,55,0
41,25,0
47,22,0
17,22,0
36,53,0
24,41,0
25,34,0
23,57,0
42,56,0
47,32,0
12,39,0
44,39,0
30,43,0
57,37,0
51,20,0
44,39,0
57,33,0
37,23,0
49,31,0
50,22,0
22,41,0
43,22,0
24,32,0
37,15,0
44,33,0
35,38,0
24,22,0
14,34,0
26,54,0
13,36,0
18,29,0
12,38,0
50,55,0
41,19,0
51,43,0
39,49,0
52,20,0
50,25,0
21,51,0
58,28,0
14,24,0
40,32,0
49,50,0
48,25,0
35,34,0
20,44,0
48,24,0
49,39,0
29,49,0
31,34,0
46,51,0
43,48,0
43,21,0
37,49,0
32,35,0
15,24,0
33,33,0
53,38,0
19,53,0
40,14,0
37,56,0
21,41,0
48,52,0
50,17,0
22,37,0
30,11,0
24,49,0
42,30,0
23,23,0
46,16,0
39,18,0
17,43,0
51,52,0
25,39,0
40,20,0
46,14,0
46,46,0
41,20,0
58,37,0
56,35,0
25,54,0
27,39,0
43,23,0
37,15,0
38,28,0
59,38,0
39,59,0
50,30,0
33,36,0
13,35,0
36,30,0
19,29,0
46,13,0
35,41,0
34,17,0
17,25,0
20,43,0
30,43,0
53,38,0
59,39,0
46,21,0
41,59,0
53,46,0
34,34,0
16,35,0
23,39,0
23,46,0
41,26,0
25,37,0
25,34,0
35,51,0
41,52,0
43,15,0
44,28,0
54,49,0
18,21,0
31,52,0
38,41,0
49,31,0
19,42,0
58,27,0
41,20,0
30,21,0
50,42,0
31,52,0
26,50,0
30,46,0
41,47,0
55,41,0
46,48,0
54,25,0
33,17,0
59,36,0
17,33,0
33,19,0
50,48,0
24,44,0
18,20,0
43,30,0
40,25,0
41,19,0
27,34,0
53,39,0
28,26,0
37,48,0
28,50,0
47,31,0
36,51,0
17,36,0
15,33,0
28,56,0
21,41,0
23,20,0
35,23,0
19,53,0
50,30,0
45,39,0
48,20,0
51,26,0
30,34,0
38,16,0
30,22,0
40,42,0
43,23,0
28,28,0
43,59,0
16,27,0
41,31,0
59,29,0
40,41,0
19,40,0
45,23,0
23,50,0
47,33,0
51,46,0
14,37,0
30,42,0
57,32,0
52,30,0
37,49,0
43,57,0
39,57,0
14,41,0
19,22,0
57,47,0
45,23,0
20,55,0
22,54,0
26,54,0
18,27,0
48,28,0
52,47,0
55,24,0
29,33,0
25,15,0
18,50,0
40,16,0
55,40,0
29,14,0
18,34,0
46,56,0
55,26,0
48,24,0
47,35,0
21,53,0
34,13,0
49,35,0
42,26,0
23,44,0
29,52,0
19,50,0
46,21,0
49,33,0
44,28,0
48,30,0
28,13,0
47,22,0
27,30,0
42,53,0
32,26,0
41,57,0
38,24,0
43,40,0
26,38,0
42,39,0
49,30,0
16,46,0
33,49,0
27,53,0
50,25,0
23,18,0
50,-18,1
51,-36,1
24,-39,1
28,-58,1
51,-26,1
49,-40,1
50,-16,1
40,-39,1
21,-21,1
41,-20,1
31,-51,1
45,-19,1
33,-44,1
37,-57,1
23,-14,1
50,-24,1
20,-20,1
46,-20,1
30,-55,1
19,-28,1
53,-50,1
24,-27,1
48,-15,1
53,-53,1
27,-50,1
46,-29,1
41,-53,1
27,-55,1
47,-21,1
46,-27,1
50,-40,1
34,-46,1
53,-32,1
51,-40,1
48,-25,1
58,-34,1
45,-37,1
36,-14,1
40,-47,1
26,-54,1
50,-18,1
48,-18,1
25,-55,1
38,-59,1
18,-37,1
26,-26,1
26,-54,1
19,-49,1
13,-33,1
35,-15,1
28,-58,1
31,-17,1
52,-26,1
40,-21,1
42,-48,1
15,-37,1
55,-44,1
36,-51,1
32,-13,1
28,-39,1
18,-36,1
46,-51,1
49,-26,1
15,-44,1
34,-52,1
46,-19,1
38,-48,1
20,-24,1
26,-46,1
17,-52,1
38,-32,1
46,-41,1
34,-26,1
28,-16,1
41,-22,1
29,-37,1
46,-19,1
26,-14,1
41,-28,1
47,-31,1
23,-42,1
40,-35,1
30,-22,1
28,-44,1
19,-21,1
45,-28,1
27,-24,1
48,-45,1
50,-17,1
46,-17,1
33,-19,1
41,-35,1
47,-42,1
23,-31,1
28,-23,1
46,-16,1
29,-42,1
40,-46,1
41,-33,1
23,-48,1
35,-33,1
11,-30,1
46,-26,1
44,-32,1
49,-34,1
48,-17,1
42,-32,1
22,-18,1
52,-21,1
24,-33,1
25,-31,1
37,-13,1
29,-29,1
24,-33,1
43,-51,1
49,-30,1
17,-43,1
29,-35,1
28,-46,1
49,-42,1
33,-50,1
42,-49,1
40,-44,1
52,-27,1
27,-50,1
32,-20,1
49,-42,1
39,-24,1
25,-35,1
26,-40,1
40,-15,1
40,-16,1
15,-22,1
19,-52,1
46,-23,1
42,-39,1
29,-52,1
45,-18,1
19,-28,1
35,-27,1
55,-22,1
25,-37,1
50,-22,1
43,-54,1
22,-53,1
23,-14,1
38,-37,1
32,-37,1
41,-18,1
33,-47,1
19,-18,1
47,-48,1
60,-33,1
11,-37,1
53,-19,1
33,-42,1
17,-29,1
13,-42,1
35,-39,1
33,-38,1
36,-60,1
41,-52,1
16,-29,1
55,-45,1
55,-33,1
48,-26,1
54,-28,1
44,-39,1
31,-47,1
42,-27,1
40,-28,1
43,-45,1
52,-37,1
39,-15,1
45,-53,1
52,-41,1
24,-22,1
22,-28,1
43,-46,1
49,-27,1
22,-43,1
23,-32,1
51,-34,1
22,-55,1
24,-34,1
49,-15,1
30,-11,1
21,-17,1
45,-48,1
43,-52,1
52,-21,1
37,-34,1
16,-30,1
38,-45,1
32,-54,1
35,-45,1
55,-25,1
28,-37,1
55,-39,1
38,-46,1
23,-28,1
46,-24,1
39,-41,1
52,-51,1
40,-49,1
30,-17,1
43,-26,1
47,-48,1
44,-45,1
54,-48,1
25,-27,1
35,-23,1
56,-30,1
36,-49,1
58,-25,1
19,-30,1
37,-53,1
45,-56,1
19,-54,1
18,-40,1
29,-15,1
28,-48,1
57,-27,1
30,-30,1
18,-31,1
60,-34,1
27,-23,1
37,-33,1
38,-13,1
60,-33,1
21,-48,1
16,-32,1
36,-15,1
55,-50,1
44,-28,1
42,-44,1
31,-20,1
56,-31,1
42,-55,1
51,-32,1
33,-28,1
60,-38,1
19,-25,1
20,-19,1
36,-53,1
15,-27,1
49,-46,1
28,-28,1
45,-13,1
42,-27,1
-40,-57,0
-38,-56,0
-23,-36,0
-42,-57,0
-36,-37,0
-55,-36,0
-39,-19,0
-29,-33,0
-43,-37,0
-46,-44,0
-48,-52,0
-41,-25,0
-35,-41,0
-34,-17,0
-45,-38,0
-33,-19,0
-15,-30,0
-14,-37,0
-19,-52,0
-59,-30,0
-20,-39,0
-49,-17,0
-39,-36,0
-52,-19,0
-46,-57,0
-41,-36,0
-45,-58,0
-50,-36,0
-26,-13,0
-42,-28,0
-55,-30,0
-28,-45,0
-38,-24,0
-14,-45,0
-46,-17,0
-58,-32,0
-39,-12,0
-36,-53,0
-23,-52,0
-48,-56,0
-34,-45,0
-37,-56,0
-17,-37,0
-42,-15,0
-24,-33,0
-27,-22,0
-17,-19,0
-38,-31,0
-37,-16,0
-25,-44,0
-50,-54,0
-32,-59,0
-40,-54,0
-20,-22,0
-25,-33,0
-14,-38,0
-45,-36,0
-57,-31,0
-57,-42,0
-26,-51,0
-43,-37,0
-46,-39,0
-16,-46,0
-52,-21,0
-39,-58,0
-45,-33,0
-16,-23,0
-18,-37,0
-45,-45,0
-32,-33,0
-13,-45,0
-24,-20,0
-53,-25,0
-34,-17,0
-31,-56,0
-55,-44,0
-52,-54,0
-17,-46,0
-20,-49,0
-52,-35,0
-28,-49,0
-26,-56,0
-51,-31,0
-40,-50,0
-32,-26,0
-15,-39,0
-26,-32,0
-24,-32,0
-28,-46,0
-33,-45,0
-50,-36,0
-31,-24,0
-53,-32,0
-40,-41,0
-19,-45,0
-39,-59,0
-22,-46,0
-45,-29,0
-31,-15,0
-29,-32,0
-42,-40,0
-13,-42,0
-33,-39,0
-36,-28,0
-34,-54,0
-47,-29,0
-55,-50,0
-48,-40,0
-40,-46,0
-55,-38,0
-30,-53,0
-41,-53,0
-49,-35,0
-19,-20,0
-33,-29,0
-36,-20,0
-13,-39,0
-44,-35,0
-22,-49,0
-53,-53,0
-46,-54,0
-42,-39,0
-53,-20,0
-28,-20,0
-32,-39,0
-29,-27,0
-39,-26,0
-58,-26,0
-26,-50,0
-59,-28,0
-23,-37,0
-41,-43,0
-29,-14,0
-17,-30,0
-28,-21,0
-27,-39,0
-30,-53,0
-26,-21,0
-35,-58,0
-47,-16,0
-50,-28,0
-27,-37,0
-36,-46,0
-39,-29,0
-36,-45,0
-43,-43,0
-33,-20,0
-46,-30,0
-45,-55,0
-45,-39,0
-58,-40,0
-40,-57,0
-38,-43,0
-46,-48,0
-46,-17,0
-26,-53,0
-15,-45,0
-42,-12,0
-32,-59,0
-34,-44,0
-45,-38,0
-22,-20,0
-22,-43,0
-57,-41,0
-50,-38,0
-56,-23,0
-16,-49,0
-49,-46,0
-37,-57,0
-20,-43,0
-25,-29,0
-35,-19,0
-22,-38,0
-18,-48,0
-28,-28,0
-23,-15,0
-35,-39,0
-48,-46,0
-41,-54,0
-43,-36,0
-17,-40,0
-44,-37,0
-32,-34,0
-52,-49,0
-23,-56,0
-43,-38,0
-32,-57,0
-45,-53,0
-46,-15,0
-29,-14,0
-46,-33,0
-38,-19,0
-22,-16,0
-51,-50,0
-36,-39,0
-25,-43,0
-27,-51,0
-47,-41,0
-44,-28,0
-32,-52,0
-33,-31,0
-56,-44,0
-26,-15,0
-24,-37,0
-51,-25,0
-15,-33,0
-22,-26,0
-24,-24,0
-30,-55,0
-58,-26,0
-46,-40,0
-29,-53,0
-54,-50,0
-45,-43,0
-23,-26,0
-33,-54,0
-38,-27,0
-47,-35,0
-49,-32,0
-36,-29,0
-45,-31,0
-15,-28,0
-56,-27,0
-17,-23,0
-19,-20,0
-30,-51,0
-51,-27,0
-29,-48,0
-38,-60,0
-14,-44,0
-40,-38,0
-30,-16,0
-60,-36,0
-30,-21,0
-37,-17,0
-41,-41,0
-33,-37,0
-34,-27,0
-17,-32,0
-27,-51,0
-30,-54,0
-43,-20,0
-48,-39,0
-21,-44,0
-27,-13,0
-54,-33,0
-42,-27,0
-50,-34,0
-27,-22,0
-12,-42,0
