-51,26,1
-22,53,1
-51,42,1
-36,17,1
-38,39,1
-20,46,1
-32,39,1
-41,28,1
-26,30,1
-26,33,1
-37,29,1
-40,36,1
-28,31,1
-15,42,1
-22,35,1
-38,52,1
-43,17,1
-19,20,1
-34,42,1
-49,17,1
-24,25,1
-37,47,1
-24,19,1
-29,34,1
-22,35,1
-32,49,1
-27,30,1
-33,42,1
-53,44,1
-59,31,1
-13,36,1
-22,44,1
-47,22,1
-33,28,1
-47,24,1
-23,54,1
-22,27,1
-20,19,1
-34,17,1
-19,49,1
-27,40,1
-40,19,1
-41,27,1
-36,53,1
-38,34,1
-24,30,1
-35,31,1
-42,53,1
-44,49,1
-40,37,1
-33,49,1
-20,47,1
-50,19,1
-40,15,1
-32,32,1
-43,42,1
-35,32,1
-14,25,1
-51,47,1
-16,45,1
-41,24,1
-43,36,1
-38,39,1
-41,53,1
-26,37,1
-36,54,1
-28,24,1
-33,31,1
-23,53,1
-35,53,1
-44,25,1
-38,37,1
-23,51,1
-37,37,1
-39,30,1
-24,36,1
-38,19,1
-32,35,1
-29,24,1
-35,32,1
-31,34,1
-18,22,1
-45,58,1
-43,53,1
-56,22,1
-22,52,1
-45,28,1
-26,58,1
-39,24,1
-28,50,1
-24,34,1
-27,19,1
-32,12,1
-28,54,1
-49,31,1
-23,43,1
-41,40,1
-53,37,1
-48,20,1
-38,54,1
-54,50,1
-11,31,1
-31,38,1
-29,49,1
-52,32,1
-35,27,1
-31,21,1
-36,46,1
-31,50,1
-29,30,1
-18,20,1
-22,47,1
-24,42,1
-59,29,1
-36,32,1
-45,36,1
-49,43,1
-39,17,1
-22,35,1
-55,42,1
-19,18,1
-21,39,1
-19,20,1
-26,26,1
-12,37,1
-45,33,1
-48,42,1
-15,45,1
-33,48,1
-28,34,1
-23,45,1
-34,53,1
-52,51,1
-25,15,1
-36,54,1
-26,56,1
-56,25,1
-36,20,1
-52,18,1
-26,26,1
-24,29,1
-16,21,1
-37,29,1
-43,42,1
-52,41,1
-16,41,1
-52,21,1
-14,23,1
-45,20,1
-31,14,1
-20,45,1
-13,35,1
-20,44,1
-40,22,1
-40,59,1
-38,11,1
-51,36,1
-12,36,1
-41,51,1
-42,26,1
-57,37,1
-32,54,1
-35,22,1
-54,24,1
-31,38,1
-42,46,1
-58,32,1
-59,37,1
-34,60,1
-19,51,1
-17,34,1
-30,46,1
-36,52,1
-17,29,1
-18,35,1
-33,51,1
-22,49,1
-19,20,1
-38,11,1
-29,47,1
-23,28,1
-57,38,1
-42,33,1
-53,50,1
-49,45,1
-24,20,1
-32,59,1
-36,53,1
-52,24,1
-48,35,1
-41,22,1
-21,44,1
-52,40,1
-48,54,1
-18,32,1
-50,34,1
-54,42,1
-21,36,1
-30,26,1
-25,17,1
-41,12,1
-43,52,1
-17,47,1
-37,40,1
-42,21,1
-29,28,1
-40,24,1
-24,57,1
-53,18,1
-31,25,1
-43,32,1
-52,43,1
-48,23,1
-29,49,1
-29,52,1
-35,31,1
-23,33,1
-12,28,1
-52,28,1
-30,29,1
-49,40,1
-42,30,1
-16,33,1
-22,40,1
-30,13,1
-44,45,1
-36,52,1
-55,24,1
-35,30,1
-18,47,1
-47,57,1
-26,38,1
-42,16,1
-17,24,1
-52,28,1
-36,58,1
-48,38,1
-12,33,1
-39,20,1
-38,50,1
-12,38,1
-44,58,1
-39,51,1
-22,33,1
-25,20,1
-47,30,1
-32,33,1
-56,29,1
-56,35,1
-34,46,1
35,53,0
44,25,0
25,40,0
26,38,0
43,42,0
30,34,0
36,30,0
25,51,0
37,59,0
28,24,0
47,57,0
40,31,0
17,42,0
50,42,0
18,35,0
41,53,0
29,21,0
12,37,0
29,25,0
42,29,0
25,32,0
36,40,0
15,25,0
27,46,0
27,29,0
22,23,0
26,48,0
37,45,0
35,39,0
48,41,0
40,56,0
13,39,0
55,44,0
50,17,0
30,38,0
38,18,0
53,33,0
44,35,0
51,42,0
18,53,0
36,51,0
60,35,0
32,26,0
42,52,0
28,24,0
51,24,0
49,33,0
40,13,0
31,14,0
47,41,0
33,14,0
24,36,0
54,47,0
39,43,0
17,44,0
35,40,0
40,23,0
16,37,0
54,21,0
30,32,0
31,50,0
28,35,0
20,33,0
58,45,0
53,38,0
13,38,0
28,37,0
42,23,0
25,35,0
31,14,0
19,21,0
55,47,0
55,39,0
38,59,0
22,36,0
48,46,0
55,36,0
36,30,0
49,26,0
30,49,0
27,58,0
57,44,0
43,28,0
19,27,0
44,37,0
49,51,0
15,28,0
25,45,0
49,47,0
40,51,0
18,39,0
37,43,0
47,46,0
39,27,0
46,18,0
36,55,0
15,45,0
59,32,0
48,39,0
19,27,0
29,46,0
24,25,0
49,55,0
41,25,0
54,38,0
27,14,0
38,49,0
45,29,0
22,20,0
54,51,0
31,40,0
21,28,0
37,17,0
40,25,0
26,46,0
27,13,0
53,46,0
16,45,0
21,55,0
46,42,0
40,21,0
45,45,0
12,33,0
60,34,0
17,21,0
56,31,0
41,33,0
13,46,0
24,32,0
31,30,0
59,36,0
45,30,0
46,33,0
44,25,0
35,34,0
36,49,0
30,21,0
50,18,0
25,31,0
29,17,0
30,58,0
44,53,0
43,31,0
57,35,0
41,53,0
32,54,0
47,38,0
44,49,0
42,29,0
28,38,0
17,50,0
49,25,0
37,33,0
30,41,0
52,49,0
18,36,0
38,55,0
12,33,0
35,37,0
42,30,0
48,49,0
21,18,0
25,27,0
26,36,0
24,55,0
16,29,0
36,29,0
43,22,0
29,20,0
47,24,0
49,44,0
35,16,0
32,57,0
36,43,0
29,23,0
12,32,0
40,44,0
54,33,0
12,32,0
59,34,0
26,23,0
31,16,0
50,46,0
60,33,0
21,36,0
22,19,0
24,53,0
21,24,0
41,55,0
40,42,0
33,44,0
23,30,0
20,29,0
59,32,0
31,59,0
34,32,0
32,56,0
34,15,0
23,24,0
26,34,0
16,21,0
14,28,0
48,24,0
26,39,0
28,45,0
31,25,0
44,46,0
58,32,0
50,29,0
37,51,0
38,44,0
47,39,0
25,17,0
24,22,0
32,45,0
54,44,0
21,40,0
30,28,0
22,23,0
26,53,0
27,19,0
13,26,0
58,35,0
29,57,0
25,34,0
35,54,0
42,22,0
55,20,0
30,19,0
30,12,0
53,47,0
31,41,0
49,37,0
47,44,0
57,26,0
17,42,0
16,20,0
37,15,0
58,33,0
32,15,0
31,18,0
38,59,0
39,16,0
45,45,0
12,42,0
24,24,0
37,57,0
50,51,0
33,34,0
49,25,0
28,-44,1
42,-41,1
26,-27,1
20,-32,1
23,-25,1
24,-34,1
19,-27,1
20,-17,1
30,-44,1
14,-46,1
52,-42,1
41,-56,1
55,-30,1
35,-44,1
47,-41,1
42,-46,1
58,-33,1
42,-52,1
60,-38,1
45,-26,1
51,-51,1
33,-11,1
46,-18,1
41,-54,1
31,-17,1
18,-33,1
33,-13,1
30,-12,1
22,-25,1
49,-27,1
50,-21,1
18,-40,1
36,-17,1
43,-19,1
28,-20,1
54,-24,1
16,-49,1
38,-20,1
13,-41,1
24,-15,1
46,-54,1
45,-36,1
32,-48,1
25,-58,1
24,-41,1
28,-41,1
35,-39,1
25,-46,1
37,-15,1
53,-30,1
46,-35,1
60,-33,1
34,-18,1
29,-45,1
47,-46,1
54,-23,1
47,-30,1
34,-42,1
35,-38,1
34,-20,1
49,-48,1
28,-34,1
31,-18,1
51,-43,1
32,-23,1
25,-51,1
33,-59,1
42,-47,1
34,-15,1
19,-32,1
35,-15,1
27,-49,1
47,-46,1
22,-45,1
33,-48,1
34,-16,1
44,-14,1
18,-38,1
34,-54,1
33,-36,1
21,-36,1
28,-43,1
28,-17,1
29,-45,1
16,-27,1
31,-36,1
28,-32,1
33,-23,1
15,-34,1
30,-45,1
44,-48,1
13,-26,1
15,-33,1
17,-31,1
22,-55,1
46,-16,1
30,-58,1
24,-43,1
50,-40,1
54,-49,1
21,-54,1
24,-27,1
27,-19,1
47,-51,1
25,-56,1
49,-47,1
36,-24,1
37,-21,1
40,-12,1
24,-37,1
18,-35,1
34,-55,1
26,-56,1
42,-56,1
27,-38,1
32,-52,1
39,-19,1
45,-24,1
32,-29,1
39,-60,1
11,-34,1
35,-38,1
20,-39,1
18,-34,1
31,-21,1
40,-33,1
23,-26,1
18,-27,1
45,-28,1
40,-46,1
54,-38,1
49,-27,1
50,-49,1
18,-51,1
48,-47,1
44,-50,1
39,-26,1
27,-18,1
49,-45,1
32,-54,1
50,-44,1
36,-18,1
40,-42,1
38,-41,1
21,-37,1
23,-23,1
47,-51,1
40,-21,1
29,-12,1
33,-32,1
20,-44,1
58,-26,1
17,-26,1
48,-53,1
54,-42,1
19,-26,1
35,-51,1
33,-38,1
53,-30,1
37,-28,1
40,-51,1
34,-46,1
32,-27,1
48,-47,1
57,-29,1
46,-13,1
24,-36,1
19,-25,1
26,-30,1
31,-58,1
48,-28,1
60,-38,1
49,-47,1
55,-43,1
24,-26,1
44,-35,1
27,-50,1
57,-39,1
25,-35,1
34,-45,1
25,-39,1
47,-49,1
31,-14,1
12,-29,1
54,-41,1
20,-28,1
40,-48,1
59,-38,1
35,-52,1
40,-46,1
21,-30,1
17,-33,1
45,-57,1
16,-25,1
39,-12,1
48,-16,1
17,-25,1
19,-30,1
19,-27,1
37,-20,1
44,-28,1
14,-41,1
19,-36,1
48,-41,1
15,-41,1
12,-41,1
41,-24,1
36,-46,1
49,-39,1
42,-20,1
52,-23,1
30,-47,1
36,-53,1
20,-49,1
43,-14,1
34,-29,1
52,-53,1
43,-31,1
37,-50,1
33,-30,1
40,-30,1
42,-32,1
44,-24,1
20,-19,1
50,-44,1
50,-37,1
23,-40,1
36,-20,1
44,-54,1
24,-36,1
44,-23,1
55,-25,1
35,-54,1
45,-30,1
13,-46,1
41,-35,1
40,-27,1
55,-49,1
54,-28,1
17,-25,1
40,-54,1
32,-54,1
58,-25,1
25,-15,1
41,-58,1
49,-42,1
41,-27,1
40,-27,1
21,-50,1
20,-53,1
-11,-32,0
-18,-19,0
-50,-53,0
-42,-22,0
-22,-31,0
-40,-39,0
-47,-40,0
-43,-40,0
-52,-39,0
-35,-31,0
-43,-59,0
-32,-18,0
-32,-59,0
-43,-18,0
-55,-39,0
-44,-43,0
-30,-47,0
-31,-30,0
-23,-46,0
-48,-56,0
-21,-30,0
-44,-24,0
-17,-27,0
-39,-12,0
-37,-20,0
-41,-35,0
-46,-14,0
-43,-20,0
-17,-31,0
-50,-20,0
-41,-55,0
-50,-52,0
-30,-41,0
-21,-38,0
-53,-27,0
-24,-14,0
-32,-45,0
-53,-24,0
-43,-43,0
-57,-34,0
-27,-31,0
-21,-38,0
-56,-28,0
-45,-53,0
-52,-24,0
-43,-56,0
-53,-33,0
-15,-29,0
-21,-42,0
-25,-46,0
-40,-56,0
-43,-44,0
-45,-40,0
-44,-29,0
-15,-42,0
-55,-38,0
-42,-53,0
-39,-17,0
-34,-28,0
-52,-18,0
-40,-49,0
-57,-32,0
-34,-54,0
-24,-44,0
-32,-16,0
-24,-33,0
-53,-28,0
-27,-32,0
-31,-24,0
-36,-56,0
-25,-34,0
-23,-31,0
-48,-37,0
-38,-24,0
-40,-24,0
-15,-31,0
-45,-22,0
-45,-19,0
-33,-50,0
-45,-24,0
-54,-50,0
-24,-43,0
-33,-58,0
-18,-42,0
-41,-12,0
-12,-35,0
-49,-23,0
-45,-39,0
-19,-24,0
-21,-49,0
-56,-45,0
-41,-17,0
-25,-35,0
-46,-30,0
-19,-54,0
-41,-34,0
-35,-50,0
-34,-26,0
-13,-30,0
-43,-50,0
-28,-58,0
-17,-32,0
-29,-29,0
-23,-37,0
-16,-24,0
-27,-58,0
-21,-54,0
-50,-36,0
-49,-29,0
-26,-48,0
-31,-24,0
-47,-28,0
-30,-32,0
-49,-46,0
-19,-47,0
-50,-19,0
-28,-56,0
-13,-39,0
-56,-45,0
-40,-41,0
-48,-24,0
-39,-45,0
-39,-19,0
-28,-14,0
-35,-53,0
-16,-30,0
-52,-21,0
-14,-38,0
-27,-17,0
-48,-56,0
-41,-52,0
-31,-25,0
-16,-35,0
-45,-13,0
-43,-41,0
-14,-35,0
-22,-47,0
-48,-51,0
-15,-45,0
-42,-34,0
-38,-16,0
-18,-31,0
-56,-43,0
-32,-59,0
-28,-28,0
-45,-15,0
-32,-32,0
-49,-27,0
-40,-11,0
-48,-29,0
-13,-32,0
-55,-43,0
-24,-44,0
-44,-14,0
-47,-33,0
-22,-53,0
-21,-16,0
-53,-23,0
-47,-51,0
-57,-33,0
-32,-31,0
-15,-25,0
-49,-48,0
-28,-21,0
-36,-44,0
-43,-20,0
-35,-46,0
-29,-56,0
-53,-25,0
-32,-11,0
-16,-24,0
-34,-46,0
-45,-24,0
-41,-12,0
-16,-38,0
-24,-53,0
-42,-45,0
-37,-52,0
-51,-28,0
-23,-42,0
-12,-40,0
-49,-21,0
-13,-26,0
-38,-11,0
-54,-50,0
-12,-43,0
-43,-17,0
-50,-29,0
-13,-28,0
-45,-53,0
-52,-35,0
-48,-18,0
-41,-15,0
-58,-32,0
-33,-20,0
-50,-36,0
-52,-33,0
-46,-38,0
-18,-42,0
-19,-17,0
-22,-45,0
-52,-37,0
-23,-41,0
-47,-24,0
-16,-31,0
-31,-27,0
-49,-21,0
-54,-27,0
-30,-57,0
-32,-57,0
-28,-15,0
-18,-45,0
-12,-36,0
-39,-40,0
-30,-53,0
-49,-34,0
-44,-38,0
-24,-27,0
-20,-41,0
-35,-21,0
-52,-19,0
-33,-47,0
-39,-57,0
-58,-30,0
-28,-26,0
-47,-28,0
-41,-13,0
-33,-59,0
-29,-26,0
-36,-50,0
-14,-47,0
-42,-44,0
-30,-46,0
-16,-23,0
-43,-51,0
-34,-43,0
-40,-23,0
-48,-47,0
-30,-27,0
-25,-43,0
-11,-36,0
-40,-49,0
-59,-38,0
-49,-50,0
-31,-35,0
-54,-51,0
-36,-22,0
-22,-40,0
-48,-40,0
-33,-54,0
