-46,26,1
-29,29,1
-57,28,1
-29,36,1
-23,47,1
-25,15,1
-37,53,1
-46,15,1
-24,33,1
-47,18,1
-22,25,1
-18,53,1
-21,22,1
-35,26,1
-26,28,1
-40,19,1
-29,16,1
-17,28,1
-22,39,1
-41,16,1
-48,54,1
-26,45,1
-33,41,1
-23,47,1
-52,44,1
-36,15,1
-56,40,1
-29,21,1
-16,49,1
-24,56,1
-51,33,1
-43,27,1
-43,20,1
-44,23,1
-15,26,1
-35,28,1
-30,20,1
-32,47,1
-18,50,1
-34,46,1
-33,51,1
-14,46,1
-29,24,1
-43,42,1
-29,35,1
-42,13,1
-24,18,1
-44,24,1
-34,28,1
-42,20,1
-25,27,1
-52,42,1
-18,51,1
-39,60,1
-40,27,1
-41,16,1
-44,41,1
-27,58,1
-46,28,1
-53,38,1
-20,30,1
-14,42,1
-11,37,1
-31,43,1
-36,26,1
-54,32,1
-53,28,1
-49,43,1
-54,38,1
-43,25,1
-43,48,1
-30,16,1
-37,35,1
-25,23,1
-23,42,1
-38,55,1
-41,50,1
-29,43,1
-50,18,1
-17,27,1
-41,21,1
-21,26,1
-47,35,1
-15,42,1
-18,47,1
-22,16,1
-29,21,1
-40,41,1
-51,45,1
-29,51,1
-31,16,1
-55,28,1
-35,46,1
-33,37,1
-39,31,1
-31,34,1
-30,27,1
-51,48,1
-31,16,1
-60,38,1
-36,28,1
-49,33,1
-18,18,1
-55,47,1
-53,31,1
-37,26,1
-32,35,1
-49,42,1
-20,38,1
-30,55,1
-57,43,1
-41,32,1
-14,24,1
-49,35,1
-14,26,1
-43,35,1
-31,17,1
-45,30,1
-46,45,1
-34,41,1
-19,27,1
-42,55,1
-47,23,1
-50,43,1
-51,35,1
-27,48,1
-21,32,1
-26,51,1
-34,44,1
-35,27,1
-33,35,1
-24,22,1
-52,46,1
-18,33,1
-19,39,1
-30,29,1
-36,44,1
-31,44,1
-48,44,1
-42,55,1
-40,45,1
-43,42,1
-38,40,1
-30,28,1
-24,16,1
-52,18,1
-45,13,1
-37,60,1
-20,53,1
-20,39,1
-25,19,1
-35,30,1
-18,53,1
-31,11,1
-23,40,1
-31,45,1
-42,59,1
-28,18,1
-39,55,1
-38,28,1
-36,56,1
-23,49,1
-24,43,1
-20,25,1
-51,19,1
-41,38,1
-26,24,1
-54,27,1
-34,53,1
-46,20,1
-43,12,1
-33,34,1
-52,52,1
-23,55,1
-19,19,1
-30,34,1
-32,50,1
-48,30,1
-26,58,1
-24,25,1
-39,49,1
-16,30,1
-52,22,1
-26,22,1
-53,44,1
-50,42,1
-24,28,1
-48,16,1
-35,60,1
-31,33,1
-26,51,1
-30,59,1
-36,35,1
-40,31,1
-43,54,1
-24,44,1
-38,22,1
-33,59,1
-29,23,1
-46,13,1
-38,49,1
-42,24,1
-29,52,1
-45,56,1
-57,34,1
-17,31,1
-27,17,1
-45,15,1
-52,27,1
-36,21,1
-42,26,1
-36,17,1
-21,44,1
-26,56,1
-26,45,1
-23,39,1
-28,14,1
-32,53,1
-34,26,1
-43,38,1
-18,30,1
-11,35,1
-25,23,1
-44,55,1
-22,17,1
-41,44,1
-30,51,1
-30,56,1
-43,19,1
-57,36,1
-42,54,1
-40,16,1
-27,48,1
-32,42,1
-13,37,1
-30,13,1
-19,46,1
-30,14,1
-54,40,1
-19,48,1
-34,52,1
-18,44,1
-31,22,1
-48,30,1
-32,51,1
-25,44,1
-41,44,1
-47,47,1
-36,40,1
-40,53,1
44,22,0
38,44,0
29,17,0
52,52,0
13,25,0
15,31,0
25,56,0
42,19,0
59,32,0
45,36,0
47,26,0
49,31,0
16,50,0
50,36,0
41,54,0
40,57,0
36,58,0
15,38,0
47,40,0
47,26,0
41,14,0
41,23,0
48,35,0
39,31,0
46,26,0
47,38,0
49,53,0
37,28,0
29,54,0
43,23,0
37,25,0
53,34,0
36,11,0
20,21,0
27,27,0
22,31,0
41,37,0
48,38,0
40,53,0
49,27,0
28,18,0
18,48,0
33,43,0
13,37,0
41,14,0
43,36,0
53,51,0
38,51,0
14,48,0
34,15,0
32,24,0
31,23,0
50,40,0
34,22,0
45,52,0
37,28,0
42,27,0
37,39,0
23,33,0
25,19,0
19,18,0
34,38,0
48,27,0
32,29,0
22,51,0
29,12,0
43,32,0
21,29,0
49,17,0
20,46,0
53,24,0
33,15,0
47,25,0
15,47,0
30,24,0
30,49,0
17,52,0
56,23,0
14,31,0
25,46,0
24,26,0
29,27,0
23,29,0
42,30,0
22,44,0
54,40,0
42,27,0
37,49,0
23,52,0
15,40,0
28,38,0
38,53,0
39,30,0
48,39,0
44,38,0
11,37,0
19,37,0
38,15,0
20,51,0
46,24,0
46,31,0
49,35,0
50,49,0
31,19,0
42,36,0
50,31,0
46,46,0
51,37,0
22,43,0
20,28,0
28,50,0
38,31,0
35,53,0
28,18,0
14,24,0
58,39,0
32,29,0
40,37,0
23,56,0
22,46,0
33,49,0
52,38,0
29,39,0
33,56,0
49,36,0
43,37,0
54,31,0
15,29,0
39,32,0
48,44,0
34,58,0
36,27,0
48,28,0
33,12,0
39,48,0
52,33,0
25,13,0
18,28,0
43,26,0
35,25,0
42,30,0
24,35,0
41,15,0
42,25,0
24,46,0
28,57,0
22,42,0
34,46,0
49,35,0
22,31,0
19,26,0
49,43,0
31,24,0
36,28,0
39,15,0
29,56,0
13,28,0
59,31,0
13,26,0
17,38,0
21,21,0
41,12,0
53,21,0
37,27,0
37,19,0
58,35,0
32,51,0
23,20,0
51,41,0
20,22,0
14,42,0
53,34,0
25,47,0
50,43,0
44,55,0
27,37,0
54,24,0
22,29,0
51,44,0
52,54,0
42,57,0
19,40,0
22,22,0
51,49,0
20,23,0
29,58,0
38,58,0
20,38,0
53,30,0
45,46,0
37,41,0
40,52,0
37,60,0
51,52,0
25,25,0
12,28,0
42,27,0
41,43,0
39,46,0
33,30,0
54,32,0
43,58,0
34,23,0
55,41,0
18,25,0
33,43,0
40,48,0
45,14,0
53,20,0
27,14,0
44,27,0
38,46,0
47,33,0
43,15,0
43,58,0
59,40,0
46,31,0
17,52,0
43,57,0
19,23,0
37,50,0
53,29,0
28,43,0
40,46,0
16,48,0
14,37,0
28,59,0
16,51,0
30,21,0
20,40,0
25,30,0
31,19,0
40,28,0
23,48,0
36,12,0
46,13,0
30,47,0
39,40,0
49,41,0
48,34,0
12,28,0
18,49,0
11,32,0
47,54,0
42,53,0
34,52,0
44,31,0
22,53,0
42,16,0
40,24,0
26,-34,1
36,-16,1
48,-27,1
29,-21,1
35,-50,1
56,-36,1
18,-39,1
31,-53,1
40,-32,1
48,-43,1
39,-13,1
41,-27,1
29,-17,1
26,-39,1
27,-56,1
33,-32,1
20,-50,1
46,-53,1
39,-19,1
46,-29,1
51,-54,1
22,-43,1
25,-27,1
41,-57,1
50,-47,1
13,-40,1
53,-25,1
32,-32,1
18,-21,1
31,-23,1
46,-24,1
26,-22,1
39,-39,1
27,-42,1
16,-30,1
43,-54,1
18,-31,1
38,-58,1
46,-46,1
12,-40,1
25,-56,1
38,-20,1
17,-26,1
55,-28,1
38,-58,1
45,-13,1
40,-47,1
41,-44,1
20,-44,1
37,-53,1
47,-39,1
30,-27,1
52,-30,1
58,-43,1
44,-16,1
30,-49,1
43,-47,1
54,-31,1
20,-29,1
29,-15,1
25,-49,1
32,-59,1
54,-41,1
15,-27,1
15,-31,1
47,-54,1
32,-16,1
24,-17,1
47,-30,1
28,-12,1
40,-51,1
24,-51,1
14,-47,1
54,-50,1
43,-48,1
40,-48,1
36,-28,1
13,-41,1
30,-54,1
49,-25,1
30,-59,1
17,-41,1
39,-44,1
32,-34,1
36,-29,1
21,-35,1
23,-50,1
50,-25,1
49,-54,1
31,-14,1
13,-44,1
22,-46,1
28,-26,1
22,-22,1
36,-37,1
25,-49,1
60,-36,1
44,-50,1
30,-36,1
27,-49,1
30,-40,1
14,-34,1
28,-38,1
23,-52,1
28,-43,1
32,-22,1
22,-21,1
25,-34,1
32,-24,1
36,-43,1
48,-55,1
26,-32,1
46,-36,1
47,-53,1
49,-22,1
14,-41,1
21,-46,1
55,-30,1
38,-28,1
43,-38,1
44,-21,1
34,-18,1
30,-50,1
13,-25,1
46,-45,1
41,-35,1
40,-27,1
48,-48,1
19,-40,1
54,-31,1
15,-44,1
53,-35,1
32,-35,1
24,-57,1
22,-32,1
32,-42,1
13,-30,1
33,-13,1
33,-26,1
19,-28,1
29,-23,1
46,-31,1
54,-40,1
26,-48,1
17,-32,1
24,-20,1
38,-42,1
17,-39,1
19,-36,1
44,-32,1
35,-51,1
18,-45,1
48,-20,1
49,-46,1
49,-48,1
33,-27,1
52,-21,1
48,-24,1
31,-23,1
23,-46,1
55,-20,1
52,-32,1
29,-15,1
15,-29,1
53,-23,1
34,-28,1
18,-35,1
18,-36,1
41,-53,1
22,-53,1
33,-29,1
27,-42,1
20,-21,1
32,-58,1
60,-38,1
15,-40,1
26,-21,1
50,-39,1
59,-39,1
41,-53,1
56,-44,1
28,-50,1
28,-29,1
20,-22,1
48,-36,1
42,-26,1
18,-46,1
52,-35,1
47,-14,1
44,-17,1
39,-15,1
31,-29,1
43,-51,1
33,-54,1
59,-29,1
53,-23,1
33,-22,1
35,-16,1
46,-57,1
25,-19,1
40,-17,1
48,-25,1
20,-43,1
38,-35,1
54,-43,1
16,-39,1
54,-40,1
32,-15,1
15,-38,1
54,-36,1
53,-39,1
36,-52,1
25,-54,1
21,-41,1
37,-31,1
39,-22,1
25,-45,1
42,-38,1
27,-30,1
30,-22,1
54,-39,1
28,-55,1
36,-46,1
40,-32,1
18,-31,1
52,-50,1
55,-29,1
42,-29,1
43,-38,1
35,-17,1
48,-56,1
45,-36,1
56,-33,1
28,-48,1
24,-47,1
13,-34,1
49,-18,1
31,-33,1
55,-46,1
38,-21,1
22,-42,1
48,-21,1
20,-40,1
27,-58,1
19,-40,1
39,-15,1
42,-38,1
23,-14,1
37,-33,1
12,-36,1
-50,-53,0
-44,-30,0
-24,-22,0
-48,-42,0
-11,-38,0
-42,-29,0
-34,-30,0
-50,-42,0
-58,-38,0
-34,-17,0
-23,-36,0
-39,-16,0
-27,-18,0
-39,-11,0
-19,-51,0
-51,-37,0
-13,-46,0
-38,-54,0
-32,-15,0
-25,-45,0
-38,-14,0
-24,-19,0
-49,-45,0
-40,-26,0
-48,-29,0
-34,-11,0
-49,-36,0
-37,-32,0
-32,-29,0
-34,-44,0
-47,-44,0
-37,-54,0
-59,-31,0
-57,-40,0
-58,-43,0
-19,-45,0
-19,-38,0
-46,-37,0
-50,-52,0
-46,-18,0
-29,-18,0
-23,-27,0
-14,-24,0
-32,-23,0
-40,-47,0
-47,-36,0
-33,-14,0
-36,-58,0
-33,-32,0
-48,-14,0
-24,-31,0
-29,-35,0
-18,-18,0
-37,-35,0
-55,-44,0
-19,-32,0
-48,-56,0
-25,-41,0
-13,-31,0
-43,-43,0
-32,-24,0
-22,-23,0
-22,-27,0
-14,-46,0
-54,-48,0
-19,-29,0
-42,-25,0
-53,-21,0
-19,-52,0
-33,-19,0
-41,-35,0
-25,-26,0
-59,-43,0
-47,-18,0
-35,-28,0
-21,-18,0
-29,-33,0
-54,-26,0
-42,-40,0
-29,-32,0
-31,-54,0
-29,-37,0
-29,-32,0
-32,-12,0
-17,-23,0
-24,-52,0
-45,-24,0
-52,-49,0
-19,-24,0
-56,-35,0
-31,-11,0
-45,-48,0
-44,-49,0
-44,-52,0
-47,-55,0
-23,-28,0
-33,-53,0
-22,-43,0
-32,-26,0
-60,-33,0
-39,-59,0
-42,-29,0
-26,-31,0
-32,-36,0
-46,-39,0
-60,-36,0
-33,-50,0
-40,-11,0
-50,-38,0
-49,-41,0
-27,-12,0
-14,-36,0
-40,-16,0
-19,-46,0
-23,-22,0
-17,-50,0
-24,-57,0
-44,-15,0
-16,-43,0
-28,-39,0
-27,-18,0
-17,-22,0
-43,-36,0
-55,-22,0
-28,-51,0
-40,-13,0
-19,-29,0
-37,-24,0
-36,-27,0
-47,-29,0
-54,-43,0
-22,-18,0
-13,-33,0
-31,-46,0
-16,-49,0
-40,-45,0
-43,-44,0
-31,-14,0
-38,-11,0
-25,-40,0
-33,-14,0
-41,-29,0
-31,-27,0
-44,-16,0
-49,-49,0
-49,-54,0
-30,-38,0
-55,-43,0
-41,-13,0
-44,-52,0
-21,-47,0
-23,-39,0
-29,-22,0
-40,-14,0
-29,-39,0
-16,-27,0
-50,-44,0
-29,-35,0
-36,-49,0
-39,-38,0
-35,-13,0
-37,-27,0
-24,-57,0
-44,-43,0
-17,-29,0
-39,-47,0
-37,-34,0
-18,-50,0
-33,-50,0
-15,-30,0
-38,-22,0
-33,-31,0
-31,-59,0
-19,-53,0
-31,-52,0
-48,-55,0
-27,-30,0
-14,-41,0
-17,-49,0
-38,-53,0
-36,-11,0
-25,-57,0
-39,-58,0
-38,-58,0
-51,-47,0
-53,-50,0
-49,-52,0
-55,-22,0
-40,-50,0
-50,-19,0
-19,-43,0
-35,-56,0
-37,-51,0
-19,-42,0
-38,-21,0
-29,-56,0
-41,-54,0
-42,-29,0
-36,-24,0
-40,-22,0
-55,-44,0
-14,-25,0
-25,-20,0
-54,-28,0
-46,-15,0
-34,-32,0
-27,-45,0
-43,-22,0
-41,-51,0
-55,-46,0
-28,-37,0
-20,-33,0
-47,-33,0
-33,-41,0
-46,-35,0
-25,-13,0
-11,-33,0
-35,-54,0
-28,-25,0
-24,-31,0
-22,-27,0
-40,-23,0
-42,-49,0
-13,-32,0
-55,-48,0
-22,-45,0
-51,-43,0
-14,-29,0
-34,-50,0
-14,-42,0
-49,-28,0
-16,-34,0
-18,-33,0
-38,-31,0
-41,-28,0
-49,-34,0
-49,-49,0
-43,-25,0
-29,-48,0
-28,-25,0
-52,-45,0
-41,-51,0
-52,-46,0
-17,-34,0
-53,-25,0
-52,-29,0
-44,-32,0
-22,-29,0
-47,-51,0
-15,-40,0
