-42,38,1
-29,6,1
-52,33,1
-33,35,1
-49,23,1
-26,46,1
-27,5,1
-16,26,1
-48,22,1
-38,18,1
-8,17,1
-29,13,1
-24,52,1
-34,46,1
-27,42,1
-18,44,1
-34,43,1
-18,10,1
-29,10,1
-31,23,1
-30,17,1
-31,27,1
-20,24,1
-36,31,1
-36,10,1
-32,21,1
-18,32,1
-41,10,1
-51,31,1
-8,15,1
-43,45,1
-41,34,1
-13,36,1
-19,46,1
-36,47,1
-49,28,1
-13,38,1
-25,40,1
-38,35,1
-35,35,1
-46,31,1
-43,46,1
-46,22,1
-36,50,1
-8,35,1
-36,36,1
-40,50,1
-17,28,1
-22,47,1
-45,12,1
-13,43,1
-19,42,1
-41,30,1
-20,42,1
-13,25,1
-46,20,1
-38,39,1
-26,17,1
-25,52,1
-33,26,1
-15,44,1
-5,27,1
-46,21,1
-36,40,1
-39,19,1
-22,28,1
-24,20,1
-7,38,1
-15,14,1
-30,45,1
-32,5,1
-45,44,1
-25,52,1
-8,33,1
-12,31,1
-15,31,1
-33,44,1
-13,44,1
-17,48,1
-22,12,1
-36,14,1
-19,17,1
-16,24,1
-51,30,1
-34,9,1
-33,4,1
-11,43,1
-27,17,1
-42,31,1
-23,7,1
-52,33,1
-35,31,1
-6,22,1
-40,46,1
-22,35,1
-31,47,1
-14,17,1
-20,25,1
-18,34,1
-20,17,1
-47,23,1
-31,6,1
-52,26,1
-29,33,1
-43,17,1
-22,6,1
-8,27,1
-39,28,1
-44,29,1
-32,41,1
-5,32,1
-32,34,1
-12,36,1
-13,38,1
-51,28,1
-35,40,1
-28,39,1
-46,21,1
-22,16,1
-19,29,1
-44,20,1
-43,19,1
-23,32,1
-32,39,1
-31,44,1
-18,33,1
-18,15,1
-36,18,1
-26,15,1
-35,37,1
-21,18,1
-26,30,1
-28,26,1
-9,30,1
-40,7,1
-9,14,1
-15,15,1
-20,22,1
-36,24,1
-18,13,1
-46,37,1
-23,12,1
-46,17,1
-18,44,1
-29,42,1
-26,10,1
-47,41,1
-32,52,1
-51,33,1
-30,27,1
-26,39,1
-18,14,1
-19,46,1
-24,22,1
-31,6,1
-34,18,1
-37,31,1
-15,11,1
-18,42,1
-27,25,1
-35,32,1
-17,34,1
-46,40,1
-15,17,1
-16,32,1
-31,19,1
-12,10,1
-24,39,1
-13,22,1
-19,38,1
-39,10,1
-29,28,1
-14,9,1
-8,36,1
-24,10,1
-9,40,1
-20,22,1
-6,21,1
-16,30,1
-53,32,1
-51,21,1
-26,17,1
-16,13,1
-40,28,1
-23,12,1
-37,49,1
-40,26,1
-48,31,1
-21,29,1
-34,49,1
-38,14,1
-23,48,1
-12,46,1
-38,37,1
-40,45,1
-36,10,1
-29,29,1
-43,39,1
-4,31,1
-30,26,1
-30,18,1
-14,40,1
-13,20,1
-32,27,1
-10,38,1
-41,17,1
-10,20,1
-10,15,1
-25,12,1
-5,32,1
-5,25,1
-8,30,1
-46,19,1
-25,8,1
-28,11,1
-23,41,1
-20,37,1
-40,13,1
-25,47,1
-17,34,1
-12,44,1
-4,25,1
-43,20,1
-32,15,1
-43,34,1
-35,9,1
-24,23,1
-52,26,1
-43,17,1
-29,29,1
-37,22,1
-43,34,1
-7,16,1
-26,34,1
-51,37,1
-17,36,1
-26,45,1
-12,12,1
-10,15,1
-30,39,1
-43,42,1
-37,35,1
-24,50,1
-20,9,1
-26,5,1
-22,48,1
-26,34,1
-19,50,1
-49,18,1
-20,38,1
13,24,0
29,10,0
26,13,0
18,6,0
15,24,0
15,47,0
23,50,0
34,23,0
37,21,0
44,38,0
36,46,0
42,48,0
44,18,0
39,15,0
14,44,0
32,27,0
52,31,0
6,39,0
11,14,0
44,17,0
14,8,0
31,46,0
31,22,0
29,11,0
33,42,0
37,29,0
28,31,0
23,50,0
30,16,0
48,13,0
27,35,0
20,11,0
5,20,0
20,43,0
20,40,0
9,23,0
22,26,0
49,22,0
32,29,0
41,9,0
21,29,0
44,36,0
37,29,0
40,34,0
27,50,0
47,22,0
32,53,0
41,38,0
28,51,0
16,39,0
30,32,0
44,37,0
27,36,0
46,30,0
32,7,0
32,28,0
45,40,0
25,7,0
41,10,0
10,44,0
21,30,0
31,16,0
24,26,0
28,25,0
42,40,0
36,22,0
26,33,0
34,24,0
36,23,0
44,34,0
46,20,0
33,20,0
38,46,0
19,23,0
46,31,0
32,16,0
16,40,0
42,49,0
26,44,0
44,42,0
28,36,0
17,45,0
27,46,0
17,38,0
32,28,0
43,10,0
29,33,0
20,43,0
33,52,0
18,17,0
18,41,0
44,44,0
7,22,0
35,41,0
13,30,0
46,16,0
35,25,0
34,7,0
52,32,0
46,17,0
28,26,0
32,8,0
22,30,0
11,23,0
51,35,0
23,5,0
9,40,0
6,34,0
30,9,0
4,32,0
48,16,0
14,47,0
15,9,0
19,35,0
21,31,0
14,34,0
20,48,0
24,41,0
25,30,0
20,14,0
27,20,0
17,37,0
31,39,0
28,40,0
37,11,0
47,36,0
41,35,0
44,16,0
47,22,0
44,9,0
49,34,0
13,16,0
33,10,0
18,31,0
49,22,0
17,37,0
46,18,0
8,26,0
32,34,0
28,49,0
5,35,0
16,50,0
37,33,0
31,35,0
19,35,0
12,24,0
31,11,0
29,37,0
23,20,0
29,35,0
41,18,0
41,34,0
44,47,0
37,48,0
34,38,0
26,11,0
28,15,0
10,12,0
32,43,0
31,32,0
27,21,0
37,15,0
16,40,0
41,31,0
24,7,0
24,27,0
41,13,0
35,34,0
32,38,0
26,27,0
23,31,0
44,45,0
19,46,0
42,18,0
32,29,0
24,35,0
18,11,0
47,23,0
18,44,0
8,35,0
4,28,0
24,23,0
45,13,0
18,30,0
46,45,0
51,27,0
30,24,0
38,46,0
22,19,0
16,40,0
23,37,0
21,7,0
39,18,0
27,7,0
11,42,0
38,40,0
21,37,0
7,17,0
34,11,0
5,32,0
24,10,0
53,31,0
21,40,0
33,19,0
52,22,0
33,14,0
41,41,0
44,29,0
18,7,0
48,14,0
6,20,0
21,45,0
27,9,0
28,50,0
18,8,0
49,33,0
49,15,0
50,34,0
41,25,0
40,19,0
10,45,0
26,46,0
6,29,0
53,25,0
13,32,0
45,38,0
36,17,0
12,19,0
25,10,0
24,20,0
37,7,0
16,22,0
35,51,0
13,26,0
19,9,0
31,30,0
45,13,0
11,39,0
17,38,0
49,42,0
30,49,0
38,43,0
31,50,0
23,42,0
29,47,0
21,36,0
39,36,0
44,10,0
40,19,0
26,42,0
13,-10,1
26,-41,1
37,-34,1
42,-31,1
20,-35,1
49,-30,1
17,-46,1
36,-28,1
26,-10,1
7,-22,1
27,-30,1
43,-34,1
25,-29,1
18,-24,1
28,-4,1
30,-40,1
25,-27,1
46,-12,1
29,-28,1
38,-50,1
41,-24,1
13,-37,1
25,-53,1
5,-27,1
53,-29,1
50,-18,1
19,-13,1
8,-18,1
14,-46,1
33,-21,1
22,-46,1
51,-23,1
37,-50,1
35,-46,1
27,-29,1
32,-45,1
39,-8,1
33,-26,1
49,-38,1
37,-22,1
10,-21,1
11,-21,1
30,-35,1
25,-45,1
50,-26,1
29,-51,1
30,-33,1
43,-44,1
13,-24,1
9,-32,1
28,-52,1
42,-22,1
18,-15,1
5,-24,1
40,-19,1
22,-43,1
8,-34,1
31,-19,1
26,-24,1
16,-35,1
37,-29,1
37,-9,1
37,-34,1
33,-37,1
48,-36,1
41,-22,1
10,-19,1
42,-17,1
22,-16,1
22,-22,1
18,-18,1
20,-29,1
48,-35,1
22,-51,1
9,-37,1
26,-25,1
46,-42,1
53,-32,1
42,-26,1
40,-40,1
45,-37,1
13,-33,1
12,-31,1
35,-5,1
32,-32,1
28,-7,1
22,-11,1
28,-25,1
16,-27,1
24,-23,1
39,-32,1
31,-47,1
19,-39,1
30,-48,1
8,-33,1
34,-14,1
36,-21,1
13,-17,1
19,-36,1
37,-32,1
31,-41,1
21,-14,1
11,-25,1
46,-16,1
18,-21,1
52,-26,1
37,-34,1
43,-37,1
34,-38,1
20,-7,1
23,-27,1
32,-50,1
51,-21,1
18,-38,1
24,-9,1
35,-49,1
19,-11,1
25,-25,1
28,-43,1
29,-37,1
17,-36,1
41,-49,1
43,-48,1
47,-32,1
24,-24,1
15,-9,1
48,-38,1
23,-23,1
39,-38,1
25,-12,1
41,-39,1
19,-36,1
37,-48,1
15,-30,1
51,-26,1
21,-23,1
52,-36,1
11,-20,1
29,-42,1
19,-49,1
37,-11,1
28,-50,1
7,-28,1
38,-8,1
23,-51,1
44,-9,1
28,-41,1
36,-33,1
17,-11,1
25,-9,1
34,-10,1
26,-23,1
37,-32,1
26,-50,1
12,-24,1
14,-11,1
44,-11,1
27,-36,1
8,-18,1
21,-26,1
14,-27,1
41,-39,1
11,-41,1
34,-8,1
9,-25,1
17,-35,1
11,-32,1
25,-20,1
7,-22,1
38,-6,1
30,-9,1
30,-48,1
25,-47,1
16,-11,1
22,-29,1
37,-44,1
45,-17,1
15,-36,1
5,-23,1
37,-14,1
16,-8,1
26,-33,1
43,-45,1
33,-12,1
19,-29,1
30,-13,1
51,-20,1
36,-31,1
37,-7,1
35,-25,1
39,-19,1
38,-27,1
48,-30,1
35,-34,1
8,-30,1
6,-29,1
40,-50,1
12,-23,1
24,-10,1
27,-43,1
24,-4,1
11,-21,1
45,-46,1
16,-24,1
44,-13,1
35,-25,1
14,-15,1
10,-22,1
9,-40,1
40,-37,1
29,-44,1
16,-9,1
24,-36,1
30,-21,1
45,-35,1
40,-39,1
36,-37,1
34,-21,1
26,-34,1
27,-49,1
19,-31,1
35,-38,1
32,-11,1
43,-20,1
33,-45,1
9,-29,1
32,-23,1
20,-7,1
44,-30,1
42,-26,1
42,-21,1
46,-42,1
49,-15,1
42,-10,1
21,-30,1
17,-41,1
44,-38,1
17,-22,1
27,-44,1
48,-42,1
20,-51,1
5,-21,1
23,-4,1
38,-38,1
13,-12,1
26,-13,1
42,-14,1
11,-27,1
46,-25,1
11,-19,1
-17,-36,0
-39,-48,0
-48,-30,0
-36,-29,0
-42,-35,0
-15,-23,0
-41,-20,0
-29,-13,0
-34,-14,0
-35,-8,0
-26,-4,0
-29,-29,0
-27,-29,0
-12,-24,0
-30,-24,0
-33,-28,0
-18,-24,0
-32,-28,0
-16,-28,0
-20,-31,0
-16,-39,0
-37,-44,0
-21,-47,0
-24,-18,0
-25,-4,0
-27,-50,0
-47,-36,0
-24,-28,0
-33,-47,0
-19,-26,0
-12,-21,0
-35,-41,0
-47,-32,0
-30,-16,0
-12,-14,0
-37,-11,0
-19,-11,0
-43,-15,0
-19,-48,0
-40,-21,0
-4,-27,0
-31,-12,0
-34,-13,0
-38,-11,0
-16,-13,0
-46,-20,0
-17,-47,0
-48,-29,0
-7,-28,0
-30,-26,0
-47,-14,0
-43,-39,0
-32,-10,0
-35,-13,0
-34,-42,0
-13,-27,0
-32,-16,0
-39,-7,0
-14,-43,0
-30,-26,0
-17,-31,0
-42,-13,0
-51,-33,0
-20,-23,0
-11,-13,0
-44,-35,0
-17,-37,0
-38,-17,0
-30,-34,0
-36,-38,0
-38,-9,0
-20,-11,0
-11,-46,0
-23,-16,0
-29,-44,0
-37,-17,0
-14,-8,0
-20,-37,0
-37,-39,0
-26,-25,0
-7,-36,0
-36,-22,0
-39,-46,0
-48,-33,0
-39,-42,0
-19,-34,0
-11,-30,0
-36,-48,0
-16,-49,0
-21,-20,0
-16,-36,0
-36,-26,0
-31,-4,0
-5,-25,0
-49,-20,0
-45,-27,0
-17,-14,0
-10,-31,0
-12,-33,0
-26,-18,0
-19,-24,0
-29,-28,0
-34,-26,0
-29,-39,0
-39,-24,0
-44,-33,0
-17,-28,0
-18,-50,0
-46,-38,0
-16,-26,0
-36,-33,0
-17,-28,0
-31,-31,0
-48,-13,0
-41,-16,0
-20,-50,0
-13,-35,0
-42,-47,0
-26,-37,0
-33,-7,0
-25,-29,0
-24,-29,0
-10,-16,0
-13,-28,0
-46,-30,0
-39,-21,0
-35,-24,0
-40,-17,0
-25,-37,0
-16,-42,0
-12,-29,0
-13,-48,0
-47,-16,0
-12,-17,0
-4,-23,0
-39,-23,0
-37,-49,0
-39,-29,0
-21,-27,0
-46,-19,0
-9,-15,0
-21,-25,0
-28,-44,0
-15,-44,0
-23,-24,0
-43,-33,0
-7,-31,0
-40,-35,0
-44,-24,0
-25,-46,0
-36,-27,0
-49,-36,0
-36,-51,0
-30,-28,0
-22,-42,0
-20,-10,0
-34,-13,0
-19,-10,0
-29,-53,0
-33,-43,0
-36,-50,0
-51,-28,0
-11,-37,0
-49,-42,0
-29,-49,0
-23,-52,0
-6,-39,0
-53,-28,0
-26,-14,0
-48,-21,0
-34,-6,0
-32,-22,0
-16,-22,0
-4,-32,0
-27,-33,0
-20,-32,0
-43,-18,0
-33,-12,0
-34,-39,0
-25,-40,0
-16,-48,0
-10,-31,0
-30,-50,0
-50,-31,0
-11,-11,0
-33,-28,0
-6,-39,0
-25,-36,0
-25,-9,0
-12,-28,0
-24,-49,0
-46,-26,0
-43,-22,0
-32,-33,0
-50,-17,0
-40,-39,0
-35,-49,0
-25,-33,0
-34,-24,0
-21,-48,0
-48,-25,0
-48,-32,0
-22,-21,0
-6,-22,0
-29,-39,0
-52,-36,0
-36,-39,0
-36,-25,0
-33,-17,0
-38,-23,0
-28,-33,0
-32,-40,0
-52,-29,0
-36,-36,0
-15,-12,0
-31,-19,0
-24,-28,0
-29,-49,0
-22,-20,0
-32,-38,0
-43,-20,0
-41,-32,0
-39,-10,0
-26,-45,0
-37,-40,0
-16,-36,0
-37,-19,0
-25,-18,0
-21,-35,0
-43,-22,0
-30,-35,0
-16,-18,0
-40,-12,0
-21,-51,0
-21,-44,0
-46,-43,0
-20,-51,0
-5,-22,0
-42,-10,0
-21,-11,0
-51,-28,0
-10,-45,0
-31,-39,0
-33,-13,0
-16,-30,0
-43,-25,0
-32,-8,0
-34,-16,0
-12,-34,0
-45,-27,0
