-192,213,1
-183,197,1
-197,187,1
-191,166,1
-169,198,1
-178,188,1
-170,182,1
-195,192,1
-187,172,1
-205,190,1
-189,200,1
-187,212,1
-186,176,1
-174,208,1
-177,209,1
-212,200,1
-178,187,1
-186,170,1
-208,186,1
-168,191,1
-176,185,1
-183,186,1
-214,200,1
-168,195,1
-205,186,1
-209,190,1
-200,174,1
-191,193,1
-210,179,1
-181,168,1
-172,181,1
-191,183,1
-201,191,1
-174,183,1
-215,190,1
-174,202,1
-181,185,1
-183,200,1
-206,199,1
-184,209,1
-179,207,1
-212,185,1
-171,197,1
-198,203,1
-188,174,1
-197,172,1
-208,176,1
-176,197,1
-172,183,1
-177,180,1
-179,171,1
-208,190,1
-180,183,1
-183,192,1
-207,184,1
-188,207,1
-196,191,1
-213,185,1
-177,207,1
-199,212,1
-196,167,1
-215,196,1
-187,206,1
-182,171,1
-187,197,1
-176,185,1
-198,200,1
-201,183,1
-206,196,1
-209,182,1
-207,201,1
-178,202,1
-173,196,1
-200,180,1
-197,176,1
-184,180,1
-193,199,1
-209,187,1
-212,194,1
-168,183,1
-197,208,1
-207,210,1
-174,209,1
-209,184,1
-209,177,1
-204,178,1
-203,196,1
-187,185,1
-183,181,1
-179,199,1
-198,212,1
-198,180,1
-200,202,1
-177,172,1
-173,189,1
-209,180,1
-178,197,1
-205,203,1
-185,171,1
-178,192,1
-213,184,1
-174,207,1
-168,198,1
-198,209,1
-175,204,1
-197,198,1
-181,195,1
-178,178,1
-195,183,1
-205,198,1
-173,202,1
-179,178,1
-200,208,1
-188,202,1
-177,201,1
-180,182,1
-172,190,1
-195,182,1
-208,202,1
-212,188,1
-175,185,1
-169,180,1
-191,196,1
-203,201,1
-207,182,1
-202,184,1
-211,185,1
-184,211,1
-179,184,1
-184,173,1
-178,190,1
-191,179,1
-205,199,1
-198,201,1
-191,206,1
-170,200,1
-179,183,1
-188,183,1
-175,184,1
-187,177,1
-170,183,1
-173,207,1
-193,203,1
-206,193,1
-205,193,1
-185,175,1
-204,202,1
-213,202,1
-187,190,1
-171,188,1
-174,207,1
-204,171,1
-191,183,1
-203,172,1
-198,192,1
-200,197,1
-214,182,1
-201,204,1
-202,198,1
-194,204,1
-171,186,1
-168,183,1
-211,204,1
-186,171,1
-194,191,1
-209,208,1
-204,185,1
-207,182,1
-206,182,1
-178,197,1
-192,199,1
-197,204,1
-193,186,1
-199,191,1
-207,207,1
-208,174,1
-195,208,1
-202,171,1
-197,202,1
-208,180,1
-195,210,1
-204,203,1
-171,199,1
-190,177,1
-169,184,1
-175,185,1
-180,189,1
-183,201,1
-197,213,1
-184,205,1
-198,167,1
-208,207,1
-182,179,1
-176,189,1
-200,176,1
-198,204,1
-214,198,1
-191,175,1
-178,211,1
-206,173,1
-191,208,1
-201,204,1
-172,190,1
-210,178,1
-170,181,1
-185,211,1
-213,202,1
-215,195,1
-176,192,1
-198,187,1
-211,185,1
-186,208,1
-190,207,1
-171,189,1
-176,205,1
-181,204,1
-201,182,1
-194,184,1
-170,194,1
-214,185,1
-176,208,1
-204,198,1
-197,188,1
-204,205,1
-186,215,1
-186,192,1
-179,207,1
-208,187,1
-178,203,1
-186,171,1
-203,190,1
-177,203,1
-197,195,1
-203,191,1
-195,169,1
-187,197,1
-189,174,1
-206,201,1
-176,210,1
-200,191,1
-208,179,1
-183,196,1
-210,193,1
-195,211,1
-189,204,1
-215,192,1
-206,205,1
-185,200,1
-197,168,1
-192,213,1
191,200,0
196,192,0
212,188,0
177,208,0
177,186,0
189,191,0
185,204,0
182,201,0
186,181,0
189,172,0
209,195,0
190,209,0
199,211,0
195,183,0
195,176,0
202,182,0
173,191,0
203,174,0
199,201,0
206,188,0
193,209,0
168,185,0
207,173,0
207,179,0
205,193,0
176,183,0
174,194,0
206,202,0
171,177,0
188,176,0
192,202,0
180,196,0
211,187,0
215,185,0
193,209,0
181,171,0
172,182,0
206,183,0
187,176,0
205,211,0
176,184,0
185,205,0
197,189,0
181,171,0
169,196,0
180,188,0
192,174,0
190,195,0
194,171,0
199,169,0
187,181,0
208,209,0
186,209,0
208,195,0
194,190,0
172,202,0
190,196,0
185,209,0
196,191,0
204,201,0
205,180,0
180,181,0
205,190,0
177,198,0
194,192,0
194,193,0
193,190,0
178,178,0
168,186,0
178,205,0
184,201,0
183,185,0
186,200,0
209,193,0
203,177,0
196,200,0
186,212,0
194,205,0
182,169,0
207,202,0
210,180,0
170,178,0
197,182,0
194,172,0
183,199,0
193,198,0
198,183,0
181,168,0
211,179,0
183,207,0
174,198,0
192,171,0
187,202,0
178,206,0
208,207,0
190,167,0
190,185,0
191,206,0
193,210,0
202,198,0
196,199,0
188,182,0
200,214,0
195,184,0
182,201,0
190,214,0
186,201,0
213,191,0
210,194,0
195,187,0
180,181,0
203,207,0
182,196,0
205,174,0
212,193,0
196,204,0
172,189,0
172,201,0
195,208,0
189,210,0
180,189,0
200,181,0
193,171,0
210,176,0
212,178,0
215,187,0
188,171,0
180,183,0
199,207,0
180,173,0
186,174,0
197,173,0
215,185,0
188,198,0
175,175,0
179,197,0
196,169,0
210,180,0
174,188,0
179,194,0
177,207,0
185,178,0
210,205,0
209,190,0
196,197,0
198,178,0
177,203,0
176,173,0
200,179,0
188,196,0
192,210,0
166,192,0
206,190,0
211,186,0
180,184,0
212,180,0
169,180,0
183,200,0
203,171,0
178,197,0
198,205,0
193,202,0
198,174,0
173,178,0
176,172,0
177,193,0
174,206,0
192,187,0
188,215,0
189,173,0
194,208,0
170,195,0
191,197,0
190,176,0
201,213,0
191,199,0
186,186,0
181,192,0
210,177,0
190,172,0
200,195,0
207,172,0
173,203,0
190,199,0
181,192,0
204,177,0
189,188,0
186,206,0
196,174,0
206,180,0
182,196,0
201,181,0
184,192,0
185,201,0
196,215,0
179,193,0
208,187,0
185,198,0
191,168,0
191,178,0
208,197,0
209,179,0
185,179,0
171,178,0
190,205,0
189,190,0
186,212,0
167,188,0
173,208,0
175,184,0
201,192,0
202,179,0
192,175,0
186,210,0
177,202,0
188,206,0
199,195,0
192,194,0
173,191,0
175,181,0
182,200,0
200,197,0
185,197,0
190,207,0
198,179,0
171,197,0
175,179,0
197,176,0
177,190,0
179,185,0
183,192,0
202,169,0
200,198,0
177,190,0
198,194,0
187,200,0
210,194,0
191,180,0
167,194,0
170,185,0
203,175,0
189,191,0
206,175,0
214,192,0
201,206,0
203,209,0
173,195,0
209,177,0
168,196,0
204,188,0
179,-202,1
193,-213,1
171,-192,1
210,-206,1
193,-199,1
204,-170,1
199,-170,1
184,-210,1
195,-184,1
181,-179,1
173,-175,1
196,-184,1
181,-175,1
207,-174,1
175,-209,1
177,-181,1
197,-168,1
205,-203,1
180,-198,1
196,-205,1
185,-183,1
177,-206,1
191,-180,1
184,-195,1
187,-197,1
207,-208,1
167,-191,1
188,-182,1
184,-186,1
169,-202,1
188,-191,1
199,-201,1
186,-180,1
209,-202,1
188,-181,1
190,-178,1
210,-188,1
204,-199,1
191,-185,1
178,-210,1
199,-206,1
194,-169,1
208,-195,1
214,-200,1
187,-177,1
214,-189,1
182,-173,1
207,-204,1
189,-203,1
201,-204,1
187,-167,1
213,-196,1
188,-181,1
181,-168,1
212,-189,1
201,-198,1
183,-214,1
201,-213,1
203,-186,1
178,-174,1
190,-167,1
174,-192,1
181,-177,1
200,-179,1
183,-176,1
202,-174,1
187,-215,1
207,-185,1
169,-202,1
195,-184,1
199,-188,1
209,-201,1
185,-196,1
185,-186,1
167,-192,1
202,-169,1
182,-196,1
178,-179,1
204,-192,1
192,-167,1
188,-190,1
179,-177,1
174,-192,1
183,-208,1
201,-185,1
206,-178,1
205,-207,1
202,-176,1
179,-198,1
197,-189,1
203,-177,1
205,-173,1
186,-167,1
188,-183,1
212,-191,1
195,-197,1
174,-184,1
169,-183,1
171,-193,1
184,-182,1
212,-196,1
192,-213,1
204,-192,1
199,-170,1
204,-192,1
190,-214,1
210,-177,1
172,-180,1
172,-177,1
191,-181,1
202,-181,1
171,-195,1
183,-168,1
168,-200,1
187,-206,1
198,-190,1
197,-180,1
191,-197,1
187,-173,1
175,-200,1
174,-191,1
213,-186,1
209,-206,1
203,-196,1
202,-172,1
168,-194,1
173,-195,1
175,-195,1
173,-195,1
185,-207,1
177,-208,1
208,-191,1
194,-175,1
189,-191,1
176,-187,1
171,-192,1
207,-178,1
200,-172,1
173,-192,1
185,-211,1
210,-191,1
192,-183,1
175,-202,1
186,-196,1
207,-199,1
196,-193,1
186,-179,1
207,-198,1
215,-197,1
195,-210,1
195,-167,1
191,-191,1
174,-201,1
190,-189,1
210,-203,1
192,-176,1
207,-176,1
193,-174,1
208,-176,1
188,-174,1
185,-194,1
179,-190,1
208,-202,1
173,-203,1
196,-195,1
174,-178,1
192,-173,1
201,-211,1
180,-194,1
207,-187,1
208,-189,1
176,-171,1
207,-175,1
200,-203,1
180,-179,1
204,-201,1
171,-180,1
190,-197,1
191,-190,1
209,-174,1
184,-179,1
197,-215,1
187,-199,1
212,-196,1
194,-183,1
190,-207,1
187,-174,1
193,-171,1
214,-189,1
212,-179,1
193,-193,1
193,-207,1
212,-184,1
201,-211,1
182,-192,1
191,-169,1
195,-180,1
177,-207,1
194,-181,1
178,-199,1
174,-181,1
186,-167,1
210,-198,1
175,-179,1
208,-191,1
188,-211,1
192,-198,1
201,-170,1
193,-175,1
187,-213,1
190,-210,1
206,-189,1
189,-176,1
207,-180,1
177,-196,1
195,-169,1
173,-186,1
197,-179,1
199,-194,1
204,-196,1
173,-198,1
204,-196,1
215,-188,1
194,-183,1
199,-180,1
182,-208,1
203,-185,1
182,-187,1
196,-181,1
166,-189,1
200,-214,1
185,-172,1
172,-203,1
214,-193,1
178,-189,1
182,-197,1
202,-206,1
197,-180,1
197,-198,1
182,-205,1
204,-203,1
201,-198,1
187,-207,1
178,-197,1
182,-182,1
203,-183,1
209,-179,1
189,-212,1
178,-177,1
189,-187,1
-185,-211,0
-182,-214,0
-204,-183,0
-203,-175,0
-182,-176,0
-173,-206,0
-201,-202,0
-190,-192,0
-189,-167,0
-194,-208,0
-192,-212,0
-188,-175,0
-196,-193,0
-169,-197,0
-191,-185,0
-190,-201,0
-176,-196,0
-182,-174,0
-187,-193,0
-169,-196,0
-187,-190,0
-207,-175,0
-194,-183,0
-176,-173,0
-195,-196,0
-180,-198,0
-192,-175,0
-200,-189,0
-200,-203,0
-211,-193,0
-177,-184,0
-187,-175,0
-170,-192,0
-200,-179,0
-173,-197,0
-195,-168,0
-201,-203,0
-198,-176,0
-174,-206,0
-184,-213,0
-172,-183,0
-206,-193,0
-196,-197,0
-194,-167,0
-189,-198,0
-210,-186,0
-191,-175,0
-198,-211,0
-196,-199,0
-177,-171,0
-183,-186,0
-169,-184,0
-186,-187,0
-214,-187,0
-197,-168,0
-201,-205,0
-180,-193,0
-168,-200,0
-193,-214,0
-215,-186,0
-193,-208,0
-185,-198,0
-176,-173,0
-177,-181,0
-172,-195,0
-205,-182,0
-181,-175,0
-188,-210,0
-200,-176,0
-183,-172,0
-191,-188,0
-191,-182,0
-214,-193,0
-188,-215,0
-210,-190,0
-181,-198,0
-181,-177,0
-167,-185,0
-178,-176,0
-193,-189,0
-167,-191,0
-203,-202,0
-183,-185,0
-211,-190,0
-188,-201,0
-196,-203,0
-191,-173,0
-176,-181,0
-175,-192,0
-195,-185,0
-181,-188,0
-172,-189,0
-171,-178,0
-170,-204,0
-207,-198,0
-208,-190,0
-203,-181,0
-168,-191,0
-183,-195,0
-204,-178,0
-209,-202,0
-181,-212,0
-213,-195,0
-187,-193,0
-191,-185,0
-202,-205,0
-186,-204,0
-198,-185,0
-174,-193,0
-178,-209,0
-212,-179,0
-202,-213,0
-192,-175,0
-169,-188,0
-204,-177,0
-197,-186,0
-213,-197,0
-196,-211,0
-196,-176,0
-202,-177,0
-198,-189,0
-177,-179,0
-169,-196,0
-210,-195,0
-179,-194,0
-208,-186,0
-177,-194,0
-179,-198,0
-200,-199,0
-198,-202,0
-198,-180,0
-177,-211,0
-192,-210,0
-172,-177,0
-207,-200,0
-183,-193,0
-173,-174,0
-202,-185,0
-215,-190,0
-188,-185,0
-170,-195,0
-180,-206,0
-187,-200,0
-177,-210,0
-174,-204,0
-194,-183,0
-209,-184,0
-179,-175,0
-178,-188,0
-198,-206,0
-181,-182,0
-198,-191,0
-209,-197,0
-202,-169,0
-208,-200,0
-177,-174,0
-193,-215,0
-181,-193,0
-178,-172,0
-178,-188,0
-204,-212,0
-203,-184,0
-209,-178,0
-186,-191,0
-182,-172,0
-175,-183,0
-184,-171,0
-201,-192,0
-178,-189,0
-208,-209,0
-173,-207,0
-204,-200,0
-196,-195,0
-179,-181,0
-182,-202,0
-176,-208,0
-207,-174,0
-175,-209,0
-196,-198,0
-181,-181,0
-196,-191,0
-195,-199,0
-179,-211,0
-180,-200,0
-182,-178,0
-197,-205,0
-190,-172,0
-200,-175,0
-173,-193,0
-213,-201,0
-184,-170,0
-202,-203,0
-187,-185,0
-184,-176,0
-187,-186,0
-182,-206,0
-182,-177,0
-215,-194,0
-186,-198,0
-187,-188,0
-173,-193,0
-197,-212,0
-188,-180,0
-203,-183,0
-198,-185,0
-176,-197,0
-181,-185,0
-187,-203,0
-193,-167,0
-185,-190,0
-178,-201,0
-181,-176,0
-204,-174,0
-196,-212,0
-194,-191,0
-199,-177,0
-208,-173,0
-196,-201,0
-196,-182,0
-195,-189,0
-197,-207,0
-168,-182,0
-183,-208,0
-171,-189,0
-198,-180,0
-180,-176,0
-192,-181,0
-199,-185,0
-205,-182,0
-193,-186,0
-212,-180,0
-195,-195,0
-190,-208,0
-192,-197,0
-197,-206,0
-210,-195,0
-183,-201,0
-171,-181,0
-187,-170,0
-214,-188,0
-184,-212,0
-200,-184,0
-210,-183,0
-173,-195,0
-190,-178,0
-175,-188,0
-186,-205,0
-209,-198,0
-197,-189,0
-188,-198,0
