-35,24,1
-17,17,1
-12,34,1
-35,16,1
-3,30,1
-22,45,1
-6,9,1
-11,43,1
-14,10,1
-16,25,1
-11,14,1
-33,14,1
-15,15,1
-1,7,1
-21,41,1
-22,0,1
-24,2,1
-8,32,1
-10,9,1
-18,24,1
-44,13,1
-28,25,1
-26,0,1
3,16,1
-19,41,1
-31,29,1
-36,26,1
-2,14,1
-23,18,1
-20,25,1
-23,28,1
-25,23,1
-10,0,1
-40,11,1
-27,21,1
-30,10,1
-3,27,1
-45,17,1
-26,4,1
-23,39,1
-25,33,1
-23,17,1
-31,29,1
-38,12,1
-14,4,1
-37,25,1
2,20,1
-26,7,1
-26,-2,1
-15,2,1
-39,4,1
-14,13,1
-9,19,1
-5,30,1
-30,17,1
-25,36,1
-26,4,1
-8,42,1
-35,21,1
-25,23,1
-34,41,1
-40,15,1
-13,39,1
-40,20,1
-11,33,1
-15,7,1
-20,0,1
-26,40,1
-21,36,1
-39,11,1
-36,5,1
-22,35,1
-8,15,1
-32,-1,1
-15,36,1
-8,11,1
-22,32,1
-15,40,1
-38,16,1
-17,10,1
-23,34,1
-38,39,1
-34,9,1
-38,13,1
-21,32,1
-39,34,1
-31,28,1
-31,10,1
-18,45,1
-23,-2,1
-2,17,1
-38,5,1
-17,16,1
-33,7,1
-37,9,1
-26,7,1
-37,25,1
-5,9,1
-11,42,1
-2,35,1
-13,-2,1
-41,33,1
-30,3,1
-5,15,1
1,26,1
-21,44,1
-37,35,1
-14,-2,1
0,18,1
-24,20,1
-38,7,1
-5,24,1
-20,36,1
3,26,1
-32,6,1
-35,20,1
-20,38,1
-42,16,1
-39,35,1
-22,39,1
-19,43,1
-15,6,1
-34,12,1
-15,3,1
-4,36,1
-8,39,1
-18,-1,1
-16,2,1
-17,37,1
-33,11,1
-40,22,1
-40,37,1
-24,45,1
-39,15,1
-22,45,1
-4,29,1
-23,46,1
-32,15,1
-11,2,1
-22,22,1
-1,21,1
-13,14,1
-22,-3,1
-30,6,1
-2,22,1
-23,28,1
-21,22,1
-23,44,1
0,30,1
-30,27,1
-37,6,1
-41,21,1
-27,14,1
-35,30,1
-3,32,1
-21,20,1
-36,21,1
-41,36,1
-37,17,1
-27,28,1
-19,-2,1
2,19,1
-29,7,1
-19,32,1
-38,35,1
-30,24,1
-44,17,1
-21,24,1
-26,-1,1
-5,39,1
-9,17,1
-16,32,1
-43,21,1
-4,35,1
-10,4,1
-9,19,1
-43,20,1
-25,29,1
-18,29,1
-45,16,1
-19,10,1
-3,22,1
-35,27,1
-22,33,1
-8,39,1
-29,31,1
-4,24,1
-25,15,1
-7,5,1
-12,12,1
-33,12,1
-20,46,1
-32,35,1
-44,29,1
-33,29,1
-34,40,1
-19,21,1
-31,21,1
-8,31,1
-24,45,1
-5,38,1
-12,25,1
-20,38,1
-15,10,1
-23,43,1
-12,4,1
-8,9,1
-31,-1,1
-32,11,1
-35,14,1
-9,29,1
-9,19,1
-36,4,1
-40,8,1
-38,32,1
-23,24,1
-5,23,1
-5,38,1
-34,14,1
-28,1,1
-39,8,1
-14,41,1
-23,24,1
-13,17,1
-40,33,1
-3,5,1
-41,15,1
-15,26,1
-25,38,1
-12,34,1
-16,17,1
-34,6,1
-21,1,1
-23,1,1
-17,35,1
-43,14,1
0,21,1
-35,5,1
-30,1,1
-31,32,1
-40,16,1
-39,30,1
-2,34,1
-21,40,1
-44,24,1
-5,6,1
-44,16,1
-25,-2,1
-40,23,1
-41,27,1
5,21,0
27,18,0
19,46,0
39,11,0
8,10,0
25,38,0
25,-1,0
17,28,0
12,9,0
4,15,0
2,14,0
38,32,0
21,-3,0
28,11,0
27,27,0
4,35,0
15,39,0
43,32,0
24,4,0
18,6,0
21,12,0
11,18,0
19,8,0
10,10,0
-2,20,0
26,31,0
33,2,0
37,26,0
4,37,0
7,21,0
36,40,0
6,13,0
12,19,0
38,31,0
26,11,0
20,27,0
5,20,0
5,29,0
21,43,0
11,25,0
34,20,0
28,39,0
8,14,0
22,35,0
20,-3,0
13,34,0
40,6,0
28,9,0
1,11,0
24,10,0
39,17,0
36,13,0
34,23,0
8,25,0
16,29,0
26,38,0
-1,27,0
25,10,0
41,32,0
44,29,0
18,43,0
37,30,0
18,44,0
22,29,0
38,35,0
37,27,0
0,19,0
45,23,0
24,44,0
5,37,0
34,7,0
9,11,0
17,37,0
3,34,0
30,19,0
20,21,0
7,29,0
39,4,0
29,14,0
24,3,0
45,22,0
9,19,0
40,24,0
10,28,0
17,21,0
24,38,0
15,44,0
19,41,0
21,3,0
23,31,0
34,40,0
16,26,0
31,4,0
22,14,0
1,10,0
18,29,0
13,15,0
21,24,0
42,10,0
3,18,0
27,29,0
31,-1,0
16,-1,0
10,38,0
15,8,0
42,35,0
15,7,0
10,-1,0
17,20,0
22,42,0
21,17,0
10,18,0
43,19,0
42,27,0
13,42,0
20,16,0
15,4,0
10,20,0
8,6,0
26,10,0
34,28,0
38,7,0
13,2,0
28,13,0
27,26,0
30,44,0
26,-3,0
5,37,0
42,27,0
21,33,0
25,10,0
19,25,0
9,24,0
18,21,0
43,14,0
14,-2,0
36,36,0
40,18,0
9,0,0
41,8,0
25,7,0
27,21,0
9,30,0
1,34,0
9,18,0
16,29,0
12,44,0
29,24,0
21,7,0
10,35,0
35,39,0
35,21,0
41,14,0
18,31,0
4,39,0
21,45,0
29,16,0
22,41,0
34,12,0
17,16,0
0,11,0
33,26,0
28,41,0
-1,31,0
7,40,0
14,44,0
20,7,0
8,8,0
9,5,0
17,34,0
38,22,0
9,16,0
31,18,0
15,-3,0
12,10,0
30,44,0
31,42,0
19,35,0
33,24,0
-1,20,0
32,28,0
25,35,0
19,13,0
28,34,0
32,1,0
40,35,0
25,0,0
18,-3,0
35,2,0
39,4,0
26,9,0
30,34,0
24,17,0
29,19,0
41,20,0
44,16,0
3,16,0
30,31,0
8,1,0
10,4,0
4,29,0
29,41,0
23,26,0
32,10,0
27,6,0
25,0,0
33,4,0
35,40,0
20,18,0
11,21,0
25,17,0
40,18,0
24,0,0
6,32,0
37,9,0
22,12,0
21,6,0
13,34,0
-2,21,0
23,40,0
12,15,0
21,44,0
30,14,0
5,4,0
7,14,0
8,11,0
11,1,0
-3,19,0
-3,25,0
12,12,0
15,15,0
15,14,0
40,17,0
10,-1,0
27,4,0
7,8,0
24,22,0
40,6,0
19,27,0
6,13,0
25,21,0
4,20,0
42,11,0
18,39,0
7,5,0
23,21,0
25,13,0
37,14,0
28,11,0
44,27,0
35,-20,1
21,-38,1
26,-41,1
10,-15,1
11,-26,1
41,-16,1
21,-22,1
25,-29,1
18,-12,1
28,2,1
29,-35,1
44,-28,1
25,-14,1
8,-14,1
14,-28,1
39,-33,1
23,0,1
9,-37,1
2,-24,1
14,-22,1
0,-34,1
0,-18,1
29,-2,1
14,-18,1
41,-12,1
15,3,1
23,-34,1
36,-17,1
35,-9,1
31,-11,1
26,2,1
18,-14,1
1,-16,1
16,-3,1
34,0,1
21,3,1
28,-3,1
35,-2,1
7,-21,1
31,-32,1
25,-12,1
31,-11,1
15,-23,1
32,-41,1
14,-14,1
6,-26,1
28,-33,1
38,-7,1
29,-4,1
13,-26,1
16,-10,1
2,-35,1
31,-14,1
26,-40,1
37,-35,1
17,-13,1
11,-36,1
8,-20,1
19,-20,1
17,-43,1
-1,-27,1
26,-10,1
11,-16,1
29,-8,1
12,-12,1
11,-36,1
37,-15,1
12,-9,1
10,-34,1
7,-15,1
18,-14,1
43,-16,1
14,-33,1
19,-35,1
12,2,1
13,-43,1
30,-20,1
24,-25,1
23,-13,1
37,-18,1
26,-45,1
33,-37,1
14,1,1
13,-3,1
16,-4,1
32,-4,1
22,-35,1
19,-24,1
7,-39,1
27,-44,1
2,-22,1
35,-11,1
31,-19,1
28,0,1
7,-19,1
8,-9,1
5,-39,1
42,-33,1
18,-1,1
2,-21,1
28,1,1
22,-23,1
29,-10,1
10,-26,1
6,-33,1
10,-3,1
16,-38,1
22,-3,1
1,-17,1
-3,-15,1
36,-3,1
40,-26,1
12,-41,1
11,-36,1
34,-10,1
32,-6,1
16,-17,1
18,-2,1
19,-26,1
6,-8,1
22,-24,1
34,-17,1
34,-24,1
27,-15,1
39,-38,1
18,-3,1
39,-33,1
21,0,1
41,-36,1
16,1,1
7,-9,1
28,-8,1
31,0,1
35,-30,1
16,-44,1
35,-2,1
43,-18,1
32,-40,1
2,-15,1
43,-11,1
27,-40,1
36,-35,1
20,-10,1
22,-45,1
24,-43,1
34,-16,1
30,-6,1
6,-33,1
35,-19,1
16,-35,1
19,-46,1
37,-16,1
4,-20,1
42,-23,1
19,-10,1
25,-40,1
27,-37,1
29,-41,1
23,-10,1
2,-7,1
10,-7,1
40,-16,1
20,-22,1
45,-25,1
6,-29,1
46,-23,1
30,-36,1
15,-36,1
39,-30,1
21,-35,1
22,-1,1
24,-25,1
33,-22,1
25,-42,1
14,2,1
5,-4,1
19,-27,1
34,-20,1
10,-3,1
44,-26,1
0,-22,1
7,-34,1
22,-4,1
18,0,1
11,-36,1
44,-28,1
22,-32,1
6,-11,1
21,-25,1
40,-31,1
46,-24,1
37,-14,1
32,-36,1
8,-5,1
1,-21,1
33,-5,1
-1,-12,1
22,-12,1
11,-31,1
36,-12,1
15,-16,1
21,-24,1
5,-4,1
9,-43,1
27,-29,1
1,-34,1
30,-17,1
2,-34,1
19,-26,1
42,-30,1
24,-34,1
24,-8,1
30,-14,1
16,2,1
31,-24,1
32,-42,1
7,-3,1
39,-24,1
44,-18,1
30,-44,1
39,-6,1
9,-28,1
27,-31,1
21,-21,1
8,-22,1
39,-32,1
21,-14,1
14,-23,1
4,-37,1
29,-20,1
9,-8,1
16,-20,1
7,-27,1
32,-42,1
23,-23,1
41,-32,1
6,-3,1
43,-19,1
9,-27,1
10,-31,1
15,-38,1
21,-46,1
3,-19,1
0,-34,1
11,-36,1
9,-4,1
10,-30,1
11,0,1
31,-9,1
35,-32,1
-20,-30,0
-19,-35,0
-29,-4,0
-37,-31,0
-19,-11,0
-31,-21,0
-27,-13,0
-41,-9,0
-42,-27,0
-17,-37,0
-30,-33,0
-24,-22,0
-30,-16,0
-37,-23,0
-40,-18,0
-28,2,0
-28,-32,0
-9,-8,0
-22,-21,0
3,-23,0
-18,-21,0
-30,-39,0
-14,-4,0
-29,-5,0
-12,-33,0
-44,-14,0
-1,-7,0
-16,-1,0
0,-9,0
-1,-22,0
-16,-16,0
-17,3,0
-22,-27,0
-30,-23,0
-19,-19,0
-2,-6,0
-20,-8,0
-35,-22,0
-21,-17,0
-31,-17,0
-23,-18,0
-31,-40,0
-23,-22,0
-40,-28,0
-22,-18,0
-28,-33,0
-24,-18,0
-17,-40,0
-18,-42,0
-31,-27,0
-30,-41,0
-12,-14,0
-22,-7,0
-2,-20,0
-38,-26,0
-1,-28,0
-36,-12,0
-30,-19,0
-39,-15,0
2,-30,0
-6,-34,0
-25,-20,0
-44,-28,0
-39,-17,0
-3,-21,0
-34,-13,0
-15,-31,0
-1,-21,0
-31,-43,0
-37,-14,0
-30,-5,0
-13,-28,0
-20,-45,0
-26,-23,0
-30,2,0
-14,-38,0
-42,-32,0
-13,-16,0
-22,-7,0
-4,-37,0
-10,-11,0
-26,-25,0
-35,-10,0
-34,-35,0
-27,-45,0
-23,-14,0
-25,-9,0
-6,-21,0
-17,-1,0
-34,-16,0
-4,-22,0
-30,-26,0
-45,-17,0
-39,-20,0
-22,-29,0
-38,-27,0
-16,-28,0
-7,-30,0
-6,-27,0
-35,-6,0
-15,-12,0
-24,-12,0
-3,-31,0
-18,-1,0
-30,-31,0
-5,-22,0
-24,-27,0
-41,-21,0
-11,-25,0
-25,-22,0
-26,3,0
-21,-36,0
-4,-39,0
-3,-27,0
-43,-22,0
-7,-2,0
-2,-10,0
-23,-25,0
-11,-18,0
-8,-18,0
-36,-39,0
-34,-28,0
-18,-45,0
-28,-10,0
-11,-42,0
1,-10,0
-31,1,0
-13,-2,0
-25,-29,0
-15,-29,0
-10,-25,0
-33,-32,0
-29,-21,0
-34,-21,0
-32,-7,0
-34,-20,0
-6,-17,0
1,-14,0
-12,-42,0
-36,-34,0
-25,-24,0
-9,-21,0
-8,-41,0
-3,-12,0
-30,0,0
-23,2,0
-20,-26,0
-18,-1,0
-9,-11,0
-21,-11,0
-6,-28,0
-27,-4,0
-44,-17,0
-24,1,0
-23,-25,0
-5,-39,0
-22,-20,0
-11,-25,0
-8,-33,0
-26,-32,0
-1,-30,0
-32,-27,0
-23,-15,0
-15,-42,0
-21,-9,0
-18,-26,0
1,-11,0
-3,-31,0
-42,-10,0
-10,-25,0
-20,-29,0
-31,-19,0
-33,-16,0
-31,-34,0
-12,-5,0
-15,-43,0
-14,-12,0
-36,-25,0
-2,-6,0
-25,-32,0
-8,-26,0
-16,-27,0
-25,-38,0
-45,-17,0
-28,-7,0
-29,-15,0
-17,-33,0
-20,-40,0
0,-32,0
-4,-27,0
3,-16,0
-35,-26,0
-35,-22,0
-29,-35,0
-39,-11,0
-26,-36,0
-28,-14,0
-6,-33,0
-13,-34,0
-36,-30,0
-19,-14,0
-11,-32,0
-21,-38,0
-21,-11,0
-24,-21,0
1,-15,0
-26,-13,0
-3,-6,0
-9,-42,0
-16,-20,0
-35,-15,0
-21,-25,0
-11,-39,0
-3,-10,0
-9,-15,0
-13,-15,0
-9,-5,0
-32,-34,0
-30,0,0
-11,-1,0
-12,-6,0
-37,-7,0
-42,-13,0
-8,-7,0
-38,-32,0
-28,-13,0
-33,-13,0
-20,-33,0
-35,-9,0
-7,-17,0
-40,-12,0
-19,-9,0
-12,-34,0
-37,-36,0
3,-24,0
-43,-30,0
-2,-25,0
3,-16,0
-43,-32,0
-27,-37,0
-37,-31,0
-22,-22,0
0,-13,0
-40,-6,0
-41,-21,0
-20,-8,0
-29,-21,0
-6,-24,0
-24,-44,0
-22,1,0
