-5,7,1
-11,31,1
-28,0,1
-42,13,1
-31,11,1
-39,22,1
-23,20,1
-14,20,1
-30,21,1
-6,11,1
-4,25,1
-3,29,1
-27,21,1
-29,17,1
-14,41,1
-31,18,1
-25,39,1
-46,24,1
-16,43,1
-19,1,1
-10,22,1
-11,23,1
-15,7,1
-28,23,1
-26,20,1
-14,19,1
1,11,1
-26,40,1
-8,34,1
-37,3,1
-16,0,1
-21,-1,1
-43,28,1
-31,33,1
-11,29,1
-21,5,1
-30,34,1
-39,23,1
-35,16,1
-45,25,1
0,34,1
-43,21,1
-28,5,1
1,20,1
-26,14,1
-10,42,1
-26,9,1
-23,11,1
-1,10,1
-11,30,1
-27,15,1
-37,17,1
-28,33,1
-11,31,1
-13,20,1
-3,6,1
-23,5,1
1,19,1
-33,33,1
-23,36,1
-27,28,1
-28,35,1
-16,25,1
-5,32,1
2,29,1
-18,3,1
-43,32,1
-13,35,1
-7,33,1
-16,5,1
-11,6,1
-13,-2,1
-5,26,1
-42,23,1
-23,37,1
-2,31,1
-25,9,1
-34,5,1
-42,20,1
-9,40,1
-33,20,1
-17,8,1
-23,7,1
-21,27,1
-19,2,1
-13,11,1
-26,41,1
-30,35,1
-34,3,1
-18,33,1
-36,19,1
-33,24,1
-32,-1,1
-9,25,1
-7,8,1
-5,33,1
-25,0,1
2,12,1
-20,11,1
-13,-1,1
-18,24,1
-25,16,1
-35,39,1
-7,15,1
-45,21,1
-23,44,1
-19,31,1
-26,21,1
-25,7,1
-15,9,1
-27,1,1
-35,33,1
-24,15,1
-21,4,1
-23,23,1
-40,10,1
-9,35,1
-5,13,1
-41,9,1
-3,13,1
0,18,1
-40,20,1
-14,45,1
0,23,1
-24,4,1
-12,15,1
-28,5,1
-3,11,1
-26,32,1
-7,31,1
-15,40,1
-34,38,1
-20,36,1
-10,33,1
-3,26,1
-7,17,1
-25,45,1
-21,13,1
-6,41,1
-19,22,1
-14,0,1
-30,-1,1
-15,3,1
-1,27,1
-27,19,1
-4,27,1
-37,25,1
-40,27,1
-33,34,1
-26,17,1
-41,13,1
-15,20,1
-17,7,1
-37,40,1
-19,9,1
-22,-1,1
-13,41,1
-33,16,1
-19,6,1
-17,11,1
-15,36,1
-6,5,1
-20,30,1
-24,14,1
-39,23,1
-13,5,1
-35,1,1
-13,18,1
-39,4,1
-21,8,1
-27,13,1
-36,27,1
-1,26,1
-45,22,1
-14,29,1
-12,18,1
-14,23,1
-30,13,1
-32,3,1
-19,13,1
-17,37,1
-5,24,1
-10,34,1
-16,21,1
-7,28,1
-26,34,1
-13,1,1
-35,12,1
-31,27,1
1,30,1
-13,3,1
-33,12,1
-17,38,1
-7,6,1
-2,7,1
-21,36,1
-10,2,1
-26,32,1
-26,2,1
-42,31,1
-26,9,1
-35,31,1
-17,8,1
-28,2,1
-24,18,1
-13,35,1
-10,12,1
-21,2,1
-10,20,1
-27,11,1
-38,14,1
-2,34,1
-43,18,1
2,15,1
-37,14,1
-13,25,1
-21,10,1
-21,19,1
-42,11,1
-14,22,1
-16,7,1
-11,36,1
-10,4,1
-32,37,1
-9,23,1
-37,34,1
-16,39,1
-6,5,1
-24,27,1
-25,6,1
-2,31,1
-36,30,1
-39,30,1
-17,28,1
-2,12,1
-29,34,1
-15,12,1
-13,39,1
-15,24,1
-23,0,1
-29,10,1
-36,40,1
-22,30,1
-35,24,1
-29,10,1
-7,4,1
-6,5,1
-11,31,1
-17,29,1
-38,36,1
32,5,0
41,28,0
34,31,0
10,15,0
10,0,0
27,42,0
3,19,0
42,21,0
44,27,0
-2,18,0
18,23,0
32,9,0
12,33,0
39,6,0
28,2,0
9,1,0
25,0,0
12,2,0
27,5,0
33,1,0
33,37,0
34,16,0
7,38,0
23,41,0
10,24,0
13,34,0
41,9,0
2,36,0
3,31,0
12,0,0
3,15,0
12,28,0
18,3,0
7,19,0
28,35,0
18,35,0
33,37,0
10,32,0
3,32,0
-2,28,0
23,38,0
24,33,0
22,8,0
15,42,0
15,6,0
13,13,0
7,34,0
28,31,0
33,29,0
2,9,0
7,26,0
-1,30,0
9,0,0
6,21,0
44,17,0
24,8,0
42,13,0
20,2,0
5,7,0
19,16,0
43,27,0
42,21,0
19,22,0
32,38,0
40,34,0
15,18,0
18,5,0
34,18,0
6,27,0
23,13,0
7,41,0
36,35,0
36,15,0
38,19,0
27,0,0
40,20,0
3,6,0
25,21,0
37,8,0
23,13,0
30,23,0
10,27,0
43,12,0
-1,30,0
3,29,0
15,32,0
28,25,0
10,43,0
30,19,0
13,19,0
31,19,0
32,26,0
4,28,0
18,21,0
35,34,0
38,33,0
25,12,0
23,29,0
15,-2,0
10,29,0
5,16,0
15,8,0
24,11,0
4,27,0
12,25,0
9,18,0
14,-2,0
7,20,0
34,12,0
18,13,0
17,21,0
21,28,0
4,33,0
42,18,0
23,18,0
3,21,0
43,31,0
20,0,0
10,31,0
36,8,0
35,18,0
18,33,0
39,20,0
2,35,0
5,7,0
25,-1,0
36,37,0
10,37,0
9,37,0
23,3,0
22,7,0
9,21,0
25,12,0
10,3,0
32,27,0
16,29,0
19,17,0
4,10,0
8,17,0
18,1,0
16,10,0
26,41,0
1,22,0
31,18,0
23,19,0
42,25,0
22,40,0
12,33,0
34,4,0
18,33,0
34,21,0
44,19,0
14,38,0
11,35,0
15,34,0
12,28,0
26,37,0
15,7,0
23,10,0
14,15,0
-1,27,0
17,32,0
38,27,0
12,3,0
1,21,0
40,17,0
10,0,0
18,12,0
25,37,0
25,15,0
5,33,0
5,26,0
21,7,0
31,2,0
7,9,0
29,7,0
10,12,0
26,29,0
31,25,0
0,10,0
12,29,0
10,43,0
11,20,0
31,8,0
6,37,0
9,9,0
41,16,0
29,0,0
45,21,0
32,1,0
0,19,0
31,12,0
13,32,0
9,39,0
30,14,0
37,16,0
33,10,0
24,34,0
14,43,0
31,42,0
1,34,0
36,12,0
1,33,0
26,33,0
30,20,0
16,35,0
30,37,0
18,39,0
26,22,0
9,22,0
36,30,0
28,9,0
17,-2,0
0,8,0
19,6,0
23,17,0
33,22,0
11,2,0
32,23,0
-2,26,0
3,8,0
23,40,0
20,6,0
31,40,0
21,6,0
2,13,0
11,2,0
30,11,0
3,31,0
24,10,0
5,22,0
-2,25,0
5,34,0
2,13,0
42,25,0
37,7,0
26,18,0
8,28,0
10,26,0
27,32,0
13,6,0
11,15,0
23,6,0
29,19,0
26,9,0
19,31,0
20,1,0
29,32,0
11,1,0
34,23,0
31,-25,1
-1,-16,1
30,-35,1
14,-41,1
15,-25,1
16,-5,1
42,-10,1
34,-32,1
-3,-25,1
33,-39,1
8,-13,1
26,-39,1
24,-1,1
23,-8,1
12,-10,1
34,-33,1
35,-33,1
-3,-15,1
31,-26,1
24,-27,1
24,-10,1
16,-4,1
11,-29,1
1,-9,1
30,-40,1
12,-10,1
21,-21,1
11,0,1
17,-14,1
17,-10,1
36,-35,1
6,-19,1
19,-24,1
37,-32,1
40,-24,1
25,-41,1
40,-36,1
15,-26,1
5,-40,1
34,-7,1
38,-33,1
15,-19,1
16,-24,1
4,-14,1
31,-21,1
25,-24,1
-2,-26,1
10,-33,1
22,-4,1
44,-25,1
16,-13,1
3,-36,1
26,-32,1
26,-9,1
23,-2,1
6,-25,1
8,-25,1
25,2,1
32,-25,1
31,-12,1
29,-27,1
20,-13,1
2,-28,1
28,-16,1
31,-33,1
12,-28,1
32,-32,1
-3,-22,1
28,-33,1
38,-18,1
8,-30,1
31,-25,1
36,-3,1
44,-15,1
9,-6,1
31,-2,1
4,-19,1
13,-21,1
26,-35,1
31,-1,1
5,-6,1
8,-13,1
34,-10,1
16,-37,1
33,-35,1
33,-41,1
11,-33,1
23,-19,1
23,-22,1
33,-29,1
30,-8,1
15,-11,1
6,-26,1
25,-15,1
31,-24,1
42,-30,1
11,1,1
28,-44,1
36,-36,1
31,-39,1
36,-37,1
18,-42,1
43,-12,1
19,-7,1
31,-35,1
41,-30,1
24,-1,1
39,-8,1
28,-19,1
24,-46,1
23,-34,1
43,-20,1
14,-15,1
22,-25,1
7,-31,1
38,-34,1
41,-12,1
8,-36,1
13,-35,1
10,-18,1
34,-32,1
45,-23,1
33,-15,1
1,-10,1
2,-19,1
7,-24,1
4,-7,1
37,-3,1
34,-29,1
19,-39,1
0,-28,1
19,-14,1
19,-2,1
8,-12,1
16,-6,1
10,-43,1
12,-29,1
3,-27,1
8,-12,1
8,-26,1
4,-15,1
20,-15,1
13,-34,1
15,-7,1
4,-18,1
32,0,1
46,-24,1
22,-7,1
36,-14,1
42,-23,1
23,-36,1
9,-21,1
17,-10,1
11,-24,1
40,-35,1
18,-45,1
44,-22,1
3,-16,1
29,-34,1
29,-14,1
30,-41,1
36,-23,1
18,-42,1
26,-9,1
23,-15,1
18,3,1
26,1,1
31,-34,1
20,1,1
11,-42,1
6,-20,1
22,-28,1
9,-2,1
8,-26,1
4,-13,1
15,-19,1
13,-18,1
3,-21,1
23,-36,1
43,-31,1
37,-18,1
5,-24,1
10,-15,1
35,-32,1
2,-25,1
43,-20,1
33,-31,1
15,-44,1
20,-5,1
46,-24,1
32,-9,1
30,-8,1
44,-22,1
44,-31,1
19,-31,1
32,-41,1
40,-18,1
13,-26,1
22,-18,1
25,-4,1
36,-7,1
24,-8,1
25,-15,1
26,-34,1
19,-45,1
8,-23,1
22,-46,1
18,-12,1
44,-26,1
16,-5,1
32,-29,1
41,-18,1
34,-15,1
37,-18,1
20,-9,1
21,-8,1
13,-15,1
34,-5,1
17,-22,1
10,-29,1
8,-6,1
36,-15,1
20,-16,1
6,-35,1
16,-12,1
20,-25,1
20,-20,1
17,-5,1
21,-35,1
33,-14,1
0,-33,1
35,-12,1
21,-29,1
18,-11,1
22,-23,1
20,-24,1
39,-7,1
27,-7,1
32,-20,1
22,-21,1
5,-28,1
21,-45,1
37,-17,1
38,-21,1
0,-8,1
17,-3,1
41,-8,1
39,-38,1
1,-9,1
41,-11,1
-19,-15,0
-11,-4,0
-27,-8,0
-13,-39,0
-6,-29,0
-31,-4,0
-40,-16,0
-1,-9,0
-17,-40,0
-8,-17,0
-38,-4,0
-18,-29,0
-10,-39,0
-16,-5,0
-4,-11,0
-39,-7,0
-3,-38,0
-19,-12,0
-12,-22,0
-16,-20,0
1,-13,0
-19,-40,0
-16,-21,0
-29,-37,0
-42,-31,0
-8,-40,0
-13,-38,0
-26,-8,0
-9,-18,0
-21,-2,0
-22,-35,0
-22,0,0
-37,-27,0
-37,-13,0
-31,-5,0
-31,-16,0
-4,-11,0
-2,-16,0
2,-20,0
-6,-11,0
-7,-38,0
-9,-7,0
-34,-7,0
-37,-24,0
-20,-10,0
-19,-22,0
-22,-43,0
-11,-20,0
-7,-11,0
-7,-38,0
-41,-12,0
-15,-1,0
-41,-27,0
-25,-8,0
-19,-46,0
-22,-5,0
3,-17,0
-26,-43,0
-38,-34,0
-16,-3,0
-8,-21,0
-1,-27,0
-5,-10,0
-35,-38,0
-12,-9,0
-31,-42,0
-34,-26,0
-24,-13,0
-44,-16,0
-4,-39,0
-2,-14,0
-24,-28,0
-12,-40,0
-26,-12,0
-22,-14,0
-43,-9,0
-7,-3,0
-43,-14,0
-44,-11,0
-21,-39,0
-9,-40,0
-16,-29,0
-9,-36,0
-33,-28,0
-31,-39,0
-24,-34,0
-16,-31,0
-39,-10,0
-30,-33,0
-10,-20,0
1,-24,0
-13,-16,0
-34,-38,0
-7,-11,0
-35,-41,0
-29,-43,0
-15,-25,0
-14,-12,0
-39,-19,0
-32,-37,0
-13,-28,0
-10,-29,0
-20,-6,0
-37,-2,0
-13,-14,0
-29,-40,0
-33,-11,0
-30,-16,0
-6,-3,0
-37,-11,0
-40,-34,0
-9,-18,0
-14,-25,0
-38,-5,0
-25,-23,0
-40,-21,0
1,-19,0
-12,-18,0
-10,-35,0
-12,-3,0
-21,-10,0
-34,-34,0
-24,-28,0
-33,-14,0
-31,-17,0
-36,-32,0
-25,-43,0
-18,0,0
-26,-27,0
-21,-6,0
-4,-38,0
-33,-7,0
-16,3,0
-31,-37,0
-20,-8,0
-10,-33,0
-39,-10,0
-27,-20,0
-21,-8,0
-39,-11,0
0,-16,0
-3,-27,0
-12,-3,0
1,-12,0
-6,-24,0
-11,-1,0
-12,-29,0
-23,-25,0
-7,-15,0
-12,-40,0
-27,-21,0
-29,-35,0
-36,-29,0
1,-10,0
-19,-16,0
-10,-31,0
-10,-21,0
-29,-39,0
-12,-44,0
-24,-30,0
-11,-43,0
-27,-26,0
-13,-40,0
-8,0,0
-36,-30,0
-25,-20,0
-2,-30,0
-29,-34,0
-10,-37,0
-7,-11,0
-6,-27,0
-7,-8,0
-4,-9,0
-2,-37,0
-3,-5,0
-21,-17,0
2,-19,0
-28,2,0
-39,-16,0
-15,-20,0
-42,-17,0
-38,-26,0
-20,-26,0
-34,-29,0
-2,-32,0
-13,0,0
-24,-7,0
-23,-16,0
-36,-15,0
-22,-27,0
-37,-18,0
-20,-29,0
-10,-15,0
-12,-7,0
-7,-5,0
-15,-44,0
-7,-21,0
-7,-40,0
-10,-19,0
-8,-31,0
-11,-21,0
-17,-38,0
-16,3,0
-9,-34,0
-9,-33,0
-12,-19,0
-23,-6,0
-5,-36,0
-15,-19,0
-16,-6,0
-34,-8,0
-18,-22,0
-10,-34,0
-28,-24,0
-29,-38,0
-1,-30,0
-26,-26,0
-28,-16,0
-24,-8,0
-9,-6,0
-28,-32,0
-3,-18,0
0,-20,0
-20,-32,0
-45,-19,0
-13,-39,0
-34,-42,0
-43,-9,0
-17,-25,0
-4,-37,0
-28,-20,0
-4,-5,0
-28,-25,0
1,-27,0
-4,-31,0
-12,-9,0
1,-27,0
-12,1,0
-31,-38,0
1,-12,0
-23,-34,0
-39,-13,0
-14,-12,0
-31,-12,0
-31,-38,0
-30,-41,0
-27,-12,0
-8,-29,0
-13,-1,0
-24,-29,0
