-192,205,1
-185,193,1
-212,182,1
-195,205,1
-204,186,1
-175,201,1
-181,171,1
-194,174,1
-204,181,1
-194,181,1
-179,177,1
-178,209,1
-180,196,1
-193,199,1
-181,179,1
-208,206,1
-184,197,1
-201,174,1
-192,172,1
-192,178,1
-199,205,1
-194,205,1
-194,215,1
-206,184,1
-205,188,1
-193,193,1
-189,210,1
-182,176,1
-195,196,1
-180,182,1
-193,193,1
-204,204,1
-187,194,1
-215,191,1
-185,182,1
-178,211,1
-176,198,1
-180,177,1
-195,169,1
-197,198,1
-197,194,1
-180,201,1
-209,176,1
-178,193,1
-196,182,1
-180,200,1
-184,167,1
-187,197,1
-176,199,1
-198,174,1
-202,182,1
-168,195,1
-173,207,1
-176,197,1
-174,205,1
-183,168,1
-190,170,1
-194,208,1
-178,182,1
-215,192,1
-191,170,1
-202,181,1
-211,179,1
-193,200,1
-200,188,1
-197,168,1
-180,180,1
-190,206,1
-179,206,1
-199,210,1
-181,197,1
-178,207,1
-193,195,1
-197,186,1
-207,172,1
-188,189,1
-178,177,1
-195,183,1
-212,193,1
-209,198,1
-176,184,1
-191,212,1
-210,191,1
-201,176,1
-185,197,1
-203,171,1
-181,171,1
-215,185,1
-174,173,1
-198,200,1
-182,172,1
-193,176,1
-208,184,1
-200,213,1
-186,184,1
-169,190,1
-202,195,1
-192,186,1
-182,211,1
-169,184,1
-199,211,1
-191,167,1
-180,173,1
-168,199,1
-177,200,1
-192,186,1
-191,213,1
-191,190,1
-206,201,1
-183,197,1
-200,213,1
-176,173,1
-208,190,1
-205,193,1
-172,204,1
-176,175,1
-191,213,1
-191,212,1
-178,171,1
-178,186,1
-202,204,1
-207,194,1
-194,179,1
-207,183,1
-177,206,1
-211,177,1
-194,170,1
-205,175,1
-184,210,1
-191,189,1
-180,188,1
-169,197,1
-200,193,1
-186,212,1
-207,205,1
-179,207,1
-182,169,1
-182,184,1
-191,191,1
-201,173,1
-206,198,1
-195,202,1
-210,178,1
-170,193,1
-206,205,1
-188,185,1
-214,198,1
-184,180,1
-186,206,1
-206,194,1
-187,199,1
-203,203,1
-197,186,1
-180,201,1
-200,213,1
-204,182,1
-192,178,1
-182,210,1
-172,184,1
-187,187,1
-195,201,1
-170,192,1
-176,197,1
-202,173,1
-185,197,1
-207,186,1
-183,197,1
-200,208,1
-209,205,1
-201,169,1
-199,196,1
-207,202,1
-207,192,1
-209,196,1
-182,170,1
-188,188,1
-186,172,1
-182,190,1
-187,188,1
-182,173,1
-181,198,1
-202,198,1
-178,180,1
-172,196,1
-179,169,1
-170,181,1
-198,199,1
-168,190,1
-178,179,1
-194,182,1
-184,176,1
-193,170,1
-207,198,1
-176,184,1
-188,207,1
-194,180,1
-191,184,1
-173,203,1
-215,195,1
-183,200,1
-175,188,1
-207,185,1
-212,186,1
-213,201,1
-178,178,1
-202,210,1
-197,173,1
-206,174,1
-184,213,1
-184,179,1
-205,174,1
-194,185,1
-189,167,1
-179,171,1
-208,206,1
-197,170,1
-196,205,1
-196,183,1
-195,186,1
-198,181,1
-192,176,1
-172,207,1
-214,184,1
-186,193,1
-183,205,1
-191,204,1
-173,187,1
-184,207,1
-203,171,1
-190,190,1
-171,194,1
-194,204,1
-209,188,1
-201,169,1
-192,173,1
-183,188,1
-211,194,1
-191,175,1
-185,170,1
-190,187,1
-211,193,1
-173,189,1
-188,172,1
-189,202,1
-195,191,1
-203,179,1
-211,195,1
-172,181,1
-167,187,1
-185,169,1
213,190,0
205,199,0
209,193,0
175,199,0
202,202,0
176,197,0
176,182,0
185,180,0
174,181,0
186,191,0
169,202,0
185,192,0
200,198,0
173,199,0
196,211,0
212,204,0
205,210,0
179,204,0
196,197,0
209,195,0
171,196,0
177,176,0
194,198,0
181,198,0
178,175,0
184,184,0
194,174,0
193,206,0
202,183,0
190,196,0
187,208,0
213,182,0
189,211,0
195,212,0
181,211,0
205,207,0
183,201,0
186,171,0
195,192,0
192,190,0
208,178,0
176,203,0
179,187,0
183,211,0
197,204,0
197,214,0
190,189,0
196,189,0
196,198,0
186,186,0
199,198,0
181,187,0
196,210,0
188,190,0
188,208,0
193,196,0
203,192,0
181,186,0
177,177,0
189,202,0
176,200,0
199,184,0
188,169,0
171,183,0
215,185,0
193,201,0
191,192,0
170,200,0
202,176,0
172,175,0
186,174,0
191,201,0
197,167,0
183,173,0
182,200,0
166,190,0
199,179,0
169,191,0
183,173,0
205,189,0
183,194,0
182,209,0
205,202,0
193,171,0
194,209,0
171,201,0
208,207,0
212,198,0
185,174,0
170,179,0
206,201,0
196,194,0
195,186,0
191,190,0
183,186,0
207,188,0
171,181,0
208,189,0
190,175,0
192,195,0
174,193,0
205,204,0
187,170,0
214,198,0
182,199,0
206,193,0
215,197,0
191,194,0
197,170,0
196,215,0
211,199,0
176,197,0
167,184,0
215,186,0
172,181,0
194,207,0
193,194,0
180,185,0
186,210,0
177,197,0
170,188,0
181,202,0
178,196,0
175,185,0
183,172,0
192,184,0
204,185,0
204,188,0
201,190,0
214,189,0
203,170,0
215,195,0
170,184,0
205,196,0
179,179,0
203,179,0
189,215,0
185,188,0
188,191,0
210,187,0
189,190,0
202,181,0
188,208,0
197,171,0
197,198,0
204,195,0
190,194,0
190,213,0
183,208,0
193,195,0
189,182,0
205,205,0
208,194,0
190,190,0
178,179,0
208,209,0
204,201,0
191,198,0
196,177,0
185,213,0
183,173,0
212,196,0
215,188,0
194,204,0
187,183,0
203,181,0
182,211,0
180,207,0
187,206,0
184,205,0
183,179,0
203,193,0
175,174,0
214,185,0
189,166,0
211,199,0
210,199,0
207,181,0
202,211,0
192,189,0
201,180,0
199,177,0
195,180,0
199,207,0
194,189,0
189,180,0
183,174,0
209,191,0
210,203,0
183,183,0
195,171,0
195,202,0
180,179,0
173,178,0
177,206,0
193,188,0
192,209,0
169,200,0
173,208,0
190,169,0
191,198,0
191,196,0
189,170,0
198,197,0
208,199,0
197,177,0
203,182,0
188,201,0
195,210,0
184,172,0
185,169,0
193,168,0
176,175,0
185,203,0
189,201,0
184,173,0
190,210,0
193,186,0
189,171,0
207,173,0
180,186,0
177,187,0
180,203,0
207,180,0
192,179,0
208,196,0
173,208,0
167,188,0
207,189,0
193,209,0
212,187,0
188,208,0
200,196,0
185,173,0
178,184,0
194,170,0
170,201,0
185,196,0
199,174,0
190,206,0
203,205,0
171,187,0
201,176,0
194,204,0
198,174,0
208,181,0
199,175,0
174,191,0
184,181,0
203,192,0
176,-207,1
204,-178,1
167,-193,1
209,-196,1
198,-170,1
191,-197,1
171,-194,1
215,-194,1
172,-186,1
205,-208,1
178,-179,1
179,-181,1
208,-186,1
199,-210,1
190,-186,1
210,-192,1
191,-203,1
180,-180,1
189,-189,1
175,-176,1
209,-200,1
189,-201,1
212,-188,1
183,-206,1
195,-184,1
202,-202,1
173,-207,1
196,-210,1
185,-184,1
205,-196,1
170,-191,1
186,-181,1
177,-183,1
213,-194,1
175,-191,1
203,-199,1
203,-175,1
191,-198,1
171,-198,1
182,-207,1
188,-199,1
184,-186,1
186,-208,1
191,-200,1
189,-211,1
169,-185,1
201,-198,1
211,-184,1
185,-170,1
196,-171,1
172,-187,1
180,-203,1
215,-192,1
189,-167,1
214,-190,1
203,-170,1
213,-191,1
194,-168,1
182,-203,1
175,-197,1
201,-208,1
201,-209,1
174,-197,1
201,-182,1
201,-180,1
174,-185,1
197,-210,1
202,-181,1
192,-178,1
180,-193,1
214,-182,1
192,-190,1
207,-210,1
180,-172,1
178,-173,1
197,-177,1
177,-187,1
181,-168,1
177,-185,1
167,-187,1
195,-180,1
191,-194,1
202,-184,1
213,-192,1
182,-171,1
206,-197,1
181,-204,1
206,-181,1
191,-213,1
176,-191,1
185,-208,1
187,-173,1
183,-194,1
186,-183,1
197,-191,1
194,-174,1
200,-203,1
168,-190,1
198,-208,1
200,-191,1
169,-188,1
212,-204,1
178,-178,1
200,-206,1
191,-177,1
183,-192,1
195,-213,1
188,-176,1
202,-210,1
189,-202,1
205,-192,1
202,-211,1
212,-184,1
204,-186,1
198,-198,1
185,-187,1
210,-191,1
176,-200,1
176,-197,1
170,-187,1
209,-189,1
197,-215,1
184,-182,1
173,-193,1
200,-204,1
178,-206,1
190,-170,1
195,-215,1
196,-201,1
175,-187,1
207,-196,1
206,-179,1
210,-177,1
182,-191,1
191,-185,1
192,-210,1
199,-200,1
208,-173,1
169,-186,1
200,-177,1
171,-197,1
206,-199,1
211,-191,1
168,-194,1
168,-197,1
197,-194,1
194,-212,1
213,-196,1
193,-173,1
212,-186,1
209,-188,1
169,-194,1
202,-205,1
201,-198,1
199,-185,1
211,-182,1
214,-199,1
174,-204,1
202,-194,1
204,-206,1
177,-204,1
211,-202,1
208,-181,1
202,-200,1
193,-209,1
168,-184,1
179,-184,1
202,-195,1
205,-187,1
179,-171,1
184,-187,1
176,-185,1
184,-202,1
208,-183,1
209,-203,1
199,-176,1
177,-181,1
197,-210,1
180,-195,1
191,-188,1
186,-195,1
199,-185,1
190,-188,1
170,-191,1
190,-210,1
182,-206,1
183,-171,1
179,-195,1
201,-177,1
211,-205,1
201,-208,1
212,-196,1
167,-194,1
181,-179,1
189,-192,1
212,-179,1
206,-180,1
186,-181,1
169,-189,1
180,-198,1
197,-176,1
215,-197,1
180,-213,1
200,-209,1
198,-199,1
206,-193,1
186,-210,1
207,-199,1
170,-178,1
206,-179,1
184,-208,1
191,-183,1
169,-201,1
171,-204,1
178,-204,1
179,-212,1
188,-190,1
196,-207,1
201,-203,1
190,-168,1
192,-188,1
198,-174,1
178,-206,1
196,-200,1
203,-194,1
212,-183,1
177,-204,1
191,-199,1
208,-206,1
176,-186,1
204,-171,1
169,-199,1
175,-174,1
171,-177,1
204,-189,1
184,-184,1
186,-184,1
197,-195,1
195,-168,1
176,-181,1
180,-198,1
167,-198,1
168,-195,1
182,-196,1
171,-185,1
171,-187,1
184,-183,1
167,-188,1
191,-179,1
195,-211,1
-207,-199,0
-171,-202,0
-185,-208,0
-203,-182,0
-178,-190,0
-174,-190,0
-204,-201,0
-199,-193,0
-180,-181,0
-193,-188,0
-168,-184,0
-194,-174,0
-197,-192,0
-184,-190,0
-192,-211,0
-211,-182,0
-199,-205,0
-174,-179,0
-175,-186,0
-175,-183,0
-201,-179,0
-189,-210,0
-207,-196,0
-215,-194,0
-200,-178,0
-212,-197,0
-196,-187,0
-198,-169,0
-188,-207,0
-186,-198,0
-200,-211,0
-208,-180,0
-168,-200,0
-186,-169,0
-199,-168,0
-189,-212,0
-205,-210,0
-187,-173,0
-200,-210,0
-179,-184,0
-182,-171,0
-200,-197,0
-187,-168,0
-198,-176,0
-212,-192,0
-187,-178,0
-203,-201,0
-187,-199,0
-176,-202,0
-212,-188,0
-192,-199,0
-207,-196,0
-193,-175,0
-194,-196,0
-181,-208,0
-195,-184,0
-213,-182,0
-182,-189,0
-194,-196,0
-192,-206,0
-171,-189,0
-214,-194,0
-190,-183,0
-191,-211,0
-188,-193,0
-207,-196,0
-201,-200,0
-184,-185,0
-204,-177,0
-211,-200,0
-183,-183,0
-186,-179,0
-185,-188,0
-192,-197,0
-193,-189,0
-187,-195,0
-188,-176,0
-179,-176,0
-196,-214,0
-176,-200,0
-206,-185,0
-193,-170,0
-199,-176,0
-187,-170,0
-201,-198,0
-177,-178,0
-178,-195,0
-171,-187,0
-202,-190,0
-180,-185,0
-176,-185,0
-187,-186,0
-209,-188,0
-200,-190,0
-187,-169,0
-185,-190,0
-184,-205,0
-198,-189,0
-169,-199,0
-200,-199,0
-179,-174,0
-212,-190,0
-185,-199,0
-187,-186,0
-187,-200,0
-194,-184,0
-185,-171,0
-172,-182,0
-172,-203,0
-196,-204,0
-190,-195,0
-206,-175,0
-186,-186,0
-213,-202,0
-178,-212,0
-187,-178,0
-176,-183,0
-182,-196,0
-194,-197,0
-188,-180,0
-209,-199,0
-201,-192,0
-205,-196,0
-205,-189,0
-183,-191,0
-211,-201,0
-203,-173,0
-192,-167,0
-170,-202,0
-206,-186,0
-206,-184,0
-182,-177,0
-195,-173,0
-182,-183,0
-194,-170,0
-188,-186,0
-177,-199,0
-209,-181,0
-174,-194,0
-204,-177,0
-213,-186,0
-194,-195,0
-182,-195,0
-202,-171,0
-176,-190,0
-176,-204,0
-187,-205,0
-176,-204,0
-187,-177,0
-196,-198,0
-186,-172,0
-209,-176,0
-183,-169,0
-207,-196,0
-211,-182,0
-192,-187,0
-209,-201,0
-183,-214,0
-201,-175,0
-184,-174,0
-210,-179,0
-186,-183,0
-196,-186,0
-205,-192,0
-195,-174,0
-198,-175,0
-215,-185,0
-173,-189,0
-184,-196,0
-173,-204,0
-208,-187,0
-191,-190,0
-184,-205,0
-177,-196,0
-183,-204,0
-203,-198,0
-186,-183,0
-187,-195,0
-189,-172,0
-180,-183,0
-182,-180,0
-214,-197,0
-177,-205,0
-207,-202,0
-173,-179,0
-198,-199,0
-187,-195,0
-178,-195,0
-182,-170,0
-195,-203,0
-187,-208,0
-201,-193,0
-209,-205,0
-214,-197,0
-174,-201,0
-182,-180,0
-203,-207,0
-214,-184,0
-185,-210,0
-187,-204,0
-191,-183,0
-194,-215,0
-189,-175,0
-207,-178,0
-204,-179,0
-213,-193,0
-190,-211,0
-203,-180,0
-196,-173,0
-170,-182,0
-209,-178,0
-186,-174,0
-193,-178,0
-183,-214,0
-198,-180,0
-192,-178,0
-196,-200,0
-183,-191,0
-195,-193,0
-178,-172,0
-173,-198,0
-207,-174,0
-214,-191,0
-182,-178,0
-183,-174,0
-206,-179,0
-200,-196,0
-187,-167,0
-188,-206,0
-188,-210,0
-209,-206,0
-176,-210,0
-204,-195,0
-182,-184,0
-204,-209,0
-182,-190,0
-174,-198,0
-215,-191,0
-173,-189,0
-213,-180,0
-212,-185,0
-183,-198,0
-191,-170,0
-171,-183,0
-206,-203,0
-191,-197,0
-195,-178,0
-170,-192,0
-182,-179,0
-199,-201,0
