2,2,1
-2,5,1
10,19,1
2,12,1
-9,7,1
3,8,1
7,-12,1
0,2,1
-4,-4,1
9,-6,1
13,8,1
-26,12,1
11,5,1
-9,-9,1
2,6,1
-8,17,1
-10,-6,1
-17,5,1
-4,28,1
-9,8,1
12,17,1
-30,7,1
-13,12,1
-24,8,1
-17,-14,1
-30,12,1
7,13,1
-12,26,1
8,17,1
15,17,1
-23,-9,1
10,24,1
5,-2,1
-27,8,1
-13,-11,1
-25,-3,1
16,10,1
-20,27,1
-12,-4,1
10,22,1
-23,18,1
-1,29,1
12,12,1
-19,22,1
-30,-1,1
-20,24,1
1,9,1
-23,8,1
-21,11,1
-9,-13,1
-7,-8,1
5,-14,1
-2,31,1
-20,12,1
5,7,1
-22,25,1
-5,-5,1
-11,26,1
0,21,1
5,19,1
-2,-13,1
5,15,1
13,3,1
-28,10,1
-28,1,1
-31,7,1
-5,28,1
7,-6,1
-12,23,1
-5,30,1
7,-6,1
14,0,1
13,-1,1
-2,28,1
-7,1,1
-22,12,1
15,17,1
2,11,1
-24,22,1
-12,-5,1
-8,25,1
-26,-6,1
1,-15,1
3,-14,1
6,-11,1
-14,10,1
10,-8,1
-4,8,1
-9,11,1
11,20,1
-19,15,1
-22,9,1
-26,16,1
-18,17,1
-21,13,1
-2,8,1
-1,8,1
6,28,1
-16,-2,1
1,26,1
-11,-8,1
0,24,1
-13,-11,1
-19,-2,1
-3,-8,1
-3,18,1
-8,17,1
-27,7,1
-28,14,1
-15,-8,1
0,-16,1
-18,3,1
14,-2,1
-21,-2,1
-7,29,1
-17,21,1
-4,-5,1
-19,4,1
8,13,1
10,21,1
-19,12,1
-21,0,1
-12,-14,1
9,10,1
-7,-7,1
8,-12,1
-3,16,1
10,24,1
-17,10,1
-29,9,1
-24,-10,1
3,26,1
4,1,1
-15,-2,1
-20,-14,1
12,0,1
-22,5,1
11,10,1
7,26,1
17,6,1
-2,8,1
-8,-3,1
7,-2,1
-6,25,1
12,-2,1
-12,-7,1
-4,16,1
-10,7,1
-4,-9,1
2,-11,1
16,4,1
12,4,1
1,16,1
10,-9,1
1,6,1
-27,12,1
-18,24,1
11,-3,1
-4,0,1
-19,-9,1
-17,29,1
-18,21,1
-24,23,1
-1,30,1
3,-2,1
-8,-6,1
-15,25,1
-3,28,1
-9,-14,1
-10,-2,1
-6,14,1
-9,-17,1
-23,-12,1
-29,2,1
3,-4,1
12,7,1
4,0,1
-28,-3,1
-8,-14,1
9,13,1
-25,13,1
-27,-7,1
-28,13,1
-25,2,1
-3,15,1
0,11,1
14,7,1
14,7,1
-1,28,1
-26,-3,1
15,10,1
-26,-4,1
-4,12,1
-4,2,1
2,6,1
10,8,1
12,5,1
-9,-17,1
-10,16,1
-7,32,1
-16,7,1
-18,3,1
9,23,1
8,14,1
12,8,1
-27,12,1
-20,26,1
4,29,1
11,-4,1
-3,-16,1
15,4,1
-24,20,1
4,16,1
-5,24,1
-29,10,1
-14,20,1
-21,-11,1
1,11,1
-20,-3,1
-14,14,1
-11,7,1
-6,27,1
-13,5,1
-3,24,1
-22,18,1
6,17,1
14,-3,1
-13,-10,1
-31,7,1
-7,29,1
-12,-6,1
0,-11,1
-3,24,1
-7,10,1
-26,-1,1
-9,-9,1
11,13,1
-27,2,1
-17,13,1
-8,-10,1
0,4,1
-18,25,1
8,11,1
-20,3,1
-23,-12,1
-9,-12,1
-25,18,1
3,4,1
-21,12,1
-9,-8,1
25,-4,0
7,22,0
22,14,0
15,-13,0
2,25,0
29,10,0
16,-10,0
5,4,0
19,27,0
17,-15,0
4,-14,0
-4,-5,0
-1,29,0
0,-14,0
8,3,0
7,16,0
-5,16,0
18,16,0
29,9,0
4,-11,0
25,22,0
12,-7,0
29,5,0
9,7,0
11,15,0
-10,12,0
-8,8,0
9,15,0
13,15,0
20,21,0
24,15,0
7,15,0
12,-17,0
-2,29,0
4,7,0
-14,12,0
11,21,0
5,0,0
26,10,0
-12,16,0
9,-11,0
3,12,0
13,23,0
15,-4,0
4,14,0
15,23,0
-2,29,0
-9,21,0
5,0,0
21,-12,0
31,0,0
-6,9,0
13,8,0
6,15,0
-10,19,0
15,26,0
19,10,0
18,12,0
-5,-11,0
-5,1,0
7,-6,0
26,8,0
28,8,0
-2,-4,0
-4,1,0
0,22,0
25,0,0
29,14,0
-7,1,0
11,-6,0
11,15,0
23,15,0
6,30,0
14,-13,0
6,13,0
-14,15,0
25,24,0
13,23,0
-7,20,0
6,27,0
-3,27,0
16,5,0
17,3,0
-12,5,0
28,11,0
14,0,0
-2,-15,0
4,5,0
23,-2,0
-4,-15,0
-3,3,0
-9,24,0
18,-13,0
25,5,0
15,-4,0
-10,6,0
2,17,0
28,-5,0
-3,25,0
25,3,0
-4,18,0
11,15,0
25,-3,0
18,20,0
14,-14,0
-10,12,0
-9,-3,0
7,13,0
11,18,0
9,27,0
30,8,0
-11,12,0
-1,-4,0
24,18,0
-4,24,0
-6,6,0
16,8,0
6,-1,0
21,13,0
17,23,0
8,30,0
19,2,0
-1,15,0
4,-11,0
19,28,0
15,-1,0
15,1,0
15,16,0
16,13,0
24,12,0
6,15,0
12,15,0
19,7,0
28,-2,0
18,2,0
-3,19,0
26,-8,0
1,6,0
29,-3,0
1,-1,0
2,6,0
16,1,0
4,-4,0
8,-4,0
12,-3,0
10,7,0
-14,-2,0
-15,10,0
5,-3,0
-9,20,0
15,-14,0
19,10,0
2,16,0
27,6,0
16,-9,0
27,2,0
7,3,0
25,-2,0
29,16,0
4,6,0
-7,-6,0
28,18,0
28,-6,0
-8,-1,0
1,-13,0
-16,14,0
-6,3,0
3,20,0
-7,25,0
-10,14,0
17,8,0
24,-6,0
-8,16,0
28,-3,0
-6,20,0
3,8,0
-7,-13,0
14,-8,0
8,-4,0
28,4,0
-13,2,0
8,5,0
0,-16,0
17,-5,0
15,-2,0
19,19,0
11,14,0
-8,9,0
4,-5,0
-12,-2,0
23,7,0
16,-1,0
-2,15,0
2,9,0
-4,26,0
25,19,0
13,30,0
10,13,0
20,22,0
5,-3,0
27,15,0
-9,18,0
1,20,0
19,20,0
20,10,0
18,-15,0
25,10,0
13,7,0
11,18,0
-9,-3,0
9,25,0
-16,9,0
-10,-5,0
-7,6,0
7,-16,0
-2,-11,0
-11,23,0
-5,20,0
3,22,0
30,3,0
22,23,0
21,19,0
2,-10,0
-3,-9,0
15,13,0
-4,11,0
15,-5,0
4,12,0
13,-13,0
25,20,0
4,29,0
-6,-11,0
22,-10,0
20,-5,0
-8,23,0
-15,6,0
20,19,0
-17,3,0
9,-11,0
6,12,0
22,12,0
30,-1,0
-1,11,0
-3,8,0
2,-12,0
-11,9,0
15,-4,0
-7,-8,0
14,-16,0
18,10,0
25,9,1
5,10,1
0,11,1
-7,7,1
32,-6,1
22,-17,1
-7,-26,1
-10,-1,1
16,6,1
-4,-6,1
19,-4,1
-5,-11,1
10,9,1
-3,6,1
22,9,1
7,-16,1
6,-10,1
-11,-20,1
0,-5,1
30,-14,1
16,-29,1
-3,-4,1
5,-13,1
-12,-23,1
10,13,1
-10,-4,1
-6,7,1
28,-11,1
5,3,1
13,-22,1
15,3,1
24,1,1
28,6,1
18,-9,1
4,15,1
-6,-4,1
27,2,1
10,-22,1
3,-5,1
13,-4,1
13,-23,1
18,-12,1
13,3,1
29,1,1
23,7,1
-7,3,1
25,6,1
28,-2,1
-7,-25,1
-14,-13,1
11,4,1
14,11,1
7,-14,1
-4,6,1
23,-19,1
-15,-13,1
-15,-13,1
26,-22,1
-6,-4,1
4,10,1
4,-29,1
-10,-18,1
3,-30,1
8,10,1
4,-7,1
11,16,1
5,-8,1
8,16,1
12,-27,1
10,3,1
9,11,1
19,-17,1
31,-8,1
19,-10,1
-14,-14,1
-2,16,1
-4,-22,1
-8,8,1
0,1,1
-8,10,1
-7,-18,1
22,11,1
6,-9,1
-8,7,1
0,8,1
-4,-16,1
-16,-12,1
-4,-23,1
7,2,1
9,-5,1
7,-32,1
16,-16,1
18,0,1
29,-7,1
24,-10,1
-2,-23,1
4,14,1
-5,-8,1
4,-29,1
23,-15,1
32,-8,1
2,-21,1
-3,-6,1
10,-9,1
-1,-2,1
20,5,1
29,-11,1
13,2,1
14,-2,1
-15,-17,1
-4,-9,1
-15,4,1
16,-30,1
1,1,1
-10,-11,1
15,-11,1
2,9,1
1,-4,1
6,13,1
-10,-3,1
26,-12,1
-9,-8,1
0,1,1
29,-4,1
-3,-27,1
-3,-8,1
25,-11,1
-7,-23,1
12,4,1
26,7,1
14,-12,1
11,-16,1
0,-12,1
28,-12,1
-11,-11,1
18,-13,1
-7,-17,1
-11,8,1
-12,-11,1
-5,-4,1
31,-9,1
1,-27,1
22,-16,1
-11,8,1
4,-8,1
13,8,1
22,10,1
-12,-16,1
-14,6,1
-16,2,1
-9,-24,1
5,1,1
6,-19,1
1,-17,1
18,0,1
24,-18,1
8,-7,1
-4,4,1
9,3,1
30,-8,1
-4,1,1
9,-7,1
0,0,1
-4,2,1
-14,-15,1
19,11,1
11,6,1
10,2,1
15,-24,1
-17,-8,1
22,-17,1
7,-3,1
21,-20,1
-9,5,1
5,15,1
-8,2,1
16,10,1
22,-14,1
-16,-16,1
18,-26,1
15,-28,1
20,-24,1
10,-13,1
26,8,1
16,-14,1
0,-24,1
21,-7,1
22,-27,1
14,6,1
11,8,1
18,15,1
3,-22,1
20,-5,1
-3,-21,1
27,-5,1
5,5,1
-8,-19,1
2,-24,1
23,-21,1
9,16,1
22,-6,1
9,4,1
-5,3,1
-5,-7,1
19,-18,1
7,-8,1
15,12,1
-1,-4,1
12,-28,1
12,14,1
2,-10,1
20,14,1
19,-27,1
-1,13,1
-9,-23,1
4,-11,1
13,-20,1
-6,9,1
-9,-2,1
11,-13,1
24,-20,1
5,-16,1
14,-23,1
17,-6,1
21,-26,1
-6,-13,1
3,-14,1
18,-7,1
13,0,1
21,7,1
12,13,1
-13,3,1
25,-17,1
-1,8,1
15,-21,1
5,0,1
15,-17,1
3,6,1
12,0,1
10,-25,1
8,-26,1
14,-4,1
27,-15,1
17,-11,1
29,-10,1
-17,-12,1
14,10,1
-11,-7,1
10,-17,1
19,-18,1
-22,-19,0
-6,-26,0
-19,8,0
6,-19,0
-11,15,0
0,-27,0
-21,-17,0
-27,-2,0
-13,-22,0
10,-12,0
-9,7,0
-30,2,0
5,-10,0
15,-6,0
-2,-21,0
-24,-15,0
-8,-30,0
11,8,0
-23,-10,0
-14,-28,0
11,-12,0
-6,-14,0
-20,-12,0
-21,8,0
-12,-28,0
-21,4,0
-25,-21,0
-6,-3,0
-24,-23,0
-18,-17,0
-19,6,0
4,9,0
16,-2,0
-17,9,0
-20,3,0
-10,3,0
6,3,0
-23,-22,0
-16,15,0
-2,-6,0
-20,-17,0
-19,-10,0
-21,-21,0
9,-6,0
-13,-4,0
-9,-22,0
-20,-9,0
2,-1,0
-24,-7,0
-6,-11,0
10,-12,0
0,-20,0
-26,0,0
2,-27,0
-20,-14,0
14,-12,0
6,1,0
9,-17,0
-6,-2,0
16,2,0
-23,-13,0
-12,7,0
-7,-30,0
13,-8,0
13,-1,0
-8,-18,0
-8,-26,0
-19,9,0
-14,-25,0
-28,-10,0
-22,10,0
9,-20,0
-28,5,0
-18,-15,0
12,8,0
-2,-16,0
1,7,0
-23,-1,0
-15,-22,0
16,-5,0
9,-13,0
11,-24,0
-17,-2,0
-4,-4,0
-14,11,0
-26,8,0
-10,-21,0
-6,-7,0
-25,-17,0
-17,13,0
6,11,0
-26,-1,0
-5,3,0
-18,-7,0
-27,-22,0
2,-22,0
2,-1,0
-18,-23,0
17,-7,0
0,7,0
-11,-15,0
-10,10,0
-18,-26,0
-21,-1,0
-18,-4,0
5,-6,0
-25,-6,0
-5,11,0
-2,2,0
-19,-15,0
2,-25,0
-16,5,0
6,1,0
-19,7,0
-11,-7,0
9,-16,0
10,-20,0
-12,-30,0
2,12,0
-8,17,0
10,-2,0
13,-20,0
-7,-28,0
-5,12,0
-17,-19,0
15,-13,0
0,10,0
-22,-8,0
-29,1,0
-16,-3,0
-13,2,0
-24,8,0
-22,-24,0
-23,-7,0
-17,-23,0
-15,-5,0
-11,12,0
-27,-1,0
4,-24,0
2,-8,0
-19,-8,0
-29,-2,0
6,-4,0
8,6,0
-21,-18,0
-2,-13,0
-18,-18,0
0,-20,0
-26,1,0
-21,-15,0
15,-4,0
-11,9,0
-22,-18,0
4,-14,0
-2,-20,0
-10,-18,0
-2,-18,0
13,-13,0
-31,-2,0
2,0,0
-9,-15,0
3,14,0
-3,12,0
-3,-6,0
-19,-22,0
-9,11,0
3,-22,0
-9,10,0
-1,-29,0
-15,-12,0
-12,-2,0
-27,-20,0
-5,-30,0
7,-20,0
4,-1,0
11,-8,0
-28,-1,0
16,-15,0
-26,8,0
-14,-25,0
11,7,0
-24,11,0
-13,-24,0
-22,10,0
0,6,0
10,-22,0
-13,-11,0
13,-1,0
-12,-16,0
0,0,0
-6,4,0
1,7,0
11,5,0
-7,-23,0
-7,2,0
-27,-5,0
-26,8,0
-16,1,0
9,-20,0
12,-7,0
-3,-1,0
-2,-16,0
-9,15,0
-10,-10,0
-4,11,0
-17,0,0
5,7,0
-4,2,0
-15,9,0
-25,-7,0
-18,3,0
16,-8,0
-23,-21,0
-6,-11,0
6,-4,0
-8,16,0
-24,10,0
-28,-19,0
3,11,0
7,7,0
-5,11,0
-22,0,0
-24,-13,0
-6,-30,0
-18,-22,0
-1,-4,0
-24,-21,0
-7,-9,0
9,11,0
-21,12,0
-18,-1,0
-8,1,0
-1,-31,0
0,-9,0
-20,-25,0
-24,-22,0
8,-25,0
-3,-4,0
14,-13,0
-28,-9,0
-11,-28,0
11,-10,0
2,-10,0
-25,4,0
-2,10,0
12,5,0
-2,7,0
-3,-22,0
-6,7,0
-27,7,0
