-16,8,1
-19,12,1
8,23,1
-12,13,1
-17,5,1
-9,-11,1
-11,12,1
-9,9,1
11,4,1
-4,-6,1
1,-12,1
2,-16,1
-4,-10,1
-12,-11,1
12,17,1
-22,1,1
0,16,1
-5,-14,1
9,-14,1
-14,17,1
13,-3,1
14,5,1
0,-21,1
-3,-19,1
-20,-4,1
9,-15,1
-1,18,1
7,7,1
2,-5,1
-7,7,1
-15,-6,1
12,19,1
-19,9,1
-9,12,1
1,4,1
3,4,1
-8,0,1
-4,4,1
6,7,1
14,-4,1
-13,17,1
-21,8,1
-11,-4,1
-21,12,1
4,-23,1
7,-24,1
3,-8,1
8,20,1
2,23,1
-13,-10,1
-6,-16,1
22,4,1
-6,8,1
-7,-18,1
-4,21,1
11,-8,1
-17,13,1
-11,-21,1
3,1,1
-2,-17,1
0,-9,1
0,-25,1
0,23,1
14,-9,1
-18,-15,1
-3,-16,1
10,1,1
14,-8,1
-18,-17,1
12,17,1
-6,-12,1
-21,-10,1
15,20,1
2,19,1
5,0,1
9,-22,1
15,-1,1
9,-3,1
6,-19,1
-20,-1,1
4,-11,1
-11,18,1
-4,-14,1
-4,6,1
-1,-15,1
20,-5,1
-15,10,1
-16,11,1
4,-23,1
-19,15,1
-13,12,1
19,-3,1
-6,10,1
9,20,1
-8,6,1
-8,11,1
-12,21,1
22,5,1
-15,9,1
-13,19,1
-15,-11,1
-9,-1,1
1,22,1
8,-8,1
-18,5,1
10,-19,1
-1,-17,1
-4,-20,1
-12,12,1
16,16,1
-5,12,1
22,6,1
-8,20,1
-8,-7,1
12,-8,1
12,-19,1
-2,-11,1
16,15,1
-23,-9,1
-9,15,1
-19,0,1
5,13,1
-6,17,1
4,10,1
5,11,1
19,12,1
9,15,1
5,-13,1
-6,-15,1
4,-14,1
-21,-6,1
-8,-23,1
16,-19,1
-1,-3,1
6,-5,1
11,-20,1
19,11,1
2,-4,1
11,-8,1
5,7,1
19,-16,1
-6,-7,1
10,8,1
21,12,1
-11,-20,1
8,10,1
-18,2,1
-22,7,1
-16,-8,1
-17,-18,1
24,-3,1
18,2,1
-4,5,1
8,1,1
-4,16,1
-19,14,1
0,-19,1
18,5,1
0,23,1
14,8,1
-13,3,1
7,18,1
14,9,1
24,-3,1
5,20,1
10,-9,1
0,20,1
2,1,1
6,-13,1
-24,4,1
19,7,1
5,-20,1
15,-6,1
-4,16,1
7,-9,1
-5,-4,1
-16,-3,1
18,-13,1
-10,0,1
0,18,1
-22,11,1
19,-13,1
-8,7,1
-14,19,1
-7,18,1
20,4,1
1,-15,1
-7,-12,1
17,6,1
22,6,1
-11,19,1
-12,-4,1
-15,-11,1
1,-19,1
-6,17,1
-10,-22,1
-6,3,1
1,-19,1
-4,-10,1
-20,14,1
3,-13,1
5,1,1
1,-4,1
-12,16,1
-12,-15,1
-12,20,1
7,17,1
-3,20,1
8,15,1
-17,14,1
21,-6,1
-16,-5,1
20,10,1
-4,14,1
23,-8,1
-18,-17,1
-1,-1,1
-11,-9,1
-15,9,1
-2,-23,1
-10,2,1
-12,-19,1
4,-8,1
6,-10,1
9,10,1
-5,-11,1
-19,-15,1
-6,13,1
21,-5,1
15,-10,1
21,-8,1
5,17,1
19,-1,1
3,21,1
-16,-1,1
9,-15,1
-18,-7,1
-18,5,1
-3,15,1
16,-13,1
7,6,1
-17,1,1
-20,6,1
-17,14,1
-12,20,1
17,-11,1
13,19,1
-20,14,1
-19,0,1
18,9,1
-11,-9,0
-12,-1,0
9,3,0
24,-7,0
11,11,0
-2,-12,0
-6,-9,0
-6,-8,0
-5,0,0
-4,13,0
-12,-2,0
-21,-8,0
-8,4,0
17,15,0
4,15,0
8,18,0
-21,-4,0
5,-22,0
6,4,0
-12,-2,0
16,-15,0
13,15,0
14,-10,0
-4,24,0
-17,15,0
-1,5,0
18,-14,0
3,-4,0
0,-5,0
9,14,0
13,16,0
4,-21,0
-6,-15,0
-8,6,0
24,-6,0
14,-13,0
6,-9,0
19,16,0
3,-2,0
-13,-6,0
16,-9,0
21,8,0
-10,22,0
9,23,0
22,9,0
-4,13,0
-21,3,0
13,18,0
-16,19,0
-22,-5,0
-20,-8,0
22,11,0
6,-20,0
0,-17,0
-22,-4,0
19,-12,0
7,-16,0
12,-6,0
7,9,0
18,16,0
-11,0,0
14,12,0
17,-17,0
0,-4,0
1,2,0
-2,10,0
1,-2,0
16,3,0
-17,-12,0
6,-13,0
-12,0,0
3,16,0
-14,5,0
-22,5,0
3,-11,0
17,-13,0
-8,-14,0
-2,21,0
6,-5,0
21,11,0
-21,-5,0
18,-13,0
22,-7,0
21,3,0
3,-6,0
-4,-8,0
8,-4,0
-5,8,0
13,15,0
-15,-14,0
-18,4,0
17,0,0
0,15,0
12,20,0
-18,14,0
11,13,0
16,16,0
-16,-11,0
12,21,0
12,-6,0
-21,-10,0
-15,19,0
8,-6,0
4,3,0
20,-8,0
-4,-13,0
21,13,0
-4,-5,0
16,13,0
8,16,0
7,-12,0
6,-15,0
-5,7,0
-5,3,0
13,5,0
-3,-15,0
8,-6,0
-4,7,0
7,-15,0
10,19,0
11,20,0
5,17,0
11,15,0
15,-15,0
-1,15,0
-3,12,0
21,-11,0
-19,-6,0
0,-4,0
4,-12,0
4,-3,0
-9,-16,0
0,-19,0
-1,-8,0
-9,-7,0
-16,-1,0
6,-23,0
22,7,0
-4,-15,0
7,-17,0
6,4,0
5,-3,0
16,1,0
2,-11,0
5,-7,0
-11,-4,0
4,0,0
-6,10,0
-9,9,0
17,-3,0
9,18,0
10,-1,0
-6,-15,0
0,-13,0
2,-7,0
-8,-4,0
-21,7,0
7,12,0
-11,18,0
-9,3,0
0,17,0
-19,15,0
14,-5,0
-11,0,0
-5,19,0
-11,-19,0
4,6,0
19,0,0
10,-12,0
-6,20,0
-1,19,0
6,13,0
15,18,0
-23,7,0
13,7,0
1,-11,0
18,-13,0
-14,7,0
1,-2,0
5,-6,0
-7,18,0
-10,22,0
17,-2,0
-19,15,0
-14,2,0
5,-1,0
-20,-6,0
-5,18,0
-5,-5,0
3,13,0
-23,1,0
0,20,0
20,4,0
22,9,0
-3,-10,0
-3,24,0
-19,-9,0
7,-6,0
-20,-14,0
4,-9,0
-12,-2,0
-7,1,0
6,21,0
9,-11,0
-1,-22,0
-13,-12,0
-22,-8,0
-17,13,0
-20,-9,0
8,1,0
-2,5,0
-22,-5,0
-11,10,0
2,-19,0
-22,-4,0
-1,-13,0
9,-16,0
-7,-14,0
-9,-5,0
0,15,0
-12,-8,0
-3,-1,0
-8,9,0
19,-16,0
-11,-17,0
5,-1,0
5,7,0
-6,22,0
14,6,0
3,-7,0
-3,8,0
1,1,0
-17,3,0
21,3,0
-6,16,0
-1,19,0
15,17,0
-10,16,0
3,-21,0
20,-1,0
15,12,0
-5,19,0
11,-10,0
14,-7,0
-16,-6,0
-11,20,0
-14,-11,0
12,-19,0
3,-11,0
-11,-6,0
-15,-15,1
-14,2,1
-4,-3,1
-1,-24,1
-1,-8,1
-19,-14,1
-7,-2,1
15,-5,1
-22,0,1
2,19,1
-11,10,1
-20,13,1
-23,0,1
9,5,1
4,-9,1
9,19,1
-10,7,1
5,-22,1
-5,-14,1
0,-21,1
0,-24,1
-7,6,1
-15,18,1
-5,15,1
-4,23,1
4,12,1
2,14,1
-6,-14,1
-12,18,1
19,2,1
15,12,1
-17,12,1
-3,23,1
-5,11,1
17,-7,1
4,-6,1
3,18,1
-4,-6,1
-11,8,1
-12,10,1
-11,-1,1
-24,1,1
23,1,1
-12,8,1
5,-16,1
3,21,1
14,-15,1
-16,-9,1
21,-10,1
-11,9,1
-13,-20,1
-21,-12,1
12,-17,1
7,-5,1
19,14,1
-11,-12,1
14,13,1
4,11,1
21,6,1
-10,-11,1
-2,24,1
4,-19,1
-12,-9,1
21,-1,1
-14,6,1
6,5,1
8,11,1
16,12,1
15,15,1
6,15,1
-20,9,1
-19,-13,1
1,-6,1
-7,20,1
-14,-5,1
-18,-10,1
-8,-1,1
-6,13,1
-19,14,1
-3,6,1
23,-8,1
9,-23,1
-3,9,1
3,-22,1
-16,2,1
-8,-2,1
-3,24,1
-5,-17,1
14,-6,1
10,-19,1
-16,-11,1
-14,-2,1
-9,-21,1
8,23,1
7,22,1
-24,4,1
-23,0,1
-20,11,1
7,1,1
-7,3,1
10,3,1
-10,16,1
-2,22,1
0,1,1
3,-2,1
5,0,1
-4,-6,1
2,-6,1
-15,-4,1
10,19,1
-16,4,1
11,22,1
5,13,1
7,-10,1
-20,5,1
10,3,1
-22,-5,1
23,5,1
-11,10,1
20,6,1
13,5,1
13,-19,1
20,-3,1
-2,9,1
-9,-18,1
-21,-1,1
-11,-18,1
11,15,1
2,-17,1
-9,-14,1
-6,-18,1
12,-16,1
3,-12,1
24,0,1
5,14,1
-24,7,1
-16,-14,1
21,0,1
-3,-2,1
-3,0,1
-22,-6,1
13,9,1
11,2,1
-15,-13,1
-19,-7,1
10,8,1
-17,4,1
-1,-7,1
-2,12,1
-17,-3,1
15,-18,1
-17,-3,1
-2,14,1
17,-15,1
9,-1,1
6,-23,1
23,7,1
18,-1,1
10,-21,1
-8,23,1
18,-7,1
-13,-12,1
-24,7,1
-1,24,1
-18,5,1
-19,-14,1
-2,-20,1
-17,5,1
-7,12,1
9,-14,1
-3,-22,1
1,10,1
-1,1,1
7,-6,1
1,-17,1
-13,-21,1
-6,-13,1
20,12,1
6,20,1
-15,-8,1
1,18,1
7,-20,1
21,-8,1
-4,-21,1
19,-6,1
-7,-5,1
3,-8,1
-17,-16,1
1,-19,1
-15,15,1
14,-8,1
-1,16,1
-7,-7,1
-1,-3,1
9,-10,1
23,-2,1
11,-11,1
-20,-10,1
-9,7,1
8,-10,1
-21,-6,1
8,11,1
-8,-23,1
-9,-22,1
-1,-21,1
-7,13,1
-11,-12,1
-2,2,1
9,1,1
-10,-18,1
11,8,1
4,-12,1
8,-17,1
-1,-21,1
-25,0,1
10,5,1
13,-8,1
-10,13,1
0,-2,1
3,-17,1
-11,-14,1
14,-15,1
-17,8,1
-19,-11,1
24,7,1
-15,19,1
17,-5,1
0,-21,1
14,14,1
0,22,1
13,-21,1
6,1,1
2,18,1
4,4,1
-18,0,1
0,-20,1
9,17,1
5,-1,1
-4,-1,1
14,2,1
21,8,1
20,-4,1
0,-11,1
-5,20,1
-3,23,1
3,-22,1
0,24,1
-18,3,1
11,-19,1
-22,-6,1
-1,24,0
-17,-15,0
-6,4,0
20,1,0
-11,19,0
-8,-10,0
1,-1,0
-4,-21,0
-8,12,0
-1,-15,0
-14,-20,0
-4,2,0
12,11,0
-9,18,0
-2,-19,0
-13,-16,0
5,1,0
2,-12,0
16,19,0
-11,13,0
15,13,0
-14,-4,0
-15,5,0
-3,-2,0
14,-4,0
16,6,0
-22,4,0
16,7,0
9,-3,0
-16,-8,0
3,5,0
5,11,0
-15,-8,0
6,16,0
-15,18,0
1,-23,0
18,-14,0
-14,-7,0
-17,14,0
-17,-11,0
9,5,0
3,3,0
-18,7,0
-15,-9,0
11,0,0
24,1,0
-6,-24,0
-4,-23,0
-22,9,0
-10,3,0
-3,-18,0
-4,-1,0
14,16,0
-13,2,0
14,4,0
20,13,0
15,0,0
-24,-4,0
12,3,0
11,14,0
3,-8,0
0,-19,0
8,-18,0
4,-1,0
16,-11,0
-11,-18,0
-10,8,0
7,-22,0
20,0,0
-18,-11,0
-15,10,0
0,1,0
5,-20,0
9,-22,0
14,9,0
-8,-23,0
-3,12,0
-9,1,0
14,16,0
9,-12,0
-10,17,0
5,-11,0
15,20,0
-12,10,0
9,-10,0
3,-7,0
2,10,0
-18,-8,0
-4,-8,0
4,8,0
-3,-1,0
12,-8,0
7,11,0
-24,0,0
-16,8,0
13,16,0
20,-12,0
-21,13,0
10,-17,0
-9,21,0
-6,-23,0
-9,11,0
5,-12,0
6,-20,0
9,-11,0
-3,17,0
21,2,0
-18,-8,0
9,19,0
16,-3,0
2,15,0
-18,-6,0
-3,7,0
-15,14,0
-12,-18,0
4,1,0
15,13,0
-5,-3,0
11,9,0
12,7,0
-4,22,0
-22,-2,0
-3,4,0
19,-3,0
-6,-15,0
7,-23,0
-9,-22,0
-4,24,0
15,4,0
-3,20,0
18,-17,0
-19,1,0
3,-10,0
-11,-21,0
4,-23,0
-20,-9,0
-16,-13,0
4,-11,0
10,6,0
-21,8,0
-21,-4,0
7,11,0
-15,-18,0
-3,4,0
-20,-1,0
13,15,0
-2,-21,0
-18,-12,0
-3,17,0
-20,1,0
23,-4,0
-16,-15,0
-9,4,0
22,-8,0
18,-4,0
-3,16,0
13,6,0
7,-8,0
-20,3,0
18,-10,0
17,10,0
-6,-22,0
10,-1,0
20,10,0
23,-7,0
-3,0,0
16,5,0
-12,-16,0
-14,12,0
-21,-10,0
-18,17,0
15,-5,0
11,-15,0
-22,0,0
-13,-14,0
11,22,0
-10,18,0
7,21,0
-21,0,0
-2,18,0
-6,-6,0
-3,7,0
-7,8,0
-10,22,0
8,-19,0
11,-4,0
8,-23,0
-4,9,0
-3,-4,0
2,15,0
17,-11,0
-21,-5,0
-6,-22,0
-5,3,0
-10,21,0
-2,-22,0
5,-24,0
13,-15,0
23,1,0
-19,-5,0
-13,9,0
11,18,0
-21,-10,0
17,13,0
-22,-9,0
5,-17,0
2,-6,0
-2,-7,0
-7,10,0
-12,3,0
14,11,0
-3,5,0
-1,22,0
3,-2,0
-7,-1,0
-3,-3,0
-17,-18,0
3,10,0
11,-13,0
-16,8,0
-24,-3,0
-2,9,0
17,-12,0
2,1,0
17,11,0
14,16,0
20,-2,0
-21,4,0
18,11,0
19,-4,0
-17,-17,0
0,11,0
-21,-11,0
-8,-5,0
-17,-1,0
2,3,0
21,-10,0
-16,-4,0
-4,-3,0
15,6,0
-11,1,0
15,0,0
-19,1,0
17,-11,0
5,-23,0
7,23,0
8,17,0
-5,-13,0
6,-18,0
11,-15,0
