-173,180,1
-177,195,1
-185,166,1
-163,186,1
-176,192,1
-173,186,1
-179,170,1
-175,201,1
-203,195,1
-186,177,1
-203,182,1
-165,171,1
-164,190,1
-208,188,1
-189,188,1
-186,192,1
-164,170,1
-160,187,1
-206,173,1
-176,174,1
-170,177,1
-205,176,1
-185,206,1
-198,187,1
-187,166,1
-191,168,1
-176,167,1
-185,207,1
-198,164,1
-177,180,1
-197,195,1
-177,204,1
-203,194,1
-174,194,1
-172,173,1
-180,183,1
-192,183,1
-173,192,1
-196,181,1
-187,170,1
-186,194,1
-189,185,1
-200,198,1
-173,182,1
-168,168,1
-195,174,1
-167,171,1
-194,192,1
-183,163,1
-164,190,1
-200,186,1
-182,208,1
-194,169,1
-194,197,1
-165,179,1
-179,184,1
-191,164,1
-199,177,1
-187,161,1
-160,184,1
-189,164,1
-163,185,1
-195,165,1
-180,174,1
-184,192,1
-165,173,1
-167,181,1
-169,185,1
-191,163,1
-189,195,1
-199,192,1
-171,186,1
-197,185,1
-191,183,1
-202,168,1
-167,183,1
-191,170,1
-175,193,1
-174,192,1
-186,197,1
-176,170,1
-163,192,1
-204,195,1
-185,200,1
-197,199,1
-194,203,1
-180,184,1
-174,194,1
-179,186,1
-195,196,1
-165,189,1
-178,198,1
-192,161,1
-173,173,1
-194,191,1
-169,167,1
-196,200,1
-161,188,1
-188,188,1
-163,181,1
-170,165,1
-187,173,1
-190,199,1
-185,187,1
-207,177,1
-177,190,1
-174,187,1
-191,165,1
-187,201,1
-196,170,1
-204,179,1
-174,174,1
-189,207,1
-199,168,1
-173,199,1
-180,184,1
-164,184,1
-178,173,1
-193,185,1
-176,163,1
-177,200,1
-178,162,1
-193,204,1
-194,162,1
-189,194,1
-181,161,1
-176,189,1
-189,162,1
-205,177,1
-177,190,1
-192,206,1
-192,200,1
-164,188,1
-186,174,1
-178,162,1
-202,168,1
-198,168,1
-196,177,1
-175,188,1
-203,186,1
-194,188,1
-185,192,1
-184,159,1
-200,193,1
-172,194,1
-200,169,1
-191,186,1
-176,190,1
-190,203,1
-197,190,1
-177,176,1
-173,178,1
-165,172,1
-177,184,1
-160,184,1
-183,175,1
-173,193,1
-190,198,1
-185,190,1
-186,199,1
-162,186,1
-204,170,1
-176,175,1
-196,183,1
-185,164,1
-168,173,1
-172,202,1
-180,163,1
-195,187,1
-174,167,1
-197,200,1
-182,200,1
-193,190,1
-168,165,1
-169,176,1
-181,206,1
-187,175,1
-178,171,1
-163,190,1
-202,201,1
-169,175,1
-180,183,1
-188,176,1
-201,174,1
-194,181,1
-187,171,1
-180,170,1
-191,202,1
-179,168,1
-177,206,1
-189,203,1
-179,185,1
-194,195,1
-201,180,1
-179,166,1
-173,164,1
-176,192,1
-180,160,1
-173,200,1
-207,183,1
-175,182,1
-197,188,1
-185,207,1
-199,167,1
-203,176,1
-165,178,1
-183,194,1
-191,204,1
-162,175,1
-198,167,1
-204,187,1
-195,190,1
-180,195,1
-176,199,1
-180,188,1
-188,169,1
-170,173,1
-191,186,1
-161,190,1
-174,205,1
-168,197,1
-168,175,1
-159,182,1
-199,185,1
-169,178,1
-196,190,1
-172,197,1
-181,184,1
-193,175,1
-199,178,1
-199,201,1
-189,198,1
-200,172,1
-191,162,1
-187,205,1
-164,184,1
-193,198,1
-192,181,1
-204,193,1
-180,208,1
-191,205,1
-196,204,1
-161,186,1
-194,192,1
-186,202,1
-178,182,1
-205,194,1
-171,183,1
-183,186,1
-177,187,1
199,172,0
199,182,0
202,190,0
196,193,0
183,174,0
166,195,0
181,198,0
200,202,0
199,180,0
182,200,0
167,198,0
175,177,0
173,206,0
168,173,0
191,173,0
186,204,0
167,169,0
175,196,0
206,178,0
170,195,0
179,202,0
199,172,0
204,170,0
200,166,0
175,202,0
166,196,0
194,179,0
184,197,0
189,175,0
198,169,0
181,194,0
192,169,0
184,205,0
182,185,0
194,183,0
191,196,0
194,177,0
164,171,0
185,170,0
175,196,0
197,178,0
207,184,0
204,188,0
186,197,0
185,169,0
195,173,0
189,167,0
175,187,0
191,206,0
198,204,0
173,189,0
193,195,0
192,200,0
163,184,0
208,184,0
176,175,0
165,188,0
180,169,0
168,175,0
160,188,0
177,194,0
199,183,0
181,200,0
189,169,0
200,186,0
168,201,0
193,198,0
199,190,0
202,192,0
188,167,0
180,161,0
161,174,0
200,177,0
166,175,0
171,189,0
190,173,0
196,184,0
173,188,0
175,196,0
182,197,0
165,179,0
168,196,0
184,203,0
164,182,0
201,187,0
161,179,0
176,203,0
174,187,0
185,166,0
173,169,0
182,177,0
193,180,0
188,208,0
194,206,0
178,186,0
186,163,0
187,199,0
178,168,0
202,185,0
205,180,0
189,183,0
196,188,0
172,191,0
184,170,0
169,167,0
173,165,0
175,193,0
200,197,0
191,173,0
193,198,0
198,170,0
184,208,0
172,175,0
170,200,0
182,187,0
178,193,0
177,202,0
180,200,0
176,201,0
189,185,0
195,178,0
174,186,0
203,168,0
186,165,0
167,178,0
203,185,0
174,195,0
185,172,0
197,174,0
197,189,0
177,182,0
167,196,0
176,182,0
177,163,0
191,201,0
173,167,0
159,184,0
170,175,0
199,198,0
164,171,0
179,165,0
162,175,0
161,176,0
176,188,0
189,163,0
188,186,0
201,197,0
204,191,0
191,170,0
189,168,0
178,172,0
170,183,0
194,165,0
172,198,0
178,193,0
166,197,0
165,168,0
178,198,0
184,165,0
159,183,0
200,172,0
164,171,0
206,185,0
183,165,0
196,192,0
175,179,0
179,163,0
182,168,0
181,192,0
186,203,0
163,179,0
203,168,0
170,192,0
195,206,0
168,190,0
183,197,0
173,178,0
166,173,0
170,195,0
205,182,0
178,208,0
169,179,0
195,187,0
166,189,0
189,179,0
202,168,0
181,185,0
178,182,0
184,202,0
192,193,0
179,170,0
201,172,0
203,197,0
162,188,0
207,177,0
177,178,0
161,185,0
179,183,0
175,189,0
203,176,0
171,202,0
175,177,0
165,194,0
181,175,0
163,186,0
195,164,0
198,176,0
194,164,0
196,200,0
201,194,0
162,179,0
168,173,0
203,184,0
194,181,0
184,205,0
182,168,0
205,172,0
198,183,0
166,172,0
187,178,0
160,191,0
197,174,0
199,166,0
176,168,0
173,197,0
190,205,0
177,187,0
181,199,0
179,179,0
192,179,0
189,177,0
189,184,0
198,185,0
199,180,0
208,178,0
199,180,0
196,162,0
184,193,0
169,175,0
201,183,0
199,172,0
204,197,0
176,176,0
168,176,0
182,203,0
193,199,0
166,197,0
192,178,0
182,178,0
160,178,0
192,-164,1
182,-165,1
185,-163,1
187,-208,1
193,-189,1
197,-192,1
167,-194,1
188,-198,1
174,-173,1
192,-189,1
180,-167,1
204,-193,1
195,-200,1
205,-182,1
166,-196,1
173,-181,1
178,-199,1
193,-196,1
202,-190,1
186,-159,1
195,-198,1
200,-166,1
200,-165,1
173,-192,1
178,-195,1
196,-187,1
177,-182,1
192,-164,1
193,-174,1
173,-182,1
184,-194,1
175,-205,1
173,-177,1
206,-182,1
189,-197,1
189,-172,1
190,-198,1
167,-197,1
167,-186,1
182,-159,1
183,-183,1
186,-173,1
172,-173,1
192,-199,1
177,-182,1
184,-173,1
186,-164,1
208,-187,1
187,-183,1
163,-178,1
182,-187,1
191,-176,1
170,-194,1
178,-201,1
174,-179,1
202,-178,1
179,-183,1
182,-165,1
161,-175,1
173,-194,1
194,-193,1
190,-195,1
172,-162,1
177,-190,1
188,-188,1
193,-167,1
174,-195,1
190,-177,1
181,-194,1
198,-198,1
170,-204,1
190,-179,1
164,-179,1
187,-182,1
186,-159,1
183,-185,1
199,-195,1
192,-176,1
199,-185,1
191,-180,1
179,-192,1
181,-190,1
176,-178,1
206,-182,1
192,-163,1
169,-183,1
195,-191,1
170,-182,1
193,-171,1
175,-207,1
183,-171,1
194,-187,1
184,-174,1
162,-190,1
204,-180,1
170,-194,1
190,-175,1
176,-179,1
201,-177,1
186,-164,1
200,-197,1
188,-176,1
191,-175,1
180,-166,1
163,-191,1
182,-165,1
197,-195,1
198,-179,1
183,-176,1
201,-196,1
187,-177,1
201,-178,1
193,-201,1
188,-192,1
184,-184,1
180,-187,1
183,-184,1
204,-182,1
166,-192,1
190,-161,1
165,-169,1
198,-186,1
167,-174,1
170,-192,1
186,-201,1
185,-201,1
166,-176,1
187,-192,1
174,-190,1
189,-181,1
164,-184,1
185,-192,1
186,-182,1
194,-204,1
186,-184,1
178,-174,1
173,-165,1
169,-199,1
166,-197,1
186,-196,1
177,-195,1
207,-176,1
186,-197,1
184,-181,1
175,-181,1
174,-187,1
197,-170,1
180,-204,1
186,-182,1
169,-193,1
166,-190,1
177,-190,1
166,-181,1
198,-193,1
174,-198,1
186,-170,1
169,-179,1
184,-185,1
197,-199,1
166,-167,1
171,-182,1
183,-174,1
186,-195,1
177,-169,1
161,-176,1
168,-169,1
189,-184,1
201,-183,1
185,-172,1
175,-183,1
168,-190,1
201,-188,1
175,-176,1
201,-201,1
208,-184,1
189,-189,1
162,-195,1
168,-187,1
196,-167,1
184,-168,1
201,-193,1
186,-162,1
161,-174,1
189,-197,1
182,-175,1
188,-169,1
170,-187,1
200,-190,1
197,-164,1
199,-175,1
162,-194,1
172,-168,1
191,-183,1
167,-198,1
194,-186,1
181,-168,1
198,-193,1
168,-166,1
178,-168,1
200,-185,1
175,-167,1
187,-204,1
165,-195,1
194,-171,1
162,-193,1
174,-200,1
192,-199,1
183,-207,1
192,-171,1
166,-192,1
171,-169,1
170,-185,1
189,-160,1
182,-185,1
175,-202,1
165,-178,1
163,-195,1
205,-172,1
187,-179,1
177,-202,1
195,-179,1
164,-171,1
183,-173,1
203,-197,1
165,-172,1
184,-173,1
198,-172,1
173,-172,1
167,-194,1
184,-164,1
205,-188,1
186,-172,1
180,-208,1
178,-192,1
208,-178,1
165,-197,1
203,-171,1
193,-201,1
201,-188,1
174,-177,1
180,-201,1
187,-196,1
184,-178,1
161,-193,1
183,-182,1
169,-173,1
180,-184,1
183,-201,1
198,-200,1
200,-186,1
-173,-197,0
-200,-197,0
-200,-174,0
-195,-183,0
-192,-202,0
-180,-177,0
-200,-171,0
-197,-204,0
-182,-191,0
-170,-201,0
-199,-170,0
-185,-194,0
-182,-202,0
-201,-187,0
-205,-196,0
-162,-186,0
-196,-191,0
-181,-202,0
-197,-167,0
-192,-190,0
-162,-188,0
-184,-205,0
-160,-187,0
-200,-177,0
-178,-167,0
-208,-186,0
-182,-188,0
-185,-159,0
-194,-204,0
-198,-191,0
-189,-161,0
-178,-163,0
-182,-177,0
-167,-189,0
-173,-162,0
-186,-199,0
-166,-185,0
-176,-178,0
-204,-186,0
-171,-165,0
-177,-205,0
-192,-173,0
-173,-177,0
-186,-206,0
-205,-192,0
-179,-167,0
-183,-180,0
-175,-166,0
-175,-167,0
-160,-183,0
-183,-175,0
-170,-174,0
-195,-178,0
-186,-206,0
-201,-172,0
-177,-166,0
-184,-196,0
-186,-201,0
-203,-180,0
-183,-171,0
-189,-191,0
-197,-205,0
-161,-192,0
-171,-163,0
-192,-198,0
-202,-182,0
-169,-166,0
-166,-198,0
-177,-204,0
-161,-176,0
-160,-178,0
-192,-194,0
-189,-162,0
-203,-199,0
-192,-163,0
-172,-193,0
-183,-160,0
-178,-175,0
-180,-169,0
-167,-185,0
-201,-183,0
-199,-189,0
-175,-194,0
-163,-185,0
-162,-184,0
-186,-193,0
-203,-186,0
-165,-177,0
-184,-162,0
-199,-184,0
-195,-165,0
-170,-166,0
-196,-179,0
-195,-170,0
-198,-180,0
-194,-169,0
-182,-185,0
-175,-193,0
-179,-204,0
-193,-203,0
-203,-190,0
-185,-167,0
-200,-174,0
-188,-198,0
-185,-201,0
-175,-161,0
-185,-203,0
-171,-202,0
-193,-205,0
-196,-194,0
-170,-177,0
-197,-195,0
-189,-162,0
-174,-204,0
-165,-182,0
-191,-197,0
-199,-168,0
-191,-162,0
-183,-186,0
-203,-194,0
-171,-175,0
-190,-196,0
-181,-165,0
-201,-180,0
-201,-199,0
-187,-162,0
-186,-173,0
-178,-180,0
-176,-162,0
-171,-178,0
-166,-180,0
-164,-188,0
-186,-193,0
-195,-185,0
-186,-205,0
-182,-165,0
-175,-175,0
-169,-186,0
-170,-193,0
-206,-173,0
-162,-187,0
-160,-178,0
-187,-170,0
-206,-183,0
-170,-173,0
-185,-167,0
-160,-180,0
-168,-173,0
-164,-171,0
-176,-172,0
-191,-164,0
-181,-192,0
-180,-190,0
-178,-207,0
-170,-199,0
-164,-182,0
-182,-205,0
-190,-196,0
-204,-190,0
-189,-207,0
-204,-192,0
-171,-187,0
-176,-189,0
-182,-175,0
-195,-180,0
-167,-171,0
-203,-182,0
-186,-160,0
-170,-201,0
-191,-189,0
-196,-166,0
-199,-194,0
-175,-174,0
-195,-191,0
-202,-189,0
-201,-199,0
-189,-172,0
-179,-168,0
-174,-176,0
-167,-202,0
-197,-166,0
-185,-196,0
-202,-196,0
-159,-182,0
-188,-206,0
-179,-206,0
-187,-192,0
-176,-192,0
-204,-188,0
-174,-200,0
-192,-162,0
-166,-177,0
-195,-176,0
-170,-184,0
-176,-170,0
-178,-164,0
-177,-196,0
-204,-192,0
-170,-201,0
-161,-185,0
-170,-193,0
-202,-187,0
-184,-166,0
-161,-179,0
-180,-169,0
-180,-170,0
-171,-192,0
-181,-183,0
-168,-194,0
-176,-202,0
-193,-162,0
-182,-197,0
-195,-173,0
-189,-194,0
-195,-169,0
-191,-169,0
-194,-184,0
-168,-187,0
-189,-203,0
-204,-178,0
-167,-170,0
-196,-202,0
-185,-186,0
-170,-166,0
-167,-169,0
-179,-200,0
-192,-180,0
-185,-174,0
-206,-185,0
-170,-188,0
-196,-167,0
-195,-165,0
-169,-176,0
-195,-188,0
-180,-180,0
-192,-193,0
-168,-182,0
-162,-189,0
-159,-182,0
-163,-173,0
-175,-205,0
-183,-174,0
-180,-197,0
-179,-167,0
-188,-173,0
-174,-179,0
-193,-176,0
-194,-202,0
-201,-168,0
-192,-173,0
