-164,181,1
-192,161,1
-180,165,1
-172,179,1
-163,174,1
-161,176,1
-200,183,1
-171,203,1
-164,185,1
-184,199,1
-184,177,1
-177,195,1
-190,171,1
-185,172,1
-201,201,1
-201,178,1
-186,207,1
-179,194,1
-186,194,1
-177,163,1
-180,176,1
-177,177,1
-172,201,1
-165,172,1
-202,168,1
-185,197,1
-186,202,1
-160,178,1
-173,174,1
-195,178,1
-190,167,1
-189,206,1
-192,181,1
-189,206,1
-159,184,1
-203,187,1
-164,195,1
-185,175,1
-194,193,1
-176,192,1
-164,179,1
-183,175,1
-172,192,1
-159,186,1
-166,199,1
-183,194,1
-185,167,1
-174,163,1
-200,179,1
-177,171,1
-180,183,1
-201,177,1
-179,166,1
-194,175,1
-177,202,1
-172,164,1
-194,189,1
-187,192,1
-204,193,1
-188,188,1
-185,192,1
-192,198,1
-189,192,1
-181,177,1
-167,169,1
-198,177,1
-172,196,1
-185,163,1
-181,208,1
-190,170,1
-200,200,1
-176,207,1
-181,177,1
-173,171,1
-164,180,1
-204,194,1
-191,192,1
-177,204,1
-167,169,1
-180,184,1
-191,164,1
-187,164,1
-177,162,1
-200,188,1
-190,201,1
-173,164,1
-181,166,1
-182,186,1
-202,189,1
-195,193,1
-171,182,1
-178,181,1
-185,178,1
-165,172,1
-171,188,1
-183,165,1
-178,189,1
-184,187,1
-200,184,1
-175,190,1
-174,202,1
-172,190,1
-203,193,1
-198,168,1
-186,190,1
-206,176,1
-181,161,1
-160,183,1
-180,180,1
-170,166,1
-187,164,1
-185,196,1
-196,199,1
-161,191,1
-194,179,1
-178,169,1
-176,164,1
-194,187,1
-169,176,1
-182,187,1
-181,196,1
-173,187,1
-188,162,1
-185,163,1
-192,187,1
-184,188,1
-169,186,1
-175,187,1
-178,184,1
-179,186,1
-185,179,1
-168,169,1
-191,166,1
-193,185,1
-176,164,1
-188,162,1
-181,192,1
-177,182,1
-184,185,1
-189,161,1
-181,195,1
-162,183,1
-182,174,1
-193,171,1
-184,170,1
-188,177,1
-187,161,1
-201,197,1
-175,176,1
-171,194,1
-200,193,1
-192,174,1
-166,181,1
-185,181,1
-192,186,1
-193,174,1
-199,176,1
-206,188,1
-206,181,1
-171,181,1
-189,167,1
-183,193,1
-188,160,1
-192,178,1
-165,177,1
-180,208,1
-193,196,1
-190,198,1
-185,183,1
-183,177,1
-206,176,1
-192,167,1
-177,180,1
-186,163,1
-194,163,1
-202,194,1
-179,170,1
-199,199,1
-187,162,1
-200,180,1
-196,173,1
-186,201,1
-200,187,1
-169,196,1
-192,195,1
-203,185,1
-183,165,1
-163,178,1
-168,168,1
-185,193,1
-202,178,1
-169,203,1
-184,174,1
-175,179,1
-169,173,1
-175,162,1
-200,177,1
-171,205,1
-172,196,1
-181,163,1
-183,185,1
-162,183,1
-187,188,1
-188,167,1
-174,163,1
-178,190,1
-201,187,1
-200,187,1
-203,168,1
-190,185,1
-185,190,1
-169,176,1
-169,177,1
-180,206,1
-172,194,1
-171,195,1
-178,176,1
-200,193,1
-180,178,1
-188,185,1
-166,201,1
-186,192,1
-186,203,1
-205,188,1
-200,168,1
-169,187,1
-163,197,1
-165,175,1
-190,196,1
-184,181,1
-176,207,1
-186,187,1
-177,174,1
-202,178,1
-207,180,1
-198,198,1
-167,176,1
-182,198,1
-190,173,1
-192,205,1
-172,190,1
-170,172,1
-171,164,1
-174,193,1
-200,190,1
-181,176,1
-178,180,1
-187,186,1
-188,162,1
-183,192,1
179,179,0
195,198,0
166,192,0
179,191,0
170,166,0
188,203,0
190,207,0
173,163,0
180,164,0
206,183,0
200,173,0
180,194,0
182,200,0
190,187,0
184,179,0
196,203,0
176,185,0
173,202,0
200,165,0
189,168,0
184,159,0
169,195,0
182,182,0
179,197,0
203,195,0
179,181,0
172,171,0
178,207,0
183,170,0
172,191,0
188,182,0
162,190,0
194,196,0
165,173,0
169,185,0
186,161,0
178,198,0
193,165,0
174,177,0
199,203,0
193,204,0
177,178,0
184,205,0
174,166,0
200,194,0
189,180,0
181,175,0
190,169,0
185,190,0
195,172,0
182,189,0
190,202,0
193,169,0
192,199,0
187,171,0
178,203,0
174,174,0
181,206,0
188,180,0
172,164,0
169,174,0
193,177,0
177,194,0
181,198,0
177,164,0
197,176,0
184,188,0
168,180,0
191,170,0
191,164,0
200,184,0
195,193,0
187,195,0
166,174,0
166,188,0
198,176,0
168,186,0
200,197,0
195,201,0
182,160,0
184,167,0
197,173,0
166,177,0
183,170,0
174,204,0
191,170,0
168,203,0
169,172,0
172,175,0
184,174,0
177,198,0
184,170,0
163,191,0
185,208,0
191,170,0
178,186,0
207,192,0
206,185,0
174,167,0
171,164,0
166,187,0
168,172,0
187,172,0
187,166,0
179,169,0
205,187,0
191,199,0
191,173,0
178,196,0
168,181,0
185,179,0
206,181,0
201,169,0
198,202,0
175,197,0
185,189,0
195,193,0
165,177,0
175,206,0
202,181,0
194,197,0
191,167,0
193,185,0
182,190,0
181,185,0
185,179,0
182,194,0
184,178,0
200,165,0
200,180,0
197,186,0
201,177,0
176,166,0
202,181,0
197,169,0
200,165,0
172,196,0
179,207,0
196,186,0
179,168,0
180,166,0
182,193,0
182,184,0
187,196,0
203,181,0
180,207,0
174,171,0
199,177,0
189,201,0
169,185,0
183,178,0
185,208,0
170,172,0
194,199,0
168,184,0
199,178,0
166,174,0
184,204,0
174,161,0
172,197,0
161,190,0
201,183,0
203,181,0
199,182,0
173,187,0
193,204,0
190,168,0
180,206,0
191,167,0
168,168,0
178,177,0
178,171,0
201,166,0
195,202,0
191,187,0
164,180,0
200,189,0
169,200,0
190,190,0
178,178,0
180,195,0
197,191,0
195,176,0
183,186,0
168,189,0
185,164,0
191,207,0
174,187,0
165,175,0
171,168,0
173,174,0
198,177,0
191,167,0
188,201,0
180,178,0
181,178,0
188,195,0
198,195,0
174,178,0
176,198,0
188,167,0
176,174,0
176,165,0
191,199,0
180,169,0
185,175,0
192,180,0
200,190,0
189,206,0
176,170,0
162,176,0
188,207,0
202,177,0
192,206,0
202,197,0
172,168,0
170,180,0
173,162,0
170,171,0
184,176,0
183,205,0
177,203,0
180,198,0
179,174,0
183,190,0
192,164,0
183,197,0
164,169,0
189,197,0
177,176,0
173,197,0
168,174,0
194,188,0
186,194,0
178,206,0
166,180,0
197,193,0
179,172,0
179,182,0
167,191,0
170,165,0
204,173,0
189,168,0
184,184,0
190,180,0
164,187,0
194,188,0
167,181,0
172,169,0
189,194,0
195,-175,1
197,-167,1
170,-170,1
179,-201,1
170,-180,1
195,-173,1
172,-168,1
198,-175,1
201,-177,1
175,-207,1
190,-168,1
160,-183,1
189,-194,1
165,-189,1
199,-185,1
165,-168,1
190,-185,1
193,-201,1
174,-172,1
184,-205,1
192,-203,1
185,-168,1
179,-205,1
183,-163,1
192,-194,1
207,-178,1
181,-167,1
189,-161,1
167,-198,1
189,-187,1
167,-189,1
178,-199,1
191,-189,1
206,-191,1
196,-169,1
170,-203,1
197,-197,1
174,-167,1
192,-170,1
202,-174,1
169,-175,1
182,-193,1
181,-160,1
197,-186,1
188,-182,1
179,-202,1
173,-173,1
168,-177,1
165,-193,1
160,-188,1
168,-171,1
172,-169,1
175,-170,1
204,-188,1
195,-192,1
179,-203,1
161,-175,1
196,-203,1
201,-183,1
174,-183,1
198,-193,1
179,-180,1
185,-167,1
194,-196,1
177,-201,1
178,-192,1
164,-187,1
200,-181,1
180,-178,1
166,-177,1
192,-180,1
182,-197,1
173,-188,1
172,-201,1
197,-195,1
175,-175,1
186,-165,1
175,-196,1
193,-194,1
203,-184,1
204,-185,1
187,-187,1
198,-173,1
184,-191,1
170,-202,1
191,-199,1
175,-189,1
193,-197,1
198,-169,1
160,-185,1
166,-191,1
183,-169,1
182,-164,1
203,-178,1
166,-195,1
206,-183,1
165,-199,1
204,-178,1
179,-168,1
176,-199,1
168,-165,1
195,-188,1
176,-178,1
173,-181,1
193,-182,1
171,-189,1
184,-168,1
173,-163,1
198,-199,1
192,-175,1
208,-180,1
176,-174,1
163,-177,1
187,-188,1
183,-205,1
183,-171,1
203,-175,1
195,-187,1
180,-172,1
175,-205,1
186,-166,1
182,-201,1
171,-182,1
197,-164,1
165,-174,1
194,-200,1
161,-187,1
183,-170,1
197,-170,1
188,-167,1
201,-171,1
166,-173,1
174,-161,1
196,-179,1
171,-171,1
176,-206,1
204,-170,1
173,-178,1
200,-202,1
203,-197,1
204,-195,1
172,-191,1
161,-193,1
175,-186,1
187,-194,1
184,-160,1
185,-172,1
207,-182,1
184,-180,1
160,-179,1
164,-196,1
193,-201,1
190,-208,1
200,-165,1
188,-176,1
189,-185,1
190,-206,1
184,-172,1
162,-190,1
193,-206,1
185,-205,1
185,-187,1
170,-193,1
197,-178,1
172,-175,1
193,-192,1
167,-196,1
183,-193,1
176,-177,1
187,-160,1
173,-172,1
207,-186,1
179,-202,1
184,-167,1
196,-177,1
189,-162,1
170,-181,1
165,-196,1
193,-189,1
190,-191,1
169,-165,1
185,-185,1
206,-188,1
199,-175,1
192,-173,1
165,-179,1
205,-192,1
165,-186,1
195,-167,1
204,-181,1
173,-203,1
200,-191,1
196,-194,1
191,-168,1
180,-184,1
163,-183,1
185,-195,1
184,-200,1
184,-202,1
196,-184,1
184,-188,1
204,-173,1
188,-182,1
171,-175,1
171,-182,1
192,-195,1
196,-192,1
185,-184,1
200,-198,1
198,-181,1
163,-176,1
181,-206,1
175,-174,1
200,-173,1
198,-198,1
180,-179,1
192,-166,1
189,-185,1
165,-168,1
193,-206,1
189,-172,1
204,-179,1
194,-204,1
162,-186,1
186,-205,1
185,-189,1
203,-179,1
169,-173,1
168,-193,1
181,-162,1
192,-206,1
187,-185,1
190,-173,1
181,-172,1
179,-182,1
186,-184,1
205,-194,1
189,-176,1
192,-206,1
185,-204,1
167,-183,1
207,-191,1
162,-193,1
172,-198,1
165,-173,1
201,-177,1
192,-203,1
192,-204,1
190,-177,1
185,-203,1
-183,-202,0
-176,-187,0
-179,-196,0
-167,-202,0
-188,-170,0
-162,-180,0
-174,-186,0
-186,-188,0
-188,-198,0
-180,-181,0
-185,-165,0
-195,-189,0
-196,-169,0
-176,-198,0
-185,-165,0
-160,-180,0
-187,-201,0
-177,-185,0
-163,-184,0
-172,-182,0
-188,-193,0
-174,-163,0
-175,-162,0
-199,-164,0
-183,-193,0
-185,-195,0
-207,-179,0
-176,-164,0
-175,-172,0
-179,-204,0
-176,-180,0
-184,-188,0
-187,-179,0
-202,-178,0
-192,-202,0
-195,-203,0
-191,-201,0
-172,-182,0
-199,-169,0
-175,-179,0
-185,-182,0
-187,-197,0
-186,-163,0
-174,-206,0
-165,-190,0
-186,-203,0
-198,-176,0
-203,-179,0
-196,-195,0
-187,-161,0
-181,-186,0
-201,-171,0
-179,-182,0
-160,-177,0
-175,-182,0
-182,-169,0
-183,-201,0
-163,-175,0
-177,-197,0
-188,-202,0
-174,-193,0
-197,-189,0
-170,-167,0
-207,-176,0
-183,-193,0
-188,-161,0
-164,-178,0
-192,-207,0
-176,-162,0
-187,-189,0
-189,-164,0
-201,-170,0
-192,-164,0
-165,-182,0
-184,-159,0
-197,-197,0
-167,-190,0
-172,-168,0
-166,-191,0
-164,-196,0
-179,-197,0
-189,-196,0
-169,-198,0
-172,-175,0
-189,-184,0
-189,-203,0
-179,-184,0
-188,-207,0
-206,-183,0
-162,-194,0
-178,-169,0
-185,-191,0
-196,-184,0
-178,-160,0
-194,-194,0
-174,-164,0
-160,-185,0
-190,-186,0
-186,-164,0
-190,-168,0
-206,-175,0
-159,-183,0
-180,-186,0
-192,-161,0
-184,-161,0
-181,-173,0
-187,-181,0
-164,-194,0
-191,-194,0
-169,-188,0
-175,-167,0
-182,-193,0
-190,-180,0
-203,-176,0
-191,-165,0
-161,-179,0
-170,-201,0
-194,-182,0
-198,-191,0
-207,-185,0
-172,-173,0
-169,-186,0
-180,-163,0
-176,-166,0
-186,-194,0
-176,-187,0
-202,-191,0
-183,-191,0
-194,-201,0
-189,-177,0
-188,-175,0
-180,-191,0
-161,-181,0
-178,-201,0
-184,-172,0
-188,-187,0
-171,-201,0
-167,-179,0
-175,-203,0
-195,-176,0
-191,-162,0
-191,-183,0
-175,-185,0
-163,-176,0
-186,-207,0
-177,-163,0
-193,-171,0
-185,-208,0
-163,-192,0
-159,-186,0
-178,-203,0
-184,-168,0
-185,-168,0
-185,-159,0
-207,-177,0
-178,-198,0
-168,-171,0
-173,-165,0
-169,-203,0
-177,-173,0
-173,-196,0
-181,-201,0
-174,-171,0
-178,-199,0
-195,-186,0
-177,-187,0
-191,-167,0
-180,-190,0
-170,-188,0
-193,-182,0
-183,-163,0
-204,-192,0
-193,-199,0
-208,-186,0
-186,-174,0
-192,-197,0
-197,-204,0
-175,-161,0
-195,-176,0
-171,-177,0
-202,-178,0
-194,-186,0
-196,-197,0
-182,-203,0
-190,-181,0
-194,-166,0
-170,-174,0
-178,-206,0
-186,-162,0
-175,-185,0
-190,-205,0
-171,-174,0
-205,-186,0
-203,-177,0
-184,-205,0
-164,-190,0
-169,-188,0
-189,-202,0
-177,-202,0
-194,-206,0
-185,-171,0
-167,-183,0
-186,-176,0
-178,-175,0
-182,-184,0
-170,-187,0
-206,-195,0
-184,-186,0
-208,-186,0
-188,-163,0
-175,-181,0
-193,-164,0
-166,-172,0
-199,-184,0
-163,-192,0
-188,-180,0
-200,-182,0
-170,-194,0
-191,-163,0
-188,-176,0
-182,-176,0
-185,-169,0
-176,-179,0
-200,-184,0
-171,-202,0
-196,-177,0
-195,-162,0
-200,-199,0
-201,-183,0
-181,-171,0
-179,-181,0
-203,-187,0
-168,-179,0
-182,-181,0
-172,-182,0
-185,-174,0
-172,-185,0
-178,-206,0
-165,-184,0
-183,-159,0
-177,-202,0
-199,-187,0
-185,-177,0
-161,-186,0
-171,-170,0
-207,-175,0
-176,-189,0
-181,-181,0
-174,-184,0
-197,-186,0
