-170,200,1
-194,194,1
-176,199,1
-181,172,1
-201,182,1
-154,179,1
-181,167,1
-165,165,1
-168,187,1
-173,173,1
-180,170,1
-161,161,1
-181,162,1
-164,179,1
-182,196,1
-160,182,1
-179,175,1
-155,189,1
-167,175,1
-196,163,1
-198,170,1
-173,185,1
-197,185,1
-163,168,1
-194,176,1
-168,194,1
-187,165,1
-159,183,1
-176,191,1
-184,170,1
-159,166,1
-185,157,1
-173,155,1
-194,188,1
-168,189,1
-192,178,1
-197,177,1
-187,164,1
-159,185,1
-162,174,1
-159,166,1
-170,172,1
-165,163,1
-180,152,1
-196,179,1
-183,181,1
-180,175,1
-158,166,1
-184,192,1
-180,171,1
-173,154,1
-196,167,1
-179,168,1
-172,193,1
-175,177,1
-169,156,1
-161,172,1
-167,184,1
-168,165,1
-166,156,1
-156,165,1
-156,175,1
-173,169,1
-164,178,1
-196,182,1
-171,162,1
-177,189,1
-190,175,1
-154,173,1
-194,171,1
-190,176,1
-177,182,1
-184,187,1
-188,169,1
-194,161,1
-169,159,1
-164,157,1
-190,187,1
-181,157,1
-159,183,1
-161,196,1
-191,163,1
-155,180,1
-172,178,1
-195,182,1
-167,157,1
-199,180,1
-166,189,1
-199,181,1
-170,160,1
-177,176,1
-178,175,1
-172,195,1
-159,162,1
-163,160,1
-177,167,1
-193,185,1
-183,177,1
-198,180,1
-170,192,1
-200,174,1
-198,177,1
-158,176,1
-185,171,1
-181,195,1
-159,167,1
-173,164,1
-183,168,1
-167,172,1
-157,187,1
-161,171,1
-181,192,1
-191,197,1
-169,198,1
-193,161,1
-171,200,1
-195,172,1
-170,155,1
-166,192,1
-158,169,1
-201,175,1
-168,194,1
-161,185,1
-167,190,1
-198,171,1
-200,169,1
-185,156,1
-194,163,1
-192,179,1
-179,163,1
-179,183,1
-192,180,1
-168,198,1
-155,186,1
-156,184,1
-154,176,1
-164,171,1
-186,177,1
-174,191,1
-166,195,1
-156,164,1
-172,191,1
-179,175,1
-191,193,1
-173,187,1
-184,197,1
-187,167,1
-166,157,1
-179,170,1
-175,174,1
-169,161,1
-180,169,1
-173,188,1
-180,177,1
-162,186,1
-175,177,1
-155,184,1
-165,177,1
-158,190,1
-174,181,1
-174,170,1
-193,180,1
-161,186,1
-185,157,1
-171,197,1
-176,178,1
-172,200,1
-171,176,1
-172,197,1
-160,174,1
-166,188,1
-193,170,1
-153,181,1
-163,185,1
-170,158,1
-195,163,1
-165,168,1
-200,170,1
-167,168,1
-187,158,1
-175,193,1
-186,191,1
-166,164,1
-153,180,1
-183,189,1
-185,199,1
-179,168,1
-159,168,1
-177,169,1
-182,197,1
-187,180,1
-176,191,1
-184,169,1
-200,182,1
-200,183,1
-196,171,1
-195,186,1
-174,158,1
-172,166,1
-194,185,1
-188,182,1
-164,157,1
-176,182,1
-193,176,1
-160,188,1
-165,196,1
-155,166,1
-182,170,1
-179,179,1
-172,175,1
-156,186,1
-198,185,1
-197,175,1
-185,157,1
-189,169,1
-183,189,1
-158,193,1
-174,200,1
-181,188,1
-181,193,1
-172,175,1
-155,165,1
-193,193,1
-176,190,1
-163,166,1
-177,164,1
-188,191,1
-164,195,1
-165,165,1
-164,171,1
-195,173,1
-183,187,1
-197,165,1
-199,172,1
-164,179,1
-159,188,1
-168,180,1
-184,191,1
-167,186,1
-156,186,1
-176,192,1
-179,199,1
-171,186,1
-158,184,1
-158,179,1
-197,190,1
-164,173,1
-172,159,1
-180,161,1
-173,179,1
171,163,0
191,188,0
180,159,0
185,195,0
164,160,0
180,198,0
195,175,0
166,180,0
172,175,0
192,166,0
181,186,0
173,194,0
173,163,0
189,160,0
181,178,0
180,200,0
190,165,0
165,172,0
168,175,0
161,167,0
169,155,0
192,178,0
161,184,0
193,180,0
175,189,0
163,177,0
182,188,0
174,169,0
172,199,0
169,154,0
178,153,0
170,167,0
171,158,0
152,176,0
168,167,0
176,153,0
186,160,0
160,159,0
171,174,0
175,193,0
160,188,0
191,197,0
161,187,0
173,179,0
194,181,0
167,168,0
162,185,0
169,174,0
186,190,0
190,179,0
155,189,0
154,177,0
188,191,0
183,193,0
168,184,0
183,168,0
185,159,0
164,187,0
192,182,0
198,178,0
168,166,0
181,201,0
168,191,0
163,176,0
198,179,0
159,181,0
178,167,0
194,178,0
169,194,0
175,153,0
193,161,0
165,177,0
152,178,0
183,155,0
178,189,0
170,160,0
190,169,0
187,157,0
187,194,0
166,170,0
168,157,0
177,196,0
164,159,0
165,187,0
184,173,0
166,160,0
176,170,0
166,186,0
193,194,0
161,190,0
162,167,0
168,192,0
190,190,0
196,164,0
174,157,0
189,189,0
175,169,0
178,186,0
196,176,0
157,179,0
155,169,0
155,185,0
158,190,0
174,168,0
193,182,0
186,183,0
195,186,0
187,197,0
195,188,0
176,179,0
188,198,0
193,172,0
164,174,0
195,166,0
186,190,0
193,168,0
184,168,0
170,157,0
181,157,0
166,155,0
187,190,0
157,191,0
191,167,0
162,182,0
189,155,0
198,176,0
157,185,0
171,158,0
180,182,0
189,168,0
163,196,0
179,175,0
180,192,0
168,161,0
158,192,0
181,163,0
174,170,0
184,193,0
178,167,0
185,172,0
159,164,0
198,185,0
154,180,0
191,172,0
181,190,0
175,158,0
181,185,0
191,160,0
163,172,0
193,184,0
157,179,0
157,163,0
184,165,0
200,176,0
165,171,0
189,172,0
158,183,0
177,160,0
158,168,0
160,184,0
180,167,0
168,189,0
170,171,0
161,193,0
154,178,0
166,160,0
199,168,0
198,187,0
194,167,0
166,166,0
177,181,0
169,190,0
191,174,0
157,190,0
200,182,0
185,155,0
183,181,0
161,189,0
192,164,0
182,153,0
201,179,0
186,184,0
187,193,0
167,175,0
164,157,0
160,169,0
177,193,0
176,156,0
175,154,0
180,168,0
166,199,0
168,198,0
194,187,0
161,165,0
185,194,0
174,166,0
194,159,0
156,166,0
170,157,0
173,199,0
158,170,0
182,187,0
155,170,0
158,191,0
187,169,0
194,176,0
170,158,0
181,185,0
177,199,0
160,177,0
191,161,0
155,170,0
173,165,0
182,162,0
170,185,0
182,196,0
171,187,0
154,179,0
192,176,0
185,157,0
175,198,0
171,180,0
165,169,0
179,165,0
201,175,0
178,169,0
165,187,0
183,176,0
159,193,0
192,183,0
177,182,0
179,169,0
158,184,0
172,178,0
166,199,0
163,190,0
197,184,0
178,170,0
172,157,0
189,182,0
174,197,0
184,187,0
155,185,0
198,169,0
167,198,0
195,163,0
163,162,0
166,178,0
167,162,0
176,198,0
181,-187,1
153,-171,1
162,-191,1
155,-172,1
173,-194,1
179,-169,1
178,-194,1
156,-175,1
183,-157,1
189,-196,1
184,-200,1
178,-201,1
183,-154,1
162,-181,1
164,-186,1
191,-172,1
188,-175,1
197,-188,1
175,-167,1
173,-170,1
172,-198,1
152,-175,1
177,-169,1
186,-190,1
194,-159,1
194,-192,1
166,-199,1
173,-161,1
183,-177,1
195,-164,1
190,-178,1
168,-188,1
183,-195,1
172,-186,1
169,-196,1
162,-178,1
158,-168,1
183,-183,1
186,-180,1
171,-181,1
168,-191,1
184,-171,1
199,-185,1
176,-176,1
171,-184,1
155,-187,1
170,-168,1
193,-159,1
177,-200,1
167,-184,1
190,-160,1
197,-169,1
169,-195,1
179,-169,1
175,-174,1
190,-173,1
181,-170,1
188,-164,1
188,-195,1
155,-174,1
176,-152,1
155,-181,1
186,-193,1
162,-174,1
186,-159,1
159,-170,1
188,-175,1
163,-157,1
175,-164,1
161,-161,1
175,-196,1
175,-163,1
159,-186,1
175,-158,1
166,-159,1
165,-157,1
190,-169,1
162,-183,1
164,-193,1
169,-200,1
162,-158,1
175,-154,1
164,-177,1
183,-174,1
156,-185,1
179,-158,1
197,-178,1
171,-178,1
187,-191,1
198,-187,1
168,-199,1
163,-161,1
179,-185,1
189,-172,1
165,-193,1
168,-157,1
189,-178,1
186,-182,1
184,-174,1
154,-180,1
196,-191,1
161,-186,1
175,-196,1
180,-193,1
169,-191,1
193,-169,1
180,-160,1
198,-170,1
187,-161,1
165,-195,1
174,-176,1
166,-183,1
180,-186,1
188,-184,1
167,-199,1
196,-186,1
184,-199,1
155,-180,1
159,-167,1
188,-199,1
187,-161,1
200,-183,1
197,-166,1
185,-196,1
165,-188,1
161,-191,1
159,-186,1
192,-177,1
190,-195,1
180,-176,1
200,-173,1
179,-164,1
184,-198,1
170,-171,1
175,-192,1
182,-179,1
185,-170,1
175,-183,1
171,-184,1
169,-183,1
187,-169,1
169,-195,1
196,-163,1
175,-174,1
194,-160,1
191,-159,1
180,-178,1
170,-158,1
198,-178,1
176,-156,1
161,-158,1
186,-200,1
173,-158,1
188,-187,1
181,-184,1
186,-156,1
185,-157,1
155,-175,1
159,-180,1
171,-171,1
165,-158,1
159,-176,1
190,-179,1
177,-160,1
158,-166,1
183,-197,1
182,-200,1
156,-179,1
193,-172,1
161,-193,1
195,-178,1
200,-171,1
179,-174,1
162,-168,1
182,-177,1
174,-181,1
183,-165,1
170,-160,1
180,-184,1
175,-176,1
193,-164,1
176,-194,1
169,-159,1
194,-172,1
167,-177,1
168,-158,1
179,-185,1
188,-162,1
194,-167,1
168,-185,1
167,-160,1
198,-173,1
166,-166,1
195,-176,1
173,-191,1
182,-169,1
195,-193,1
163,-193,1
154,-183,1
177,-188,1
166,-162,1
166,-186,1
175,-163,1
167,-192,1
180,-152,1
168,-174,1
168,-193,1
156,-181,1
167,-187,1
184,-178,1
174,-196,1
156,-182,1
163,-166,1
164,-195,1
196,-181,1
193,-190,1
170,-167,1
159,-193,1
172,-161,1
184,-175,1
178,-188,1
199,-178,1
180,-199,1
169,-186,1
165,-180,1
160,-173,1
192,-158,1
153,-181,1
188,-182,1
196,-176,1
175,-156,1
193,-178,1
174,-197,1
187,-161,1
201,-178,1
185,-185,1
172,-177,1
159,-185,1
167,-192,1
174,-174,1
179,-197,1
180,-156,1
163,-188,1
177,-197,1
179,-163,1
194,-189,1
171,-195,1
168,-168,1
173,-200,1
165,-186,1
-157,-173,0
-188,-190,0
-191,-168,0
-182,-189,0
-193,-166,0
-170,-177,0
-184,-193,0
-160,-194,0
-171,-195,0
-165,-186,0
-191,-192,0
-186,-161,0
-155,-168,0
-155,-172,0
-167,-167,0
-162,-158,0
-171,-196,0
-168,-196,0
-163,-172,0
-188,-158,0
-169,-161,0
-180,-170,0
-176,-193,0
-166,-177,0
-175,-163,0
-181,-169,0
-169,-167,0
-169,-158,0
-165,-183,0
-162,-191,0
-179,-171,0
-194,-184,0
-154,-185,0
-171,-171,0
-181,-178,0
-176,-156,0
-160,-166,0
-171,-197,0
-181,-175,0
-155,-179,0
-170,-191,0
-163,-186,0
-175,-157,0
-168,-159,0
-166,-188,0
-168,-187,0
-174,-177,0
-183,-173,0
-160,-161,0
-152,-178,0
-173,-154,0
-168,-193,0
-159,-194,0
-158,-183,0
-168,-199,0
-179,-194,0
-177,-196,0
-174,-157,0
-155,-174,0
-181,-173,0
-197,-177,0
-177,-163,0
-193,-168,0
-184,-155,0
-173,-178,0
-179,-159,0
-177,-185,0
-193,-184,0
-156,-189,0
-194,-186,0
-194,-181,0
-179,-172,0
-162,-186,0
-166,-169,0
-177,-183,0
-172,-160,0
-188,-160,0
-177,-155,0
-170,-194,0
-159,-170,0
-184,-161,0
-156,-171,0
-197,-170,0
-196,-166,0
-199,-186,0
-178,-163,0
-171,-191,0
-173,-200,0
-199,-166,0
-170,-154,0
-199,-177,0
-158,-162,0
-192,-165,0
-171,-160,0
-194,-159,0
-174,-169,0
-180,-177,0
-200,-177,0
-171,-193,0
-194,-183,0
-173,-157,0
-192,-167,0
-174,-195,0
-182,-197,0
-194,-171,0
-182,-198,0
-199,-177,0
-179,-186,0
-168,-195,0
-164,-194,0
-181,-199,0
-168,-158,0
-172,-165,0
-158,-168,0
-195,-172,0
-186,-175,0
-183,-165,0
-170,-198,0
-181,-156,0
-179,-178,0
-157,-190,0
-177,-187,0
-165,-156,0
-175,-180,0
-180,-172,0
-169,-182,0
-160,-181,0
-171,-192,0
-167,-192,0
-191,-192,0
-167,-176,0
-158,-182,0
-177,-160,0
-183,-198,0
-192,-174,0
-182,-155,0
-166,-172,0
-159,-193,0
-189,-189,0
-176,-155,0
-180,-194,0
-165,-196,0
-190,-172,0
-189,-164,0
-179,-172,0
-166,-168,0
-178,-192,0
-194,-169,0
-179,-152,0
-154,-168,0
-187,-166,0
-172,-153,0
-155,-188,0
-191,-191,0
-188,-175,0
-164,-176,0
-155,-174,0
-197,-177,0
-201,-181,0
-166,-174,0
-186,-194,0
-175,-199,0
-168,-154,0
-185,-187,0
-171,-201,0
-178,-193,0
-187,-197,0
-155,-187,0
-181,-153,0
-172,-172,0
-177,-166,0
-176,-195,0
-180,-156,0
-161,-172,0
-188,-186,0
-194,-194,0
-197,-166,0
-181,-199,0
-197,-167,0
-158,-175,0
-177,-158,0
-155,-184,0
-172,-194,0
-153,-171,0
-194,-193,0
-201,-174,0
-168,-171,0
-174,-199,0
-164,-193,0
-161,-192,0
-186,-198,0
-180,-194,0
-176,-157,0
-200,-173,0
-193,-180,0
-192,-186,0
-175,-160,0
-181,-164,0
-190,-192,0
-172,-161,0
-176,-176,0
-162,-158,0
-200,-173,0
-184,-171,0
-181,-157,0
-182,-164,0
-162,-175,0
-184,-177,0
-188,-189,0
-160,-183,0
-158,-188,0
-166,-183,0
-157,-189,0
-188,-195,0
-186,-172,0
-168,-187,0
-167,-156,0
-188,-186,0
-170,-192,0
-164,-170,0
-179,-166,0
-155,-181,0
-175,-157,0
-155,-187,0
-195,-183,0
-196,-164,0
-182,-154,0
-159,-162,0
-165,-157,0
-182,-180,0
-175,-183,0
-166,-176,0
-178,-168,0
-153,-182,0
-189,-195,0
-170,-173,0
-174,-185,0
-174,-162,0
-194,-171,0
-189,-178,0
-161,-177,0
-154,-167,0
-178,-168,0
-167,-194,0
-188,-177,0
-189,-179,0
-198,-175,0
-166,-185,0
-165,-161,0
-191,-193,0
