17,31,0
42,23,0
36,22,0
35,21,0
16,2,0
18,40,0
29,1,0
28,43,0
24,46,0
17,20,0
39,18,0
33,47,0
38,28,0
36,29,0
18,29,0
20,11,0
42,23,0
48,30,0
4,35,0
37,8,0
5,10,0
6,32,0
49,28,0
13,9,0
28,33,0
18,24,0
22,46,0
16,38,0
40,10,0
23,4,0
19,28,0
1,28,0
47,18,0
36,40,0
25,17,0
38,22,0
32,16,0
32,28,0
43,17,0
38,29,0
30,18,0
6,9,0
3,34,0
5,35,0
13,5,0
23,18,0
22,12,0
11,31,0
11,5,0
17,20,0
13,14,0
46,16,0
35,13,0
12,26,0
9,25,0
47,21,0
30,8,0
29,47,0
12,42,0
13,38,0
35,20,0
47,25,0
47,30,0
16,44,0
6,14,0
14,45,0
17,12,0
28,49,0
35,24,0
25,17,0
19,14,0
16,39,0
40,33,0
28,33,0
29,15,0
12,32,0
43,26,0
44,31,0
39,9,0
34,27,0
28,42,0
9,16,0
30,29,0
46,38,0
33,41,0
18,17,0
7,27,0
25,29,0
25,13,0
8,36,0
18,18,0
25,28,0
37,4,0
19,22,0
10,35,0
20,6,0
37,10,0
35,9,0
39,17,0
25,26,0
9,34,0
1,19,0
38,10,0
11,26,0
26,17,0
21,42,0
47,22,0
22,20,0
12,24,0
32,1,0
2,18,0
20,31,0
32,31,0
34,5,0
6,38,0
33,35,0
17,41,0
41,14,0
26,40,0
2,29,0
28,4,0
39,24,0
39,37,0
23,49,0
32,21,0
39,5,0
49,30,0
17,40,0
6,20,0
23,17,0
19,7,0
7,9,0
1,19,0
39,24,0
37,10,0
36,27,0
41,9,0
34,27,0
22,35,0
41,9,0
30,44,0
49,22,0
44,25,0
41,34,0
19,1,0
8,33,0
21,34,0
25,7,0
43,9,0
42,24,0
19,10,0
15,36,0
40,41,0
35,39,0
32,31,0
12,30,0
1,32,0
6,32,0
34,40,0
48,30,0
28,44,0
33,24,0
19,39,0
3,18,0
34,44,0
25,20,0
24,32,0
6,34,0
3,26,0
43,12,0
35,4,0
23,15,0
34,32,0
38,19,0
18,21,0
22,43,0
9,20,0
28,1,0
42,43,0
5,20,0
14,16,0
19,46,0
7,21,0
10,20,0
26,43,0
40,33,0
12,40,0
15,28,0
36,3,0
43,12,0
8,12,0
13,16,0
21,18,0
43,35,0
32,13,0
30,3,0
13,36,0
37,45,0
16,19,0
24,47,0
41,43,0
32,34,0
19,20,0
16,42,0
24,19,0
41,32,0
35,12,0
28,38,0
17,13,0
35,43,0
35,6,0
16,27,0
32,47,0
24,40,0
33,43,0
45,31,0
47,30,0
24,27,0
29,23,0
7,20,0
29,45,0
13,30,0
28,3,0
42,20,0
34,38,0
34,40,0
28,41,0
19,7,0
35,39,0
18,25,0
20,11,0
23,28,0
8,8,0
12,17,0
42,28,0
14,4,0
33,41,0
41,18,0
38,37,0
32,29,0
33,33,0
16,30,0
9,17,0
8,12,0
43,13,0
13,8,0
30,25,0
35,30,0
40,29,0
30,15,0
33,10,0
45,20,0
28,21,0
23,34,0
25,3,0
42,24,0
28,35,0
5,21,0
31,15,0
23,47,0
4,20,0
1,27,0
37,5,0
38,26,0
44,21,0
14,17,0
20,8,0
19,40,0
49,32,0
28,9,0
3,24,0
31,27,0
12,11,0
20,6,0
7,34,0
38,44,0
24,40,0
32,32,0
31,47,0
17,13,0
16,47,0
12,39,0
42,8,0
23,47,0
32,1,0
11,12,0
15,46,0
27,39,0
10,27,0
14,35,0
8,27,0
14,6,0
33,13,0
11,5,0
33,41,0
35,41,0
18,31,0
16,38,0
17,40,0
7,18,0
43,41,0
17,46,0
40,32,0
4,34,0
16,2,0
20,34,0
29,49,0
8,43,0
2,17,0
40,27,0
25,29,0
29,1,0
37,4,0
38,32,0
47,26,0
25,36,0
14,40,0
2,24,0
28,12,0
21,8,0
25,46,0
19,1,0
20,23,0
7,24,0
22,37,0
27,38,0
18,2,0
39,26,0
23,22,0
29,14,0
31,12,0
27,26,0
38,38,0
38,17,0
31,8,0
47,19,0
31,31,0
24,19,0
18,31,0
33,23,0
39,11,0
24,3,0
23,44,0
19,8,0
32,41,0
34,42,0
13,9,0
23,14,0
9,32,0
36,19,0
5,17,0
21,43,0
34,44,0
9,15,0
22,39,0
27,11,0
24,43,0
11,14,0
47,21,0
29,11,0
22,1,0
27,14,0
22,7,0
24,47,0
29,40,0
7,38,0
39,39,0
47,15,0
17,8,0
27,46,0
13,21,0
7,38,0
19,43,0
19,21,0
49,23,0
11,8,0
45,28,0
43,25,0
36,33,0
48,28,0
31,29,0
28,7,0
12,6,0
25,41,0
28,6,0
32,8,0
36,44,0
44,19,0
25,33,0
31,34,0
5,10,0
21,6,0
35,22,0
2,30,0
30,22,0
35,24,0
39,11,0
11,35,0
26,38,0
24,2,0
21,16,0
13,12,0
42,15,0
45,18,0
26,11,0
11,22,0
21,31,0
28,2,0
26,16,0
10,42,0
10,34,0
19,19,0
34,18,0
45,18,0
5,38,0
22,43,0
12,14,0
16,39,0
46,13,0
12,33,0
25,40,0
22,47,0
3,16,0
26,33,0
21,28,0
36,42,0
19,44,0
29,18,0
9,10,0
45,22,0
24,1,0
10,6,0
4,17,0
29,40,0
1,20,0
31,37,0
13,39,0
25,45,0
47,36,0
10,10,0
22,48,0
40,22,0
39,16,0
7,24,0
38,33,0
11,31,0
15,6,0
46,26,0
1,23,0
27,43,0
4,28,0
4,26,0
32,41,0
31,4,0
11,21,0
46,21,0
16,34,0
31,30,0
29,15,0
27,17,0
10,39,0
42,16,0
16,30,0
37,16,0
17,16,0
21,27,0
28,22,0
31,32,0
29,5,0
2,25,0
18,47,0
22,49,0
6,18,0
29,2,0
34,29,0
42,40,0
48,20,0
22,37,0
39,45,0
15,26,0
22,14,0
13,24,0
20,13,0
16,8,0
19,29,0
16,46,0
46,18,0
34,2,0
23,29,0
43,30,0
23,45,0
16,16,0
21,37,0
45,34,0
4,32,0
30,35,0
27,21,0
37,30,0
11,31,0
28,30,0
269,24,1
259,7,1
282,27,1
261,39,1
254,11,1
273,47,1
247,22,1
260,19,1
248,13,1
282,42,1
262,8,1
243,19,1
248,9,1
265,31,1
260,4,1
263,19,1
280,44,1
271,29,1
273,24,1
248,21,1
256,27,1
271,7,1
258,15,1
276,33,1
270,22,1
270,42,1
270,28,1
252,23,1
251,5,1
247,17,1
284,35,1
260,48,1
243,24,1
272,13,1
287,35,1
245,12,1
268,46,1
257,38,1
284,31,1
262,44,1
275,37,1
253,41,1
268,8,1
264,25,1
258,6,1
279,27,1
266,18,1
261,4,1
267,14,1
263,25,1
260,10,1
274,37,1
266,41,1
265,34,1
276,19,1
269,23,1
277,37,1
262,15,1
256,26,1
258,28,1
289,27,1
264,47,1
252,26,1
289,32,1
280,37,1
262,12,1
286,12,1
279,45,1
262,21,1
264,14,1
266,39,1
241,19,1
268,30,1
244,15,1
249,39,1
278,21,1
274,22,1
274,27,1
283,21,1
255,9,1
256,10,1
258,1,1
258,39,1
283,34,1
246,32,1
271,49,1
264,44,1
286,18,1
257,38,1
263,14,1
285,18,1
254,23,1
256,9,1
263,42,1
278,40,1
272,28,1
256,2,1
261,44,1
253,30,1
254,7,1
241,29,1
252,15,1
280,24,1
255,43,1
265,25,1
269,21,1
275,5,1
270,4,1
263,24,1
283,29,1
255,25,1
267,33,1
264,47,1
255,11,1
272,32,1
245,25,1
278,34,1
267,49,1
248,34,1
272,44,1
271,6,1
277,26,1
246,28,1
258,35,1
264,41,1
268,40,1
249,23,1
253,33,1
265,24,1
248,8,1
267,8,1
250,14,1
261,45,1
255,13,1
274,11,1
266,40,1
257,15,1
259,32,1
277,10,1
280,35,1
270,21,1
265,47,1
273,5,1
272,27,1
248,33,1
259,6,1
277,13,1
281,34,1
286,12,1
284,19,1
287,14,1
264,19,1
271,39,1
271,13,1
276,3,1
266,5,1
270,48,1
263,45,1
256,37,1
277,21,1
288,18,1
263,33,1
259,17,1
252,17,1
271,6,1
249,35,1
284,32,1
251,31,1
284,26,1
257,29,1
265,4,1
266,49,1
270,35,1
243,28,1
249,40,1
255,40,1
273,14,1
246,20,1
287,15,1
244,25,1
251,45,1
256,40,1
278,34,1
249,39,1
248,29,1
276,15,1
258,8,1
268,18,1
265,29,1
246,40,1
280,11,1
263,20,1
264,4,1
251,11,1
256,6,1
260,42,1
257,27,1
250,23,1
271,14,1
262,1,1
271,16,1
267,26,1
285,29,1
241,28,1
244,19,1
272,2,1
285,29,1
266,33,1
243,14,1
271,18,1
278,45,1
259,25,1
247,24,1
267,33,1
274,8,1
248,36,1
249,25,1
278,40,1
285,12,1
272,10,1
274,30,1
279,39,1
285,11,1
259,24,1
280,18,1
248,35,1
249,34,1
253,33,1
255,21,1
266,1,1
256,4,1
248,20,1
261,46,1
265,25,1
244,31,1
276,5,1
263,11,1
242,18,1
245,31,1
266,27,1
270,41,1
265,15,1
275,36,1
281,35,1
279,8,1
248,31,1
255,28,1
271,18,1
282,17,1
277,5,1
254,12,1
265,39,1
266,27,1
247,9,1
273,47,1
268,25,1
256,2,1
286,30,1
264,28,1
265,4,1
272,46,1
263,7,1
260,13,1
279,21,1
243,33,1
261,6,1
250,27,1
245,28,1
281,17,1
258,20,1
269,6,1
276,36,1
256,46,1
251,9,1
242,20,1
244,27,1
260,27,1
277,29,1
246,23,1
258,7,1
256,12,1
287,20,1
269,42,1
259,1,1
277,12,1
282,25,1
246,26,1
273,47,1
273,36,1
281,25,1
260,20,1
285,32,1
252,27,1
256,4,1
256,14,1
278,32,1
258,28,1
254,38,1
268,29,1
285,32,1
242,31,1
251,7,1
271,44,1
276,18,1
260,43,1
271,9,1
286,13,1
286,18,1
268,24,1
271,18,1
272,46,1
257,40,1
250,15,1
252,42,1
266,32,1
285,30,1
244,13,1
286,36,1
255,33,1
245,30,1
257,26,1
262,24,1
246,20,1
282,42,1
264,12,1
244,16,1
264,26,1
252,33,1
256,14,1
249,20,1
267,16,1
264,39,1
273,29,1
261,23,1
259,7,1
246,41,1
270,22,1
286,17,1
260,22,1
279,43,1
251,19,1
257,44,1
270,46,1
264,25,1
251,28,1
245,39,1
249,22,1
248,9,1
254,19,1
246,12,1
276,21,1
265,47,1
279,26,1
254,5,1
272,15,1
257,13,1
249,13,1
261,8,1
267,5,1
283,10,1
256,16,1
243,33,1
249,10,1
262,42,1
252,27,1
283,24,1
253,24,1
253,12,1
249,13,1
252,32,1
263,35,1
276,29,1
270,27,1
272,43,1
265,6,1
285,29,1
251,22,1
287,15,1
262,28,1
275,9,1
243,33,1
269,28,1
267,7,1
272,23,1
250,18,1
271,12,1
266,36,1
273,9,1
276,41,1
254,23,1
287,15,1
252,14,1
277,32,1
282,31,1
261,10,1
270,7,1
270,14,1
252,41,1
286,20,1
283,14,1
250,13,1
247,20,1
284,18,1
271,47,1
284,36,1
247,36,1
267,25,1
262,46,1
253,39,1
262,40,1
287,14,1
280,40,1
244,14,1
249,22,1
281,33,1
247,11,1
258,24,1
265,38,1
265,38,1
279,5,1
247,40,1
247,33,1
258,16,1
259,46,1
267,25,1
256,44,1
262,39,1
267,39,1
245,25,1
246,40,1
255,38,1
265,14,1
273,39,1
253,21,1
280,11,1
267,34,1
251,5,1
251,33,1
263,40,1
261,46,1
263,10,1
264,16,1
261,22,1
265,41,1
275,26,1
263,36,1
247,26,1
251,5,1
261,32,1
263,7,1
244,20,1
273,28,1
251,23,1
262,6,1
266,10,1
257,21,1
285,35,1
271,34,1
277,37,1
263,19,1
241,23,1
272,5,1
277,14,1
243,20,1
247,24,1
250,38,1
257,28,1
242,22,1
254,38,1
267,21,1
269,1,1
270,48,1
275,22,1
287,15,1
285,35,1
281,22,1
264,24,1
289,31,1
261,36,1
269,4,1
289,18,1
280,16,1
258,32,1
267,13,1
255,44,1
266,47,1
275,15,1
270,40,1
265,45,1
246,29,1
270,45,1
269,10,1
272,44,1
267,24,1
274,4,1
268,16,1
246,26,1
272,43,1
264,26,1
253,43,1
