40,39,0
13,7,0
4,33,0
35,33,0
21,41,0
44,19,0
14,8,0
34,9,0
36,29,0
26,46,0
18,17,0
3,18,0
39,36,0
33,45,0
43,27,0
9,29,0
4,22,0
27,26,0
3,15,0
31,44,0
33,25,0
9,11,0
43,32,0
28,46,0
20,23,0
2,19,0
48,34,0
35,37,0
22,43,0
4,22,0
36,43,0
6,16,0
36,20,0
17,47,0
32,47,0
28,27,0
31,27,0
14,43,0
15,27,0
35,8,0
34,30,0
15,27,0
24,2,0
34,25,0
32,8,0
26,23,0
13,14,0
26,34,0
27,10,0
36,9,0
44,24,0
31,34,0
14,45,0
8,26,0
5,29,0
32,2,0
22,41,0
18,17,0
25,40,0
10,30,0
21,39,0
28,10,0
13,23,0
9,38,0
38,5,0
29,31,0
33,35,0
7,27,0
31,32,0
12,41,0
26,13,0
25,9,0
34,39,0
12,4,0
14,37,0
30,16,0
9,18,0
22,15,0
9,38,0
38,44,0
45,12,0
34,47,0
18,13,0
34,29,0
12,38,0
15,44,0
17,46,0
44,32,0
14,35,0
23,24,0
19,35,0
24,25,0
12,34,0
17,8,0
40,6,0
3,14,0
27,26,0
25,6,0
37,10,0
16,30,0
13,31,0
37,11,0
18,26,0
24,10,0
44,14,0
17,12,0
13,26,0
19,7,0
29,41,0
17,45,0
43,37,0
20,18,0
9,18,0
14,9,0
23,1,0
18,27,0
29,19,0
46,21,0
43,14,0
27,31,0
25,12,0
26,37,0
33,40,0
39,43,0
31,48,0
43,17,0
41,19,0
36,31,0
23,19,0
16,38,0
34,29,0
36,14,0
22,9,0
5,21,0
21,17,0
42,9,0
22,30,0
28,7,0
28,5,0
45,25,0
27,33,0
25,49,0
27,10,0
40,30,0
26,14,0
26,41,0
23,3,0
24,2,0
2,22,0
10,19,0
14,13,0
28,42,0
44,33,0
12,36,0
44,13,0
29,44,0
46,19,0
20,29,0
25,5,0
1,21,0
23,41,0
28,4,0
20,26,0
32,39,0
23,39,0
46,17,0
36,29,0
25,4,0
13,41,0
34,35,0
7,25,0
33,40,0
48,34,0
24,14,0
18,11,0
19,24,0
31,47,0
21,26,0
6,32,0
6,32,0
34,17,0
38,20,0
11,15,0
25,35,0
26,22,0
23,42,0
5,21,0
17,5,0
12,30,0
26,32,0
6,16,0
42,15,0
5,36,0
10,20,0
4,27,0
31,18,0
21,7,0
42,18,0
23,41,0
12,15,0
32,13,0
3,18,0
38,23,0
40,18,0
40,19,0
32,31,0
48,23,0
38,25,0
10,37,0
33,24,0
32,22,0
5,39,0
22,45,0
35,3,0
47,31,0
25,8,0
33,22,0
32,32,0
19,32,0
44,29,0
37,35,0
9,38,0
40,22,0
29,48,0
25,1,0
15,14,0
6,29,0
32,19,0
45,39,0
24,3,0
10,18,0
19,25,0
8,28,0
48,34,0
22,17,0
17,15,0
34,40,0
4,38,0
31,20,0
38,18,0
27,6,0
30,23,0
13,7,0
33,3,0
5,20,0
43,19,0
25,44,0
29,42,0
24,1,0
22,34,0
33,2,0
8,34,0
5,17,0
21,4,0
20,9,0
44,40,0
14,42,0
36,25,0
36,17,0
19,5,0
34,25,0
18,12,0
22,40,0
44,11,0
24,28,0
22,43,0
25,7,0
34,18,0
35,19,0
8,33,0
35,24,0
14,25,0
28,40,0
24,11,0
24,11,0
14,46,0
21,15,0
38,9,0
34,30,0
38,16,0
22,11,0
41,28,0
8,8,0
33,7,0
39,35,0
20,49,0
44,30,0
10,29,0
41,33,0
4,18,0
22,47,0
14,21,0
49,28,0
26,25,0
33,17,0
14,13,0
44,24,0
14,12,0
16,3,0
44,17,0
16,35,0
23,12,0
19,42,0
38,31,0
35,28,0
22,25,0
48,30,0
4,31,0
8,43,0
10,16,0
30,48,0
15,32,0
36,23,0
21,14,0
36,17,0
20,42,0
13,42,0
30,13,0
15,13,0
23,34,0
27,14,0
22,46,0
37,26,0
9,23,0
34,38,0
27,18,0
11,26,0
39,26,0
22,48,0
32,18,0
7,24,0
23,12,0
47,23,0
35,17,0
37,43,0
13,11,0
41,42,0
6,34,0
18,12,0
37,32,0
46,13,0
42,33,0
40,29,0
49,30,0
26,29,0
29,39,0
18,8,0
27,16,0
26,47,0
16,41,0
46,25,0
20,31,0
31,21,0
11,9,0
17,3,0
34,8,0
7,33,0
29,27,0
7,27,0
45,11,0
42,28,0
35,20,0
11,25,0
36,28,0
37,5,0
22,42,0
38,28,0
29,26,0
36,44,0
38,30,0
39,24,0
25,45,0
33,6,0
29,20,0
39,40,0
43,22,0
23,30,0
22,33,0
18,17,0
25,21,0
12,25,0
9,24,0
4,22,0
31,46,0
24,26,0
44,25,0
44,38,0
16,45,0
32,1,0
33,39,0
36,12,0
28,45,0
3,28,0
43,35,0
37,7,0
35,44,0
7,40,0
14,22,0
10,15,0
34,34,0
32,3,0
15,5,0
37,37,0
5,10,0
29,2,0
11,35,0
27,2,0
19,22,0
11,43,0
32,31,0
8,33,0
33,30,0
28,7,0
45,32,0
43,26,0
18,25,0
19,20,0
11,8,0
29,39,0
15,31,0
5,19,0
39,39,0
41,21,0
16,4,0
39,38,0
2,34,0
11,44,0
20,13,0
11,18,0
25,21,0
30,17,0
33,22,0
15,41,0
45,22,0
7,10,0
34,46,0
41,36,0
22,4,0
12,13,0
28,31,0
11,21,0
42,31,0
9,28,0
45,29,0
20,15,0
19,43,0
21,13,0
49,28,0
16,30,0
27,26,0
13,8,0
23,17,0
38,37,0
49,26,0
34,15,0
28,44,0
32,11,0
34,14,0
49,23,0
7,30,0
15,17,0
37,34,0
23,19,0
31,41,0
17,43,0
35,21,0
28,12,0
26,9,0
13,29,0
29,6,0
24,1,0
22,35,0
16,48,0
41,19,0
34,16,0
22,11,0
21,40,0
3,24,0
8,33,0
23,12,0
8,27,0
41,9,0
30,14,0
30,39,0
32,46,0
36,38,0
47,29,0
5,33,0
15,7,0
29,14,0
12,19,0
39,44,0
37,10,0
42,25,0
12,27,0
5,14,0
34,10,0
23,24,0
16,48,0
16,39,0
245,34,1
284,41,1
268,39,1
281,20,1
248,34,1
255,41,1
242,33,1
270,41,1
279,9,1
260,32,1
249,9,1
244,21,1
268,18,1
280,40,1
285,19,1
247,10,1
252,9,1
276,4,1
266,25,1
244,20,1
261,2,1
252,10,1
270,45,1
287,30,1
250,45,1
249,44,1
253,33,1
275,16,1
280,19,1
269,6,1
280,25,1
278,22,1
287,14,1
269,43,1
249,16,1
262,22,1
285,19,1
285,27,1
270,29,1
259,20,1
268,1,1
279,23,1
270,8,1
258,45,1
264,15,1
266,37,1
257,16,1
252,29,1
288,18,1
281,27,1
262,19,1
263,10,1
253,25,1
249,11,1
276,36,1
268,31,1
245,18,1
278,46,1
271,36,1
276,27,1
256,44,1
265,32,1
258,11,1
281,35,1
249,32,1
279,28,1
269,25,1
242,29,1
256,33,1
252,41,1
273,30,1
249,44,1
284,12,1
271,14,1
264,35,1
260,5,1
261,9,1
274,46,1
255,21,1
264,40,1
268,32,1
244,17,1
278,15,1
252,16,1
254,28,1
273,15,1
280,9,1
281,20,1
275,15,1
244,23,1
258,17,1
282,29,1
260,40,1
271,32,1
278,6,1
272,45,1
268,47,1
273,47,1
264,18,1
253,20,1
251,32,1
257,33,1
266,36,1
279,7,1
272,47,1
263,15,1
262,39,1
272,13,1
268,13,1
243,32,1
288,27,1
285,39,1
246,18,1
287,28,1
282,39,1
247,33,1
273,30,1
262,22,1
244,20,1
261,42,1
271,39,1
277,38,1
250,43,1
279,25,1
268,49,1
267,8,1
285,27,1
264,31,1
275,30,1
241,20,1
282,42,1
280,26,1
251,9,1
246,22,1
257,21,1
278,7,1
243,32,1
289,22,1
251,10,1
248,12,1
267,15,1
264,8,1
268,32,1
257,20,1
271,22,1
277,39,1
287,23,1
282,37,1
266,48,1
260,39,1
243,30,1
253,21,1
249,26,1
267,12,1
250,24,1
283,36,1
254,29,1
261,19,1
283,19,1
280,31,1
243,34,1
281,15,1
282,23,1
241,30,1
266,49,1
270,10,1
279,31,1
282,27,1
270,2,1
275,23,1
265,0,1
253,30,1
274,48,1
248,7,1
259,40,1
264,2,1
273,31,1
243,33,1
274,36,1
250,11,1
286,14,1
242,24,1
246,19,1
251,34,1
274,4,1
264,19,1
265,10,1
277,19,1
269,41,1
241,18,1
270,37,1
257,48,1
244,17,1
285,29,1
255,45,1
248,25,1
250,39,1
243,26,1
278,14,1
282,10,1
276,32,1
265,42,1
253,28,1
263,27,1
279,25,1
260,16,1
251,45,1
260,24,1
247,33,1
266,31,1
264,45,1
274,43,1
253,25,1
270,6,1
266,46,1
258,18,1
246,9,1
279,29,1
251,6,1
266,14,1
283,30,1
284,9,1
244,38,1
272,42,1
278,36,1
279,14,1
249,27,1
282,20,1
272,30,1
286,35,1
276,33,1
268,41,1
260,15,1
274,11,1
266,24,1
275,39,1
254,41,1
255,42,1
288,21,1
282,15,1
263,37,1
252,19,1
284,33,1
260,48,1
283,32,1
284,15,1
263,43,1
263,2,1
267,46,1
264,20,1
253,35,1
288,16,1
265,15,1
264,38,1
253,43,1
281,44,1
242,16,1
248,9,1
254,42,1
287,31,1
266,39,1
261,17,1
274,25,1
250,44,1
265,40,1
252,24,1
285,33,1
256,47,1
257,7,1
259,12,1
266,33,1
245,34,1
248,22,1
277,29,1
251,39,1
255,44,1
267,46,1
256,48,1
278,4,1
283,21,1
254,46,1
273,25,1
258,36,1
270,40,1
283,24,1
250,12,1
243,15,1
256,32,1
259,25,1
277,15,1
261,48,1
250,32,1
282,15,1
246,13,1
272,37,1
263,12,1
270,44,1
267,11,1
248,31,1
266,49,1
268,15,1
253,10,1
262,44,1
254,17,1
270,25,1
259,22,1
269,45,1
283,30,1
246,25,1
274,36,1
280,27,1
265,49,1
273,10,1
268,49,1
257,48,1
283,21,1
251,36,1
245,28,1
251,29,1
254,40,1
274,37,1
243,34,1
269,25,1
248,9,1
257,30,1
280,5,1
262,45,1
287,31,1
253,6,1
271,12,1
243,18,1
275,19,1
259,1,1
255,42,1
244,22,1
253,18,1
286,29,1
260,13,1
270,49,1
275,18,1
245,22,1
275,45,1
266,42,1
266,40,1
249,21,1
258,35,1
266,14,1
276,36,1
249,27,1
281,30,1
261,48,1
256,10,1
267,2,1
271,49,1
246,21,1
244,14,1
269,31,1
244,17,1
287,32,1
282,24,1
272,35,1
276,29,1
289,19,1
273,15,1
266,34,1
268,7,1
262,15,1
260,4,1
244,31,1
274,7,1
267,18,1
281,8,1
260,45,1
272,4,1
278,27,1
253,17,1
264,42,1
275,44,1
251,45,1
257,7,1
247,20,1
262,41,1
287,22,1
249,41,1
263,29,1
267,20,1
265,44,1
253,37,1
258,9,1
256,33,1
267,40,1
272,25,1
272,27,1
289,32,1
251,29,1
250,8,1
281,9,1
268,17,1
287,30,1
264,34,1
283,38,1
257,34,1
265,34,1
254,41,1
281,42,1
274,2,1
288,27,1
256,33,1
270,5,1
244,38,1
257,16,1
262,45,1
245,38,1
270,38,1
275,44,1
272,18,1
245,25,1
270,27,1
278,42,1
253,30,1
259,44,1
252,44,1
248,26,1
263,9,1
244,30,1
270,9,1
268,2,1
267,1,1
249,12,1
264,8,1
282,9,1
246,17,1
255,12,1
265,5,1
260,47,1
287,15,1
263,40,1
253,32,1
263,21,1
266,24,1
256,37,1
255,8,1
265,9,1
249,11,1
257,14,1
273,42,1
279,37,1
284,32,1
252,24,1
255,32,1
246,39,1
259,35,1
261,3,1
265,13,1
272,3,1
270,35,1
265,43,1
267,13,1
258,13,1
250,22,1
286,12,1
247,28,1
256,27,1
266,14,1
261,41,1
271,9,1
255,7,1
244,18,1
243,19,1
274,12,1
260,6,1
244,19,1
274,21,1
248,25,1
272,22,1
266,1,1
255,44,1
272,36,1
267,33,1
245,15,1
270,37,1
279,30,1
243,21,1
287,36,1
269,45,1
270,23,1
266,20,1
286,33,1
246,23,1
266,8,1
257,26,1
282,34,1
265,11,1
246,23,1
255,26,1
264,2,1
264,42,1
275,17,1
262,10,1
256,28,1
