14,29,0
15,36,0
21,41,0
41,37,0
13,22,0
17,24,0
29,22,0
5,19,0
4,37,0
22,42,0
8,13,0
27,38,0
39,31,0
22,9,0
7,32,0
5,26,0
39,24,0
14,38,0
17,41,0
25,47,0
23,47,0
46,28,0
39,16,0
32,7,0
38,33,0
19,25,0
23,17,0
38,13,0
8,42,0
27,26,0
36,28,0
8,7,0
7,20,0
5,14,0
27,24,0
23,28,0
1,24,0
44,19,0
40,36,0
17,34,0
6,17,0
43,13,0
21,24,0
36,16,0
32,17,0
35,37,0
24,8,0
9,17,0
38,38,0
9,19,0
15,41,0
24,6,0
27,4,0
19,14,0
23,6,0
22,8,0
32,16,0
33,20,0
11,20,0
17,22,0
23,36,0
14,12,0
29,43,0
26,23,0
11,10,0
8,43,0
30,14,0
12,19,0
40,17,0
10,10,0
12,32,0
37,5,0
24,48,0
20,36,0
31,9,0
2,16,0
23,27,0
20,45,0
30,1,0
33,35,0
20,46,0
37,12,0
31,29,0
22,25,0
2,17,0
37,6,0
22,13,0
18,34,0
32,26,0
40,39,0
23,42,0
14,17,0
38,30,0
26,3,0
20,18,0
3,29,0
20,23,0
17,43,0
28,4,0
3,34,0
24,46,0
36,44,0
36,6,0
13,42,0
12,10,0
47,20,0
35,16,0
28,20,0
4,32,0
46,19,0
33,28,0
27,22,0
40,20,0
27,48,0
5,10,0
7,40,0
27,20,0
14,45,0
28,17,0
39,19,0
5,16,0
17,39,0
15,20,0
32,31,0
39,16,0
5,16,0
25,35,0
42,18,0
38,21,0
26,49,0
29,15,0
19,24,0
47,34,0
31,40,0
18,32,0
48,28,0
16,21,0
15,12,0
5,30,0
32,6,0
46,35,0
24,26,0
30,28,0
3,17,0
22,12,0
39,5,0
25,23,0
18,31,0
33,7,0
22,18,0
23,7,0
35,10,0
44,15,0
36,43,0
29,46,0
23,18,0
48,17,0
43,40,0
17,19,0
28,16,0
16,33,0
28,4,0
21,24,0
9,11,0
8,37,0
24,10,0
23,17,0
35,6,0
46,26,0
29,4,0
39,45,0
25,41,0
17,8,0
47,19,0
16,43,0
20,9,0
44,27,0
19,43,0
23,21,0
13,37,0
37,4,0
18,6,0
19,32,0
35,37,0
8,28,0
41,29,0
33,16,0
28,10,0
5,38,0
23,11,0
26,5,0
41,36,0
45,21,0
25,12,0
27,48,0
22,21,0
32,14,0
13,35,0
12,30,0
17,9,0
8,24,0
26,42,0
31,38,0
20,17,0
4,16,0
2,29,0
18,17,0
14,27,0
32,3,0
17,10,0
23,7,0
15,9,0
44,35,0
23,26,0
42,27,0
33,34,0
21,29,0
33,24,0
15,7,0
30,27,0
40,31,0
23,45,0
8,21,0
15,30,0
13,11,0
14,4,0
26,16,0
30,14,0
16,27,0
31,26,0
46,23,0
18,26,0
6,38,0
21,35,0
45,17,0
23,16,0
4,24,0
11,26,0
48,19,0
17,24,0
48,25,0
15,34,0
35,43,0
24,11,0
12,37,0
10,12,0
1,30,0
11,43,0
4,29,0
17,11,0
9,29,0
40,12,0
47,28,0
46,26,0
9,15,0
15,18,0
8,26,0
19,47,0
31,17,0
26,32,0
45,18,0
10,14,0
29,22,0
45,20,0
33,6,0
14,23,0
34,47,0
29,16,0
48,22,0
40,14,0
14,38,0
5,23,0
13,5,0
33,19,0
29,42,0
28,39,0
30,18,0
12,15,0
33,34,0
25,46,0
11,21,0
21,48,0
14,36,0
17,41,0
27,42,0
33,25,0
46,12,0
12,9,0
8,42,0
10,44,0
5,15,0
9,26,0
39,31,0
31,46,0
46,27,0
41,20,0
33,22,0
4,32,0
27,19,0
47,27,0
10,39,0
30,43,0
20,34,0
40,28,0
18,49,0
48,19,0
35,32,0
30,36,0
30,20,0
25,5,0
19,42,0
25,26,0
37,44,0
22,13,0
43,27,0
27,38,0
30,36,0
25,27,0
18,38,0
16,42,0
34,34,0
9,24,0
20,20,0
11,40,0
3,15,0
27,27,0
26,20,0
21,11,0
9,20,0
24,9,0
13,4,0
45,26,0
27,35,0
19,39,0
16,14,0
29,38,0
8,34,0
32,6,0
16,11,0
39,19,0
23,35,0
30,29,0
13,36,0
27,41,0
38,12,0
20,7,0
25,9,0
31,27,0
30,22,0
21,20,0
20,30,0
40,25,0
1,30,0
19,34,0
27,38,0
32,26,0
39,24,0
12,21,0
12,13,0
35,9,0
27,18,0
36,12,0
33,26,0
26,19,0
25,13,0
20,40,0
39,38,0
39,41,0
14,26,0
14,28,0
7,9,0
5,15,0
20,14,0
9,14,0
10,37,0
25,39,0
34,32,0
27,48,0
40,45,0
13,4,0
15,3,0
35,38,0
17,45,0
23,39,0
25,46,0
19,48,0
8,24,0
37,9,0
31,29,0
14,10,0
40,43,0
18,47,0
37,13,0
38,28,0
24,25,0
14,13,0
31,28,0
48,19,0
12,21,0
3,21,0
21,22,0
18,15,0
36,10,0
48,17,0
40,17,0
26,42,0
19,35,0
45,40,0
20,3,0
14,39,0
22,4,0
24,38,0
23,23,0
32,6,0
24,18,0
37,23,0
14,29,0
16,37,0
9,20,0
23,14,0
38,16,0
20,31,0
41,38,0
1,21,0
23,2,0
26,49,0
35,40,0
27,7,0
29,32,0
21,44,0
10,30,0
3,34,0
30,27,0
26,24,0
14,24,0
27,26,0
37,27,0
18,6,0
21,31,0
19,48,0
10,10,0
8,37,0
7,31,0
29,25,0
31,27,0
8,18,0
23,39,0
13,39,0
1,31,0
23,28,0
36,16,0
13,43,0
22,47,0
41,40,0
20,15,0
36,30,0
9,34,0
26,39,0
12,10,0
41,13,0
13,30,0
18,22,0
2,29,0
48,27,0
35,42,0
41,34,0
34,19,0
35,21,0
13,6,0
31,38,0
40,25,0
17,25,0
11,20,0
27,24,0
46,25,0
33,26,0
32,25,0
25,33,0
33,41,0
26,22,0
6,36,0
30,16,0
6,40,0
38,5,0
37,29,0
44,39,0
29,28,0
12,33,0
23,27,0
15,15,0
25,32,0
14,5,0
39,42,0
24,9,0
27,26,0
28,36,0
11,29,0
21,2,0
19,24,0
9,19,0
265,10,1
252,14,1
239,16,1
264,15,1
249,12,1
272,9,1
241,33,1
237,39,1
273,15,1
251,19,1
252,14,1
253,36,1
260,20,1
247,13,1
251,8,1
266,21,1
268,41,1
258,14,1
246,47,1
242,30,1
246,9,1
273,25,1
279,30,1
253,19,1
258,10,1
252,44,1
274,15,1
279,31,1
265,18,1
234,38,1
258,4,1
241,33,1
247,26,1
273,10,1
231,28,1
256,31,1
254,12,1
246,14,1
270,26,1
275,39,1
248,22,1
276,37,1
279,23,1
265,11,1
248,7,1
264,4,1
241,24,1
243,38,1
257,8,1
273,40,1
261,38,1
262,9,1
254,6,1
260,7,1
256,45,1
263,2,1
264,47,1
273,13,1
269,20,1
242,7,1
241,36,1
255,17,1
276,37,1
278,32,1
266,35,1
251,31,1
260,37,1
255,23,1
240,8,1
242,23,1
237,25,1
240,35,1
252,3,1
272,27,1
261,30,1
275,37,1
261,14,1
252,31,1
260,13,1
249,7,1
256,35,1
266,5,1
255,17,1
271,30,1
279,27,1
234,17,1
275,17,1
250,21,1
248,14,1
270,14,1
261,39,1
263,38,1
248,17,1
267,9,1
254,18,1
249,33,1
273,8,1
249,39,1
267,13,1
247,39,1
231,23,1
271,22,1
270,37,1
253,17,1
260,30,1
263,9,1
249,30,1
247,42,1
267,38,1
244,12,1
237,18,1
250,30,1
242,9,1
258,34,1
269,20,1
266,44,1
248,13,1
279,30,1
246,3,1
263,35,1
262,45,1
250,18,1
260,11,1
268,22,1
263,46,1
245,28,1
254,39,1
237,10,1
251,40,1
277,34,1
271,6,1
253,32,1
255,19,1
253,31,1
250,42,1
238,9,1
236,20,1
257,1,1
255,28,1
250,9,1
235,34,1
251,22,1
260,4,1
238,42,1
266,23,1
232,23,1
269,45,1
265,42,1
242,43,1
260,37,1
257,44,1
262,38,1
249,25,1
272,10,1
259,45,1
273,30,1
237,12,1
253,14,1
262,24,1
235,26,1
259,42,1
256,11,1
240,31,1
259,5,1
262,14,1
264,43,1
260,39,1
243,30,1
277,22,1
236,34,1
244,9,1
266,31,1
244,15,1
248,4,1
267,6,1
248,18,1
231,32,1
260,40,1
253,21,1
261,12,1
256,10,1
258,7,1
258,28,1
241,27,1
257,11,1
268,14,1
265,20,1
241,40,1
256,11,1
244,18,1
263,15,1
253,14,1
257,25,1
236,20,1
255,22,1
266,45,1
272,34,1
250,22,1
255,31,1
264,3,1
257,48,1
246,43,1
245,32,1
273,13,1
240,24,1
272,38,1
237,28,1
270,8,1
263,15,1
253,7,1
251,18,1
275,29,1
253,44,1
261,41,1
251,1,1
253,8,1
263,6,1
260,30,1
265,7,1
236,10,1
264,34,1
235,26,1
241,42,1
260,48,1
243,35,1
243,30,1
242,15,1
274,28,1
270,21,1
255,32,1
269,38,1
234,35,1
254,41,1
243,7,1
267,38,1
259,45,1
271,16,1
245,14,1
250,33,1
245,39,1
248,2,1
260,3,1
248,3,1
247,24,1
238,22,1
243,16,1
270,24,1
235,40,1
260,24,1
256,14,1
234,34,1
271,9,1
267,31,1
260,38,1
263,27,1
254,44,1
267,27,1
246,3,1
269,11,1
258,10,1
260,19,1
260,49,1
244,15,1
251,28,1
252,29,1
246,29,1
266,14,1
249,20,1
238,12,1
242,36,1
241,31,1
250,18,1
258,5,1
267,7,1
258,27,1
247,18,1
247,44,1
234,15,1
271,11,1
245,39,1
251,39,1
267,18,1
251,47,1
234,18,1
267,31,1
241,13,1
254,18,1
233,20,1
257,24,1
265,46,1
251,33,1
234,28,1
249,45,1
257,24,1
256,40,1
274,15,1
256,28,1
239,8,1
267,15,1
254,48,1
255,10,1
255,6,1
271,43,1
272,27,1
268,8,1
271,32,1
251,29,1
259,48,1
269,9,1
262,39,1
270,17,1
240,41,1
261,30,1
241,35,1
241,23,1
237,18,1
240,14,1
275,23,1
253,9,1
235,16,1
236,41,1
257,8,1
246,14,1
234,12,1
262,14,1
255,33,1
263,48,1
275,15,1
247,5,1
269,40,1
268,7,1
257,15,1
231,20,1
248,40,1
257,3,1
246,22,1
265,9,1
244,34,1
265,9,1
249,41,1
237,23,1
271,35,1
274,13,1
243,15,1
241,23,1
264,3,1
240,25,1
248,15,1
261,23,1
271,28,1
252,46,1
262,24,1
245,5,1
257,7,1
245,25,1
264,43,1
247,42,1
260,21,1
265,16,1
263,4,1
247,28,1
263,9,1
255,7,1
258,37,1
271,18,1
248,44,1
252,1,1
270,36,1
231,18,1
269,19,1
243,10,1
268,40,1
235,37,1
246,5,1
276,12,1
267,37,1
250,37,1
270,20,1
254,4,1
259,45,1
251,49,1
249,46,1
240,40,1
252,31,1
250,15,1
262,10,1
235,38,1
240,36,1
248,23,1
244,20,1
258,49,1
245,32,1
262,40,1
237,14,1
258,20,1
270,22,1
270,42,1
257,40,1
231,26,1
270,8,1
263,7,1
260,11,1
234,35,1
249,44,1
265,24,1
273,20,1
253,25,1
246,21,1
257,10,1
250,42,1
257,14,1
249,41,1
259,18,1
236,21,1
273,16,1
232,20,1
278,31,1
242,39,1
231,32,1
276,19,1
265,29,1
247,33,1
260,39,1
245,10,1
268,45,1
272,22,1
241,24,1
239,21,1
252,48,1
249,10,1
236,41,1
244,14,1
247,28,1
258,9,1
257,19,1
268,37,1
255,41,1
273,10,1
233,19,1
238,43,1
244,6,1
253,37,1
249,42,1
238,38,1
273,16,1
274,25,1
273,11,1
263,48,1
255,34,1
251,46,1
271,33,1
262,46,1
273,29,1
259,37,1
239,34,1
247,13,1
276,19,1
277,18,1
266,45,1
262,5,1
275,30,1
242,39,1
245,5,1
273,19,1
268,33,1
252,25,1
253,16,1
264,22,1
248,18,1
240,24,1
255,39,1
277,20,1
252,38,1
241,22,1
250,7,1
245,36,1
252,42,1
256,30,1
245,12,1
248,12,1
232,32,1
275,29,1
248,37,1
231,19,1
255,18,1
270,13,1
274,20,1
259,26,1
273,27,1
250,25,1
246,8,1
275,34,1
268,30,1
253,40,1
258,41,1
265,6,1
265,7,1
260,31,1
243,20,1
234,31,1
