44,15,0
36,42,0
38,26,0
34,7,0
7,28,0
37,24,0
13,16,0
9,41,0
11,9,0
37,18,0
15,14,0
35,34,0
44,36,0
25,21,0
30,13,0
35,32,0
7,37,0
43,30,0
24,49,0
24,36,0
45,33,0
42,39,0
27,21,0
3,16,0
26,44,0
20,7,0
32,14,0
22,2,0
9,9,0
28,43,0
37,40,0
29,48,0
20,35,0
28,20,0
1,18,0
40,44,0
36,19,0
14,18,0
21,35,0
31,6,0
21,8,0
22,32,0
39,42,0
17,39,0
1,20,0
36,3,0
5,13,0
16,46,0
11,29,0
24,21,0
24,13,0
37,42,0
28,18,0
5,39,0
43,36,0
45,13,0
42,41,0
27,22,0
31,13,0
13,14,0
41,14,0
27,23,0
32,25,0
32,11,0
7,31,0
11,37,0
20,36,0
46,31,0
15,21,0
39,8,0
14,39,0
45,31,0
7,36,0
43,17,0
46,20,0
45,36,0
44,33,0
8,28,0
10,31,0
31,45,0
39,42,0
28,36,0
46,27,0
33,33,0
47,33,0
27,25,0
17,36,0
49,32,0
33,31,0
7,39,0
14,41,0
9,14,0
11,20,0
18,4,0
44,41,0
24,22,0
32,7,0
12,10,0
35,26,0
27,15,0
10,29,0
30,8,0
42,23,0
37,13,0
10,9,0
8,35,0
14,37,0
21,43,0
12,46,0
8,17,0
23,45,0
21,22,0
25,45,0
10,14,0
35,32,0
36,42,0
11,11,0
13,36,0
19,27,0
32,38,0
21,18,0
16,31,0
20,26,0
33,46,0
22,4,0
21,42,0
43,12,0
39,17,0
24,46,0
38,15,0
20,38,0
13,13,0
11,29,0
20,20,0
7,42,0
33,41,0
8,24,0
35,21,0
21,17,0
18,35,0
13,18,0
29,12,0
27,35,0
39,34,0
11,31,0
23,17,0
41,23,0
15,25,0
20,37,0
20,6,0
10,34,0
49,32,0
6,38,0
10,29,0
44,41,0
30,11,0
37,42,0
15,19,0
35,13,0
37,26,0
7,33,0
32,45,0
4,32,0
17,37,0
41,11,0
18,36,0
40,18,0
42,35,0
15,44,0
9,38,0
30,42,0
12,31,0
27,19,0
48,18,0
23,32,0
27,13,0
49,22,0
11,10,0
21,15,0
45,39,0
46,33,0
22,20,0
41,6,0
20,27,0
25,18,0
20,6,0
29,40,0
45,15,0
15,18,0
26,12,0
7,28,0
31,1,0
19,39,0
18,15,0
15,34,0
33,42,0
1,30,0
7,20,0
22,38,0
41,16,0
38,25,0
16,38,0
27,5,0
18,33,0
39,24,0
30,26,0
10,18,0
22,11,0
38,13,0
14,14,0
34,40,0
2,21,0
38,27,0
42,16,0
31,14,0
31,43,0
25,22,0
24,2,0
37,16,0
20,1,0
45,39,0
39,35,0
39,6,0
4,36,0
20,40,0
5,19,0
17,19,0
31,36,0
43,10,0
16,32,0
42,40,0
35,45,0
42,22,0
33,8,0
24,17,0
47,35,0
28,12,0
27,48,0
32,43,0
21,19,0
15,8,0
40,43,0
47,36,0
3,22,0
23,22,0
11,11,0
15,39,0
23,3,0
38,25,0
13,22,0
22,3,0
12,46,0
10,5,0
22,23,0
22,27,0
5,35,0
10,30,0
16,3,0
47,28,0
31,43,0
42,21,0
37,27,0
24,24,0
11,37,0
12,6,0
24,46,0
36,41,0
14,22,0
16,6,0
22,33,0
39,18,0
11,13,0
21,12,0
40,6,0
34,25,0
21,11,0
36,21,0
20,36,0
38,16,0
13,4,0
3,30,0
11,16,0
40,19,0
25,32,0
23,28,0
36,5,0
47,32,0
32,33,0
7,9,0
10,14,0
27,40,0
29,34,0
30,12,0
24,18,0
11,18,0
24,34,0
10,30,0
29,38,0
40,8,0
26,39,0
13,4,0
26,10,0
39,27,0
31,23,0
42,16,0
26,7,0
24,21,0
17,13,0
39,25,0
43,14,0
24,15,0
45,20,0
19,25,0
32,45,0
42,40,0
8,40,0
41,11,0
43,41,0
18,7,0
31,48,0
17,10,0
20,8,0
28,44,0
18,38,0
49,30,0
25,29,0
18,12,0
23,49,0
34,25,0
29,26,0
18,39,0
9,6,0
20,7,0
15,22,0
29,20,0
44,39,0
21,10,0
30,31,0
5,12,0
9,23,0
17,4,0
7,29,0
15,40,0
16,26,0
32,42,0
34,14,0
23,47,0
24,11,0
39,40,0
11,45,0
39,29,0
6,39,0
5,13,0
25,1,0
37,15,0
45,28,0
47,22,0
40,34,0
10,29,0
43,20,0
43,39,0
15,46,0
42,37,0
28,11,0
1,23,0
19,18,0
18,45,0
9,26,0
44,36,0
22,8,0
7,17,0
35,12,0
25,22,0
14,6,0
26,39,0
12,24,0
4,35,0
13,42,0
11,11,0
14,8,0
6,29,0
43,33,0
21,12,0
30,13,0
28,9,0
14,45,0
46,32,0
38,11,0
22,49,0
17,47,0
2,30,0
16,4,0
24,10,0
22,29,0
33,34,0
37,44,0
15,20,0
24,33,0
21,44,0
32,6,0
14,33,0
18,26,0
45,13,0
20,22,0
29,32,0
19,6,0
33,34,0
14,42,0
34,5,0
36,3,0
35,34,0
33,17,0
8,28,0
21,17,0
7,41,0
44,31,0
3,17,0
5,22,0
10,36,0
21,23,0
39,20,0
34,46,0
22,20,0
31,13,0
24,1,0
4,27,0
28,39,0
36,32,0
20,7,0
15,11,0
36,22,0
28,32,0
17,12,0
32,8,0
42,43,0
49,18,0
48,31,0
18,30,0
37,23,0
8,31,0
34,29,0
7,24,0
16,22,0
38,18,0
26,33,0
20,23,0
29,10,0
32,24,0
28,15,0
48,17,0
6,32,0
38,45,0
5,39,0
46,20,0
25,32,0
42,7,0
25,23,0
19,22,0
29,12,0
23,41,0
26,37,0
34,32,0
10,17,0
16,21,0
25,10,0
25,33,0
32,37,0
15,22,0
19,9,0
33,43,0
8,22,0
9,34,0
36,42,0
15,31,0
22,45,0
11,33,0
12,6,0
36,27,0
10,45,0
3,24,0
20,3,0
16,10,0
36,22,0
42,12,0
47,24,0
6,24,0
44,40,0
19,44,0
33,2,0
26,33,0
30,39,0
11,33,0
13,29,0
11,7,0
27,40,0
34,17,0
42,21,0
25,42,0
23,16,0
25,17,0
271,32,1
261,12,1
258,32,1
252,49,1
233,21,1
275,10,1
233,24,1
254,46,1
275,27,1
271,21,1
236,31,1
271,16,1
250,26,1
236,11,1
250,2,1
236,35,1
244,26,1
254,30,1
243,20,1
254,29,1
237,28,1
254,41,1
255,23,1
260,26,1
250,16,1
245,12,1
242,34,1
268,44,1
258,46,1
238,38,1
231,20,1
241,34,1
245,20,1
267,19,1
263,30,1
266,18,1
253,10,1
263,10,1
237,17,1
260,41,1
250,48,1
239,40,1
255,23,1
247,32,1
265,35,1
262,23,1
249,39,1
232,28,1
274,30,1
273,33,1
253,40,1
270,21,1
255,2,1
251,5,1
240,40,1
258,36,1
244,34,1
243,38,1
265,47,1
277,34,1
268,23,1
242,44,1
257,44,1
259,23,1
274,9,1
247,5,1
264,43,1
277,20,1
247,32,1
269,40,1
243,13,1
250,46,1
268,21,1
239,8,1
254,36,1
234,28,1
275,15,1
252,37,1
249,11,1
251,27,1
243,37,1
234,25,1
236,32,1
270,29,1
245,12,1
268,26,1
257,45,1
254,45,1
275,36,1
267,31,1
266,18,1
248,14,1
269,41,1
235,15,1
256,12,1
274,19,1
241,21,1
263,20,1
251,3,1
242,29,1
279,25,1
266,5,1
260,30,1
263,9,1
265,33,1
252,23,1
244,6,1
266,33,1
239,30,1
262,37,1
263,17,1
258,21,1
276,33,1
238,31,1
266,41,1
250,12,1
239,32,1
253,43,1
274,16,1
269,25,1
253,47,1
270,25,1
267,34,1
247,34,1
268,21,1
246,27,1
251,8,1
244,5,1
266,17,1
245,39,1
272,14,1
236,16,1
251,49,1
274,14,1
249,14,1
246,20,1
251,6,1
238,31,1
241,11,1
242,5,1
260,12,1
243,32,1
251,37,1
263,33,1
266,31,1
256,49,1
264,27,1
254,45,1
255,27,1
260,6,1
240,45,1
256,33,1
264,22,1
265,12,1
263,16,1
243,16,1
245,43,1
239,39,1
231,25,1
254,25,1
272,9,1
248,42,1
251,38,1
267,45,1
251,5,1
264,36,1
261,20,1
250,33,1
247,7,1
243,7,1
254,38,1
277,27,1
275,40,1
233,28,1
274,28,1
265,43,1
232,20,1
272,33,1
258,21,1
242,16,1
241,41,1
244,47,1
271,7,1
235,24,1
257,29,1
262,3,1
247,47,1
248,43,1
270,13,1
269,30,1
273,29,1
256,24,1
274,36,1
254,4,1
253,2,1
274,16,1
248,34,1
260,34,1
240,18,1
269,24,1
238,18,1
236,32,1
242,42,1
263,26,1
257,30,1
254,19,1
255,46,1
240,41,1
277,31,1
276,18,1
272,24,1
258,37,1
270,35,1
232,33,1
248,15,1
236,35,1
237,39,1
249,30,1
252,3,1
243,36,1
271,24,1
233,28,1
270,18,1
274,32,1
271,32,1
272,25,1
239,41,1
256,29,1
261,17,1
238,8,1
262,20,1
239,16,1
259,37,1
275,27,1
253,49,1
235,23,1
243,43,1
259,7,1
278,26,1
247,20,1
252,33,1
244,45,1
247,5,1
263,28,1
265,33,1
266,44,1
249,35,1
273,29,1
236,34,1
261,47,1
242,35,1
251,21,1
270,39,1
278,31,1
259,24,1
238,22,1
244,33,1
264,16,1
270,20,1
236,10,1
242,38,1
269,43,1
278,23,1
241,42,1
259,28,1
269,28,1
257,32,1
264,23,1
268,19,1
243,42,1
265,16,1
255,27,1
273,30,1
248,29,1
240,29,1
239,8,1
260,19,1
231,31,1
269,22,1
274,39,1
260,31,1
265,47,1
271,41,1
251,20,1
244,16,1
263,41,1
267,43,1
269,31,1
253,14,1
240,43,1
243,22,1
266,16,1
244,13,1
265,4,1
265,29,1
243,5,1
253,23,1
258,33,1
250,44,1
241,32,1
265,35,1
247,12,1
276,38,1
244,7,1
278,16,1
262,36,1
254,25,1
251,22,1
270,12,1
274,17,1
250,24,1
257,23,1
257,18,1
243,42,1
236,19,1
267,21,1
255,0,1
271,33,1
246,12,1
253,25,1
241,20,1
264,26,1
238,30,1
254,48,1
242,26,1
251,27,1
267,23,1
238,16,1
248,25,1
251,10,1
256,3,1
272,18,1
266,11,1
259,36,1
242,4,1
261,4,1
249,4,1
245,23,1
264,33,1
269,32,1
257,25,1
253,42,1
267,45,1
234,15,1
273,27,1
253,26,1
276,19,1
261,30,1
251,17,1
249,7,1
279,31,1
275,24,1
253,9,1
261,30,1
251,37,1
247,23,1
269,22,1
245,15,1
267,5,1
234,36,1
241,42,1
253,43,1
264,9,1
245,6,1
263,32,1
267,43,1
244,38,1
271,30,1
255,47,1
242,16,1
249,13,1
270,33,1
271,27,1
247,21,1
273,38,1
255,33,1
269,40,1
270,12,1
259,5,1
261,46,1
271,36,1
237,22,1
256,42,1
262,40,1
249,32,1
252,43,1
242,35,1
240,41,1
255,9,1
254,16,1
249,9,1
236,10,1
260,11,1
256,6,1
243,38,1
236,22,1
274,10,1
242,15,1
263,35,1
261,20,1
265,34,1
280,25,1
264,17,1
265,8,1
249,45,1
269,12,1
253,12,1
256,16,1
263,47,1
240,45,1
268,26,1
247,13,1
251,27,1
238,33,1
252,34,1
264,3,1
240,18,1
269,42,1
280,25,1
258,40,1
246,11,1
269,23,1
245,26,1
257,45,1
236,18,1
269,37,1
270,17,1
249,36,1
265,28,1
263,19,1
248,11,1
245,4,1
272,13,1
265,26,1
261,18,1
252,21,1
238,17,1
266,22,1
260,18,1
270,37,1
256,47,1
247,26,1
237,24,1
269,45,1
259,4,1
276,26,1
265,11,1
240,17,1
270,44,1
252,9,1
232,34,1
263,15,1
242,42,1
252,13,1
242,15,1
243,31,1
258,15,1
251,18,1
239,6,1
248,49,1
252,18,1
246,6,1
261,44,1
248,12,1
258,36,1
249,6,1
235,29,1
251,13,1
265,41,1
238,42,1
255,26,1
232,30,1
245,40,1
267,12,1
259,44,1
278,29,1
231,21,1
273,18,1
258,45,1
240,37,1
268,40,1
263,43,1
277,23,1
242,28,1
235,15,1
276,28,1
273,29,1
256,5,1
249,5,1
260,1,1
251,13,1
252,25,1
234,27,1
247,46,1
255,24,1
264,16,1
264,31,1
259,15,1
254,9,1
245,33,1
