29,26,0
43,27,0
9,11,0
37,36,0
9,19,0
36,24,0
28,6,0
26,17,0
33,40,0
39,22,0
31,7,0
14,47,0
32,30,0
16,21,0
35,20,0
40,36,0
18,26,0
30,40,0
5,30,0
26,2,0
43,15,0
43,8,0
24,25,0
25,6,0
5,11,0
16,41,0
38,14,0
17,11,0
8,17,0
25,10,0
8,10,0
15,7,0
25,13,0
9,30,0
16,4,0
35,27,0
31,20,0
17,40,0
6,21,0
36,26,0
26,1,0
45,27,0
14,25,0
29,15,0
6,30,0
19,14,0
6,28,0
42,40,0
15,3,0
15,20,0
35,26,0
46,23,0
9,34,0
35,41,0
47,28,0
22,4,0
10,23,0
39,7,0
21,34,0
12,5,0
46,20,0
41,39,0
25,46,0
13,17,0
31,29,0
33,14,0
7,32,0
39,43,0
38,40,0
11,34,0
29,12,0
34,41,0
22,23,0
24,8,0
46,16,0
17,21,0
36,25,0
11,38,0
9,33,0
14,7,0
18,22,0
23,17,0
33,38,0
22,18,0
31,20,0
35,23,0
37,34,0
33,2,0
25,48,0
9,38,0
29,36,0
9,28,0
47,26,0
8,37,0
38,29,0
3,28,0
31,38,0
41,40,0
13,29,0
21,20,0
44,16,0
11,34,0
4,23,0
39,30,0
33,26,0
16,37,0
24,19,0
21,38,0
36,21,0
35,9,0
18,37,0
12,41,0
38,12,0
35,17,0
19,47,0
43,31,0
32,23,0
9,28,0
25,23,0
36,18,0
44,35,0
25,25,0
13,6,0
14,15,0
27,10,0
44,27,0
2,16,0
31,11,0
25,11,0
33,10,0
49,22,0
19,7,0
27,11,0
30,16,0
29,14,0
14,37,0
12,15,0
38,29,0
24,30,0
14,11,0
31,9,0
40,5,0
20,15,0
29,21,0
14,22,0
32,46,0
10,28,0
30,42,0
13,15,0
16,44,0
5,13,0
20,9,0
44,41,0
19,22,0
23,3,0
28,16,0
22,44,0
34,35,0
25,5,0
4,38,0
35,47,0
37,43,0
9,20,0
40,37,0
10,20,0
44,14,0
42,18,0
34,18,0
32,36,0
5,20,0
45,26,0
11,19,0
18,5,0
26,14,0
10,30,0
17,26,0
32,1,0
28,6,0
30,9,0
29,3,0
36,26,0
35,3,0
35,36,0
21,7,0
33,48,0
44,15,0
11,8,0
23,38,0
26,41,0
34,25,0
11,40,0
49,32,0
45,26,0
16,48,0
48,20,0
37,20,0
30,4,0
6,31,0
12,8,0
16,11,0
44,26,0
34,8,0
25,29,0
24,44,0
42,39,0
43,28,0
5,25,0
21,34,0
47,35,0
43,17,0
30,42,0
27,2,0
38,31,0
31,22,0
8,25,0
8,12,0
27,15,0
21,35,0
29,43,0
31,27,0
10,43,0
25,12,0
6,10,0
7,22,0
49,23,0
32,23,0
13,22,0
34,8,0
21,21,0
36,12,0
10,39,0
22,32,0
34,41,0
20,4,0
34,39,0
41,23,0
39,45,0
44,34,0
24,40,0
14,45,0
30,38,0
15,7,0
22,17,0
2,34,0
21,23,0
9,7,0
38,15,0
15,41,0
3,22,0
31,47,0
19,21,0
16,28,0
43,22,0
26,17,0
12,36,0
49,31,0
31,41,0
25,31,0
29,8,0
37,5,0
45,27,0
9,23,0
42,14,0
26,9,0
40,24,0
41,31,0
31,41,0
38,35,0
16,33,0
4,14,0
43,27,0
26,49,0
20,11,0
36,8,0
20,28,0
9,13,0
8,9,0
7,20,0
16,16,0
44,35,0
24,7,0
20,46,0
30,5,0
38,34,0
25,20,0
33,28,0
30,13,0
45,13,0
34,40,0
5,21,0
12,17,0
44,31,0
2,29,0
33,9,0
32,43,0
16,24,0
33,43,0
47,31,0
18,24,0
24,44,0
46,12,0
18,45,0
17,27,0
11,45,0
24,44,0
12,18,0
39,34,0
19,37,0
32,41,0
41,17,0
30,34,0
45,28,0
35,45,0
43,36,0
48,30,0
23,36,0
11,7,0
28,2,0
37,24,0
18,43,0
15,6,0
31,2,0
19,34,0
15,21,0
20,20,0
25,49,0
47,26,0
17,44,0
9,28,0
22,32,0
33,7,0
37,26,0
26,23,0
25,2,0
27,20,0
41,28,0
24,45,0
17,19,0
29,45,0
18,14,0
26,32,0
7,18,0
20,15,0
9,26,0
36,4,0
33,16,0
44,40,0
38,4,0
45,12,0
9,44,0
13,34,0
25,11,0
19,10,0
40,13,0
15,39,0
10,5,0
4,14,0
20,47,0
9,12,0
39,9,0
42,41,0
11,37,0
43,23,0
48,21,0
13,45,0
5,32,0
35,47,0
30,35,0
43,32,0
17,12,0
13,44,0
18,3,0
23,49,0
11,17,0
14,34,0
34,4,0
3,35,0
41,38,0
45,17,0
48,16,0
40,39,0
22,18,0
20,9,0
33,48,0
44,18,0
22,9,0
5,20,0
26,16,0
6,41,0
27,16,0
17,36,0
22,29,0
5,16,0
25,10,0
30,30,0
13,22,0
31,26,0
24,34,0
16,12,0
34,13,0
46,14,0
41,13,0
15,26,0
45,18,0
29,42,0
19,46,0
19,37,0
12,28,0
21,39,0
18,3,0
24,19,0
4,17,0
1,31,0
33,34,0
39,32,0
18,24,0
37,21,0
8,31,0
1,20,0
37,17,0
28,11,0
35,19,0
15,46,0
7,24,0
7,23,0
30,44,0
26,12,0
25,48,0
36,18,0
36,26,0
22,31,0
26,3,0
37,36,0
42,14,0
43,14,0
44,41,0
16,44,0
24,41,0
17,25,0
29,20,0
46,19,0
47,26,0
29,7,0
20,18,0
2,21,0
31,8,0
39,42,0
46,33,0
16,24,0
32,31,0
13,43,0
47,21,0
39,9,0
27,2,0
49,23,0
42,28,0
17,41,0
40,14,0
22,28,0
14,36,0
20,45,0
42,14,0
46,30,0
49,18,0
12,39,0
26,41,0
24,44,0
17,47,0
37,29,0
17,25,0
9,31,0
24,26,0
26,3,0
43,11,0
44,32,0
20,4,0
16,13,0
47,25,0
37,32,0
30,33,0
0,25,0
40,24,0
10,43,0
22,49,0
4,36,0
34,42,0
31,44,0
28,44,0
32,11,0
19,18,0
33,48,0
4,14,0
3,34,0
36,17,0
4,30,0
28,15,0
35,10,0
13,22,0
17,7,0
33,41,0
339,27,1
321,5,1
300,12,1
304,26,1
316,7,1
324,19,1
316,17,1
324,13,1
327,30,1
307,47,1
302,25,1
319,32,1
302,11,1
315,26,1
321,18,1
302,46,1
333,26,1
331,27,1
334,37,1
307,16,1
295,22,1
324,24,1
300,23,1
314,2,1
322,25,1
305,41,1
303,17,1
307,11,1
291,18,1
300,12,1
294,13,1
301,10,1
312,38,1
318,11,1
311,6,1
304,18,1
298,31,1
296,13,1
294,16,1
310,36,1
299,34,1
331,41,1
312,40,1
334,28,1
302,35,1
305,4,1
304,9,1
296,31,1
325,37,1
303,33,1
327,17,1
312,16,1
338,26,1
329,6,1
329,44,1
334,18,1
332,27,1
337,32,1
308,35,1
310,10,1
323,31,1
305,18,1
309,30,1
316,39,1
321,44,1
301,29,1
323,30,1
327,17,1
312,43,1
300,12,1
323,38,1
305,23,1
297,22,1
324,35,1
302,12,1
329,15,1
325,33,1
319,40,1
306,30,1
307,10,1
309,49,1
332,20,1
302,45,1
308,41,1
308,11,1
310,33,1
326,17,1
306,34,1
317,5,1
292,27,1
304,20,1
320,17,1
296,25,1
295,14,1
333,40,1
328,41,1
309,19,1
337,33,1
315,2,1
334,40,1
310,13,1
328,19,1
328,43,1
293,29,1
305,8,1
316,31,1
319,4,1
324,9,1
298,34,1
308,44,1
308,45,1
323,35,1
337,29,1
318,23,1
301,16,1
339,21,1
319,32,1
321,31,1
317,44,1
314,10,1
322,9,1
327,27,1
317,49,1
309,16,1
303,11,1
310,9,1
315,43,1
314,22,1
334,33,1
305,34,1
326,34,1
334,31,1
319,46,1
327,37,1
301,27,1
314,8,1
314,49,1
322,2,1
316,5,1
306,40,1
294,23,1
308,5,1
311,19,1
325,6,1
314,17,1
317,41,1
329,31,1
311,1,1
328,5,1
309,14,1
314,44,1
337,20,1
296,12,1
316,39,1
321,15,1
336,35,1
306,19,1
304,46,1
307,7,1
324,8,1
317,25,1
308,42,1
332,21,1
318,25,1
308,20,1
308,17,1
329,23,1
323,27,1
335,27,1
297,20,1
323,12,1
313,6,1
295,26,1
332,7,1
298,42,1
295,33,1
316,20,1
299,23,1
308,16,1
335,39,1
308,24,1
328,26,1
317,37,1
336,21,1
309,19,1
317,33,1
325,4,1
291,32,1
332,17,1
328,20,1
314,45,1
329,41,1
305,22,1
326,43,1
329,30,1
310,9,1
325,8,1
325,6,1
322,10,1
318,17,1
326,18,1
304,12,1
334,23,1
308,1,1
300,16,1
332,9,1
315,6,1
297,10,1
332,37,1
306,44,1
337,30,1
309,48,1
314,40,1
292,24,1
337,34,1
293,36,1
322,34,1
292,28,1
329,25,1
306,35,1
297,14,1
339,25,1
291,23,1
327,33,1
303,46,1
320,14,1
306,21,1
331,8,1
308,15,1
323,35,1
301,23,1
303,29,1
302,35,1
294,16,1
326,7,1
317,4,1
295,36,1
316,31,1
298,31,1
320,24,1
303,8,1
310,5,1
297,38,1
304,42,1
311,33,1
295,14,1
299,41,1
323,47,1
326,35,1
300,21,1
334,11,1
324,5,1
334,15,1
312,27,1
304,17,1
314,34,1
301,25,1
295,24,1
306,48,1
305,43,1
306,44,1
298,10,1
303,6,1
332,35,1
320,45,1
337,32,1
323,14,1
326,46,1
312,5,1
313,15,1
326,27,1
294,32,1
302,8,1
328,13,1
295,39,1
300,18,1
333,18,1
332,41,1
309,17,1
311,31,1
324,20,1
322,13,1
333,18,1
328,24,1
326,7,1
310,47,1
322,33,1
308,28,1
323,25,1
290,25,1
319,21,1
308,42,1
325,14,1
322,2,1
320,22,1
309,10,1
312,2,1
305,17,1
294,24,1
319,48,1
306,38,1
323,19,1
300,16,1
294,16,1
322,8,1
333,8,1
312,9,1
301,5,1
317,17,1
314,19,1
322,30,1
327,7,1
298,25,1
325,31,1
295,38,1
307,48,1
326,16,1
308,32,1
314,28,1
339,30,1
333,11,1
306,48,1
297,11,1
306,31,1
307,39,1
331,36,1
307,38,1
320,24,1
300,30,1
307,10,1
295,25,1
304,11,1
321,38,1
320,46,1
299,29,1
322,18,1
318,40,1
326,27,1
313,43,1
330,14,1
325,46,1
329,14,1
301,17,1
313,20,1
303,10,1
298,36,1
310,20,1
310,45,1
293,31,1
337,16,1
310,42,1
298,20,1
307,17,1
301,14,1
297,25,1
323,20,1
300,17,1
333,21,1
323,14,1
304,5,1
307,4,1
307,18,1
330,33,1
306,28,1
323,44,1
300,5,1
322,22,1
325,38,1
337,35,1
327,4,1
307,36,1
305,36,1
323,16,1
335,37,1
320,40,1
306,33,1
316,39,1
335,28,1
335,21,1
331,41,1
309,35,1
318,10,1
326,21,1
323,8,1
325,12,1
321,48,1
328,14,1
329,28,1
292,19,1
304,37,1
320,49,1
304,36,1
317,45,1
318,11,1
308,2,1
303,34,1
324,15,1
304,47,1
314,27,1
325,42,1
325,46,1
298,13,1
326,3,1
316,38,1
314,6,1
318,16,1
336,20,1
306,7,1
318,13,1
332,22,1
328,20,1
321,24,1
299,41,1
309,7,1
322,42,1
313,34,1
323,2,1
335,37,1
328,9,1
301,11,1
299,27,1
318,8,1
318,41,1
305,37,1
311,23,1
291,20,1
317,41,1
303,34,1
320,30,1
324,37,1
329,16,1
306,47,1
310,9,1
313,22,1
314,39,1
300,5,1
306,9,1
317,47,1
300,34,1
311,29,1
327,9,1
321,22,1
311,29,1
303,32,1
323,31,1
332,21,1
313,17,1
323,13,1
327,40,1
329,44,1
292,28,1
296,26,1
304,12,1
316,45,1
326,42,1
338,31,1
296,27,1
338,31,1
308,22,1
318,48,1
311,33,1
335,10,1
319,28,1
298,11,1
316,24,1
305,26,1
308,25,1
304,42,1
327,19,1
310,49,1
306,10,1
322,12,1
312,19,1
316,49,1
309,28,1
307,47,1
319,15,1
306,33,1
324,40,1
318,13,1
320,10,1
293,23,1
309,3,1
320,14,1
320,45,1
315,34,1
326,35,1
296,38,1
332,15,1
325,29,1
314,27,1
302,25,1
308,43,1
336,22,1
325,20,1
306,35,1
322,6,1
335,37,1
303,42,1
322,5,1
