23,35,0
46,26,0
17,38,0
18,43,0
24,20,0
46,18,0
16,46,0
32,13,0
45,25,0
38,29,0
20,17,0
6,22,0
28,25,0
37,36,0
16,13,0
31,6,0
23,17,0
44,36,0
19,4,0
35,43,0
34,46,0
15,14,0
38,23,0
15,12,0
48,25,0
16,4,0
13,43,0
22,17,0
10,12,0
23,26,0
5,32,0
14,16,0
6,17,0
24,17,0
5,35,0
7,20,0
7,13,0
35,30,0
32,40,0
23,10,0
26,19,0
32,13,0
39,24,0
10,28,0
4,20,0
2,25,0
3,28,0
47,23,0
16,35,0
27,44,0
47,14,0
33,5,0
5,32,0
41,21,0
24,22,0
41,17,0
45,32,0
33,8,0
14,12,0
12,10,0
46,12,0
40,42,0
8,11,0
44,9,0
16,23,0
41,35,0
19,32,0
20,45,0
28,39,0
18,26,0
15,30,0
9,6,0
46,19,0
45,14,0
28,37,0
22,2,0
25,37,0
30,44,0
18,29,0
44,17,0
42,41,0
28,3,0
27,13,0
15,16,0
44,38,0
5,25,0
31,7,0
16,8,0
18,39,0
45,20,0
16,30,0
14,21,0
20,32,0
26,13,0
41,36,0
32,3,0
27,12,0
8,27,0
32,9,0
45,21,0
37,16,0
26,23,0
17,32,0
15,15,0
22,38,0
37,12,0
3,35,0
37,24,0
37,6,0
28,7,0
27,16,0
21,30,0
33,5,0
28,34,0
30,32,0
20,43,0
13,28,0
37,21,0
31,38,0
35,22,0
19,27,0
48,23,0
21,30,0
36,44,0
34,5,0
18,42,0
18,13,0
48,17,0
4,22,0
34,35,0
27,32,0
13,19,0
48,20,0
6,38,0
27,46,0
14,32,0
18,43,0
48,22,0
17,5,0
36,41,0
47,17,0
34,12,0
23,45,0
25,13,0
41,20,0
37,32,0
8,26,0
24,28,0
6,25,0
43,40,0
3,15,0
30,30,0
5,32,0
41,16,0
44,30,0
40,27,0
5,19,0
27,5,0
13,34,0
27,35,0
39,17,0
10,31,0
3,23,0
41,42,0
2,26,0
24,16,0
17,36,0
25,40,0
19,18,0
37,43,0
18,8,0
20,43,0
44,20,0
8,16,0
16,22,0
27,40,0
1,29,0
43,33,0
44,22,0
7,13,0
36,37,0
35,31,0
41,39,0
26,35,0
35,40,0
22,16,0
16,20,0
17,48,0
33,37,0
18,20,0
47,28,0
27,11,0
27,17,0
3,14,0
26,39,0
13,14,0
18,36,0
6,15,0
30,36,0
15,11,0
45,36,0
5,19,0
14,10,0
32,34,0
28,41,0
31,40,0
24,18,0
47,24,0
11,34,0
31,49,0
6,17,0
38,22,0
27,26,0
23,34,0
21,10,0
23,39,0
1,32,0
9,44,0
13,27,0
17,47,0
6,34,0
19,24,0
19,21,0
34,7,0
8,35,0
25,27,0
40,19,0
43,15,0
19,45,0
4,36,0
22,49,0
43,40,0
20,3,0
39,40,0
21,20,0
44,13,0
48,19,0
11,5,0
49,28,0
26,16,0
8,40,0
48,28,0
24,12,0
36,5,0
19,16,0
41,9,0
44,32,0
39,34,0
37,25,0
20,22,0
13,18,0
24,41,0
27,28,0
24,43,0
25,0,0
22,17,0
22,16,0
19,35,0
11,37,0
9,34,0
5,16,0
28,19,0
45,27,0
25,14,0
39,10,0
20,21,0
17,43,0
19,17,0
34,37,0
15,39,0
19,20,0
13,17,0
10,34,0
37,24,0
10,7,0
15,37,0
29,48,0
28,49,0
10,16,0
31,4,0
42,17,0
38,15,0
42,43,0
31,30,0
26,28,0
17,9,0
29,42,0
14,24,0
22,29,0
38,43,0
18,6,0
43,10,0
39,13,0
17,14,0
10,15,0
42,10,0
19,5,0
28,42,0
14,41,0
27,7,0
18,27,0
36,30,0
41,8,0
25,28,0
31,32,0
39,16,0
30,23,0
29,15,0
33,7,0
44,39,0
7,39,0
24,8,0
24,34,0
7,21,0
1,23,0
38,44,0
21,32,0
48,18,0
31,1,0
20,40,0
46,13,0
35,8,0
26,6,0
4,16,0
19,4,0
41,37,0
26,8,0
14,5,0
18,44,0
32,45,0
11,10,0
30,38,0
30,1,0
21,46,0
35,26,0
34,16,0
22,2,0
48,21,0
27,3,0
44,19,0
15,44,0
5,20,0
19,14,0
26,5,0
26,10,0
31,10,0
11,42,0
23,46,0
17,41,0
13,16,0
27,25,0
16,16,0
12,24,0
13,23,0
39,42,0
28,48,0
20,37,0
26,27,0
27,40,0
37,13,0
8,9,0
14,43,0
28,15,0
32,33,0
45,25,0
17,38,0
35,33,0
7,8,0
29,35,0
30,15,0
15,3,0
8,25,0
48,20,0
20,25,0
20,16,0
2,34,0
25,24,0
20,6,0
15,32,0
35,31,0
17,44,0
24,22,0
23,16,0
25,2,0
40,41,0
9,39,0
26,44,0
6,11,0
17,13,0
36,11,0
34,28,0
35,18,0
11,12,0
30,6,0
3,36,0
32,29,0
37,6,0
24,32,0
32,14,0
30,42,0
32,14,0
37,34,0
9,16,0
32,13,0
34,21,0
43,19,0
28,27,0
24,23,0
32,48,0
34,25,0
28,33,0
18,9,0
20,48,0
31,30,0
4,17,0
31,17,0
31,24,0
9,33,0
28,39,0
37,10,0
35,23,0
14,11,0
11,29,0
15,20,0
17,26,0
18,27,0
20,8,0
38,16,0
40,14,0
40,41,0
43,34,0
15,33,0
25,38,0
46,29,0
11,34,0
11,20,0
27,43,0
31,18,0
12,9,0
17,16,0
40,34,0
30,19,0
39,10,0
16,23,0
34,21,0
21,3,0
27,48,0
43,41,0
11,10,0
34,44,0
32,37,0
16,45,0
20,13,0
18,25,0
20,27,0
27,46,0
40,44,0
39,20,0
23,1,0
22,32,0
14,45,0
41,42,0
7,31,0
21,23,0
21,23,0
9,24,0
8,39,0
23,49,0
21,33,0
23,24,0
20,49,0
40,32,0
10,13,0
12,32,0
31,32,0
23,25,0
45,13,0
5,24,0
13,16,0
46,19,0
23,16,0
11,17,0
20,43,0
45,11,0
39,8,0
35,4,0
19,41,0
4,32,0
21,11,0
47,31,0
13,15,0
12,8,0
40,35,0
47,36,0
41,10,0
16,30,0
7,15,0
9,21,0
5,27,0
18,25,0
337,29,1
312,29,1
312,22,1
309,22,1
321,32,1
317,31,1
302,16,1
296,35,1
325,17,1
321,19,1
329,34,1
314,48,1
337,18,1
301,37,1
325,31,1
322,28,1
325,8,1
308,26,1
324,31,1
334,20,1
330,34,1
294,35,1
321,15,1
324,25,1
323,22,1
313,29,1
325,43,1
327,42,1
318,25,1
316,4,1
324,6,1
309,39,1
330,6,1
318,6,1
302,31,1
297,14,1
306,45,1
310,2,1
337,27,1
327,39,1
302,17,1
313,16,1
325,26,1
315,41,1
309,35,1
339,18,1
307,16,1
323,38,1
308,11,1
303,17,1
310,28,1
317,11,1
329,31,1
315,11,1
302,25,1
339,28,1
331,40,1
317,46,1
335,19,1
316,5,1
319,9,1
298,19,1
333,40,1
333,31,1
320,5,1
294,24,1
309,26,1
318,24,1
305,24,1
292,27,1
319,38,1
313,20,1
311,43,1
306,33,1
300,6,1
327,12,1
319,11,1
322,48,1
320,1,1
335,35,1
300,20,1
320,21,1
297,29,1
317,41,1
325,6,1
325,43,1
306,4,1
323,45,1
327,39,1
310,25,1
303,27,1
295,20,1
335,40,1
318,46,1
319,13,1
313,42,1
308,11,1
313,1,1
311,37,1
320,34,1
327,25,1
297,36,1
309,10,1
316,46,1
321,37,1
320,37,1
302,11,1
305,33,1
312,23,1
312,48,1
301,41,1
318,45,1
330,13,1
321,19,1
330,21,1
297,12,1
334,33,1
316,9,1
322,8,1
311,22,1
337,34,1
319,41,1
327,4,1
306,35,1
309,29,1
301,40,1
294,38,1
291,25,1
320,32,1
319,32,1
322,42,1
298,39,1
298,7,1
339,30,1
326,35,1
333,9,1
315,9,1
314,23,1
327,46,1
328,24,1
310,32,1
315,44,1
320,24,1
308,46,1
323,34,1
319,17,1
312,40,1
314,40,1
329,37,1
323,2,1
298,12,1
330,25,1
333,21,1
295,20,1
334,41,1
337,19,1
299,24,1
319,24,1
337,34,1
315,31,1
308,44,1
338,26,1
310,21,1
303,24,1
304,10,1
332,21,1
312,1,1
321,23,1
294,36,1
295,22,1
327,34,1
331,15,1
335,27,1
331,35,1
332,15,1
312,46,1
312,22,1
306,30,1
314,38,1
322,26,1
330,25,1
305,42,1
304,9,1
320,34,1
323,29,1
316,38,1
291,31,1
314,20,1
317,6,1
326,44,1
332,39,1
321,8,1
322,42,1
293,26,1
324,5,1
324,10,1
328,26,1
325,4,1
307,43,1
313,20,1
332,39,1
310,18,1
311,46,1
317,21,1
332,32,1
314,9,1
329,31,1
293,27,1
315,21,1
317,37,1
292,16,1
323,6,1
325,13,1
330,45,1
311,30,1
319,20,1
326,24,1
329,37,1
336,28,1
328,11,1
304,42,1
312,6,1
329,38,1
297,15,1
332,31,1
332,8,1
318,19,1
322,31,1
302,11,1
303,36,1
329,34,1
311,26,1
333,9,1
331,8,1
327,46,1
323,39,1
311,31,1
319,4,1
322,47,1
310,18,1
338,33,1
325,38,1
325,27,1
317,7,1
336,31,1
305,10,1
328,32,1
309,14,1
320,36,1
302,18,1
322,31,1
304,23,1
316,8,1
293,20,1
327,29,1
322,2,1
329,15,1
298,31,1
332,20,1
295,10,1
297,24,1
293,36,1
303,28,1
317,41,1
305,40,1
328,35,1
335,34,1
295,10,1
327,35,1
297,29,1
335,23,1
324,29,1
327,29,1
325,42,1
324,13,1
321,8,1
311,9,1
316,19,1
325,39,1
323,6,1
309,33,1
327,18,1
296,13,1
308,21,1
319,28,1
333,22,1
306,43,1
304,34,1
335,10,1
326,38,1
316,14,1
299,42,1
307,16,1
297,29,1
327,13,1
330,40,1
317,10,1
324,21,1
298,10,1
323,43,1
311,24,1
300,41,1
318,45,1
314,29,1
304,37,1
302,29,1
335,15,1
315,4,1
320,34,1
301,36,1
332,11,1
329,40,1
320,43,1
307,26,1
319,30,1
317,31,1
325,42,1
304,4,1
322,8,1
302,10,1
312,10,1
316,23,1
324,33,1
319,28,1
318,4,1
329,14,1
308,10,1
302,7,1
318,25,1
304,3,1
337,31,1
306,37,1
311,6,1
320,38,1
299,33,1
316,40,1
317,17,1
322,17,1
309,21,1
330,19,1
298,40,1
331,10,1
318,34,1
326,7,1
298,33,1
308,2,1
304,44,1
321,48,1
337,34,1
329,6,1
316,34,1
311,27,1
296,36,1
325,34,1
312,43,1
314,12,1
332,41,1
303,17,1
314,30,1
316,42,1
303,21,1
332,33,1
320,30,1
324,44,1
303,33,1
332,22,1
304,11,1
322,40,1
327,43,1
303,36,1
321,37,1
318,46,1
330,37,1
294,14,1
329,37,1
300,8,1
315,36,1
302,35,1
334,31,1
337,16,1
325,34,1
319,41,1
306,13,1
292,17,1
321,28,1
324,39,1
332,28,1
305,36,1
308,3,1
335,36,1
311,48,1
303,25,1
302,39,1
314,41,1
311,39,1
322,46,1
312,10,1
325,24,1
302,10,1
326,17,1
337,14,1
294,33,1
316,22,1
315,10,1
292,31,1
321,47,1
321,29,1
327,38,1
308,49,1
334,31,1
330,36,1
332,18,1
339,32,1
295,20,1
294,22,1
303,21,1
316,21,1
293,24,1
336,35,1
319,47,1
317,10,1
338,18,1
298,40,1
304,39,1
314,49,1
329,17,1
322,14,1
333,28,1
293,17,1
328,37,1
306,37,1
331,14,1
332,11,1
310,25,1
309,28,1
331,7,1
303,39,1
315,48,1
306,9,1
333,32,1
311,47,1
300,43,1
311,7,1
329,18,1
319,47,1
337,27,1
321,32,1
324,8,1
316,45,1
335,24,1
317,39,1
324,43,1
293,22,1
328,26,1
292,16,1
300,42,1
302,31,1
304,47,1
320,39,1
300,20,1
292,27,1
334,36,1
321,31,1
300,39,1
310,28,1
317,36,1
336,32,1
312,39,1
307,17,1
333,28,1
318,45,1
317,22,1
303,5,1
315,23,1
302,31,1
338,25,1
308,9,1
326,46,1
337,34,1
325,21,1
326,19,1
333,12,1
336,18,1
318,44,1
330,30,1
291,23,1
302,41,1
337,35,1
330,28,1
308,48,1
291,29,1
316,9,1
304,20,1
327,30,1
326,7,1
294,31,1
299,32,1
326,38,1
311,3,1
313,20,1
