9,42,0
14,41,0
41,44,0
4,36,0
41,20,0
13,10,0
15,32,0
27,6,0
21,1,0
38,27,0
38,34,0
24,11,0
37,40,0
37,4,0
17,12,0
18,27,0
18,42,0
45,39,0
20,27,0
37,46,0
36,23,0
25,44,0
47,28,0
22,30,0
40,10,0
38,27,0
22,35,0
28,18,0
45,15,0
21,13,0
25,41,0
14,12,0
47,32,0
32,4,0
19,1,0
27,48,0
46,36,0
22,48,0
39,22,0
20,27,0
34,29,0
13,21,0
27,38,0
32,21,0
20,26,0
7,31,0
24,13,0
17,7,0
28,15,0
40,45,0
34,26,0
44,30,0
35,29,0
27,23,0
23,46,0
19,16,0
37,43,0
22,43,0
25,16,0
24,23,0
24,31,0
38,23,0
43,17,0
5,35,0
12,23,0
17,34,0
19,23,0
19,28,0
40,19,0
30,38,0
17,40,0
24,38,0
12,9,0
15,14,0
29,4,0
17,43,0
6,24,0
5,32,0
18,12,0
26,16,0
11,32,0
35,29,0
45,30,0
14,15,0
30,14,0
22,23,0
41,42,0
23,36,0
43,34,0
19,43,0
19,8,0
25,32,0
18,18,0
21,39,0
28,20,0
8,42,0
48,29,0
45,30,0
47,34,0
12,33,0
22,14,0
49,20,0
37,46,0
29,31,0
13,6,0
28,20,0
19,28,0
21,5,0
40,23,0
1,26,0
31,14,0
38,16,0
6,39,0
6,30,0
40,6,0
33,24,0
34,2,0
18,45,0
41,30,0
21,33,0
6,16,0
23,26,0
34,8,0
18,19,0
18,43,0
20,14,0
27,9,0
43,40,0
19,25,0
1,18,0
18,28,0
39,28,0
41,24,0
47,33,0
42,10,0
25,48,0
21,29,0
21,28,0
17,35,0
3,27,0
20,14,0
10,10,0
23,28,0
41,19,0
31,3,0
15,9,0
16,35,0
33,20,0
13,24,0
39,9,0
5,24,0
32,36,0
20,21,0
25,24,0
33,2,0
4,33,0
43,32,0
42,12,0
10,13,0
30,44,0
40,6,0
22,29,0
18,48,0
18,15,0
3,34,0
27,26,0
40,41,0
31,39,0
25,17,0
9,42,0
31,19,0
28,32,0
3,15,0
41,18,0
34,29,0
22,22,0
20,19,0
10,28,0
9,17,0
39,12,0
20,18,0
40,36,0
32,33,0
32,15,0
19,7,0
13,22,0
7,39,0
28,9,0
25,41,0
15,40,0
44,31,0
10,21,0
14,38,0
34,24,0
39,37,0
28,17,0
33,23,0
22,14,0
31,9,0
36,3,0
32,14,0
10,18,0
16,7,0
38,35,0
31,2,0
40,32,0
41,15,0
46,23,0
34,16,0
28,27,0
33,21,0
18,22,0
28,49,0
15,37,0
17,9,0
9,30,0
37,44,0
37,17,0
47,22,0
16,39,0
44,14,0
37,27,0
29,19,0
16,6,0
9,44,0
31,43,0
31,30,0
21,44,0
26,3,0
8,31,0
46,28,0
17,7,0
2,32,0
28,44,0
26,22,0
44,16,0
41,20,0
46,13,0
39,9,0
23,43,0
18,46,0
25,3,0
21,16,0
27,33,0
46,21,0
26,26,0
21,2,0
37,16,0
18,28,0
2,28,0
29,21,0
18,46,0
19,39,0
11,26,0
12,7,0
19,2,0
9,33,0
44,19,0
4,14,0
22,25,0
28,22,0
6,27,0
10,8,0
11,14,0
37,14,0
20,33,0
42,41,0
30,6,0
24,47,0
26,29,0
35,3,0
18,42,0
43,28,0
43,19,0
12,46,0
9,27,0
25,13,0
44,39,0
38,22,0
9,39,0
25,44,0
15,6,0
11,29,0
19,18,0
25,5,0
38,4,0
38,24,0
21,27,0
45,38,0
11,28,0
33,14,0
2,19,0
34,33,0
4,23,0
15,3,0
13,23,0
22,47,0
11,44,0
37,11,0
12,41,0
8,19,0
38,43,0
9,8,0
44,27,0
27,8,0
21,44,0
5,28,0
41,38,0
13,15,0
38,13,0
25,46,0
23,8,0
28,43,0
6,29,0
3,17,0
20,46,0
13,27,0
8,17,0
27,3,0
45,18,0
47,33,0
7,24,0
28,46,0
7,21,0
20,10,0
31,19,0
7,41,0
2,26,0
8,17,0
14,11,0
21,18,0
43,14,0
48,31,0
18,24,0
44,32,0
36,33,0
10,21,0
24,48,0
12,26,0
18,12,0
35,38,0
44,28,0
48,33,0
23,6,0
9,28,0
23,5,0
5,18,0
30,9,0
18,7,0
28,44,0
43,33,0
5,31,0
8,36,0
9,11,0
11,24,0
17,13,0
22,20,0
38,21,0
10,22,0
43,35,0
7,13,0
35,3,0
2,27,0
44,28,0
32,28,0
6,14,0
23,32,0
8,19,0
17,36,0
32,33,0
33,26,0
28,42,0
9,38,0
19,41,0
8,35,0
30,39,0
37,42,0
41,18,0
5,24,0
41,39,0
23,30,0
12,16,0
19,34,0
14,40,0
15,7,0
22,21,0
34,19,0
47,16,0
24,29,0
35,5,0
20,15,0
43,35,0
18,48,0
26,30,0
37,45,0
30,9,0
41,14,0
15,47,0
21,22,0
16,20,0
44,26,0
29,33,0
13,24,0
35,45,0
27,24,0
5,14,0
37,23,0
44,24,0
36,17,0
12,16,0
43,38,0
33,36,0
30,15,0
24,44,0
22,9,0
44,23,0
27,33,0
34,21,0
21,14,0
4,30,0
34,47,0
23,17,0
10,21,0
25,23,0
27,2,0
44,24,0
41,33,0
33,21,0
34,40,0
35,7,0
27,2,0
8,32,0
28,18,0
30,44,0
23,24,0
1,31,0
14,10,0
47,23,0
9,44,0
11,31,0
2,20,0
42,41,0
44,26,0
4,12,0
37,17,0
31,22,0
6,11,0
29,24,0
23,19,0
27,42,0
39,7,0
37,21,0
14,41,0
34,43,0
19,5,0
7,29,0
36,14,0
18,10,0
18,10,0
25,47,0
35,8,0
11,9,0
35,4,0
17,6,0
16,37,0
14,23,0
37,12,0
19,14,0
9,37,0
3,19,0
18,32,0
28,38,0
36,43,0
26,35,0
18,34,0
44,21,0
45,35,0
20,45,0
18,35,0
27,12,0
29,18,0
10,23,0
19,4,0
30,12,0
37,38,0
3,16,0
40,23,0
41,31,0
27,5,0
16,39,0
33,34,0
20,29,0
25,34,0
39,9,0
36,30,0
7,21,0
8,25,0
39,33,0
37,44,0
35,43,0
219,20,1
239,14,1
225,9,1
238,36,1
244,39,1
253,13,1
229,4,1
242,24,1
252,11,1
212,26,1
225,39,1
235,3,1
251,10,1
240,19,1
248,6,1
220,36,1
228,6,1
217,25,1
217,8,1
236,43,1
220,16,1
234,9,1
244,16,1
250,35,1
227,43,1
235,31,1
240,39,1
237,46,1
243,44,1
243,10,1
240,41,1
246,33,1
221,37,1
211,18,1
233,16,1
236,23,1
240,47,1
229,40,1
236,5,1
226,32,1
225,30,1
217,32,1
232,42,1
229,22,1
254,9,1
213,31,1
220,32,1
245,19,1
233,15,1
226,2,1
226,42,1
231,27,1
250,7,1
238,29,1
246,28,1
251,26,1
249,31,1
245,4,1
241,45,1
222,36,1
216,27,1
235,14,1
256,14,1
245,42,1
232,19,1
249,11,1
243,46,1
250,17,1
219,21,1
226,5,1
230,8,1
215,10,1
224,34,1
243,45,1
213,14,1
222,34,1
227,12,1
257,24,1
248,43,1
246,20,1
245,40,1
232,5,1
232,45,1
237,2,1
219,7,1
226,48,1
239,28,1
221,17,1
228,28,1
229,19,1
231,26,1
218,34,1
244,28,1
244,44,1
241,34,1
231,36,1
224,10,1
235,39,1
255,22,1
241,15,1
239,40,1
248,26,1
226,27,1
231,28,1
236,39,1
235,32,1
236,19,1
225,33,1
242,40,1
222,12,1
248,37,1
230,12,1
258,33,1
244,28,1
259,18,1
230,22,1
235,10,1
231,29,1
226,11,1
220,25,1
243,16,1
218,34,1
224,42,1
257,24,1
240,27,1
244,18,1
239,8,1
243,35,1
232,39,1
230,49,1
244,17,1
216,40,1
253,8,1
251,13,1
225,26,1
239,20,1
250,42,1
247,32,1
247,38,1
240,21,1
255,33,1
228,34,1
215,32,1
228,49,1
237,44,1
219,41,1
250,9,1
252,32,1
248,40,1
232,29,1
226,21,1
235,42,1
253,24,1
216,18,1
245,30,1
231,14,1
236,43,1
230,12,1
233,35,1
241,26,1
235,34,1
244,38,1
240,27,1
216,39,1
247,9,1
220,14,1
237,29,1
246,21,1
216,17,1
252,30,1
243,5,1
240,44,1
238,1,1
213,23,1
249,44,1
244,15,1
224,42,1
233,35,1
252,22,1
249,17,1
223,44,1
228,33,1
215,14,1
225,47,1
259,20,1
226,33,1
217,39,1
241,8,1
238,38,1
218,7,1
253,36,1
237,23,1
215,37,1
241,8,1
246,13,1
255,35,1
230,11,1
230,25,1
220,28,1
239,1,1
237,31,1
228,46,1
259,25,1
233,23,1
227,34,1
215,12,1
226,46,1
227,9,1
234,40,1
220,28,1
230,47,1
230,44,1
257,26,1
230,12,1
229,17,1
233,8,1
229,20,1
228,22,1
238,15,1
226,45,1
232,5,1
213,22,1
253,37,1
231,35,1
219,37,1
214,12,1
251,14,1
224,21,1
241,38,1
220,23,1
244,42,1
254,18,1
257,20,1
216,33,1
235,10,1
233,44,1
243,13,1
240,23,1
223,15,1
253,8,1
252,17,1
230,11,1
230,25,1
223,29,1
244,29,1
245,20,1
217,30,1
236,31,1
224,37,1
223,25,1
217,21,1
235,36,1
249,14,1
222,20,1
241,22,1
231,18,1
223,36,1
231,25,1
237,11,1
250,37,1
245,10,1
256,38,1
236,31,1
224,4,1
243,22,1
232,4,1
229,43,1
229,48,1
247,23,1
251,44,1
241,14,1
245,4,1
245,31,1
234,26,1
229,39,1
230,42,1
220,20,1
258,23,1
226,40,1
254,20,1
227,9,1
227,46,1
226,14,1
240,27,1
250,33,1
233,29,1
238,22,1
242,43,1
228,16,1
211,21,1
225,43,1
248,42,1
224,41,1
247,29,1
234,42,1
228,14,1
230,17,1
246,5,1
242,24,1
236,24,1
251,7,1
244,42,1
222,22,1
232,3,1
230,30,1
249,22,1
236,19,1
240,35,1
247,5,1
234,18,1
238,14,1
225,4,1
232,45,1
234,40,1
246,26,1
239,8,1
219,34,1
249,43,1
235,47,1
228,42,1
232,8,1
238,32,1
254,33,1
255,32,1
254,14,1
239,12,1
232,2,1
227,13,1
224,30,1
228,12,1
216,38,1
252,11,1
224,5,1
246,35,1
242,45,1
229,46,1
245,6,1
252,42,1
241,46,1
240,44,1
249,16,1
245,19,1
258,31,1
222,12,1
237,17,1
253,9,1
247,29,1
238,48,1
249,25,1
255,24,1
230,20,1
223,5,1
224,24,1
228,15,1
248,37,1
211,21,1
216,35,1
256,17,1
236,12,1
258,33,1
237,18,1
259,23,1
242,10,1
222,28,1
253,29,1
236,6,1
236,42,1
239,46,1
244,6,1
238,12,1
222,36,1
239,12,1
244,29,1
237,44,1
241,40,1
222,11,1
245,8,1
227,28,1
220,22,1
221,26,1
236,32,1
257,26,1
247,13,1
246,43,1
251,23,1
237,38,1
225,5,1
229,32,1
250,37,1
247,40,1
220,10,1
216,13,1
215,38,1
245,5,1
237,27,1
237,38,1
245,10,1
229,7,1
259,21,1
257,27,1
245,33,1
214,13,1
252,23,1
223,22,1
220,10,1
233,47,1
242,36,1
243,39,1
234,25,1
237,23,1
216,18,1
250,24,1
221,7,1
252,28,1
230,13,1
228,37,1
242,43,1
227,20,1
227,9,1
211,24,1
236,25,1
238,21,1
234,38,1
242,40,1
217,36,1
224,9,1
241,44,1
240,8,1
236,42,1
222,24,1
236,41,1
244,22,1
255,22,1
240,17,1
248,33,1
221,20,1
222,27,1
226,39,1
232,11,1
215,33,1
226,34,1
222,27,1
224,47,1
243,24,1
253,23,1
232,4,1
221,17,1
242,35,1
248,18,1
220,45,1
232,38,1
231,2,1
256,14,1
241,17,1
224,30,1
231,30,1
215,23,1
230,11,1
243,29,1
241,1,1
232,4,1
240,31,1
245,7,1
236,13,1
229,49,1
236,8,1
236,25,1
234,30,1
257,29,1
240,45,1
229,49,1
255,16,1
239,22,1
232,7,1
225,28,1
221,13,1
224,15,1
225,25,1
239,45,1
250,12,1
247,25,1
242,35,1
255,14,1
256,13,1
242,26,1
242,15,1
216,40,1
215,17,1
213,31,1
215,25,1
220,24,1
259,31,1
251,44,1
250,12,1
222,17,1
230,8,1
237,38,1
252,30,1
216,24,1
219,36,1
