17,47,0
22,27,0
41,26,0
24,30,0
36,10,0
42,23,0
15,21,0
32,7,0
27,27,0
47,25,0
14,20,0
8,36,0
31,49,0
22,48,0
5,38,0
33,20,0
16,28,0
16,29,0
16,29,0
18,7,0
10,8,0
47,22,0
16,13,0
23,18,0
14,35,0
31,45,0
34,4,0
31,11,0
35,31,0
35,23,0
6,21,0
42,37,0
38,4,0
32,29,0
48,25,0
38,28,0
35,30,0
37,34,0
3,17,0
42,36,0
30,48,0
11,40,0
48,18,0
11,33,0
7,17,0
36,24,0
16,18,0
22,15,0
39,10,0
6,24,0
20,45,0
23,22,0
7,20,0
40,25,0
2,33,0
15,25,0
30,41,0
21,49,0
36,6,0
13,38,0
4,21,0
16,40,0
43,38,0
34,39,0
37,34,0
32,5,0
11,40,0
44,17,0
23,10,0
48,24,0
28,36,0
4,28,0
45,15,0
36,24,0
5,38,0
40,13,0
29,15,0
49,29,0
28,46,0
37,23,0
19,35,0
2,26,0
5,16,0
25,24,0
42,38,0
12,22,0
26,8,0
5,37,0
44,35,0
19,24,0
28,21,0
31,4,0
42,37,0
4,38,0
15,16,0
28,20,0
29,11,0
30,4,0
21,12,0
25,19,0
12,32,0
37,32,0
15,18,0
45,21,0
16,5,0
45,33,0
4,24,0
34,6,0
25,9,0
24,40,0
28,41,0
24,26,0
33,22,0
31,32,0
36,4,0
10,18,0
47,36,0
13,16,0
30,33,0
31,22,0
7,34,0
38,14,0
26,33,0
27,9,0
9,34,0
41,29,0
42,36,0
34,6,0
42,37,0
26,35,0
19,10,0
8,8,0
30,35,0
49,25,0
28,32,0
11,40,0
37,34,0
17,15,0
45,14,0
34,38,0
25,18,0
14,43,0
36,44,0
9,21,0
49,27,0
13,40,0
34,3,0
22,37,0
35,21,0
36,29,0
11,29,0
47,33,0
42,23,0
23,40,0
20,9,0
6,33,0
37,42,0
16,21,0
7,18,0
36,38,0
24,17,0
24,40,0
31,20,0
43,27,0
27,12,0
37,30,0
32,43,0
16,23,0
27,36,0
23,32,0
48,23,0
20,19,0
8,14,0
34,41,0
11,28,0
6,40,0
22,18,0
23,47,0
20,10,0
35,41,0
30,44,0
37,42,0
48,21,0
12,15,0
31,12,0
45,31,0
32,3,0
46,17,0
5,27,0
18,49,0
6,36,0
11,26,0
9,18,0
18,20,0
38,19,0
36,6,0
15,26,0
41,28,0
24,26,0
30,3,0
19,40,0
30,34,0
1,31,0
22,19,0
32,18,0
30,21,0
31,8,0
13,14,0
24,2,0
19,2,0
18,4,0
36,39,0
46,17,0
29,3,0
26,4,0
28,7,0
38,35,0
39,38,0
48,17,0
12,44,0
40,26,0
28,43,0
27,49,0
16,31,0
49,26,0
46,12,0
47,36,0
40,38,0
13,38,0
14,24,0
37,20,0
15,24,0
10,36,0
11,32,0
32,10,0
44,26,0
32,12,0
24,31,0
10,23,0
4,14,0
28,33,0
36,9,0
43,42,0
5,28,0
24,27,0
25,6,0
20,22,0
16,7,0
12,27,0
47,20,0
12,22,0
22,3,0
11,24,0
28,11,0
11,39,0
20,24,0
27,22,0
8,19,0
41,27,0
30,47,0
26,4,0
19,31,0
36,7,0
30,43,0
37,42,0
26,44,0
43,18,0
22,26,0
27,13,0
35,7,0
21,5,0
16,12,0
19,24,0
38,42,0
24,4,0
46,35,0
4,26,0
19,43,0
32,11,0
19,21,0
37,45,0
30,49,0
24,44,0
41,40,0
10,36,0
30,49,0
23,39,0
16,10,0
36,38,0
37,17,0
10,21,0
24,31,0
34,9,0
15,9,0
20,14,0
32,38,0
28,37,0
27,30,0
44,40,0
44,25,0
38,13,0
35,19,0
23,2,0
3,31,0
41,22,0
23,43,0
5,38,0
38,19,0
19,33,0
12,19,0
37,43,0
26,29,0
17,23,0
27,4,0
19,9,0
16,14,0
1,21,0
10,25,0
43,9,0
46,27,0
39,21,0
39,13,0
30,24,0
23,31,0
15,39,0
38,11,0
40,41,0
45,25,0
34,48,0
20,47,0
36,41,0
37,40,0
9,18,0
47,27,0
11,31,0
33,3,0
19,36,0
15,33,0
42,25,0
33,8,0
19,49,0
38,5,0
29,7,0
11,44,0
49,30,0
15,25,0
18,27,0
21,30,0
6,35,0
13,36,0
48,32,0
13,44,0
32,40,0
17,10,0
7,39,0
6,39,0
41,28,0
43,20,0
32,48,0
26,42,0
22,42,0
36,23,0
2,17,0
25,30,0
11,23,0
13,6,0
45,22,0
36,47,0
45,24,0
23,36,0
42,40,0
8,26,0
28,14,0
23,37,0
7,30,0
45,17,0
23,6,0
8,32,0
10,22,0
31,24,0
8,33,0
30,46,0
18,9,0
28,19,0
26,39,0
12,44,0
3,20,0
32,45,0
45,38,0
45,37,0
8,12,0
47,28,0
7,9,0
41,11,0
29,19,0
30,40,0
30,44,0
13,14,0
45,16,0
1,19,0
24,45,0
30,20,0
5,37,0
22,17,0
16,37,0
7,41,0
36,41,0
17,28,0
24,39,0
4,14,0
26,42,0
32,47,0
13,29,0
43,19,0
24,34,0
37,19,0
24,43,0
21,27,0
24,40,0
31,9,0
38,42,0
38,21,0
38,6,0
33,45,0
26,39,0
35,38,0
38,13,0
3,25,0
38,39,0
39,32,0
17,16,0
14,19,0
20,29,0
27,2,0
27,18,0
49,26,0
6,35,0
24,36,0
6,30,0
46,24,0
45,14,0
28,26,0
28,5,0
32,9,0
2,30,0
2,22,0
49,21,0
12,19,0
16,45,0
16,14,0
34,2,0
36,24,0
4,30,0
40,37,0
19,5,0
28,17,0
28,37,0
24,12,0
15,47,0
7,26,0
27,36,0
16,44,0
4,24,0
30,3,0
28,19,0
10,44,0
5,34,0
35,25,0
19,21,0
36,46,0
37,9,0
13,17,0
43,33,0
43,38,0
7,20,0
15,29,0
34,14,0
10,15,0
3,30,0
20,33,0
22,2,0
23,8,0
7,15,0
17,22,0
38,21,0
24,23,0
23,22,0
27,14,0
31,8,0
9,20,0
29,15,0
20,38,0
15,23,0
48,19,0
10,36,0
32,10,0
28,45,0
26,17,0
12,46,0
13,36,0
325,15,1
338,28,1
337,25,1
302,37,1
334,22,1
333,25,1
320,38,1
326,37,1
294,13,1
302,37,1
332,17,1
311,22,1
298,30,1
297,21,1
297,26,1
323,23,1
302,36,1
312,47,1
312,25,1
311,10,1
314,29,1
302,43,1
323,20,1
332,27,1
326,16,1
331,39,1
299,8,1
303,45,1
322,21,1
315,13,1
318,22,1
337,20,1
319,32,1
330,24,1
302,32,1
301,21,1
315,10,1
314,15,1
312,25,1
301,30,1
301,19,1
332,18,1
305,18,1
298,15,1
292,28,1
332,18,1
319,9,1
328,37,1
327,43,1
319,28,1
296,15,1
298,21,1
324,9,1
306,39,1
332,20,1
335,37,1
301,15,1
313,18,1
313,23,1
322,33,1
328,42,1
323,12,1
306,20,1
333,41,1
332,42,1
310,10,1
327,19,1
304,11,1
310,41,1
318,33,1
297,33,1
335,27,1
313,37,1
308,35,1
300,33,1
296,37,1
326,31,1
302,7,1
313,46,1
321,27,1
300,6,1
306,10,1
316,42,1
325,8,1
302,12,1
316,1,1
315,33,1
318,28,1
294,32,1
304,34,1
329,18,1
321,35,1
294,12,1
324,18,1
330,7,1
322,48,1
313,46,1
329,39,1
301,36,1
294,13,1
314,48,1
296,31,1
325,8,1
334,13,1
297,14,1
326,16,1
316,48,1
298,10,1
325,30,1
318,31,1
298,31,1
312,6,1
327,6,1
320,1,1
315,23,1
310,28,1
313,16,1
300,34,1
330,43,1
321,28,1
306,32,1
317,46,1
299,40,1
305,33,1
326,43,1
323,20,1
321,12,1
314,34,1
323,33,1
326,10,1
338,26,1
313,11,1
312,29,1
314,41,1
332,11,1
338,27,1
308,36,1
305,24,1
327,12,1
296,14,1
313,7,1
313,39,1
302,38,1
333,8,1
323,38,1
325,8,1
322,29,1
329,9,1
297,30,1
301,30,1
325,21,1
303,19,1
336,24,1
315,13,1
309,16,1
296,28,1
309,31,1
303,29,1
333,31,1
307,4,1
296,11,1
315,12,1
331,27,1
327,29,1
324,36,1
291,18,1
328,9,1
310,18,1
329,16,1
305,33,1
325,12,1
301,16,1
333,12,1
301,19,1
314,33,1
309,30,1
310,33,1
321,10,1
332,34,1
325,13,1
327,4,1
297,15,1
320,10,1
310,16,1
319,32,1
331,22,1
315,22,1
338,28,1
331,7,1
295,39,1
319,2,1
311,21,1
335,36,1
301,15,1
331,18,1
320,41,1
318,43,1
298,36,1
299,11,1
331,26,1
329,37,1
298,20,1
338,23,1
317,43,1
318,42,1
312,23,1
307,35,1
314,47,1
316,23,1
314,6,1
330,23,1
339,19,1
318,9,1
295,13,1
293,14,1
333,32,1
330,22,1
310,11,1
320,29,1
312,43,1
332,21,1
325,44,1
316,1,1
294,30,1
305,7,1
310,28,1
302,19,1
304,23,1
293,32,1
295,37,1
332,11,1
319,10,1
305,17,1
334,29,1
315,2,1
325,28,1
317,16,1
300,12,1
291,19,1
322,23,1
329,25,1
335,20,1
295,20,1
307,24,1
296,23,1
335,38,1
296,40,1
312,29,1
313,31,1
301,5,1
304,10,1
298,31,1
297,19,1
328,31,1
315,37,1
302,44,1
315,20,1
297,12,1
313,33,1
295,19,1
327,14,1
299,33,1
305,47,1
326,4,1
298,41,1
313,48,1
327,28,1
319,16,1
307,32,1
306,4,1
308,31,1
328,10,1
337,28,1
312,31,1
330,17,1
301,7,1
291,27,1
313,42,1
291,25,1
335,28,1
316,28,1
327,15,1
331,12,1
329,8,1
320,7,1
329,23,1
328,11,1
321,44,1
314,15,1
331,38,1
326,34,1
337,32,1
295,36,1
331,38,1
310,48,1
322,30,1
318,35,1
331,17,1
305,9,1
332,16,1
293,24,1
302,10,1
321,13,1
312,19,1
317,17,1
298,34,1
306,24,1
317,40,1
309,3,1
331,31,1
299,30,1
315,9,1
320,9,1
323,11,1
309,22,1
310,18,1
311,27,1
330,30,1
301,15,1
298,22,1
325,5,1
321,18,1
335,12,1
302,12,1
300,42,1
334,15,1
308,23,1
334,18,1
316,3,1
307,9,1
301,18,1
300,28,1
294,38,1
300,30,1
332,41,1
315,4,1
305,30,1
300,27,1
303,13,1
310,5,1
303,9,1
330,27,1
307,18,1
298,14,1
292,33,1
329,42,1
320,5,1
334,11,1
301,37,1
295,36,1
327,24,1
325,21,1
330,6,1
321,43,1
309,46,1
316,41,1
292,31,1
306,4,1
316,17,1
308,5,1
332,17,1
301,36,1
323,42,1
303,13,1
314,16,1
328,43,1
319,10,1
313,43,1
306,18,1
304,21,1
299,31,1
294,36,1
307,40,1
302,39,1
310,24,1
329,40,1
315,35,1
320,29,1
308,14,1
324,2,1
293,20,1
308,9,1
312,26,1
319,26,1
294,18,1
309,5,1
330,26,1
300,27,1
303,6,1
304,18,1
335,24,1
333,29,1
325,23,1
301,28,1
309,47,1
318,42,1
316,22,1
296,11,1
295,29,1
334,30,1
316,4,1
315,16,1
306,18,1
331,34,1
311,49,1
315,30,1
324,19,1
322,31,1
332,14,1
328,20,1
307,10,1
308,22,1
330,30,1
332,25,1
292,30,1
305,19,1
333,25,1
297,29,1
297,23,1
334,38,1
324,27,1
310,7,1
332,42,1
320,31,1
331,12,1
294,19,1
330,40,1
331,13,1
331,32,1
301,32,1
330,33,1
335,27,1
293,23,1
310,3,1
296,37,1
307,28,1
330,27,1
299,29,1
320,10,1
320,19,1
324,22,1
316,16,1
321,29,1
301,28,1
301,42,1
294,22,1
329,31,1
295,14,1
318,31,1
327,38,1
298,35,1
318,38,1
306,34,1
314,30,1
336,37,1
306,42,1
323,4,1
316,49,1
295,23,1
307,36,1
327,22,1
306,17,1
320,40,1
318,43,1
301,7,1
333,14,1
325,10,1
319,28,1
332,20,1
322,39,1
301,32,1
312,29,1
301,18,1
302,5,1
301,43,1
306,5,1
331,40,1
298,21,1
299,44,1
295,20,1
336,23,1
299,19,1
320,28,1
294,22,1
305,28,1
334,25,1
302,11,1
324,18,1
297,20,1
299,24,1
332,41,1
331,10,1
332,36,1
321,26,1
309,40,1
300,31,1
315,46,1
325,39,1
336,25,1
322,7,1
