23,41,0
38,21,0
24,20,0
2,19,0
8,41,0
18,36,0
2,30,0
26,42,0
18,14,0
2,23,0
9,38,0
36,38,0
24,6,0
14,39,0
34,37,0
21,3,0
42,11,0
3,36,0
2,22,0
30,4,0
33,2,0
34,13,0
36,18,0
27,11,0
38,13,0
42,14,0
28,21,0
43,28,0
21,49,0
15,34,0
21,38,0
20,14,0
13,14,0
22,45,0
38,32,0
46,19,0
5,39,0
37,18,0
11,10,0
17,38,0
47,17,0
29,23,0
21,41,0
27,29,0
7,38,0
44,18,0
28,43,0
39,27,0
26,34,0
25,4,0
40,22,0
17,40,0
39,38,0
40,30,0
32,30,0
16,33,0
45,37,0
10,30,0
25,6,0
42,9,0
9,43,0
6,26,0
28,33,0
24,6,0
22,21,0
42,23,0
31,16,0
29,33,0
26,1,0
21,46,0
41,26,0
41,35,0
33,8,0
7,20,0
3,23,0
32,26,0
17,36,0
11,25,0
40,22,0
36,32,0
23,28,0
16,23,0
27,4,0
28,3,0
38,15,0
27,27,0
12,45,0
22,13,0
16,10,0
14,27,0
15,6,0
15,26,0
22,22,0
27,46,0
11,30,0
27,19,0
13,46,0
19,3,0
5,29,0
11,44,0
23,11,0
9,33,0
36,26,0
46,13,0
32,19,0
10,5,0
36,45,0
40,38,0
42,37,0
32,28,0
38,10,0
6,38,0
28,42,0
22,26,0
45,27,0
31,32,0
17,3,0
7,9,0
39,37,0
36,26,0
7,29,0
25,36,0
30,40,0
22,33,0
14,23,0
28,13,0
41,17,0
45,33,0
30,27,0
9,21,0
43,23,0
40,20,0
31,14,0
24,42,0
4,32,0
22,28,0
23,26,0
4,12,0
47,36,0
35,18,0
46,25,0
33,11,0
39,31,0
26,40,0
38,23,0
16,25,0
18,12,0
20,30,0
21,44,0
43,32,0
13,33,0
43,11,0
17,34,0
14,22,0
25,10,0
41,27,0
13,25,0
27,3,0
35,21,0
15,12,0
28,19,0
17,16,0
31,6,0
17,10,0
24,33,0
42,22,0
27,31,0
37,27,0
4,29,0
37,7,0
7,8,0
31,48,0
16,2,0
1,20,0
5,13,0
23,6,0
3,21,0
44,24,0
32,30,0
12,30,0
15,32,0
5,18,0
2,34,0
39,25,0
21,13,0
28,37,0
5,26,0
8,36,0
33,45,0
43,40,0
35,39,0
44,37,0
33,37,0
38,40,0
27,41,0
28,2,0
45,29,0
32,21,0
14,12,0
6,31,0
33,34,0
35,9,0
39,7,0
9,18,0
41,31,0
24,24,0
5,33,0
30,12,0
44,38,0
15,29,0
42,22,0
38,40,0
25,28,0
3,22,0
14,11,0
20,40,0
16,35,0
29,38,0
31,42,0
41,18,0
9,12,0
3,23,0
7,13,0
17,18,0
11,32,0
7,17,0
32,49,0
33,8,0
38,18,0
30,10,0
8,24,0
29,22,0
15,26,0
43,9,0
31,7,0
21,33,0
22,5,0
26,18,0
23,37,0
16,35,0
12,28,0
23,11,0
36,9,0
28,9,0
23,35,0
7,23,0
12,30,0
10,34,0
13,34,0
4,31,0
48,22,0
39,33,0
45,17,0
30,43,0
15,31,0
25,38,0
7,9,0
31,16,0
40,38,0
13,27,0
11,40,0
31,10,0
44,31,0
29,38,0
11,38,0
18,26,0
29,4,0
25,35,0
11,27,0
12,35,0
21,49,0
13,38,0
16,28,0
25,14,0
4,30,0
19,35,0
25,32,0
6,22,0
30,16,0
30,13,0
45,16,0
20,35,0
28,3,0
6,41,0
36,31,0
13,21,0
40,40,0
42,15,0
5,19,0
41,9,0
38,6,0
13,15,0
34,47,0
30,31,0
40,26,0
9,24,0
11,21,0
15,34,0
16,28,0
42,39,0
11,37,0
28,35,0
35,34,0
18,47,0
22,9,0
15,27,0
31,31,0
44,30,0
39,21,0
10,6,0
33,32,0
15,22,0
17,27,0
7,22,0
48,16,0
22,40,0
44,10,0
3,33,0
18,29,0
28,26,0
34,7,0
28,11,0
18,10,0
17,29,0
27,44,0
36,17,0
19,5,0
32,1,0
40,21,0
33,48,0
22,24,0
44,17,0
23,45,0
9,21,0
20,17,0
1,27,0
37,9,0
23,37,0
25,24,0
41,21,0
6,32,0
10,8,0
29,25,0
44,23,0
29,45,0
20,23,0
26,28,0
32,19,0
7,39,0
36,23,0
21,6,0
30,34,0
24,3,0
28,4,0
17,8,0
13,33,0
25,27,0
18,43,0
11,40,0
10,8,0
12,8,0
24,22,0
30,22,0
23,38,0
28,16,0
27,14,0
47,23,0
20,6,0
44,15,0
36,45,0
14,32,0
49,18,0
32,20,0
5,18,0
18,36,0
34,21,0
26,36,0
22,25,0
22,37,0
43,8,0
25,16,0
14,14,0
44,22,0
10,31,0
47,33,0
38,16,0
25,30,0
11,43,0
22,45,0
24,27,0
31,7,0
11,36,0
6,31,0
35,43,0
8,16,0
30,18,0
19,22,0
26,18,0
22,38,0
17,15,0
27,24,0
39,8,0
34,37,0
17,10,0
3,16,0
6,16,0
19,3,0
13,40,0
29,11,0
40,31,0
7,40,0
40,9,0
13,23,0
5,12,0
14,17,0
14,14,0
36,9,0
5,39,0
4,13,0
21,12,0
41,12,0
38,5,0
22,48,0
33,19,0
5,32,0
24,24,0
18,27,0
46,18,0
28,41,0
22,5,0
49,22,0
37,42,0
11,10,0
45,22,0
34,5,0
31,7,0
26,40,0
24,21,0
30,28,0
33,4,0
35,46,0
20,44,0
17,13,0
16,47,0
30,41,0
12,20,0
4,32,0
27,9,0
22,41,0
30,40,0
35,29,0
13,38,0
13,37,0
9,31,0
43,23,0
38,16,0
48,21,0
4,19,0
40,7,0
10,38,0
12,34,0
20,45,0
28,23,0
18,43,0
22,30,0
7,13,0
11,6,0
24,42,0
26,4,0
13,44,0
33,44,0
27,9,0
34,15,0
20,24,0
27,25,0
14,4,0
8,41,0
23,30,0
45,11,0
20,24,0
24,13,0
22,5,0
12,24,0
9,13,0
18,35,0
19,48,0
26,7,0
6,27,0
49,23,0
15,23,0
22,49,0
41,40,0
17,3,0
17,46,0
34,3,0
28,24,0
38,28,0
20,33,0
18,13,0
42,17,0
229,37,1
227,27,1
257,27,1
240,40,1
238,43,1
247,30,1
229,33,1
234,34,1
242,11,1
226,42,1
230,31,1
228,5,1
259,18,1
233,17,1
253,22,1
225,36,1
248,26,1
241,19,1
235,46,1
230,38,1
239,43,1
255,13,1
227,14,1
215,11,1
217,31,1
217,14,1
237,30,1
239,18,1
225,41,1
216,21,1
230,17,1
214,36,1
254,11,1
241,48,1
255,22,1
227,10,1
244,13,1
251,38,1
213,27,1
222,35,1
255,14,1
230,34,1
218,13,1
225,26,1
255,34,1
235,35,1
248,39,1
248,38,1
241,47,1
235,23,1
225,20,1
213,24,1
244,12,1
238,41,1
217,35,1
234,22,1
244,44,1
239,22,1
252,22,1
211,29,1
227,11,1
229,30,1
255,13,1
253,27,1
230,4,1
227,41,1
234,9,1
237,19,1
240,27,1
230,13,1
250,42,1
250,45,1
231,29,1
254,26,1
251,27,1
221,11,1
214,20,1
223,35,1
254,11,1
229,47,1
238,11,1
229,43,1
240,25,1
221,29,1
241,8,1
239,22,1
219,7,1
225,36,1
247,9,1
221,10,1
231,19,1
230,5,1
213,34,1
239,32,1
247,45,1
221,40,1
220,32,1
249,12,1
243,40,1
242,3,1
245,19,1
220,24,1
255,24,1
213,30,1
247,23,1
223,8,1
222,38,1
257,21,1
234,15,1
216,11,1
225,32,1
226,47,1
236,41,1
249,16,1
251,39,1
255,17,1
232,49,1
232,1,1
223,45,1
234,2,1
241,35,1
237,44,1
255,38,1
226,32,1
218,37,1
239,46,1
245,28,1
218,17,1
221,20,1
214,28,1
216,21,1
229,49,1
232,24,1
220,27,1
246,25,1
258,29,1
244,25,1
213,15,1
216,10,1
237,6,1
218,9,1
259,26,1
242,12,1
242,8,1
233,25,1
218,8,1
255,25,1
222,40,1
243,8,1
231,23,1
249,20,1
243,41,1
213,35,1
234,30,1
230,4,1
214,12,1
243,2,1
232,15,1
250,10,1
231,45,1
241,23,1
239,15,1
256,37,1
226,7,1
237,26,1
221,31,1
258,33,1
230,11,1
217,12,1
227,7,1
228,13,1
216,26,1
229,49,1
231,20,1
219,12,1
237,33,1
257,19,1
235,22,1
246,10,1
219,9,1
248,12,1
229,46,1
227,40,1
234,26,1
231,6,1
224,37,1
259,25,1
239,45,1
238,27,1
221,43,1
221,34,1
233,10,1
231,13,1
216,19,1
244,14,1
224,45,1
233,49,1
252,28,1
234,42,1
225,36,1
236,41,1
229,43,1
228,4,1
222,37,1
247,46,1
238,42,1
236,20,1
226,27,1
229,30,1
235,9,1
223,40,1
229,1,1
233,16,1
248,7,1
240,41,1
227,28,1
241,29,1
243,3,1
242,10,1
228,26,1
250,27,1
232,15,1
230,10,1
240,46,1
254,19,1
221,24,1
252,22,1
253,19,1
236,32,1
232,6,1
233,29,1
218,28,1
222,21,1
215,10,1
226,21,1
233,4,1
215,23,1
230,46,1
255,18,1
240,34,1
228,39,1
233,11,1
247,9,1
242,37,1
242,20,1
238,22,1
223,7,1
256,33,1
239,22,1
250,42,1
242,22,1
243,6,1
258,18,1
253,18,1
236,44,1
227,3,1
230,36,1
233,36,1
236,41,1
220,25,1
247,38,1
243,44,1
247,35,1
219,41,1
241,6,1
242,48,1
246,4,1
241,13,1
239,19,1
219,22,1
245,19,1
229,5,1
233,48,1
222,39,1
223,30,1
219,16,1
230,36,1
228,28,1
248,9,1
227,18,1
233,44,1
237,48,1
218,23,1
226,45,1
221,37,1
228,17,1
241,3,1
239,26,1
248,40,1
234,11,1
218,21,1
229,19,1
253,24,1
240,27,1
245,9,1
213,18,1
215,34,1
255,16,1
243,30,1
222,23,1
213,23,1
250,22,1
247,45,1
237,11,1
250,38,1
224,12,1
214,31,1
242,25,1
259,29,1
241,32,1
253,31,1
245,43,1
215,20,1
210,25,1
226,45,1
223,32,1
234,40,1
240,7,1
245,8,1
233,17,1
228,39,1
213,20,1
241,20,1
215,39,1
224,34,1
238,21,1
239,22,1
255,33,1
237,9,1
229,40,1
252,10,1
247,28,1
238,23,1
257,18,1
219,43,1
223,7,1
226,12,1
252,19,1
223,37,1
215,26,1
222,46,1
250,21,1
223,25,1
241,20,1
240,24,1
254,28,1
220,9,1
218,42,1
229,23,1
233,36,1
228,30,1
254,13,1
245,47,1
259,27,1
235,11,1
248,5,1
237,3,1
221,6,1
227,8,1
224,36,1
239,9,1
247,26,1
231,15,1
215,17,1
257,36,1
222,22,1
236,25,1
230,7,1
254,30,1
226,32,1
232,28,1
225,26,1
230,19,1
245,6,1
219,15,1
232,39,1
217,14,1
250,12,1
234,27,1
249,36,1
246,33,1
228,1,1
233,41,1
241,40,1
249,10,1
246,44,1
218,18,1
236,18,1
234,4,1
236,10,1
226,18,1
244,23,1
217,15,1
257,33,1
225,9,1
233,45,1
216,20,1
217,36,1
255,33,1
230,18,1
211,26,1
250,12,1
213,35,1
255,31,1
219,41,1
214,16,1
243,12,1
229,31,1
241,30,1
253,14,1
234,36,1
255,32,1
237,49,1
218,30,1
242,30,1
256,23,1
227,37,1
255,13,1
218,19,1
248,28,1
233,10,1
236,29,1
253,21,1
232,25,1
249,34,1
233,31,1
236,16,1
224,42,1
235,32,1
214,34,1
237,28,1
247,15,1
254,18,1
230,28,1
227,35,1
243,9,1
251,25,1
248,24,1
227,6,1
236,20,1
255,22,1
255,38,1
241,6,1
246,39,1
244,37,1
233,8,1
230,19,1
220,32,1
239,16,1
252,27,1
236,8,1
232,35,1
244,45,1
229,26,1
219,30,1
239,31,1
225,43,1
221,41,1
234,49,1
240,17,1
222,10,1
229,4,1
211,28,1
245,33,1
254,21,1
216,40,1
225,32,1
230,7,1
243,19,1
246,46,1
255,29,1
243,2,1
255,17,1
235,14,1
214,17,1
244,14,1
223,20,1
226,37,1
245,27,1
257,20,1
238,13,1
253,30,1
241,9,1
242,15,1
246,20,1
222,43,1
235,11,1
221,29,1
231,10,1
254,29,1
219,12,1
228,39,1
229,32,1
248,22,1
249,27,1
256,38,1
246,29,1
258,25,1
242,9,1
257,22,1
