9,32,0
16,30,0
27,34,0
32,43,0
38,14,0
38,26,0
46,20,0
16,34,0
36,33,0
17,10,0
43,24,0
10,15,0
43,14,0
35,44,0
20,6,0
27,24,0
40,11,0
35,18,0
37,38,0
2,25,0
28,40,0
32,6,0
39,43,0
35,14,0
44,18,0
43,30,0
13,27,0
8,43,0
19,18,0
12,8,0
31,20,0
12,37,0
19,10,0
12,39,0
26,18,0
26,37,0
16,19,0
26,43,0
19,43,0
20,29,0
35,34,0
6,14,0
36,30,0
27,14,0
42,11,0
16,33,0
41,6,0
36,26,0
28,41,0
29,31,0
3,21,0
9,44,0
15,39,0
25,23,0
7,34,0
11,10,0
34,41,0
35,10,0
14,13,0
7,17,0
18,38,0
4,29,0
23,45,0
14,38,0
21,25,0
12,11,0
39,6,0
30,41,0
37,5,0
25,1,0
29,6,0
41,24,0
7,39,0
39,13,0
41,43,0
30,36,0
30,49,0
14,31,0
25,32,0
21,18,0
18,10,0
10,12,0
6,16,0
30,29,0
45,12,0
40,18,0
38,17,0
10,19,0
15,13,0
45,14,0
22,5,0
6,30,0
34,19,0
45,10,0
45,33,0
30,46,0
39,35,0
8,42,0
11,15,0
32,31,0
35,27,0
42,35,0
17,44,0
24,31,0
31,15,0
12,23,0
31,11,0
15,6,0
15,18,0
25,11,0
9,16,0
21,15,0
27,4,0
42,22,0
32,6,0
28,23,0
33,46,0
44,31,0
2,33,0
37,20,0
32,15,0
16,8,0
30,16,0
32,29,0
25,13,0
22,5,0
22,35,0
18,2,0
21,33,0
34,24,0
38,31,0
32,1,0
44,40,0
15,34,0
26,44,0
13,11,0
10,6,0
42,37,0
28,20,0
32,12,0
20,40,0
9,9,0
26,12,0
24,31,0
24,35,0
20,2,0
40,40,0
31,9,0
2,22,0
3,25,0
33,5,0
27,21,0
24,9,0
34,28,0
2,16,0
31,21,0
26,16,0
14,36,0
40,38,0
25,48,0
30,2,0
19,26,0
20,21,0
28,30,0
12,17,0
35,25,0
27,10,0
21,29,0
37,46,0
36,16,0
19,12,0
17,14,0
27,25,0
12,39,0
23,18,0
12,23,0
10,33,0
5,14,0
10,13,0
17,44,0
40,29,0
28,25,0
30,21,0
45,30,0
14,37,0
4,20,0
49,29,0
5,16,0
15,45,0
17,31,0
32,41,0
28,21,0
31,27,0
26,29,0
21,48,0
37,21,0
3,28,0
31,17,0
33,3,0
16,33,0
37,28,0
37,35,0
30,37,0
20,28,0
23,32,0
30,18,0
46,37,0
5,12,0
16,21,0
36,29,0
18,8,0
36,15,0
37,31,0
38,28,0
36,35,0
24,47,0
37,34,0
8,12,0
16,8,0
16,18,0
21,19,0
12,28,0
28,34,0
26,42,0
17,8,0
46,36,0
38,16,0
23,30,0
39,31,0
12,28,0
9,11,0
22,10,0
11,19,0
36,20,0
16,4,0
32,45,0
4,34,0
24,31,0
22,1,0
33,13,0
26,21,0
36,7,0
40,22,0
23,45,0
22,36,0
28,34,0
16,12,0
10,19,0
25,6,0
18,2,0
18,25,0
38,22,0
22,37,0
25,15,0
29,40,0
9,31,0
16,13,0
47,30,0
41,10,0
44,38,0
31,27,0
15,12,0
46,17,0
37,39,0
21,35,0
33,47,0
35,20,0
41,21,0
16,7,0
28,6,0
13,14,0
37,21,0
12,26,0
1,32,0
18,39,0
41,43,0
22,36,0
32,31,0
24,4,0
31,37,0
27,32,0
35,5,0
16,41,0
12,42,0
13,22,0
11,17,0
38,26,0
44,20,0
26,32,0
26,31,0
33,19,0
7,36,0
7,33,0
17,18,0
46,24,0
25,2,0
28,16,0
24,34,0
5,13,0
2,27,0
43,19,0
28,20,0
24,13,0
35,20,0
16,37,0
3,36,0
5,27,0
28,16,0
7,30,0
27,40,0
15,35,0
27,4,0
23,1,0
25,4,0
7,37,0
17,35,0
23,6,0
19,12,0
25,0,0
21,6,0
18,43,0
39,32,0
9,6,0
34,18,0
21,19,0
27,19,0
10,32,0
36,9,0
21,42,0
31,42,0
10,38,0
26,8,0
11,12,0
33,48,0
26,1,0
41,37,0
25,24,0
46,32,0
11,18,0
14,18,0
16,40,0
10,42,0
49,30,0
21,44,0
11,19,0
30,14,0
25,5,0
19,8,0
30,36,0
27,32,0
11,26,0
25,16,0
19,33,0
21,35,0
25,0,0
22,39,0
39,36,0
32,25,0
41,23,0
29,35,0
33,7,0
38,44,0
36,19,0
18,24,0
33,9,0
14,44,0
48,24,0
28,4,0
41,22,0
16,2,0
8,14,0
7,36,0
12,32,0
3,24,0
29,14,0
20,35,0
7,12,0
7,12,0
43,21,0
3,29,0
32,43,0
18,49,0
32,36,0
34,21,0
4,20,0
44,37,0
9,19,0
25,46,0
14,20,0
2,25,0
18,18,0
29,13,0
10,22,0
46,19,0
38,7,0
30,1,0
33,30,0
38,18,0
17,18,0
31,9,0
22,39,0
30,17,0
35,24,0
11,6,0
7,18,0
47,16,0
33,18,0
10,32,0
24,43,0
6,11,0
13,22,0
14,3,0
45,18,0
31,26,0
36,14,0
10,20,0
20,43,0
26,32,0
16,6,0
38,43,0
44,16,0
7,16,0
40,38,0
34,8,0
28,38,0
23,21,0
28,29,0
41,31,0
7,12,0
13,44,0
20,26,0
15,25,0
34,24,0
14,10,0
40,23,0
9,16,0
27,36,0
24,49,0
29,1,0
40,26,0
45,34,0
22,10,0
19,41,0
1,30,0
42,42,0
27,6,0
25,15,0
18,4,0
46,32,0
6,37,0
10,38,0
47,36,0
45,21,0
43,24,0
6,20,0
28,16,0
13,25,0
31,31,0
19,19,0
44,37,0
30,29,0
12,21,0
21,38,0
47,25,0
32,45,0
17,3,0
34,21,0
40,15,0
43,40,0
19,15,0
13,13,0
15,47,0
22,11,0
17,36,0
36,44,0
43,39,0
7,42,0
27,9,0
21,49,0
27,22,0
18,2,0
32,45,0
25,20,0
31,32,0
35,12,0
46,37,0
7,15,0
44,29,0
20,35,0
5,17,0
20,42,0
34,17,0
32,9,0
16,45,0
35,9,0
44,38,0
27,18,0
32,16,0
25,43,0
46,31,0
259,21,1
234,44,1
241,8,1
221,18,1
237,49,1
238,15,1
250,15,1
229,18,1
251,20,1
227,4,1
253,38,1
254,12,1
241,13,1
236,24,1
256,37,1
220,18,1
236,20,1
250,18,1
229,29,1
232,30,1
216,35,1
233,23,1
224,9,1
244,35,1
219,17,1
221,38,1
216,24,1
246,24,1
248,39,1
252,39,1
252,15,1
251,10,1
256,27,1
216,30,1
225,8,1
244,45,1
218,40,1
230,35,1
243,39,1
216,16,1
243,23,1
240,39,1
217,25,1
221,9,1
242,3,1
219,30,1
256,12,1
244,40,1
234,33,1
241,4,1
232,4,1
248,21,1
252,24,1
218,13,1
246,31,1
258,29,1
222,30,1
245,24,1
254,11,1
222,34,1
220,40,1
232,34,1
234,22,1
236,38,1
245,31,1
211,21,1
238,38,1
216,26,1
250,27,1
237,15,1
220,13,1
240,25,1
246,37,1
215,39,1
232,11,1
237,24,1
245,21,1
240,23,1
231,23,1
240,16,1
253,41,1
249,39,1
231,22,1
220,10,1
214,37,1
237,45,1
229,40,1
249,15,1
229,15,1
250,7,1
248,41,1
240,22,1
234,28,1
246,29,1
253,15,1
254,33,1
250,7,1
231,21,1
248,30,1
243,25,1
219,41,1
233,44,1
239,40,1
223,38,1
215,12,1
231,29,1
238,29,1
211,18,1
243,41,1
239,24,1
235,8,1
244,16,1
236,29,1
248,16,1
236,17,1
214,24,1
237,40,1
236,39,1
251,8,1
233,46,1
248,6,1
244,48,1
253,39,1
212,30,1
250,18,1
233,3,1
237,44,1
258,22,1
215,33,1
230,10,1
247,37,1
218,28,1
244,11,1
254,18,1
238,46,1
242,31,1
239,35,1
228,43,1
233,32,1
252,12,1
258,18,1
228,33,1
225,11,1
244,38,1
222,33,1
222,31,1
244,15,1
216,12,1
242,7,1
214,14,1
236,3,1
230,35,1
247,23,1
223,33,1
240,14,1
257,30,1
255,32,1
252,12,1
253,16,1
249,32,1
240,11,1
259,25,1
243,16,1
232,43,1
247,39,1
253,13,1
236,34,1
241,20,1
215,18,1
239,3,1
213,28,1
232,38,1
252,42,1
245,16,1
241,29,1
238,48,1
235,34,1
230,45,1
233,38,1
221,44,1
233,18,1
242,12,1
227,39,1
225,6,1
248,10,1
211,22,1
237,17,1
248,19,1
230,35,1
220,10,1
246,45,1
257,30,1
234,21,1
254,39,1
237,32,1
228,12,1
236,35,1
236,31,1
254,32,1
246,38,1
226,25,1
247,13,1
254,39,1
215,29,1
236,40,1
225,38,1
222,27,1
232,17,1
235,31,1
253,15,1
253,37,1
228,16,1
230,22,1
248,35,1
238,29,1
223,29,1
223,20,1
234,17,1
222,32,1
245,22,1
218,32,1
234,30,1
246,46,1
242,19,1
244,8,1
229,9,1
248,39,1
234,28,1
229,47,1
221,17,1
252,42,1
224,29,1
255,30,1
246,6,1
239,6,1
258,31,1
237,32,1
226,17,1
212,23,1
227,29,1
245,42,1
247,33,1
215,25,1
251,23,1
236,41,1
224,14,1
228,47,1
240,28,1
243,37,1
248,10,1
226,41,1
231,7,1
220,29,1
214,22,1
241,23,1
215,23,1
234,3,1
234,46,1
239,11,1
241,48,1
221,34,1
257,16,1
252,27,1
256,31,1
252,9,1
216,18,1
252,37,1
248,22,1
220,44,1
231,5,1
224,44,1
252,40,1
231,17,1
228,26,1
232,33,1
227,44,1
230,35,1
259,30,1
255,35,1
232,44,1
249,37,1
251,34,1
240,29,1
212,27,1
239,48,1
238,40,1
226,34,1
257,26,1
227,44,1
251,31,1
245,46,1
255,14,1
251,41,1
220,17,1
253,26,1
227,5,1
228,13,1
220,13,1
236,25,1
246,15,1
248,26,1
239,38,1
244,30,1
255,40,1
244,3,1
239,4,1
226,37,1
217,18,1
242,19,1
227,11,1
244,27,1
226,7,1
211,24,1
230,13,1
217,40,1
255,18,1
231,45,1
228,40,1
226,6,1
220,17,1
253,31,1
222,37,1
216,30,1
212,32,1
244,31,1
240,47,1
259,21,1
249,7,1
243,3,1
252,13,1
251,24,1
256,36,1
224,29,1
224,42,1
217,41,1
214,28,1
217,21,1
247,16,1
227,10,1
230,37,1
241,6,1
245,22,1
213,31,1
241,3,1
250,24,1
240,18,1
248,27,1
246,8,1
239,9,1
252,24,1
249,22,1
220,29,1
229,29,1
217,8,1
228,3,1
241,13,1
221,36,1
227,28,1
237,49,1
252,37,1
232,45,1
255,36,1
240,24,1
257,18,1
235,41,1
235,34,1
224,19,1
243,9,1
237,28,1
238,3,1
242,34,1
219,44,1
255,33,1
229,24,1
221,24,1
253,9,1
237,49,1
250,19,1
224,21,1
224,39,1
251,20,1
254,15,1
255,11,1
228,44,1
218,30,1
237,7,1
234,47,1
245,8,1
213,29,1
238,38,1
237,41,1
241,27,1
248,31,1
227,31,1
234,26,1
239,33,1
238,13,1
247,41,1
258,27,1
245,44,1
240,44,1
214,17,1
223,23,1
253,35,1
248,25,1
238,41,1
233,12,1
219,30,1
239,32,1
249,21,1
248,15,1
238,43,1
234,20,1
221,41,1
237,16,1
250,29,1
240,11,1
224,21,1
250,14,1
232,40,1
218,33,1
226,44,1
218,15,1
227,10,1
219,34,1
234,7,1
233,32,1
228,46,1
213,15,1
242,16,1
254,41,1
241,11,1
246,16,1
212,22,1
227,10,1
246,41,1
235,17,1
236,32,1
246,10,1
220,29,1
223,33,1
239,37,1
241,31,1
212,18,1
215,22,1
248,44,1
241,3,1
250,40,1
227,30,1
241,18,1
231,38,1
228,38,1
236,12,1
247,36,1
238,23,1
226,16,1
243,44,1
241,3,1
239,16,1
241,34,1
251,43,1
245,24,1
240,6,1
223,13,1
239,38,1
225,12,1
226,47,1
217,17,1
241,26,1
233,38,1
242,28,1
228,28,1
233,7,1
224,35,1
220,22,1
224,18,1
235,44,1
229,41,1
214,33,1
249,16,1
215,40,1
231,32,1
256,38,1
258,20,1
240,43,1
238,4,1
237,22,1
254,31,1
248,43,1
245,42,1
221,36,1
248,17,1
229,34,1
242,28,1
228,2,1
244,44,1
259,20,1
229,20,1
251,26,1
243,2,1
