5,15,0
29,29,0
12,19,0
6,33,0
29,38,0
34,29,0
38,30,0
31,20,0
14,22,0
37,31,0
20,11,0
29,10,0
20,15,0
26,2,0
36,40,0
15,40,0
29,4,0
41,41,0
8,24,0
32,20,0
39,32,0
22,12,0
10,7,0
14,23,0
22,2,0
38,21,0
25,11,0
20,32,0
25,34,0
16,37,0
22,7,0
29,44,0
32,5,0
34,21,0
36,31,0
25,37,0
5,13,0
14,20,0
44,39,0
21,8,0
5,12,0
15,23,0
17,3,0
17,30,0
9,26,0
6,23,0
25,40,0
19,8,0
26,31,0
24,46,0
23,47,0
12,18,0
11,11,0
33,31,0
28,23,0
29,43,0
15,13,0
48,30,0
25,49,0
47,23,0
10,23,0
5,27,0
29,49,0
42,36,0
4,27,0
40,22,0
46,38,0
22,32,0
39,13,0
11,34,0
20,1,0
32,11,0
22,11,0
19,19,0
22,49,0
28,3,0
10,16,0
33,26,0
25,3,0
45,35,0
15,12,0
44,36,0
40,39,0
34,22,0
15,14,0
26,46,0
25,9,0
3,24,0
29,17,0
34,28,0
28,30,0
19,6,0
19,40,0
3,34,0
7,24,0
7,36,0
39,30,0
7,11,0
18,38,0
12,39,0
49,20,0
15,7,0
36,37,0
39,22,0
42,12,0
9,6,0
7,9,0
37,43,0
34,12,0
10,27,0
15,21,0
7,13,0
39,30,0
23,9,0
21,47,0
16,48,0
42,31,0
30,43,0
17,42,0
45,36,0
37,15,0
21,34,0
4,13,0
19,34,0
38,27,0
35,5,0
27,27,0
34,48,0
4,16,0
18,38,0
21,39,0
25,22,0
2,23,0
27,8,0
13,6,0
43,42,0
8,14,0
26,32,0
14,29,0
31,6,0
32,10,0
35,6,0
26,41,0
20,16,0
13,18,0
38,26,0
32,37,0
46,37,0
31,49,0
6,28,0
28,16,0
31,18,0
35,42,0
45,15,0
12,13,0
21,19,0
6,38,0
4,33,0
42,33,0
45,28,0
32,47,0
36,22,0
21,20,0
7,18,0
21,18,0
44,17,0
35,25,0
36,12,0
16,41,0
44,33,0
12,24,0
19,19,0
19,48,0
34,46,0
46,12,0
32,49,0
20,14,0
24,48,0
3,26,0
23,14,0
24,8,0
45,30,0
26,31,0
28,40,0
26,46,0
43,12,0
20,24,0
38,16,0
49,21,0
37,46,0
32,14,0
2,32,0
7,26,0
22,48,0
17,43,0
33,10,0
7,34,0
25,11,0
30,16,0
22,20,0
19,21,0
21,26,0
30,49,0
14,10,0
38,34,0
49,22,0
31,6,0
30,30,0
13,35,0
18,40,0
33,6,0
20,41,0
23,18,0
39,15,0
24,13,0
8,28,0
13,19,0
37,46,0
18,27,0
41,38,0
23,20,0
21,35,0
12,17,0
7,24,0
31,32,0
38,12,0
17,40,0
19,37,0
28,38,0
16,28,0
26,39,0
28,45,0
17,23,0
15,28,0
8,36,0
28,37,0
39,23,0
15,34,0
21,38,0
35,10,0
7,33,0
11,16,0
30,14,0
43,8,0
9,19,0
24,32,0
25,37,0
33,42,0
31,16,0
8,26,0
11,22,0
29,32,0
10,33,0
4,31,0
34,2,0
40,20,0
3,14,0
42,27,0
38,24,0
32,44,0
46,37,0
25,43,0
26,8,0
45,27,0
12,17,0
6,13,0
38,25,0
36,36,0
31,16,0
12,17,0
22,46,0
7,35,0
10,19,0
9,12,0
8,17,0
13,39,0
38,27,0
30,20,0
22,42,0
37,10,0
22,41,0
17,17,0
11,13,0
28,16,0
40,6,0
46,21,0
5,37,0
25,7,0
21,46,0
16,38,0
40,41,0
26,18,0
18,6,0
21,32,0
32,16,0
18,40,0
10,28,0
6,12,0
8,34,0
26,20,0
16,38,0
7,19,0
23,30,0
27,12,0
40,16,0
14,44,0
38,10,0
28,23,0
11,38,0
36,33,0
46,37,0
8,14,0
17,32,0
22,1,0
38,46,0
36,9,0
26,30,0
49,32,0
46,34,0
30,3,0
17,3,0
14,20,0
39,40,0
27,17,0
41,21,0
17,5,0
14,33,0
38,20,0
7,17,0
18,7,0
22,4,0
21,39,0
30,1,0
31,24,0
21,44,0
31,9,0
27,16,0
13,32,0
32,28,0
38,25,0
41,15,0
10,35,0
26,25,0
13,7,0
46,19,0
25,25,0
42,38,0
36,36,0
36,25,0
41,34,0
40,36,0
45,39,0
13,23,0
6,33,0
8,14,0
23,14,0
13,42,0
42,16,0
5,20,0
5,10,0
45,16,0
36,25,0
20,44,0
20,35,0
43,19,0
27,2,0
28,48,0
36,9,0
12,44,0
38,12,0
28,21,0
31,24,0
39,8,0
37,19,0
30,22,0
6,30,0
40,41,0
10,21,0
37,45,0
38,46,0
7,33,0
41,29,0
8,26,0
34,2,0
28,46,0
29,21,0
5,11,0
29,35,0
19,7,0
43,38,0
43,29,0
12,40,0
30,3,0
8,33,0
17,15,0
13,22,0
17,44,0
38,29,0
15,19,0
42,16,0
36,18,0
4,22,0
8,15,0
22,29,0
22,31,0
42,27,0
49,24,0
33,3,0
20,1,0
7,13,0
40,9,0
29,37,0
42,23,0
35,39,0
19,41,0
15,31,0
1,30,0
12,5,0
46,14,0
30,12,0
46,30,0
6,17,0
8,14,0
17,32,0
44,35,0
47,15,0
27,33,0
7,28,0
16,20,0
8,25,0
1,19,0
12,15,0
48,26,0
9,16,0
28,43,0
28,6,0
19,1,0
26,31,0
14,39,0
24,13,0
32,15,0
28,32,0
46,37,0
17,22,0
6,25,0
22,13,0
40,40,0
31,47,0
13,45,0
20,8,0
5,10,0
10,36,0
29,1,0
26,13,0
32,11,0
7,31,0
15,41,0
47,32,0
5,16,0
42,20,0
19,7,0
19,19,0
21,17,0
43,17,0
12,25,0
41,30,0
37,9,0
32,29,0
8,21,0
41,12,0
44,29,0
44,13,0
38,43,0
18,15,0
32,24,0
36,3,0
35,42,0
23,3,0
47,21,0
42,37,0
34,41,0
27,24,0
19,29,0
19,35,0
29,12,0
31,42,0
12,10,0
44,33,0
18,18,0
23,35,0
33,38,0
31,27,0
9,38,0
12,39,0
29,29,0
36,28,0
45,28,0
14,19,0
10,12,0
13,12,0
226,34,1
212,5,1
218,21,1
241,31,1
230,43,1
211,15,1
201,23,1
241,12,1
235,47,1
229,13,1
220,14,1
225,43,1
213,13,1
223,15,1
233,22,1
219,24,1
231,23,1
218,19,1
245,14,1
225,33,1
213,9,1
207,34,1
210,43,1
239,44,1
232,24,1
220,22,1
244,26,1
229,26,1
218,37,1
216,18,1
216,24,1
243,27,1
234,24,1
224,13,1
227,1,1
242,22,1
217,10,1
206,19,1
214,23,1
232,47,1
232,43,1
237,24,1
226,42,1
226,4,1
232,4,1
233,18,1
213,40,1
246,18,1
224,48,1
211,21,1
241,6,1
210,8,1
245,13,1
221,10,1
209,28,1
234,15,1
245,22,1
222,34,1
229,19,1
213,34,1
227,11,1
238,14,1
242,17,1
216,35,1
220,37,1
230,12,1
235,10,1
224,21,1
238,10,1
206,29,1
218,36,1
224,39,1
217,38,1
214,12,1
244,37,1
235,7,1
241,36,1
215,7,1
225,23,1
233,12,1
230,37,1
220,46,1
231,35,1
247,20,1
238,24,1
210,22,1
220,22,1
218,4,1
217,22,1
223,34,1
231,10,1
212,16,1
214,23,1
238,32,1
204,29,1
205,21,1
211,18,1
215,19,1
227,13,1
216,9,1
212,15,1
239,38,1
211,20,1
221,17,1
224,47,1
226,16,1
240,21,1
237,23,1
241,22,1
234,48,1
239,43,1
208,37,1
213,10,1
226,10,1
215,39,1
239,22,1
227,25,1
230,30,1
230,32,1
233,41,1
240,24,1
225,7,1
201,19,1
206,27,1
226,24,1
238,35,1
234,22,1
232,35,1
223,42,1
219,18,1
247,18,1
246,33,1
205,29,1
211,32,1
221,9,1
213,24,1
210,15,1
229,25,1
220,41,1
234,19,1
222,37,1
241,40,1
217,23,1
226,45,1
231,18,1
226,39,1
226,28,1
229,39,1
231,40,1
210,37,1
224,46,1
222,6,1
214,33,1
244,21,1
236,37,1
214,23,1
221,7,1
237,45,1
241,30,1
232,3,1
226,15,1
223,23,1
231,43,1
235,16,1
217,2,1
221,3,1
206,37,1
231,26,1
210,39,1
208,12,1
219,35,1
218,40,1
214,40,1
208,25,1
224,39,1
204,36,1
239,32,1
206,16,1
231,15,1
229,33,1
219,43,1
214,26,1
231,39,1
205,37,1
247,29,1
218,32,1
219,35,1
232,27,1
221,6,1
228,32,1
235,23,1
232,11,1
224,32,1
242,21,1
208,14,1
234,11,1
237,44,1
222,10,1
248,17,1
237,19,1
220,35,1
240,24,1
208,14,1
210,35,1
231,38,1
224,17,1
242,29,1
249,30,1
208,24,1
211,32,1
218,19,1
243,14,1
203,27,1
216,37,1
212,37,1
238,40,1
218,48,1
235,8,1
244,26,1
220,9,1
234,22,1
237,10,1
236,26,1
212,26,1
217,30,1
208,39,1
225,49,1
240,28,1
243,31,1
207,16,1
215,44,1
231,35,1
214,44,1
242,31,1
239,35,1
243,36,1
214,47,1
204,29,1
229,44,1
242,21,1
243,23,1
243,27,1
221,23,1
229,10,1
248,20,1
207,9,1
223,48,1
220,22,1
247,23,1
205,30,1
206,33,1
231,2,1
222,32,1
214,10,1
240,33,1
221,33,1
213,22,1
236,38,1
213,28,1
225,11,1
224,5,1
229,47,1
214,10,1
238,4,1
230,21,1
206,36,1
237,42,1
220,31,1
217,30,1
228,37,1
237,31,1
230,32,1
206,35,1
205,25,1
245,39,1
205,36,1
243,26,1
201,30,1
225,40,1
233,44,1
224,23,1
229,26,1
229,7,1
242,22,1
228,6,1
214,33,1
205,19,1
228,6,1
214,12,1
209,6,1
236,45,1
214,12,1
232,17,1
241,9,1
218,15,1
233,13,1
229,47,1
230,3,1
239,22,1
218,40,1
249,32,1
238,44,1
217,32,1
234,44,1
235,39,1
219,7,1
212,5,1
222,17,1
233,12,1
234,7,1
215,45,1
220,29,1
237,37,1
205,19,1
212,29,1
226,31,1
232,40,1
218,23,1
238,45,1
222,16,1
217,18,1
220,37,1
203,21,1
206,25,1
201,28,1
242,30,1
222,21,1
226,12,1
227,10,1
221,14,1
238,32,1
235,43,1
234,40,1
245,28,1
215,38,1
224,22,1
213,14,1
227,46,1
230,7,1
211,36,1
211,39,1
237,5,1
226,13,1
208,24,1
238,15,1
222,24,1
230,28,1
209,7,1
210,41,1
230,3,1
236,29,1
215,43,1
236,42,1
225,1,1
218,32,1
235,29,1
225,42,1
209,43,1
232,16,1
226,32,1
220,14,1
233,14,1
214,37,1
210,23,1
217,11,1
229,45,1
240,7,1
227,27,1
232,4,1
220,46,1
221,29,1
242,33,1
241,39,1
245,20,1
206,9,1
236,42,1
237,31,1
207,8,1
203,35,1
214,3,1
236,17,1
230,16,1
206,23,1
210,13,1
216,11,1
233,9,1
247,14,1
247,15,1
228,35,1
245,34,1
201,28,1
220,12,1
230,41,1
220,8,1
207,37,1
220,36,1
239,31,1
248,33,1
229,41,1
231,38,1
230,6,1
232,13,1
209,21,1
213,31,1
248,20,1
222,33,1
232,1,1
228,15,1
224,42,1
229,29,1
239,23,1
235,44,1
243,21,1
216,12,1
201,18,1
243,26,1
226,45,1
218,39,1
225,5,1
240,27,1
210,19,1
233,13,1
224,47,1
238,39,1
239,44,1
212,29,1
225,18,1
224,21,1
216,25,1
249,30,1
227,37,1
241,13,1
234,28,1
206,38,1
239,16,1
235,8,1
218,46,1
219,16,1
207,25,1
207,11,1
205,13,1
234,8,1
240,8,1
237,18,1
216,39,1
229,6,1
210,38,1
227,43,1
223,33,1
214,31,1
239,25,1
243,28,1
235,33,1
230,40,1
233,15,1
223,22,1
214,25,1
242,19,1
238,34,1
221,44,1
216,26,1
221,32,1
228,25,1
247,30,1
202,20,1
213,45,1
236,27,1
221,36,1
240,11,1
202,30,1
221,41,1
219,15,1
241,13,1
246,15,1
235,32,1
234,42,1
229,17,1
212,30,1
246,34,1
238,42,1
210,9,1
239,15,1
211,6,1
219,32,1
234,43,1
207,36,1
231,42,1
234,19,1
241,44,1
219,45,1
221,34,1
241,20,1
247,27,1
210,8,1
219,32,1
221,9,1
212,18,1
223,48,1
246,19,1
237,15,1
