32,42,0
7,10,0
29,5,0
28,12,0
23,43,0
45,13,0
25,45,0
25,17,0
37,18,0
17,43,0
7,27,0
24,28,0
43,16,0
40,15,0
8,20,0
14,42,0
40,13,0
20,6,0
11,16,0
44,37,0
28,18,0
30,22,0
1,30,0
21,5,0
39,17,0
6,35,0
44,14,0
13,4,0
30,28,0
29,43,0
38,18,0
12,46,0
41,23,0
36,29,0
12,39,0
39,13,0
10,24,0
41,14,0
28,43,0
15,5,0
33,21,0
9,36,0
41,31,0
38,42,0
19,49,0
32,4,0
22,2,0
36,15,0
36,11,0
16,26,0
42,21,0
11,22,0
37,44,0
34,29,0
10,25,0
9,43,0
16,8,0
41,36,0
30,35,0
29,20,0
22,15,0
17,36,0
20,15,0
23,32,0
18,19,0
38,16,0
14,36,0
35,29,0
40,41,0
37,24,0
13,26,0
11,45,0
14,3,0
28,10,0
20,35,0
49,28,0
16,3,0
22,18,0
9,39,0
30,44,0
37,25,0
49,19,0
32,48,0
10,32,0
16,29,0
29,16,0
23,6,0
46,31,0
13,42,0
22,33,0
25,40,0
40,45,0
45,23,0
33,45,0
12,35,0
45,30,0
21,22,0
29,25,0
20,40,0
27,6,0
15,42,0
28,27,0
19,2,0
16,33,0
44,15,0
7,26,0
19,16,0
25,46,0
42,12,0
22,13,0
25,35,0
11,43,0
24,8,0
19,15,0
42,18,0
21,22,0
40,25,0
29,3,0
37,14,0
6,10,0
6,12,0
17,39,0
12,13,0
36,32,0
41,31,0
33,30,0
21,2,0
30,26,0
24,22,0
32,38,0
34,41,0
9,35,0
9,9,0
33,2,0
16,44,0
37,46,0
13,21,0
24,45,0
27,34,0
38,8,0
47,29,0
30,17,0
27,41,0
24,7,0
11,5,0
30,46,0
24,17,0
31,26,0
22,37,0
37,28,0
9,39,0
36,40,0
17,9,0
2,20,0
48,18,0
24,16,0
3,17,0
2,26,0
9,39,0
35,36,0
14,39,0
47,23,0
7,27,0
21,5,0
13,40,0
30,3,0
24,25,0
12,45,0
30,37,0
19,12,0
10,29,0
23,34,0
13,18,0
24,29,0
44,12,0
14,15,0
35,22,0
23,33,0
10,34,0
34,33,0
1,24,0
23,13,0
35,30,0
31,25,0
47,15,0
46,21,0
9,28,0
37,35,0
45,20,0
36,10,0
15,35,0
40,25,0
30,7,0
4,24,0
16,37,0
13,9,0
34,24,0
21,12,0
23,32,0
35,6,0
40,42,0
22,23,0
36,20,0
28,12,0
27,47,0
30,25,0
26,36,0
11,31,0
49,26,0
17,17,0
31,28,0
26,4,0
30,29,0
33,27,0
32,45,0
8,33,0
8,43,0
39,23,0
20,48,0
32,9,0
26,16,0
31,19,0
6,34,0
9,33,0
24,21,0
27,31,0
29,29,0
33,39,0
31,45,0
23,21,0
22,48,0
9,24,0
12,28,0
36,47,0
21,39,0
41,14,0
35,14,0
27,9,0
22,37,0
26,3,0
36,43,0
11,41,0
4,17,0
10,43,0
10,8,0
2,27,0
7,11,0
24,6,0
19,47,0
19,45,0
39,32,0
34,21,0
20,33,0
47,19,0
16,28,0
28,49,0
33,11,0
21,46,0
2,19,0
19,19,0
21,36,0
43,38,0
28,14,0
28,1,0
5,31,0
20,1,0
26,24,0
31,20,0
30,26,0
22,1,0
2,27,0
47,32,0
14,4,0
19,34,0
17,21,0
35,36,0
26,43,0
12,22,0
31,49,0
34,29,0
30,17,0
25,35,0
31,43,0
3,35,0
8,21,0
31,25,0
21,22,0
18,2,0
20,13,0
21,6,0
42,22,0
38,19,0
28,33,0
21,5,0
30,23,0
21,47,0
27,25,0
15,9,0
18,3,0
39,14,0
5,31,0
25,10,0
37,23,0
35,22,0
12,42,0
32,15,0
36,20,0
19,44,0
28,1,0
44,15,0
22,43,0
37,29,0
27,45,0
42,36,0
26,12,0
34,34,0
28,37,0
17,11,0
9,21,0
33,16,0
38,21,0
5,40,0
44,34,0
9,31,0
12,11,0
19,46,0
47,33,0
6,39,0
32,32,0
43,8,0
23,7,0
3,36,0
47,23,0
32,46,0
47,36,0
33,23,0
31,28,0
25,12,0
43,21,0
15,24,0
21,8,0
38,12,0
20,42,0
41,27,0
21,13,0
5,28,0
49,28,0
44,18,0
40,40,0
46,21,0
13,31,0
13,32,0
9,6,0
29,33,0
20,30,0
2,28,0
10,12,0
20,29,0
32,3,0
15,33,0
43,16,0
31,3,0
17,36,0
31,31,0
20,32,0
47,29,0
20,44,0
32,11,0
10,12,0
7,20,0
14,34,0
34,6,0
33,40,0
5,14,0
31,45,0
24,24,0
39,7,0
10,21,0
26,30,0
38,33,0
30,10,0
30,23,0
46,36,0
10,39,0
28,32,0
28,46,0
20,31,0
6,28,0
13,24,0
39,32,0
32,44,0
21,42,0
44,32,0
30,11,0
5,35,0
49,29,0
41,42,0
39,10,0
24,37,0
17,21,0
35,40,0
30,26,0
33,44,0
27,49,0
13,25,0
43,25,0
8,39,0
16,19,0
36,4,0
3,19,0
12,21,0
32,29,0
33,2,0
10,7,0
13,28,0
36,40,0
8,42,0
26,42,0
18,6,0
16,19,0
32,13,0
5,36,0
27,16,0
6,15,0
31,34,0
17,6,0
12,22,0
16,36,0
40,5,0
13,8,0
11,39,0
43,15,0
28,32,0
22,41,0
16,17,0
13,16,0
47,21,0
22,6,0
8,16,0
34,19,0
22,17,0
19,2,0
32,34,0
32,13,0
24,1,0
41,31,0
40,36,0
9,39,0
38,35,0
4,29,0
16,20,0
26,26,0
16,27,0
45,23,0
2,34,0
9,22,0
26,9,0
31,23,0
22,21,0
8,39,0
9,19,0
21,25,0
24,2,0
20,13,0
46,13,0
36,19,0
29,24,0
6,33,0
4,19,0
16,47,0
29,13,0
30,29,0
47,23,0
35,33,0
6,29,0
8,39,0
19,8,0
35,12,0
38,44,0
41,36,0
26,3,0
3,16,0
33,6,0
35,45,0
14,5,0
12,20,0
24,46,0
23,10,0
38,18,0
34,36,0
22,40,0
23,20,0
41,30,0
25,30,0
17,35,0
9,13,0
35,3,0
31,8,0
22,19,0
3,18,0
221,24,1
233,14,1
231,6,1
221,28,1
220,9,1
202,16,1
219,49,1
225,1,1
222,29,1
238,9,1
232,46,1
235,16,1
243,20,1
235,16,1
228,27,1
230,8,1
220,32,1
218,20,1
225,46,1
212,5,1
238,39,1
222,19,1
234,30,1
220,35,1
209,34,1
235,26,1
247,32,1
244,40,1
215,36,1
229,1,1
246,14,1
245,21,1
204,15,1
218,3,1
244,11,1
238,6,1
208,9,1
226,8,1
235,33,1
249,29,1
235,41,1
219,9,1
233,2,1
229,31,1
231,12,1
224,13,1
226,26,1
242,41,1
231,40,1
235,26,1
228,31,1
231,13,1
241,30,1
214,21,1
249,25,1
207,10,1
219,33,1
233,4,1
235,30,1
217,31,1
232,48,1
241,7,1
203,20,1
207,8,1
205,34,1
207,9,1
227,33,1
213,8,1
243,14,1
245,30,1
232,1,1
234,12,1
245,10,1
222,14,1
241,26,1
220,10,1
239,33,1
213,45,1
212,43,1
240,33,1
240,12,1
242,39,1
234,20,1
221,34,1
207,17,1
221,12,1
222,49,1
233,33,1
224,17,1
203,33,1
248,21,1
245,29,1
243,13,1
235,41,1
211,37,1
231,42,1
208,21,1
218,23,1
228,7,1
241,18,1
201,32,1
220,15,1
211,30,1
217,32,1
219,19,1
240,11,1
238,4,1
226,13,1
206,15,1
218,26,1
219,40,1
238,7,1
224,49,1
237,39,1
228,38,1
245,36,1
232,26,1
225,4,1
227,7,1
231,43,1
235,14,1
240,25,1
217,37,1
245,31,1
210,40,1
204,37,1
230,35,1
228,34,1
216,22,1
233,17,1
236,10,1
209,38,1
207,41,1
235,41,1
241,35,1
244,30,1
212,43,1
243,12,1
214,17,1
225,10,1
221,17,1
223,31,1
212,7,1
231,41,1
222,19,1
218,18,1
227,47,1
216,45,1
243,9,1
227,10,1
217,36,1
232,29,1
229,40,1
223,39,1
244,36,1
210,26,1
229,41,1
248,30,1
216,2,1
219,1,1
239,8,1
218,43,1
206,27,1
202,31,1
247,19,1
230,49,1
246,30,1
235,42,1
230,40,1
202,17,1
232,8,1
221,4,1
232,1,1
246,31,1
237,6,1
221,3,1
239,29,1
218,31,1
208,18,1
237,28,1
243,14,1
203,28,1
243,30,1
207,29,1
215,18,1
246,18,1
235,21,1
210,31,1
205,18,1
225,37,1
226,43,1
220,13,1
208,10,1
247,33,1
212,29,1
211,36,1
230,26,1
221,31,1
233,34,1
212,13,1
203,35,1
218,10,1
231,12,1
239,29,1
207,36,1
245,30,1
219,44,1
235,24,1
236,3,1
228,45,1
205,19,1
236,25,1
206,36,1
230,1,1
215,5,1
245,28,1
226,30,1
231,30,1
234,23,1
205,18,1
217,28,1
205,12,1
218,47,1
235,13,1
228,49,1
229,43,1
218,16,1
203,20,1
226,12,1
242,9,1
213,25,1
244,12,1
225,42,1
210,42,1
240,8,1
207,38,1
208,19,1
227,22,1
217,4,1
226,8,1
243,9,1
208,39,1
233,16,1
231,27,1
226,43,1
204,18,1
241,13,1
241,22,1
221,20,1
233,6,1
240,13,1
216,6,1
246,16,1
241,38,1
210,5,1
228,34,1
207,17,1
238,29,1
240,41,1
201,22,1
236,37,1
245,29,1
216,41,1
219,44,1
242,12,1
227,5,1
240,26,1
233,42,1
244,37,1
223,46,1
212,31,1
215,9,1
207,21,1
231,30,1
239,32,1
241,38,1
216,27,1
215,17,1
235,42,1
226,16,1
240,6,1
245,34,1
224,11,1
217,31,1
220,33,1
247,21,1
227,7,1
225,45,1
241,24,1
223,49,1
244,16,1
236,24,1
219,37,1
239,42,1
209,13,1
215,11,1
203,20,1
249,29,1
229,4,1
236,7,1
242,15,1
205,39,1
202,19,1
239,40,1
211,24,1
246,14,1
208,41,1
227,25,1
224,46,1
221,33,1
244,19,1
226,39,1
212,9,1
214,31,1
225,22,1
218,40,1
235,36,1
231,15,1
235,14,1
214,33,1
225,11,1
240,45,1
242,7,1
236,18,1
221,17,1
210,22,1
213,11,1
234,32,1
226,16,1
227,29,1
221,11,1
232,11,1
228,21,1
214,44,1
217,42,1
240,42,1
225,14,1
248,27,1
217,10,1
217,47,1
208,31,1
237,38,1
215,27,1
228,14,1
222,21,1
221,8,1
234,8,1
246,32,1
232,14,1
214,3,1
208,25,1
203,14,1
239,45,1
211,40,1
217,16,1
212,12,1
221,48,1
205,38,1
240,9,1
213,15,1
217,13,1
234,46,1
226,42,1
249,26,1
229,44,1
227,15,1
218,25,1
229,22,1
214,21,1
222,12,1
206,21,1
213,26,1
219,8,1
245,13,1
225,42,1
219,23,1
229,4,1
226,28,1
248,30,1
217,45,1
241,41,1
221,39,1
217,33,1
227,13,1
207,8,1
236,46,1
243,9,1
230,41,1
231,9,1
233,18,1
224,49,1
221,23,1
226,41,1
227,39,1
201,19,1
227,10,1
235,30,1
231,38,1
224,14,1
219,33,1
220,13,1
225,31,1
210,18,1
210,10,1
223,13,1
210,23,1
211,33,1
235,33,1
210,30,1
226,10,1
209,31,1
237,38,1
222,37,1
223,45,1
240,34,1
230,42,1
238,43,1
214,30,1
232,6,1
202,29,1
209,14,1
227,5,1
223,28,1
218,24,1
205,23,1
210,43,1
215,39,1
239,35,1
221,19,1
221,39,1
243,35,1
225,2,1
236,12,1
223,37,1
212,25,1
226,30,1
219,26,1
222,8,1
212,11,1
243,25,1
242,30,1
249,24,1
241,14,1
231,18,1
217,30,1
206,31,1
226,3,1
244,41,1
225,15,1
211,25,1
214,7,1
211,39,1
245,35,1
225,6,1
217,42,1
220,18,1
204,38,1
223,29,1
220,25,1
228,41,1
219,19,1
247,17,1
215,45,1
206,25,1
208,12,1
232,34,1
217,24,1
232,31,1
243,33,1
219,40,1
247,25,1
246,17,1
244,22,1
239,42,1
225,25,1
242,14,1
218,10,1
219,8,1
244,11,1
225,14,1
237,19,1
225,5,1
233,31,1
204,20,1
228,36,1
217,6,1
242,43,1
231,49,1
215,4,1
240,12,1
220,13,1
212,4,1
237,27,1
211,19,1
237,42,1
214,44,1
206,37,1
243,34,1
242,27,1
214,24,1
