28,39,0
30,22,0
42,28,0
35,22,0
14,3,0
27,21,0
25,29,0
38,9,0
26,20,0
29,12,0
6,18,0
45,35,0
25,25,0
24,16,0
24,40,0
6,38,0
49,24,0
45,28,0
39,34,0
36,28,0
24,46,0
39,27,0
34,35,0
47,32,0
11,26,0
5,30,0
12,23,0
49,30,0
30,28,0
24,6,0
25,33,0
49,18,0
9,9,0
44,23,0
28,21,0
18,38,0
35,41,0
39,45,0
9,39,0
21,28,0
15,30,0
23,36,0
19,34,0
47,24,0
29,46,0
1,19,0
20,15,0
35,11,0
44,29,0
39,16,0
14,11,0
36,24,0
31,27,0
18,42,0
11,12,0
22,9,0
32,38,0
44,20,0
20,48,0
24,30,0
7,34,0
18,42,0
25,37,0
21,32,0
9,43,0
12,27,0
19,16,0
24,35,0
36,37,0
38,43,0
12,5,0
4,34,0
14,6,0
17,17,0
24,22,0
6,10,0
46,23,0
2,27,0
38,12,0
26,48,0
9,34,0
33,18,0
24,18,0
23,36,0
10,5,0
4,27,0
33,41,0
23,45,0
17,7,0
16,18,0
9,11,0
24,41,0
8,13,0
40,5,0
2,20,0
34,44,0
34,3,0
43,25,0
43,23,0
16,43,0
38,44,0
40,29,0
27,10,0
35,46,0
14,46,0
26,7,0
17,34,0
6,31,0
22,33,0
32,5,0
20,14,0
13,31,0
34,34,0
18,18,0
10,10,0
13,19,0
30,40,0
47,35,0
16,15,0
40,38,0
37,10,0
28,27,0
3,19,0
39,13,0
7,25,0
31,5,0
10,40,0
36,31,0
28,14,0
31,19,0
17,20,0
38,42,0
38,18,0
22,12,0
36,13,0
20,47,0
34,28,0
24,44,0
6,25,0
36,40,0
32,15,0
43,24,0
44,10,0
28,44,0
26,44,0
33,32,0
41,16,0
9,41,0
29,36,0
32,32,0
24,6,0
7,29,0
3,25,0
1,25,0
26,35,0
25,22,0
30,9,0
18,46,0
18,44,0
31,36,0
42,29,0
42,36,0
25,15,0
22,40,0
49,27,0
40,8,0
34,28,0
31,2,0
24,16,0
18,42,0
30,14,0
3,18,0
47,24,0
20,14,0
24,36,0
5,31,0
8,37,0
5,16,0
34,22,0
16,30,0
13,34,0
36,18,0
28,8,0
17,47,0
22,13,0
29,1,0
3,24,0
29,3,0
44,40,0
16,25,0
47,29,0
28,17,0
12,8,0
13,25,0
29,19,0
7,11,0
35,39,0
20,38,0
42,16,0
19,8,0
33,45,0
38,26,0
49,32,0
19,8,0
18,38,0
22,37,0
30,16,0
34,9,0
29,45,0
38,4,0
23,12,0
23,21,0
10,8,0
25,36,0
25,38,0
37,16,0
7,25,0
41,35,0
1,32,0
30,42,0
23,29,0
6,14,0
48,16,0
16,8,0
43,14,0
2,30,0
28,18,0
21,20,0
29,22,0
1,30,0
15,7,0
25,12,0
4,13,0
4,17,0
36,29,0
44,22,0
30,11,0
32,11,0
31,35,0
44,28,0
14,19,0
31,35,0
33,27,0
45,32,0
46,36,0
49,31,0
32,13,0
6,21,0
9,36,0
24,30,0
29,3,0
3,14,0
5,39,0
39,29,0
40,32,0
17,18,0
12,44,0
25,34,0
31,13,0
25,1,0
23,46,0
37,45,0
1,27,0
1,27,0
41,23,0
27,19,0
15,47,0
9,14,0
3,31,0
48,25,0
31,41,0
28,8,0
22,44,0
36,23,0
14,28,0
20,1,0
49,31,0
4,27,0
8,25,0
36,28,0
44,21,0
46,36,0
28,8,0
32,20,0
40,40,0
2,21,0
37,27,0
12,22,0
3,24,0
41,17,0
20,26,0
34,37,0
49,26,0
36,28,0
42,28,0
48,33,0
18,40,0
6,26,0
14,9,0
7,9,0
4,23,0
1,27,0
13,42,0
15,30,0
39,7,0
20,48,0
46,30,0
22,18,0
48,33,0
3,22,0
19,22,0
33,22,0
38,40,0
17,34,0
10,14,0
46,35,0
22,24,0
29,21,0
22,21,0
16,14,0
33,13,0
21,13,0
34,8,0
11,25,0
6,9,0
34,28,0
15,47,0
27,9,0
17,37,0
34,48,0
9,6,0
28,6,0
31,46,0
48,33,0
14,43,0
23,46,0
33,8,0
25,40,0
16,16,0
13,18,0
3,32,0
19,7,0
10,18,0
42,26,0
20,3,0
16,45,0
1,29,0
11,37,0
21,37,0
30,9,0
4,23,0
10,14,0
43,10,0
13,6,0
11,44,0
8,17,0
40,31,0
42,11,0
19,41,0
20,35,0
14,20,0
10,32,0
32,6,0
34,33,0
35,32,0
6,31,0
44,24,0
9,24,0
17,34,0
29,36,0
35,10,0
49,29,0
12,6,0
25,46,0
8,23,0
39,33,0
20,16,0
39,14,0
15,16,0
23,40,0
18,4,0
31,45,0
18,1,0
18,44,0
48,20,0
13,5,0
38,30,0
8,13,0
39,32,0
20,14,0
14,46,0
16,28,0
18,7,0
18,22,0
2,34,0
11,27,0
10,45,0
38,19,0
12,43,0
18,21,0
41,35,0
14,18,0
16,2,0
39,42,0
10,12,0
31,34,0
30,9,0
6,39,0
8,28,0
14,14,0
49,27,0
22,24,0
9,19,0
49,31,0
47,21,0
41,20,0
44,32,0
13,37,0
48,18,0
47,36,0
28,29,0
16,23,0
40,24,0
35,15,0
30,11,0
17,22,0
20,22,0
16,13,0
39,6,0
9,20,0
15,35,0
16,16,0
31,5,0
6,40,0
31,41,0
47,25,0
35,23,0
38,41,0
19,15,0
12,15,0
8,29,0
17,27,0
32,34,0
28,35,0
15,34,0
35,42,0
37,26,0
32,6,0
26,20,0
42,36,0
14,34,0
22,7,0
17,47,0
47,29,0
1,26,0
47,16,0
5,20,0
31,37,0
42,38,0
4,27,0
30,7,0
35,33,0
48,18,0
19,12,0
25,32,0
17,39,0
16,20,0
14,12,0
29,48,0
6,14,0
39,42,0
17,45,0
8,41,0
33,35,0
3,29,0
32,47,0
39,5,0
12,30,0
44,18,0
24,48,0
21,1,0
45,34,0
23,44,0
34,26,0
36,41,0
45,18,0
18,4,0
41,13,0
5,21,0
7,28,0
34,42,0
22,10,0
12,28,0
45,18,0
34,3,0
21,39,0
6,30,0
27,48,0
24,40,0
42,26,0
233,9,1
243,42,1
219,27,1
229,9,1
225,3,1
234,18,1
219,38,1
223,37,1
242,29,1
237,34,1
234,41,1
225,20,1
222,15,1
205,33,1
237,45,1
231,43,1
244,31,1
242,22,1
241,20,1
208,13,1
222,47,1
230,23,1
211,32,1
232,28,1
249,24,1
236,18,1
248,33,1
226,36,1
238,23,1
214,29,1
216,16,1
234,27,1
225,21,1
213,34,1
203,15,1
218,7,1
204,16,1
249,24,1
231,37,1
222,38,1
234,34,1
218,43,1
223,9,1
214,26,1
224,31,1
214,31,1
235,43,1
208,17,1
240,24,1
224,28,1
234,20,1
228,43,1
244,16,1
230,15,1
223,10,1
246,29,1
207,32,1
229,31,1
226,21,1
222,3,1
246,33,1
236,12,1
215,8,1
227,4,1
242,21,1
207,9,1
236,6,1
237,34,1
235,27,1
212,17,1
236,19,1
225,39,1
243,22,1
218,22,1
240,17,1
201,28,1
213,24,1
230,33,1
230,48,1
201,32,1
226,3,1
212,18,1
244,17,1
205,26,1
227,14,1
232,37,1
232,18,1
221,44,1
221,45,1
225,26,1
240,28,1
232,8,1
244,12,1
238,11,1
215,27,1
219,12,1
216,42,1
237,10,1
235,28,1
207,34,1
243,21,1
222,11,1
220,20,1
228,3,1
222,49,1
209,24,1
206,15,1
227,37,1
235,45,1
201,19,1
211,33,1
232,26,1
228,29,1
229,41,1
237,26,1
246,25,1
238,42,1
243,12,1
214,5,1
238,41,1
204,37,1
229,11,1
227,22,1
249,28,1
230,35,1
238,22,1
203,32,1
219,3,1
211,36,1
235,34,1
212,34,1
231,6,1
213,34,1
226,5,1
215,40,1
240,5,1
236,35,1
231,2,1
233,44,1
234,27,1
246,24,1
217,6,1
208,33,1
227,17,1
220,33,1
207,30,1
212,42,1
227,40,1
244,37,1
214,11,1
244,27,1
243,25,1
219,34,1
219,12,1
244,24,1
236,45,1
216,46,1
234,6,1
229,19,1
241,6,1
218,29,1
244,34,1
245,26,1
239,16,1
219,4,1
224,35,1
222,42,1
234,45,1
212,40,1
238,27,1
229,42,1
221,43,1
211,32,1
223,36,1
233,34,1
233,47,1
242,13,1
233,37,1
226,14,1
226,14,1
208,8,1
221,12,1
243,17,1
231,29,1
233,25,1
232,25,1
230,12,1
210,13,1
241,23,1
225,31,1
208,38,1
219,2,1
228,9,1
227,45,1
221,19,1
218,30,1
242,39,1
236,21,1
239,5,1
236,19,1
227,4,1
227,42,1
217,25,1
219,4,1
235,28,1
239,31,1
229,36,1
224,5,1
237,46,1
239,29,1
229,24,1
231,47,1
234,8,1
240,7,1
208,38,1
217,42,1
235,35,1
206,41,1
213,36,1
241,26,1
238,15,1
246,36,1
226,28,1
221,46,1
213,33,1
206,11,1
224,39,1
211,31,1
208,35,1
207,34,1
233,38,1
232,18,1
239,23,1
231,18,1
207,35,1
243,33,1
235,27,1
218,39,1
224,13,1
247,17,1
205,26,1
229,8,1
217,25,1
217,13,1
228,46,1
210,6,1
229,13,1
201,24,1
223,47,1
229,28,1
248,27,1
240,21,1
232,8,1
233,7,1
211,31,1
206,27,1
246,34,1
226,17,1
216,23,1
221,32,1
204,25,1
240,6,1
249,30,1
217,4,1
213,24,1
219,4,1
208,43,1
232,31,1
208,8,1
212,5,1
222,22,1
208,19,1
231,1,1
223,5,1
237,8,1
239,8,1
228,1,1
233,17,1
242,40,1
244,41,1
242,8,1
214,46,1
242,8,1
243,42,1
222,8,1
207,10,1
246,20,1
219,2,1
220,39,1
214,10,1
227,7,1
217,30,1
225,2,1
217,25,1
205,34,1
212,12,1
225,20,1
224,5,1
216,48,1
210,25,1
248,29,1
208,22,1
238,36,1
222,49,1
237,27,1
220,35,1
212,44,1
232,27,1
240,19,1
211,21,1
239,5,1
244,27,1
205,32,1
222,42,1
238,22,1
238,30,1
206,29,1
204,35,1
210,26,1
215,24,1
235,42,1
227,6,1
233,26,1
240,12,1
242,41,1
222,40,1
237,45,1
248,23,1
208,10,1
238,16,1
205,22,1
232,43,1
222,6,1
207,20,1
219,36,1
227,1,1
226,28,1
227,37,1
241,37,1
215,9,1
215,35,1
214,42,1
210,20,1
239,42,1
245,11,1
234,12,1
237,45,1
208,11,1
224,37,1
239,18,1
203,20,1
202,24,1
245,38,1
231,39,1
241,17,1
246,16,1
223,22,1
223,49,1
210,42,1
219,45,1
211,43,1
234,2,1
237,18,1
227,8,1
220,31,1
245,30,1
236,40,1
243,26,1
218,17,1
206,21,1
241,16,1
227,24,1
200,25,1
228,22,1
239,36,1
205,35,1
246,38,1
248,29,1
220,12,1
222,6,1
245,16,1
211,10,1
202,21,1
205,15,1
208,17,1
222,15,1
218,46,1
225,24,1
245,28,1
222,2,1
218,10,1
227,38,1
227,1,1
226,37,1
227,40,1
215,38,1
223,36,1
225,45,1
232,8,1
237,35,1
246,38,1
213,15,1
237,7,1
233,44,1
229,20,1
226,5,1
247,18,1
219,7,1
231,29,1
221,37,1
210,17,1
225,18,1
207,38,1
226,13,1
235,41,1
233,22,1
226,7,1
237,23,1
235,19,1
243,32,1
202,19,1
234,31,1
233,23,1
238,35,1
231,47,1
246,14,1
227,41,1
244,21,1
219,43,1
213,17,1
203,24,1
245,28,1
237,39,1
219,46,1
217,44,1
235,40,1
229,25,1
245,24,1
234,32,1
220,43,1
217,29,1
207,16,1
230,4,1
214,25,1
241,43,1
226,37,1
223,47,1
242,31,1
230,2,1
233,27,1
206,13,1
235,4,1
217,44,1
208,28,1
239,34,1
237,37,1
206,37,1
229,46,1
216,16,1
216,26,1
213,21,1
241,19,1
233,46,1
218,10,1
234,15,1
245,37,1
244,19,1
229,47,1
237,26,1
241,38,1
216,6,1
234,30,1
249,27,1
224,23,1
238,33,1
202,27,1
231,33,1
207,10,1
212,13,1
206,41,1
223,39,1
205,27,1
219,32,1
222,35,1
236,21,1
232,15,1
230,25,1
233,44,1
225,5,1
231,2,1
219,4,1
207,11,1
239,22,1
249,31,1
218,11,1
241,44,1
239,27,1
213,5,1
213,7,1
223,8,1
