40,25,0
42,24,0
22,45,0
38,31,0
23,30,0
40,45,0
33,9,0
28,26,0
26,26,0
26,32,0
31,7,0
36,15,0
8,11,0
22,22,0
30,6,0
13,38,0
7,34,0
35,17,0
17,33,0
40,32,0
18,48,0
41,44,0
43,41,0
37,11,0
1,32,0
20,45,0
23,33,0
27,34,0
15,33,0
31,4,0
18,22,0
16,42,0
9,39,0
37,39,0
24,23,0
22,15,0
28,31,0
35,45,0
16,9,0
26,35,0
19,32,0
32,3,0
9,14,0
31,16,0
31,5,0
3,18,0
16,48,0
17,44,0
31,46,0
18,42,0
25,31,0
9,31,0
7,34,0
28,34,0
45,12,0
38,38,0
12,28,0
4,26,0
30,47,0
17,32,0
2,25,0
30,13,0
14,14,0
10,18,0
13,41,0
29,14,0
31,26,0
11,39,0
18,44,0
4,29,0
41,28,0
34,17,0
20,16,0
42,16,0
4,36,0
46,26,0
20,46,0
40,23,0
40,28,0
41,41,0
15,28,0
39,32,0
49,22,0
44,36,0
19,35,0
12,36,0
26,40,0
7,25,0
36,43,0
32,34,0
24,15,0
7,10,0
12,16,0
11,15,0
27,11,0
29,11,0
8,18,0
48,27,0
8,22,0
27,16,0
22,26,0
20,36,0
18,15,0
23,40,0
34,42,0
27,29,0
42,20,0
37,7,0
36,28,0
42,10,0
48,17,0
15,22,0
7,9,0
37,24,0
38,24,0
37,35,0
47,18,0
48,23,0
42,22,0
36,16,0
17,10,0
19,6,0
21,32,0
16,11,0
29,48,0
32,42,0
24,11,0
23,19,0
44,28,0
8,36,0
24,23,0
35,40,0
16,44,0
33,39,0
34,7,0
11,45,0
40,26,0
30,8,0
18,39,0
49,21,0
26,1,0
8,9,0
7,29,0
42,39,0
31,4,0
27,46,0
30,8,0
32,23,0
43,8,0
24,23,0
30,25,0
39,35,0
19,49,0
23,17,0
2,30,0
8,23,0
5,15,0
16,15,0
31,4,0
25,11,0
11,45,0
4,27,0
20,2,0
25,20,0
20,28,0
16,20,0
9,35,0
14,5,0
32,30,0
34,20,0
17,20,0
23,47,0
45,26,0
17,15,0
38,45,0
29,30,0
33,15,0
24,38,0
40,25,0
10,35,0
9,17,0
44,24,0
14,47,0
16,32,0
20,34,0
13,22,0
38,9,0
34,31,0
42,16,0
37,46,0
36,6,0
40,43,0
15,4,0
18,35,0
22,24,0
26,37,0
27,38,0
34,31,0
39,8,0
3,24,0
5,10,0
30,31,0
12,26,0
6,36,0
31,23,0
13,14,0
30,1,0
9,14,0
17,24,0
7,34,0
32,16,0
4,33,0
20,38,0
10,30,0
35,35,0
15,39,0
3,16,0
23,30,0
20,40,0
14,14,0
36,20,0
6,40,0
11,19,0
15,44,0
32,11,0
38,4,0
38,29,0
32,32,0
32,4,0
39,16,0
43,42,0
10,7,0
24,14,0
11,17,0
17,47,0
16,42,0
25,28,0
16,10,0
22,27,0
45,39,0
44,13,0
41,42,0
40,32,0
10,44,0
5,16,0
15,4,0
24,19,0
18,40,0
22,12,0
19,17,0
42,39,0
33,33,0
42,13,0
25,25,0
24,48,0
41,24,0
13,25,0
40,12,0
43,29,0
2,19,0
18,43,0
39,44,0
3,21,0
16,33,0
34,44,0
38,11,0
44,18,0
25,42,0
21,9,0
30,18,0
4,22,0
25,16,0
26,11,0
3,35,0
45,23,0
20,14,0
7,24,0
17,30,0
20,33,0
42,32,0
19,22,0
37,10,0
40,45,0
47,22,0
11,30,0
11,45,0
23,8,0
30,47,0
10,10,0
10,26,0
45,20,0
11,32,0
19,16,0
21,6,0
42,20,0
9,36,0
14,37,0
46,32,0
37,43,0
25,35,0
9,28,0
23,13,0
3,27,0
31,26,0
22,17,0
42,38,0
6,39,0
39,40,0
6,12,0
16,39,0
7,11,0
46,31,0
5,34,0
23,1,0
22,11,0
11,24,0
35,16,0
40,17,0
25,15,0
44,41,0
35,25,0
37,10,0
33,23,0
29,33,0
40,6,0
16,26,0
15,40,0
38,13,0
37,27,0
9,27,0
22,4,0
12,17,0
42,11,0
18,33,0
44,33,0
1,24,0
22,17,0
19,33,0
27,6,0
38,6,0
41,37,0
24,26,0
16,21,0
6,12,0
4,32,0
16,9,0
29,11,0
2,24,0
4,34,0
21,35,0
33,38,0
19,45,0
32,44,0
21,26,0
4,27,0
25,8,0
41,25,0
14,3,0
18,21,0
45,31,0
29,28,0
47,18,0
25,36,0
45,10,0
5,17,0
13,42,0
36,42,0
36,11,0
30,2,0
16,22,0
9,39,0
20,36,0
6,28,0
28,23,0
37,10,0
45,13,0
34,32,0
7,15,0
7,19,0
8,17,0
14,3,0
23,34,0
22,21,0
34,34,0
5,26,0
12,41,0
20,29,0
43,20,0
30,27,0
39,13,0
35,18,0
17,15,0
20,5,0
30,25,0
35,32,0
27,19,0
16,24,0
32,36,0
45,24,0
8,34,0
16,7,0
26,1,0
37,8,0
38,30,0
37,44,0
25,16,0
4,18,0
38,45,0
2,33,0
9,42,0
49,18,0
12,39,0
12,20,0
37,43,0
29,34,0
5,29,0
34,3,0
24,4,0
24,46,0
4,32,0
30,42,0
1,22,0
36,17,0
29,42,0
16,19,0
19,18,0
7,27,0
18,43,0
44,28,0
30,24,0
30,30,0
36,13,0
10,9,0
23,7,0
3,19,0
24,7,0
31,17,0
24,47,0
26,6,0
35,19,0
31,46,0
36,45,0
9,20,0
6,12,0
7,25,0
6,16,0
36,43,0
20,48,0
1,23,0
36,46,0
27,38,0
37,6,0
18,14,0
47,25,0
13,27,0
39,18,0
23,14,0
39,9,0
11,33,0
23,45,0
21,7,0
34,15,0
47,17,0
43,17,0
12,20,0
23,22,0
13,21,0
46,34,0
11,14,0
40,39,0
49,32,0
42,43,0
24,22,0
49,24,0
23,45,0
12,10,0
5,38,0
5,17,0
24,23,0
38,44,0
15,42,0
39,34,0
5,31,0
8,8,0
18,27,0
23,48,0
35,33,0
16,18,0
26,8,0
26,46,0
13,30,0
16,47,0
47,32,0
28,21,0
11,12,0
15,41,0
35,9,0
18,10,0
26,7,0
32,8,0
225,41,1
220,33,1
213,23,1
226,21,1
225,22,1
245,27,1
207,10,1
238,12,1
233,35,1
216,35,1
238,11,1
209,12,1
236,27,1
208,11,1
231,7,1
231,36,1
229,43,1
208,17,1
248,19,1
212,10,1
214,11,1
225,46,1
232,38,1
214,32,1
203,15,1
214,45,1
214,11,1
232,3,1
205,14,1
215,19,1
230,44,1
222,27,1
222,6,1
214,46,1
245,37,1
223,23,1
235,7,1
212,43,1
245,31,1
211,8,1
206,38,1
212,18,1
205,33,1
225,50,1
207,39,1
217,14,1
240,20,1
232,2,1
227,44,1
245,22,1
233,8,1
236,22,1
232,13,1
207,13,1
228,13,1
236,32,1
233,22,1
238,25,1
214,19,1
239,14,1
237,12,1
227,37,1
209,9,1
220,18,1
234,15,1
231,14,1
209,31,1
225,18,1
236,26,1
225,25,1
246,13,1
233,4,1
216,22,1
224,48,1
240,43,1
238,28,1
201,24,1
223,24,1
215,6,1
234,39,1
211,13,1
205,21,1
218,37,1
216,46,1
244,17,1
217,19,1
207,30,1
230,8,1
230,38,1
215,41,1
232,10,1
229,39,1
231,13,1
240,28,1
201,28,1
244,11,1
229,34,1
209,26,1
236,28,1
219,37,1
216,22,1
216,30,1
236,35,1
212,17,1
239,7,1
244,10,1
226,30,1
243,20,1
229,31,1
238,10,1
243,32,1
230,41,1
246,29,1
230,40,1
239,41,1
238,43,1
219,27,1
246,27,1
243,34,1
241,35,1
239,34,1
219,13,1
220,44,1
244,9,1
220,17,1
214,19,1
230,2,1
232,11,1
246,35,1
220,9,1
239,17,1
223,48,1
212,42,1
233,27,1
218,40,1
227,34,1
212,13,1
204,27,1
219,44,1
206,11,1
239,37,1
219,34,1
222,45,1
210,16,1
201,28,1
229,14,1
219,40,1
219,20,1
220,6,1
212,24,1
218,18,1
235,21,1
230,46,1
246,18,1
217,42,1
235,5,1
223,47,1
222,15,1
213,37,1
236,47,1
249,24,1
223,23,1
222,46,1
241,9,1
235,36,1
242,11,1
232,2,1
220,37,1
239,36,1
225,44,1
203,22,1
232,41,1
218,18,1
207,30,1
208,24,1
215,15,1
231,9,1
215,27,1
224,30,1
232,41,1
221,8,1
240,16,1
210,24,1
236,21,1
209,11,1
239,40,1
219,17,1
216,17,1
225,33,1
211,12,1
224,26,1
235,45,1
206,23,1
210,12,1
217,43,1
240,40,1
227,16,1
232,43,1
219,5,1
206,33,1
204,15,1
217,8,1
230,13,1
230,19,1
226,17,1
220,6,1
245,11,1
246,35,1
228,13,1
223,17,1
211,13,1
237,20,1
244,31,1
219,46,1
243,31,1
237,39,1
216,25,1
220,33,1
214,22,1
206,26,1
221,39,1
249,20,1
223,14,1
240,7,1
216,48,1
234,14,1
217,6,1
224,16,1
230,13,1
235,3,1
220,10,1
212,46,1
238,38,1
238,28,1
220,12,1
242,12,1
201,19,1
243,33,1
230,13,1
217,30,1
220,27,1
213,30,1
236,22,1
223,10,1
222,4,1
231,46,1
221,49,1
235,11,1
243,26,1
215,47,1
230,36,1
210,9,1
227,32,1
241,28,1
219,4,1
244,30,1
229,29,1
242,39,1
243,28,1
226,4,1
238,27,1
215,47,1
214,7,1
210,38,1
236,32,1
239,24,1
211,38,1
205,22,1
240,19,1
243,18,1
217,38,1
224,1,1
235,26,1
204,26,1
240,36,1
229,23,1
233,38,1
217,29,1
220,33,1
239,31,1
238,40,1
219,43,1
207,42,1
242,38,1
239,28,1
229,14,1
232,9,1
236,22,1
221,11,1
216,20,1
221,22,1
227,37,1
229,43,1
247,21,1
207,26,1
216,30,1
236,15,1
244,11,1
226,36,1
208,30,1
246,20,1
224,47,1
236,30,1
222,39,1
236,26,1
222,32,1
236,36,1
228,5,1
245,34,1
246,32,1
244,20,1
229,23,1
219,2,1
218,18,1
225,25,1
217,15,1
248,26,1
221,41,1
238,23,1
216,44,1
205,11,1
227,44,1
228,37,1
227,45,1
224,37,1
208,37,1
215,47,1
214,13,1
244,15,1
202,33,1
225,32,1
240,41,1
240,10,1
219,10,1
234,19,1
214,18,1
223,30,1
228,17,1
227,18,1
224,17,1
239,43,1
240,17,1
207,31,1
233,48,1
234,46,1
215,21,1
240,39,1
231,31,1
213,7,1
233,17,1
214,46,1
228,38,1
236,10,1
234,23,1
242,31,1
241,36,1
225,50,1
207,30,1
221,17,1
220,17,1
245,16,1
204,32,1
244,26,1
231,30,1
231,37,1
246,12,1
212,45,1
220,46,1
236,23,1
206,25,1
247,30,1
208,18,1
219,9,1
238,34,1
235,39,1
238,18,1
243,33,1
225,46,1
210,31,1
204,27,1
209,36,1
236,47,1
213,27,1
214,30,1
208,29,1
223,7,1
214,5,1
239,22,1
236,12,1
236,45,1
227,1,1
217,38,1
219,14,1
217,19,1
216,44,1
234,41,1
220,42,1
234,43,1
239,44,1
230,42,1
216,45,1
235,32,1
230,23,1
219,49,1
231,9,1
237,10,1
240,29,1
224,35,1
207,29,1
234,13,1
238,38,1
215,8,1
242,20,1
235,9,1
215,23,1
230,22,1
242,43,1
214,34,1
230,19,1
214,4,1
231,33,1
224,35,1
214,11,1
202,16,1
216,26,1
215,13,1
216,17,1
226,35,1
219,15,1
242,37,1
216,44,1
228,20,1
229,22,1
228,8,1
213,35,1
232,3,1
219,41,1
227,24,1
217,8,1
245,13,1
222,10,1
239,14,1
224,23,1
222,19,1
219,48,1
237,21,1
217,5,1
230,49,1
238,38,1
211,7,1
211,20,1
214,38,1
207,26,1
226,4,1
239,44,1
248,27,1
231,7,1
232,43,1
204,19,1
218,29,1
216,46,1
225,32,1
230,25,1
222,4,1
237,26,1
242,35,1
227,34,1
215,18,1
216,14,1
233,42,1
215,9,1
232,43,1
236,46,1
219,41,1
245,20,1
212,5,1
235,40,1
223,29,1
238,28,1
221,12,1
234,8,1
231,36,1
232,21,1
212,20,1
208,32,1
216,40,1
237,45,1
211,42,1
220,30,1
249,25,1
208,7,1
203,29,1
216,9,1
230,22,1
214,17,1
236,8,1
210,11,1
235,4,1
244,10,1
230,1,1
