33,17,0
21,16,0
34,39,0
38,25,0
35,40,0
13,10,0
48,17,0
11,30,0
49,32,0
34,31,0
16,5,0
7,39,0
12,41,0
7,18,0
9,35,0
20,28,0
34,27,0
40,30,0
27,10,0
31,20,0
44,16,0
27,4,0
27,1,0
16,17,0
32,38,0
39,32,0
15,6,0
26,29,0
17,18,0
13,37,0
11,20,0
20,18,0
29,8,0
16,42,0
40,39,0
19,21,0
45,33,0
25,6,0
39,28,0
29,5,0
39,30,0
24,10,0
33,45,0
32,31,0
29,25,0
40,40,0
6,11,0
30,10,0
24,48,0
48,16,0
5,33,0
41,24,0
33,25,0
15,37,0
27,39,0
13,29,0
3,25,0
30,16,0
42,31,0
23,38,0
20,45,0
28,26,0
23,2,0
3,36,0
36,38,0
15,47,0
14,30,0
25,44,0
25,27,0
32,45,0
28,23,0
40,44,0
23,21,0
11,40,0
19,34,0
34,29,0
10,27,0
37,4,0
35,29,0
13,5,0
19,40,0
42,18,0
25,31,0
36,36,0
24,9,0
8,29,0
7,41,0
41,36,0
43,20,0
14,15,0
7,16,0
37,17,0
44,9,0
14,20,0
38,26,0
48,27,0
35,29,0
38,11,0
28,48,0
8,43,0
28,36,0
20,18,0
9,21,0
44,26,0
34,2,0
39,20,0
4,16,0
11,10,0
31,41,0
33,43,0
42,9,0
26,35,0
28,45,0
34,40,0
7,19,0
15,41,0
21,9,0
17,37,0
16,9,0
48,23,0
18,49,0
22,33,0
9,9,0
46,25,0
2,29,0
18,18,0
29,17,0
35,15,0
47,36,0
42,25,0
49,23,0
5,32,0
28,35,0
46,20,0
16,41,0
20,37,0
29,14,0
30,20,0
7,28,0
12,42,0
35,34,0
23,28,0
14,34,0
43,13,0
4,12,0
14,28,0
3,29,0
11,44,0
19,9,0
42,36,0
32,7,0
17,35,0
19,43,0
5,34,0
14,36,0
3,32,0
24,27,0
11,35,0
2,23,0
18,18,0
22,14,0
35,23,0
30,10,0
4,38,0
17,15,0
14,20,0
16,28,0
17,33,0
18,32,0
25,8,0
2,24,0
48,17,0
3,35,0
21,34,0
36,7,0
14,33,0
32,48,0
30,15,0
36,24,0
9,34,0
41,6,0
23,33,0
26,36,0
9,15,0
21,27,0
32,14,0
43,27,0
14,41,0
34,18,0
22,6,0
46,21,0
27,27,0
19,32,0
48,26,0
18,11,0
28,48,0
6,16,0
25,6,0
24,15,0
5,29,0
20,21,0
28,19,0
45,34,0
20,5,0
5,35,0
14,19,0
19,29,0
7,32,0
23,42,0
42,19,0
31,39,0
34,17,0
19,42,0
35,12,0
40,9,0
15,23,0
36,39,0
26,49,0
29,5,0
23,3,0
13,23,0
31,20,0
36,15,0
10,26,0
10,36,0
34,13,0
14,36,0
18,21,0
28,9,0
19,32,0
20,47,0
19,44,0
33,27,0
8,35,0
7,18,0
38,29,0
11,20,0
22,11,0
47,20,0
43,13,0
30,18,0
16,29,0
22,33,0
37,11,0
35,5,0
43,25,0
46,27,0
5,23,0
31,11,0
13,9,0
22,14,0
48,32,0
28,31,0
34,27,0
28,23,0
19,14,0
11,27,0
38,31,0
20,11,0
2,21,0
19,28,0
5,16,0
18,34,0
35,45,0
19,1,0
32,31,0
26,42,0
26,17,0
40,36,0
12,17,0
33,4,0
21,38,0
36,28,0
45,25,0
47,21,0
32,9,0
46,18,0
23,34,0
13,40,0
41,11,0
24,33,0
37,44,0
18,4,0
16,18,0
47,21,0
3,23,0
39,27,0
13,6,0
17,10,0
42,30,0
31,4,0
4,16,0
28,39,0
21,38,0
41,25,0
15,12,0
4,38,0
25,10,0
41,20,0
6,27,0
42,34,0
42,35,0
10,18,0
47,34,0
21,18,0
10,45,0
47,29,0
30,41,0
1,25,0
39,41,0
44,9,0
13,22,0
36,28,0
5,21,0
3,18,0
16,38,0
40,34,0
17,7,0
9,8,0
10,19,0
10,40,0
29,27,0
36,28,0
27,16,0
6,15,0
39,9,0
27,9,0
30,11,0
46,28,0
40,42,0
49,28,0
25,16,0
34,2,0
20,43,0
10,9,0
19,47,0
32,17,0
32,6,0
20,36,0
6,13,0
28,17,0
27,34,0
36,16,0
35,22,0
29,35,0
3,27,0
17,26,0
21,12,0
32,39,0
13,35,0
15,33,0
37,29,0
26,44,0
32,36,0
19,48,0
27,14,0
16,34,0
22,36,0
34,32,0
14,16,0
16,23,0
24,2,0
21,16,0
13,21,0
35,16,0
18,48,0
35,7,0
23,16,0
20,40,0
40,39,0
11,31,0
3,17,0
16,24,0
16,15,0
29,35,0
29,20,0
40,29,0
25,22,0
38,25,0
25,26,0
3,20,0
40,15,0
19,3,0
40,31,0
14,4,0
21,33,0
21,30,0
16,37,0
3,14,0
46,36,0
29,16,0
34,7,0
10,5,0
15,11,0
12,32,0
30,2,0
36,26,0
34,37,0
39,21,0
14,15,0
23,10,0
17,30,0
41,17,0
19,33,0
6,39,0
45,22,0
8,31,0
20,8,0
14,34,0
20,26,0
20,8,0
31,5,0
22,38,0
10,13,0
10,27,0
40,8,0
41,42,0
22,1,0
28,9,0
19,11,0
29,1,0
10,44,0
32,42,0
37,44,0
22,30,0
35,44,0
23,29,0
35,5,0
32,19,0
3,34,0
33,38,0
7,31,0
43,17,0
14,29,0
30,5,0
28,39,0
10,19,0
38,41,0
12,46,0
16,15,0
29,25,0
29,43,0
35,35,0
37,6,0
22,16,0
27,30,0
12,7,0
6,18,0
33,38,0
10,19,0
32,44,0
16,45,0
12,40,0
39,38,0
37,6,0
29,35,0
24,17,0
24,35,0
11,27,0
44,28,0
16,17,0
16,19,0
10,24,0
6,36,0
10,35,0
34,48,0
32,26,0
8,39,0
17,13,0
18,37,0
14,3,0
18,14,0
19,13,0
37,32,0
49,21,0
30,26,0
25,39,0
18,41,0
46,29,0
2,26,0
29,45,0
39,10,0
24,9,0
11,32,0
21,38,0
34,16,0
13,35,0
41,33,0
14,43,0
30,33,0
28,13,0
34,38,0
26,25,0
33,28,0
19,26,0
15,44,0
15,5,0
47,33,0
27,20,0
25,44,0
209,24,1
209,15,1
208,49,1
232,27,1
234,27,1
193,22,1
210,2,1
196,14,1
222,45,1
222,7,1
204,25,1
238,17,1
191,24,1
206,7,1
229,42,1
210,32,1
225,13,1
229,35,1
204,29,1
237,35,1
199,20,1
197,35,1
226,35,1
227,44,1
209,16,1
221,26,1
214,49,1
227,44,1
239,27,1
193,28,1
222,39,1
229,26,1
235,20,1
216,43,1
214,10,1
221,43,1
222,48,1
233,32,1
230,16,1
214,43,1
211,48,1
208,29,1
221,14,1
207,5,1
194,25,1
210,27,1
196,12,1
207,25,1
214,41,1
211,37,1
209,3,1
197,17,1
211,29,1
233,42,1
231,22,1
196,9,1
211,5,1
209,13,1
223,16,1
198,7,1
204,31,1
218,45,1
220,48,1
201,12,1
215,7,1
197,11,1
227,43,1
204,42,1
208,49,1
210,6,1
222,41,1
198,11,1
208,41,1
230,34,1
227,27,1
227,7,1
221,2,1
207,18,1
196,22,1
226,13,1
232,27,1
229,40,1
197,37,1
202,21,1
229,28,1
209,35,1
228,36,1
215,2,1
238,26,1
230,37,1
229,45,1
203,21,1
233,15,1
207,33,1
232,43,1
227,24,1
197,29,1
217,11,1
216,4,1
221,42,1
227,30,1
222,6,1
213,6,1
218,14,1
221,40,1
201,24,1
216,28,1
201,10,1
216,44,1
193,24,1
215,11,1
233,27,1
198,37,1
236,15,1
205,6,1
223,11,1
218,4,1
234,27,1
205,35,1
224,34,1
226,11,1
211,2,1
219,1,1
201,22,1
214,26,1
235,29,1
230,44,1
228,33,1
236,25,1
219,29,1
231,33,1
233,23,1
198,31,1
200,19,1
228,21,1
194,14,1
230,45,1
235,27,1
223,9,1
206,48,1
218,27,1
213,18,1
233,36,1
215,3,1
230,22,1
208,4,1
197,22,1
216,37,1
204,26,1
201,9,1
207,44,1
199,39,1
232,18,1
214,26,1
231,41,1
219,10,1
231,29,1
236,25,1
204,43,1
212,11,1
221,20,1
201,38,1
217,46,1
212,32,1
206,39,1
226,3,1
228,14,1
233,11,1
224,26,1
203,23,1
193,23,1
216,17,1
198,26,1
228,30,1
224,13,1
216,9,1
215,37,1
213,35,1
223,46,1
220,13,1
220,4,1
223,17,1
218,48,1
207,21,1
206,21,1
222,26,1
205,13,1
231,42,1
217,41,1
230,43,1
232,18,1
226,47,1
203,19,1
227,15,1
205,3,1
214,2,1
217,15,1
236,12,1
197,42,1
206,22,1
201,25,1
194,22,1
229,5,1
222,33,1
233,23,1
227,39,1
223,47,1
222,24,1
201,10,1
232,40,1
224,17,1
201,14,1
223,43,1
236,14,1
231,30,1
199,14,1
211,34,1
234,10,1
215,28,1
223,5,1
225,37,1
216,40,1
216,9,1
231,35,1
226,28,1
236,30,1
220,34,1
208,5,1
208,36,1
207,33,1
209,36,1
208,34,1
239,29,1
203,42,1
204,12,1
208,8,1
204,41,1
219,43,1
233,12,1
226,9,1
223,28,1
209,6,1
232,12,1
198,26,1
223,37,1
216,4,1
224,17,1
210,1,1
227,8,1
215,41,1
219,12,1
228,16,1
230,8,1
199,10,1
218,16,1
197,12,1
208,43,1
195,26,1
231,34,1
223,23,1
221,26,1
206,7,1
200,10,1
203,11,1
206,6,1
194,24,1
213,14,1
194,19,1
210,42,1
212,39,1
217,3,1
217,16,1
201,40,1
207,21,1
194,12,1
207,27,1
209,33,1
231,13,1
226,27,1
225,33,1
202,20,1
229,29,1
216,27,1
207,39,1
200,32,1
199,8,1
232,10,1
200,19,1
206,33,1
224,10,1
222,15,1
236,38,1
231,27,1
211,25,1
201,29,1
215,12,1
219,16,1
208,43,1
234,17,1
209,31,1
208,11,1
201,26,1
231,14,1
230,23,1
212,32,1
203,21,1
229,38,1
211,29,1
222,15,1
218,17,1
205,24,1
230,32,1
199,41,1
228,30,1
203,36,1
214,47,1
229,18,1
215,30,1
214,7,1
221,16,1
212,13,1
213,48,1
236,25,1
226,29,1
198,12,1
222,18,1
213,26,1
223,14,1
216,30,1
198,11,1
216,48,1
229,29,1
218,36,1
217,25,1
196,16,1
201,20,1
228,41,1
238,25,1
213,36,1
229,22,1
231,27,1
213,16,1
224,29,1
238,33,1
211,31,1
229,14,1
231,44,1
233,28,1
220,29,1
238,28,1
214,45,1
237,35,1
199,19,1
216,36,1
223,13,1
200,32,1
197,34,1
196,24,1
198,13,1
220,9,1
212,46,1
237,27,1
198,7,1
203,8,1
205,23,1
224,35,1
218,49,1
198,24,1
210,27,1
223,27,1
214,39,1
226,40,1
205,9,1
226,3,1
236,20,1
224,24,1
221,45,1
229,18,1
227,34,1
225,11,1
207,18,1
207,17,1
199,26,1
229,6,1
200,39,1
192,17,1
206,10,1
233,40,1
207,45,1
212,7,1
197,10,1
233,22,1
222,47,1
201,42,1
203,28,1
235,37,1
204,12,1
213,27,1
226,29,1
210,23,1
229,10,1
213,19,1
192,18,1
202,42,1
222,5,1
235,27,1
197,11,1
216,33,1
227,19,1
207,35,1
223,29,1
222,22,1
211,35,1
193,33,1
215,14,1
218,34,1
231,32,1
197,25,1
217,43,1
217,36,1
197,10,1
198,18,1
217,47,1
205,21,1
202,5,1
220,6,1
218,14,1
231,19,1
203,15,1
195,35,1
227,44,1
229,17,1
230,19,1
204,4,1
193,30,1
237,24,1
226,8,1
227,8,1
227,9,1
216,37,1
225,23,1
235,34,1
237,17,1
228,18,1
214,2,1
202,4,1
225,42,1
204,3,1
211,11,1
233,21,1
230,10,1
221,29,1
207,17,1
200,23,1
226,31,1
221,9,1
201,14,1
205,43,1
228,44,1
223,9,1
212,42,1
195,38,1
216,22,1
236,36,1
223,2,1
215,43,1
232,37,1
226,20,1
210,42,1
208,41,1
203,20,1
207,32,1
205,5,1
231,17,1
214,36,1
211,24,1
222,17,1
210,43,1
213,13,1
225,15,1
224,19,1
202,43,1
217,3,1
229,24,1
229,6,1
221,35,1
220,31,1
225,42,1
219,1,1
201,45,1
195,12,1
219,14,1
200,21,1
234,15,1
203,42,1
211,31,1
192,19,1
201,40,1
233,21,1
206,22,1
