12,45,0
37,42,0
6,19,0
39,7,0
26,38,0
5,26,0
17,27,0
29,1,0
27,3,0
20,14,0
1,27,0
9,19,0
21,3,0
37,27,0
26,34,0
26,46,0
10,17,0
43,41,0
22,14,0
37,38,0
21,18,0
44,10,0
34,36,0
16,41,0
1,24,0
38,41,0
45,10,0
31,25,0
27,37,0
17,29,0
38,43,0
11,21,0
25,24,0
10,37,0
33,31,0
16,40,0
46,36,0
24,7,0
21,10,0
9,19,0
7,37,0
34,39,0
39,45,0
41,13,0
7,39,0
46,30,0
13,46,0
29,22,0
25,42,0
26,38,0
24,25,0
39,26,0
36,17,0
13,22,0
24,27,0
37,23,0
12,31,0
16,11,0
28,45,0
25,2,0
16,43,0
33,45,0
12,31,0
1,21,0
10,15,0
30,6,0
12,42,0
34,43,0
12,22,0
42,23,0
27,32,0
43,26,0
32,16,0
7,24,0
38,11,0
3,23,0
7,35,0
34,41,0
7,15,0
46,29,0
29,40,0
28,17,0
31,27,0
37,45,0
10,41,0
48,25,0
48,32,0
1,30,0
19,32,0
14,3,0
41,28,0
37,44,0
2,31,0
13,11,0
26,34,0
37,44,0
21,42,0
36,29,0
38,4,0
19,30,0
41,40,0
43,33,0
29,12,0
47,18,0
42,14,0
20,8,0
42,43,0
33,19,0
10,6,0
6,23,0
15,23,0
36,42,0
18,27,0
38,32,0
45,13,0
35,34,0
43,32,0
26,5,0
20,2,0
21,18,0
8,11,0
41,28,0
32,24,0
21,2,0
32,17,0
44,36,0
14,21,0
28,26,0
13,36,0
30,41,0
28,11,0
42,9,0
43,36,0
3,15,0
44,14,0
16,20,0
47,19,0
13,37,0
25,9,0
17,40,0
28,42,0
24,1,0
28,45,0
10,32,0
38,20,0
38,8,0
36,45,0
50,25,0
1,32,0
32,29,0
27,3,0
12,11,0
28,14,0
18,29,0
48,17,0
22,14,0
32,25,0
26,6,0
31,23,0
16,19,0
10,39,0
33,47,0
36,6,0
24,17,0
43,9,0
21,13,0
25,26,0
29,12,0
45,24,0
27,28,0
39,41,0
43,29,0
42,23,0
11,42,0
29,10,0
46,26,0
37,46,0
19,19,0
37,32,0
25,43,0
40,35,0
8,8,0
5,32,0
39,12,0
26,44,0
32,36,0
24,29,0
23,27,0
34,35,0
40,42,0
26,1,0
35,28,0
36,19,0
18,8,0
28,26,0
33,16,0
5,35,0
34,32,0
42,33,0
6,23,0
47,29,0
32,2,0
25,41,0
37,18,0
41,34,0
23,23,0
20,17,0
23,13,0
6,17,0
10,8,0
20,17,0
34,19,0
43,33,0
34,14,0
26,47,0
16,23,0
29,48,0
28,18,0
14,29,0
17,40,0
35,39,0
27,12,0
38,37,0
32,26,0
39,20,0
25,20,0
44,17,0
30,49,0
25,13,0
12,32,0
25,24,0
14,12,0
31,36,0
39,5,0
19,37,0
7,19,0
46,12,0
18,45,0
28,5,0
11,5,0
15,11,0
40,36,0
15,7,0
34,39,0
28,36,0
10,18,0
5,32,0
33,17,0
13,20,0
41,12,0
25,32,0
24,49,0
30,21,0
24,49,0
42,20,0
11,31,0
33,26,0
15,39,0
14,31,0
33,34,0
42,27,0
49,22,0
45,31,0
38,46,0
35,47,0
30,34,0
26,49,0
32,46,0
10,16,0
17,4,0
16,18,0
32,44,0
30,49,0
26,14,0
37,44,0
27,40,0
40,27,0
5,33,0
11,34,0
20,41,0
33,46,0
16,16,0
28,20,0
18,20,0
29,7,0
3,26,0
40,16,0
41,44,0
36,27,0
31,21,0
31,9,0
32,4,0
45,14,0
42,16,0
25,13,0
25,3,0
20,38,0
32,5,0
37,34,0
38,40,0
22,2,0
2,26,0
12,10,0
41,42,0
39,9,0
14,43,0
23,38,0
46,26,0
29,19,0
33,40,0
39,15,0
28,31,0
19,27,0
9,37,0
17,25,0
13,36,0
17,18,0
12,42,0
25,19,0
14,45,0
39,45,0
27,39,0
29,19,0
39,32,0
46,23,0
27,2,0
39,36,0
11,43,0
40,6,0
39,38,0
20,47,0
16,25,0
47,24,0
4,24,0
23,29,0
39,36,0
27,2,0
34,19,0
41,20,0
27,6,0
32,11,0
19,32,0
8,22,0
25,40,0
28,3,0
26,32,0
28,9,0
24,32,0
1,25,0
17,48,0
21,10,0
38,12,0
10,8,0
34,39,0
31,36,0
39,43,0
36,19,0
30,37,0
6,21,0
34,29,0
21,30,0
8,12,0
34,42,0
16,15,0
17,28,0
43,18,0
33,18,0
12,39,0
38,22,0
12,46,0
15,34,0
37,45,0
42,33,0
25,5,0
33,46,0
11,22,0
14,12,0
24,45,0
39,27,0
27,47,0
24,24,0
42,30,0
14,23,0
12,16,0
24,3,0
24,44,0
4,12,0
27,35,0
5,24,0
32,14,0
37,8,0
8,21,0
15,46,0
20,28,0
16,23,0
14,35,0
7,19,0
23,29,0
17,2,0
20,40,0
12,22,0
26,15,0
45,15,0
38,9,0
19,10,0
21,44,0
24,13,0
28,35,0
41,22,0
13,24,0
48,21,0
8,31,0
7,20,0
35,29,0
16,48,0
28,4,0
17,45,0
29,28,0
13,43,0
23,28,0
27,23,0
32,48,0
40,21,0
30,8,0
23,15,0
43,31,0
23,5,0
24,10,0
25,27,0
29,17,0
37,41,0
24,23,0
41,19,0
37,37,0
17,20,0
36,27,0
34,23,0
20,44,0
35,19,0
40,24,0
10,16,0
35,4,0
37,21,0
7,41,0
15,42,0
18,48,0
12,46,0
49,18,0
23,47,0
40,44,0
32,10,0
12,21,0
36,29,0
16,48,0
38,17,0
21,37,0
18,7,0
29,11,0
26,8,0
34,16,0
2,24,0
30,27,0
27,13,0
14,6,0
38,16,0
27,15,0
19,46,0
14,25,0
21,48,0
24,22,0
10,23,0
37,6,0
43,37,0
36,20,0
27,35,0
35,18,0
8,17,0
22,15,0
42,13,0
16,47,0
16,23,0
18,12,0
7,42,0
32,34,0
19,13,0
23,11,0
8,41,0
26,37,0
12,44,0
29,20,0
29,23,0
31,22,0
33,9,0
24,5,0
32,41,0
8,38,0
47,27,0
24,11,0
16,17,0
31,16,0
195,17,1
200,14,1
230,29,1
214,8,1
231,26,1
232,42,1
225,37,1
197,8,1
203,42,1
226,32,1
223,17,1
225,34,1
213,41,1
217,6,1
225,23,1
201,43,1
233,11,1
207,37,1
205,14,1
227,5,1
211,44,1
228,38,1
204,9,1
219,14,1
199,16,1
205,37,1
227,44,1
225,45,1
203,39,1
224,48,1
232,9,1
225,28,1
200,31,1
218,48,1
217,13,1
215,43,1
230,18,1
206,47,1
236,13,1
232,25,1
233,34,1
215,15,1
238,23,1
208,36,1
230,41,1
213,2,1
220,13,1
215,16,1
197,34,1
202,34,1
228,45,1
221,29,1
203,26,1
233,29,1
219,5,1
230,15,1
226,41,1
217,45,1
197,9,1
230,15,1
192,28,1
207,3,1
220,48,1
223,46,1
234,22,1
226,37,1
215,22,1
225,19,1
208,31,1
201,13,1
202,22,1
210,44,1
224,26,1
229,20,1
235,22,1
203,30,1
226,40,1
219,49,1
214,41,1
204,8,1
222,8,1
235,34,1
218,6,1
221,7,1
199,40,1
227,32,1
225,25,1
221,17,1
225,4,1
233,25,1
207,27,1
209,35,1
234,16,1
220,1,1
208,10,1
202,38,1
204,5,1
201,16,1
207,40,1
230,5,1
217,13,1
228,37,1
236,27,1
213,40,1
214,39,1
211,44,1
217,16,1
224,38,1
202,18,1
237,35,1
230,35,1
213,20,1
223,28,1
228,28,1
214,24,1
198,8,1
219,44,1
217,24,1
226,33,1
234,12,1
218,2,1
212,30,1
229,35,1
200,33,1
199,9,1
221,16,1
222,49,1
221,48,1
234,16,1
203,43,1
217,24,1
195,23,1
201,18,1
231,20,1
222,4,1
222,7,1
227,8,1
208,23,1
215,5,1
228,34,1
217,12,1
237,19,1
204,19,1
214,4,1
215,20,1
199,28,1
200,6,1
200,8,1
231,42,1
227,22,1
239,26,1
236,21,1
218,30,1
207,16,1
208,34,1
201,23,1
201,21,1
223,26,1
228,30,1
222,19,1
197,27,1
222,36,1
218,37,1
197,26,1
230,29,1
208,44,1
219,41,1
201,16,1
224,21,1
207,11,1
218,36,1
216,47,1
216,36,1
232,27,1
224,24,1
232,21,1
202,31,1
239,23,1
220,30,1
228,13,1
221,17,1
215,13,1
194,13,1
235,34,1
193,22,1
212,41,1
232,8,1
222,6,1
207,7,1
224,44,1
197,12,1
219,1,1
219,48,1
230,41,1
216,23,1
201,18,1
211,6,1
215,20,1
215,20,1
210,13,1
214,33,1
220,36,1
229,26,1
201,15,1
193,28,1
235,32,1
237,22,1
238,28,1
199,36,1
230,13,1
221,27,1
207,18,1
230,36,1
204,47,1
195,37,1
210,45,1
225,25,1
205,20,1
233,9,1
227,12,1
237,17,1
235,15,1
199,10,1
236,23,1
206,2,1
202,20,1
199,28,1
202,41,1
205,13,1
218,46,1
221,24,1
237,25,1
233,36,1
209,43,1
221,15,1
204,24,1
201,44,1
227,11,1
239,25,1
198,8,1
199,23,1
193,17,1
234,21,1
201,9,1
213,23,1
215,48,1
204,45,1
215,4,1
196,15,1
218,42,1
211,28,1
219,6,1
235,40,1
227,35,1
200,21,1
223,35,1
207,24,1
217,44,1
198,8,1
204,14,1
193,25,1
206,42,1
231,37,1
220,1,1
222,17,1
229,8,1
224,36,1
228,15,1
221,32,1
222,18,1
207,2,1
224,14,1
225,15,1
209,25,1
218,46,1
208,25,1
216,24,1
209,31,1
202,31,1
226,10,1
222,8,1
202,15,1
197,8,1
226,39,1
230,38,1
202,11,1
200,41,1
199,40,1
198,28,1
217,13,1
220,28,1
214,14,1
205,34,1
218,22,1
216,6,1
235,25,1
215,1,1
227,35,1
201,25,1
212,2,1
237,25,1
205,20,1
220,36,1
223,35,1
220,21,1
229,44,1
201,30,1
221,27,1
210,36,1
228,27,1
209,42,1
225,45,1
217,33,1
222,40,1
228,6,1
216,24,1
192,20,1
222,2,1
203,29,1
209,23,1
203,20,1
211,39,1
222,45,1
230,41,1
217,47,1
227,6,1
210,2,1
208,31,1
202,7,1
223,25,1
222,46,1
237,30,1
218,13,1
232,12,1
212,26,1
200,17,1
203,12,1
220,46,1
194,38,1
200,5,1
227,37,1
202,11,1
229,40,1
200,19,1
203,7,1
215,43,1
216,10,1
222,1,1
219,19,1
217,17,1
221,36,1
214,15,1
203,5,1
230,26,1
207,7,1
203,38,1
193,29,1
216,44,1
219,6,1
194,17,1
216,42,1
209,8,1
203,22,1
209,23,1
202,40,1
195,38,1
204,4,1
239,27,1
197,11,1
221,12,1
212,19,1
225,39,1
233,27,1
198,40,1
235,31,1
198,41,1
208,17,1
221,34,1
209,42,1
214,27,1
200,13,1
235,19,1
227,6,1
195,12,1
213,40,1
225,5,1
223,2,1
229,33,1
204,47,1
214,27,1
216,41,1
202,41,1
232,7,1
213,31,1
237,23,1
230,15,1
227,20,1
213,14,1
207,18,1
220,36,1
217,32,1
205,41,1
224,40,1
200,27,1
217,24,1
218,5,1
212,49,1
232,19,1
200,15,1
205,38,1
195,24,1
231,43,1
215,25,1
219,17,1
225,29,1
215,20,1
221,47,1
224,32,1
234,27,1
200,24,1
224,2,1
228,15,1
208,15,1
237,14,1
226,16,1
213,41,1
199,12,1
220,32,1
200,27,1
203,45,1
217,14,1
225,20,1
223,34,1
224,40,1
194,22,1
230,20,1
217,41,1
220,22,1
225,11,1
219,48,1
239,21,1
198,22,1
225,42,1
231,36,1
212,43,1
224,23,1
213,15,1
232,36,1
222,1,1
225,24,1
192,18,1
230,31,1
208,23,1
230,37,1
219,35,1
216,6,1
199,15,1
217,17,1
236,36,1
227,14,1
234,39,1
220,20,1
220,21,1
234,35,1
221,27,1
222,42,1
197,20,1
218,12,1
211,45,1
222,17,1
200,44,1
194,22,1
234,17,1
226,10,1
202,18,1
214,9,1
213,42,1
227,26,1
201,43,1
207,18,1
215,23,1
219,23,1
210,39,1
224,6,1
223,43,1
198,40,1
213,21,1
207,41,1
225,19,1
239,31,1
196,27,1
227,6,1
233,18,1
225,33,1
205,21,1
234,15,1
217,13,1
223,33,1
203,13,1
199,38,1
