14,38,0
9,31,0
30,9,0
27,9,0
35,13,0
8,37,0
27,17,0
37,36,0
32,4,0
12,26,0
20,45,0
10,10,0
45,24,0
36,4,0
42,32,0
19,23,0
33,34,0
33,29,0
2,19,0
25,50,0
35,44,0
13,9,0
12,22,0
31,34,0
39,25,0
19,39,0
28,21,0
15,36,0
31,35,0
20,49,0
5,28,0
20,32,0
28,9,0
10,12,0
8,11,0
16,14,0
34,18,0
42,24,0
22,39,0
17,26,0
21,4,0
32,28,0
6,20,0
5,19,0
44,11,0
30,45,0
8,8,0
28,13,0
8,39,0
9,16,0
6,19,0
12,24,0
1,19,0
37,26,0
13,4,0
16,13,0
16,30,0
24,15,0
39,43,0
34,7,0
45,16,0
34,22,0
40,15,0
42,11,0
7,38,0
22,8,0
44,36,0
24,31,0
11,15,0
26,40,0
25,20,0
1,23,0
8,42,0
13,23,0
20,16,0
8,20,0
17,45,0
1,29,0
23,36,0
10,10,0
26,11,0
22,28,0
19,36,0
42,41,0
45,17,0
20,40,0
8,20,0
36,42,0
38,14,0
46,18,0
29,11,0
10,18,0
46,24,0
27,22,0
20,7,0
9,18,0
39,26,0
32,48,0
39,36,0
23,45,0
28,1,0
10,33,0
37,22,0
45,29,0
21,32,0
38,35,0
36,12,0
37,4,0
25,10,0
19,25,0
36,15,0
23,32,0
41,16,0
45,24,0
5,30,0
40,9,0
42,29,0
14,45,0
6,26,0
16,10,0
9,32,0
26,22,0
28,22,0
37,33,0
33,23,0
42,20,0
42,20,0
9,8,0
31,31,0
34,43,0
41,39,0
34,2,0
2,22,0
5,19,0
19,45,0
21,27,0
18,30,0
20,30,0
13,32,0
13,32,0
19,19,0
27,45,0
23,18,0
35,15,0
24,45,0
17,17,0
21,36,0
27,46,0
40,36,0
46,31,0
35,43,0
39,19,0
19,27,0
20,10,0
22,10,0
26,19,0
5,40,0
17,11,0
32,8,0
21,6,0
32,15,0
18,19,0
38,34,0
23,2,0
17,34,0
14,3,0
34,12,0
17,32,0
36,3,0
39,11,0
11,20,0
29,14,0
26,37,0
19,8,0
12,26,0
1,31,0
41,29,0
30,47,0
17,4,0
29,30,0
10,8,0
24,23,0
18,10,0
4,35,0
16,41,0
20,24,0
42,27,0
22,28,0
19,26,0
12,4,0
22,42,0
41,10,0
7,18,0
9,19,0
46,16,0
25,12,0
21,5,0
41,29,0
44,26,0
24,24,0
12,29,0
26,26,0
34,42,0
43,12,0
25,47,0
26,30,0
27,26,0
8,15,0
35,6,0
4,27,0
29,4,0
31,22,0
23,36,0
40,19,0
46,35,0
41,11,0
30,6,0
7,14,0
32,40,0
24,24,0
12,21,0
29,10,0
18,46,0
19,44,0
1,32,0
5,15,0
30,27,0
20,31,0
16,16,0
34,37,0
16,9,0
35,29,0
47,34,0
19,22,0
39,6,0
36,23,0
15,9,0
32,20,0
30,29,0
26,13,0
8,26,0
19,5,0
34,23,0
29,32,0
13,17,0
7,10,0
7,21,0
21,19,0
44,16,0
39,22,0
41,16,0
49,21,0
45,32,0
26,43,0
41,42,0
25,42,0
30,45,0
37,15,0
38,45,0
22,38,0
39,26,0
30,39,0
18,48,0
38,8,0
34,5,0
38,31,0
23,32,0
32,7,0
21,32,0
6,18,0
4,33,0
21,15,0
40,43,0
40,37,0
31,28,0
25,15,0
10,15,0
21,44,0
35,27,0
28,5,0
32,10,0
16,21,0
28,40,0
13,38,0
16,46,0
36,31,0
18,36,0
11,43,0
41,43,0
25,38,0
25,36,0
39,13,0
28,30,0
22,18,0
19,7,0
30,42,0
4,17,0
40,27,0
38,4,0
45,31,0
14,29,0
1,32,0
42,17,0
27,29,0
28,35,0
25,34,0
9,25,0
29,43,0
31,19,0
20,2,0
39,13,0
38,15,0
40,28,0
41,24,0
12,29,0
35,45,0
20,47,0
30,20,0
39,14,0
18,26,0
10,11,0
25,0,0
10,42,0
18,35,0
16,44,0
5,40,0
29,3,0
11,27,0
20,43,0
33,47,0
44,32,0
34,20,0
44,40,0
45,25,0
27,26,0
19,20,0
44,15,0
39,22,0
48,25,0
17,19,0
31,35,0
30,17,0
39,16,0
35,17,0
42,24,0
18,33,0
27,42,0
15,41,0
40,31,0
33,37,0
25,15,0
19,26,0
30,35,0
16,20,0
42,27,0
30,7,0
10,35,0
24,38,0
37,10,0
11,42,0
20,22,0
12,7,0
11,5,0
30,1,0
30,25,0
19,29,0
47,15,0
4,25,0
18,43,0
43,40,0
41,22,0
20,34,0
36,36,0
18,44,0
15,7,0
44,23,0
37,22,0
10,13,0
8,32,0
28,33,0
36,32,0
24,11,0
23,13,0
32,43,0
24,48,0
37,20,0
39,29,0
35,41,0
46,19,0
40,36,0
30,8,0
25,35,0
11,25,0
15,44,0
32,15,0
38,21,0
29,15,0
2,31,0
8,31,0
30,29,0
19,10,0
9,28,0
37,32,0
38,41,0
19,11,0
41,18,0
6,17,0
10,25,0
45,18,0
21,35,0
30,49,0
18,43,0
40,41,0
37,28,0
18,48,0
46,27,0
26,31,0
41,43,0
17,3,0
15,33,0
7,15,0
45,23,0
26,7,0
6,27,0
47,26,0
22,40,0
23,33,0
28,32,0
18,48,0
5,18,0
25,18,0
19,22,0
30,4,0
25,26,0
19,3,0
47,34,0
24,18,0
49,22,0
6,25,0
35,4,0
35,29,0
43,25,0
31,41,0
1,20,0
34,30,0
13,19,0
24,35,0
26,4,0
11,32,0
33,33,0
20,7,0
24,44,0
30,28,0
32,7,0
27,45,0
40,40,0
22,10,0
13,30,0
22,17,0
23,4,0
21,43,0
10,6,0
26,11,0
40,11,0
23,42,0
16,30,0
43,39,0
17,6,0
14,45,0
39,38,0
17,19,0
28,1,0
43,17,0
25,42,0
33,20,0
2,27,0
19,14,0
13,13,0
47,27,0
48,29,0
29,2,0
13,8,0
6,35,0
39,30,0
9,21,0
38,6,0
21,25,0
19,21,0
9,31,0
18,1,0
28,37,0
5,38,0
22,34,0
43,31,0
24,22,0
11,6,0
35,10,0
35,46,0
23,8,0
29,31,0
232,18,1
223,8,1
206,25,1
207,7,1
193,27,1
196,38,1
214,3,1
199,39,1
215,5,1
229,32,1
239,30,1
236,15,1
221,23,1
225,35,1
230,14,1
216,5,1
235,17,1
234,20,1
214,8,1
212,7,1
211,28,1
228,29,1
219,11,1
224,12,1
202,45,1
235,40,1
210,40,1
210,20,1
226,7,1
229,14,1
216,32,1
213,14,1
197,40,1
234,28,1
217,13,1
232,17,1
207,10,1
234,14,1
206,36,1
215,1,1
220,31,1
221,12,1
223,9,1
221,1,1
209,30,1
233,11,1
219,20,1
220,5,1
235,22,1
225,3,1
204,28,1
216,6,1
194,24,1
221,8,1
235,17,1
233,11,1
200,18,1
208,4,1
220,2,1
201,42,1
196,30,1
225,19,1
224,36,1
199,25,1
220,36,1
223,4,1
239,29,1
221,12,1
209,7,1
236,19,1
212,28,1
211,22,1
238,31,1
205,23,1
230,32,1
226,16,1
212,11,1
231,31,1
222,1,1
214,33,1
197,10,1
228,6,1
219,11,1
205,21,1
228,33,1
206,12,1
207,24,1
225,5,1
205,19,1
203,8,1
234,9,1
229,12,1
201,19,1
200,21,1
205,41,1
220,7,1
236,15,1
195,38,1
223,11,1
224,38,1
223,28,1
221,28,1
199,26,1
204,30,1
214,6,1
206,5,1
215,37,1
215,36,1
228,4,1
227,43,1
208,23,1
218,7,1
228,33,1
207,2,1
234,38,1
223,5,1
233,23,1
228,12,1
198,9,1
239,24,1
224,4,1
225,36,1
220,17,1
227,35,1
213,24,1
197,10,1
229,33,1
229,8,1
220,12,1
226,37,1
195,21,1
228,29,1
226,41,1
201,40,1
238,22,1
238,23,1
215,36,1
204,26,1
218,13,1
191,24,1
237,25,1
232,16,1
209,21,1
204,43,1
191,19,1
223,2,1
211,36,1
211,21,1
233,27,1
205,9,1
198,34,1
206,2,1
201,37,1
203,26,1
197,35,1
208,27,1
202,37,1
208,38,1
197,10,1
226,15,1
219,22,1
216,6,1
191,30,1
230,11,1
235,26,1
201,36,1
228,30,1
219,16,1
203,41,1
205,19,1
214,28,1
203,11,1
232,43,1
220,34,1
218,36,1
224,14,1
234,22,1
223,43,1
231,20,1
219,17,1
192,19,1
191,32,1
205,11,1
221,41,1
215,27,1
209,36,1
222,32,1
195,13,1
227,32,1
216,26,1
192,31,1
215,50,1
231,35,1
227,13,1
225,8,1
238,25,1
208,39,1
215,29,1
237,31,1
223,33,1
221,45,1
223,4,1
221,4,1
215,20,1
218,25,1
231,12,1
231,36,1
213,5,1
205,24,1
212,35,1
225,40,1
220,19,1
198,7,1
238,22,1
196,29,1
234,13,1
210,35,1
202,39,1
210,23,1
199,16,1
218,27,1
202,31,1
204,15,1
212,23,1
220,34,1
226,41,1
225,31,1
216,1,1
203,12,1
211,47,1
201,17,1
222,42,1
206,48,1
199,12,1
233,22,1
201,10,1
237,28,1
221,41,1
219,19,1
208,10,1
199,23,1
224,36,1
209,35,1
202,20,1
225,6,1
200,40,1
216,29,1
211,38,1
214,44,1
229,35,1
215,1,1
224,18,1
213,13,1
226,18,1
236,25,1
210,6,1
213,40,1
202,37,1
233,22,1
206,35,1
218,46,1
193,24,1
228,34,1
233,8,1
224,32,1
213,8,1
206,3,1
215,20,1
223,31,1
212,11,1
203,23,1
201,7,1
220,45,1
212,35,1
214,37,1
222,18,1
230,38,1
233,11,1
212,1,1
198,11,1
220,8,1
206,19,1
198,31,1
221,13,1
199,14,1
207,47,1
213,27,1
239,21,1
199,36,1
227,30,1
212,3,1
236,31,1
210,31,1
199,29,1
204,9,1
230,24,1
206,46,1
230,10,1
216,28,1
196,39,1
200,27,1
201,15,1
231,11,1
220,1,1
199,28,1
234,15,1
217,27,1
226,26,1
225,17,1
198,42,1
224,39,1
220,37,1
214,7,1
194,14,1
203,23,1
223,24,1
200,35,1
218,41,1
223,32,1
224,48,1
199,11,1
198,26,1
208,45,1
204,21,1
221,22,1
231,39,1
202,42,1
224,47,1
210,30,1
228,39,1
223,10,1
234,39,1
236,29,1
226,19,1
227,35,1
237,14,1
207,39,1
202,30,1
203,25,1
198,7,1
207,37,1
204,12,1
200,32,1
212,34,1
197,19,1
237,26,1
217,30,1
193,18,1
235,29,1
213,31,1
223,45,1
197,26,1
193,30,1
197,10,1
215,19,1
203,36,1
231,7,1
196,11,1
218,36,1
231,23,1
229,14,1
219,33,1
227,28,1
215,29,1
237,22,1
199,38,1
223,29,1
198,26,1
208,34,1
239,19,1
235,26,1
233,38,1
208,49,1
213,3,1
206,28,1
205,38,1
235,12,1
214,7,1
232,36,1
228,26,1
217,12,1
222,29,1
202,7,1
239,19,1
195,30,1
209,10,1
208,7,1
213,6,1
203,9,1
210,26,1
220,40,1
205,44,1
193,18,1
206,38,1
231,13,1
206,43,1
216,49,1
234,18,1
227,36,1
211,30,1
236,37,1
208,40,1
233,17,1
226,41,1
217,11,1
209,27,1
217,33,1
222,27,1
218,24,1
206,7,1
214,16,1
228,30,1
206,18,1
199,27,1
230,34,1
220,26,1
199,7,1
224,41,1
224,5,1
218,22,1
225,11,1
204,11,1
231,32,1
215,34,1
203,14,1
208,45,1
233,35,1
204,41,1
213,39,1
212,41,1
211,20,1
235,29,1
237,32,1
208,7,1
211,4,1
203,15,1
210,32,1
221,44,1
212,41,1
225,34,1
232,12,1
223,27,1
224,16,1
207,16,1
229,36,1
210,22,1
199,33,1
212,23,1
218,29,1
230,41,1
225,36,1
238,34,1
208,38,1
235,28,1
202,30,1
195,34,1
204,10,1
227,4,1
225,24,1
200,17,1
205,40,1
195,10,1
193,31,1
202,42,1
195,32,1
211,1,1
229,35,1
196,16,1
213,10,1
228,21,1
235,28,1
226,16,1
198,13,1
232,12,1
228,44,1
232,23,1
231,18,1
215,44,1
216,8,1
232,37,1
221,42,1
210,19,1
218,1,1
234,39,1
216,9,1
216,29,1
212,1,1
200,38,1
208,45,1
233,34,1
191,23,1
216,2,1
234,30,1
214,37,1
228,41,1
233,16,1
217,18,1
224,9,1
195,18,1
224,43,1
