46,16,0
25,19,0
13,43,0
32,15,0
47,26,0
36,7,0
12,39,0
45,18,0
6,32,0
22,45,0
42,42,0
34,41,0
6,21,0
25,31,0
25,27,0
13,42,0
21,27,0
13,8,0
2,34,0
8,13,0
27,24,0
24,45,0
29,8,0
27,12,0
12,9,0
16,10,0
8,16,0
11,41,0
32,42,0
2,30,0
29,18,0
3,31,0
21,18,0
38,10,0
34,23,0
38,28,0
20,27,0
42,16,0
38,43,0
15,7,0
27,12,0
26,40,0
36,11,0
25,0,0
13,7,0
38,22,0
6,37,0
36,21,0
9,18,0
33,44,0
11,25,0
21,12,0
27,45,0
2,18,0
25,43,0
46,12,0
41,20,0
33,34,0
21,45,0
29,7,0
43,37,0
20,20,0
1,28,0
49,27,0
34,38,0
40,5,0
32,20,0
31,13,0
24,23,0
12,8,0
20,17,0
26,5,0
28,30,0
10,19,0
26,8,0
23,30,0
13,18,0
37,43,0
11,37,0
24,20,0
8,43,0
38,11,0
26,10,0
48,33,0
35,13,0
22,2,0
47,36,0
13,41,0
14,24,0
36,22,0
30,18,0
39,32,0
17,44,0
27,31,0
12,23,0
10,10,0
32,43,0
10,41,0
18,11,0
7,13,0
20,10,0
12,33,0
21,37,0
12,12,0
43,18,0
44,40,0
31,24,0
15,31,0
21,8,0
23,9,0
20,30,0
10,36,0
13,9,0
43,9,0
27,20,0
49,18,0
41,10,0
32,27,0
32,2,0
49,25,0
45,22,0
42,33,0
10,31,0
39,30,0
44,24,0
25,45,0
37,41,0
36,29,0
5,30,0
37,7,0
42,30,0
35,41,0
32,26,0
29,49,0
8,15,0
25,32,0
37,12,0
33,4,0
40,35,0
27,39,0
5,38,0
28,40,0
14,44,0
11,30,0
29,15,0
38,32,0
11,34,0
41,31,0
9,42,0
33,33,0
21,49,0
22,38,0
29,31,0
16,9,0
42,24,0
10,12,0
8,10,0
24,37,0
25,33,0
24,23,0
11,31,0
15,8,0
47,27,0
38,20,0
21,24,0
41,31,0
41,34,0
26,6,0
21,30,0
5,14,0
18,23,0
30,43,0
43,39,0
37,16,0
43,40,0
16,48,0
39,10,0
31,6,0
19,33,0
13,41,0
41,22,0
33,16,0
23,43,0
12,10,0
39,25,0
18,31,0
11,18,0
10,33,0
39,11,0
44,14,0
11,24,0
10,29,0
26,49,0
14,47,0
46,33,0
14,33,0
35,19,0
25,22,0
39,28,0
19,48,0
28,23,0
7,14,0
3,27,0
17,26,0
47,27,0
34,7,0
17,30,0
31,6,0
47,20,0
11,38,0
21,1,0
20,43,0
42,24,0
2,33,0
33,25,0
26,20,0
15,4,0
17,33,0
26,32,0
19,30,0
34,40,0
6,16,0
47,21,0
39,35,0
34,7,0
37,9,0
19,4,0
17,6,0
29,14,0
38,21,0
48,30,0
21,4,0
37,34,0
8,16,0
44,27,0
36,19,0
21,9,0
40,35,0
26,13,0
26,35,0
21,49,0
11,26,0
42,42,0
9,33,0
20,47,0
13,13,0
14,25,0
25,37,0
20,49,0
36,39,0
17,16,0
3,23,0
39,8,0
30,40,0
23,31,0
3,26,0
15,30,0
35,11,0
28,33,0
12,26,0
11,10,0
14,46,0
16,48,0
26,28,0
11,41,0
9,18,0
19,18,0
8,41,0
33,41,0
11,6,0
13,30,0
21,9,0
24,36,0
5,39,0
20,4,0
35,40,0
19,20,0
13,11,0
13,38,0
10,22,0
17,33,0
22,40,0
33,17,0
38,43,0
37,38,0
0,25,0
19,21,0
37,16,0
43,33,0
49,22,0
44,14,0
40,5,0
42,33,0
30,39,0
28,35,0
37,41,0
36,24,0
21,49,0
31,25,0
28,11,0
30,14,0
7,37,0
33,5,0
23,49,0
24,32,0
33,4,0
9,19,0
35,20,0
22,28,0
43,41,0
17,42,0
13,18,0
9,42,0
28,46,0
27,23,0
43,31,0
5,28,0
8,26,0
35,22,0
10,6,0
45,32,0
29,40,0
26,5,0
3,23,0
28,6,0
38,21,0
7,15,0
22,24,0
30,42,0
47,29,0
31,25,0
34,40,0
35,45,0
28,23,0
24,24,0
41,6,0
24,24,0
21,18,0
16,44,0
31,27,0
40,44,0
45,18,0
44,18,0
44,41,0
46,21,0
37,32,0
49,22,0
8,40,0
29,34,0
13,20,0
27,15,0
42,40,0
39,33,0
46,15,0
17,15,0
40,9,0
31,2,0
46,16,0
21,22,0
14,17,0
35,32,0
23,28,0
18,6,0
7,14,0
31,8,0
43,22,0
23,20,0
25,30,0
22,4,0
22,36,0
14,7,0
8,27,0
35,17,0
36,11,0
25,38,0
14,26,0
31,33,0
32,24,0
7,33,0
36,16,0
16,16,0
30,29,0
11,44,0
8,29,0
30,16,0
12,34,0
31,35,0
37,18,0
8,42,0
26,23,0
30,37,0
6,25,0
32,12,0
9,41,0
37,21,0
20,47,0
36,41,0
9,7,0
26,14,0
17,20,0
13,18,0
8,19,0
34,14,0
7,23,0
27,31,0
45,32,0
3,31,0
17,5,0
31,34,0
37,21,0
33,11,0
41,28,0
30,14,0
34,42,0
15,32,0
30,48,0
40,7,0
47,34,0
14,16,0
22,21,0
9,21,0
5,32,0
37,29,0
15,19,0
6,18,0
2,23,0
18,45,0
22,3,0
32,7,0
24,49,0
11,18,0
2,22,0
10,39,0
41,42,0
23,23,0
24,36,0
7,16,0
47,17,0
22,18,0
1,19,0
13,6,0
42,41,0
20,35,0
13,31,0
41,26,0
22,11,0
38,18,0
32,37,0
18,23,0
28,44,0
9,20,0
23,19,0
20,11,0
33,38,0
23,2,0
38,40,0
1,28,0
40,17,0
4,29,0
31,26,0
17,29,0
38,16,0
17,15,0
42,16,0
43,17,0
28,13,0
24,39,0
13,4,0
9,14,0
23,4,0
46,30,0
37,32,0
9,36,0
32,23,0
35,8,0
46,16,0
19,4,0
18,37,0
28,12,0
19,30,0
14,14,0
16,22,0
11,27,0
41,21,0
10,11,0
31,36,0
17,25,0
5,35,0
24,12,0
30,22,0
31,1,0
16,12,0
8,13,0
12,41,0
22,47,0
23,34,0
24,17,0
29,46,0
23,32,0
31,10,0
211,15,1
203,15,1
200,3,1
197,12,1
199,1,1
217,35,1
207,33,1
227,19,1
189,30,1
225,21,1
223,41,1
218,17,1
215,22,1
211,43,1
212,43,1
188,11,1
220,44,1
204,11,1
187,33,1
208,48,1
208,48,1
218,10,1
229,23,1
204,7,1
214,30,1
196,3,1
226,25,1
188,38,1
185,37,1
217,19,1
228,22,1
217,18,1
201,34,1
197,10,1
200,19,1
210,12,1
194,13,1
210,14,1
228,26,1
189,19,1
183,24,1
193,17,1
215,27,1
186,21,1
224,35,1
215,37,1
203,13,1
227,15,1
196,6,1
225,17,1
185,16,1
209,49,1
211,39,1
188,9,1
205,41,1
216,21,1
198,4,1
190,21,1
217,40,1
204,22,1
217,24,1
225,33,1
214,45,1
194,33,1
201,22,1
205,40,1
201,18,1
220,7,1
207,43,1
193,21,1
226,20,1
184,22,1
182,25,1
227,18,1
204,8,1
198,12,1
193,27,1
202,41,1
216,11,1
199,17,1
206,6,1
185,38,1
207,18,1
182,29,1
187,13,1
211,41,1
214,32,1
213,30,1
219,29,1
194,47,1
189,34,1
202,39,1
209,48,1
215,35,1
204,5,1
189,35,1
185,30,1
194,30,1
210,24,1
207,40,1
206,10,1
187,20,1
188,20,1
212,6,1
222,39,1
210,34,1
181,22,1
203,20,1
216,32,1
197,19,1
207,36,1
212,9,1
203,33,1
189,44,1
228,28,1
201,46,1
196,7,1
212,9,1
199,15,1
185,27,1
223,41,1
196,35,1
207,33,1
202,15,1
212,8,1
198,17,1
212,3,1
188,28,1
203,46,1
216,35,1
206,26,1
193,46,1
208,29,1
227,17,1
202,4,1
194,10,1
201,48,1
189,33,1
221,31,1
188,17,1
203,40,1
201,23,1
197,9,1
201,45,1
212,25,1
187,14,1
213,42,1
205,46,1
218,10,1
205,9,1
199,35,1
187,18,1
205,21,1
209,4,1
207,36,1
192,45,1
223,10,1
222,18,1
210,24,1
216,23,1
192,6,1
209,45,1
193,18,1
186,31,1
211,3,1
187,25,1
208,46,1
205,47,1
197,47,1
189,10,1
226,22,1
227,24,1
186,27,1
207,12,1
219,16,1
214,13,1
198,23,1
197,8,1
203,20,1
209,44,1
211,38,1
199,16,1
213,15,1
197,18,1
193,26,1
197,48,1
197,30,1
212,10,1
192,32,1
210,12,1
191,10,1
225,34,1
204,44,1
207,20,1
218,27,1
193,8,1
204,43,1
215,28,1
186,21,1
199,47,1
213,3,1
195,26,1
186,20,1
195,31,1
214,23,1
196,34,1
208,10,1
194,33,1
225,22,1
194,16,1
227,30,1
218,31,1
215,45,1
194,27,1
213,18,1
208,10,1
220,20,1
192,18,1
215,33,1
191,41,1
209,13,1
207,5,1
216,7,1
216,26,1
211,23,1
192,33,1
223,13,1
219,9,1
183,29,1
200,4,1
220,31,1
189,17,1
223,13,1
210,47,1
222,8,1
217,36,1
202,25,1
220,8,1
185,34,1
219,39,1
197,26,1
200,30,1
211,9,1
202,20,1
188,26,1
194,26,1
191,31,1
219,38,1
185,30,1
193,5,1
216,41,1
205,31,1
224,10,1
211,13,1
194,44,1
207,31,1
212,37,1
215,44,1
201,8,1
216,24,1
203,25,1
185,19,1
202,1,1
222,23,1
202,34,1
202,42,1
192,25,1
196,44,1
198,28,1
221,26,1
213,34,1
203,21,1
204,35,1
191,5,1
194,40,1
215,19,1
201,45,1
208,16,1
184,34,1
191,23,1
192,4,1
184,30,1
211,44,1
221,9,1
202,39,1
199,49,1
189,12,1
187,23,1
214,2,1
201,42,1
197,43,1
197,6,1
195,37,1
200,49,1
229,22,1
194,9,1
213,13,1
185,13,1
194,41,1
190,13,1
210,40,1
211,29,1
206,41,1
189,18,1
189,11,1
199,27,1
209,4,1
215,14,1
203,42,1
216,34,1
212,11,1
199,49,1
198,32,1
213,11,1
212,47,1
196,40,1
195,23,1
215,13,1
206,43,1
211,21,1
188,15,1
182,34,1
195,4,1
203,33,1
220,27,1
207,33,1
205,17,1
226,28,1
202,11,1
218,12,1
201,41,1
193,38,1
228,24,1
218,33,1
194,9,1
185,40,1
186,14,1
221,40,1
197,20,1
201,3,1
224,29,1
229,18,1
210,24,1
217,20,1
190,28,1
219,32,1
215,19,1
217,21,1
216,22,1
201,17,1
210,37,1
193,23,1
209,47,1
224,14,1
189,9,1
219,16,1
209,35,1
227,34,1
190,28,1
192,28,1
186,12,1
212,43,1
203,38,1
226,13,1
213,31,1
217,35,1
193,21,1
212,21,1
203,37,1
200,12,1
209,37,1
207,15,1
205,42,1
209,4,1
222,39,1
187,12,1
218,17,1
215,8,1
229,30,1
199,19,1
194,20,1
210,26,1
212,38,1
218,29,1
190,21,1
220,17,1
208,48,1
223,22,1
215,26,1
197,13,1
224,34,1
215,7,1
209,13,1
196,27,1
212,44,1
222,11,1
209,46,1
219,29,1
193,34,1
208,8,1
186,25,1
204,24,1
222,15,1
191,31,1
214,3,1
183,16,1
186,40,1
184,36,1
214,31,1
187,20,1
207,1,1
211,24,1
204,47,1
220,44,1
191,25,1
187,22,1
223,37,1
198,9,1
192,28,1
190,17,1
187,20,1
209,38,1
188,7,1
208,27,1
192,21,1
195,37,1
224,20,1
209,39,1
190,23,1
191,20,1
215,32,1
222,38,1
196,18,1
195,4,1
216,39,1
204,3,1
192,40,1
213,11,1
215,43,1
201,23,1
186,33,1
197,16,1
222,12,1
188,34,1
223,35,1
209,13,1
193,20,1
186,11,1
201,43,1
226,12,1
201,7,1
207,16,1
187,34,1
209,49,1
228,19,1
204,23,1
206,41,1
194,38,1
197,26,1
227,21,1
202,2,1
194,47,1
204,23,1
197,29,1
195,5,1
212,9,1
192,29,1
194,5,1
192,26,1
207,8,1
229,21,1
218,36,1
180,25,1
191,23,1
208,24,1
182,22,1
200,9,1
191,7,1
202,3,1
192,31,1
191,34,1
188,43,1
203,28,1
190,11,1
196,40,1
198,40,1
185,28,1
229,25,1
222,22,1
218,5,1
209,36,1
208,38,1
184,18,1
217,17,1
211,7,1
212,25,1
218,32,1
187,34,1
209,42,1
209,40,1
