31,7,0
3,36,0
20,1,0
23,7,0
16,34,0
23,10,0
33,19,0
13,45,0
28,42,0
22,3,0
39,17,0
19,27,0
36,18,0
23,43,0
24,38,0
32,6,0
26,3,0
31,15,0
21,32,0
9,26,0
28,31,0
25,18,0
41,30,0
32,36,0
5,11,0
39,22,0
2,24,0
20,48,0
33,28,0
26,16,0
38,29,0
12,40,0
12,39,0
26,3,0
19,34,0
32,27,0
3,15,0
20,20,0
11,31,0
21,16,0
25,26,0
15,46,0
15,39,0
12,14,0
30,21,0
21,16,0
11,39,0
7,29,0
30,38,0
25,23,0
45,27,0
46,26,0
26,1,0
6,21,0
31,43,0
24,43,0
35,35,0
11,44,0
31,45,0
20,42,0
41,8,0
42,22,0
36,16,0
4,16,0
29,45,0
4,20,0
32,42,0
32,10,0
10,10,0
8,39,0
10,35,0
42,40,0
41,15,0
31,7,0
1,18,0
49,28,0
33,32,0
15,13,0
22,17,0
28,41,0
10,10,0
38,10,0
39,27,0
32,42,0
40,8,0
8,11,0
22,18,0
33,13,0
12,25,0
41,22,0
10,45,0
26,39,0
24,3,0
13,8,0
30,31,0
43,14,0
7,42,0
30,14,0
6,16,0
30,24,0
10,25,0
37,13,0
17,14,0
37,34,0
33,44,0
32,18,0
19,14,0
16,44,0
10,34,0
15,18,0
26,25,0
45,27,0
31,26,0
14,3,0
26,16,0
8,7,0
20,14,0
16,32,0
39,21,0
26,6,0
9,37,0
8,26,0
8,23,0
13,39,0
41,6,0
39,27,0
11,32,0
42,12,0
9,35,0
1,27,0
33,36,0
35,30,0
28,23,0
8,24,0
10,42,0
42,16,0
38,27,0
31,35,0
27,37,0
15,11,0
12,13,0
36,7,0
35,34,0
23,30,0
48,28,0
25,4,0
17,18,0
19,23,0
11,20,0
31,1,0
45,23,0
18,33,0
50,25,0
34,14,0
34,25,0
6,32,0
47,31,0
34,41,0
11,13,0
27,34,0
15,22,0
13,13,0
48,25,0
13,11,0
38,37,0
30,24,0
21,36,0
30,7,0
23,48,0
36,5,0
11,42,0
18,35,0
32,23,0
3,33,0
35,46,0
41,38,0
33,34,0
14,36,0
23,30,0
11,35,0
23,22,0
11,14,0
46,25,0
47,33,0
22,41,0
27,19,0
13,28,0
15,11,0
38,18,0
33,8,0
21,27,0
41,16,0
2,21,0
33,32,0
28,38,0
16,26,0
38,37,0
19,47,0
26,29,0
23,1,0
43,16,0
42,10,0
27,40,0
30,36,0
28,45,0
13,43,0
32,23,0
34,26,0
7,11,0
33,41,0
31,38,0
41,13,0
26,44,0
5,39,0
37,6,0
40,14,0
35,46,0
21,49,0
19,35,0
30,5,0
31,7,0
8,15,0
39,39,0
36,3,0
26,43,0
35,36,0
15,44,0
15,18,0
8,33,0
21,49,0
30,25,0
17,42,0
34,5,0
15,17,0
35,42,0
18,20,0
35,36,0
44,22,0
26,30,0
37,21,0
15,26,0
33,19,0
38,10,0
36,12,0
37,42,0
23,31,0
20,11,0
12,10,0
11,42,0
13,12,0
39,32,0
26,29,0
26,3,0
30,29,0
29,5,0
16,26,0
34,31,0
42,17,0
37,44,0
49,25,0
7,17,0
39,37,0
11,31,0
40,28,0
31,24,0
6,14,0
16,47,0
19,37,0
7,37,0
16,43,0
20,13,0
6,13,0
23,16,0
7,8,0
39,37,0
28,6,0
30,41,0
16,12,0
40,39,0
20,3,0
9,23,0
12,42,0
21,6,0
19,3,0
39,27,0
31,28,0
21,7,0
20,36,0
45,40,0
39,41,0
29,32,0
14,23,0
19,3,0
19,48,0
6,18,0
17,32,0
7,27,0
40,25,0
7,14,0
20,1,0
34,38,0
6,11,0
36,19,0
32,9,0
49,19,0
19,44,0
39,41,0
35,18,0
8,41,0
35,11,0
29,28,0
38,42,0
37,37,0
5,32,0
25,6,0
30,31,0
24,26,0
36,32,0
13,38,0
34,22,0
13,43,0
47,19,0
23,28,0
26,45,0
16,22,0
31,32,0
33,30,0
14,4,0
42,38,0
29,49,0
39,39,0
31,5,0
12,14,0
4,17,0
6,33,0
47,22,0
5,11,0
11,37,0
23,46,0
48,25,0
32,46,0
24,5,0
38,27,0
36,12,0
36,46,0
3,16,0
5,34,0
8,34,0
48,22,0
3,30,0
13,25,0
35,18,0
36,42,0
22,13,0
20,48,0
42,18,0
4,34,0
20,8,0
17,11,0
22,47,0
14,36,0
43,19,0
30,35,0
35,38,0
4,14,0
21,20,0
23,15,0
12,40,0
7,26,0
36,45,0
30,10,0
20,11,0
24,18,0
24,27,0
25,3,0
29,31,0
15,31,0
43,8,0
12,6,0
22,12,0
45,20,0
18,18,0
11,24,0
34,11,0
28,14,0
6,30,0
47,32,0
45,37,0
47,34,0
19,14,0
31,2,0
43,41,0
11,17,0
33,42,0
40,28,0
30,30,0
16,37,0
42,26,0
21,24,0
47,17,0
31,19,0
9,41,0
28,33,0
39,39,0
38,10,0
39,26,0
24,46,0
45,35,0
8,11,0
32,30,0
10,45,0
24,23,0
40,10,0
5,10,0
26,44,0
19,36,0
9,25,0
14,33,0
47,17,0
16,16,0
19,22,0
1,19,0
15,26,0
20,12,0
35,5,0
16,14,0
6,39,0
47,31,0
32,25,0
26,31,0
31,46,0
31,3,0
21,16,0
11,15,0
16,12,0
26,19,0
36,38,0
20,3,0
48,32,0
12,31,0
22,49,0
19,19,0
38,21,0
8,36,0
20,26,0
7,19,0
13,43,0
22,17,0
47,34,0
28,13,0
6,17,0
3,36,0
18,38,0
32,18,0
36,31,0
19,37,0
11,40,0
47,24,0
3,15,0
48,22,0
12,21,0
23,26,0
23,47,0
10,15,0
23,11,0
2,21,0
14,36,0
42,22,0
31,34,0
39,18,0
40,17,0
43,41,0
6,36,0
30,31,0
14,24,0
7,34,0
21,22,0
18,33,0
11,29,0
20,37,0
30,38,0
11,12,0
13,22,0
35,32,0
40,7,0
21,16,0
33,12,0
43,41,0
30,14,0
44,25,0
12,20,0
38,6,0
13,31,0
41,43,0
25,32,0
13,39,0
26,39,0
26,16,0
35,12,0
13,26,0
206,31,1
200,14,1
217,25,1
214,46,1
198,34,1
200,48,1
188,23,1
203,21,1
185,30,1
203,48,1
183,15,1
215,13,1
212,21,1
224,10,1
205,16,1
209,5,1
220,15,1
221,34,1
193,12,1
229,30,1
207,31,1
221,32,1
211,12,1
202,13,1
184,24,1
192,19,1
191,39,1
201,37,1
203,46,1
223,40,1
220,10,1
216,35,1
208,17,1
206,34,1
204,3,1
219,32,1
215,17,1
201,30,1
222,25,1
194,32,1
197,20,1
188,31,1
194,21,1
215,44,1
200,7,1
209,12,1
209,27,1
184,38,1
191,28,1
207,38,1
209,44,1
208,9,1
208,6,1
194,42,1
223,32,1
213,31,1
224,19,1
202,2,1
188,41,1
207,9,1
185,35,1
199,35,1
204,26,1
185,19,1
187,23,1
197,11,1
188,34,1
190,21,1
198,41,1
206,9,1
217,23,1
194,10,1
199,5,1
201,39,1
193,29,1
221,34,1
194,42,1
208,19,1
221,41,1
195,11,1
220,19,1
192,42,1
181,25,1
213,29,1
189,7,1
204,32,1
205,25,1
193,29,1
208,48,1
196,5,1
216,42,1
210,32,1
209,35,1
220,25,1
196,33,1
198,28,1
212,29,1
186,22,1
220,42,1
216,38,1
198,49,1
183,28,1
209,47,1
198,15,1
218,11,1
217,35,1
203,6,1
208,7,1
184,37,1
202,45,1
219,10,1
215,5,1
188,25,1
217,42,1
196,40,1
203,2,1
215,7,1
221,43,1
195,41,1
212,33,1
222,8,1
208,32,1
211,8,1
186,39,1
225,38,1
197,48,1
228,17,1
193,42,1
226,18,1
210,8,1
184,20,1
219,21,1
205,29,1
209,20,1
218,38,1
220,33,1
210,2,1
195,6,1
201,4,1
198,2,1
205,24,1
213,46,1
226,32,1
214,22,1
188,27,1
207,34,1
189,6,1
185,20,1
221,8,1
199,1,1
187,32,1
210,10,1
194,38,1
207,41,1
186,39,1
223,29,1
209,3,1
226,28,1
215,23,1
227,15,1
212,21,1
213,16,1
195,41,1
190,44,1
202,1,1
222,35,1
212,7,1
208,43,1
190,6,1
190,10,1
181,24,1
226,35,1
222,17,1
214,46,1
220,42,1
204,3,1
185,23,1
193,32,1
221,41,1
197,16,1
217,28,1
188,14,1
208,20,1
228,17,1
200,19,1
209,48,1
223,27,1
186,32,1
181,32,1
198,7,1
193,29,1
222,12,1
213,41,1
209,44,1
227,19,1
219,23,1
207,9,1
213,30,1
187,21,1
227,19,1
194,8,1
229,21,1
181,20,1
218,26,1
199,16,1
220,11,1
206,17,1
188,37,1
223,25,1
209,18,1
226,31,1
205,35,1
213,46,1
228,18,1
189,32,1
193,32,1
206,48,1
181,19,1
227,14,1
212,48,1
213,20,1
206,31,1
204,34,1
214,3,1
187,19,1
200,35,1
208,36,1
203,30,1
203,48,1
202,6,1
219,26,1
217,30,1
214,43,1
209,25,1
206,40,1
202,49,1
217,21,1
202,14,1
196,38,1
200,30,1
196,8,1
204,8,1
222,22,1
227,34,1
189,39,1
184,30,1
192,10,1
202,27,1
183,24,1
211,17,1
203,43,1
185,18,1
192,10,1
213,36,1
228,24,1
219,24,1
224,37,1
198,38,1
204,22,1
210,22,1
225,30,1
223,23,1
225,13,1
209,36,1
202,8,1
201,10,1
220,6,1
216,13,1
200,47,1
199,23,1
213,48,1
192,6,1
214,36,1
209,18,1
205,10,1
229,24,1
218,43,1
199,34,1
188,33,1
224,10,1
229,18,1
209,23,1
204,34,1
212,22,1
184,28,1
188,37,1
190,42,1
186,39,1
228,20,1
209,49,1
228,18,1
213,14,1
219,6,1
202,39,1
213,26,1
198,5,1
213,20,1
183,24,1
213,38,1
192,13,1
202,37,1
192,13,1
225,40,1
218,37,1
194,38,1
223,10,1
192,27,1
208,9,1
217,21,1
186,27,1
219,24,1
187,20,1
217,32,1
221,44,1
210,18,1
207,9,1
195,39,1
222,32,1
219,18,1
201,45,1
219,36,1
210,49,1
189,38,1
207,23,1
205,50,1
226,24,1
211,20,1
210,38,1
214,23,1
217,40,1
184,24,1
220,35,1
212,40,1
199,29,1
227,24,1
193,17,1
196,6,1
204,8,1
210,10,1
191,45,1
194,10,1
201,20,1
197,29,1
212,11,1
198,27,1
220,23,1
204,48,1
207,28,1
196,48,1
224,24,1
219,26,1
214,6,1
207,29,1
188,23,1
203,31,1
198,1,1
218,7,1
214,40,1
193,16,1
211,14,1
216,6,1
211,8,1
188,27,1
188,14,1
207,40,1
211,46,1
191,20,1
212,47,1
207,28,1
206,43,1
218,37,1
188,42,1
188,37,1
183,22,1
215,36,1
193,15,1
223,25,1
206,12,1
198,20,1
224,20,1
205,17,1
218,24,1
187,21,1
218,23,1
204,11,1
217,11,1
194,20,1
219,35,1
225,12,1
220,7,1
194,32,1
217,27,1
217,29,1
197,21,1
197,26,1
221,9,1
217,32,1
211,42,1
207,38,1
226,37,1
186,20,1
205,40,1
203,16,1
190,35,1
221,7,1
193,31,1
198,32,1
204,19,1
216,17,1
193,11,1
226,13,1
188,34,1
199,15,1
202,39,1
198,2,1
195,17,1
225,33,1
183,26,1
198,28,1
206,45,1
215,29,1
214,44,1
195,17,1
184,25,1
199,45,1
184,34,1
193,31,1
185,24,1
182,26,1
209,21,1
204,44,1
208,40,1
184,31,1
198,2,1
194,43,1
214,16,1
201,24,1
216,18,1
210,37,1
209,2,1
217,7,1
189,30,1
201,47,1
201,41,1
185,38,1
217,29,1
221,12,1
193,11,1
190,34,1
214,36,1
207,28,1
224,34,1
217,12,1
209,3,1
212,1,1
229,29,1
204,9,1
226,15,1
187,24,1
204,22,1
205,46,1
223,24,1
225,35,1
194,19,1
200,24,1
200,23,1
203,15,1
224,19,1
198,13,1
191,37,1
222,17,1
201,20,1
194,27,1
184,36,1
184,12,1
211,47,1
183,34,1
199,8,1
223,9,1
190,38,1
190,40,1
190,16,1
187,30,1
182,27,1
211,44,1
198,39,1
216,11,1
194,24,1
218,33,1
184,27,1
197,47,1
200,41,1
184,18,1
208,40,1
225,22,1
213,43,1
190,40,1
182,28,1
197,30,1
218,22,1
