11,18,0
42,43,0
26,16,0
37,15,0
17,26,0
38,28,0
8,22,0
18,28,0
17,13,0
44,19,0
35,26,0
21,5,0
36,22,0
20,23,0
14,16,0
21,2,0
15,29,0
26,1,0
10,38,0
33,7,0
6,33,0
10,16,0
10,45,0
36,10,0
27,6,0
26,36,0
28,35,0
11,22,0
36,11,0
40,31,0
41,31,0
40,8,0
40,24,0
9,18,0
15,37,0
15,42,0
35,17,0
31,44,0
39,7,0
30,34,0
43,30,0
7,9,0
34,19,0
17,2,0
30,7,0
17,46,0
43,27,0
10,11,0
41,12,0
40,40,0
14,41,0
42,13,0
4,26,0
2,29,0
48,23,0
23,46,0
41,9,0
35,10,0
22,5,0
28,22,0
46,22,0
35,44,0
30,5,0
46,24,0
47,22,0
20,41,0
27,1,0
34,5,0
20,4,0
28,47,0
5,25,0
19,3,0
36,33,0
12,7,0
14,41,0
23,13,0
44,34,0
22,14,0
17,40,0
44,10,0
17,46,0
35,47,0
31,14,0
26,47,0
37,20,0
34,29,0
30,10,0
5,32,0
28,23,0
44,21,0
42,36,0
25,23,0
49,27,0
32,42,0
14,31,0
38,17,0
23,43,0
31,10,0
29,43,0
7,40,0
20,8,0
3,25,0
28,8,0
30,25,0
14,35,0
17,35,0
27,1,0
31,5,0
39,31,0
23,48,0
5,11,0
49,24,0
22,31,0
10,29,0
33,8,0
43,41,0
45,38,0
21,37,0
25,13,0
14,45,0
30,25,0
22,27,0
42,18,0
18,8,0
15,33,0
36,20,0
20,28,0
27,21,0
20,16,0
21,12,0
31,20,0
24,30,0
30,19,0
1,28,0
27,1,0
27,8,0
11,34,0
18,2,0
40,7,0
11,20,0
12,7,0
15,8,0
35,36,0
16,23,0
24,2,0
10,5,0
35,31,0
6,19,0
9,33,0
17,8,0
41,39,0
22,15,0
22,44,0
26,18,0
10,14,0
35,42,0
13,35,0
32,34,0
8,24,0
31,20,0
14,16,0
29,33,0
39,44,0
42,11,0
25,23,0
32,19,0
28,24,0
40,7,0
4,13,0
13,4,0
25,2,0
31,4,0
30,12,0
21,35,0
7,37,0
15,18,0
5,35,0
43,30,0
46,13,0
26,20,0
39,22,0
30,17,0
21,23,0
35,42,0
18,36,0
33,13,0
20,48,0
26,26,0
28,48,0
10,11,0
12,26,0
12,21,0
31,40,0
24,40,0
13,11,0
32,10,0
17,17,0
6,17,0
22,38,0
24,45,0
11,20,0
20,15,0
18,41,0
37,30,0
7,33,0
0,25,0
27,39,0
24,23,0
49,21,0
33,27,0
26,28,0
40,9,0
20,32,0
20,2,0
34,11,0
11,45,0
45,39,0
1,32,0
1,27,0
39,45,0
48,33,0
3,18,0
5,21,0
2,17,0
3,29,0
25,44,0
3,17,0
37,41,0
22,20,0
24,23,0
42,20,0
35,34,0
35,20,0
5,23,0
29,36,0
39,25,0
43,33,0
32,41,0
12,34,0
30,35,0
10,28,0
41,37,0
23,30,0
17,41,0
34,7,0
34,7,0
22,14,0
13,22,0
47,31,0
43,23,0
4,19,0
31,4,0
8,32,0
44,14,0
36,3,0
13,21,0
17,30,0
43,32,0
26,21,0
32,26,0
24,15,0
1,30,0
17,14,0
21,44,0
19,5,0
33,33,0
11,33,0
25,0,0
45,33,0
12,30,0
22,9,0
21,9,0
40,16,0
36,11,0
2,28,0
42,17,0
18,32,0
10,27,0
16,4,0
17,37,0
41,44,0
26,21,0
24,12,0
32,2,0
12,34,0
39,18,0
48,24,0
35,14,0
9,11,0
43,40,0
13,38,0
36,17,0
10,23,0
8,41,0
7,27,0
43,8,0
26,20,0
44,34,0
25,10,0
19,6,0
21,43,0
27,8,0
42,18,0
21,25,0
17,47,0
7,24,0
5,27,0
14,41,0
46,14,0
14,16,0
37,30,0
8,19,0
8,27,0
10,37,0
32,14,0
25,38,0
22,12,0
42,32,0
42,18,0
29,28,0
40,33,0
21,43,0
38,4,0
28,23,0
44,40,0
42,10,0
28,43,0
42,21,0
31,40,0
28,39,0
13,18,0
48,32,0
17,35,0
9,31,0
20,40,0
25,24,0
16,4,0
7,26,0
39,26,0
9,44,0
43,25,0
40,20,0
37,6,0
21,35,0
38,21,0
1,25,0
31,15,0
21,28,0
31,35,0
47,25,0
17,2,0
37,22,0
27,32,0
18,9,0
37,38,0
29,19,0
24,4,0
9,42,0
37,38,0
47,20,0
29,43,0
23,48,0
6,31,0
14,18,0
4,12,0
29,18,0
31,7,0
21,10,0
33,30,0
19,33,0
36,40,0
25,10,0
33,33,0
31,45,0
1,32,0
46,17,0
25,24,0
36,20,0
24,19,0
23,25,0
44,11,0
20,34,0
30,45,0
32,35,0
16,17,0
13,32,0
32,12,0
34,18,0
33,6,0
28,9,0
39,17,0
37,11,0
20,40,0
29,32,0
7,26,0
17,46,0
35,4,0
39,41,0
22,1,0
22,25,0
44,22,0
24,7,0
4,32,0
38,45,0
12,17,0
4,25,0
16,2,0
17,45,0
28,47,0
9,31,0
28,19,0
31,42,0
37,31,0
7,27,0
45,37,0
35,47,0
23,5,0
14,30,0
6,9,0
19,12,0
16,47,0
18,14,0
24,32,0
31,38,0
15,20,0
34,5,0
45,13,0
18,47,0
20,12,0
22,39,0
10,40,0
29,36,0
41,29,0
42,16,0
28,7,0
10,34,0
8,21,0
39,31,0
15,33,0
25,45,0
26,29,0
19,39,0
34,8,0
27,4,0
20,3,0
3,36,0
7,33,0
31,42,0
42,40,0
16,10,0
28,16,0
27,5,0
41,38,0
40,19,0
24,38,0
20,36,0
24,45,0
31,35,0
48,34,0
4,21,0
4,21,0
27,2,0
20,33,0
25,16,0
43,19,0
31,9,0
10,39,0
27,39,0
10,16,0
17,19,0
7,18,0
24,30,0
41,40,0
25,40,0
12,43,0
47,26,0
17,9,0
37,44,0
14,23,0
37,14,0
30,7,0
28,45,0
39,8,0
44,28,0
3,16,0
17,16,0
33,43,0
39,23,0
30,2,0
22,24,0
13,16,0
41,22,0
8,36,0
20,31,0
18,22,0
17,34,0
24,46,0
4,36,0
39,34,0
21,11,0
221,17,1
218,29,1
205,47,1
202,38,1
193,21,1
192,14,1
203,45,1
225,26,1
216,16,1
214,12,1
196,28,1
204,33,1
209,45,1
228,16,1
201,32,1
217,37,1
207,12,1
206,36,1
200,11,1
190,36,1
186,20,1
229,23,1
217,29,1
185,10,1
222,27,1
206,42,1
223,30,1
220,39,1
209,10,1
212,30,1
218,15,1
219,20,1
197,41,1
227,20,1
218,42,1
186,27,1
225,23,1
206,39,1
226,21,1
227,24,1
212,40,1
208,14,1
196,27,1
181,25,1
228,18,1
202,46,1
206,15,1
199,7,1
190,45,1
188,39,1
214,31,1
227,23,1
190,45,1
212,1,1
211,10,1
183,34,1
222,15,1
214,5,1
206,2,1
190,7,1
207,1,1
188,33,1
210,2,1
200,36,1
194,22,1
206,21,1
189,39,1
212,47,1
200,2,1
220,43,1
194,38,1
228,30,1
208,20,1
209,8,1
203,7,1
197,2,1
218,37,1
183,25,1
204,43,1
218,4,1
220,40,1
199,20,1
212,11,1
189,27,1
192,12,1
216,4,1
209,16,1
190,37,1
215,41,1
189,27,1
223,15,1
224,37,1
219,35,1
229,23,1
201,41,1
203,44,1
222,11,1
199,47,1
219,18,1
187,14,1
224,27,1
223,23,1
214,24,1
217,45,1
191,32,1
199,9,1
216,15,1
210,42,1
188,20,1
202,4,1
201,40,1
223,15,1
206,32,1
206,20,1
197,34,1
215,18,1
197,40,1
196,11,1
195,34,1
212,29,1
214,23,1
222,38,1
227,25,1
182,24,1
201,5,1
218,36,1
222,16,1
213,6,1
215,21,1
213,3,1
193,24,1
216,39,1
188,23,1
223,34,1
202,36,1
197,37,1
220,13,1
207,20,1
182,25,1
185,11,1
198,9,1
210,43,1
186,35,1
204,11,1
212,36,1
201,15,1
217,7,1
192,45,1
199,36,1
225,26,1
225,36,1
209,23,1
189,31,1
214,7,1
203,22,1
198,37,1
210,10,1
209,24,1
213,37,1
221,14,1
193,19,1
207,27,1
218,35,1
221,32,1
213,47,1
220,45,1
221,42,1
184,36,1
213,37,1
196,38,1
211,34,1
218,40,1
202,45,1
181,25,1
219,45,1
189,41,1
202,12,1
211,35,1
191,17,1
188,21,1
186,17,1
203,29,1
194,28,1
184,20,1
209,2,1
208,40,1
223,31,1
185,35,1
211,31,1
192,43,1
190,35,1
225,38,1
225,16,1
193,32,1
192,17,1
190,16,1
195,30,1
191,40,1
208,45,1
199,26,1
219,16,1
195,23,1
197,35,1
195,23,1
215,41,1
205,42,1
205,3,1
191,20,1
201,42,1
215,26,1
209,48,1
216,45,1
186,27,1
210,42,1
200,11,1
191,41,1
199,34,1
209,41,1
217,11,1
207,12,1
185,34,1
189,21,1
193,18,1
185,37,1
225,33,1
205,31,1
209,42,1
205,48,1
200,40,1
197,10,1
206,36,1
204,26,1
220,30,1
197,26,1
221,37,1
194,30,1
215,10,1
203,2,1
206,28,1
193,43,1
208,11,1
190,27,1
194,37,1
183,26,1
210,17,1
190,26,1
186,21,1
200,41,1
203,9,1
206,18,1
193,39,1
205,13,1
195,22,1
221,31,1
201,8,1
214,19,1
220,20,1
225,32,1
214,25,1
219,20,1
197,48,1
208,49,1
203,5,1
196,2,1
187,29,1
216,40,1
209,46,1
222,42,1
220,39,1
209,6,1
216,7,1
204,2,1
182,18,1
182,30,1
196,15,1
189,12,1
189,8,1
195,47,1
221,41,1
196,19,1
208,14,1
225,36,1
207,34,1
218,28,1
224,32,1
203,31,1
188,39,1
203,16,1
217,9,1
210,16,1
202,41,1
208,8,1
201,46,1
203,17,1
202,14,1
222,8,1
186,20,1
194,21,1
215,3,1
228,19,1
199,36,1
189,16,1
217,9,1
215,36,1
196,30,1
205,1,1
183,24,1
225,27,1
181,24,1
204,14,1
186,12,1
187,25,1
206,31,1
204,1,1
204,8,1
210,49,1
187,30,1
209,11,1
196,28,1
186,17,1
203,26,1
198,21,1
187,17,1
218,45,1
223,29,1
227,23,1
203,9,1
186,39,1
202,35,1
220,45,1
199,43,1
184,38,1
197,20,1
219,14,1
215,35,1
223,15,1
185,18,1
204,25,1
209,45,1
205,43,1
196,20,1
218,29,1
219,9,1
222,14,1
211,10,1
223,29,1
215,26,1
212,49,1
193,46,1
212,3,1
211,5,1
188,34,1
208,26,1
217,17,1
216,30,1
217,9,1
208,18,1
193,36,1
193,45,1
198,20,1
203,14,1
191,7,1
196,20,1
226,37,1
222,35,1
184,23,1
224,15,1
206,11,1
185,21,1
183,18,1
200,49,1
218,40,1
210,18,1
190,6,1
198,27,1
211,45,1
208,3,1
193,6,1
218,11,1
189,37,1
207,19,1
211,2,1
208,7,1
198,27,1
211,4,1
216,44,1
220,19,1
213,25,1
193,21,1
216,18,1
222,18,1
224,11,1
196,18,1
207,26,1
209,19,1
217,39,1
213,39,1
217,38,1
192,16,1
203,17,1
187,20,1
226,12,1
200,5,1
192,46,1
184,19,1
229,18,1
197,15,1
217,29,1
205,35,1
219,17,1
207,38,1
195,15,1
203,36,1
206,40,1
186,17,1
217,17,1
186,25,1
192,25,1
205,32,1
183,22,1
208,24,1
204,15,1
200,22,1
223,41,1
194,20,1
216,37,1
188,23,1
184,27,1
212,24,1
189,34,1
192,18,1
181,26,1
211,6,1
199,38,1
207,34,1
216,9,1
196,25,1
199,47,1
216,17,1
184,12,1
209,35,1
185,37,1
228,29,1
211,31,1
204,31,1
207,45,1
193,17,1
184,26,1
222,38,1
200,22,1
199,27,1
182,16,1
183,28,1
221,35,1
196,37,1
208,47,1
192,42,1
220,13,1
198,11,1
202,11,1
220,34,1
191,18,1
223,20,1
214,25,1
192,46,1
196,27,1
223,33,1
206,43,1
219,5,1
216,3,1
193,40,1
212,22,1
200,13,1
200,47,1
217,39,1
190,41,1
188,24,1
223,36,1
201,20,1
204,8,1
207,11,1
215,23,1
202,42,1
190,7,1
186,25,1
214,14,1
194,29,1
216,25,1
207,18,1
212,21,1
203,49,1
206,28,1
210,44,1
201,19,1
197,32,1
187,31,1
188,19,1
190,35,1
207,46,1
203,45,1
