48,31,0
20,41,0
21,33,0
13,38,0
40,12,0
15,36,0
18,23,0
11,33,0
46,15,0
3,18,0
23,20,0
10,43,0
5,26,0
41,43,0
20,13,0
16,3,0
10,31,0
27,27,0
12,10,0
44,41,0
8,19,0
5,15,0
24,13,0
39,35,0
22,36,0
43,28,0
18,39,0
29,6,0
16,11,0
10,10,0
32,31,0
33,29,0
17,40,0
29,6,0
24,18,0
18,47,0
31,26,0
4,16,0
10,12,0
10,25,0
28,33,0
18,39,0
35,17,0
7,38,0
28,13,0
12,43,0
42,18,0
17,16,0
35,4,0
24,41,0
16,43,0
25,38,0
41,15,0
45,25,0
28,30,0
5,37,0
22,27,0
17,20,0
29,28,0
13,10,0
6,14,0
44,40,0
48,34,0
21,21,0
28,36,0
26,29,0
2,33,0
16,40,0
37,32,0
6,13,0
31,49,0
30,36,0
15,17,0
7,37,0
13,9,0
2,21,0
31,45,0
23,40,0
36,42,0
32,31,0
45,26,0
22,41,0
34,7,0
35,18,0
2,17,0
3,24,0
22,44,0
3,16,0
28,30,0
15,29,0
8,27,0
28,28,0
25,29,0
28,41,0
6,11,0
31,14,0
30,41,0
24,22,0
37,35,0
44,21,0
38,39,0
25,27,0
39,11,0
14,41,0
21,30,0
46,36,0
37,39,0
21,12,0
20,17,0
30,25,0
41,25,0
44,15,0
29,29,0
10,44,0
3,19,0
25,6,0
34,15,0
8,25,0
16,29,0
35,13,0
20,32,0
28,37,0
20,18,0
46,26,0
23,41,0
8,7,0
14,26,0
40,10,0
23,9,0
27,20,0
16,27,0
34,16,0
31,16,0
9,28,0
4,37,0
42,28,0
23,30,0
14,45,0
3,26,0
42,16,0
32,41,0
42,33,0
23,38,0
2,31,0
26,13,0
2,28,0
19,28,0
9,32,0
27,47,0
41,33,0
14,22,0
20,43,0
7,18,0
14,17,0
18,41,0
28,21,0
23,37,0
43,24,0
4,29,0
15,24,0
11,5,0
26,26,0
9,35,0
28,14,0
8,32,0
38,39,0
37,35,0
37,38,0
17,35,0
21,31,0
38,41,0
20,36,0
11,41,0
6,37,0
28,49,0
36,17,0
39,31,0
30,34,0
27,34,0
22,37,0
22,22,0
15,17,0
4,26,0
22,11,0
25,44,0
24,35,0
22,38,0
42,15,0
21,37,0
11,11,0
16,18,0
10,25,0
15,41,0
25,25,0
25,39,0
19,23,0
16,37,0
45,23,0
25,13,0
32,24,0
16,10,0
32,13,0
48,27,0
36,27,0
7,29,0
29,43,0
20,49,0
17,9,0
31,9,0
19,33,0
42,19,0
47,22,0
4,36,0
22,31,0
1,30,0
9,26,0
47,17,0
36,46,0
18,15,0
16,9,0
14,14,0
29,40,0
3,26,0
26,40,0
28,10,0
16,37,0
23,24,0
8,13,0
28,11,0
17,30,0
21,5,0
17,36,0
17,2,0
13,13,0
31,3,0
43,16,0
26,15,0
36,31,0
8,38,0
14,13,0
4,14,0
42,20,0
25,4,0
26,11,0
7,28,0
31,37,0
25,26,0
36,17,0
7,26,0
37,30,0
21,18,0
25,48,0
49,20,0
38,23,0
38,46,0
14,20,0
30,47,0
22,19,0
23,14,0
34,39,0
6,15,0
36,35,0
38,41,0
27,26,0
43,10,0
15,27,0
38,17,0
22,2,0
40,42,0
32,48,0
5,15,0
47,22,0
16,37,0
28,12,0
18,38,0
13,11,0
22,12,0
35,11,0
22,8,0
18,49,0
25,36,0
33,38,0
45,19,0
12,15,0
36,47,0
1,21,0
13,22,0
37,33,0
9,27,0
33,31,0
45,33,0
4,18,0
19,26,0
33,43,0
16,14,0
17,11,0
8,32,0
4,13,0
29,24,0
9,18,0
18,7,0
25,41,0
15,26,0
16,12,0
24,49,0
20,40,0
48,24,0
23,46,0
5,37,0
11,16,0
15,6,0
23,34,0
45,35,0
13,29,0
9,11,0
38,27,0
14,45,0
29,20,0
41,18,0
23,6,0
16,31,0
3,28,0
26,45,0
14,28,0
7,16,0
45,26,0
1,23,0
18,6,0
18,34,0
12,10,0
36,30,0
23,6,0
41,31,0
30,43,0
7,29,0
6,35,0
9,40,0
18,28,0
48,26,0
37,22,0
31,6,0
9,6,0
16,10,0
41,23,0
42,19,0
39,21,0
21,15,0
39,22,0
39,19,0
40,40,0
19,2,0
8,8,0
5,29,0
10,18,0
12,43,0
32,1,0
22,30,0
48,16,0
36,4,0
16,44,0
7,21,0
18,27,0
12,33,0
43,35,0
38,4,0
31,40,0
23,20,0
21,35,0
18,8,0
35,31,0
13,46,0
7,34,0
26,43,0
33,29,0
30,14,0
30,49,0
16,45,0
21,35,0
42,14,0
17,42,0
44,20,0
42,25,0
21,17,0
29,43,0
28,43,0
11,11,0
41,15,0
18,9,0
7,17,0
30,32,0
24,17,0
10,6,0
12,42,0
29,33,0
35,22,0
22,3,0
38,5,0
33,30,0
34,33,0
12,21,0
26,17,0
38,18,0
24,6,0
3,36,0
27,2,0
7,24,0
40,24,0
21,15,0
16,3,0
13,18,0
13,36,0
6,11,0
41,31,0
15,45,0
19,25,0
42,42,0
45,37,0
39,33,0
26,32,0
24,28,0
19,4,0
18,47,0
28,44,0
31,40,0
42,40,0
40,40,0
46,25,0
44,25,0
49,23,0
20,34,0
32,18,0
15,24,0
10,30,0
23,8,0
6,10,0
48,31,0
30,1,0
27,37,0
33,10,0
16,11,0
43,16,0
13,43,0
27,12,0
44,27,0
26,45,0
13,20,0
39,8,0
18,22,0
1,32,0
26,33,0
38,21,0
31,39,0
45,11,0
3,20,0
31,45,0
45,29,0
26,30,0
5,17,0
37,14,0
10,6,0
7,29,0
27,37,0
14,15,0
43,26,0
28,23,0
38,46,0
10,27,0
11,8,0
20,3,0
28,19,0
16,41,0
10,19,0
32,25,0
7,24,0
11,13,0
17,16,0
11,41,0
16,18,0
12,25,0
26,12,0
42,22,0
30,49,0
7,24,0
19,32,0
15,13,0
35,30,0
5,34,0
18,42,0
43,36,0
10,24,0
43,25,0
44,23,0
23,26,0
26,19,0
39,10,0
25,47,0
41,29,0
37,25,0
44,29,0
31,1,0
222,24,1
222,22,1
205,3,1
207,25,1
189,40,1
205,36,1
203,31,1
207,38,1
205,26,1
187,24,1
222,32,1
193,24,1
199,22,1
205,28,1
201,21,1
211,18,1
204,15,1
214,20,1
185,20,1
185,12,1
219,40,1
216,45,1
192,37,1
197,45,1
223,14,1
213,24,1
199,28,1
224,26,1
213,18,1
183,27,1
210,40,1
227,25,1
196,39,1
224,18,1
200,38,1
197,32,1
181,27,1
213,11,1
218,5,1
193,5,1
223,21,1
196,11,1
219,33,1
224,10,1
196,2,1
198,3,1
206,27,1
228,29,1
207,10,1
197,41,1
208,16,1
189,30,1
212,6,1
224,41,1
226,24,1
187,37,1
202,40,1
199,34,1
185,18,1
214,8,1
193,24,1
223,37,1
229,31,1
200,34,1
195,25,1
200,2,1
193,20,1
204,13,1
196,4,1
206,8,1
210,24,1
196,31,1
224,22,1
192,37,1
190,16,1
212,23,1
205,18,1
197,45,1
198,20,1
191,10,1
222,9,1
198,36,1
220,21,1
215,12,1
192,26,1
199,17,1
216,36,1
225,30,1
222,35,1
200,17,1
209,20,1
187,18,1
215,15,1
216,38,1
191,14,1
186,20,1
203,14,1
200,38,1
196,15,1
187,37,1
202,1,1
209,12,1
207,46,1
204,2,1
209,10,1
216,18,1
184,38,1
214,31,1
224,22,1
187,20,1
186,31,1
207,24,1
217,38,1
201,13,1
218,16,1
203,12,1
229,25,1
192,34,1
187,24,1
187,40,1
223,35,1
198,42,1
210,48,1
219,18,1
197,46,1
184,23,1
221,17,1
200,39,1
228,28,1
211,41,1
204,7,1
203,43,1
210,49,1
201,6,1
200,42,1
200,38,1
225,10,1
205,6,1
215,19,1
215,42,1
210,30,1
199,39,1
203,40,1
213,19,1
222,8,1
208,38,1
229,28,1
205,36,1
190,28,1
201,36,1
200,8,1
212,37,1
185,22,1
213,5,1
192,16,1
190,34,1
182,22,1
205,29,1
209,48,1
206,37,1
206,48,1
211,19,1
211,44,1
214,45,1
190,32,1
204,4,1
229,21,1
196,9,1
190,13,1
205,46,1
185,18,1
217,26,1
208,37,1
193,16,1
197,19,1
194,37,1
204,1,1
202,25,1
218,21,1
213,19,1
201,20,1
216,41,1
204,2,1
208,45,1
199,25,1
215,30,1
205,12,1
213,6,1
204,14,1
204,4,1
218,31,1
216,26,1
217,23,1
223,26,1
224,23,1
226,12,1
206,7,1
207,49,1
194,46,1
187,34,1
197,16,1
206,11,1
204,44,1
217,10,1
190,22,1
210,6,1
199,1,1
212,49,1
211,1,1
195,20,1
209,19,1
202,11,1
205,41,1
189,7,1
229,22,1
217,38,1
203,29,1
206,18,1
217,37,1
200,26,1
218,7,1
196,39,1
212,46,1
201,31,1
217,20,1
226,17,1
211,21,1
191,45,1
219,31,1
197,22,1
189,37,1
208,37,1
228,34,1
195,20,1
217,12,1
192,37,1
215,37,1
192,27,1
206,42,1
200,23,1
217,6,1
198,47,1
205,41,1
191,17,1
215,19,1
221,9,1
213,5,1
204,39,1
215,47,1
185,21,1
219,25,1
205,29,1
206,10,1
207,2,1
215,38,1
183,34,1
199,29,1
199,33,1
183,16,1
212,33,1
209,28,1
223,12,1
226,29,1
222,36,1
183,15,1
226,34,1
208,24,1
216,3,1
204,38,1
218,27,1
228,30,1
221,24,1
194,20,1
188,37,1
183,21,1
224,37,1
191,37,1
212,36,1
198,17,1
214,32,1
196,13,1
218,8,1
206,22,1
225,30,1
225,11,1
212,27,1
210,2,1
193,43,1
199,28,1
212,27,1
211,21,1
200,11,1
226,15,1
211,23,1
203,21,1
196,14,1
228,32,1
220,11,1
216,15,1
219,28,1
198,11,1
200,36,1
208,23,1
222,25,1
199,35,1
187,14,1
202,25,1
199,5,1
218,44,1
215,3,1
203,35,1
191,22,1
198,38,1
222,7,1
200,43,1
225,11,1
206,40,1
206,15,1
205,42,1
199,27,1
211,18,1
219,38,1
206,49,1
190,10,1
186,40,1
201,40,1
208,48,1
205,3,1
222,23,1
217,19,1
209,31,1
213,6,1
224,18,1
188,13,1
183,26,1
190,22,1
197,44,1
220,41,1
188,29,1
187,25,1
198,43,1
203,39,1
209,2,1
227,25,1
181,21,1
190,30,1
211,21,1
219,31,1
217,15,1
216,45,1
188,20,1
189,27,1
196,31,1
227,17,1
217,24,1
201,11,1
181,21,1
216,12,1
208,18,1
196,19,1
192,28,1
216,43,1
195,20,1
183,24,1
186,35,1
184,25,1
186,33,1
186,25,1
203,8,1
213,17,1
195,32,1
228,21,1
218,17,1
223,17,1
208,25,1
200,18,1
227,20,1
209,37,1
189,11,1
205,43,1
190,34,1
229,22,1
216,17,1
201,35,1
185,11,1
185,30,1
215,46,1
193,27,1
212,48,1
195,25,1
213,9,1
189,24,1
202,13,1
191,7,1
182,23,1
199,19,1
209,16,1
199,39,1
195,15,1
206,28,1
214,7,1
191,44,1
203,24,1
190,33,1
194,37,1
194,13,1
186,27,1
204,47,1
229,25,1
210,17,1
206,4,1
192,21,1
214,24,1
201,32,1
206,36,1
212,49,1
192,29,1
196,24,1
194,10,1
227,25,1
187,21,1
224,30,1
213,21,1
209,25,1
219,21,1
209,33,1
195,31,1
187,34,1
204,25,1
183,15,1
207,27,1
189,37,1
183,31,1
198,39,1
200,39,1
222,38,1
214,15,1
183,24,1
192,20,1
207,33,1
187,20,1
196,29,1
186,20,1
213,25,1
190,13,1
220,17,1
187,39,1
195,34,1
206,19,1
202,48,1
198,47,1
189,20,1
197,27,1
195,41,1
215,13,1
207,13,1
202,34,1
193,8,1
210,37,1
211,21,1
203,29,1
201,25,1
195,35,1
216,10,1
215,33,1
210,2,1
208,18,1
216,19,1
229,31,1
183,18,1
225,13,1
208,36,1
185,26,1
195,45,1
189,17,1
192,18,1
188,16,1
197,28,1
207,10,1
202,2,1
210,24,1
219,42,1
196,12,1
185,12,1
206,30,1
219,35,1
204,31,1
207,47,1
205,21,1
207,34,1
198,10,1
226,18,1
218,32,1
190,34,1
229,30,1
225,16,1
227,29,1
227,18,1
205,39,1
195,20,1
