28,23,0
36,17,0
42,36,0
42,7,0
8,24,0
48,33,0
22,14,0
6,41,0
15,47,0
44,35,0
24,18,0
20,40,0
2,26,0
6,38,0
5,20,0
10,7,0
36,47,0
46,20,0
42,22,0
26,35,0
26,48,0
43,16,0
8,31,0
40,16,0
37,5,0
17,47,0
29,9,0
11,21,0
34,46,0
15,27,0
44,25,0
49,29,0
17,11,0
41,38,0
18,23,0
13,10,0
29,6,0
17,44,0
22,8,0
8,41,0
39,33,0
42,30,0
30,7,0
14,26,0
1,29,0
23,18,0
21,33,0
20,4,0
44,39,0
31,44,0
38,9,0
11,28,0
25,18,0
32,10,0
30,32,0
25,13,0
3,24,0
15,11,0
25,0,0
26,23,0
24,4,0
38,35,0
29,42,0
40,12,0
46,14,0
16,48,0
25,11,0
10,6,0
13,21,0
28,20,0
46,38,0
22,48,0
22,37,0
29,25,0
10,13,0
15,15,0
42,33,0
41,34,0
38,17,0
5,14,0
15,28,0
14,13,0
17,43,0
22,19,0
29,22,0
44,10,0
9,20,0
21,19,0
19,48,0
41,40,0
20,41,0
34,13,0
4,33,0
33,37,0
47,24,0
43,30,0
23,4,0
29,33,0
45,26,0
20,11,0
13,28,0
35,21,0
3,26,0
47,32,0
20,38,0
43,10,0
9,36,0
44,9,0
46,20,0
38,24,0
37,4,0
41,37,0
48,24,0
32,48,0
28,16,0
28,35,0
25,29,0
30,48,0
11,18,0
35,36,0
7,15,0
21,25,0
8,30,0
17,34,0
19,24,0
20,43,0
14,46,0
17,7,0
29,29,0
47,32,0
33,41,0
33,22,0
34,32,0
12,6,0
28,22,0
28,23,0
41,11,0
27,33,0
17,41,0
7,30,0
14,9,0
16,8,0
18,36,0
28,25,0
25,20,0
12,32,0
19,14,0
45,32,0
27,39,0
42,8,0
22,24,0
21,41,0
28,4,0
18,13,0
28,36,0
33,6,0
49,25,0
44,37,0
9,16,0
28,19,0
46,34,0
29,14,0
17,28,0
24,9,0
13,24,0
31,31,0
20,6,0
46,12,0
12,16,0
26,26,0
42,7,0
4,27,0
21,48,0
33,3,0
31,41,0
34,41,0
8,24,0
28,36,0
21,43,0
44,39,0
6,12,0
13,28,0
15,28,0
27,2,0
32,10,0
40,32,0
7,29,0
22,30,0
17,9,0
40,43,0
27,43,0
24,20,0
15,44,0
22,32,0
32,32,0
22,15,0
22,37,0
30,20,0
17,37,0
25,25,0
6,15,0
13,19,0
40,13,0
12,9,0
26,25,0
7,21,0
6,20,0
27,2,0
39,33,0
15,35,0
28,23,0
12,10,0
27,14,0
12,30,0
23,18,0
7,38,0
31,41,0
34,16,0
16,36,0
12,46,0
19,27,0
46,14,0
24,43,0
19,10,0
19,11,0
21,16,0
21,6,0
19,20,0
7,33,0
37,22,0
36,21,0
29,41,0
17,32,0
14,24,0
42,43,0
10,23,0
9,38,0
28,32,0
32,32,0
4,27,0
16,23,0
21,39,0
45,24,0
11,26,0
45,34,0
35,7,0
11,11,0
22,17,0
15,7,0
34,6,0
11,19,0
32,37,0
42,27,0
25,40,0
17,33,0
49,24,0
12,31,0
28,7,0
20,18,0
31,48,0
31,49,0
35,19,0
43,15,0
33,21,0
19,19,0
21,12,0
29,16,0
10,27,0
46,30,0
28,7,0
17,10,0
26,45,0
12,23,0
13,37,0
14,25,0
25,18,0
14,43,0
47,34,0
27,37,0
1,28,0
21,25,0
11,15,0
2,24,0
31,27,0
8,10,0
33,13,0
37,25,0
26,33,0
19,32,0
5,30,0
21,21,0
28,25,0
11,20,0
18,5,0
4,16,0
24,47,0
10,19,0
2,18,0
41,35,0
25,33,0
15,23,0
14,6,0
6,11,0
39,37,0
19,43,0
11,5,0
29,19,0
17,8,0
45,23,0
25,1,0
25,2,0
10,32,0
25,18,0
49,25,0
18,39,0
21,35,0
27,9,0
27,13,0
25,20,0
45,27,0
7,24,0
36,22,0
32,4,0
32,8,0
37,22,0
3,24,0
20,7,0
29,3,0
24,32,0
29,47,0
46,38,0
29,3,0
3,27,0
47,26,0
20,29,0
20,37,0
27,33,0
13,8,0
37,26,0
11,43,0
10,18,0
35,36,0
16,14,0
20,18,0
37,19,0
19,11,0
40,18,0
32,39,0
4,31,0
20,28,0
25,21,0
22,28,0
29,11,0
19,40,0
19,11,0
41,6,0
20,18,0
35,7,0
47,30,0
24,21,0
49,18,0
33,33,0
48,33,0
24,18,0
18,29,0
21,44,0
3,33,0
23,30,0
10,8,0
8,12,0
25,11,0
29,7,0
2,33,0
24,28,0
6,29,0
36,17,0
13,46,0
38,41,0
41,19,0
37,19,0
6,25,0
37,14,0
10,19,0
18,22,0
9,20,0
18,6,0
19,31,0
38,26,0
17,6,0
9,16,0
20,37,0
8,13,0
33,5,0
1,23,0
12,39,0
19,5,0
7,18,0
13,25,0
29,8,0
34,6,0
14,14,0
27,48,0
27,37,0
46,12,0
32,42,0
31,41,0
22,22,0
35,11,0
34,16,0
15,17,0
36,7,0
17,20,0
3,16,0
39,21,0
13,32,0
20,24,0
24,5,0
17,14,0
45,31,0
13,12,0
8,28,0
28,36,0
24,42,0
21,13,0
3,15,0
16,10,0
43,26,0
17,4,0
9,38,0
16,15,0
15,45,0
31,26,0
28,44,0
42,39,0
26,1,0
40,44,0
29,44,0
46,38,0
12,22,0
26,42,0
31,7,0
9,14,0
38,6,0
32,22,0
12,26,0
27,30,0
26,46,0
35,41,0
20,42,0
18,18,0
3,28,0
33,4,0
23,48,0
9,21,0
14,5,0
10,42,0
19,24,0
6,27,0
41,39,0
7,29,0
9,24,0
30,26,0
27,43,0
10,40,0
42,16,0
36,44,0
14,33,0
43,38,0
13,10,0
15,44,0
30,24,0
34,34,0
12,46,0
25,19,0
14,43,0
15,5,0
14,4,0
26,7,0
39,18,0
49,21,0
8,12,0
34,29,0
19,43,0
15,5,0
11,5,0
35,24,0
37,21,0
34,41,0
41,42,0
42,40,0
23,23,0
41,10,0
22,17,0
24,32,0
27,6,0
1,32,0
35,47,0
23,48,0
36,19,0
2,27,0
315,33,1
325,22,1
304,9,1
317,40,1
323,35,1
307,48,1
300,9,1
305,5,1
309,8,1
297,5,1
295,8,1
304,37,1
303,9,1
310,43,1
292,38,1
314,7,1
297,20,1
292,31,1
305,38,1
304,1,1
316,17,1
285,17,1
315,12,1
287,16,1
303,33,1
310,19,1
308,23,1
300,12,1
319,27,1
316,27,1
299,41,1
300,15,1
319,23,1
328,20,1
301,12,1
295,19,1
317,13,1
311,17,1
320,24,1
306,25,1
292,14,1
292,28,1
288,30,1
290,30,1
320,15,1
301,38,1
320,36,1
293,23,1
305,13,1
285,26,1
305,50,1
326,16,1
302,43,1
303,43,1
287,17,1
298,43,1
309,48,1
311,42,1
299,4,1
309,17,1
314,45,1
299,2,1
312,22,1
313,37,1
288,30,1
305,6,1
320,15,1
300,18,1
306,23,1
303,22,1
313,24,1
285,37,1
315,40,1
301,16,1
290,41,1
319,42,1
313,7,1
312,28,1
313,13,1
292,45,1
288,16,1
287,24,1
312,28,1
289,14,1
295,47,1
326,22,1
289,31,1
309,16,1
320,30,1
297,20,1
293,4,1
300,25,1
298,24,1
317,16,1
281,30,1
284,32,1
293,27,1
302,42,1
303,24,1
324,13,1
312,31,1
302,7,1
312,3,1
308,49,1
313,45,1
311,45,1
327,32,1
299,41,1
314,27,1
321,42,1
293,42,1
328,16,1
313,41,1
285,14,1
289,6,1
305,49,1
290,6,1
299,5,1
327,15,1
320,26,1
313,32,1
313,6,1
300,12,1
318,22,1
314,24,1
300,26,1
315,37,1
319,37,1
287,38,1
299,33,1
293,14,1
291,32,1
309,7,1
321,18,1
321,33,1
282,21,1
305,28,1
308,42,1
307,3,1
329,26,1
323,41,1
319,6,1
312,39,1
300,5,1
300,19,1
313,29,1
301,29,1
318,9,1
308,32,1
292,16,1
312,46,1
312,4,1
322,37,1
299,10,1
291,39,1
308,45,1
323,20,1
316,8,1
293,32,1
326,20,1
307,5,1
328,16,1
325,38,1
285,40,1
308,38,1
299,47,1
302,25,1
324,31,1
319,37,1
288,17,1
308,49,1
293,41,1
308,32,1
313,40,1
304,23,1
291,20,1
304,44,1
299,37,1
320,14,1
286,18,1
290,22,1
321,23,1
310,2,1
324,25,1
320,18,1
284,13,1
309,49,1
302,7,1
300,12,1
317,16,1
302,13,1
316,37,1
309,29,1
294,11,1
294,8,1
319,18,1
291,25,1
300,20,1
291,38,1
320,8,1
313,31,1
315,38,1
321,18,1
300,32,1
293,4,1
317,21,1
317,35,1
328,17,1
327,28,1
294,31,1
311,35,1
307,18,1
301,29,1
304,19,1
318,5,1
311,16,1
314,33,1
325,24,1
300,42,1
292,15,1
317,28,1
316,10,1
328,21,1
304,25,1
305,22,1
323,28,1
312,35,1
309,5,1
296,34,1
290,6,1
306,34,1
314,18,1
301,33,1
295,25,1
310,22,1
314,27,1
318,8,1
306,27,1
313,16,1
301,28,1
308,3,1
281,18,1
297,42,1
310,43,1
316,18,1
302,46,1
310,41,1
325,27,1
301,24,1
308,25,1
299,1,1
293,28,1
315,41,1
322,38,1
318,10,1
298,1,1
282,19,1
304,18,1
292,8,1
324,32,1
316,28,1
295,33,1
316,46,1
306,20,1
294,37,1
309,19,1
308,21,1
282,27,1
290,34,1
306,18,1
309,28,1
290,29,1
304,22,1
296,25,1
316,14,1
310,1,1
320,28,1
314,48,1
287,38,1
281,25,1
310,10,1
295,12,1
320,30,1
324,35,1
306,5,1
286,19,1
327,35,1
319,38,1
296,7,1
285,11,1
321,11,1
316,7,1
317,44,1
310,11,1
316,30,1
299,45,1
315,44,1
328,22,1
311,7,1
289,31,1
315,32,1
284,35,1
317,22,1
292,16,1
292,33,1
307,13,1
298,49,1
282,19,1
286,35,1
288,41,1
324,32,1
303,44,1
326,14,1
290,45,1
319,12,1
318,22,1
292,18,1
288,36,1
306,8,1
320,17,1
318,38,1
326,28,1
304,49,1
309,38,1
295,27,1
285,35,1
307,49,1
320,36,1
323,8,1
316,29,1
294,44,1
289,24,1
315,12,1
315,12,1
308,8,1
317,27,1
317,18,1
319,41,1
288,9,1
320,38,1
312,23,1
292,4,1
328,25,1
301,46,1
312,45,1
294,41,1
289,39,1
297,30,1
325,23,1
300,25,1
290,28,1
293,19,1
312,19,1
324,9,1
311,18,1
291,19,1
305,26,1
322,29,1
281,26,1
292,41,1
293,18,1
291,33,1
325,26,1
312,20,1
314,23,1
308,42,1
322,19,1
284,31,1
280,25,1
323,40,1
288,18,1
322,17,1
295,27,1
294,21,1
307,18,1
320,31,1
298,3,1
306,32,1
301,25,1
306,20,1
322,42,1
290,38,1
288,29,1
294,46,1
285,23,1
306,6,1
286,17,1
310,48,1
307,15,1
303,44,1
290,17,1
294,13,1
327,16,1
310,19,1
289,11,1
307,26,1
313,16,1
288,37,1
317,17,1
296,38,1
293,13,1
286,32,1
308,39,1
294,24,1
302,29,1
306,11,1
289,7,1
315,8,1
318,36,1
311,41,1
312,37,1
306,14,1
294,22,1
298,42,1
321,36,1
320,41,1
296,36,1
304,34,1
293,24,1
286,20,1
296,15,1
321,26,1
304,33,1
315,43,1
312,14,1
323,31,1
303,41,1
290,5,1
312,7,1
303,31,1
292,16,1
303,37,1
309,6,1
280,25,1
303,34,1
293,18,1
319,18,1
294,42,1
312,10,1
310,43,1
293,35,1
306,21,1
306,14,1
301,33,1
305,48,1
304,1,1
328,20,1
293,40,1
316,27,1
309,31,1
310,11,1
304,27,1
312,49,1
288,19,1
321,42,1
329,29,1
307,36,1
289,13,1
309,11,1
323,28,1
309,39,1
310,34,1
330,25,1
322,12,1
284,36,1
286,11,1
315,8,1
317,11,1
299,40,1
305,41,1
323,8,1
290,33,1
316,22,1
309,2,1
307,33,1
310,49,1
285,40,1
301,31,1
308,2,1
297,4,1
297,8,1
304,20,1
307,5,1
322,11,1
300,16,1
288,15,1
307,37,1
294,20,1
322,9,1
329,26,1
293,16,1
295,17,1
304,7,1
320,30,1
309,27,1
287,32,1
290,27,1
298,5,1
295,39,1
321,37,1
