16,3,0
13,20,0
37,27,0
17,31,0
39,8,0
8,25,0
15,42,0
23,15,0
18,13,0
33,44,0
46,36,0
46,14,0
25,11,0
28,9,0
6,14,0
49,21,0
19,25,0
10,20,0
6,35,0
46,30,0
4,38,0
12,18,0
15,29,0
5,13,0
36,32,0
18,19,0
23,28,0
40,32,0
7,27,0
32,49,0
46,29,0
19,24,0
48,28,0
3,15,0
29,28,0
34,16,0
38,16,0
32,46,0
32,20,0
14,22,0
25,49,0
45,27,0
39,23,0
30,23,0
46,13,0
41,27,0
35,10,0
36,39,0
23,25,0
29,30,0
16,36,0
19,8,0
39,15,0
26,4,0
29,27,0
46,31,0
41,37,0
15,47,0
36,32,0
39,14,0
13,10,0
21,48,0
15,29,0
27,46,0
10,14,0
46,26,0
31,44,0
32,27,0
41,14,0
30,45,0
29,28,0
4,18,0
17,22,0
28,29,0
2,16,0
27,37,0
11,30,0
46,12,0
23,41,0
34,11,0
31,15,0
34,43,0
35,23,0
38,17,0
25,14,0
41,17,0
46,33,0
13,22,0
40,35,0
2,30,0
46,38,0
20,20,0
23,30,0
34,28,0
7,27,0
33,8,0
8,12,0
9,11,0
28,18,0
27,44,0
45,40,0
24,32,0
31,41,0
30,10,0
19,47,0
16,30,0
14,34,0
39,43,0
14,26,0
26,35,0
36,23,0
15,40,0
43,26,0
40,9,0
1,32,0
1,18,0
25,47,0
12,19,0
11,44,0
14,40,0
40,31,0
49,31,0
23,37,0
22,5,0
24,12,0
34,44,0
41,27,0
31,29,0
27,30,0
7,23,0
27,38,0
34,30,0
46,15,0
6,11,0
20,45,0
46,20,0
40,9,0
5,39,0
40,45,0
39,21,0
41,38,0
45,12,0
10,7,0
13,13,0
9,18,0
14,35,0
17,32,0
26,28,0
19,46,0
13,5,0
11,38,0
22,1,0
31,40,0
10,18,0
9,33,0
14,28,0
41,33,0
5,36,0
36,45,0
20,15,0
18,6,0
26,3,0
30,31,0
45,30,0
5,21,0
20,18,0
25,8,0
34,26,0
38,7,0
10,27,0
32,36,0
39,42,0
22,17,0
37,11,0
42,29,0
28,19,0
17,9,0
15,44,0
33,29,0
5,10,0
13,11,0
11,32,0
15,47,0
3,34,0
22,48,0
7,42,0
35,13,0
20,39,0
32,23,0
13,35,0
45,30,0
36,9,0
40,29,0
19,10,0
11,45,0
27,45,0
29,20,0
7,38,0
7,27,0
35,4,0
35,35,0
13,40,0
14,33,0
32,32,0
17,35,0
40,6,0
9,37,0
38,33,0
39,27,0
28,48,0
7,10,0
26,23,0
26,46,0
12,9,0
42,30,0
27,11,0
34,20,0
12,39,0
45,33,0
32,6,0
32,28,0
40,30,0
37,11,0
27,6,0
14,24,0
37,33,0
42,33,0
28,18,0
13,7,0
25,0,0
33,42,0
35,47,0
10,43,0
35,36,0
45,19,0
29,34,0
6,34,0
34,36,0
41,18,0
8,23,0
18,38,0
15,21,0
25,13,0
18,31,0
27,47,0
32,11,0
26,2,0
26,22,0
41,22,0
14,20,0
5,28,0
29,37,0
4,14,0
39,42,0
41,44,0
28,24,0
15,40,0
14,8,0
14,47,0
4,28,0
28,7,0
9,13,0
24,29,0
4,29,0
30,31,0
29,33,0
28,11,0
33,20,0
29,37,0
45,30,0
40,20,0
19,15,0
20,4,0
20,10,0
11,13,0
12,32,0
20,43,0
24,44,0
29,14,0
21,10,0
13,11,0
14,41,0
7,42,0
37,22,0
37,17,0
45,26,0
45,19,0
12,21,0
36,9,0
20,5,0
39,25,0
7,9,0
18,28,0
49,31,0
4,22,0
42,10,0
22,48,0
19,21,0
1,29,0
11,25,0
37,24,0
3,21,0
4,24,0
17,16,0
27,17,0
5,11,0
23,24,0
37,35,0
5,22,0
26,11,0
42,43,0
6,30,0
38,11,0
28,33,0
13,16,0
1,27,0
10,31,0
36,17,0
15,17,0
42,8,0
18,42,0
29,22,0
38,25,0
43,28,0
9,9,0
25,13,0
39,42,0
19,31,0
5,24,0
18,41,0
38,38,0
21,27,0
40,38,0
14,16,0
47,28,0
28,1,0
30,3,0
25,27,0
18,3,0
19,36,0
2,18,0
12,5,0
35,47,0
10,16,0
15,8,0
15,38,0
30,19,0
3,17,0
32,34,0
15,15,0
12,26,0
13,28,0
35,26,0
12,24,0
47,36,0
22,15,0
7,24,0
26,9,0
45,14,0
48,28,0
40,24,0
27,6,0
47,33,0
47,17,0
38,46,0
17,23,0
14,35,0
19,41,0
26,23,0
22,42,0
10,8,0
33,19,0
26,2,0
19,29,0
28,5,0
34,36,0
4,25,0
42,22,0
31,25,0
26,1,0
8,20,0
15,40,0
9,41,0
18,1,0
38,34,0
42,12,0
13,32,0
34,40,0
8,13,0
27,46,0
30,15,0
6,21,0
29,43,0
45,28,0
34,46,0
23,38,0
25,9,0
40,24,0
36,23,0
35,20,0
16,28,0
34,43,0
35,19,0
37,15,0
38,38,0
12,36,0
22,30,0
22,45,0
24,47,0
17,7,0
44,36,0
30,38,0
41,29,0
7,39,0
22,2,0
14,32,0
38,39,0
1,32,0
19,39,0
28,22,0
47,18,0
13,46,0
23,36,0
30,47,0
10,13,0
16,15,0
32,8,0
8,41,0
19,28,0
30,46,0
12,27,0
29,4,0
29,17,0
16,13,0
29,42,0
9,37,0
13,18,0
43,31,0
43,29,0
15,28,0
30,40,0
23,14,0
9,15,0
21,48,0
5,15,0
37,23,0
34,47,0
7,34,0
31,43,0
10,32,0
27,4,0
36,3,0
7,25,0
4,38,0
20,43,0
17,13,0
35,7,0
12,26,0
25,31,0
16,27,0
33,15,0
46,29,0
31,37,0
20,15,0
22,47,0
15,47,0
35,47,0
43,15,0
23,11,0
10,14,0
15,33,0
7,24,0
34,32,0
17,10,0
14,21,0
42,7,0
41,20,0
16,3,0
28,23,0
8,14,0
2,27,0
28,29,0
15,6,0
11,7,0
37,40,0
35,32,0
29,37,0
10,12,0
38,44,0
36,3,0
26,3,0
16,40,0
27,36,0
19,13,0
31,30,0
35,30,0
9,9,0
28,46,0
23,3,0
34,38,0
177,26,1
213,22,1
185,27,1
187,36,1
219,26,1
203,18,1
180,33,1
195,33,1
200,47,1
191,46,1
212,22,1
190,41,1
200,9,1
192,23,1
178,36,1
210,37,1
172,20,1
185,20,1
214,16,1
186,12,1
203,26,1
172,32,1
191,45,1
194,13,1
197,19,1
174,24,1
196,46,1
194,20,1
190,27,1
189,36,1
179,34,1
187,37,1
182,10,1
211,37,1
183,32,1
199,39,1
211,14,1
182,26,1
200,37,1
184,20,1
200,18,1
209,18,1
207,32,1
193,5,1
193,31,1
208,29,1
201,11,1
195,21,1
204,28,1
204,44,1
194,6,1
199,42,1
185,3,1
180,19,1
200,29,1
194,24,1
192,8,1
207,38,1
195,5,1
203,32,1
178,19,1
179,22,1
195,50,1
198,31,1
184,32,1
197,6,1
191,30,1
202,16,1
189,49,1
174,37,1
210,31,1
199,19,1
192,41,1
216,22,1
186,22,1
192,42,1
206,20,1
199,28,1
213,24,1
178,26,1
211,22,1
196,6,1
204,20,1
216,36,1
211,9,1
184,6,1
198,4,1
173,17,1
196,37,1
172,33,1
212,35,1
212,20,1
175,27,1
193,7,1
192,7,1
219,22,1
172,30,1
198,5,1
182,25,1
206,8,1
179,22,1
198,29,1
186,14,1
187,10,1
175,19,1
191,49,1
189,36,1
207,41,1
185,22,1
184,32,1
188,16,1
197,30,1
183,11,1
186,35,1
212,27,1
185,20,1
188,14,1
199,18,1
173,21,1
219,29,1
180,9,1
185,25,1
177,26,1
192,12,1
176,38,1
178,17,1
202,41,1
176,38,1
189,5,1
211,16,1
207,36,1
191,49,1
206,44,1
208,14,1
214,34,1
192,15,1
172,29,1
219,18,1
212,13,1
200,7,1
185,44,1
192,5,1
192,15,1
175,25,1
216,29,1
192,42,1
187,15,1
175,39,1
200,9,1
192,14,1
210,19,1
208,44,1
199,29,1
199,15,1
190,35,1
175,19,1
179,24,1
211,27,1
219,31,1
193,24,1
209,45,1
186,16,1
183,18,1
201,47,1
205,31,1
194,49,1
197,40,1
198,10,1
199,18,1
217,34,1
213,19,1
206,18,1
176,17,1
179,22,1
215,31,1
182,21,1
178,31,1
181,28,1
197,6,1
214,40,1
191,11,1
203,46,1
195,4,1
187,40,1
174,14,1
191,32,1
173,18,1
200,29,1
195,35,1
182,7,1
194,31,1
185,28,1
193,14,1
218,17,1
189,16,1
177,13,1
187,9,1
187,39,1
187,32,1
205,5,1
200,46,1
189,4,1
196,6,1
199,33,1
200,45,1
182,45,1
191,24,1
198,34,1
207,12,1
213,36,1
218,28,1
216,38,1
179,37,1
192,2,1
212,18,1
216,18,1
203,38,1
178,11,1
191,17,1
179,41,1
217,34,1
205,40,1
183,6,1
185,7,1
194,37,1
207,33,1
209,8,1
213,37,1
199,27,1
174,23,1
186,46,1
188,26,1
197,35,1
183,8,1
188,48,1
216,31,1
211,9,1
181,39,1
202,6,1
189,21,1
195,14,1
210,11,1
212,8,1
175,36,1
181,28,1
186,47,1
198,19,1
217,32,1
215,19,1
207,36,1
183,44,1
181,12,1
185,32,1
204,17,1
187,10,1
203,14,1
194,19,1
195,34,1
198,43,1
198,10,1
213,18,1
200,39,1
199,10,1
193,25,1
195,26,1
191,11,1
183,9,1
199,41,1
175,38,1
204,38,1
211,24,1
179,17,1
188,8,1
178,16,1
209,22,1
209,30,1
198,43,1
202,28,1
195,38,1
197,41,1
205,34,1
192,15,1
212,10,1
218,26,1
184,38,1
213,26,1
191,43,1
201,4,1
204,9,1
210,13,1
211,20,1
184,25,1
203,29,1
192,8,1
182,35,1
182,46,1
210,24,1
205,31,1
193,10,1
202,7,1
176,18,1
192,13,1
217,35,1
208,17,1
209,10,1
218,29,1
187,39,1
201,30,1
206,22,1
188,7,1
199,34,1
193,43,1
200,41,1
194,18,1
206,13,1
215,14,1
204,40,1
208,28,1
188,30,1
210,34,1
217,23,1
207,12,1
215,21,1
188,31,1
215,27,1
189,13,1
218,20,1
205,35,1
188,39,1
195,10,1
181,29,1
190,20,1
201,1,1
194,21,1
218,31,1
202,47,1
185,36,1
197,6,1
199,38,1
208,4,1
218,24,1
204,27,1
210,39,1
192,37,1
215,22,1
213,24,1
184,24,1
212,40,1
180,21,1
213,11,1
182,29,1
173,26,1
203,31,1
181,45,1
193,42,1
189,29,1
201,21,1
213,42,1
188,36,1
188,23,1
204,43,1
210,5,1
188,26,1
213,10,1
175,29,1
205,3,1
211,18,1
184,23,1
195,49,1
204,33,1
190,22,1
195,18,1
212,26,1
210,37,1
194,31,1
195,38,1
194,9,1
181,31,1
211,31,1
193,31,1
210,7,1
172,17,1
188,33,1
211,18,1
214,16,1
201,46,1
203,31,1
207,35,1
193,17,1
189,47,1
219,23,1
208,40,1
215,23,1
196,23,1
201,16,1
199,44,1
204,31,1
174,25,1
203,40,1
187,11,1
198,22,1
209,16,1
174,30,1
210,44,1
209,25,1
195,15,1
215,37,1
193,10,1
176,16,1
173,20,1
214,15,1
173,20,1
173,14,1
187,20,1
207,27,1
193,47,1
195,48,1
177,14,1
171,20,1
188,36,1
206,26,1
198,49,1
175,32,1
204,27,1
195,15,1
206,40,1
189,43,1
190,14,1
216,23,1
181,7,1
211,35,1
196,36,1
201,45,1
202,13,1
182,11,1
185,22,1
208,24,1
183,22,1
209,32,1
194,16,1
187,37,1
186,41,1
184,41,1
201,7,1
211,26,1
176,33,1
209,33,1
204,35,1
205,42,1
192,3,1
182,29,1
183,46,1
213,35,1
208,24,1
191,49,1
190,11,1
191,42,1
175,11,1
204,25,1
186,7,1
195,49,1
193,38,1
171,31,1
172,21,1
198,27,1
191,2,1
212,15,1
186,34,1
205,13,1
215,37,1
191,38,1
202,46,1
171,28,1
208,11,1
181,31,1
173,36,1
195,32,1
181,20,1
200,10,1
192,8,1
185,37,1
188,38,1
203,31,1
188,49,1
190,8,1
201,44,1
188,15,1
208,23,1
189,36,1
190,11,1
200,40,1
178,35,1
192,48,1
183,31,1
204,7,1
216,26,1
218,28,1
202,24,1
185,9,1
216,31,1
