4,15,0
40,10,0
19,28,0
23,14,0
22,13,0
27,41,0
29,48,0
37,30,0
28,36,0
19,45,0
43,41,0
34,6,0
11,20,0
26,25,0
26,48,0
35,6,0
39,28,0
3,27,0
8,8,0
10,22,0
19,11,0
26,35,0
10,8,0
37,15,0
31,5,0
32,8,0
21,4,0
10,11,0
34,21,0
9,14,0
37,38,0
31,46,0
28,23,0
32,1,0
13,9,0
25,16,0
16,24,0
14,39,0
43,21,0
20,15,0
6,14,0
19,23,0
23,39,0
11,29,0
14,43,0
9,13,0
44,36,0
37,8,0
1,18,0
36,18,0
28,14,0
39,5,0
14,4,0
13,22,0
29,27,0
19,24,0
27,49,0
30,45,0
30,27,0
7,23,0
9,38,0
29,10,0
28,18,0
34,46,0
31,42,0
11,5,0
5,26,0
10,27,0
24,27,0
2,29,0
45,13,0
7,31,0
47,18,0
30,26,0
32,35,0
21,2,0
17,33,0
16,3,0
32,8,0
12,37,0
12,5,0
47,34,0
41,7,0
7,36,0
17,18,0
18,13,0
17,26,0
4,21,0
9,8,0
34,16,0
30,37,0
35,31,0
31,19,0
18,45,0
18,31,0
29,15,0
23,17,0
46,37,0
39,8,0
5,26,0
42,34,0
24,34,0
34,12,0
30,16,0
36,3,0
30,16,0
9,41,0
17,9,0
24,11,0
12,42,0
47,21,0
3,15,0
8,15,0
46,12,0
10,14,0
2,20,0
23,8,0
30,4,0
14,7,0
17,35,0
42,27,0
43,42,0
12,25,0
17,45,0
37,8,0
31,10,0
31,28,0
47,16,0
22,19,0
30,37,0
11,20,0
7,9,0
1,22,0
12,13,0
9,25,0
33,25,0
7,22,0
3,16,0
36,8,0
22,10,0
7,18,0
14,17,0
48,28,0
3,34,0
18,16,0
18,23,0
22,44,0
14,32,0
27,49,0
29,39,0
26,7,0
34,16,0
19,23,0
23,49,0
33,11,0
29,18,0
25,3,0
34,30,0
33,43,0
23,17,0
33,48,0
5,26,0
14,13,0
16,31,0
11,39,0
23,37,0
27,10,0
7,26,0
27,26,0
13,19,0
36,11,0
10,15,0
19,44,0
10,6,0
33,35,0
17,44,0
45,32,0
24,13,0
13,10,0
17,43,0
21,30,0
27,40,0
30,24,0
16,25,0
14,35,0
16,47,0
37,13,0
12,28,0
24,27,0
31,49,0
18,49,0
37,11,0
27,45,0
41,8,0
26,2,0
33,29,0
14,22,0
21,11,0
32,21,0
28,34,0
25,15,0
14,20,0
16,43,0
33,19,0
14,27,0
33,4,0
47,19,0
7,18,0
16,38,0
27,40,0
10,12,0
24,14,0
26,5,0
33,45,0
40,14,0
32,48,0
24,41,0
26,26,0
8,27,0
19,45,0
44,31,0
36,44,0
19,21,0
36,42,0
28,33,0
13,37,0
17,11,0
19,10,0
21,25,0
18,45,0
45,21,0
37,31,0
48,31,0
25,21,0
13,5,0
33,5,0
10,18,0
27,45,0
6,16,0
37,11,0
49,30,0
23,20,0
24,6,0
31,39,0
20,12,0
24,10,0
4,26,0
35,23,0
39,9,0
34,37,0
19,23,0
8,12,0
47,14,0
18,33,0
33,35,0
10,41,0
19,41,0
21,47,0
48,21,0
34,32,0
13,13,0
44,33,0
28,48,0
46,34,0
38,27,0
11,18,0
34,38,0
7,38,0
17,7,0
34,5,0
26,22,0
26,33,0
24,31,0
33,26,0
35,42,0
23,9,0
26,21,0
39,21,0
46,25,0
1,30,0
9,11,0
38,15,0
40,43,0
30,37,0
10,35,0
23,42,0
18,2,0
31,4,0
41,24,0
16,21,0
13,7,0
13,13,0
35,11,0
35,43,0
7,33,0
26,19,0
23,36,0
1,26,0
25,13,0
25,36,0
19,46,0
1,21,0
14,26,0
23,47,0
21,49,0
4,22,0
9,31,0
22,47,0
30,6,0
21,19,0
37,32,0
47,24,0
37,28,0
6,25,0
23,11,0
33,41,0
11,44,0
46,12,0
17,46,0
25,28,0
40,38,0
21,9,0
21,1,0
18,21,0
17,14,0
35,44,0
22,12,0
25,38,0
40,9,0
9,30,0
33,21,0
6,21,0
33,30,0
11,6,0
30,45,0
42,15,0
49,27,0
32,32,0
12,42,0
30,39,0
5,20,0
37,28,0
36,23,0
43,10,0
37,9,0
46,12,0
47,19,0
11,20,0
27,34,0
39,8,0
14,18,0
24,29,0
9,34,0
22,7,0
16,17,0
5,39,0
1,23,0
46,34,0
18,41,0
11,19,0
44,41,0
22,18,0
28,23,0
12,8,0
7,25,0
28,36,0
29,21,0
40,25,0
2,31,0
15,9,0
24,5,0
19,1,0
23,2,0
9,29,0
39,11,0
31,40,0
9,7,0
27,7,0
25,6,0
34,24,0
13,36,0
41,18,0
14,26,0
34,13,0
31,22,0
48,31,0
24,5,0
21,3,0
37,27,0
27,38,0
45,23,0
16,15,0
14,45,0
9,16,0
44,14,0
30,29,0
36,36,0
13,17,0
43,22,0
32,28,0
36,17,0
27,5,0
15,31,0
7,15,0
19,11,0
38,31,0
41,21,0
28,12,0
21,39,0
17,8,0
7,20,0
17,11,0
48,31,0
29,16,0
47,23,0
4,21,0
16,11,0
12,23,0
11,7,0
28,38,0
5,18,0
12,37,0
33,25,0
32,46,0
8,32,0
12,13,0
18,10,0
37,24,0
22,25,0
21,35,0
34,10,0
34,27,0
41,27,0
17,35,0
30,37,0
40,18,0
14,18,0
14,8,0
23,3,0
19,45,0
19,42,0
8,20,0
6,12,0
47,16,0
49,27,0
27,43,0
11,22,0
23,32,0
7,19,0
29,39,0
24,26,0
32,5,0
19,9,0
42,21,0
32,29,0
23,44,0
38,20,0
10,38,0
24,2,0
5,40,0
23,21,0
20,41,0
4,12,0
3,33,0
49,23,0
14,35,0
4,36,0
19,7,0
9,43,0
35,45,0
12,18,0
6,37,0
41,39,0
15,32,0
18,13,0
2,17,0
40,30,0
16,15,0
15,25,0
36,14,0
14,25,0
21,43,0
16,14,0
33,47,0
22,31,0
23,28,0
28,1,0
41,23,0
33,47,0
12,18,0
13,7,0
19,37,0
1,21,0
30,44,0
49,21,0
8,7,0
48,30,0
35,20,0
28,40,0
6,12,0
191,40,1
203,23,1
198,16,1
187,25,1
174,32,1
208,39,1
188,30,1
205,42,1
193,26,1
212,43,1
209,19,1
184,39,1
183,15,1
197,16,1
193,18,1
209,13,1
173,24,1
211,43,1
184,16,1
204,46,1
213,15,1
190,48,1
206,25,1
177,29,1
180,22,1
187,41,1
204,16,1
206,29,1
209,41,1
194,3,1
193,33,1
210,24,1
207,37,1
179,36,1
189,47,1
209,34,1
187,48,1
173,15,1
192,43,1
192,5,1
201,39,1
198,14,1
208,13,1
196,27,1
180,43,1
194,37,1
182,25,1
196,43,1
206,24,1
202,37,1
218,28,1
198,33,1
218,32,1
197,30,1
175,15,1
214,22,1
216,22,1
207,8,1
205,40,1
194,25,1
191,17,1
177,14,1
191,2,1
179,11,1
217,32,1
203,32,1
192,30,1
173,35,1
191,25,1
202,23,1
181,6,1
203,29,1
208,8,1
190,17,1
212,42,1
185,44,1
180,39,1
204,30,1
205,35,1
206,17,1
218,32,1
188,17,1
198,7,1
182,46,1
177,27,1
192,22,1
180,9,1
181,20,1
212,31,1
201,10,1
186,38,1
181,36,1
213,21,1
214,38,1
209,13,1
190,38,1
218,33,1
204,35,1
185,29,1
189,26,1
196,31,1
189,29,1
205,10,1
196,29,1
180,9,1
178,20,1
212,12,1
213,31,1
196,35,1
194,30,1
187,18,1
181,21,1
203,27,1
174,18,1
179,33,1
202,30,1
194,28,1
184,31,1
208,31,1
195,0,1
207,45,1
192,7,1
199,12,1
181,41,1
185,4,1
208,12,1
210,15,1
215,29,1
210,22,1
178,41,1
203,16,1
196,35,1
215,38,1
171,22,1
172,32,1
178,21,1
187,40,1
177,39,1
205,47,1
193,22,1
210,36,1
216,15,1
189,33,1
193,11,1
198,12,1
193,17,1
185,40,1
172,21,1
198,10,1
214,31,1
205,43,1
174,12,1
191,39,1
195,33,1
179,22,1
206,16,1
210,23,1
197,26,1
177,26,1
184,42,1
190,1,1
208,44,1
203,44,1
191,49,1
213,22,1
199,42,1
200,42,1
204,3,1
183,35,1
219,22,1
207,10,1
201,2,1
180,45,1
206,41,1
213,28,1
209,44,1
207,42,1
176,28,1
199,48,1
193,13,1
189,38,1
194,39,1
178,41,1
195,45,1
181,23,1
212,14,1
173,27,1
183,33,1
202,46,1
177,41,1
200,20,1
174,22,1
196,16,1
176,34,1
210,24,1
204,2,1
188,39,1
210,35,1
200,33,1
210,20,1
178,41,1
183,4,1
190,28,1
197,36,1
193,25,1
217,22,1
211,36,1
207,38,1
187,26,1
186,44,1
214,16,1
194,20,1
181,31,1
212,34,1
193,28,1
213,15,1
186,5,1
207,32,1
197,4,1
206,12,1
176,12,1
220,25,1
210,26,1
183,23,1
173,31,1
219,20,1
187,7,1
171,18,1
209,23,1
195,24,1
203,20,1
179,32,1
202,11,1
205,18,1
193,29,1
174,16,1
208,39,1
203,26,1
174,13,1
207,9,1
206,45,1
205,22,1
194,18,1
181,28,1
210,28,1
209,38,1
203,46,1
185,41,1
181,24,1
181,25,1
217,30,1
181,25,1
195,14,1
215,21,1
178,43,1
193,8,1
199,10,1
176,13,1
200,33,1
187,47,1
195,35,1
199,32,1
207,37,1
176,18,1
203,32,1
197,8,1
198,33,1
202,49,1
203,3,1
193,14,1
198,28,1
189,40,1
192,40,1
190,46,1
181,45,1
204,26,1
180,44,1
204,42,1
205,5,1
174,34,1
191,11,1
188,4,1
182,25,1
173,33,1
200,14,1
205,33,1
193,39,1
179,29,1
213,39,1
212,24,1
207,4,1
209,17,1
192,18,1
181,15,1
206,31,1
198,3,1
187,24,1
209,41,1
210,22,1
211,39,1
212,35,1
177,8,1
200,10,1
176,15,1
207,45,1
189,16,1
209,19,1
206,42,1
205,38,1
186,44,1
178,42,1
214,32,1
208,7,1
179,18,1
197,29,1
176,29,1
199,14,1
200,10,1
189,31,1
206,26,1
206,15,1
199,9,1
206,31,1
215,38,1
196,37,1
194,42,1
201,17,1
197,10,1
184,29,1
213,21,1
192,2,1
192,12,1
173,19,1
193,39,1
202,11,1
193,9,1
188,44,1
203,45,1
210,39,1
216,32,1
204,48,1
193,38,1
197,48,1
202,42,1
183,43,1
214,16,1
197,5,1
197,48,1
186,48,1
208,9,1
181,13,1
178,12,1
206,32,1
205,38,1
192,4,1
192,7,1
178,36,1
178,15,1
195,35,1
179,25,1
173,15,1
181,7,1
196,46,1
187,39,1
180,8,1
194,43,1
208,40,1
217,24,1
215,17,1
218,18,1
190,48,1
209,7,1
204,15,1
177,26,1
173,20,1
203,10,1
190,3,1
187,47,1
183,44,1
214,29,1
198,2,1
199,14,1
178,7,1
215,21,1
177,21,1
178,39,1
193,35,1
190,21,1
172,22,1
182,9,1
215,29,1
179,7,1
205,44,1
171,22,1
200,26,1
197,40,1
187,38,1
186,38,1
197,46,1
182,17,1
195,17,1
181,22,1
203,3,1
206,33,1
184,21,1
198,25,1
200,35,1
208,26,1
192,32,1
196,26,1
182,40,1
194,38,1
215,25,1
173,22,1
194,31,1
210,18,1
205,22,1
196,16,1
190,48,1
217,22,1
206,46,1
195,33,1
179,26,1
176,25,1
212,29,1
199,8,1
203,41,1
179,27,1
212,31,1
183,34,1
201,8,1
198,22,1
183,14,1
216,14,1
200,18,1
172,27,1
205,12,1
189,45,1
189,19,1
189,17,1
198,18,1
195,33,1
193,20,1
194,19,1
189,43,1
176,16,1
197,28,1
175,34,1
182,29,1
184,29,1
194,24,1
200,15,1
187,9,1
194,13,1
197,43,1
194,25,1
195,4,1
180,36,1
185,20,1
202,36,1
185,16,1
181,42,1
203,28,1
208,38,1
174,13,1
204,15,1
204,21,1
203,36,1
196,4,1
198,33,1
192,36,1
214,28,1
214,10,1
180,39,1
207,27,1
182,28,1
178,27,1
195,6,1
200,44,1
194,19,1
175,19,1
176,41,1
214,10,1
185,28,1
197,17,1
175,10,1
219,23,1
207,18,1
197,39,1
191,40,1
207,39,1
210,36,1
197,11,1
204,47,1
186,4,1
178,8,1
217,25,1
206,17,1
201,17,1
210,36,1
