39,13,0
40,35,0
10,27,0
7,33,0
37,14,0
5,12,0
11,25,0
30,43,0
17,4,0
11,30,0
34,46,0
24,38,0
17,41,0
20,3,0
20,36,0
12,5,0
10,41,0
20,13,0
12,35,0
41,29,0
32,24,0
43,13,0
31,17,0
44,23,0
34,17,0
31,38,0
47,26,0
38,10,0
22,1,0
41,32,0
45,35,0
31,3,0
7,31,0
33,22,0
5,33,0
20,13,0
15,12,0
49,22,0
4,17,0
46,18,0
29,1,0
23,23,0
24,3,0
4,16,0
15,12,0
9,38,0
28,42,0
16,37,0
46,12,0
34,2,0
29,20,0
40,43,0
44,20,0
35,20,0
22,14,0
32,28,0
21,34,0
30,8,0
49,30,0
3,35,0
13,41,0
13,37,0
28,42,0
35,35,0
11,25,0
44,28,0
34,30,0
26,11,0
29,6,0
36,19,0
13,10,0
44,40,0
17,18,0
40,23,0
34,21,0
39,21,0
41,39,0
36,30,0
1,27,0
13,20,0
39,41,0
18,11,0
32,29,0
42,16,0
30,39,0
13,13,0
41,31,0
15,34,0
24,16,0
23,40,0
14,47,0
37,17,0
15,34,0
25,14,0
14,5,0
47,33,0
33,36,0
2,18,0
11,44,0
35,33,0
1,20,0
11,16,0
30,16,0
18,36,0
27,31,0
12,37,0
16,19,0
29,26,0
40,21,0
8,7,0
19,42,0
12,25,0
30,39,0
7,39,0
10,17,0
43,33,0
27,11,0
7,15,0
3,36,0
18,26,0
0,25,0
15,3,0
29,22,0
17,45,0
22,14,0
43,21,0
45,30,0
27,30,0
7,30,0
26,48,0
9,10,0
3,35,0
19,38,0
45,20,0
38,10,0
17,34,0
20,6,0
45,37,0
39,39,0
12,11,0
21,9,0
24,30,0
33,47,0
45,31,0
27,42,0
17,33,0
16,43,0
30,21,0
22,35,0
26,31,0
28,47,0
19,48,0
42,41,0
27,31,0
34,31,0
5,22,0
5,25,0
21,35,0
34,22,0
44,12,0
37,18,0
6,17,0
31,48,0
41,23,0
34,36,0
8,33,0
20,5,0
8,31,0
7,40,0
4,19,0
15,23,0
22,45,0
26,43,0
19,39,0
30,34,0
40,38,0
10,28,0
24,21,0
26,41,0
32,33,0
28,18,0
14,8,0
39,45,0
43,10,0
38,33,0
26,30,0
27,43,0
21,45,0
40,21,0
36,4,0
47,32,0
19,38,0
17,46,0
5,17,0
36,9,0
29,49,0
16,3,0
31,2,0
29,4,0
29,25,0
14,20,0
29,3,0
29,29,0
42,16,0
24,13,0
27,2,0
22,29,0
33,24,0
39,31,0
16,33,0
11,8,0
34,15,0
43,38,0
18,38,0
6,17,0
4,20,0
12,11,0
45,17,0
32,44,0
17,36,0
10,14,0
48,24,0
41,8,0
24,4,0
18,37,0
36,4,0
10,12,0
45,24,0
46,21,0
46,31,0
21,30,0
49,32,0
48,33,0
18,15,0
29,23,0
36,42,0
18,34,0
41,17,0
26,39,0
24,24,0
17,38,0
23,37,0
18,24,0
37,16,0
38,30,0
34,34,0
48,34,0
38,8,0
48,26,0
5,26,0
39,15,0
21,5,0
1,20,0
23,26,0
9,25,0
41,20,0
14,34,0
14,46,0
30,18,0
18,16,0
13,41,0
35,8,0
7,23,0
32,13,0
43,27,0
24,34,0
46,13,0
5,19,0
31,18,0
25,38,0
6,39,0
21,2,0
18,12,0
15,39,0
24,1,0
42,19,0
47,20,0
49,23,0
37,21,0
21,48,0
19,21,0
13,24,0
40,40,0
31,15,0
21,44,0
28,20,0
34,45,0
41,29,0
46,20,0
26,46,0
27,3,0
23,39,0
38,34,0
46,22,0
21,22,0
32,6,0
48,25,0
17,19,0
29,21,0
6,39,0
19,25,0
27,44,0
39,25,0
11,9,0
32,10,0
29,38,0
37,27,0
27,46,0
25,45,0
49,22,0
48,22,0
31,7,0
8,30,0
24,42,0
2,21,0
26,22,0
12,5,0
32,27,0
18,25,0
36,40,0
29,47,0
44,22,0
30,7,0
11,36,0
47,21,0
28,20,0
34,26,0
40,9,0
32,49,0
35,25,0
6,24,0
23,39,0
44,32,0
49,31,0
20,42,0
42,24,0
30,20,0
17,13,0
18,14,0
38,4,0
19,23,0
5,36,0
30,36,0
39,14,0
23,20,0
7,8,0
35,42,0
6,35,0
28,47,0
29,37,0
16,15,0
31,23,0
41,24,0
40,40,0
18,23,0
26,14,0
30,48,0
13,22,0
28,37,0
36,5,0
17,35,0
32,20,0
26,31,0
23,6,0
26,13,0
7,38,0
20,42,0
33,22,0
15,21,0
36,44,0
12,46,0
10,22,0
15,19,0
33,2,0
31,8,0
26,26,0
43,27,0
40,8,0
45,28,0
29,3,0
16,10,0
24,32,0
23,19,0
9,42,0
1,27,0
30,16,0
27,5,0
35,6,0
42,21,0
36,12,0
16,33,0
8,43,0
44,20,0
26,16,0
37,12,0
33,34,0
20,15,0
42,19,0
17,4,0
8,41,0
4,28,0
28,3,0
1,29,0
28,27,0
36,28,0
22,25,0
3,21,0
19,4,0
8,40,0
28,43,0
2,21,0
13,32,0
23,44,0
17,21,0
37,34,0
39,36,0
44,23,0
34,22,0
28,11,0
38,37,0
33,3,0
22,47,0
30,44,0
37,10,0
8,22,0
34,25,0
26,44,0
17,29,0
33,36,0
8,10,0
15,22,0
21,3,0
10,15,0
25,13,0
19,8,0
17,43,0
8,8,0
18,24,0
13,37,0
38,37,0
18,37,0
15,5,0
47,27,0
20,22,0
19,46,0
34,37,0
11,20,0
39,39,0
17,31,0
10,38,0
45,24,0
26,2,0
30,11,0
19,41,0
25,12,0
20,25,0
20,42,0
3,27,0
39,23,0
6,22,0
25,4,0
29,5,0
5,33,0
19,23,0
22,26,0
41,41,0
29,14,0
49,19,0
33,14,0
39,6,0
1,19,0
25,11,0
43,29,0
30,40,0
11,34,0
19,48,0
9,35,0
7,36,0
11,5,0
30,28,0
38,20,0
21,48,0
7,36,0
24,38,0
18,42,0
27,10,0
20,9,0
6,15,0
7,11,0
23,22,0
5,28,0
9,26,0
5,30,0
40,11,0
43,38,0
11,9,0
25,39,0
39,44,0
37,19,0
5,17,0
327,21,1
296,26,1
325,21,1
305,32,1
292,44,1
313,42,1
314,32,1
320,44,1
309,2,1
319,28,1
318,5,1
300,18,1
311,13,1
302,18,1
287,24,1
307,17,1
303,29,1
325,23,1
327,32,1
306,21,1
324,32,1
307,11,1
294,29,1
305,3,1
294,39,1
300,18,1
325,12,1
320,26,1
314,12,1
316,18,1
325,13,1
299,9,1
311,42,1
319,20,1
312,13,1
293,42,1
292,34,1
306,40,1
307,10,1
312,36,1
297,28,1
304,35,1
324,28,1
308,33,1
304,35,1
323,25,1
294,18,1
311,3,1
292,40,1
308,37,1
329,28,1
295,45,1
299,4,1
294,20,1
292,14,1
322,33,1
308,7,1
326,19,1
294,35,1
281,28,1
297,39,1
285,19,1
300,43,1
282,25,1
287,15,1
301,2,1
314,37,1
284,23,1
287,24,1
309,44,1
319,44,1
306,2,1
310,39,1
318,15,1
291,17,1
304,37,1
286,27,1
322,10,1
318,46,1
290,31,1
309,45,1
302,49,1
293,24,1
295,17,1
293,35,1
309,7,1
301,1,1
298,2,1
306,19,1
296,32,1
304,19,1
297,7,1
297,14,1
324,35,1
314,46,1
304,47,1
286,19,1
286,16,1
297,47,1
324,41,1
322,22,1
321,40,1
304,30,1
294,16,1
286,31,1
318,15,1
299,23,1
309,27,1
313,36,1
307,1,1
303,32,1
302,12,1
295,32,1
312,41,1
295,44,1
299,20,1
298,14,1
292,28,1
302,44,1
315,4,1
310,21,1
303,42,1
294,41,1
318,46,1
314,32,1
324,27,1
326,22,1
318,44,1
301,30,1
308,5,1
284,37,1
320,33,1
283,28,1
308,4,1
306,5,1
307,16,1
319,38,1
295,26,1
301,23,1
313,21,1
288,19,1
298,7,1
285,13,1
322,14,1
296,9,1
328,18,1
291,10,1
320,35,1
304,3,1
312,12,1
309,8,1
300,12,1
305,48,1
283,34,1
307,35,1
304,23,1
309,46,1
297,47,1
319,41,1
293,33,1
308,23,1
295,30,1
316,17,1
299,17,1
320,5,1
289,44,1
318,43,1
320,30,1
288,21,1
309,19,1
295,11,1
294,35,1
299,6,1
291,39,1
313,12,1
316,3,1
301,36,1
288,13,1
324,40,1
316,7,1
298,13,1
311,3,1
323,10,1
320,16,1
315,13,1
326,27,1
292,8,1
319,27,1
316,12,1
322,31,1
289,44,1
315,21,1
314,21,1
321,42,1
329,27,1
302,12,1
318,12,1
295,11,1
305,47,1
324,24,1
321,27,1
318,8,1
311,40,1
326,23,1
306,21,1
323,40,1
304,34,1
285,10,1
304,49,1
316,40,1
311,45,1
308,41,1
317,18,1
289,14,1
303,28,1
296,4,1
323,12,1
293,12,1
308,32,1
294,40,1
311,7,1
299,9,1
323,31,1
305,1,1
297,31,1
305,9,1
311,27,1
313,26,1
306,10,1
300,10,1
298,48,1
316,30,1
315,43,1
312,18,1
318,34,1
284,13,1
310,45,1
296,10,1
326,26,1
318,46,1
326,38,1
308,48,1
313,2,1
322,35,1
299,10,1
308,27,1
324,12,1
307,27,1
318,32,1
310,22,1
281,27,1
281,18,1
316,41,1
299,15,1
293,31,1
297,33,1
320,39,1
301,42,1
313,46,1
306,27,1
291,40,1
304,16,1
327,24,1
287,12,1
298,28,1
320,22,1
285,36,1
311,28,1
293,24,1
310,39,1
302,5,1
302,29,1
304,19,1
305,3,1
291,22,1
316,24,1
293,32,1
285,15,1
295,43,1
289,35,1
309,43,1
283,25,1
297,7,1
320,15,1
302,39,1
306,36,1
303,45,1
298,31,1
325,22,1
326,18,1
303,39,1
320,27,1
291,19,1
295,10,1
298,42,1
320,19,1
284,25,1
328,28,1
308,13,1
302,7,1
284,25,1
300,1,1
321,36,1
291,10,1
318,9,1
298,34,1
307,27,1
308,36,1
324,35,1
297,28,1
288,33,1
308,34,1
325,16,1
312,40,1
322,10,1
285,36,1
318,23,1
288,12,1
298,34,1
310,38,1
303,43,1
285,38,1
325,29,1
300,45,1
307,21,1
293,6,1
312,22,1
315,8,1
295,41,1
322,26,1
304,28,1
294,26,1
318,25,1
300,18,1
313,44,1
319,37,1
311,6,1
303,45,1
307,33,1
304,45,1
307,38,1
292,44,1
292,27,1
308,12,1
297,23,1
323,39,1
312,13,1
291,34,1
287,23,1
285,12,1
323,23,1
305,38,1
318,12,1
324,30,1
297,41,1
309,5,1
288,27,1
300,35,1
287,9,1
290,11,1
312,36,1
299,46,1
296,30,1
282,30,1
287,39,1
303,26,1
288,39,1
292,43,1
281,25,1
317,7,1
323,39,1
308,3,1
293,38,1
293,13,1
329,21,1
292,14,1
292,43,1
306,33,1
326,14,1
309,31,1
324,18,1
306,27,1
308,22,1
310,26,1
290,13,1
327,17,1
306,6,1
319,13,1
314,12,1
300,16,1
299,42,1
292,35,1
328,18,1
298,21,1
301,43,1
294,22,1
324,33,1
305,12,1
303,17,1
311,35,1
325,23,1
283,36,1
319,15,1
318,13,1
305,8,1
299,22,1
307,9,1
321,39,1
317,22,1
300,21,1
292,39,1
298,9,1
311,42,1
313,2,1
312,18,1
286,31,1
305,40,1
285,12,1
307,25,1
295,8,1
313,44,1
289,39,1
325,16,1
294,25,1
318,33,1
306,27,1
286,16,1
317,42,1
326,23,1
294,34,1
296,2,1
320,26,1
302,46,1
301,27,1
292,10,1
323,37,1
289,32,1
312,10,1
314,19,1
290,35,1
321,25,1
325,12,1
307,39,1
298,44,1
328,16,1
312,39,1
300,25,1
299,32,1
303,10,1
318,12,1
294,13,1
327,25,1
287,12,1
291,45,1
309,3,1
323,23,1
309,46,1
298,1,1
282,17,1
327,33,1
316,15,1
301,41,1
292,24,1
308,48,1
296,46,1
288,17,1
306,49,1
315,17,1
299,19,1
295,32,1
294,38,1
308,34,1
319,7,1
318,26,1
318,11,1
304,45,1
290,33,1
317,43,1
301,7,1
319,24,1
316,17,1
323,36,1
294,38,1
287,41,1
312,12,1
284,26,1
324,29,1
296,26,1
316,30,1
307,5,1
314,46,1
301,44,1
306,44,1
316,45,1
284,37,1
289,13,1
329,31,1
301,36,1
326,12,1
283,30,1
