44,32,0
17,32,0
41,35,0
38,6,0
24,44,0
26,38,0
28,32,0
28,10,0
21,42,0
45,13,0
21,1,0
32,46,0
7,14,0
30,15,0
11,15,0
39,14,0
9,21,0
20,35,0
25,4,0
38,15,0
2,34,0
18,6,0
37,27,0
28,33,0
26,30,0
11,14,0
38,32,0
27,11,0
8,19,0
33,35,0
6,22,0
25,47,0
43,13,0
24,42,0
27,27,0
37,45,0
35,37,0
32,33,0
22,20,0
7,27,0
34,45,0
18,36,0
14,24,0
15,17,0
3,23,0
26,36,0
27,33,0
14,23,0
8,12,0
36,7,0
18,2,0
29,14,0
24,19,0
11,14,0
27,46,0
28,7,0
21,10,0
4,27,0
46,23,0
43,18,0
25,44,0
35,4,0
30,8,0
43,35,0
23,28,0
4,14,0
11,34,0
23,40,0
11,29,0
1,30,0
10,25,0
11,41,0
33,36,0
31,33,0
19,42,0
25,18,0
33,5,0
29,5,0
36,28,0
5,33,0
2,32,0
38,37,0
30,36,0
37,7,0
22,24,0
13,5,0
18,14,0
20,47,0
8,37,0
31,29,0
38,16,0
19,10,0
48,23,0
35,17,0
11,12,0
12,4,0
48,31,0
33,9,0
37,31,0
33,2,0
10,17,0
48,16,0
21,43,0
26,7,0
41,11,0
11,38,0
40,19,0
11,23,0
34,40,0
24,49,0
37,5,0
6,13,0
43,34,0
38,4,0
21,31,0
37,12,0
5,31,0
17,44,0
5,16,0
22,46,0
8,35,0
39,12,0
6,22,0
6,28,0
20,23,0
23,39,0
16,44,0
34,2,0
46,12,0
10,25,0
21,49,0
16,48,0
26,23,0
37,7,0
8,36,0
8,13,0
5,22,0
8,38,0
29,44,0
19,1,0
10,43,0
42,41,0
43,34,0
39,24,0
24,31,0
38,17,0
36,37,0
13,25,0
1,28,0
15,7,0
27,30,0
24,28,0
36,40,0
42,15,0
23,8,0
5,29,0
5,32,0
33,44,0
26,23,0
49,19,0
46,32,0
37,36,0
26,46,0
1,19,0
35,27,0
30,3,0
9,25,0
38,17,0
18,32,0
22,33,0
12,9,0
41,28,0
33,43,0
46,25,0
10,25,0
14,31,0
4,16,0
36,28,0
23,31,0
30,48,0
7,10,0
41,40,0
35,5,0
17,11,0
46,37,0
26,6,0
47,15,0
22,12,0
21,5,0
37,24,0
17,19,0
34,7,0
36,32,0
11,22,0
42,36,0
2,31,0
34,38,0
22,32,0
1,28,0
27,5,0
30,17,0
16,5,0
9,15,0
1,29,0
45,38,0
12,17,0
23,33,0
39,35,0
35,47,0
32,24,0
41,11,0
36,31,0
42,25,0
42,26,0
38,35,0
41,18,0
32,41,0
47,36,0
41,37,0
22,33,0
25,0,0
43,18,0
14,39,0
43,14,0
12,27,0
33,31,0
6,23,0
12,22,0
39,5,0
15,22,0
10,21,0
22,6,0
32,17,0
10,40,0
47,23,0
37,12,0
38,33,0
32,46,0
17,18,0
33,30,0
6,31,0
6,12,0
8,18,0
27,43,0
37,15,0
10,39,0
34,40,0
28,23,0
20,13,0
31,14,0
36,4,0
6,30,0
14,31,0
31,19,0
40,40,0
17,39,0
38,12,0
28,45,0
9,9,0
22,20,0
3,30,0
24,42,0
29,8,0
30,49,0
34,19,0
21,38,0
8,23,0
13,32,0
3,27,0
38,4,0
31,37,0
14,47,0
5,19,0
16,16,0
41,38,0
18,27,0
45,28,0
33,17,0
35,32,0
19,46,0
5,10,0
23,35,0
43,26,0
13,43,0
6,21,0
6,27,0
13,7,0
21,1,0
9,40,0
23,40,0
7,36,0
24,34,0
8,35,0
16,17,0
29,42,0
13,31,0
39,43,0
6,37,0
48,16,0
20,32,0
40,32,0
9,41,0
17,47,0
8,7,0
27,30,0
27,6,0
34,8,0
13,44,0
40,23,0
26,9,0
32,10,0
37,24,0
45,37,0
15,29,0
28,20,0
39,29,0
40,29,0
13,30,0
14,41,0
30,14,0
21,22,0
35,6,0
36,25,0
39,26,0
10,18,0
8,23,0
19,37,0
36,20,0
26,39,0
19,16,0
9,42,0
33,24,0
26,15,0
24,38,0
28,3,0
9,6,0
7,18,0
39,24,0
19,49,0
27,24,0
16,27,0
16,9,0
34,23,0
19,38,0
22,27,0
40,11,0
24,21,0
15,22,0
32,22,0
8,21,0
48,34,0
33,10,0
25,1,0
3,35,0
24,37,0
22,44,0
16,44,0
22,15,0
33,14,0
31,35,0
41,12,0
40,26,0
20,4,0
32,3,0
23,31,0
28,19,0
34,2,0
16,43,0
32,44,0
32,6,0
10,5,0
49,23,0
14,5,0
16,38,0
41,39,0
7,18,0
17,19,0
8,39,0
22,29,0
22,25,0
5,36,0
42,33,0
38,12,0
34,43,0
27,31,0
16,28,0
6,32,0
15,47,0
27,38,0
30,20,0
29,48,0
5,17,0
8,43,0
21,32,0
16,14,0
36,19,0
32,7,0
5,16,0
29,5,0
41,32,0
3,16,0
28,30,0
29,39,0
30,35,0
25,10,0
8,36,0
50,25,0
5,30,0
11,39,0
18,23,0
22,4,0
31,29,0
49,31,0
47,17,0
18,36,0
11,10,0
36,20,0
6,16,0
25,6,0
12,44,0
37,22,0
22,36,0
6,20,0
39,41,0
34,25,0
9,18,0
32,37,0
24,4,0
22,11,0
21,44,0
43,21,0
11,8,0
33,38,0
21,28,0
5,37,0
15,27,0
15,19,0
39,22,0
43,19,0
38,4,0
39,21,0
21,20,0
37,21,0
10,16,0
43,24,0
27,4,0
27,15,0
44,26,0
42,31,0
33,14,0
14,7,0
20,38,0
16,11,0
47,16,0
35,9,0
32,2,0
22,11,0
32,36,0
46,25,0
9,24,0
16,13,0
27,27,0
40,32,0
14,37,0
23,4,0
9,9,0
20,47,0
35,35,0
21,35,0
47,14,0
20,35,0
41,22,0
24,49,0
12,27,0
45,39,0
26,1,0
46,32,0
30,49,0
9,18,0
25,4,0
21,38,0
4,31,0
34,44,0
22,8,0
26,36,0
13,22,0
15,5,0
7,42,0
43,37,0
36,47,0
19,30,0
31,11,0
26,46,0
43,27,0
17,44,0
24,19,0
16,38,0
23,10,0
21,38,0
17,42,0
317,9,1
301,5,1
296,48,1
290,34,1
293,15,1
282,28,1
316,3,1
319,42,1
299,28,1
296,15,1
301,2,1
290,8,1
308,27,1
288,15,1
295,9,1
319,13,1
299,40,1
297,2,1
320,44,1
300,32,1
282,32,1
306,14,1
284,17,1
309,39,1
300,8,1
291,33,1
282,22,1
315,40,1
317,46,1
318,18,1
296,34,1
318,4,1
293,44,1
296,5,1
280,25,1
290,11,1
315,9,1
281,18,1
286,14,1
311,16,1
306,36,1
289,33,1
300,49,1
302,2,1
293,43,1
310,24,1
291,27,1
304,4,1
307,19,1
315,25,1
295,23,1
292,11,1
283,25,1
327,22,1
298,22,1
281,30,1
317,30,1
293,28,1
321,31,1
320,44,1
309,10,1
312,26,1
294,3,1
297,35,1
306,35,1
282,20,1
310,28,1
284,12,1
318,16,1
321,37,1
300,24,1
313,19,1
298,27,1
291,40,1
286,9,1
291,31,1
283,17,1
315,42,1
319,17,1
306,5,1
290,16,1
287,17,1
312,38,1
314,14,1
296,30,1
300,22,1
295,10,1
326,34,1
318,5,1
299,14,1
310,44,1
303,10,1
290,44,1
300,37,1
295,23,1
310,8,1
307,8,1
289,8,1
292,6,1
294,40,1
289,10,1
294,44,1
317,26,1
327,14,1
310,20,1
285,31,1
311,5,1
288,8,1
320,31,1
314,3,1
298,44,1
310,30,1
307,31,1
300,1,1
324,41,1
284,36,1
309,47,1
290,21,1
310,15,1
292,25,1
301,27,1
319,39,1
309,31,1
297,44,1
310,38,1
294,9,1
303,38,1
326,12,1
308,45,1
313,38,1
307,20,1
286,41,1
306,21,1
307,9,1
317,41,1
301,6,1
315,19,1
290,17,1
289,31,1
298,49,1
298,26,1
283,27,1
324,24,1
291,17,1
289,29,1
285,26,1
304,7,1
311,17,1
304,30,1
295,5,1
283,31,1
304,21,1
320,35,1
314,21,1
323,35,1
290,5,1
291,33,1
298,49,1
283,34,1
315,15,1
298,38,1
298,46,1
292,9,1
287,35,1
306,25,1
318,16,1
319,33,1
290,40,1
308,32,1
299,24,1
311,38,1
313,33,1
296,28,1
322,24,1
304,9,1
328,26,1
289,28,1
311,11,1
323,11,1
287,38,1
323,8,1
320,43,1
294,5,1
310,7,1
298,36,1
300,6,1
293,32,1
309,30,1
302,23,1
303,7,1
288,15,1
326,31,1
309,14,1
318,12,1
302,44,1
285,34,1
290,41,1
287,35,1
307,12,1
300,16,1
295,8,1
284,15,1
296,13,1
282,28,1
300,24,1
306,42,1
280,25,1
292,14,1
309,11,1
306,1,1
314,40,1
302,15,1
296,11,1
328,24,1
326,13,1
305,38,1
297,9,1
315,4,1
322,9,1
292,15,1
316,27,1
299,17,1
302,37,1
317,10,1
321,32,1
290,17,1
287,42,1
308,48,1
320,38,1
303,7,1
293,30,1
302,30,1
328,16,1
319,17,1
295,30,1
322,24,1
288,18,1
311,31,1
301,42,1
326,17,1
297,28,1
310,19,1
303,14,1
308,14,1
282,19,1
319,33,1
302,22,1
303,31,1
283,35,1
283,19,1
297,12,1
308,40,1
300,36,1
301,5,1
311,12,1
323,12,1
301,13,1
316,26,1
307,3,1
280,25,1
285,12,1
321,15,1
323,19,1
326,33,1
302,45,1
325,24,1
308,36,1
299,40,1
300,38,1
318,39,1
304,5,1
310,22,1
289,14,1
292,36,1
288,19,1
293,10,1
313,33,1
294,7,1
327,23,1
316,35,1
293,8,1
307,11,1
321,18,1
305,36,1
292,6,1
318,32,1
285,31,1
300,46,1
298,4,1
284,26,1
296,48,1
325,20,1
287,18,1
287,14,1
327,27,1
296,33,1
301,21,1
299,23,1
317,10,1
287,41,1
319,7,1
299,2,1
281,29,1
316,18,1
312,37,1
290,14,1
325,30,1
294,24,1
301,29,1
305,25,1
319,23,1
309,11,1
288,21,1
326,27,1
326,37,1
329,22,1
302,38,1
286,13,1
313,35,1
298,15,1
291,6,1
290,41,1
282,18,1
286,29,1
305,40,1
300,20,1
327,24,1
285,35,1
313,14,1
305,34,1
304,41,1
301,8,1
295,11,1
320,32,1
313,8,1
297,9,1
297,10,1
291,28,1
296,47,1
297,13,1
314,4,1
311,30,1
316,5,1
319,17,1
286,16,1
322,41,1
313,18,1
281,21,1
291,40,1
293,19,1
314,22,1
309,48,1
286,31,1
285,30,1
285,18,1
309,46,1
304,28,1
297,5,1
312,30,1
298,19,1
316,34,1
319,11,1
321,24,1
292,11,1
288,36,1
316,36,1
288,41,1
324,39,1
317,23,1
324,17,1
306,41,1
304,17,1
328,30,1
321,14,1
324,17,1
291,26,1
303,29,1
320,20,1
284,37,1
292,44,1
316,32,1
289,33,1
313,3,1
294,31,1
301,30,1
316,38,1
320,21,1
295,40,1
305,14,1
292,11,1
303,45,1
321,29,1
311,32,1
314,31,1
285,12,1
321,7,1
300,16,1
304,1,1
314,27,1
326,13,1
291,9,1
318,24,1
281,32,1
288,43,1
321,38,1
283,20,1
294,28,1
315,3,1
312,19,1
300,20,1
295,27,1
294,31,1
288,35,1
322,38,1
321,11,1
321,10,1
314,22,1
296,10,1
293,31,1
281,26,1
299,38,1
297,41,1
309,20,1
323,9,1
324,41,1
311,3,1
308,4,1
304,38,1
317,43,1
315,23,1
309,26,1
297,41,1
323,34,1
284,24,1
326,37,1
298,35,1
305,14,1
325,32,1
311,17,1
308,28,1
301,37,1
306,17,1
325,22,1
293,20,1
295,42,1
282,22,1
291,14,1
313,30,1
300,7,1
305,9,1
294,18,1
301,31,1
325,39,1
309,43,1
309,36,1
317,24,1
298,23,1
318,45,1
321,12,1
290,26,1
289,37,1
325,27,1
288,9,1
305,17,1
322,26,1
310,19,1
310,19,1
322,36,1
316,38,1
308,44,1
315,17,1
309,33,1
314,10,1
287,39,1
303,49,1
292,41,1
317,35,1
318,24,1
317,32,1
303,9,1
286,24,1
305,44,1
322,26,1
306,21,1
321,23,1
301,24,1
309,47,1
308,15,1
294,3,1
291,5,1
292,33,1
321,21,1
311,40,1
297,17,1
319,41,1
291,43,1
323,23,1
322,22,1
293,40,1
298,7,1
