33,12,0
11,25,0
8,30,0
43,27,0
31,29,0
40,14,0
6,18,0
41,10,0
45,40,0
7,26,0
42,16,0
30,16,0
35,12,0
27,29,0
21,7,0
31,43,0
31,28,0
17,38,0
13,27,0
7,29,0
19,25,0
34,17,0
40,17,0
43,10,0
38,32,0
43,33,0
45,12,0
6,17,0
28,37,0
13,35,0
25,7,0
9,33,0
25,31,0
6,25,0
25,41,0
18,39,0
32,26,0
19,36,0
40,34,0
16,34,0
29,15,0
15,7,0
15,12,0
14,7,0
37,5,0
13,30,0
6,40,0
29,12,0
18,48,0
50,25,0
19,38,0
3,35,0
33,5,0
22,14,0
21,3,0
29,35,0
34,5,0
10,29,0
26,23,0
17,40,0
16,36,0
44,14,0
34,13,0
44,35,0
26,47,0
24,1,0
32,38,0
40,30,0
39,7,0
13,45,0
20,41,0
32,8,0
31,44,0
24,41,0
37,43,0
29,42,0
43,18,0
36,41,0
46,27,0
36,32,0
39,29,0
40,11,0
34,46,0
6,22,0
29,30,0
26,2,0
36,7,0
47,35,0
15,12,0
49,23,0
32,39,0
32,3,0
2,18,0
30,45,0
33,46,0
36,24,0
14,11,0
40,32,0
39,26,0
32,4,0
28,11,0
44,11,0
6,23,0
13,42,0
13,29,0
20,33,0
6,17,0
35,10,0
29,30,0
8,11,0
36,34,0
9,15,0
38,5,0
35,31,0
33,18,0
17,43,0
44,10,0
2,29,0
12,28,0
44,10,0
49,25,0
23,35,0
10,25,0
38,44,0
19,11,0
4,23,0
21,48,0
27,4,0
48,16,0
19,19,0
22,43,0
28,36,0
20,38,0
36,33,0
17,18,0
3,18,0
15,17,0
14,22,0
13,39,0
35,6,0
32,33,0
17,2,0
36,8,0
19,40,0
43,15,0
15,20,0
22,19,0
42,37,0
20,22,0
10,21,0
36,35,0
14,43,0
49,24,0
22,39,0
1,22,0
44,14,0
37,20,0
15,16,0
3,17,0
32,32,0
9,11,0
17,30,0
35,23,0
18,20,0
32,34,0
4,13,0
22,24,0
25,23,0
14,13,0
6,21,0
28,28,0
30,40,0
33,9,0
40,30,0
26,35,0
10,42,0
32,38,0
14,44,0
21,30,0
48,32,0
19,10,0
34,40,0
33,29,0
32,3,0
31,1,0
24,45,0
20,18,0
39,42,0
24,37,0
20,48,0
41,18,0
39,11,0
27,43,0
17,14,0
33,10,0
16,3,0
21,24,0
29,41,0
48,20,0
17,47,0
44,36,0
9,8,0
48,33,0
28,22,0
34,6,0
4,21,0
44,40,0
22,16,0
29,13,0
12,40,0
19,23,0
27,43,0
18,44,0
6,33,0
17,35,0
38,9,0
33,13,0
35,13,0
2,24,0
19,31,0
32,21,0
29,46,0
15,14,0
14,5,0
6,17,0
49,21,0
40,31,0
47,33,0
29,4,0
38,41,0
9,27,0
23,16,0
5,24,0
21,15,0
38,19,0
5,36,0
36,41,0
15,11,0
25,26,0
29,25,0
19,21,0
16,40,0
34,46,0
24,13,0
8,23,0
24,35,0
43,39,0
26,25,0
3,14,0
18,15,0
26,41,0
26,42,0
22,46,0
36,14,0
43,10,0
9,7,0
2,26,0
49,23,0
33,31,0
35,29,0
6,30,0
24,2,0
6,18,0
26,26,0
17,41,0
36,31,0
39,34,0
22,40,0
10,27,0
27,46,0
43,18,0
22,38,0
14,45,0
22,27,0
43,21,0
25,38,0
28,35,0
26,39,0
34,19,0
28,30,0
25,47,0
8,8,0
11,43,0
28,24,0
38,25,0
26,17,0
43,34,0
33,38,0
9,44,0
35,17,0
12,8,0
22,37,0
34,30,0
43,23,0
38,41,0
47,20,0
15,30,0
18,25,0
4,22,0
4,22,0
16,42,0
41,40,0
14,41,0
37,13,0
28,47,0
26,5,0
21,1,0
23,27,0
25,44,0
35,7,0
18,16,0
26,32,0
47,29,0
45,32,0
10,26,0
42,21,0
37,26,0
32,26,0
19,42,0
31,35,0
15,31,0
23,30,0
21,42,0
18,24,0
36,6,0
26,37,0
28,48,0
4,30,0
33,24,0
37,5,0
3,16,0
48,27,0
23,46,0
9,17,0
21,9,0
11,28,0
25,3,0
4,34,0
8,38,0
19,22,0
26,42,0
17,14,0
37,22,0
20,18,0
28,38,0
43,29,0
30,45,0
2,25,0
33,6,0
6,12,0
28,35,0
6,30,0
5,10,0
19,13,0
40,10,0
24,19,0
4,35,0
16,34,0
33,9,0
42,15,0
30,39,0
19,19,0
2,22,0
35,20,0
32,28,0
16,38,0
24,2,0
11,30,0
28,47,0
40,23,0
11,16,0
9,44,0
17,36,0
36,11,0
37,7,0
34,38,0
24,19,0
39,12,0
34,17,0
43,19,0
7,19,0
33,34,0
27,26,0
22,8,0
9,35,0
25,39,0
3,22,0
4,13,0
6,10,0
11,25,0
15,6,0
15,15,0
23,30,0
47,21,0
21,28,0
44,28,0
48,22,0
20,22,0
8,8,0
47,29,0
25,12,0
5,11,0
20,10,0
16,48,0
4,17,0
39,34,0
32,46,0
10,39,0
37,10,0
35,14,0
47,15,0
32,9,0
6,20,0
9,39,0
43,34,0
27,35,0
18,14,0
12,6,0
5,31,0
6,37,0
27,8,0
43,9,0
22,32,0
11,27,0
28,28,0
32,30,0
19,30,0
28,46,0
25,22,0
2,32,0
13,46,0
26,17,0
43,20,0
23,21,0
18,38,0
18,10,0
35,26,0
36,26,0
31,49,0
33,24,0
14,33,0
21,16,0
40,27,0
9,41,0
40,22,0
38,34,0
29,45,0
39,44,0
41,35,0
24,23,0
22,13,0
31,23,0
41,31,0
18,48,0
17,11,0
43,10,0
37,26,0
13,36,0
39,17,0
23,44,0
4,25,0
41,29,0
1,30,0
17,9,0
24,9,0
21,16,0
11,44,0
13,33,0
10,32,0
35,40,0
19,3,0
21,1,0
38,38,0
44,23,0
21,34,0
45,10,0
38,23,0
43,42,0
12,5,0
49,32,0
29,9,0
4,29,0
29,35,0
3,24,0
5,18,0
25,31,0
9,14,0
34,7,0
15,47,0
36,47,0
48,31,0
32,49,0
46,30,0
14,15,0
43,31,0
18,33,0
17,38,0
21,47,0
20,29,0
33,7,0
186,38,1
193,24,1
189,6,1
195,43,1
178,32,1
187,45,1
180,43,1
207,19,1
190,14,1
174,10,1
166,41,1
176,44,1
195,4,1
168,7,1
170,35,1
185,45,1
201,10,1
200,33,1
209,19,1
203,34,1
197,13,1
189,47,1
199,27,1
163,30,1
177,46,1
161,21,1
167,34,1
162,21,1
199,7,1
207,31,1
195,32,1
190,26,1
183,19,1
178,27,1
176,22,1
170,38,1
190,40,1
188,44,1
167,40,1
171,12,1
167,11,1
191,28,1
184,5,1
177,16,1
197,12,1
176,39,1
172,8,1
199,35,1
179,12,1
194,24,1
194,12,1
188,8,1
176,32,1
187,3,1
178,37,1
207,16,1
180,23,1
185,16,1
179,41,1
174,23,1
206,38,1
205,18,1
198,34,1
200,17,1
179,38,1
197,15,1
176,29,1
187,2,1
170,7,1
199,15,1
173,28,1
192,8,1
188,20,1
199,7,1
194,32,1
195,45,1
179,23,1
164,12,1
205,31,1
188,6,1
173,35,1
163,27,1
189,27,1
164,13,1
191,31,1
205,39,1
185,16,1
165,37,1
200,28,1
206,17,1
189,45,1
204,14,1
168,17,1
202,10,1
189,2,1
194,3,1
180,14,1
192,41,1
207,21,1
191,33,1
181,49,1
192,32,1
192,14,1
187,49,1
198,7,1
183,22,1
164,34,1
194,37,1
171,12,1
198,12,1
161,27,1
189,38,1
172,13,1
201,25,1
178,19,1
198,25,1
194,43,1
180,41,1
209,24,1
171,36,1
180,34,1
163,35,1
177,38,1
189,39,1
180,4,1
184,15,1
190,7,1
171,30,1
190,29,1
201,24,1
173,33,1
184,39,1
196,33,1
167,27,1
174,21,1
170,33,1
190,14,1
194,31,1
166,17,1
188,26,1
187,22,1
203,41,1
173,36,1
205,25,1
164,36,1
198,31,1
206,35,1
183,3,1
181,31,1
172,23,1
184,2,1
186,11,1
173,25,1
178,46,1
184,1,1
204,34,1
170,42,1
164,21,1
208,29,1
180,23,1
207,36,1
178,32,1
176,25,1
172,41,1
185,46,1
200,34,1
181,9,1
193,25,1
180,28,1
181,27,1
184,5,1
190,15,1
186,24,1
167,35,1
200,36,1
162,31,1
172,5,1
172,13,1
208,16,1
175,44,1
190,29,1
194,45,1
193,40,1
202,18,1
173,33,1
180,47,1
165,16,1
186,12,1
202,30,1
190,8,1
178,10,1
171,10,1
189,32,1
204,13,1
188,28,1
170,34,1
174,5,1
193,5,1
202,29,1
191,34,1
179,25,1
186,12,1
182,30,1
207,30,1
192,35,1
203,9,1
188,31,1
205,37,1
194,48,1
202,42,1
191,11,1
190,49,1
178,49,1
178,34,1
179,13,1
195,38,1
168,21,1
199,30,1
203,21,1
166,21,1
166,15,1
206,16,1
188,18,1
184,39,1
165,37,1
184,34,1
168,19,1
201,39,1
203,32,1
181,31,1
168,23,1
193,36,1
171,37,1
179,36,1
163,15,1
170,26,1
166,16,1
168,29,1
208,18,1
175,20,1
173,11,1
196,11,1
185,34,1
178,39,1
175,33,1
176,44,1
207,31,1
193,31,1
185,4,1
181,45,1
206,33,1
170,32,1
178,4,1
185,45,1
179,9,1
164,20,1
192,48,1
180,13,1
201,25,1
190,49,1
178,9,1
161,32,1
179,9,1
182,8,1
188,36,1
170,19,1
186,44,1
186,11,1
176,36,1
172,11,1
171,36,1
170,20,1
196,39,1
190,39,1
190,12,1
205,16,1
198,19,1
197,24,1
192,2,1
166,35,1
197,8,1
197,39,1
198,37,1
182,42,1
171,24,1
172,34,1
193,13,1
193,14,1
195,37,1
202,18,1
191,20,1
195,16,1
176,17,1
195,19,1
196,19,1
165,17,1
171,37,1
204,34,1
198,15,1
195,35,1
199,29,1
164,30,1
175,12,1
190,15,1
194,7,1
196,10,1
187,24,1
207,17,1
172,39,1
179,5,1
200,10,1
192,36,1
202,39,1
195,40,1
164,35,1
188,32,1
164,36,1
178,35,1
191,14,1
193,47,1
171,45,1
206,35,1
175,25,1
184,22,1
190,9,1
162,31,1
193,9,1
202,27,1
177,14,1
184,31,1
188,3,1
204,14,1
174,22,1
190,30,1
195,17,1
206,24,1
188,6,1
179,43,1
172,30,1
164,35,1
188,18,1
178,4,1
181,38,1
199,29,1
171,37,1
180,18,1
177,20,1
172,11,1
191,29,1
197,28,1
197,45,1
202,38,1
182,19,1
195,41,1
197,41,1
167,40,1
185,32,1
169,7,1
169,10,1
176,39,1
185,0,1
163,25,1
202,17,1
193,15,1
179,7,1
203,24,1
187,40,1
198,5,1
182,32,1
180,9,1
166,12,1
178,10,1
170,41,1
191,33,1
194,27,1
170,42,1
176,44,1
184,15,1
190,30,1
178,44,1
192,16,1
188,25,1
195,42,1
183,5,1
186,28,1
201,39,1
167,36,1
187,15,1
182,4,1
168,23,1
194,43,1
197,39,1
198,21,1
201,34,1
201,38,1
200,42,1
199,10,1
171,43,1
200,16,1
174,44,1
192,33,1
165,27,1
181,33,1
168,22,1
169,39,1
200,7,1
198,37,1
184,2,1
198,38,1
186,17,1
176,5,1
201,20,1
204,14,1
196,42,1
181,12,1
200,29,1
199,13,1
172,33,1
174,38,1
168,22,1
194,40,1
207,34,1
207,35,1
198,23,1
204,17,1
200,35,1
200,39,1
180,28,1
182,32,1
206,29,1
177,25,1
184,3,1
166,14,1
178,42,1
170,12,1
186,32,1
182,29,1
194,28,1
194,6,1
207,30,1
168,9,1
182,47,1
188,17,1
162,20,1
201,25,1
187,13,1
204,30,1
202,37,1
210,25,1
199,5,1
169,32,1
182,43,1
173,20,1
191,40,1
208,20,1
167,23,1
168,43,1
196,25,1
190,32,1
185,48,1
171,33,1
183,29,1
182,24,1
181,39,1
209,26,1
206,33,1
195,19,1
178,3,1
183,41,1
171,16,1
188,20,1
164,37,1
201,13,1
177,31,1
180,35,1
187,36,1
204,20,1
175,16,1
187,34,1
195,7,1
171,22,1
177,35,1
199,19,1
172,40,1
198,6,1
162,23,1
168,10,1
195,39,1
202,37,1
182,29,1
180,27,1
189,12,1
180,40,1
181,10,1
186,45,1
170,32,1
188,22,1
204,36,1
192,41,1
188,38,1
