26,40,0
48,27,0
23,39,0
25,45,0
41,25,0
7,40,0
14,44,0
32,25,0
14,4,0
6,24,0
43,37,0
21,30,0
7,29,0
39,29,0
40,39,0
15,38,0
48,31,0
36,43,0
15,33,0
3,24,0
17,40,0
44,9,0
23,23,0
23,48,0
22,16,0
12,31,0
41,9,0
34,23,0
38,18,0
47,15,0
6,19,0
34,13,0
31,40,0
13,11,0
12,23,0
47,16,0
44,21,0
12,38,0
45,23,0
29,25,0
28,39,0
24,3,0
21,40,0
10,20,0
20,31,0
5,25,0
4,36,0
5,22,0
5,29,0
33,9,0
31,9,0
40,38,0
21,46,0
29,47,0
30,29,0
27,42,0
40,40,0
25,49,0
27,37,0
23,26,0
9,11,0
36,3,0
31,6,0
12,32,0
8,20,0
24,46,0
30,35,0
2,27,0
32,34,0
3,20,0
5,20,0
25,38,0
49,21,0
6,40,0
23,9,0
13,26,0
28,40,0
39,42,0
35,31,0
31,19,0
4,38,0
7,26,0
6,27,0
46,15,0
41,38,0
30,37,0
17,21,0
7,35,0
19,44,0
35,25,0
29,18,0
2,21,0
38,20,0
28,42,0
43,31,0
12,33,0
19,36,0
27,13,0
30,40,0
30,4,0
15,4,0
32,35,0
3,33,0
31,42,0
26,1,0
4,38,0
18,19,0
21,4,0
44,19,0
29,7,0
46,24,0
46,14,0
11,9,0
32,28,0
34,20,0
33,23,0
43,18,0
39,12,0
29,28,0
20,1,0
31,3,0
31,31,0
25,30,0
22,21,0
31,30,0
25,0,0
11,22,0
21,30,0
17,45,0
31,47,0
41,9,0
27,20,0
40,28,0
9,36,0
26,33,0
32,20,0
5,26,0
35,43,0
14,8,0
29,4,0
1,25,0
30,4,0
35,8,0
28,39,0
29,30,0
28,40,0
37,4,0
2,19,0
3,17,0
24,31,0
32,16,0
42,36,0
34,34,0
11,30,0
19,11,0
13,17,0
25,34,0
14,4,0
33,2,0
37,35,0
16,38,0
24,21,0
36,9,0
28,23,0
35,11,0
18,29,0
13,27,0
16,45,0
24,3,0
20,33,0
35,12,0
9,39,0
18,4,0
35,13,0
20,41,0
34,7,0
25,50,0
11,44,0
34,32,0
4,27,0
24,28,0
26,46,0
28,36,0
7,11,0
37,5,0
18,20,0
36,32,0
2,28,0
32,48,0
33,25,0
28,37,0
10,36,0
26,35,0
13,23,0
45,35,0
5,18,0
26,12,0
20,26,0
26,5,0
33,33,0
32,17,0
20,33,0
43,39,0
25,39,0
2,25,0
45,29,0
30,49,0
7,18,0
2,17,0
25,48,0
27,14,0
37,17,0
11,20,0
4,33,0
5,24,0
25,30,0
43,38,0
43,35,0
18,33,0
44,16,0
28,3,0
11,13,0
34,9,0
36,9,0
39,41,0
31,33,0
2,29,0
41,28,0
20,6,0
28,42,0
19,39,0
6,9,0
9,41,0
15,45,0
31,30,0
8,17,0
36,38,0
25,3,0
8,9,0
35,3,0
13,34,0
47,18,0
12,22,0
34,11,0
10,22,0
13,4,0
48,25,0
12,31,0
42,30,0
18,8,0
41,10,0
14,18,0
21,20,0
4,32,0
23,36,0
48,17,0
8,29,0
23,1,0
27,20,0
17,44,0
21,34,0
30,15,0
29,23,0
17,32,0
27,43,0
48,20,0
17,41,0
33,45,0
18,11,0
17,24,0
12,28,0
33,29,0
38,32,0
16,35,0
11,23,0
21,35,0
21,34,0
19,36,0
14,43,0
28,35,0
26,1,0
41,38,0
32,2,0
1,27,0
20,16,0
47,27,0
27,20,0
34,6,0
43,8,0
27,19,0
6,13,0
20,32,0
33,6,0
18,40,0
32,48,0
36,18,0
36,36,0
38,39,0
36,28,0
33,19,0
7,27,0
3,26,0
29,46,0
33,26,0
24,47,0
38,10,0
15,36,0
9,35,0
25,26,0
20,15,0
27,10,0
24,42,0
6,14,0
32,9,0
1,21,0
25,40,0
14,35,0
36,21,0
11,8,0
15,24,0
21,47,0
23,20,0
48,28,0
18,34,0
9,42,0
17,20,0
30,10,0
40,26,0
41,16,0
39,38,0
12,8,0
12,39,0
3,14,0
41,16,0
17,40,0
40,12,0
16,34,0
1,24,0
47,32,0
9,30,0
27,20,0
34,24,0
38,23,0
24,40,0
13,8,0
31,43,0
39,17,0
21,41,0
6,36,0
42,21,0
22,40,0
15,20,0
24,30,0
11,15,0
49,23,0
13,43,0
15,38,0
29,13,0
48,24,0
30,39,0
5,14,0
15,42,0
19,15,0
8,12,0
11,20,0
42,9,0
43,37,0
11,45,0
7,32,0
17,17,0
6,27,0
37,21,0
28,33,0
17,20,0
18,6,0
1,21,0
33,21,0
11,38,0
27,40,0
17,46,0
13,26,0
19,4,0
28,18,0
30,29,0
40,44,0
15,28,0
3,33,0
17,41,0
19,28,0
26,35,0
26,2,0
16,10,0
33,9,0
30,19,0
21,24,0
47,28,0
25,37,0
28,6,0
12,23,0
34,25,0
32,11,0
6,31,0
27,40,0
38,18,0
4,17,0
46,34,0
19,14,0
42,36,0
32,30,0
15,46,0
30,27,0
39,40,0
6,22,0
5,11,0
38,27,0
27,35,0
27,46,0
35,44,0
21,38,0
13,16,0
42,39,0
34,11,0
11,22,0
4,26,0
17,22,0
25,22,0
26,29,0
18,32,0
21,20,0
44,15,0
19,38,0
31,7,0
38,38,0
32,6,0
28,9,0
37,39,0
14,27,0
13,18,0
19,21,0
25,45,0
20,8,0
33,20,0
40,27,0
37,41,0
11,19,0
42,29,0
30,39,0
4,24,0
29,42,0
28,3,0
26,37,0
34,23,0
11,35,0
34,25,0
33,12,0
42,24,0
32,42,0
18,28,0
43,24,0
35,19,0
32,36,0
10,22,0
38,11,0
17,10,0
30,10,0
9,43,0
26,25,0
12,23,0
42,11,0
34,18,0
3,24,0
12,13,0
35,18,0
23,27,0
38,21,0
15,37,0
35,43,0
4,13,0
12,23,0
18,16,0
25,47,0
44,9,0
14,24,0
36,5,0
28,18,0
35,19,0
31,26,0
34,24,0
21,36,0
9,41,0
35,19,0
4,21,0
12,41,0
17,15,0
17,45,0
46,15,0
1,27,0
46,24,0
25,16,0
30,43,0
174,10,1
177,46,1
195,22,1
183,40,1
166,33,1
157,19,1
182,17,1
185,4,1
185,28,1
160,42,1
182,31,1
183,6,1
161,32,1
164,8,1
154,26,1
193,32,1
175,2,1
174,43,1
170,48,1
177,25,1
191,13,1
153,23,1
189,26,1
158,18,1
195,25,1
167,46,1
169,21,1
177,8,1
168,26,1
194,41,1
158,8,1
182,3,1
190,26,1
162,37,1
184,16,1
193,42,1
198,29,1
187,32,1
163,25,1
181,40,1
171,19,1
174,5,1
185,34,1
162,20,1
189,21,1
163,42,1
170,8,1
182,14,1
182,12,1
167,37,1
188,26,1
184,11,1
157,39,1
168,8,1
198,16,1
182,49,1
180,28,1
173,13,1
165,45,1
177,2,1
171,14,1
183,41,1
164,25,1
152,17,1
195,23,1
182,36,1
183,20,1
172,48,1
179,29,1
157,42,1
193,23,1
192,28,1
178,36,1
180,15,1
169,20,1
188,8,1
192,41,1
190,5,1
183,22,1
191,14,1
158,28,1
155,32,1
181,37,1
172,31,1
170,6,1
187,46,1
196,14,1
171,10,1
183,13,1
189,8,1
197,21,1
180,48,1
175,7,1
175,35,1
177,16,1
159,38,1
197,34,1
188,11,1
165,24,1
180,35,1
184,15,1
175,36,1
195,25,1
171,10,1
197,21,1
163,28,1
185,31,1
187,7,1
172,17,1
191,13,1
179,12,1
188,11,1
176,34,1
167,34,1
172,26,1
191,14,1
167,18,1
195,33,1
183,32,1
192,32,1
182,3,1
175,46,1
168,44,1
186,14,1
171,46,1
154,31,1
169,47,1
195,28,1
193,35,1
165,26,1
158,34,1
166,15,1
168,5,1
190,25,1
165,47,1
186,9,1
152,34,1
199,24,1
168,37,1
156,38,1
182,6,1
177,28,1
166,47,1
174,3,1
175,8,1
173,12,1
195,36,1
186,31,1
179,30,1
166,48,1
173,15,1
156,24,1
160,23,1
180,48,1
169,9,1
158,40,1
177,37,1
191,33,1
154,17,1
195,40,1
173,14,1
179,46,1
167,18,1
169,14,1
184,24,1
176,43,1
157,10,1
188,6,1
199,31,1
187,32,1
186,25,1
151,26,1
156,24,1
184,21,1
172,7,1
155,22,1
158,31,1
191,28,1
172,7,1
169,42,1
195,31,1
195,20,1
196,16,1
177,34,1
171,28,1
166,14,1
179,17,1
168,25,1
172,17,1
175,16,1
160,40,1
164,41,1
163,21,1
169,43,1
151,32,1
169,33,1
161,44,1
194,27,1
176,40,1
196,32,1
186,23,1
181,27,1
172,43,1
186,30,1
198,27,1
192,18,1
182,6,1
166,47,1
179,3,1
185,43,1
171,37,1
172,28,1
168,8,1
160,29,1
181,30,1
186,34,1
165,14,1
191,23,1
168,14,1
157,33,1
189,27,1
177,35,1
187,18,1
180,23,1
160,18,1
164,15,1
186,28,1
187,27,1
164,13,1
161,17,1
168,32,1
158,28,1
160,11,1
177,33,1
173,37,1
163,14,1
158,29,1
157,9,1
166,21,1
180,33,1
172,39,1
162,23,1
182,33,1
176,8,1
180,6,1
179,31,1
190,20,1
186,34,1
193,17,1
168,39,1
172,34,1
188,43,1
185,14,1
191,29,1
172,49,1
191,34,1
182,44,1
160,17,1
194,13,1
154,38,1
175,26,1
186,26,1
181,8,1
189,16,1
160,33,1
160,12,1
167,35,1
184,39,1
181,9,1
190,33,1
183,33,1
183,33,1
184,13,1
172,25,1
182,5,1
171,9,1
175,8,1
185,27,1
169,19,1
179,37,1
151,22,1
176,24,1
164,10,1
174,44,1
156,22,1
154,32,1
155,21,1
187,27,1
177,11,1
187,14,1
194,40,1
154,20,1
186,23,1
194,34,1
170,3,1
165,33,1
164,28,1
174,49,1
160,38,1
174,31,1
160,39,1
165,10,1
159,23,1
156,25,1
184,11,1
171,47,1
185,40,1
176,3,1
175,20,1
176,36,1
179,3,1
179,1,1
189,18,1
157,13,1
195,12,1
180,31,1
174,48,1
182,3,1
172,48,1
196,14,1
156,16,1
179,48,1
168,9,1
167,5,1
173,3,1
186,45,1
176,28,1
162,19,1
191,31,1
159,11,1
155,30,1
183,34,1
184,39,1
191,12,1
182,30,1
182,34,1
161,23,1
165,21,1
187,25,1
180,21,1
179,31,1
188,32,1
151,32,1
184,11,1
173,12,1
181,39,1
162,9,1
197,19,1
164,16,1
163,22,1
178,2,1
177,24,1
190,31,1
187,26,1
165,23,1
161,17,1
169,15,1
188,4,1
191,19,1
171,45,1
180,38,1
163,43,1
191,18,1
190,15,1
163,5,1
171,23,1
152,31,1
167,14,1
180,49,1
170,3,1
168,14,1
156,30,1
170,38,1
180,15,1
154,17,1
175,43,1
174,4,1
167,4,1
174,36,1
178,6,1
160,18,1
180,13,1
172,30,1
190,30,1
181,42,1
184,47,1
161,25,1
157,39,1
191,7,1
162,33,1
195,24,1
188,12,1
191,15,1
158,17,1
153,20,1
161,17,1
180,40,1
159,6,1
175,32,1
179,21,1
195,10,1
183,6,1
166,14,1
156,12,1
173,41,1
155,24,1
199,25,1
199,32,1
195,38,1
154,14,1
189,32,1
162,13,1
172,49,1
170,14,1
158,11,1
176,18,1
174,35,1
186,47,1
180,13,1
182,4,1
190,19,1
198,16,1
160,40,1
189,22,1
157,20,1
176,12,1
173,1,1
188,38,1
167,20,1
178,35,1
168,18,1
182,3,1
165,24,1
163,7,1
154,38,1
196,18,1
168,40,1
186,3,1
160,14,1
190,29,1
159,44,1
154,12,1
160,34,1
159,17,1
190,20,1
188,12,1
178,20,1
164,28,1
165,39,1
174,22,1
162,16,1
164,42,1
180,5,1
179,29,1
167,10,1
162,23,1
185,45,1
161,19,1
162,32,1
164,20,1
163,23,1
195,14,1
156,23,1
168,46,1
194,17,1
194,14,1
159,6,1
154,38,1
164,24,1
189,14,1
177,27,1
170,42,1
185,41,1
190,19,1
190,20,1
180,4,1
164,32,1
163,35,1
172,42,1
161,30,1
188,19,1
160,38,1
196,16,1
181,40,1
154,37,1
166,2,1
164,17,1
156,20,1
182,24,1
166,41,1
166,6,1
163,46,1
167,6,1
173,32,1
191,25,1
168,13,1
168,49,1
193,12,1
169,46,1
158,35,1
