27,20,0
13,37,0
32,38,0
34,45,0
19,9,0
22,21,0
19,1,0
24,2,0
27,35,0
44,9,0
40,38,0
14,34,0
5,18,0
17,22,0
31,28,0
19,32,0
25,9,0
27,1,0
48,30,0
25,24,0
16,38,0
36,46,0
29,42,0
40,40,0
40,25,0
4,31,0
35,22,0
2,27,0
29,47,0
26,34,0
33,37,0
9,7,0
16,41,0
35,12,0
12,45,0
23,12,0
23,4,0
49,20,0
23,14,0
6,22,0
24,41,0
11,35,0
20,19,0
37,26,0
14,30,0
34,28,0
48,28,0
39,26,0
28,11,0
16,32,0
47,33,0
18,17,0
37,26,0
42,34,0
11,32,0
17,36,0
26,20,0
31,33,0
19,37,0
21,46,0
20,28,0
15,43,0
44,36,0
27,47,0
17,48,0
30,7,0
38,37,0
10,23,0
18,36,0
35,4,0
43,25,0
18,6,0
16,41,0
9,38,0
18,31,0
15,47,0
34,32,0
5,13,0
11,41,0
22,31,0
29,1,0
7,25,0
30,28,0
19,21,0
18,3,0
24,30,0
19,44,0
28,39,0
38,37,0
18,46,0
39,38,0
12,27,0
26,29,0
47,22,0
22,37,0
25,49,0
7,10,0
22,34,0
45,38,0
10,32,0
43,22,0
30,14,0
33,16,0
21,18,0
42,28,0
7,15,0
23,37,0
13,35,0
48,20,0
22,32,0
1,28,0
2,18,0
17,25,0
40,41,0
3,18,0
20,48,0
32,27,0
25,16,0
37,38,0
19,34,0
10,43,0
12,23,0
44,13,0
26,16,0
42,26,0
27,42,0
10,11,0
44,12,0
25,1,0
14,47,0
19,3,0
11,20,0
23,19,0
15,46,0
38,26,0
15,27,0
34,41,0
19,21,0
13,17,0
38,29,0
41,9,0
25,50,0
25,3,0
36,35,0
30,15,0
22,34,0
8,42,0
21,25,0
31,2,0
36,46,0
8,20,0
45,38,0
5,15,0
29,18,0
34,4,0
22,24,0
12,29,0
36,45,0
46,20,0
44,29,0
17,22,0
22,26,0
42,11,0
16,15,0
35,15,0
5,18,0
11,12,0
18,32,0
25,49,0
24,14,0
15,20,0
10,32,0
38,14,0
8,22,0
19,47,0
12,6,0
29,48,0
24,23,0
7,14,0
28,44,0
12,18,0
26,38,0
10,20,0
6,16,0
17,38,0
15,26,0
25,40,0
47,16,0
38,9,0
29,13,0
25,27,0
9,24,0
6,28,0
21,17,0
27,15,0
11,11,0
14,38,0
40,6,0
23,17,0
14,16,0
20,22,0
45,39,0
39,19,0
19,22,0
12,18,0
26,12,0
43,39,0
9,11,0
40,9,0
11,18,0
23,21,0
22,19,0
29,3,0
6,11,0
36,28,0
31,31,0
40,38,0
33,40,0
23,49,0
34,40,0
36,33,0
21,1,0
29,15,0
11,19,0
5,17,0
3,17,0
16,9,0
39,29,0
7,18,0
25,35,0
18,5,0
31,18,0
34,5,0
35,41,0
28,36,0
33,3,0
17,42,0
15,11,0
11,15,0
19,30,0
12,5,0
9,36,0
48,32,0
18,47,0
15,46,0
41,6,0
29,41,0
36,33,0
41,22,0
28,20,0
4,30,0
26,45,0
33,48,0
16,34,0
16,47,0
38,35,0
35,32,0
26,49,0
41,32,0
20,41,0
19,48,0
39,5,0
3,23,0
38,26,0
20,47,0
35,5,0
26,21,0
28,18,0
13,40,0
14,36,0
38,34,0
22,30,0
44,34,0
18,36,0
47,29,0
38,39,0
15,18,0
2,19,0
15,5,0
20,10,0
19,3,0
32,48,0
31,47,0
13,10,0
9,39,0
38,27,0
49,25,0
31,43,0
32,19,0
16,5,0
4,30,0
15,45,0
8,32,0
46,12,0
28,20,0
47,32,0
45,21,0
1,32,0
20,11,0
4,29,0
22,37,0
11,35,0
28,6,0
42,7,0
41,32,0
19,10,0
5,15,0
37,39,0
20,40,0
45,36,0
22,15,0
26,29,0
8,34,0
32,41,0
14,27,0
21,20,0
17,10,0
17,44,0
41,29,0
15,17,0
8,16,0
29,5,0
47,29,0
48,19,0
45,17,0
41,39,0
42,9,0
9,10,0
1,25,0
7,23,0
23,38,0
9,23,0
23,34,0
26,6,0
4,33,0
16,35,0
41,20,0
26,11,0
18,33,0
44,35,0
18,39,0
39,16,0
10,21,0
9,31,0
31,38,0
6,26,0
15,35,0
40,31,0
49,22,0
9,20,0
14,38,0
34,2,0
41,13,0
42,43,0
30,17,0
32,22,0
27,48,0
5,39,0
10,39,0
30,25,0
28,39,0
10,45,0
37,6,0
9,34,0
27,47,0
17,22,0
35,38,0
42,28,0
18,35,0
42,18,0
8,40,0
33,48,0
34,15,0
3,33,0
38,6,0
15,31,0
33,20,0
15,47,0
25,30,0
34,10,0
21,28,0
31,15,0
38,38,0
20,6,0
35,39,0
7,36,0
10,5,0
40,36,0
9,17,0
33,19,0
7,10,0
9,10,0
21,5,0
19,27,0
35,24,0
45,39,0
18,41,0
8,43,0
29,15,0
16,5,0
49,25,0
23,16,0
10,43,0
37,15,0
13,37,0
44,21,0
49,27,0
31,27,0
24,10,0
44,29,0
19,36,0
11,21,0
8,10,0
23,21,0
40,7,0
47,33,0
36,40,0
47,21,0
45,34,0
18,39,0
17,3,0
13,17,0
20,37,0
23,15,0
22,2,0
28,44,0
29,26,0
27,47,0
39,41,0
12,15,0
31,48,0
27,17,0
31,47,0
28,9,0
7,22,0
26,7,0
29,25,0
15,20,0
15,17,0
31,5,0
29,19,0
31,34,0
31,23,0
48,27,0
16,22,0
46,21,0
43,25,0
16,8,0
5,19,0
43,23,0
45,20,0
44,30,0
5,16,0
23,21,0
40,41,0
38,39,0
41,24,0
32,7,0
37,27,0
47,19,0
25,45,0
12,21,0
19,33,0
29,7,0
27,5,0
47,30,0
36,38,0
34,24,0
34,15,0
32,29,0
4,29,0
27,20,0
22,29,0
11,36,0
18,13,0
42,31,0
24,44,0
46,21,0
41,13,0
4,29,0
41,19,0
5,26,0
24,31,0
19,44,0
20,21,0
19,3,0
18,25,0
7,17,0
16,35,0
24,28,0
13,20,0
44,41,0
14,26,0
24,40,0
33,27,0
10,7,0
10,26,0
16,44,0
32,6,0
39,11,0
287,21,1
312,14,1
301,48,1
288,21,1
287,37,1
324,29,1
285,34,1
312,11,1
311,35,1
311,45,1
315,39,1
321,23,1
305,41,1
299,17,1
285,10,1
325,32,1
282,21,1
308,23,1
301,30,1
310,48,1
322,41,1
319,43,1
328,24,1
288,41,1
309,20,1
285,26,1
302,6,1
323,31,1
311,37,1
301,8,1
285,40,1
307,9,1
321,35,1
303,21,1
317,23,1
316,12,1
318,12,1
296,47,1
291,16,1
323,40,1
290,14,1
309,24,1
319,43,1
321,14,1
303,36,1
308,4,1
321,39,1
323,20,1
290,27,1
304,3,1
301,6,1
292,40,1
309,44,1
320,13,1
294,33,1
327,30,1
302,38,1
290,29,1
299,41,1
299,43,1
329,28,1
303,43,1
284,38,1
301,25,1
294,10,1
290,36,1
312,38,1
298,25,1
292,30,1
308,46,1
296,47,1
302,10,1
314,30,1
324,20,1
287,36,1
314,43,1
298,40,1
287,25,1
317,28,1
296,20,1
315,15,1
311,27,1
302,23,1
317,5,1
302,39,1
327,18,1
316,21,1
291,7,1
306,49,1
315,41,1
293,17,1
299,14,1
296,12,1
312,4,1
311,4,1
322,42,1
318,28,1
310,18,1
319,32,1
319,44,1
300,28,1
327,22,1
302,23,1
296,5,1
305,4,1
283,16,1
295,17,1
307,31,1
309,23,1
308,3,1
329,32,1
308,37,1
294,34,1
320,6,1
296,22,1
327,28,1
289,44,1
285,13,1
296,2,1
320,10,1
289,6,1
298,44,1
289,35,1
304,11,1
308,11,1
314,2,1
319,44,1
300,23,1
312,38,1
309,4,1
324,40,1
312,10,1
306,19,1
282,17,1
300,2,1
304,22,1
322,25,1
305,4,1
314,6,1
314,11,1
294,31,1
326,32,1
299,13,1
305,3,1
312,42,1
292,7,1
307,33,1
303,12,1
299,36,1
314,17,1
319,34,1
322,26,1
311,18,1
305,26,1
301,30,1
313,6,1
309,10,1
297,38,1
293,25,1
306,45,1
287,29,1
303,17,1
310,19,1
289,18,1
310,28,1
308,23,1
302,30,1
298,40,1
287,22,1
323,31,1
317,37,1
308,48,1
318,33,1
290,38,1
299,24,1
305,17,1
294,21,1
305,25,1
310,44,1
309,23,1
324,41,1
309,6,1
288,26,1
313,19,1
315,32,1
328,26,1
297,6,1
298,17,1
299,37,1
291,17,1
321,40,1
305,16,1
294,14,1
320,40,1
296,3,1
325,34,1
317,6,1
324,29,1
316,42,1
288,21,1
311,43,1
287,23,1
292,43,1
311,2,1
313,9,1
325,14,1
302,41,1
311,49,1
304,44,1
295,14,1
316,47,1
326,22,1
321,33,1
322,10,1
286,18,1
300,15,1
297,15,1
319,30,1
297,6,1
290,41,1
318,22,1
323,9,1
286,40,1
321,16,1
316,27,1
306,41,1
310,7,1
307,22,1
291,6,1
290,31,1
308,15,1
315,10,1
316,14,1
309,14,1
292,37,1
296,10,1
310,22,1
300,18,1
284,24,1
284,22,1
313,22,1
310,25,1
314,34,1
286,33,1
321,22,1
308,21,1
311,47,1
309,37,1
315,17,1
306,14,1
319,15,1
300,44,1
325,32,1
310,26,1
325,17,1
314,31,1
311,47,1
304,3,1
307,21,1
322,9,1
310,17,1
308,24,1
310,6,1
316,18,1
314,11,1
284,12,1
287,32,1
294,23,1
307,22,1
300,38,1
289,43,1
297,29,1
308,27,1
283,15,1
317,16,1
315,11,1
310,9,1
308,48,1
310,34,1
302,13,1
324,11,1
315,10,1
286,15,1
328,17,1
283,28,1
298,3,1
323,28,1
302,40,1
297,8,1
302,13,1
326,24,1
322,36,1
298,37,1
294,7,1
283,25,1
317,26,1
285,39,1
306,2,1
298,41,1
301,5,1
312,42,1
319,36,1
313,11,1
319,7,1
312,24,1
327,36,1
303,20,1
308,37,1
300,26,1
304,43,1
295,34,1
314,4,1
294,29,1
305,8,1
311,31,1
307,49,1
313,23,1
300,2,1
319,9,1
304,39,1
329,26,1
301,47,1
310,35,1
312,42,1
299,36,1
292,42,1
328,30,1
295,41,1
303,49,1
297,31,1
325,38,1
309,15,1
296,11,1
303,20,1
298,7,1
282,26,1
298,31,1
307,35,1
315,14,1
314,40,1
299,46,1
302,32,1
287,8,1
291,43,1
313,18,1
321,20,1
304,41,1
329,20,1
307,9,1
292,5,1
308,11,1
309,20,1
314,43,1
318,20,1
314,7,1
295,7,1
294,6,1
287,11,1
319,37,1
298,46,1
309,21,1
316,32,1
283,26,1
294,30,1
298,43,1
288,19,1
285,30,1
285,15,1
298,5,1
323,31,1
291,36,1
318,41,1
305,42,1
308,3,1
323,17,1
293,41,1
327,31,1
284,33,1
313,3,1
299,21,1
313,32,1
307,6,1
301,9,1
286,25,1
318,44,1
307,41,1
325,18,1
300,45,1
324,40,1
297,36,1
284,17,1
326,28,1
284,26,1
319,32,1
287,25,1
319,41,1
315,41,1
315,46,1
294,27,1
315,32,1
295,3,1
282,25,1
316,4,1
296,9,1
316,19,1
326,12,1
316,42,1
315,24,1
291,15,1
290,15,1
290,18,1
304,36,1
307,47,1
312,20,1
321,24,1
314,47,1
319,37,1
298,5,1
319,33,1
303,18,1
292,35,1
320,31,1
299,7,1
311,15,1
322,34,1
303,36,1
315,13,1
320,19,1
308,38,1
328,22,1
299,40,1
328,22,1
307,30,1
288,40,1
285,23,1
308,28,1
301,34,1
306,21,1
293,19,1
289,27,1
297,28,1
311,16,1
299,5,1
297,39,1
310,13,1
292,46,1
310,40,1
299,29,1
294,4,1
317,14,1
307,44,1
303,27,1
299,4,1
300,12,1
323,10,1
291,15,1
325,18,1
283,36,1
298,46,1
296,44,1
290,25,1
296,3,1
289,12,1
321,22,1
312,5,1
325,29,1
308,38,1
298,40,1
322,34,1
321,13,1
305,27,1
301,8,1
300,42,1
287,37,1
293,21,1
322,34,1
300,13,1
312,19,1
294,41,1
290,15,1
304,4,1
300,1,1
321,32,1
300,34,1
321,37,1
316,46,1
294,39,1
297,7,1
319,20,1
286,33,1
294,33,1
304,4,1
326,31,1
311,31,1
303,23,1
324,9,1
292,43,1
302,1,1
314,26,1
295,37,1
