42,25,0
31,29,0
15,17,0
34,40,0
2,25,0
5,24,0
30,15,0
33,7,0
21,33,0
25,30,0
18,12,0
42,34,0
26,49,0
43,35,0
18,3,0
23,8,0
39,43,0
23,12,0
48,26,0
14,39,0
38,39,0
35,46,0
34,17,0
40,15,0
12,39,0
46,33,0
24,40,0
7,42,0
49,27,0
26,49,0
21,27,0
27,17,0
14,40,0
14,8,0
39,31,0
5,32,0
21,31,0
32,36,0
43,15,0
6,21,0
16,25,0
43,9,0
13,37,0
25,42,0
5,20,0
8,18,0
16,44,0
35,35,0
13,14,0
38,11,0
17,26,0
5,32,0
7,24,0
23,23,0
34,22,0
9,44,0
38,12,0
11,18,0
5,17,0
10,36,0
18,32,0
32,9,0
9,23,0
36,19,0
21,43,0
5,35,0
12,25,0
27,3,0
23,22,0
2,26,0
36,30,0
9,25,0
5,39,0
26,31,0
24,48,0
31,15,0
9,20,0
17,37,0
8,33,0
14,37,0
36,21,0
25,32,0
14,9,0
43,33,0
37,43,0
5,33,0
40,44,0
43,11,0
33,34,0
14,33,0
43,30,0
8,41,0
25,18,0
12,45,0
32,16,0
9,26,0
20,43,0
41,8,0
45,32,0
20,33,0
16,4,0
19,15,0
33,24,0
35,23,0
17,23,0
20,4,0
29,33,0
27,22,0
44,21,0
11,29,0
26,46,0
35,34,0
20,11,0
37,28,0
44,24,0
30,36,0
42,33,0
47,15,0
17,7,0
13,9,0
15,35,0
22,10,0
29,5,0
11,26,0
12,19,0
24,38,0
38,37,0
22,47,0
20,29,0
37,13,0
23,21,0
28,23,0
28,4,0
30,31,0
5,19,0
3,15,0
20,48,0
31,46,0
37,5,0
47,36,0
22,32,0
20,21,0
46,34,0
5,22,0
44,12,0
41,28,0
33,31,0
13,34,0
48,30,0
26,25,0
20,17,0
41,38,0
45,25,0
25,5,0
42,34,0
38,45,0
29,10,0
22,37,0
11,31,0
29,20,0
11,21,0
6,11,0
44,14,0
22,43,0
4,17,0
22,22,0
33,2,0
20,41,0
22,27,0
38,7,0
40,40,0
34,11,0
46,15,0
36,38,0
27,40,0
26,20,0
21,42,0
15,21,0
32,8,0
30,38,0
35,43,0
14,9,0
25,17,0
13,28,0
41,12,0
16,4,0
45,29,0
12,29,0
6,9,0
5,26,0
37,15,0
32,6,0
46,38,0
16,16,0
38,42,0
44,36,0
30,37,0
34,25,0
13,35,0
46,15,0
7,32,0
10,43,0
46,37,0
7,25,0
7,21,0
24,14,0
23,14,0
31,48,0
23,6,0
26,24,0
3,36,0
44,34,0
25,25,0
49,25,0
9,17,0
20,49,0
45,38,0
5,31,0
43,18,0
16,40,0
3,36,0
26,33,0
20,49,0
18,32,0
29,6,0
32,14,0
33,3,0
25,15,0
26,36,0
49,26,0
32,35,0
24,1,0
9,14,0
29,34,0
10,42,0
34,29,0
33,20,0
38,5,0
16,29,0
8,29,0
41,14,0
20,10,0
1,27,0
9,31,0
17,6,0
21,30,0
29,15,0
33,34,0
27,44,0
22,22,0
7,11,0
18,38,0
18,21,0
32,26,0
29,42,0
48,22,0
5,32,0
25,41,0
30,46,0
36,10,0
28,4,0
6,23,0
11,17,0
29,40,0
33,27,0
15,8,0
33,5,0
24,25,0
28,19,0
38,45,0
18,28,0
47,33,0
7,12,0
27,9,0
45,39,0
22,45,0
8,14,0
15,7,0
14,14,0
36,42,0
31,32,0
29,27,0
13,36,0
40,20,0
17,38,0
21,25,0
8,13,0
42,34,0
19,20,0
11,7,0
15,24,0
25,5,0
17,29,0
25,18,0
8,11,0
25,40,0
40,32,0
33,41,0
30,11,0
18,17,0
41,26,0
21,16,0
35,30,0
13,38,0
33,4,0
46,23,0
20,37,0
31,13,0
19,3,0
19,47,0
27,34,0
12,13,0
40,13,0
36,16,0
3,24,0
38,13,0
38,40,0
26,2,0
22,33,0
38,40,0
33,9,0
44,16,0
12,39,0
40,19,0
23,3,0
10,5,0
15,45,0
45,22,0
1,21,0
12,13,0
15,25,0
15,31,0
36,28,0
34,21,0
29,45,0
8,21,0
24,47,0
26,33,0
47,29,0
30,45,0
14,31,0
46,14,0
6,22,0
41,11,0
46,24,0
31,46,0
41,18,0
23,2,0
25,26,0
10,13,0
29,17,0
26,48,0
12,39,0
39,29,0
14,45,0
41,23,0
50,25,0
26,15,0
23,16,0
5,21,0
29,11,0
41,37,0
26,17,0
21,18,0
49,25,0
19,24,0
39,11,0
22,25,0
16,28,0
32,17,0
13,4,0
38,36,0
33,8,0
0,25,0
13,24,0
1,27,0
41,29,0
12,43,0
44,20,0
31,40,0
40,29,0
17,3,0
7,40,0
27,19,0
34,43,0
21,43,0
31,34,0
15,41,0
26,24,0
34,37,0
42,38,0
39,5,0
12,21,0
42,15,0
2,34,0
37,22,0
8,10,0
30,40,0
18,41,0
23,46,0
27,40,0
27,31,0
10,29,0
5,22,0
36,44,0
14,12,0
38,34,0
42,23,0
32,6,0
46,34,0
39,42,0
40,17,0
5,12,0
9,14,0
29,48,0
21,28,0
42,31,0
6,29,0
16,36,0
31,24,0
36,19,0
30,13,0
24,44,0
26,9,0
2,16,0
32,20,0
41,37,0
33,46,0
4,30,0
47,29,0
21,32,0
7,13,0
39,29,0
13,46,0
45,15,0
35,37,0
40,36,0
6,25,0
31,24,0
35,15,0
7,35,0
33,45,0
17,30,0
17,33,0
25,4,0
23,38,0
41,11,0
23,16,0
24,13,0
37,11,0
29,6,0
18,32,0
10,37,0
19,30,0
19,44,0
40,20,0
45,35,0
48,29,0
20,3,0
20,44,0
41,24,0
16,9,0
24,26,0
16,27,0
34,46,0
24,30,0
41,25,0
23,48,0
33,8,0
30,38,0
18,15,0
21,45,0
6,31,0
24,45,0
20,43,0
43,34,0
1,22,0
32,6,0
14,24,0
17,35,0
31,48,0
35,6,0
5,23,0
27,47,0
5,33,0
5,29,0
23,30,0
28,40,0
26,37,0
44,27,0
19,44,0
17,45,0
6,13,0
39,16,0
32,42,0
5,11,0
25,13,0
49,23,0
23,16,0
6,10,0
148,15,1
167,13,1
166,7,1
178,6,1
177,6,1
159,38,1
163,44,1
151,30,1
162,21,1
170,46,1
168,18,1
188,21,1
171,36,1
178,40,1
156,40,1
151,44,1
170,40,1
143,36,1
161,28,1
150,14,1
168,14,1
150,9,1
159,32,1
164,34,1
183,15,1
164,15,1
159,28,1
165,19,1
153,40,1
181,12,1
180,12,1
146,38,1
184,36,1
178,24,1
158,38,1
168,22,1
173,35,1
183,38,1
166,3,1
166,40,1
154,38,1
164,25,1
149,36,1
150,20,1
145,14,1
171,17,1
182,40,1
178,10,1
172,16,1
168,2,1
149,42,1
167,7,1
179,13,1
182,22,1
157,19,1
176,17,1
162,47,1
179,16,1
160,22,1
163,38,1
170,17,1
157,41,1
146,40,1
164,33,1
169,23,1
151,16,1
160,31,1
151,44,1
174,24,1
154,26,1
178,35,1
153,42,1
165,23,1
169,39,1
154,43,1
151,20,1
171,10,1
188,31,1
168,28,1
169,36,1
167,11,1
180,9,1
184,34,1
159,18,1
174,44,1
148,15,1
141,31,1
157,21,1
181,28,1
187,21,1
177,17,1
149,25,1
155,43,1
156,35,1
174,41,1
153,35,1
173,14,1
169,48,1
144,13,1
168,43,1
176,38,1
171,37,1
169,36,1
162,2,1
178,31,1
165,9,1
146,19,1
186,18,1
159,11,1
167,13,1
160,42,1
159,49,1
173,25,1
179,12,1
148,7,1
159,36,1
180,7,1
175,31,1
164,40,1
178,34,1
183,36,1
163,7,1
153,33,1
175,31,1
186,17,1
157,34,1
152,25,1
155,18,1
157,31,1
154,39,1
156,36,1
178,37,1
165,36,1
189,25,1
146,37,1
160,24,1
155,14,1
159,45,1
173,5,1
180,16,1
174,32,1
145,27,1
169,42,1
169,27,1
156,31,1
161,15,1
162,49,1
182,34,1
167,33,1
151,39,1
142,31,1
161,17,1
175,17,1
179,38,1
158,2,1
176,27,1
159,49,1
189,19,1
175,28,1
167,24,1
145,40,1
163,20,1
157,44,1
148,36,1
170,1,1
180,7,1
172,35,1
144,31,1
153,36,1
162,14,1
176,5,1
155,39,1
166,23,1
168,25,1
166,34,1
184,29,1
180,5,1
160,29,1
165,40,1
147,28,1
181,16,1
165,33,1
183,38,1
156,20,1
163,18,1
174,31,1
185,14,1
181,10,1
144,35,1
170,1,1
179,6,1
187,31,1
178,7,1
162,20,1
182,7,1
169,47,1
156,5,1
177,21,1
177,39,1
169,8,1
178,21,1
170,17,1
175,13,1
175,19,1
163,5,1
175,18,1
144,15,1
164,25,1
184,34,1
143,21,1
172,10,1
153,27,1
150,21,1
173,25,1
172,25,1
156,24,1
159,45,1
160,35,1
141,18,1
169,47,1
173,28,1
181,20,1
172,4,1
154,8,1
150,31,1
165,3,1
153,19,1
180,30,1
163,22,1
149,33,1
147,35,1
156,25,1
177,10,1
177,6,1
155,22,1
170,13,1
167,38,1
187,17,1
183,23,1
170,9,1
150,44,1
164,12,1
147,8,1
175,18,1
186,34,1
164,6,1
175,23,1
149,26,1
172,41,1
166,13,1
161,42,1
179,38,1
167,43,1
162,25,1
172,21,1
161,23,1
156,22,1
188,28,1
165,18,1
142,23,1
184,32,1
148,33,1
172,30,1
148,40,1
148,22,1
167,23,1
145,13,1
161,29,1
148,40,1
177,35,1
178,37,1
166,22,1
189,32,1
177,22,1
167,49,1
163,30,1
156,25,1
180,5,1
167,34,1
161,47,1
181,29,1
179,6,1
177,33,1
155,7,1
174,40,1
150,38,1
153,27,1
162,39,1
161,24,1
167,31,1
167,32,1
168,12,1
156,45,1
154,40,1
178,19,1
168,34,1
173,4,1
160,27,1
176,24,1
181,15,1
186,16,1
162,32,1
142,29,1
163,38,1
171,22,1
182,20,1
147,24,1
150,16,1
162,37,1
146,12,1
177,32,1
177,38,1
183,9,1
182,13,1
168,1,1
185,11,1
170,33,1
183,12,1
141,20,1
163,8,1
179,6,1
173,22,1
166,3,1
155,17,1
144,16,1
165,45,1
187,23,1
158,1,1
181,18,1
171,28,1
170,48,1
183,21,1
178,21,1
176,3,1
161,36,1
163,19,1
161,43,1
166,7,1
149,23,1
188,18,1
149,7,1
173,40,1
179,18,1
187,16,1
154,7,1
171,20,1
170,13,1
142,18,1
141,23,1
183,8,1
183,27,1
142,19,1
151,5,1
187,23,1
185,31,1
168,17,1
174,2,1
162,36,1
155,12,1
178,32,1
173,17,1
146,39,1
166,1,1
157,34,1
150,14,1
168,18,1
166,20,1
153,31,1
164,21,1
158,3,1
186,31,1
176,44,1
184,18,1
185,39,1
181,12,1
156,22,1
174,6,1
165,15,1
169,31,1
163,39,1
182,12,1
164,4,1
157,35,1
156,5,1
154,26,1
160,49,1
152,42,1
163,36,1
158,4,1
171,46,1
187,18,1
153,23,1
160,34,1
172,48,1
177,18,1
174,9,1
173,48,1
166,5,1
157,21,1
160,44,1
160,24,1
145,12,1
176,38,1
176,37,1
164,49,1
156,34,1
189,23,1
145,15,1
143,18,1
162,16,1
156,20,1
176,12,1
181,29,1
177,38,1
147,26,1
148,25,1
167,5,1
142,30,1
174,6,1
174,9,1
180,7,1
171,48,1
165,37,1
154,25,1
145,24,1
168,9,1
177,23,1
161,38,1
167,8,1
150,9,1
151,37,1
187,30,1
175,38,1
174,42,1
176,30,1
141,22,1
147,21,1
171,34,1
154,44,1
174,12,1
186,19,1
186,14,1
178,40,1
177,37,1
182,43,1
175,43,1
174,39,1
158,35,1
171,35,1
189,29,1
183,15,1
152,43,1
161,47,1
186,26,1
168,11,1
179,7,1
148,19,1
156,34,1
153,8,1
160,29,1
182,38,1
170,8,1
163,33,1
187,21,1
181,14,1
152,13,1
159,21,1
160,3,1
169,19,1
144,28,1
143,16,1
170,15,1
183,13,1
164,4,1
148,14,1
166,3,1
180,25,1
175,31,1
159,20,1
155,39,1
144,16,1
169,46,1
148,24,1
152,46,1
158,33,1
150,43,1
173,28,1
165,50,1
178,13,1
165,29,1
162,7,1
181,23,1
148,15,1
184,19,1
160,11,1
178,31,1
182,23,1
178,8,1
177,36,1
147,34,1
