30,1,0
16,2,0
36,45,0
38,8,0
26,45,0
27,47,0
17,44,0
41,10,0
20,24,0
11,15,0
24,16,0
32,9,0
32,37,0
16,10,0
24,42,0
20,40,0
15,14,0
29,44,0
46,25,0
33,29,0
32,38,0
34,45,0
37,9,0
14,28,0
34,21,0
48,30,0
12,8,0
44,27,0
18,14,0
42,29,0
48,34,0
1,29,0
16,20,0
28,14,0
7,13,0
26,15,0
27,44,0
23,49,0
17,34,0
21,42,0
34,20,0
16,13,0
36,19,0
26,7,0
6,20,0
23,17,0
24,49,0
8,40,0
29,41,0
45,13,0
27,31,0
34,35,0
12,24,0
10,25,0
39,21,0
6,25,0
46,21,0
16,34,0
17,26,0
34,11,0
42,21,0
39,25,0
32,41,0
26,41,0
16,12,0
26,16,0
9,11,0
11,42,0
13,30,0
4,12,0
31,46,0
33,26,0
18,44,0
26,30,0
39,37,0
16,10,0
16,4,0
31,32,0
14,15,0
23,27,0
25,25,0
2,26,0
14,15,0
9,35,0
42,39,0
44,13,0
36,44,0
20,11,0
23,4,0
40,30,0
17,7,0
27,32,0
37,37,0
17,11,0
5,15,0
16,14,0
15,23,0
18,22,0
38,14,0
25,6,0
19,1,0
22,3,0
1,23,0
7,10,0
27,42,0
28,15,0
19,44,0
20,1,0
35,39,0
31,25,0
44,27,0
25,47,0
26,2,0
3,21,0
25,49,0
34,47,0
18,34,0
34,43,0
29,4,0
48,25,0
38,5,0
6,20,0
44,40,0
6,23,0
10,18,0
41,28,0
9,35,0
32,37,0
36,45,0
47,29,0
38,18,0
11,15,0
29,31,0
30,11,0
9,16,0
3,23,0
33,28,0
7,11,0
13,8,0
45,40,0
41,28,0
4,37,0
32,9,0
28,14,0
37,29,0
34,15,0
39,39,0
14,43,0
33,41,0
21,17,0
32,16,0
25,43,0
20,22,0
24,26,0
17,27,0
17,22,0
39,19,0
41,34,0
24,2,0
8,25,0
14,17,0
27,10,0
40,37,0
42,17,0
14,41,0
9,36,0
21,20,0
13,35,0
20,33,0
3,24,0
38,8,0
17,31,0
37,37,0
20,7,0
24,27,0
11,14,0
26,5,0
28,41,0
17,13,0
31,43,0
29,8,0
30,37,0
23,10,0
23,6,0
5,34,0
23,25,0
9,12,0
45,15,0
17,37,0
31,48,0
32,37,0
11,7,0
40,15,0
43,39,0
18,19,0
9,26,0
19,15,0
40,35,0
42,22,0
36,28,0
41,20,0
10,42,0
14,36,0
33,34,0
24,40,0
36,44,0
43,27,0
24,24,0
20,2,0
7,16,0
35,9,0
29,36,0
41,43,0
12,23,0
25,25,0
37,7,0
19,1,0
30,24,0
31,42,0
30,5,0
28,15,0
38,5,0
29,49,0
24,22,0
16,20,0
28,46,0
26,35,0
31,44,0
20,34,0
7,8,0
26,46,0
1,25,0
38,33,0
25,35,0
19,19,0
18,48,0
28,5,0
25,7,0
17,17,0
23,3,0
39,39,0
32,8,0
44,40,0
17,2,0
25,45,0
41,25,0
44,30,0
40,18,0
12,42,0
11,34,0
2,23,0
13,45,0
5,30,0
10,19,0
30,16,0
45,25,0
13,22,0
5,10,0
44,41,0
41,7,0
19,37,0
6,39,0
3,15,0
30,11,0
30,45,0
7,33,0
22,6,0
31,40,0
20,13,0
44,41,0
11,26,0
43,22,0
35,40,0
33,10,0
18,35,0
11,9,0
9,21,0
13,4,0
43,27,0
10,41,0
18,39,0
11,39,0
20,7,0
16,30,0
44,39,0
40,44,0
48,34,0
11,8,0
12,33,0
42,29,0
28,15,0
30,8,0
6,31,0
20,36,0
41,13,0
41,26,0
7,33,0
31,46,0
18,47,0
7,15,0
44,20,0
8,26,0
39,43,0
5,27,0
34,35,0
19,34,0
3,20,0
20,21,0
23,49,0
37,38,0
24,40,0
42,39,0
13,22,0
13,43,0
14,13,0
38,8,0
22,26,0
31,40,0
8,27,0
22,35,0
41,11,0
45,33,0
34,20,0
33,34,0
39,40,0
21,34,0
19,8,0
39,10,0
49,30,0
22,7,0
32,19,0
16,4,0
32,44,0
37,8,0
15,6,0
8,7,0
17,45,0
13,27,0
5,23,0
34,33,0
47,20,0
26,12,0
23,44,0
48,27,0
6,13,0
13,13,0
20,26,0
4,35,0
45,22,0
36,38,0
24,43,0
47,19,0
12,30,0
25,5,0
29,5,0
47,30,0
44,35,0
46,13,0
24,16,0
15,6,0
6,34,0
20,31,0
13,44,0
43,15,0
39,29,0
7,20,0
1,29,0
41,30,0
30,27,0
22,20,0
16,35,0
24,23,0
23,21,0
18,20,0
10,16,0
15,32,0
30,44,0
31,2,0
33,35,0
12,33,0
33,6,0
3,23,0
23,34,0
32,5,0
33,10,0
27,45,0
43,34,0
26,1,0
23,36,0
22,2,0
35,43,0
34,47,0
33,48,0
26,28,0
27,20,0
12,34,0
4,36,0
34,7,0
21,43,0
1,24,0
25,5,0
20,7,0
29,35,0
4,23,0
39,11,0
22,41,0
30,15,0
31,44,0
9,9,0
30,10,0
24,44,0
42,7,0
25,41,0
27,25,0
25,16,0
33,13,0
41,7,0
40,9,0
7,11,0
41,25,0
31,25,0
28,40,0
41,10,0
46,30,0
34,12,0
16,27,0
17,37,0
10,42,0
5,28,0
21,48,0
18,1,0
32,36,0
17,25,0
33,29,0
6,11,0
39,5,0
7,10,0
15,31,0
30,34,0
37,26,0
3,25,0
7,12,0
44,41,0
28,7,0
16,18,0
4,33,0
19,34,0
8,18,0
11,19,0
27,23,0
16,27,0
44,32,0
9,40,0
34,42,0
23,18,0
19,5,0
42,7,0
27,47,0
31,7,0
34,15,0
39,13,0
19,12,0
26,35,0
11,21,0
45,40,0
38,42,0
15,7,0
32,36,0
20,31,0
35,23,0
3,18,0
34,32,0
19,20,0
44,28,0
40,15,0
22,36,0
17,43,0
23,33,0
13,34,0
26,4,0
46,32,0
40,26,0
10,14,0
21,24,0
16,6,0
48,18,0
27,10,0
46,37,0
27,30,0
34,8,0
26,47,0
5,21,0
34,31,0
2,21,0
36,17,0
22,17,0
40,24,0
15,41,0
26,5,0
20,12,0
146,13,1
180,20,1
175,23,1
163,4,1
147,27,1
161,16,1
144,32,1
162,11,1
173,18,1
175,33,1
167,41,1
181,11,1
145,34,1
188,33,1
176,9,1
161,7,1
177,32,1
165,31,1
171,24,1
172,40,1
147,13,1
189,19,1
158,41,1
174,23,1
166,47,1
166,18,1
147,36,1
154,21,1
144,15,1
144,35,1
176,9,1
183,18,1
174,33,1
161,23,1
159,41,1
153,35,1
166,6,1
179,35,1
177,8,1
147,19,1
177,43,1
150,35,1
160,5,1
180,29,1
169,41,1
161,41,1
164,8,1
168,21,1
156,20,1
179,44,1
182,18,1
153,12,1
172,6,1
164,28,1
162,2,1
180,19,1
188,34,1
163,15,1
172,19,1
163,45,1
161,10,1
174,37,1
162,28,1
156,12,1
156,21,1
170,46,1
153,34,1
152,7,1
150,27,1
153,37,1
150,34,1
143,29,1
163,45,1
167,10,1
160,1,1
166,48,1
177,40,1
171,23,1
148,42,1
161,27,1
176,13,1
168,19,1
158,12,1
160,47,1
149,33,1
185,32,1
183,38,1
162,1,1
165,38,1
150,8,1
157,7,1
148,9,1
171,40,1
170,11,1
174,40,1
161,3,1
189,21,1
180,6,1
155,20,1
172,49,1
184,34,1
154,24,1
149,7,1
167,23,1
145,36,1
153,16,1
164,45,1
169,11,1
154,25,1
185,36,1
175,9,1
156,46,1
165,22,1
171,10,1
153,29,1
165,36,1
145,32,1
145,31,1
173,3,1
150,13,1
154,37,1
164,40,1
159,21,1
174,12,1
183,40,1
161,35,1
165,16,1
164,2,1
187,21,1
157,38,1
165,48,1
176,15,1
177,33,1
182,24,1
171,2,1
158,4,1
170,25,1
170,21,1
180,7,1
165,16,1
154,14,1
156,3,1
162,3,1
167,25,1
171,7,1
148,38,1
168,23,1
172,1,1
165,8,1
187,18,1
167,43,1
175,23,1
158,22,1
178,15,1
163,14,1
159,46,1
176,47,1
167,12,1
187,33,1
154,22,1
152,14,1
161,14,1
157,39,1
158,37,1
183,27,1
163,34,1
160,3,1
178,43,1
157,28,1
181,26,1
147,18,1
172,36,1
169,22,1
181,35,1
166,44,1
165,16,1
157,44,1
153,29,1
158,40,1
161,49,1
160,49,1
179,9,1
180,10,1
166,44,1
181,41,1
162,49,1
157,43,1
169,49,1
184,22,1
187,31,1
177,18,1
171,38,1
155,45,1
164,17,1
184,37,1
152,21,1
169,8,1
177,31,1
184,34,1
157,44,1
144,21,1
177,15,1
153,5,1
171,13,1
177,37,1
151,33,1
144,19,1
143,29,1
156,29,1
147,27,1
151,24,1
187,25,1
153,11,1
148,7,1
145,27,1
149,22,1
162,27,1
174,12,1
185,20,1
189,28,1
156,47,1
156,37,1
186,34,1
180,17,1
160,15,1
160,33,1
144,15,1
185,25,1
168,7,1
182,17,1
152,10,1
151,32,1
159,16,1
173,45,1
148,19,1
155,15,1
146,11,1
164,46,1
141,30,1
164,11,1
184,10,1
175,34,1
185,13,1
187,16,1
177,16,1
174,21,1
150,31,1
179,44,1
149,24,1
148,13,1
165,41,1
181,29,1
171,44,1
154,31,1
180,16,1
175,6,1
159,43,1
157,34,1
181,22,1
143,21,1
147,22,1
154,6,1
189,21,1
155,45,1
157,17,1
184,40,1
148,39,1
185,17,1
142,29,1
143,30,1
171,19,1
153,22,1
167,21,1
161,23,1
163,2,1
144,20,1
152,10,1
171,27,1
154,25,1
158,12,1
162,32,1
186,34,1
152,13,1
187,29,1
148,34,1
188,32,1
176,10,1
143,18,1
179,22,1
145,11,1
162,21,1
182,36,1
148,9,1
158,46,1
183,11,1
184,28,1
171,31,1
164,42,1
163,29,1
186,31,1
155,42,1
153,41,1
179,9,1
182,10,1
141,19,1
169,36,1
176,10,1
164,23,1
172,11,1
158,8,1
170,36,1
148,12,1
163,16,1
172,5,1
174,34,1
156,4,1
159,33,1
164,16,1
182,21,1
168,40,1
189,21,1
154,14,1
164,22,1
168,10,1
175,16,1
160,9,1
147,18,1
175,37,1
168,40,1
183,24,1
163,1,1
154,15,1
168,29,1
144,25,1
182,36,1
144,36,1
181,20,1
160,27,1
148,15,1
160,12,1
176,40,1
171,46,1
141,27,1
154,11,1
152,31,1
178,30,1
165,32,1
186,22,1
155,32,1
163,12,1
157,38,1
163,19,1
159,32,1
154,13,1
175,37,1
154,40,1
152,6,1
164,43,1
163,49,1
173,2,1
164,48,1
165,21,1
155,12,1
175,25,1
174,12,1
173,10,1
174,37,1
152,17,1
174,5,1
149,10,1
183,17,1
162,49,1
152,12,1
176,11,1
173,48,1
166,15,1
171,18,1
153,30,1
174,3,1
183,27,1
169,12,1
186,28,1
170,48,1
150,8,1
184,21,1
159,11,1
146,9,1
152,37,1
158,41,1
165,18,1
169,28,1
187,18,1
173,42,1
164,29,1
179,16,1
171,14,1
173,13,1
179,35,1
177,40,1
165,3,1
170,30,1
175,9,1
172,33,1
165,9,1
154,29,1
150,20,1
160,41,1
161,20,1
153,21,1
152,16,1
145,23,1
164,46,1
181,39,1
167,1,1
157,44,1
158,7,1
152,34,1
149,39,1
147,15,1
166,13,1
177,44,1
164,23,1
166,15,1
162,19,1
182,33,1
155,26,1
177,19,1
154,44,1
168,5,1
141,18,1
166,7,1
148,31,1
150,41,1
161,27,1
170,20,1
173,40,1
160,45,1
175,41,1
151,7,1
167,47,1
155,32,1
153,33,1
180,17,1
150,17,1
171,44,1
176,7,1
174,6,1
156,2,1
166,43,1
180,23,1
171,22,1
160,34,1
172,46,1
173,2,1
174,20,1
167,17,1
169,38,1
173,12,1
171,42,1
162,38,1
159,25,1
145,11,1
182,13,1
189,24,1
147,17,1
170,3,1
170,15,1
142,19,1
181,19,1
167,47,1
178,32,1
142,18,1
170,13,1
152,35,1
163,41,1
169,37,1
167,42,1
167,13,1
141,24,1
157,42,1
171,8,1
151,15,1
177,20,1
163,42,1
169,14,1
180,45,1
171,32,1
173,29,1
185,20,1
189,18,1
165,50,1
150,20,1
163,45,1
168,16,1
160,11,1
157,34,1
184,39,1
178,13,1
187,34,1
143,19,1
