41,13,0
30,14,0
30,46,0
35,35,0
42,29,0
39,35,0
17,45,0
7,33,0
17,17,0
27,14,0
19,30,0
24,43,0
42,9,0
36,14,0
20,48,0
26,1,0
14,20,0
48,28,0
36,31,0
37,4,0
12,31,0
40,32,0
10,5,0
22,44,0
46,16,0
20,29,0
26,19,0
12,13,0
38,14,0
6,24,0
41,6,0
34,44,0
8,21,0
34,44,0
44,10,0
44,14,0
5,25,0
45,14,0
42,32,0
45,12,0
35,5,0
15,28,0
13,10,0
46,31,0
33,20,0
32,14,0
19,49,0
24,20,0
9,20,0
20,10,0
46,16,0
20,3,0
17,32,0
29,49,0
36,5,0
17,7,0
25,5,0
17,17,0
21,23,0
36,28,0
24,44,0
29,3,0
24,9,0
40,40,0
41,40,0
35,8,0
24,43,0
42,19,0
47,22,0
30,5,0
34,29,0
11,40,0
31,12,0
19,28,0
1,29,0
46,30,0
12,38,0
20,17,0
7,32,0
45,39,0
13,42,0
10,20,0
6,35,0
26,5,0
11,30,0
9,10,0
40,37,0
6,37,0
20,36,0
33,38,0
40,32,0
7,33,0
15,24,0
43,40,0
46,33,0
28,46,0
29,12,0
7,10,0
19,4,0
47,14,0
13,15,0
0,25,0
41,6,0
22,11,0
22,2,0
7,32,0
24,21,0
32,17,0
18,26,0
28,43,0
45,22,0
3,15,0
26,30,0
21,4,0
39,12,0
44,16,0
26,12,0
26,27,0
38,21,0
44,15,0
26,39,0
41,20,0
14,43,0
12,10,0
24,2,0
46,27,0
15,23,0
18,37,0
11,11,0
44,39,0
33,21,0
29,27,0
42,29,0
14,22,0
49,20,0
21,2,0
26,10,0
9,28,0
32,33,0
44,19,0
4,27,0
49,18,0
34,43,0
32,3,0
33,44,0
29,19,0
25,6,0
11,32,0
35,29,0
8,8,0
38,19,0
28,13,0
34,6,0
14,16,0
12,33,0
12,28,0
1,32,0
8,23,0
13,19,0
27,11,0
11,13,0
26,46,0
21,16,0
16,15,0
12,9,0
46,12,0
36,10,0
4,34,0
5,32,0
38,38,0
35,18,0
44,16,0
2,24,0
19,13,0
16,20,0
41,6,0
16,40,0
16,2,0
34,10,0
16,28,0
32,26,0
24,30,0
38,43,0
43,9,0
29,14,0
30,23,0
2,34,0
8,37,0
33,34,0
14,22,0
36,11,0
39,45,0
34,34,0
35,19,0
25,6,0
28,18,0
45,36,0
18,11,0
24,49,0
44,26,0
43,36,0
42,16,0
39,36,0
31,23,0
18,17,0
24,36,0
31,21,0
40,11,0
36,19,0
19,35,0
8,8,0
38,45,0
20,48,0
30,28,0
45,29,0
22,34,0
26,7,0
29,39,0
16,11,0
18,9,0
22,7,0
33,39,0
39,23,0
11,25,0
5,31,0
43,11,0
24,18,0
35,11,0
1,27,0
8,27,0
39,30,0
16,26,0
11,10,0
11,38,0
39,36,0
30,25,0
27,39,0
23,1,0
7,39,0
23,12,0
24,39,0
40,14,0
23,24,0
37,7,0
36,33,0
26,40,0
43,39,0
29,3,0
45,27,0
27,14,0
29,34,0
11,31,0
14,28,0
30,39,0
21,14,0
20,8,0
42,13,0
34,24,0
2,23,0
26,44,0
12,11,0
39,28,0
21,8,0
16,18,0
47,16,0
36,8,0
39,39,0
36,45,0
18,37,0
47,24,0
29,26,0
26,19,0
25,37,0
29,6,0
25,39,0
28,13,0
44,29,0
42,23,0
24,24,0
21,44,0
47,22,0
11,24,0
14,43,0
1,21,0
19,11,0
31,5,0
43,20,0
29,44,0
49,25,0
5,37,0
44,11,0
9,31,0
39,38,0
25,16,0
25,12,0
25,7,0
25,2,0
4,15,0
22,16,0
45,31,0
31,45,0
11,5,0
34,15,0
26,7,0
3,23,0
25,34,0
14,43,0
16,19,0
24,31,0
9,6,0
35,10,0
32,7,0
6,28,0
28,30,0
33,21,0
27,15,0
36,27,0
42,32,0
34,46,0
36,24,0
5,38,0
46,15,0
20,29,0
37,20,0
9,36,0
48,22,0
46,21,0
36,20,0
13,45,0
19,48,0
5,25,0
6,35,0
39,27,0
18,37,0
15,34,0
35,43,0
21,23,0
26,30,0
38,31,0
28,22,0
6,15,0
4,24,0
32,26,0
18,31,0
15,36,0
2,20,0
33,6,0
5,22,0
1,25,0
39,45,0
15,33,0
1,20,0
24,3,0
3,33,0
9,21,0
36,29,0
12,45,0
26,23,0
13,5,0
44,38,0
9,36,0
24,26,0
46,20,0
5,29,0
39,14,0
28,44,0
28,10,0
41,19,0
43,20,0
14,12,0
23,40,0
39,31,0
46,14,0
16,46,0
25,17,0
25,36,0
22,4,0
23,15,0
19,41,0
22,4,0
4,36,0
34,9,0
22,31,0
7,38,0
13,22,0
9,14,0
23,11,0
35,5,0
17,12,0
27,34,0
19,31,0
21,2,0
23,39,0
23,37,0
13,35,0
39,15,0
17,35,0
27,8,0
15,4,0
4,12,0
28,33,0
48,18,0
22,4,0
19,26,0
14,19,0
39,30,0
32,29,0
27,28,0
40,31,0
30,45,0
38,40,0
18,48,0
9,32,0
36,43,0
1,22,0
16,20,0
18,40,0
49,27,0
30,19,0
34,40,0
10,5,0
40,34,0
45,11,0
48,16,0
33,48,0
46,12,0
36,30,0
12,28,0
29,49,0
37,24,0
8,14,0
39,18,0
27,27,0
15,33,0
31,5,0
40,12,0
43,40,0
24,6,0
26,37,0
4,38,0
5,21,0
41,35,0
3,36,0
15,8,0
35,38,0
21,13,0
27,41,0
15,21,0
22,36,0
3,20,0
18,32,0
10,23,0
14,19,0
11,28,0
15,33,0
12,14,0
8,29,0
15,41,0
39,11,0
20,28,0
35,36,0
46,28,0
21,26,0
26,37,0
35,47,0
29,28,0
39,41,0
24,34,0
25,13,0
24,34,0
45,22,0
23,45,0
25,22,0
37,23,0
20,8,0
11,12,0
25,20,0
27,47,0
34,33,0
46,22,0
31,47,0
15,30,0
10,44,0
28,32,0
30,6,0
43,14,0
2,32,0
28,41,0
31,17,0
47,16,0
38,8,0
16,8,0
45,38,0
19,30,0
21,4,0
35,9,0
15,17,0
39,27,0
22,27,0
35,24,0
298,6,1
325,29,1
301,26,1
284,16,1
314,36,1
310,4,1
296,3,1
313,9,1
287,33,1
285,16,1
318,39,1
319,13,1
303,11,1
325,22,1
289,44,1
301,36,1
318,36,1
310,38,1
321,33,1
297,31,1
287,26,1
321,11,1
310,13,1
310,27,1
322,34,1
296,12,1
327,18,1
308,22,1
316,25,1
310,43,1
321,34,1
315,37,1
320,17,1
303,16,1
309,14,1
284,38,1
308,37,1
318,4,1
304,2,1
312,21,1
321,22,1
290,39,1
309,13,1
298,37,1
289,18,1
313,45,1
306,29,1
308,26,1
295,30,1
305,9,1
295,33,1
328,26,1
294,4,1
328,33,1
318,18,1
323,30,1
293,34,1
309,3,1
302,4,1
323,42,1
308,33,1
300,26,1
320,41,1
292,24,1
323,17,1
301,43,1
306,22,1
292,24,1
319,14,1
289,14,1
323,38,1
299,23,1
291,31,1
297,43,1
283,27,1
314,7,1
305,6,1
291,39,1
306,6,1
315,12,1
298,34,1
309,43,1
285,11,1
291,32,1
298,26,1
299,7,1
290,23,1
297,17,1
319,22,1
318,35,1
315,45,1
301,20,1
314,26,1
320,38,1
305,32,1
303,18,1
299,6,1
302,23,1
314,29,1
327,18,1
316,3,1
291,32,1
301,30,1
287,31,1
304,38,1
297,23,1
286,36,1
297,41,1
291,45,1
285,13,1
307,35,1
308,23,1
306,31,1
314,6,1
315,27,1
280,25,1
300,47,1
316,37,1
293,44,1
293,22,1
292,8,1
304,13,1
308,31,1
306,19,1
323,17,1
308,28,1
284,29,1
316,31,1
301,21,1
323,21,1
312,30,1
301,6,1
319,17,1
321,44,1
326,30,1
308,33,1
316,3,1
316,24,1
292,7,1
314,16,1
290,45,1
287,11,1
288,8,1
308,5,1
283,26,1
300,11,1
315,27,1
313,15,1
321,30,1
316,5,1
306,32,1
306,7,1
299,9,1
316,30,1
297,33,1
298,42,1
320,7,1
295,33,1
297,23,1
293,42,1
307,25,1
299,40,1
308,27,1
288,29,1
297,13,1
299,25,1
318,25,1
301,27,1
293,7,1
312,30,1
326,22,1
303,21,1
303,45,1
312,7,1
296,47,1
323,22,1
288,43,1
300,3,1
289,24,1
313,5,1
287,36,1
328,28,1
293,40,1
316,34,1
310,1,1
321,15,1
309,23,1
316,15,1
288,26,1
299,16,1
309,39,1
306,31,1
305,19,1
307,49,1
323,38,1
306,30,1
320,37,1
320,19,1
323,23,1
308,32,1
311,15,1
325,36,1
301,1,1
281,31,1
307,4,1
285,16,1
311,22,1
294,43,1
321,42,1
307,40,1
282,33,1
311,5,1
307,29,1
306,10,1
301,5,1
296,26,1
319,18,1
300,19,1
311,37,1
306,10,1
309,44,1
302,36,1
312,10,1
310,20,1
313,31,1
312,37,1
302,2,1
320,22,1
305,26,1
307,6,1
321,8,1
318,17,1
310,7,1
306,22,1
293,15,1
302,32,1
288,24,1
325,40,1
299,48,1
290,6,1
293,23,1
302,37,1
320,42,1
288,28,1
308,9,1
327,17,1
311,22,1
285,25,1
300,17,1
313,35,1
299,34,1
290,12,1
283,15,1
328,23,1
300,16,1
323,38,1
316,24,1
282,26,1
284,29,1
294,8,1
292,18,1
318,29,1
316,10,1
304,48,1
307,20,1
290,7,1
309,1,1
300,38,1
290,23,1
314,22,1
311,1,1
321,7,1
296,42,1
316,18,1
286,28,1
294,41,1
320,38,1
309,41,1
321,40,1
290,45,1
313,4,1
313,20,1
283,35,1
290,8,1
286,14,1
323,32,1
301,12,1
310,25,1
309,41,1
298,1,1
304,7,1
324,28,1
293,32,1
320,6,1
294,44,1
285,27,1
325,39,1
326,22,1
291,16,1
321,19,1
321,11,1
289,24,1
314,7,1
317,43,1
302,15,1
322,18,1
301,30,1
293,44,1
295,22,1
294,28,1
304,24,1
289,17,1
309,46,1
299,40,1
307,44,1
326,37,1
305,29,1
284,15,1
303,46,1
304,42,1
311,11,1
310,1,1
302,42,1
312,19,1
303,30,1
306,18,1
309,20,1
283,31,1
286,24,1
310,27,1
285,29,1
286,27,1
286,16,1
288,17,1
321,13,1
315,29,1
311,5,1
309,39,1
306,17,1
323,36,1
298,47,1
303,8,1
308,20,1
316,30,1
298,35,1
320,41,1
315,32,1
306,3,1
303,1,1
323,18,1
318,34,1
287,37,1
291,31,1
288,18,1
306,39,1
297,32,1
315,26,1
310,18,1
295,12,1
292,38,1
305,0,1
293,36,1
312,34,1
297,39,1
318,18,1
281,24,1
323,26,1
297,34,1
318,38,1
293,28,1
308,34,1
293,7,1
296,33,1
294,32,1
327,15,1
315,33,1
321,18,1
320,34,1
325,16,1
323,25,1
286,13,1
304,36,1
288,12,1
320,26,1
298,19,1
329,32,1
293,33,1
310,49,1
305,48,1
315,10,1
286,18,1
288,26,1
294,24,1
321,10,1
316,32,1
302,36,1
291,10,1
299,1,1
311,22,1
326,26,1
303,43,1
313,26,1
297,36,1
313,44,1
315,28,1
324,12,1
311,24,1
302,23,1
326,22,1
325,33,1
298,23,1
284,23,1
317,25,1
292,25,1
322,42,1
287,12,1
327,34,1
311,43,1
300,20,1
325,24,1
307,33,1
294,33,1
289,13,1
309,13,1
320,44,1
282,31,1
327,32,1
310,3,1
324,18,1
296,45,1
293,22,1
282,29,1
313,18,1
302,35,1
300,12,1
301,23,1
300,35,1
291,9,1
327,35,1
292,31,1
301,15,1
308,22,1
315,16,1
328,18,1
300,38,1
307,47,1
313,47,1
288,22,1
298,5,1
304,23,1
284,29,1
318,28,1
289,13,1
322,33,1
285,23,1
326,29,1
316,5,1
322,28,1
315,36,1
312,28,1
292,19,1
312,1,1
291,40,1
289,22,1
327,29,1
322,33,1
292,40,1
312,1,1
303,19,1
293,6,1
295,26,1
325,38,1
289,17,1
319,18,1
316,44,1
305,15,1
284,18,1
296,5,1
326,16,1
325,40,1
291,9,1
306,4,1
313,30,1
297,4,1
288,21,1
303,21,1
302,46,1
305,14,1
288,28,1
307,49,1
287,22,1
291,35,1
304,40,1
314,16,1
302,6,1
304,10,1
300,11,1
294,44,1
309,12,1
300,13,1
