16,39,0
31,16,0
3,18,0
47,32,0
17,25,0
46,15,0
35,20,0
32,15,0
36,16,0
14,9,0
14,8,0
32,41,0
30,40,0
18,36,0
24,38,0
27,22,0
24,40,0
45,36,0
29,6,0
12,34,0
29,27,0
21,22,0
8,17,0
10,14,0
6,22,0
24,25,0
11,8,0
28,45,0
31,48,0
42,13,0
18,7,0
22,22,0
12,46,0
29,42,0
18,24,0
14,22,0
14,45,0
3,35,0
46,20,0
11,23,0
22,16,0
34,15,0
8,36,0
19,8,0
32,10,0
12,38,0
7,23,0
26,28,0
30,48,0
38,23,0
19,25,0
32,32,0
18,41,0
35,14,0
38,21,0
41,28,0
9,19,0
3,36,0
22,37,0
21,42,0
21,32,0
16,6,0
42,15,0
33,10,0
42,24,0
25,50,0
7,11,0
29,7,0
46,36,0
35,14,0
32,13,0
10,11,0
30,4,0
45,23,0
34,39,0
28,19,0
22,22,0
21,19,0
35,7,0
15,11,0
34,17,0
37,20,0
28,13,0
19,7,0
32,32,0
34,24,0
35,9,0
27,24,0
21,12,0
33,32,0
17,31,0
30,40,0
43,29,0
23,26,0
37,34,0
22,25,0
20,10,0
36,7,0
40,38,0
10,18,0
37,21,0
18,25,0
9,23,0
42,7,0
22,1,0
24,15,0
2,30,0
9,19,0
8,11,0
19,22,0
17,14,0
37,29,0
38,36,0
39,7,0
46,36,0
2,24,0
25,4,0
29,40,0
5,22,0
16,17,0
13,23,0
29,22,0
3,33,0
17,21,0
27,10,0
34,39,0
23,24,0
32,47,0
30,42,0
35,15,0
25,17,0
28,12,0
21,8,0
34,41,0
14,26,0
19,3,0
19,15,0
12,42,0
8,12,0
26,13,0
8,37,0
25,33,0
19,10,0
19,1,0
34,40,0
23,47,0
13,23,0
39,40,0
29,1,0
18,45,0
13,44,0
38,42,0
45,17,0
25,34,0
26,5,0
27,28,0
35,6,0
22,12,0
38,23,0
31,1,0
27,15,0
13,26,0
38,40,0
17,28,0
46,18,0
37,24,0
46,24,0
31,43,0
27,37,0
13,5,0
29,37,0
16,7,0
23,21,0
13,6,0
30,5,0
21,5,0
31,32,0
25,3,0
17,21,0
47,32,0
38,12,0
46,15,0
40,22,0
14,40,0
49,28,0
8,35,0
49,27,0
7,12,0
9,25,0
24,22,0
23,41,0
3,34,0
35,27,0
8,42,0
20,27,0
21,10,0
9,40,0
37,16,0
30,34,0
13,7,0
2,27,0
46,21,0
45,19,0
35,45,0
40,22,0
12,34,0
27,4,0
33,4,0
14,24,0
14,16,0
4,20,0
10,16,0
16,19,0
38,41,0
15,22,0
44,17,0
18,32,0
19,1,0
23,20,0
17,28,0
28,48,0
30,22,0
8,21,0
24,7,0
25,35,0
13,34,0
26,9,0
34,47,0
31,44,0
45,26,0
16,31,0
24,28,0
44,40,0
23,43,0
32,43,0
27,17,0
29,15,0
37,33,0
4,18,0
10,34,0
38,38,0
28,46,0
32,4,0
15,28,0
22,15,0
28,37,0
29,5,0
48,33,0
38,37,0
41,14,0
37,19,0
44,39,0
39,31,0
16,23,0
23,29,0
29,41,0
27,1,0
29,10,0
19,13,0
4,14,0
7,20,0
49,18,0
38,23,0
25,34,0
14,3,0
43,31,0
8,8,0
2,34,0
30,2,0
28,6,0
28,31,0
5,19,0
40,45,0
33,11,0
30,40,0
30,28,0
44,9,0
31,30,0
27,40,0
32,45,0
7,30,0
27,47,0
25,37,0
19,38,0
20,46,0
39,25,0
10,7,0
36,25,0
26,47,0
32,29,0
15,17,0
24,8,0
41,43,0
22,14,0
10,27,0
31,23,0
45,17,0
45,16,0
23,6,0
9,34,0
9,23,0
8,30,0
11,11,0
12,33,0
40,40,0
22,31,0
39,39,0
43,23,0
42,26,0
22,3,0
11,41,0
33,6,0
41,31,0
16,8,0
33,27,0
21,28,0
19,14,0
24,3,0
31,14,0
33,26,0
13,6,0
39,13,0
29,10,0
47,14,0
30,19,0
19,47,0
31,31,0
31,7,0
21,41,0
42,40,0
33,32,0
21,30,0
37,40,0
27,40,0
9,23,0
12,46,0
33,17,0
33,40,0
19,48,0
42,20,0
20,40,0
27,48,0
29,14,0
7,11,0
12,11,0
39,25,0
12,28,0
16,29,0
35,9,0
33,12,0
11,42,0
26,28,0
23,49,0
24,16,0
15,30,0
41,15,0
18,24,0
16,36,0
35,29,0
38,18,0
1,19,0
23,19,0
36,38,0
40,43,0
1,26,0
39,16,0
34,37,0
31,24,0
31,18,0
36,44,0
21,17,0
14,44,0
23,33,0
2,32,0
14,41,0
38,25,0
27,14,0
25,24,0
13,11,0
17,24,0
37,23,0
24,38,0
19,26,0
42,31,0
26,46,0
39,13,0
6,19,0
15,37,0
35,25,0
4,30,0
42,28,0
35,23,0
41,37,0
38,24,0
18,32,0
17,10,0
37,35,0
17,34,0
8,29,0
26,17,0
8,17,0
16,37,0
23,25,0
13,21,0
42,21,0
44,32,0
31,31,0
35,3,0
35,28,0
13,24,0
24,8,0
23,1,0
24,39,0
31,43,0
21,29,0
38,7,0
30,43,0
46,12,0
22,33,0
26,8,0
38,18,0
17,40,0
31,41,0
22,3,0
20,27,0
28,4,0
44,16,0
29,14,0
45,14,0
27,26,0
38,20,0
49,22,0
18,47,0
18,7,0
45,10,0
35,44,0
9,36,0
33,41,0
39,9,0
32,32,0
15,8,0
13,25,0
27,22,0
2,25,0
23,15,0
26,43,0
47,35,0
44,16,0
24,21,0
2,19,0
9,43,0
28,23,0
23,41,0
27,9,0
36,38,0
29,47,0
21,11,0
17,39,0
2,31,0
21,2,0
8,10,0
47,35,0
13,37,0
11,11,0
8,39,0
34,21,0
19,13,0
38,18,0
10,14,0
25,24,0
12,12,0
2,24,0
26,33,0
21,33,0
39,23,0
42,28,0
9,32,0
29,18,0
7,14,0
28,44,0
26,44,0
42,33,0
13,36,0
16,23,0
9,24,0
8,15,0
21,30,0
45,32,0
17,45,0
23,23,0
25,29,0
34,32,0
7,29,0
18,45,0
3,32,0
13,20,0
21,13,0
3,15,0
31,31,0
31,29,0
147,40,1
170,28,1
163,46,1
151,42,1
159,29,1
162,4,1
151,33,1
166,23,1
172,20,1
146,28,1
172,37,1
180,11,1
170,12,1
169,3,1
146,19,1
175,30,1
155,13,1
169,36,1
176,31,1
146,18,1
144,27,1
144,20,1
173,24,1
150,34,1
146,10,1
148,16,1
154,42,1
182,39,1
159,13,1
143,17,1
172,15,1
153,44,1
168,39,1
158,9,1
153,8,1
152,25,1
156,37,1
164,17,1
184,12,1
180,22,1
183,20,1
168,24,1
166,40,1
173,30,1
174,42,1
165,4,1
162,37,1
156,19,1
166,45,1
182,15,1
143,15,1
156,8,1
181,9,1
168,46,1
161,14,1
168,38,1
151,15,1
182,25,1
182,35,1
179,14,1
152,13,1
158,2,1
164,28,1
162,43,1
149,42,1
164,13,1
187,23,1
165,33,1
172,33,1
151,11,1
182,42,1
165,46,1
165,37,1
172,30,1
153,23,1
146,40,1
184,37,1
165,33,1
184,18,1
144,13,1
144,27,1
165,10,1
169,13,1
157,5,1
184,20,1
173,11,1
167,5,1
175,35,1
170,21,1
169,7,1
163,30,1
160,7,1
187,16,1
158,25,1
156,20,1
157,36,1
183,9,1
172,10,1
188,21,1
176,16,1
155,19,1
149,37,1
166,39,1
180,42,1
188,22,1
152,20,1
169,48,1
179,36,1
186,15,1
148,17,1
177,16,1
160,32,1
161,11,1
157,19,1
159,2,1
151,15,1
149,32,1
183,23,1
178,17,1
168,9,1
184,40,1
182,13,1
172,29,1
148,37,1
168,23,1
180,41,1
152,14,1
185,26,1
145,37,1
172,12,1
159,11,1
145,17,1
163,30,1
166,38,1
175,27,1
147,39,1
164,35,1
177,7,1
175,30,1
165,25,1
147,31,1
153,5,1
179,39,1
155,34,1
161,17,1
176,46,1
163,10,1
182,23,1
170,35,1
176,20,1
150,18,1
179,38,1
185,22,1
154,30,1
157,17,1
174,20,1
168,19,1
175,23,1
189,32,1
186,35,1
148,36,1
166,18,1
152,31,1
187,25,1
163,36,1
161,11,1
152,46,1
156,13,1
159,41,1
160,26,1
181,9,1
160,25,1
153,12,1
190,25,1
181,40,1
185,11,1
161,26,1
172,35,1
156,17,1
158,31,1
180,24,1
176,33,1
168,32,1
164,19,1
177,20,1
176,17,1
177,44,1
155,21,1
150,22,1
155,13,1
168,18,1
145,13,1
170,49,1
170,36,1
180,30,1
165,37,1
156,14,1
161,17,1
170,24,1
176,6,1
161,14,1
178,29,1
154,7,1
178,44,1
169,45,1
152,44,1
179,13,1
152,33,1
174,38,1
176,28,1
173,28,1
165,4,1
157,37,1
162,49,1
184,35,1
172,32,1
167,34,1
174,28,1
173,47,1
153,38,1
156,19,1
156,39,1
150,32,1
146,34,1
165,16,1
181,23,1
166,36,1
176,32,1
154,23,1
170,30,1
144,15,1
168,43,1
165,41,1
161,17,1
162,21,1
143,22,1
184,11,1
148,13,1
178,17,1
152,17,1
178,32,1
166,49,1
177,27,1
164,17,1
147,12,1
147,15,1
156,9,1
157,28,1
183,21,1
176,26,1
184,21,1
177,28,1
179,12,1
149,40,1
175,28,1
148,9,1
180,24,1
150,21,1
149,40,1
171,9,1
172,33,1
157,42,1
165,37,1
169,2,1
177,27,1
145,34,1
187,25,1
148,34,1
159,19,1
145,17,1
178,18,1
184,33,1
145,33,1
168,48,1
168,45,1
187,31,1
165,41,1
169,11,1
148,13,1
186,36,1
170,29,1
149,8,1
156,16,1
185,25,1
187,16,1
175,39,1
161,36,1
155,19,1
182,25,1
181,19,1
185,40,1
152,45,1
180,20,1
168,27,1
145,34,1
161,39,1
176,31,1
159,33,1
158,14,1
166,47,1
152,37,1
162,18,1
187,24,1
150,25,1
150,15,1
184,28,1
169,37,1
154,12,1
185,11,1
179,38,1
185,34,1
179,35,1
178,41,1
161,36,1
175,30,1
162,44,1
170,28,1
157,3,1
181,30,1
175,27,1
147,16,1
172,13,1
185,12,1
163,15,1
180,6,1
166,39,1
150,45,1
149,22,1
166,12,1
160,26,1
177,27,1
150,19,1
181,31,1
175,19,1
147,32,1
161,13,1
170,30,1
157,40,1
153,12,1
158,43,1
184,13,1
162,41,1
154,26,1
186,15,1
162,12,1
179,16,1
161,15,1
161,46,1
169,31,1
166,16,1
180,29,1
162,35,1
182,11,1
187,33,1
179,26,1
184,21,1
181,34,1
185,18,1
185,37,1
158,28,1
163,30,1
147,30,1
156,47,1
172,47,1
155,15,1
154,45,1
176,5,1
155,36,1
167,9,1
186,13,1
160,47,1
153,40,1
142,21,1
153,24,1
157,33,1
163,8,1
183,34,1
177,5,1
152,20,1
165,4,1
187,25,1
142,19,1
143,23,1
149,33,1
154,24,1
176,17,1
145,17,1
176,4,1
158,43,1
151,5,1
157,17,1
176,40,1
173,44,1
158,17,1
165,43,1
164,23,1
167,46,1
163,26,1
162,39,1
187,20,1
168,18,1
145,22,1
160,37,1
144,18,1
151,15,1
186,37,1
157,37,1
162,33,1
154,22,1
162,46,1
189,32,1
156,41,1
166,17,1
160,7,1
184,37,1
148,39,1
174,35,1
170,27,1
177,17,1
177,22,1
157,34,1
185,30,1
169,28,1
187,33,1
172,2,1
175,39,1
157,43,1
168,8,1
145,38,1
183,40,1
159,26,1
156,26,1
167,10,1
151,29,1
161,5,1
165,48,1
155,34,1
154,24,1
185,32,1
171,44,1
157,11,1
155,17,1
161,27,1
149,38,1
150,29,1
146,28,1
144,27,1
182,42,1
160,22,1
162,23,1
177,30,1
160,25,1
165,20,1
157,26,1
167,20,1
175,7,1
184,34,1
177,10,1
189,21,1
152,40,1
149,26,1
176,7,1
188,26,1
173,39,1
177,35,1
171,13,1
147,42,1
172,41,1
176,39,1
167,40,1
153,46,1
169,36,1
173,45,1
180,37,1
163,10,1
166,8,1
168,35,1
173,18,1
161,37,1
146,21,1
177,29,1
188,31,1
156,17,1
173,21,1
157,27,1
172,47,1
172,35,1
184,35,1
188,28,1
146,24,1
158,7,1
156,43,1
161,31,1
165,39,1
153,11,1
149,19,1
166,42,1
144,36,1
181,28,1
146,34,1
