31,14,0
14,4,0
19,32,0
34,28,0
14,37,0
36,42,0
30,36,0
25,18,0
11,37,0
36,9,0
46,33,0
38,9,0
41,37,0
32,11,0
22,24,0
4,37,0
29,9,0
30,36,0
33,11,0
3,32,0
6,33,0
27,3,0
17,14,0
16,18,0
9,24,0
20,40,0
20,19,0
20,2,0
35,21,0
22,36,0
30,49,0
27,8,0
8,10,0
45,24,0
16,25,0
41,23,0
15,8,0
30,13,0
31,41,0
6,22,0
36,20,0
29,6,0
24,28,0
48,31,0
4,14,0
23,28,0
25,6,0
3,15,0
26,27,0
18,7,0
40,41,0
13,20,0
25,31,0
40,8,0
29,42,0
32,1,0
5,37,0
23,28,0
14,46,0
7,37,0
30,38,0
25,12,0
42,24,0
40,11,0
15,46,0
11,21,0
45,13,0
7,25,0
18,44,0
33,19,0
16,20,0
16,43,0
32,20,0
3,35,0
36,9,0
44,10,0
17,20,0
32,13,0
18,8,0
42,27,0
20,27,0
41,8,0
13,24,0
33,27,0
35,41,0
46,20,0
15,9,0
38,4,0
37,6,0
25,39,0
4,14,0
28,30,0
30,2,0
17,8,0
9,35,0
25,35,0
15,23,0
19,7,0
11,15,0
21,28,0
39,15,0
8,39,0
31,24,0
46,34,0
30,35,0
12,45,0
5,33,0
40,5,0
20,31,0
41,37,0
14,10,0
18,43,0
19,3,0
5,12,0
17,40,0
48,16,0
34,42,0
26,5,0
26,2,0
26,11,0
17,29,0
31,19,0
23,15,0
1,20,0
19,14,0
19,35,0
5,26,0
27,32,0
32,35,0
45,17,0
35,25,0
3,24,0
22,16,0
39,10,0
13,40,0
13,43,0
24,7,0
19,9,0
25,19,0
35,13,0
4,12,0
22,13,0
41,15,0
41,10,0
13,43,0
33,31,0
31,33,0
32,22,0
10,34,0
21,35,0
23,4,0
20,19,0
20,39,0
34,21,0
8,41,0
30,28,0
11,18,0
42,9,0
47,24,0
24,40,0
8,13,0
49,19,0
17,10,0
36,18,0
35,11,0
37,29,0
12,5,0
23,12,0
13,35,0
7,32,0
5,11,0
32,15,0
18,7,0
28,37,0
31,46,0
12,45,0
14,28,0
45,10,0
5,24,0
27,34,0
34,32,0
27,30,0
35,29,0
36,38,0
38,34,0
34,25,0
32,44,0
29,45,0
28,20,0
22,42,0
34,19,0
13,6,0
38,18,0
25,19,0
43,30,0
13,9,0
22,11,0
44,21,0
16,7,0
38,26,0
27,7,0
12,7,0
8,21,0
47,14,0
7,35,0
6,25,0
16,47,0
26,11,0
32,36,0
21,2,0
9,16,0
5,39,0
43,34,0
32,19,0
28,16,0
43,10,0
4,28,0
17,14,0
32,16,0
3,29,0
35,39,0
39,39,0
44,14,0
32,44,0
33,16,0
14,12,0
30,27,0
44,10,0
16,30,0
45,40,0
15,7,0
11,42,0
7,22,0
43,16,0
26,46,0
6,22,0
39,37,0
32,40,0
40,35,0
25,11,0
22,28,0
30,21,0
2,30,0
31,5,0
27,38,0
23,19,0
12,4,0
28,18,0
3,14,0
30,6,0
28,6,0
1,29,0
13,43,0
30,41,0
33,46,0
44,9,0
6,37,0
22,4,0
16,39,0
33,17,0
9,19,0
21,8,0
42,22,0
9,8,0
12,37,0
30,10,0
23,28,0
30,33,0
21,17,0
32,30,0
29,15,0
18,49,0
46,30,0
49,31,0
29,6,0
10,13,0
17,29,0
39,36,0
11,45,0
38,38,0
33,42,0
29,33,0
35,14,0
2,17,0
24,37,0
30,33,0
4,29,0
36,20,0
9,18,0
27,11,0
39,30,0
22,11,0
30,1,0
26,10,0
32,39,0
18,29,0
38,43,0
48,18,0
42,33,0
48,34,0
18,26,0
23,8,0
27,8,0
28,25,0
39,43,0
10,31,0
11,37,0
17,45,0
14,13,0
16,10,0
3,18,0
32,2,0
43,9,0
29,1,0
32,5,0
33,30,0
29,36,0
28,19,0
30,31,0
17,21,0
37,20,0
27,46,0
34,23,0
50,25,0
35,29,0
16,34,0
17,27,0
11,34,0
9,29,0
25,31,0
37,25,0
17,35,0
46,24,0
15,4,0
40,32,0
11,38,0
27,18,0
42,33,0
35,17,0
48,31,0
31,10,0
42,38,0
25,38,0
16,3,0
16,10,0
21,18,0
32,1,0
14,47,0
48,33,0
31,27,0
24,27,0
43,13,0
29,37,0
44,21,0
16,9,0
12,17,0
42,15,0
6,31,0
40,33,0
4,31,0
21,3,0
33,28,0
36,10,0
14,11,0
16,27,0
11,21,0
17,15,0
32,8,0
32,24,0
28,12,0
30,36,0
4,24,0
22,6,0
44,18,0
43,14,0
12,11,0
31,21,0
40,7,0
4,31,0
36,17,0
16,43,0
21,46,0
28,25,0
17,29,0
31,32,0
46,33,0
12,38,0
31,46,0
25,25,0
18,38,0
17,25,0
9,42,0
27,31,0
32,32,0
25,9,0
23,25,0
39,34,0
5,40,0
10,40,0
40,21,0
19,2,0
5,31,0
38,42,0
15,13,0
32,15,0
15,14,0
18,22,0
13,44,0
13,18,0
28,14,0
14,25,0
8,25,0
30,2,0
16,26,0
27,40,0
27,4,0
34,41,0
21,13,0
22,4,0
34,27,0
17,21,0
12,30,0
35,47,0
29,18,0
25,8,0
23,16,0
10,34,0
25,12,0
40,13,0
23,29,0
22,41,0
24,6,0
2,22,0
47,32,0
24,5,0
7,25,0
1,26,0
34,26,0
42,12,0
31,47,0
41,26,0
34,24,0
32,5,0
8,15,0
44,9,0
43,42,0
30,13,0
19,10,0
9,23,0
48,33,0
45,13,0
25,9,0
31,20,0
20,18,0
17,29,0
16,5,0
33,27,0
5,23,0
32,1,0
7,40,0
21,34,0
21,36,0
26,25,0
41,39,0
22,25,0
25,50,0
17,13,0
48,22,0
5,11,0
28,20,0
16,16,0
43,15,0
35,35,0
29,1,0
38,43,0
45,30,0
42,28,0
13,24,0
47,23,0
38,22,0
45,24,0
9,11,0
8,19,0
1,27,0
23,36,0
40,25,0
29,33,0
22,35,0
14,14,0
10,15,0
18,37,0
19,35,0
10,44,0
15,38,0
13,36,0
40,41,0
24,27,0
42,26,0
13,24,0
8,8,0
165,23,1
161,15,1
152,13,1
166,13,1
170,30,1
159,9,1
171,14,1
159,19,1
154,34,1
142,10,1
158,23,1
173,14,1
143,4,1
143,10,1
141,43,1
149,2,1
161,44,1
170,21,1
163,13,1
141,8,1
137,10,1
156,28,1
178,30,1
150,36,1
140,26,1
170,42,1
168,16,1
159,40,1
171,43,1
138,7,1
147,19,1
149,44,1
170,22,1
160,4,1
156,4,1
156,33,1
171,33,1
131,26,1
173,12,1
144,18,1
140,45,1
169,44,1
160,21,1
144,6,1
178,28,1
161,26,1
140,6,1
155,5,1
136,20,1
131,21,1
137,20,1
155,27,1
173,33,1
141,38,1
178,19,1
178,25,1
154,39,1
154,37,1
175,28,1
167,35,1
156,1,1
137,22,1
175,24,1
144,25,1
162,4,1
149,26,1
161,29,1
131,30,1
169,26,1
167,27,1
154,36,1
141,45,1
162,12,1
163,38,1
179,31,1
139,29,1
168,5,1
154,29,1
162,25,1
143,28,1
163,40,1
176,30,1
164,8,1
140,9,1
165,18,1
150,10,1
161,41,1
170,34,1
142,17,1
140,5,1
137,24,1
162,11,1
135,31,1
154,36,1
136,34,1
142,12,1
151,8,1
161,38,1
143,16,1
136,28,1
173,36,1
173,10,1
152,44,1
153,49,1
164,44,1
168,23,1
154,39,1
165,5,1
135,24,1
131,22,1
144,29,1
173,39,1
166,30,1
142,15,1
156,38,1
172,12,1
135,23,1
138,26,1
154,46,1
159,38,1
166,45,1
151,7,1
173,22,1
171,43,1
144,10,1
151,37,1
170,32,1
158,5,1
150,19,1
179,32,1
138,32,1
148,1,1
171,17,1
172,25,1
166,25,1
176,19,1
137,18,1
166,18,1
172,29,1
135,26,1
163,45,1
175,24,1
167,6,1
171,41,1
165,11,1
136,36,1
144,16,1
169,35,1
160,9,1
146,25,1
144,5,1
137,30,1
141,40,1
166,18,1
173,35,1
140,10,1
173,35,1
139,7,1
171,13,1
158,12,1
144,12,1
180,25,1
161,23,1
156,45,1
166,21,1
168,36,1
148,21,1
140,20,1
137,21,1
140,5,1
154,24,1
168,29,1
163,11,1
176,33,1
146,10,1
173,42,1
162,7,1
146,11,1
157,29,1
155,18,1
175,39,1
141,25,1
147,16,1
162,49,1
137,39,1
170,43,1
145,4,1
157,43,1
162,16,1
168,13,1
140,37,1
163,47,1
154,15,1
168,34,1
154,47,1
178,33,1
158,30,1
171,15,1
175,17,1
176,23,1
147,14,1
175,11,1
173,13,1
140,27,1
139,19,1
169,45,1
147,9,1
156,21,1
155,47,1
168,18,1
168,6,1
144,28,1
172,34,1
177,35,1
149,27,1
160,37,1
173,12,1
153,25,1
156,48,1
152,22,1
148,30,1
145,6,1
167,29,1
141,13,1
157,11,1
138,23,1
159,3,1
147,42,1
135,17,1
166,31,1
136,9,1
176,23,1
168,11,1
162,12,1
168,38,1
173,33,1
144,3,1
153,29,1
152,49,1
141,23,1
164,27,1
151,39,1
176,13,1
138,33,1
152,14,1
136,23,1
160,15,1
145,30,1
179,22,1
144,32,1
169,42,1
156,35,1
172,23,1
155,50,1
158,18,1
178,24,1
162,4,1
148,24,1
173,13,1
172,10,1
144,35,1
150,28,1
148,13,1
156,5,1
174,35,1
164,5,1
162,18,1
135,19,1
160,46,1
168,39,1
136,32,1
162,40,1
150,7,1
133,19,1
140,42,1
149,16,1
153,6,1
136,29,1
177,25,1
143,22,1
160,35,1
173,28,1
169,20,1
159,13,1
175,15,1
144,32,1
144,44,1
150,36,1
150,13,1
150,16,1
151,40,1
151,3,1
147,39,1
144,15,1
175,15,1
166,6,1
137,33,1
134,31,1
144,10,1
139,23,1
132,16,1
159,45,1
135,10,1
153,22,1
134,25,1
171,11,1
150,38,1
173,28,1
141,26,1
141,45,1
164,27,1
155,41,1
166,5,1
167,35,1
164,39,1
133,18,1
137,23,1
160,13,1
160,30,1
164,39,1
141,10,1
148,2,1
161,4,1
158,4,1
165,21,1
142,46,1
138,8,1
150,1,1
158,48,1
166,43,1
178,33,1
158,13,1
160,41,1
138,29,1
153,33,1
170,25,1
178,25,1
138,26,1
148,13,1
172,12,1
137,34,1
168,34,1
146,26,1
150,16,1
157,20,1
166,30,1
149,47,1
162,24,1
138,13,1
179,28,1
163,23,1
164,41,1
143,14,1
149,38,1
177,27,1
170,7,1
133,29,1
168,43,1
143,10,1
140,31,1
171,19,1
155,44,1
157,45,1
163,13,1
142,33,1
172,18,1
154,15,1
164,33,1
155,44,1
178,28,1
164,18,1
160,1,1
159,16,1
177,30,1
153,5,1
148,48,1
152,1,1
170,26,1
152,16,1
145,35,1
138,19,1
158,46,1
136,37,1
168,36,1
136,20,1
136,36,1
163,31,1
144,13,1
176,38,1
160,10,1
147,26,1
156,27,1
155,32,1
150,21,1
162,17,1
157,1,1
164,28,1
151,44,1
134,14,1
143,45,1
149,24,1
165,33,1
179,20,1
154,43,1
175,15,1
170,14,1
150,33,1
162,17,1
166,30,1
152,19,1
162,29,1
158,32,1
170,28,1
172,19,1
171,37,1
162,49,1
166,10,1
147,19,1
144,27,1
132,17,1
155,2,1
151,29,1
158,41,1
134,22,1
136,28,1
149,21,1
164,30,1
165,22,1
179,19,1
152,25,1
133,20,1
145,24,1
132,32,1
154,1,1
153,11,1
139,20,1
136,19,1
164,28,1
146,15,1
165,29,1
169,17,1
161,14,1
151,29,1
149,28,1
171,9,1
162,32,1
158,43,1
165,6,1
144,9,1
175,38,1
164,28,1
149,14,1
140,43,1
160,16,1
148,33,1
168,32,1
174,21,1
157,43,1
152,19,1
140,6,1
149,37,1
140,40,1
153,5,1
172,43,1
170,23,1
161,13,1
144,45,1
150,49,1
161,17,1
153,23,1
154,4,1
155,41,1
142,34,1
136,13,1
147,12,1
142,16,1
163,18,1
149,40,1
170,39,1
171,17,1
150,29,1
134,17,1
168,17,1
139,39,1
135,19,1
167,18,1
135,25,1
150,14,1
161,32,1
140,6,1
172,18,1
152,16,1
150,1,1
145,24,1
143,22,1
179,26,1
135,23,1
152,2,1
155,27,1
137,14,1
