30,38,0
34,8,0
24,26,0
19,42,0
49,30,0
39,43,0
26,29,0
13,25,0
41,15,0
20,10,0
35,12,0
46,29,0
36,39,0
16,30,0
46,36,0
6,11,0
17,7,0
23,12,0
42,39,0
25,40,0
9,42,0
12,19,0
27,35,0
30,5,0
45,14,0
18,44,0
7,40,0
37,35,0
16,8,0
48,22,0
12,33,0
32,17,0
34,7,0
39,18,0
5,30,0
25,29,0
29,7,0
16,41,0
30,13,0
32,35,0
10,44,0
13,17,0
21,21,0
9,26,0
30,17,0
32,29,0
45,23,0
37,45,0
31,6,0
43,34,0
10,13,0
42,8,0
21,41,0
14,43,0
9,24,0
11,8,0
17,29,0
20,6,0
25,0,0
39,27,0
14,19,0
43,37,0
35,46,0
35,6,0
20,31,0
45,30,0
41,7,0
37,45,0
19,49,0
13,45,0
33,22,0
14,31,0
8,21,0
22,1,0
11,18,0
14,3,0
24,26,0
38,38,0
46,19,0
46,30,0
4,18,0
20,42,0
26,2,0
34,44,0
25,23,0
24,45,0
38,40,0
37,21,0
22,12,0
9,22,0
36,23,0
17,5,0
29,32,0
26,38,0
20,34,0
16,21,0
14,14,0
19,39,0
24,21,0
35,8,0
35,39,0
22,4,0
3,14,0
35,47,0
43,15,0
11,34,0
38,7,0
23,2,0
16,25,0
30,41,0
28,14,0
48,34,0
29,16,0
48,32,0
31,38,0
29,47,0
22,24,0
9,43,0
34,22,0
36,33,0
43,33,0
37,8,0
30,6,0
32,22,0
25,50,0
34,18,0
28,48,0
23,19,0
17,4,0
15,46,0
22,8,0
45,18,0
27,49,0
42,35,0
48,33,0
5,22,0
24,49,0
10,11,0
26,16,0
45,36,0
36,31,0
3,33,0
27,16,0
44,21,0
28,17,0
21,18,0
36,20,0
31,1,0
33,39,0
35,23,0
23,41,0
32,9,0
22,30,0
12,28,0
32,16,0
32,28,0
32,44,0
3,15,0
31,48,0
17,39,0
27,26,0
32,21,0
37,23,0
8,32,0
20,47,0
41,34,0
48,30,0
15,16,0
25,44,0
24,44,0
29,3,0
11,26,0
18,33,0
25,48,0
22,32,0
14,27,0
19,9,0
29,6,0
43,41,0
31,28,0
34,21,0
3,20,0
25,38,0
24,14,0
18,32,0
12,39,0
5,30,0
0,25,0
16,3,0
31,14,0
42,33,0
12,4,0
13,23,0
31,5,0
31,34,0
23,40,0
25,17,0
14,25,0
23,4,0
26,20,0
39,35,0
45,27,0
28,1,0
21,27,0
23,43,0
15,29,0
29,30,0
19,36,0
18,45,0
2,18,0
22,11,0
23,5,0
17,30,0
19,42,0
18,27,0
16,10,0
30,19,0
28,29,0
5,34,0
32,5,0
47,18,0
49,28,0
20,28,0
30,42,0
36,27,0
41,14,0
5,22,0
39,13,0
28,24,0
31,12,0
18,36,0
25,3,0
9,29,0
12,32,0
44,19,0
35,44,0
8,14,0
29,40,0
11,36,0
35,46,0
41,28,0
27,40,0
27,21,0
48,32,0
3,28,0
22,21,0
34,35,0
44,39,0
16,20,0
33,17,0
9,16,0
10,24,0
44,40,0
38,4,0
49,19,0
40,39,0
27,14,0
26,30,0
32,35,0
36,43,0
14,15,0
36,44,0
15,34,0
19,28,0
41,20,0
42,27,0
34,36,0
36,20,0
13,14,0
21,5,0
44,38,0
27,47,0
18,8,0
28,8,0
5,18,0
31,21,0
27,11,0
37,10,0
42,10,0
45,39,0
13,37,0
10,41,0
43,40,0
38,18,0
8,42,0
21,9,0
28,18,0
37,6,0
41,10,0
34,26,0
20,26,0
29,32,0
19,13,0
22,21,0
5,32,0
24,27,0
37,4,0
4,19,0
9,16,0
11,16,0
11,23,0
28,19,0
30,45,0
31,18,0
8,19,0
28,11,0
33,12,0
14,22,0
10,21,0
20,30,0
28,42,0
47,30,0
32,33,0
40,10,0
20,21,0
27,27,0
32,46,0
24,14,0
39,38,0
29,22,0
41,36,0
22,40,0
20,31,0
9,10,0
22,43,0
45,34,0
11,40,0
26,16,0
1,29,0
5,40,0
12,27,0
23,43,0
41,31,0
23,10,0
44,41,0
35,6,0
0,25,0
40,15,0
2,28,0
26,30,0
43,14,0
31,20,0
33,46,0
46,32,0
9,21,0
5,18,0
42,30,0
12,26,0
38,13,0
2,17,0
30,38,0
40,25,0
36,7,0
29,5,0
20,43,0
34,12,0
21,12,0
13,43,0
39,39,0
15,14,0
34,27,0
29,49,0
26,48,0
12,22,0
15,3,0
31,18,0
48,24,0
38,16,0
26,49,0
36,25,0
28,34,0
27,6,0
35,9,0
34,36,0
38,24,0
45,32,0
27,29,0
16,7,0
4,25,0
37,41,0
43,8,0
21,42,0
46,17,0
41,23,0
21,36,0
34,39,0
23,47,0
16,22,0
37,15,0
42,8,0
1,21,0
27,31,0
41,40,0
6,12,0
36,11,0
25,4,0
16,31,0
34,34,0
3,30,0
7,8,0
40,7,0
20,23,0
17,35,0
24,33,0
15,14,0
42,7,0
30,18,0
11,14,0
35,28,0
39,14,0
8,13,0
36,8,0
28,23,0
35,44,0
7,26,0
27,29,0
18,8,0
36,31,0
43,39,0
42,25,0
29,47,0
13,24,0
41,24,0
13,5,0
47,28,0
21,47,0
32,5,0
27,42,0
11,37,0
9,35,0
19,38,0
19,10,0
27,26,0
37,46,0
41,23,0
34,29,0
48,34,0
19,35,0
5,17,0
47,21,0
26,11,0
24,16,0
42,14,0
19,3,0
29,16,0
40,28,0
14,21,0
4,35,0
39,43,0
23,46,0
41,30,0
45,29,0
44,12,0
41,30,0
43,14,0
33,42,0
30,36,0
24,8,0
28,9,0
27,49,0
31,13,0
20,6,0
24,18,0
46,34,0
12,42,0
3,35,0
34,9,0
19,38,0
20,7,0
18,26,0
8,28,0
48,33,0
34,17,0
33,3,0
29,6,0
24,38,0
18,21,0
15,20,0
12,29,0
9,33,0
37,35,0
24,5,0
31,46,0
25,48,0
6,37,0
49,29,0
18,7,0
41,37,0
13,29,0
20,24,0
9,28,0
10,38,0
40,43,0
29,13,0
46,20,0
41,16,0
16,32,0
23,30,0
45,34,0
36,34,0
143,37,1
155,26,1
143,6,1
133,36,1
156,39,1
152,32,1
147,4,1
142,39,1
165,47,1
138,8,1
146,30,1
164,46,1
138,18,1
151,11,1
162,39,1
172,38,1
152,8,1
144,29,1
152,36,1
150,32,1
171,12,1
170,17,1
141,32,1
147,42,1
137,21,1
148,27,1
158,40,1
149,46,1
154,33,1
150,45,1
152,25,1
144,29,1
137,39,1
160,8,1
160,37,1
163,23,1
164,30,1
142,33,1
159,45,1
167,24,1
139,32,1
143,35,1
133,32,1
157,3,1
176,24,1
166,9,1
171,15,1
165,17,1
167,26,1
161,31,1
139,18,1
148,10,1
141,38,1
152,32,1
144,45,1
170,13,1
135,38,1
164,15,1
179,19,1
140,37,1
149,9,1
147,14,1
145,45,1
148,31,1
175,22,1
144,34,1
162,28,1
139,11,1
159,2,1
137,38,1
134,35,1
148,25,1
166,27,1
147,40,1
155,3,1
151,18,1
149,23,1
157,42,1
150,14,1
143,44,1
162,42,1
160,24,1
145,34,1
150,4,1
157,19,1
160,36,1
152,45,1
147,38,1
166,30,1
168,25,1
172,11,1
179,21,1
152,34,1
151,2,1
159,27,1
168,29,1
172,23,1
135,33,1
147,21,1
169,35,1
155,27,1
148,1,1
167,34,1
161,36,1
141,44,1
134,27,1
137,40,1
157,30,1
135,15,1
136,30,1
141,35,1
139,40,1
174,35,1
135,35,1
136,39,1
172,37,1
166,35,1
171,33,1
139,35,1
172,22,1
175,22,1
143,23,1
149,47,1
134,21,1
150,40,1
146,47,1
161,26,1
169,15,1
139,24,1
170,36,1
157,25,1
132,25,1
143,20,1
138,8,1
149,31,1
155,19,1
166,18,1
166,27,1
136,31,1
175,27,1
174,37,1
166,47,1
157,43,1
151,42,1
151,11,1
146,4,1
162,27,1
158,34,1
145,7,1
160,46,1
134,19,1
173,13,1
145,28,1
150,13,1
154,15,1
156,15,1
173,21,1
172,17,1
142,24,1
145,33,1
154,25,1
163,16,1
170,42,1
171,39,1
173,25,1
144,45,1
169,32,1
151,25,1
175,22,1
146,43,1
163,37,1
150,7,1
163,21,1
156,16,1
161,49,1
169,28,1
139,33,1
143,22,1
146,39,1
172,10,1
142,11,1
176,31,1
159,31,1
164,37,1
176,20,1
173,8,1
171,14,1
139,29,1
150,2,1
148,40,1
132,16,1
148,9,1
174,31,1
165,22,1
167,11,1
170,33,1
151,26,1
170,16,1
141,36,1
152,43,1
135,23,1
169,15,1
167,25,1
170,39,1
145,33,1
172,16,1
149,33,1
163,35,1
139,22,1
161,19,1
145,38,1
157,16,1
173,32,1
142,11,1
154,22,1
151,17,1
140,16,1
133,31,1
161,43,1
154,14,1
146,8,1
160,17,1
131,28,1
171,37,1
146,13,1
159,41,1
144,41,1
159,11,1
139,41,1
166,22,1
159,9,1
152,5,1
140,11,1
134,25,1
145,3,1
146,38,1
172,25,1
141,11,1
174,33,1
135,25,1
166,25,1
164,47,1
168,8,1
171,8,1
152,4,1
134,28,1
142,38,1
173,13,1
138,31,1
141,33,1
139,31,1
163,20,1
145,40,1
153,8,1
174,17,1
179,21,1
175,29,1
165,36,1
166,36,1
143,30,1
162,35,1
171,7,1
167,4,1
177,17,1
143,35,1
172,38,1
154,12,1
173,23,1
166,9,1
148,32,1
168,29,1
167,14,1
177,36,1
154,24,1
161,34,1
148,47,1
149,28,1
154,16,1
152,2,1
137,32,1
163,4,1
142,8,1
140,14,1
146,47,1
132,32,1
172,29,1
152,6,1
156,46,1
159,14,1
158,46,1
150,15,1
158,27,1
173,28,1
151,27,1
156,4,1
148,3,1
159,23,1
172,27,1
173,24,1
136,36,1
144,28,1
133,24,1
138,35,1
166,11,1
160,1,1
165,5,1
149,27,1
158,16,1
171,6,1
169,7,1
157,31,1
156,10,1
160,14,1
146,39,1
168,20,1
159,9,1
169,6,1
134,29,1
136,41,1
154,35,1
156,26,1
138,8,1
152,19,1
135,21,1
159,5,1
153,46,1
158,25,1
163,42,1
152,6,1
166,34,1
140,43,1
177,14,1
166,14,1
151,33,1
160,21,1
145,7,1
152,25,1
164,9,1
158,35,1
143,6,1
158,35,1
158,17,1
149,48,1
168,45,1
167,11,1
175,26,1
149,14,1
163,43,1
167,12,1
149,47,1
168,44,1
150,21,1
138,20,1
147,48,1
153,18,1
157,13,1
133,29,1
143,11,1
165,24,1
165,46,1
156,36,1
154,43,1
153,13,1
132,30,1
146,33,1
177,31,1
142,7,1
160,17,1
175,39,1
149,30,1
153,47,1
145,7,1
144,44,1
165,13,1
143,38,1
135,19,1
158,26,1
145,25,1
170,30,1
135,36,1
173,31,1
150,38,1
136,39,1
155,11,1
155,21,1
152,14,1
155,1,1
155,12,1
171,22,1
133,29,1
171,40,1
171,41,1
168,41,1
131,23,1
172,36,1
134,20,1
148,36,1
167,29,1
174,34,1
158,18,1
148,21,1
166,36,1
163,31,1
162,26,1
158,8,1
164,47,1
146,47,1
154,36,1
146,4,1
137,26,1
154,6,1
147,21,1
141,38,1
152,48,1
143,7,1
167,33,1
158,38,1
172,24,1
162,25,1
159,6,1
173,15,1
168,11,1
143,46,1
165,25,1
154,5,1
149,16,1
169,13,1
145,3,1
178,21,1
163,31,1
151,47,1
161,3,1
139,7,1
153,38,1
179,19,1
138,26,1
170,20,1
156,41,1
158,32,1
140,25,1
137,18,1
141,39,1
171,35,1
151,31,1
139,27,1
164,12,1
159,29,1
142,21,1
144,21,1
156,37,1
159,3,1
165,38,1
167,30,1
154,25,1
147,3,1
171,12,1
154,21,1
141,33,1
148,3,1
137,30,1
172,39,1
152,12,1
170,32,1
148,37,1
178,16,1
164,22,1
171,19,1
154,41,1
156,20,1
170,15,1
134,30,1
155,21,1
173,25,1
172,20,1
165,25,1
164,20,1
157,27,1
143,22,1
140,30,1
147,31,1
156,25,1
152,6,1
135,22,1
148,16,1
151,33,1
145,42,1
146,8,1
174,14,1
163,48,1
163,30,1
135,21,1
144,13,1
179,27,1
160,11,1
156,2,1
165,3,1
165,43,1
134,30,1
155,42,1
158,49,1
