33,43,0
42,17,0
12,15,0
25,22,0
25,38,0
22,16,0
28,9,0
23,39,0
38,22,0
46,37,0
36,27,0
9,33,0
41,42,0
3,28,0
38,39,0
40,42,0
9,41,0
19,44,0
18,31,0
39,5,0
38,17,0
43,27,0
26,1,0
31,8,0
25,33,0
42,34,0
10,42,0
6,12,0
17,3,0
7,9,0
20,23,0
32,45,0
19,36,0
37,33,0
37,37,0
17,36,0
26,24,0
29,11,0
14,29,0
18,16,0
36,6,0
18,49,0
27,45,0
30,44,0
44,32,0
27,41,0
16,43,0
25,47,0
31,13,0
27,5,0
21,24,0
16,27,0
38,8,0
12,7,0
21,23,0
10,8,0
20,8,0
31,32,0
36,20,0
32,18,0
14,9,0
23,20,0
22,34,0
31,15,0
28,15,0
19,43,0
14,34,0
20,44,0
43,38,0
26,29,0
27,24,0
19,46,0
23,35,0
20,46,0
36,45,0
20,44,0
24,48,0
18,19,0
21,46,0
39,41,0
3,28,0
44,18,0
23,25,0
20,11,0
38,31,0
5,30,0
7,23,0
28,12,0
4,20,0
16,25,0
6,16,0
5,37,0
43,29,0
34,37,0
30,12,0
35,32,0
38,27,0
7,13,0
37,44,0
15,32,0
42,9,0
10,10,0
9,21,0
22,16,0
19,34,0
20,48,0
31,9,0
49,27,0
43,25,0
29,3,0
14,18,0
25,46,0
23,29,0
17,37,0
21,24,0
26,5,0
17,46,0
33,27,0
24,13,0
16,48,0
40,35,0
14,19,0
20,11,0
16,43,0
35,34,0
44,21,0
25,12,0
20,4,0
25,45,0
2,27,0
17,10,0
30,18,0
23,13,0
14,42,0
32,25,0
29,46,0
17,31,0
20,9,0
38,28,0
20,37,0
26,6,0
9,28,0
26,4,0
16,41,0
36,42,0
16,5,0
37,15,0
14,39,0
29,27,0
35,30,0
17,27,0
34,43,0
33,37,0
34,39,0
16,12,0
43,8,0
41,11,0
45,39,0
45,19,0
1,25,0
35,17,0
30,44,0
7,27,0
19,27,0
18,11,0
21,47,0
31,28,0
7,31,0
39,42,0
20,31,0
3,14,0
22,24,0
17,27,0
8,11,0
3,18,0
31,40,0
23,38,0
43,32,0
23,34,0
25,12,0
37,25,0
7,26,0
28,43,0
49,25,0
24,22,0
32,5,0
17,20,0
31,22,0
33,43,0
5,31,0
36,30,0
40,13,0
42,24,0
8,31,0
16,27,0
1,29,0
22,44,0
34,2,0
42,34,0
43,25,0
36,16,0
30,44,0
37,11,0
5,26,0
27,4,0
6,35,0
26,42,0
30,13,0
24,11,0
34,48,0
45,14,0
14,38,0
29,37,0
15,28,0
22,24,0
20,28,0
38,11,0
38,33,0
14,10,0
24,38,0
42,28,0
20,49,0
12,7,0
35,9,0
34,43,0
38,33,0
3,14,0
34,19,0
20,25,0
1,32,0
5,38,0
18,23,0
20,19,0
37,12,0
14,21,0
11,25,0
34,33,0
17,14,0
36,41,0
41,37,0
14,45,0
12,19,0
16,24,0
19,16,0
49,19,0
37,44,0
17,48,0
13,36,0
9,39,0
31,41,0
21,30,0
18,43,0
36,38,0
30,9,0
18,42,0
17,15,0
23,17,0
27,9,0
24,1,0
44,34,0
24,31,0
30,28,0
27,33,0
39,45,0
1,28,0
33,6,0
19,47,0
31,24,0
42,20,0
26,4,0
38,20,0
21,24,0
11,41,0
7,25,0
18,44,0
42,10,0
21,7,0
37,4,0
27,45,0
24,29,0
43,16,0
35,21,0
24,39,0
41,41,0
23,35,0
13,35,0
24,13,0
5,21,0
19,16,0
12,40,0
27,13,0
41,37,0
18,29,0
37,18,0
27,28,0
39,29,0
44,16,0
46,31,0
16,24,0
34,31,0
34,42,0
30,20,0
27,38,0
2,16,0
11,14,0
5,32,0
12,29,0
20,41,0
6,27,0
20,27,0
5,33,0
22,35,0
33,12,0
33,31,0
27,3,0
49,28,0
48,22,0
26,11,0
19,2,0
5,40,0
29,29,0
34,38,0
30,32,0
14,22,0
27,39,0
14,45,0
30,40,0
44,21,0
37,37,0
9,39,0
14,18,0
20,33,0
21,27,0
12,25,0
7,14,0
17,8,0
15,24,0
24,24,0
22,14,0
14,37,0
6,29,0
10,27,0
47,24,0
28,39,0
29,7,0
27,48,0
45,25,0
43,34,0
17,22,0
31,24,0
28,49,0
15,44,0
8,26,0
6,10,0
39,34,0
4,38,0
38,25,0
31,25,0
19,15,0
17,15,0
6,28,0
7,25,0
38,26,0
35,15,0
42,27,0
41,27,0
39,30,0
14,40,0
45,11,0
7,21,0
25,16,0
28,47,0
30,49,0
11,14,0
21,4,0
44,17,0
33,31,0
16,3,0
9,42,0
36,10,0
27,37,0
21,9,0
38,40,0
29,29,0
14,40,0
23,35,0
29,19,0
16,48,0
16,14,0
13,26,0
34,19,0
1,32,0
21,8,0
13,29,0
12,44,0
10,32,0
38,24,0
7,40,0
20,13,0
16,15,0
47,14,0
42,41,0
39,34,0
5,23,0
7,15,0
10,43,0
26,44,0
42,12,0
41,21,0
14,28,0
1,28,0
17,46,0
28,23,0
18,15,0
38,24,0
9,19,0
7,24,0
19,21,0
11,35,0
20,35,0
45,39,0
28,34,0
47,27,0
26,47,0
27,21,0
17,32,0
45,13,0
34,38,0
11,7,0
34,15,0
27,18,0
41,28,0
37,24,0
36,20,0
47,33,0
26,38,0
14,23,0
3,32,0
44,15,0
33,11,0
34,19,0
42,43,0
35,35,0
6,31,0
30,6,0
20,12,0
13,29,0
33,38,0
43,15,0
42,30,0
11,25,0
21,3,0
46,32,0
11,29,0
39,16,0
39,11,0
34,29,0
30,16,0
15,24,0
9,34,0
47,20,0
13,13,0
43,37,0
41,22,0
40,28,0
30,23,0
12,30,0
22,22,0
18,5,0
3,27,0
40,42,0
26,19,0
19,46,0
36,33,0
45,24,0
19,15,0
32,24,0
25,21,0
35,17,0
47,31,0
23,25,0
5,12,0
31,42,0
8,40,0
42,40,0
17,46,0
41,40,0
43,16,0
33,40,0
26,30,0
23,11,0
1,32,0
24,21,0
14,33,0
40,20,0
46,28,0
27,3,0
36,15,0
41,42,0
1,25,0
167,10,1
156,48,1
135,34,1
160,9,1
157,13,1
143,19,1
173,18,1
139,39,1
161,33,1
131,20,1
153,37,1
171,26,1
156,9,1
147,34,1
175,35,1
144,32,1
150,11,1
164,25,1
141,17,1
157,41,1
167,44,1
143,41,1
150,14,1
169,17,1
148,10,1
166,11,1
158,49,1
147,32,1
131,32,1
142,20,1
142,34,1
178,32,1
159,49,1
155,33,1
159,28,1
173,25,1
149,36,1
166,34,1
146,38,1
160,19,1
156,15,1
146,23,1
161,7,1
155,19,1
168,22,1
161,14,1
153,27,1
170,38,1
161,9,1
164,4,1
160,11,1
135,24,1
177,23,1
165,26,1
139,32,1
149,28,1
166,27,1
152,28,1
172,25,1
161,35,1
157,3,1
165,4,1
176,22,1
176,17,1
161,23,1
172,14,1
165,22,1
167,32,1
175,10,1
175,32,1
174,29,1
171,22,1
159,10,1
146,13,1
162,43,1
172,23,1
162,28,1
158,28,1
162,13,1
170,24,1
159,5,1
137,11,1
166,7,1
166,36,1
161,19,1
133,36,1
153,12,1
162,3,1
178,19,1
170,40,1
140,27,1
153,39,1
159,35,1
169,22,1
161,22,1
162,22,1
157,12,1
148,45,1
145,37,1
165,29,1
159,18,1
165,42,1
149,11,1
131,26,1
158,20,1
150,41,1
158,15,1
136,16,1
165,13,1
156,16,1
160,29,1
153,19,1
135,15,1
149,39,1
136,20,1
132,23,1
166,4,1
162,3,1
145,22,1
143,37,1
148,20,1
164,27,1
141,21,1
143,29,1
172,39,1
158,27,1
172,29,1
159,24,1
169,29,1
152,21,1
167,46,1
172,35,1
160,16,1
169,6,1
151,34,1
177,16,1
156,1,1
161,28,1
150,23,1
153,47,1
145,37,1
146,44,1
173,26,1
164,7,1
140,19,1
148,21,1
156,32,1
131,32,1
150,10,1
154,34,1
166,30,1
144,19,1
155,18,1
135,36,1
159,20,1
135,17,1
170,12,1
164,30,1
150,10,1
168,18,1
153,17,1
133,33,1
144,37,1
139,21,1
178,30,1
147,37,1
179,19,1
148,33,1
139,10,1
156,12,1
168,12,1
138,40,1
144,28,1
167,46,1
145,20,1
150,21,1
151,37,1
158,45,1
174,31,1
154,42,1
162,18,1
176,29,1
143,30,1
164,47,1
155,20,1
158,25,1
168,39,1
157,21,1
160,43,1
148,19,1
139,44,1
165,37,1
156,36,1
145,31,1
148,28,1
157,8,1
149,35,1
144,10,1
159,47,1
146,17,1
169,17,1
155,11,1
174,14,1
136,17,1
145,27,1
166,16,1
179,26,1
170,7,1
149,1,1
158,47,1
155,42,1
144,19,1
141,6,1
137,21,1
137,24,1
145,33,1
148,43,1
169,12,1
145,21,1
159,28,1
166,38,1
172,32,1
174,21,1
158,48,1
134,24,1
149,9,1
148,49,1
154,27,1
172,17,1
154,49,1
139,32,1
170,6,1
133,30,1
137,27,1
164,22,1
152,47,1
159,47,1
176,18,1
146,48,1
149,10,1
167,11,1
171,26,1
155,13,1
173,34,1
177,15,1
161,1,1
173,20,1
161,13,1
162,40,1
151,7,1
133,17,1
167,30,1
163,40,1
169,28,1
138,20,1
136,29,1
153,26,1
161,27,1
166,9,1
152,14,1
141,36,1
171,34,1
154,12,1
171,31,1
160,17,1
146,31,1
169,39,1
160,12,1
136,17,1
178,24,1
176,35,1
141,10,1
141,13,1
143,23,1
174,17,1
154,11,1
169,38,1
156,49,1
158,25,1
141,7,1
168,30,1
161,47,1
156,43,1
153,30,1
150,24,1
156,1,1
140,15,1
159,11,1
140,26,1
162,21,1
153,32,1
142,16,1
153,7,1
153,2,1
160,29,1
168,30,1
143,26,1
168,5,1
161,41,1
151,40,1
155,34,1
147,34,1
162,38,1
153,38,1
153,34,1
158,3,1
142,39,1
174,29,1
142,43,1
154,19,1
169,7,1
141,39,1
139,16,1
166,3,1
177,30,1
179,31,1
154,19,1
155,48,1
140,41,1
166,32,1
167,21,1
150,5,1
176,20,1
145,21,1
144,46,1
159,25,1
141,30,1
169,38,1
178,16,1
175,30,1
170,15,1
155,45,1
141,10,1
136,35,1
134,12,1
156,23,1
162,38,1
136,10,1
151,35,1
166,37,1
167,27,1
138,26,1
152,3,1
132,24,1
154,5,1
157,21,1
151,7,1
172,24,1
166,45,1
168,31,1
158,17,1
136,23,1
155,13,1
132,19,1
167,16,1
163,23,1
178,31,1
157,16,1
135,29,1
157,9,1
174,33,1
148,28,1
167,25,1
162,35,1
163,10,1
138,32,1
154,17,1
156,29,1
139,26,1
143,44,1
138,14,1
172,11,1
146,38,1
157,41,1
156,5,1
153,42,1
152,12,1
157,48,1
172,17,1
134,23,1
165,26,1
170,7,1
156,3,1
177,33,1
153,44,1
137,32,1
139,20,1
148,18,1
153,19,1
155,21,1
141,16,1
145,20,1
172,17,1
166,8,1
163,19,1
145,35,1
163,34,1
143,19,1
161,41,1
134,29,1
136,18,1
136,32,1
143,35,1
165,30,1
147,32,1
172,42,1
144,36,1
161,18,1
173,17,1
150,38,1
152,38,1
149,48,1
177,21,1
157,8,1
135,14,1
139,38,1
138,9,1
157,34,1
166,38,1
142,38,1
136,22,1
160,20,1
142,41,1
136,30,1
161,49,1
176,25,1
157,1,1
147,24,1
134,18,1
139,34,1
142,10,1
172,38,1
167,35,1
160,21,1
136,14,1
162,34,1
153,46,1
136,34,1
170,6,1
153,26,1
162,40,1
171,7,1
167,10,1
142,44,1
144,13,1
152,11,1
177,36,1
156,34,1
167,36,1
177,18,1
144,18,1
148,22,1
169,39,1
153,13,1
173,21,1
147,20,1
140,45,1
140,6,1
153,10,1
145,26,1
139,42,1
156,30,1
156,21,1
156,27,1
155,0,1
166,46,1
150,21,1
146,26,1
149,3,1
168,11,1
163,29,1
142,17,1
170,5,1
175,33,1
145,25,1
149,36,1
133,36,1
150,16,1
166,32,1
144,20,1
136,16,1
149,36,1
156,47,1
138,11,1
161,38,1
169,38,1
160,20,1
176,18,1
168,30,1
163,42,1
176,36,1
163,41,1
143,8,1
133,23,1
173,39,1
154,47,1
144,17,1
171,12,1
136,22,1
141,6,1
