11,21,0
41,35,0
18,3,0
32,40,0
9,41,0
47,33,0
10,11,0
15,43,0
23,42,0
33,30,0
29,29,0
39,16,0
37,24,0
20,21,0
17,11,0
10,24,0
6,11,0
38,14,0
14,8,0
34,47,0
20,16,0
19,15,0
46,28,0
14,41,0
22,3,0
19,29,0
42,29,0
26,27,0
9,17,0
35,33,0
33,23,0
23,49,0
41,10,0
41,14,0
18,17,0
24,10,0
20,33,0
5,34,0
39,11,0
21,11,0
8,21,0
12,4,0
29,14,0
9,27,0
25,46,0
33,25,0
34,17,0
38,25,0
4,34,0
30,13,0
34,43,0
33,2,0
7,28,0
10,26,0
15,23,0
42,38,0
20,6,0
33,29,0
36,47,0
33,12,0
17,23,0
36,17,0
29,20,0
20,22,0
30,25,0
22,19,0
15,33,0
19,7,0
18,5,0
39,14,0
21,25,0
28,7,0
17,37,0
2,26,0
27,49,0
33,7,0
28,3,0
36,29,0
13,45,0
49,22,0
37,24,0
18,1,0
49,23,0
46,34,0
11,12,0
9,44,0
32,7,0
15,47,0
2,30,0
16,22,0
30,29,0
40,9,0
13,22,0
4,25,0
10,22,0
37,18,0
16,14,0
16,14,0
37,32,0
13,12,0
42,21,0
42,11,0
15,7,0
32,30,0
32,28,0
35,25,0
20,43,0
23,36,0
23,24,0
39,5,0
25,16,0
21,43,0
44,9,0
44,23,0
27,43,0
30,28,0
46,21,0
44,28,0
8,28,0
27,45,0
27,38,0
37,37,0
23,16,0
44,23,0
1,29,0
12,21,0
17,2,0
6,34,0
31,16,0
42,19,0
21,9,0
33,35,0
35,28,0
16,34,0
9,40,0
34,23,0
23,24,0
13,17,0
30,14,0
43,14,0
27,32,0
40,38,0
38,26,0
21,22,0
11,23,0
33,22,0
7,14,0
32,23,0
9,12,0
4,37,0
40,26,0
35,45,0
24,10,0
9,21,0
15,47,0
31,30,0
39,33,0
24,9,0
21,16,0
36,5,0
24,15,0
48,29,0
24,48,0
22,21,0
39,8,0
34,6,0
25,50,0
26,12,0
39,26,0
16,8,0
9,10,0
41,19,0
1,30,0
18,29,0
12,17,0
35,47,0
40,42,0
25,12,0
41,30,0
20,14,0
15,23,0
35,37,0
19,44,0
34,40,0
18,5,0
18,37,0
33,47,0
35,7,0
20,39,0
26,27,0
43,34,0
24,10,0
24,10,0
6,40,0
41,33,0
42,42,0
17,40,0
37,4,0
11,16,0
16,26,0
34,20,0
10,32,0
14,12,0
24,32,0
4,14,0
28,9,0
16,43,0
32,29,0
15,45,0
12,42,0
40,43,0
31,12,0
28,6,0
45,15,0
42,25,0
49,18,0
34,44,0
27,46,0
33,5,0
20,5,0
27,35,0
17,5,0
27,14,0
29,46,0
18,30,0
34,9,0
48,28,0
42,14,0
5,32,0
25,34,0
33,15,0
48,32,0
34,6,0
34,32,0
38,37,0
20,2,0
43,24,0
4,25,0
37,43,0
23,37,0
22,46,0
31,17,0
35,30,0
24,38,0
32,28,0
8,17,0
23,48,0
31,27,0
8,11,0
23,16,0
14,23,0
26,6,0
14,42,0
37,12,0
5,35,0
13,11,0
29,30,0
11,20,0
3,17,0
32,31,0
28,25,0
12,33,0
12,38,0
45,18,0
15,40,0
37,21,0
18,21,0
10,12,0
24,49,0
32,2,0
16,3,0
14,11,0
34,21,0
17,6,0
14,43,0
10,42,0
4,15,0
9,12,0
2,17,0
24,5,0
16,26,0
4,36,0
7,20,0
44,35,0
34,16,0
24,4,0
15,14,0
28,19,0
7,23,0
42,24,0
12,33,0
17,13,0
24,13,0
3,26,0
31,47,0
19,6,0
45,14,0
21,44,0
30,39,0
33,40,0
16,36,0
3,14,0
9,16,0
29,22,0
18,24,0
17,33,0
10,33,0
33,6,0
49,19,0
49,28,0
38,6,0
26,8,0
36,15,0
32,38,0
16,32,0
36,27,0
26,33,0
44,34,0
29,25,0
43,26,0
32,3,0
45,16,0
14,34,0
21,41,0
31,20,0
33,37,0
49,20,0
29,37,0
31,42,0
38,29,0
39,5,0
39,43,0
26,14,0
14,47,0
33,6,0
6,37,0
13,34,0
15,6,0
15,47,0
28,45,0
38,26,0
24,29,0
44,22,0
45,16,0
46,25,0
45,26,0
17,29,0
3,21,0
16,35,0
5,15,0
3,23,0
28,30,0
28,47,0
39,16,0
39,38,0
5,23,0
22,9,0
41,27,0
8,16,0
14,16,0
37,31,0
33,11,0
12,43,0
32,23,0
28,33,0
21,9,0
43,10,0
18,19,0
22,1,0
44,14,0
23,47,0
36,14,0
5,24,0
43,28,0
22,41,0
7,29,0
31,22,0
20,38,0
47,29,0
12,40,0
20,9,0
41,44,0
22,7,0
7,12,0
4,17,0
15,42,0
2,33,0
28,14,0
35,10,0
42,7,0
10,38,0
8,14,0
14,29,0
24,29,0
45,13,0
45,24,0
4,15,0
13,30,0
13,41,0
15,44,0
26,2,0
33,21,0
36,11,0
28,46,0
36,19,0
36,16,0
8,27,0
31,21,0
40,30,0
24,40,0
18,18,0
21,1,0
27,26,0
16,30,0
33,43,0
14,17,0
17,20,0
8,41,0
46,25,0
34,27,0
42,33,0
12,10,0
8,22,0
19,5,0
31,11,0
41,10,0
40,20,0
34,17,0
19,25,0
21,4,0
36,14,0
44,23,0
33,32,0
16,24,0
22,45,0
36,41,0
16,20,0
10,27,0
26,48,0
7,37,0
9,18,0
18,11,0
19,22,0
25,18,0
17,6,0
44,15,0
26,18,0
16,47,0
32,15,0
23,24,0
16,15,0
23,36,0
21,9,0
17,15,0
46,27,0
42,29,0
28,36,0
12,37,0
14,32,0
22,2,0
11,41,0
44,16,0
31,24,0
20,20,0
15,16,0
48,25,0
28,3,0
24,15,0
42,17,0
27,39,0
15,3,0
19,10,0
44,26,0
27,46,0
32,43,0
24,16,0
24,35,0
26,22,0
22,46,0
36,22,0
42,27,0
15,8,0
44,39,0
43,17,0
27,37,0
9,35,0
34,24,0
27,21,0
38,30,0
34,35,0
34,48,0
9,9,0
20,11,0
18,46,0
22,42,0
25,0,0
23,5,0
6,31,0
16,8,0
36,3,0
145,35,1
136,4,1
124,15,1
150,7,1
138,11,1
160,27,1
129,9,1
138,18,1
151,41,1
159,9,1
131,35,1
130,14,1
142,42,1
131,8,1
162,34,1
134,16,1
150,37,1
141,11,1
138,39,1
137,33,1
122,18,1
142,24,1
137,8,1
129,6,1
135,30,1
148,10,1
135,10,1
154,48,1
158,41,1
134,22,1
147,18,1
126,18,1
133,16,1
152,42,1
141,21,1
137,18,1
147,6,1
141,13,1
157,36,1
136,5,1
124,25,1
143,20,1
164,38,1
144,22,1
154,15,1
134,6,1
143,15,1
144,23,1
148,15,1
161,38,1
152,24,1
156,43,1
156,26,1
155,16,1
149,34,1
164,29,1
129,27,1
129,36,1
165,29,1
144,33,1
155,8,1
168,32,1
132,24,1
147,33,1
138,15,1
135,46,1
129,15,1
152,6,1
160,31,1
128,23,1
152,2,1
163,9,1
146,22,1
134,25,1
144,44,1
141,32,1
163,15,1
125,20,1
138,3,1
128,19,1
136,3,1
159,13,1
137,47,1
159,7,1
146,42,1
142,7,1
168,34,1
149,25,1
163,42,1
125,17,1
149,5,1
125,35,1
148,15,1
130,10,1
166,14,1
144,41,1
141,24,1
161,36,1
159,9,1
165,35,1
129,15,1
156,17,1
154,21,1
134,4,1
147,41,1
153,35,1
165,39,1
133,15,1
159,18,1
154,19,1
156,35,1
163,22,1
151,27,1
154,19,1
156,27,1
130,8,1
131,17,1
142,49,1
138,19,1
143,19,1
135,3,1
160,36,1
121,18,1
159,27,1
168,32,1
149,20,1
168,29,1
143,42,1
153,30,1
141,7,1
122,32,1
156,10,1
144,17,1
158,12,1
162,9,1
145,26,1
137,26,1
159,42,1
143,44,1
158,6,1
133,9,1
132,30,1
152,49,1
128,19,1
144,13,1
154,19,1
126,9,1
128,12,1
146,37,1
147,41,1
156,23,1
125,40,1
165,35,1
144,14,1
168,16,1
128,27,1
141,49,1
146,10,1
132,42,1
140,10,1
154,15,1
166,26,1
158,11,1
129,21,1
126,25,1
151,41,1
134,29,1
122,25,1
155,36,1
151,47,1
164,16,1
129,8,1
160,19,1
125,14,1
156,44,1
140,4,1
156,10,1
139,33,1
142,19,1
168,31,1
146,1,1
132,23,1
150,12,1
129,31,1
137,16,1
164,24,1
150,35,1
131,8,1
145,17,1
126,27,1
145,25,1
129,31,1
153,9,1
125,33,1
159,17,1
160,35,1
143,41,1
158,16,1
153,7,1
159,7,1
139,17,1
141,49,1
147,44,1
151,20,1
165,34,1
166,27,1
133,27,1
140,21,1
137,15,1
145,48,1
138,35,1
136,30,1
162,7,1
137,38,1
160,31,1
150,46,1
125,28,1
134,17,1
154,32,1
167,26,1
150,1,1
131,13,1
145,44,1
149,6,1
126,29,1
135,26,1
128,16,1
139,13,1
162,21,1
159,37,1
138,3,1
148,31,1
141,34,1
143,37,1
155,13,1
149,25,1
150,14,1
139,4,1
134,8,1
130,43,1
133,5,1
131,22,1
122,33,1
137,22,1
161,10,1
135,6,1
145,41,1
134,32,1
126,23,1
139,22,1
163,33,1
150,38,1
131,22,1
130,5,1
138,19,1
144,17,1
122,22,1
165,28,1
132,25,1
127,10,1
122,34,1
165,30,1
136,15,1
152,41,1
149,25,1
137,19,1
140,25,1
138,26,1
140,21,1
133,13,1
146,19,1
161,44,1
146,34,1
167,31,1
121,24,1
142,33,1
122,29,1
126,18,1
124,35,1
166,14,1
129,19,1
149,32,1
129,36,1
150,29,1
167,33,1
164,32,1
123,24,1
137,9,1
153,28,1
147,24,1
144,14,1
140,23,1
138,38,1
124,37,1
165,40,1
145,39,1
150,36,1
152,20,1
155,12,1
163,40,1
141,13,1
133,30,1
137,18,1
144,14,1
167,19,1
153,16,1
145,7,1
152,4,1
168,24,1
125,20,1
129,14,1
135,35,1
125,11,1
133,22,1
155,17,1
140,40,1
147,38,1
143,46,1
128,7,1
157,43,1
139,36,1
146,31,1
141,11,1
154,38,1
151,1,1
139,47,1
151,41,1
154,41,1
126,32,1
154,31,1
153,36,1
153,39,1
152,5,1
127,28,1
160,16,1
164,25,1
129,9,1
128,24,1
135,15,1
131,29,1
141,29,1
154,16,1
138,20,1
130,17,1
167,26,1
133,34,1
145,42,1
163,29,1
136,17,1
126,29,1
129,9,1
122,33,1
152,23,1
144,26,1
151,38,1
146,46,1
133,36,1
162,11,1
163,42,1
151,32,1
159,11,1
131,6,1
168,24,1
156,41,1
139,44,1
161,19,1
146,10,1
161,33,1
157,44,1
150,13,1
130,33,1
139,23,1
142,7,1
157,31,1
150,26,1
130,26,1
146,37,1
161,33,1
132,44,1
161,15,1
132,25,1
156,24,1
143,40,1
144,23,1
146,13,1
137,10,1
162,30,1
133,29,1
164,21,1
161,20,1
145,5,1
147,6,1
154,35,1
166,25,1
154,36,1
147,5,1
150,15,1
124,22,1
148,46,1
134,38,1
153,30,1
133,45,1
153,48,1
149,33,1
132,32,1
155,34,1
138,2,1
138,30,1
148,49,1
128,17,1
138,16,1
128,19,1
130,21,1
164,18,1
158,39,1
153,23,1
149,14,1
152,33,1
132,15,1
141,24,1
141,30,1
136,33,1
157,18,1
165,31,1
138,44,1
124,38,1
135,37,1
123,26,1
163,34,1
151,12,1
145,24,1
167,36,1
156,19,1
151,28,1
164,22,1
137,45,1
157,12,1
135,45,1
139,36,1
132,32,1
167,23,1
141,23,1
134,23,1
152,18,1
130,21,1
147,37,1
139,29,1
125,12,1
154,24,1
169,19,1
143,9,1
165,31,1
145,3,1
133,10,1
158,29,1
150,44,1
158,42,1
144,7,1
138,27,1
147,11,1
157,44,1
131,17,1
156,19,1
153,21,1
169,26,1
153,5,1
141,18,1
138,7,1
121,31,1
137,20,1
134,31,1
161,21,1
125,15,1
146,44,1
136,42,1
156,22,1
163,10,1
146,14,1
150,37,1
157,7,1
150,9,1
142,8,1
159,37,1
153,25,1
137,3,1
149,36,1
130,16,1
160,29,1
141,49,1
144,27,1
162,34,1
169,25,1
155,17,1
139,29,1
155,11,1
158,17,1
136,15,1
131,20,1
149,40,1
167,27,1
