36,47,0
49,26,0
36,47,0
27,12,0
14,31,0
22,45,0
47,23,0
47,23,0
17,5,0
38,12,0
20,2,0
18,35,0
41,42,0
20,18,0
2,33,0
38,33,0
11,13,0
49,28,0
19,15,0
20,32,0
25,28,0
11,26,0
39,45,0
15,28,0
2,24,0
41,18,0
26,40,0
47,20,0
18,31,0
3,22,0
40,34,0
25,32,0
30,22,0
46,34,0
20,12,0
36,24,0
30,48,0
32,38,0
8,39,0
34,23,0
37,41,0
10,38,0
8,23,0
45,18,0
26,26,0
25,17,0
32,32,0
46,35,0
35,19,0
40,13,0
5,26,0
28,44,0
1,30,0
23,22,0
11,18,0
40,37,0
15,37,0
43,24,0
25,3,0
30,19,0
37,31,0
5,24,0
40,14,0
5,31,0
18,45,0
34,8,0
14,40,0
12,44,0
29,4,0
19,27,0
15,34,0
24,22,0
33,14,0
17,27,0
28,46,0
37,39,0
15,19,0
12,26,0
42,20,0
49,28,0
9,22,0
28,40,0
49,23,0
15,3,0
35,39,0
38,5,0
8,39,0
32,20,0
39,6,0
28,20,0
34,13,0
28,47,0
15,28,0
22,49,0
21,31,0
42,38,0
28,30,0
37,36,0
13,30,0
25,33,0
18,47,0
11,35,0
32,46,0
43,12,0
14,38,0
42,29,0
11,37,0
36,17,0
33,31,0
45,37,0
40,12,0
22,34,0
22,20,0
29,4,0
40,22,0
34,25,0
26,14,0
42,25,0
23,12,0
18,39,0
32,45,0
25,35,0
17,5,0
14,11,0
16,14,0
40,35,0
28,22,0
25,11,0
17,45,0
49,24,0
3,23,0
9,31,0
17,6,0
42,25,0
33,25,0
42,19,0
47,25,0
14,10,0
30,9,0
25,33,0
46,17,0
20,40,0
25,49,0
4,27,0
30,39,0
25,48,0
31,6,0
41,34,0
10,14,0
34,15,0
49,20,0
28,19,0
28,23,0
46,19,0
19,33,0
16,13,0
18,19,0
23,24,0
42,40,0
43,31,0
45,36,0
43,41,0
31,44,0
24,13,0
36,7,0
35,32,0
38,31,0
20,7,0
31,42,0
34,12,0
26,48,0
12,12,0
30,45,0
20,35,0
5,29,0
18,9,0
2,19,0
3,15,0
32,10,0
14,36,0
36,35,0
37,6,0
19,24,0
35,42,0
28,19,0
32,6,0
21,4,0
5,33,0
9,21,0
13,19,0
18,20,0
6,24,0
6,21,0
35,18,0
19,45,0
44,36,0
12,31,0
15,29,0
13,15,0
4,37,0
29,25,0
26,26,0
47,30,0
24,5,0
26,4,0
21,5,0
45,10,0
22,20,0
5,24,0
34,12,0
9,29,0
20,40,0
21,25,0
17,44,0
38,38,0
12,11,0
24,31,0
18,10,0
24,34,0
16,4,0
40,11,0
5,10,0
33,41,0
3,22,0
36,47,0
28,31,0
16,41,0
43,11,0
37,24,0
29,27,0
37,30,0
49,23,0
46,33,0
11,43,0
43,36,0
35,12,0
5,17,0
14,46,0
15,21,0
4,19,0
3,14,0
31,18,0
29,24,0
8,10,0
13,15,0
37,20,0
12,41,0
33,45,0
12,4,0
35,5,0
4,13,0
12,45,0
29,25,0
36,5,0
2,33,0
23,2,0
11,40,0
34,14,0
28,22,0
20,18,0
23,3,0
36,20,0
46,22,0
12,5,0
28,29,0
48,18,0
18,9,0
30,7,0
48,25,0
19,3,0
23,25,0
28,48,0
39,21,0
30,44,0
41,33,0
8,29,0
44,12,0
39,20,0
16,22,0
32,18,0
44,10,0
10,37,0
16,20,0
12,29,0
31,49,0
24,24,0
3,28,0
21,28,0
13,29,0
25,35,0
38,23,0
39,35,0
35,13,0
29,25,0
42,25,0
44,32,0
8,22,0
8,39,0
40,23,0
9,26,0
27,34,0
33,38,0
26,9,0
35,9,0
18,19,0
7,20,0
24,24,0
8,15,0
18,14,0
24,14,0
8,21,0
30,37,0
36,24,0
38,35,0
23,20,0
22,1,0
38,42,0
20,38,0
37,29,0
38,31,0
8,14,0
12,7,0
43,32,0
21,22,0
12,14,0
37,27,0
30,38,0
41,24,0
44,37,0
42,35,0
44,24,0
28,10,0
26,34,0
10,11,0
8,41,0
5,24,0
15,39,0
22,7,0
35,25,0
23,9,0
34,30,0
46,30,0
37,26,0
24,25,0
48,29,0
36,39,0
28,19,0
37,32,0
14,6,0
36,42,0
8,36,0
32,6,0
27,39,0
14,45,0
25,2,0
14,47,0
28,37,0
45,34,0
11,20,0
7,10,0
45,18,0
29,41,0
24,29,0
32,22,0
3,25,0
19,37,0
28,33,0
21,48,0
22,33,0
27,7,0
11,38,0
16,14,0
19,49,0
40,33,0
37,35,0
36,5,0
16,21,0
22,17,0
22,40,0
49,29,0
27,11,0
22,7,0
31,23,0
35,27,0
38,19,0
38,11,0
20,43,0
12,10,0
22,8,0
35,27,0
22,41,0
23,46,0
44,27,0
13,31,0
18,43,0
36,23,0
38,45,0
3,21,0
24,1,0
46,21,0
29,42,0
12,9,0
28,4,0
23,31,0
27,14,0
33,17,0
17,3,0
23,20,0
28,20,0
27,7,0
7,9,0
25,37,0
30,41,0
42,11,0
33,14,0
8,32,0
33,14,0
19,36,0
31,41,0
7,35,0
22,42,0
16,2,0
44,27,0
22,17,0
29,18,0
14,9,0
36,44,0
35,28,0
25,50,0
25,3,0
32,17,0
25,44,0
38,6,0
22,12,0
35,18,0
17,11,0
35,5,0
9,16,0
43,16,0
14,7,0
32,35,0
26,35,0
11,27,0
7,29,0
35,30,0
18,25,0
29,11,0
5,23,0
11,7,0
25,45,0
21,21,0
35,12,0
15,18,0
37,30,0
44,15,0
34,22,0
11,12,0
6,16,0
42,37,0
5,25,0
25,29,0
39,37,0
5,23,0
44,33,0
5,27,0
42,42,0
30,46,0
8,25,0
40,18,0
40,25,0
40,28,0
7,40,0
1,29,0
4,27,0
29,5,0
21,19,0
27,19,0
41,10,0
48,23,0
42,20,0
40,36,0
27,32,0
38,4,0
34,12,0
33,11,0
13,20,0
16,44,0
23,4,0
33,27,0
18,40,0
28,34,0
3,20,0
26,4,0
37,14,0
17,29,0
28,44,0
19,20,0
11,22,0
31,46,0
40,16,0
155,14,1
146,31,1
131,19,1
142,10,1
155,36,1
128,18,1
157,30,1
148,22,1
128,44,1
143,47,1
136,16,1
146,15,1
124,25,1
137,40,1
135,3,1
139,6,1
149,43,1
128,26,1
135,0,1
123,6,1
156,26,1
124,36,1
123,25,1
134,28,1
114,13,1
148,37,1
138,30,1
121,38,1
123,21,1
144,17,1
152,19,1
123,29,1
121,40,1
129,17,1
148,40,1
116,15,1
111,25,1
151,26,1
142,23,1
151,21,1
155,22,1
130,20,1
121,28,1
120,20,1
152,33,1
151,32,1
124,17,1
116,10,1
115,23,1
128,18,1
127,14,1
133,23,1
134,26,1
132,5,1
126,25,1
129,40,1
137,46,1
130,36,1
112,25,1
123,14,1
143,16,1
150,10,1
143,10,1
117,13,1
142,22,1
121,26,1
115,20,1
154,24,1
140,39,1
113,15,1
135,37,1
139,43,1
136,22,1
123,41,1
131,7,1
123,5,1
154,20,1
118,33,1
136,20,1
149,21,1
139,47,1
133,5,1
131,4,1
143,19,1
134,36,1
129,22,1
123,29,1
132,12,1
148,27,1
140,1,1
127,17,1
122,32,1
140,47,1
156,33,1
140,12,1
150,36,1
112,20,1
112,23,1
130,47,1
118,9,1
150,24,1
143,21,1
155,18,1
134,38,1
133,45,1
152,20,1
136,30,1
138,1,1
127,17,1
127,21,1
125,11,1
136,37,1
142,10,1
145,5,1
137,30,1
133,38,1
117,12,1
128,19,1
149,14,1
130,10,1
122,9,1
139,18,1
135,19,1
134,11,1
152,28,1
153,34,1
125,43,1
127,15,1
127,9,1
138,43,1
130,11,1
126,22,1
155,28,1
146,25,1
150,37,1
138,35,1
146,40,1
136,12,1
119,8,1
156,38,1
117,39,1
126,17,1
150,38,1
115,18,1
127,28,1
115,22,1
145,17,1
159,29,1
127,22,1
159,18,1
119,18,1
136,27,1
126,46,1
118,11,1
157,21,1
142,8,1
150,19,1
141,31,1
133,10,1
119,6,1
134,42,1
138,44,1
132,15,1
145,43,1
157,36,1
133,25,1
130,48,1
155,38,1
149,28,1
146,3,1
128,27,1
137,19,1
141,11,1
134,40,1
129,38,1
128,16,1
140,39,1
136,13,1
143,15,1
131,6,1
126,4,1
132,20,1
140,13,1
151,38,1
120,40,1
127,33,1
129,10,1
112,24,1
130,15,1
111,31,1
119,20,1
120,8,1
144,18,1
146,4,1
119,6,1
115,22,1
141,1,1
149,41,1
125,40,1
138,25,1
129,2,1
126,23,1
156,16,1
150,5,1
119,7,1
155,31,1
136,39,1
128,24,1
128,38,1
132,8,1
112,27,1
131,8,1
135,21,1
121,8,1
118,29,1
129,34,1
128,26,1
144,31,1
144,35,1
132,39,1
124,29,1
116,31,1
148,8,1
156,19,1
158,25,1
145,35,1
149,42,1
143,20,1
158,31,1
156,38,1
119,22,1
125,36,1
159,26,1
150,39,1
152,28,1
134,25,1
117,41,1
150,34,1
126,35,1
146,23,1
153,11,1
134,31,1
150,41,1
122,8,1
141,2,1
134,13,1
143,4,1
123,45,1
135,50,1
139,37,1
144,47,1
112,22,1
127,28,1
127,25,1
132,34,1
113,36,1
119,8,1
122,34,1
123,34,1
131,2,1
121,21,1
142,42,1
116,27,1
154,37,1
145,12,1
120,15,1
142,28,1
138,21,1
112,18,1
126,18,1
130,4,1
129,12,1
128,41,1
159,21,1
118,18,1
158,34,1
134,11,1
153,32,1
138,10,1
139,13,1
139,26,1
149,40,1
122,5,1
145,18,1
123,30,1
142,9,1
135,37,1
140,30,1
147,38,1
111,25,1
129,42,1
141,39,1
152,12,1
141,26,1
155,33,1
125,30,1
145,19,1
157,31,1
141,5,1
132,14,1
137,36,1
138,39,1
156,25,1
139,37,1
144,32,1
139,3,1
138,37,1
139,48,1
153,40,1
143,31,1
153,33,1
121,6,1
134,38,1
152,26,1
131,23,1
147,36,1
124,7,1
147,10,1
131,7,1
116,33,1
130,26,1
125,8,1
124,39,1
140,27,1
155,13,1
128,23,1
147,34,1
118,11,1
134,40,1
142,45,1
144,28,1
137,21,1
120,5,1
140,24,1
131,34,1
115,36,1
118,8,1
121,29,1
151,32,1
121,42,1
139,18,1
126,47,1
155,14,1
146,17,1
154,31,1
118,42,1
137,43,1
148,46,1
119,12,1
138,26,1
154,26,1
114,25,1
139,45,1
132,48,1
126,21,1
122,26,1
122,35,1
136,3,1
126,19,1
122,6,1
120,6,1
150,26,1
155,35,1
130,13,1
130,38,1
127,11,1
136,37,1
126,38,1
132,25,1
129,14,1
117,29,1
139,15,1
159,27,1
133,1,1
128,19,1
128,8,1
129,47,1
126,48,1
138,13,1
136,29,1
132,8,1
114,36,1
138,39,1
114,14,1
152,35,1
133,26,1
151,27,1
122,34,1
127,28,1
151,28,1
128,5,1
158,28,1
145,12,1
138,47,1
152,30,1
130,6,1
127,47,1
130,13,1
134,34,1
120,35,1
140,10,1
132,48,1
128,4,1
121,37,1
121,16,1
114,15,1
121,36,1
136,1,1
127,43,1
129,40,1
139,44,1
135,44,1
117,42,1
111,26,1
146,25,1
122,12,1
146,15,1
136,11,1
123,7,1
123,7,1
110,25,1
138,9,1
119,37,1
138,24,1
132,23,1
153,16,1
128,48,1
123,18,1
152,7,1
116,39,1
151,23,1
155,14,1
137,31,1
143,16,1
123,27,1
157,25,1
130,6,1
156,27,1
154,30,1
158,26,1
124,12,1
151,36,1
158,34,1
138,38,1
149,8,1
151,38,1
146,8,1
133,23,1
132,10,1
148,20,1
148,45,1
129,24,1
115,32,1
149,5,1
128,38,1
122,30,1
148,26,1
125,20,1
134,39,1
151,40,1
140,48,1
132,6,1
128,46,1
130,16,1
128,6,1
148,21,1
132,13,1
130,30,1
142,43,1
146,34,1
142,48,1
123,4,1
138,36,1
111,26,1
133,5,1
132,6,1
116,15,1
156,31,1
125,23,1
116,30,1
132,42,1
153,31,1
142,30,1
150,34,1
141,1,1
132,26,1
132,2,1
131,19,1
158,18,1
147,34,1
133,2,1
131,44,1
123,40,1
128,35,1
152,8,1
144,30,1
124,21,1
115,34,1
139,2,1
145,20,1
