37,39,0
15,24,0
13,32,0
26,44,0
24,13,0
38,15,0
34,48,0
5,18,0
44,33,0
16,3,0
35,44,0
14,47,0
15,11,0
10,36,0
40,22,0
22,23,0
37,42,0
48,25,0
13,37,0
23,37,0
16,26,0
37,27,0
22,46,0
45,15,0
23,27,0
26,36,0
19,42,0
29,14,0
33,7,0
12,11,0
38,33,0
14,12,0
14,44,0
47,31,0
21,42,0
22,20,0
2,34,0
37,41,0
45,18,0
19,10,0
8,30,0
47,32,0
11,12,0
13,6,0
5,27,0
17,12,0
25,19,0
24,44,0
38,26,0
22,18,0
28,9,0
17,32,0
41,44,0
7,23,0
45,13,0
42,27,0
38,8,0
3,17,0
35,8,0
29,19,0
47,20,0
46,16,0
33,8,0
42,37,0
14,34,0
23,41,0
16,38,0
42,42,0
45,11,0
17,26,0
10,22,0
15,45,0
35,31,0
47,14,0
13,42,0
49,18,0
5,19,0
38,17,0
18,43,0
19,15,0
42,8,0
15,13,0
14,12,0
25,36,0
42,13,0
34,37,0
35,32,0
17,46,0
40,34,0
19,26,0
26,48,0
32,3,0
12,22,0
38,7,0
33,22,0
27,23,0
49,31,0
15,43,0
25,45,0
21,4,0
14,43,0
27,48,0
22,27,0
5,16,0
12,10,0
32,49,0
40,42,0
7,24,0
11,23,0
35,31,0
8,36,0
11,36,0
10,13,0
39,6,0
36,41,0
21,2,0
34,8,0
24,29,0
17,27,0
36,6,0
4,31,0
13,35,0
5,28,0
18,15,0
49,27,0
30,16,0
46,29,0
16,45,0
31,37,0
6,28,0
19,42,0
13,9,0
37,42,0
23,47,0
29,45,0
41,26,0
18,2,0
29,27,0
8,7,0
43,15,0
11,6,0
34,21,0
26,39,0
47,17,0
15,43,0
27,47,0
30,11,0
16,38,0
44,17,0
16,6,0
25,20,0
45,17,0
23,31,0
11,16,0
15,15,0
47,28,0
16,2,0
36,13,0
31,8,0
6,36,0
22,3,0
10,23,0
47,26,0
17,42,0
30,34,0
40,27,0
14,44,0
42,19,0
49,18,0
18,13,0
23,31,0
33,36,0
4,36,0
24,9,0
6,22,0
44,16,0
47,22,0
24,16,0
19,41,0
7,42,0
48,20,0
10,28,0
29,8,0
12,12,0
20,26,0
22,10,0
7,24,0
21,1,0
22,36,0
8,28,0
8,22,0
19,1,0
40,14,0
19,13,0
19,30,0
42,31,0
39,8,0
31,36,0
24,14,0
33,31,0
41,16,0
20,15,0
32,43,0
14,40,0
32,38,0
11,31,0
35,29,0
15,32,0
46,14,0
14,19,0
37,16,0
13,39,0
25,7,0
9,34,0
43,15,0
21,29,0
34,4,0
10,14,0
39,32,0
33,36,0
11,5,0
40,25,0
22,19,0
25,31,0
34,24,0
25,23,0
18,48,0
4,18,0
29,37,0
23,28,0
34,40,0
1,32,0
26,46,0
44,28,0
29,37,0
33,9,0
16,23,0
31,30,0
20,37,0
5,38,0
32,10,0
21,36,0
37,20,0
6,25,0
31,22,0
18,19,0
44,19,0
31,2,0
21,43,0
42,10,0
41,11,0
35,36,0
6,13,0
23,21,0
11,13,0
17,31,0
11,37,0
36,9,0
18,17,0
44,39,0
25,26,0
38,4,0
26,7,0
15,16,0
41,11,0
29,36,0
37,37,0
43,19,0
30,17,0
27,39,0
20,34,0
33,34,0
20,18,0
26,11,0
20,6,0
38,16,0
35,22,0
1,25,0
11,31,0
7,29,0
46,15,0
6,29,0
34,48,0
23,28,0
3,17,0
8,27,0
25,8,0
25,6,0
42,27,0
18,37,0
41,37,0
15,38,0
16,24,0
34,48,0
25,49,0
48,32,0
46,17,0
27,47,0
27,17,0
50,25,0
40,23,0
37,40,0
28,29,0
33,47,0
8,11,0
46,20,0
29,5,0
25,41,0
46,23,0
8,43,0
29,6,0
34,37,0
14,13,0
19,24,0
22,36,0
34,23,0
23,24,0
31,40,0
8,21,0
14,4,0
28,23,0
43,31,0
40,37,0
31,42,0
41,33,0
26,45,0
39,39,0
21,26,0
36,13,0
33,14,0
36,28,0
46,20,0
21,16,0
23,5,0
38,4,0
8,11,0
25,24,0
28,7,0
19,47,0
6,18,0
10,15,0
32,44,0
14,16,0
31,11,0
33,40,0
22,15,0
9,8,0
8,26,0
29,48,0
24,45,0
40,40,0
43,26,0
30,20,0
46,34,0
39,42,0
38,44,0
32,17,0
38,36,0
7,21,0
37,11,0
26,43,0
49,32,0
21,12,0
16,26,0
24,15,0
24,29,0
41,38,0
33,34,0
2,26,0
8,35,0
16,28,0
1,31,0
31,27,0
32,43,0
37,29,0
27,41,0
45,28,0
5,22,0
33,36,0
12,43,0
16,17,0
32,44,0
23,45,0
34,23,0
2,25,0
18,16,0
6,25,0
43,19,0
18,13,0
34,41,0
12,29,0
33,29,0
28,8,0
40,5,0
27,11,0
31,12,0
9,17,0
2,16,0
46,33,0
11,44,0
30,7,0
7,12,0
38,10,0
17,11,0
37,31,0
18,49,0
34,11,0
22,28,0
32,28,0
7,34,0
38,14,0
28,40,0
8,11,0
42,40,0
24,3,0
22,26,0
36,36,0
18,14,0
33,41,0
25,46,0
33,24,0
15,25,0
34,48,0
23,16,0
48,20,0
40,12,0
4,16,0
26,49,0
19,47,0
1,23,0
28,9,0
30,17,0
24,32,0
33,5,0
7,31,0
25,13,0
49,22,0
22,7,0
7,24,0
41,31,0
22,39,0
17,18,0
21,4,0
32,28,0
13,17,0
16,45,0
8,35,0
32,2,0
15,33,0
31,17,0
21,4,0
15,13,0
27,2,0
14,23,0
23,33,0
2,26,0
32,41,0
10,38,0
28,8,0
19,25,0
24,35,0
3,29,0
41,29,0
22,26,0
45,11,0
20,3,0
35,37,0
21,22,0
40,5,0
29,15,0
46,30,0
38,6,0
21,10,0
38,34,0
17,11,0
9,40,0
26,9,0
45,35,0
11,36,0
3,27,0
13,33,0
41,19,0
22,22,0
26,6,0
27,36,0
43,41,0
41,9,0
17,9,0
4,22,0
45,12,0
42,36,0
27,31,0
44,25,0
19,31,0
38,30,0
26,12,0
25,27,0
18,39,0
39,29,0
22,22,0
142,33,1
119,6,1
122,25,1
127,41,1
104,25,1
107,11,1
138,37,1
113,35,1
131,16,1
113,41,1
131,11,1
109,10,1
128,15,1
140,17,1
113,32,1
118,9,1
141,32,1
145,16,1
148,17,1
139,39,1
114,41,1
119,29,1
107,33,1
130,13,1
145,17,1
122,47,1
141,33,1
130,20,1
120,25,1
115,10,1
125,9,1
106,41,1
128,29,1
118,22,1
111,21,1
126,14,1
140,10,1
137,37,1
107,38,1
136,20,1
122,4,1
118,34,1
106,14,1
107,41,1
121,30,1
112,40,1
120,5,1
104,16,1
139,33,1
130,43,1
100,25,1
149,29,1
137,16,1
132,30,1
136,40,1
122,12,1
131,42,1
122,16,1
109,21,1
119,37,1
116,3,1
132,49,1
122,41,1
146,28,1
119,2,1
116,25,1
144,35,1
116,39,1
139,42,1
102,16,1
147,29,1
124,28,1
134,13,1
124,13,1
106,39,1
108,27,1
116,27,1
109,29,1
129,45,1
113,37,1
101,29,1
117,6,1
107,11,1
127,15,1
146,22,1
139,7,1
138,16,1
132,16,1
145,30,1
111,30,1
128,31,1
114,36,1
128,45,1
107,24,1
104,33,1
123,20,1
114,6,1
128,3,1
132,45,1
131,19,1
108,26,1
112,12,1
102,26,1
119,14,1
120,35,1
111,25,1
122,37,1
120,25,1
130,28,1
102,24,1
138,42,1
129,24,1
106,39,1
116,18,1
116,17,1
110,43,1
125,3,1
135,35,1
130,4,1
145,18,1
129,37,1
140,7,1
115,14,1
145,18,1
107,17,1
115,39,1
103,29,1
145,19,1
128,35,1
108,31,1
110,35,1
136,6,1
101,31,1
134,23,1
121,47,1
138,30,1
110,22,1
128,18,1
121,41,1
149,30,1
121,37,1
132,45,1
131,43,1
123,15,1
121,34,1
142,22,1
121,42,1
131,49,1
131,21,1
115,37,1
138,22,1
116,6,1
113,46,1
117,25,1
123,36,1
136,36,1
102,17,1
134,26,1
136,39,1
103,35,1
114,26,1
124,46,1
101,25,1
108,12,1
126,18,1
135,27,1
111,22,1
112,33,1
109,19,1
116,38,1
135,3,1
140,23,1
130,7,1
126,36,1
107,38,1
113,23,1
133,37,1
124,23,1
131,5,1
125,19,1
101,24,1
122,6,1
144,19,1
132,11,1
125,18,1
141,9,1
113,18,1
121,15,1
111,7,1
116,36,1
139,37,1
112,28,1
129,29,1
134,35,1
142,27,1
118,27,1
107,32,1
119,9,1
124,22,1
133,15,1
139,40,1
130,36,1
122,38,1
124,14,1
145,32,1
101,32,1
135,32,1
137,15,1
114,12,1
140,41,1
117,24,1
116,40,1
136,26,1
145,22,1
140,45,1
122,29,1
118,13,1
103,14,1
126,41,1
118,33,1
101,29,1
103,14,1
118,23,1
127,31,1
123,9,1
126,44,1
107,29,1
101,28,1
136,46,1
139,36,1
121,17,1
146,35,1
110,16,1
109,6,1
149,21,1
121,5,1
148,22,1
141,7,1
101,22,1
140,44,1
124,47,1
109,40,1
143,41,1
107,35,1
144,31,1
143,21,1
128,8,1
101,32,1
107,42,1
146,32,1
128,10,1
120,4,1
120,9,1
121,18,1
115,11,1
140,28,1
116,29,1
141,19,1
146,30,1
104,22,1
109,30,1
118,20,1
114,22,1
127,11,1
145,32,1
126,43,1
110,16,1
141,34,1
121,38,1
126,19,1
105,40,1
144,17,1
117,14,1
136,41,1
101,32,1
143,29,1
111,11,1
125,4,1
132,31,1
106,22,1
132,5,1
116,8,1
119,5,1
129,16,1
141,35,1
124,3,1
114,5,1
131,5,1
112,31,1
129,18,1
112,36,1
115,16,1
131,22,1
128,35,1
121,12,1
103,35,1
104,31,1
109,22,1
145,15,1
118,2,1
114,8,1
136,8,1
116,38,1
148,29,1
115,28,1
128,33,1
111,14,1
120,48,1
124,29,1
110,14,1
119,10,1
110,8,1
136,16,1
129,8,1
127,43,1
131,33,1
140,6,1
115,3,1
143,24,1
131,28,1
103,27,1
122,12,1
137,28,1
116,31,1
120,48,1
116,40,1
109,14,1
102,19,1
124,43,1
109,31,1
129,21,1
121,4,1
133,45,1
120,21,1
127,4,1
117,43,1
108,18,1
131,9,1
113,46,1
122,13,1
131,38,1
127,8,1
112,15,1
128,17,1
106,28,1
141,15,1
113,26,1
103,26,1
124,9,1
132,8,1
115,11,1
142,9,1
122,36,1
111,34,1
111,45,1
120,10,1
139,5,1
131,23,1
144,35,1
117,25,1
137,28,1
128,3,1
128,20,1
122,15,1
118,47,1
128,4,1
125,39,1
119,42,1
132,41,1
137,10,1
133,25,1
128,24,1
126,43,1
101,30,1
124,14,1
117,27,1
123,31,1
138,33,1
122,31,1
110,35,1
136,17,1
120,22,1
143,21,1
124,35,1
112,6,1
144,39,1
108,30,1
120,36,1
129,8,1
142,43,1
138,25,1
112,42,1
149,21,1
119,18,1
115,46,1
107,9,1
115,11,1
128,39,1
118,36,1
116,34,1
131,6,1
134,23,1
109,7,1
121,28,1
130,13,1
101,29,1
134,34,1
126,10,1
126,6,1
110,40,1
130,27,1
131,23,1
109,20,1
131,10,1
128,5,1
136,39,1
120,13,1
147,17,1
136,26,1
128,11,1
137,19,1
127,11,1
103,15,1
114,38,1
122,16,1
106,22,1
122,16,1
135,31,1
148,17,1
126,7,1
147,17,1
147,24,1
142,36,1
111,41,1
135,35,1
103,33,1
129,49,1
121,16,1
128,1,1
124,48,1
142,36,1
118,34,1
133,37,1
124,13,1
122,43,1
124,14,1
111,40,1
136,47,1
143,24,1
149,29,1
122,39,1
106,35,1
149,29,1
131,2,1
108,14,1
114,19,1
104,36,1
127,8,1
115,14,1
116,5,1
116,32,1
131,27,1
110,36,1
110,35,1
110,26,1
102,20,1
119,38,1
125,32,1
141,43,1
135,21,1
140,29,1
114,13,1
120,45,1
123,10,1
129,27,1
108,23,1
119,48,1
132,16,1
120,40,1
123,47,1
148,34,1
140,20,1
117,22,1
132,42,1
121,27,1
131,8,1
124,46,1
107,19,1
119,45,1
114,25,1
122,25,1
113,37,1
121,25,1
144,24,1
135,31,1
117,37,1
118,6,1
110,19,1
138,41,1
128,15,1
