29,34,0
12,20,0
34,13,0
33,39,0
19,5,0
33,20,0
19,14,0
39,7,0
41,42,0
16,13,0
49,21,0
31,37,0
16,34,0
48,29,0
36,15,0
24,29,0
38,13,0
31,43,0
37,27,0
15,13,0
44,19,0
29,37,0
33,5,0
44,30,0
26,23,0
6,11,0
24,40,0
25,2,0
26,20,0
29,11,0
10,20,0
20,9,0
5,22,0
25,30,0
13,33,0
37,24,0
37,39,0
44,20,0
29,10,0
44,17,0
32,33,0
30,44,0
42,36,0
16,45,0
7,27,0
13,46,0
13,38,0
21,30,0
9,6,0
10,19,0
41,31,0
28,2,0
28,16,0
41,26,0
40,40,0
32,36,0
35,20,0
30,7,0
25,42,0
37,43,0
37,41,0
20,42,0
9,29,0
13,24,0
15,26,0
23,34,0
20,23,0
24,44,0
8,22,0
31,48,0
23,18,0
28,20,0
18,31,0
21,15,0
46,28,0
13,16,0
9,30,0
42,9,0
30,37,0
18,7,0
26,6,0
35,19,0
37,31,0
20,45,0
45,29,0
48,27,0
26,47,0
34,21,0
17,20,0
8,15,0
39,21,0
37,31,0
44,9,0
37,32,0
8,9,0
23,38,0
38,35,0
34,38,0
24,39,0
22,30,0
9,15,0
23,31,0
29,30,0
48,25,0
28,44,0
31,28,0
37,12,0
17,3,0
18,13,0
31,31,0
28,23,0
19,37,0
15,44,0
37,39,0
4,38,0
36,5,0
17,2,0
48,23,0
30,21,0
26,35,0
28,21,0
29,49,0
24,2,0
16,20,0
39,18,0
38,27,0
15,5,0
40,36,0
38,17,0
29,44,0
11,28,0
9,40,0
32,25,0
5,26,0
39,39,0
33,5,0
10,41,0
5,24,0
16,14,0
20,28,0
17,41,0
38,11,0
26,16,0
25,35,0
41,18,0
7,29,0
27,33,0
4,32,0
21,42,0
2,30,0
20,10,0
10,42,0
18,23,0
21,44,0
14,27,0
27,6,0
23,44,0
33,46,0
10,9,0
46,24,0
12,21,0
29,46,0
49,31,0
42,35,0
27,23,0
27,10,0
27,40,0
16,41,0
22,37,0
36,47,0
8,24,0
7,19,0
15,35,0
47,28,0
48,33,0
8,28,0
22,24,0
32,15,0
44,29,0
31,13,0
18,39,0
10,6,0
13,10,0
24,49,0
5,33,0
26,40,0
18,43,0
35,18,0
32,20,0
22,36,0
36,26,0
28,19,0
18,29,0
30,22,0
27,1,0
39,14,0
18,7,0
41,7,0
13,28,0
47,24,0
44,32,0
43,31,0
25,37,0
32,5,0
19,32,0
16,3,0
29,31,0
33,9,0
22,28,0
41,32,0
33,39,0
22,34,0
49,28,0
12,9,0
35,35,0
4,22,0
18,40,0
42,13,0
22,49,0
22,17,0
38,5,0
24,5,0
19,18,0
38,28,0
22,29,0
12,36,0
31,20,0
33,44,0
22,33,0
12,25,0
12,45,0
33,26,0
21,26,0
34,27,0
4,30,0
44,20,0
33,4,0
10,43,0
15,21,0
43,12,0
2,17,0
22,41,0
2,29,0
7,23,0
9,28,0
35,16,0
41,24,0
10,20,0
25,6,0
36,23,0
8,30,0
34,47,0
42,25,0
20,11,0
12,32,0
26,36,0
35,44,0
32,41,0
17,9,0
28,37,0
44,34,0
38,44,0
36,42,0
29,7,0
20,15,0
23,15,0
17,39,0
8,41,0
20,49,0
24,26,0
34,26,0
8,7,0
12,39,0
33,4,0
47,16,0
45,30,0
40,6,0
21,28,0
19,35,0
38,29,0
29,10,0
4,29,0
7,25,0
18,25,0
13,26,0
15,43,0
25,25,0
22,1,0
7,24,0
7,22,0
44,12,0
36,29,0
11,16,0
35,17,0
10,34,0
37,12,0
6,10,0
33,36,0
32,49,0
23,32,0
5,20,0
6,10,0
38,22,0
43,18,0
15,42,0
2,24,0
12,12,0
16,18,0
38,11,0
17,43,0
46,28,0
19,14,0
47,26,0
31,6,0
33,20,0
41,13,0
22,30,0
36,10,0
18,44,0
20,36,0
24,2,0
28,18,0
43,41,0
25,14,0
36,24,0
44,36,0
41,23,0
5,36,0
23,44,0
16,15,0
4,14,0
20,46,0
25,21,0
45,17,0
33,12,0
12,28,0
25,40,0
32,35,0
15,43,0
33,46,0
34,11,0
36,25,0
22,15,0
11,37,0
40,34,0
39,22,0
25,44,0
17,30,0
27,41,0
24,2,0
22,35,0
36,5,0
11,41,0
29,20,0
33,21,0
20,19,0
12,28,0
18,29,0
37,28,0
12,32,0
40,12,0
23,45,0
36,31,0
17,46,0
21,13,0
37,21,0
26,2,0
18,21,0
6,40,0
14,34,0
28,14,0
35,11,0
29,14,0
6,13,0
11,42,0
21,47,0
3,30,0
17,48,0
46,21,0
4,13,0
28,2,0
20,45,0
35,18,0
22,28,0
35,30,0
22,10,0
15,27,0
14,12,0
24,4,0
18,41,0
44,28,0
35,32,0
16,32,0
6,12,0
3,21,0
18,28,0
1,25,0
48,23,0
2,17,0
7,20,0
21,48,0
45,30,0
12,15,0
22,1,0
15,16,0
47,36,0
11,23,0
14,11,0
24,22,0
43,40,0
4,22,0
19,34,0
29,9,0
16,9,0
23,21,0
46,23,0
24,31,0
22,14,0
23,31,0
38,7,0
5,12,0
48,32,0
17,46,0
26,19,0
33,6,0
23,8,0
4,14,0
29,1,0
13,32,0
13,14,0
37,27,0
43,11,0
9,32,0
34,10,0
44,18,0
37,8,0
9,28,0
12,46,0
28,31,0
32,5,0
36,25,0
33,19,0
22,26,0
37,6,0
23,34,0
26,4,0
36,37,0
11,30,0
3,15,0
26,28,0
14,11,0
23,4,0
27,11,0
17,4,0
8,31,0
44,29,0
26,26,0
32,1,0
1,18,0
46,16,0
39,7,0
40,35,0
9,37,0
45,14,0
33,40,0
21,24,0
36,38,0
19,22,0
31,48,0
6,24,0
30,45,0
17,9,0
7,34,0
44,15,0
30,13,0
19,42,0
6,15,0
21,7,0
31,13,0
22,45,0
13,25,0
8,21,0
21,12,0
20,13,0
19,27,0
26,24,0
2,16,0
26,6,0
47,32,0
12,35,0
13,15,0
44,13,0
18,15,0
36,35,0
2,17,0
21,1,0
5,14,0
34,9,0
19,12,0
11,16,0
128,43,1
125,45,1
111,22,1
122,22,1
131,10,1
146,13,1
125,13,1
122,5,1
145,28,1
116,30,1
102,30,1
123,32,1
102,31,1
134,42,1
139,22,1
107,32,1
139,36,1
134,16,1
148,23,1
141,9,1
126,45,1
112,34,1
135,36,1
118,48,1
129,25,1
108,28,1
109,20,1
127,18,1
118,47,1
136,26,1
141,39,1
110,43,1
129,19,1
119,17,1
119,3,1
126,22,1
104,36,1
137,36,1
128,32,1
137,28,1
123,43,1
112,34,1
140,43,1
139,35,1
125,0,1
114,42,1
132,13,1
131,18,1
105,22,1
115,27,1
114,44,1
109,39,1
118,41,1
112,29,1
128,41,1
129,11,1
142,41,1
132,14,1
120,27,1
108,28,1
107,33,1
119,43,1
138,29,1
104,20,1
129,35,1
122,31,1
132,32,1
126,24,1
124,16,1
115,41,1
134,5,1
142,27,1
132,10,1
139,5,1
107,41,1
125,30,1
117,44,1
118,37,1
117,40,1
118,31,1
112,41,1
115,19,1
108,40,1
134,40,1
102,31,1
133,13,1
115,33,1
147,34,1
142,37,1
121,12,1
148,33,1
106,28,1
131,44,1
109,24,1
143,23,1
113,39,1
117,7,1
136,33,1
132,30,1
144,34,1
118,2,1
111,43,1
117,45,1
110,19,1
109,43,1
104,32,1
133,16,1
139,45,1
131,45,1
137,24,1
142,34,1
125,28,1
106,27,1
115,12,1
121,34,1
114,46,1
118,14,1
127,6,1
138,23,1
148,17,1
118,35,1
133,19,1
119,34,1
132,11,1
120,12,1
142,18,1
126,44,1
121,3,1
129,43,1
112,23,1
107,9,1
132,32,1
116,36,1
116,30,1
139,35,1
112,26,1
130,35,1
141,21,1
137,35,1
109,19,1
133,5,1
132,40,1
126,32,1
101,21,1
130,9,1
127,28,1
114,42,1
129,5,1
111,21,1
102,26,1
126,39,1
118,7,1
130,31,1
128,24,1
123,39,1
131,38,1
109,10,1
119,37,1
133,31,1
124,29,1
132,35,1
135,10,1
126,40,1
119,3,1
122,21,1
128,41,1
147,31,1
123,30,1
145,24,1
101,23,1
107,41,1
145,38,1
130,24,1
140,18,1
126,40,1
122,7,1
117,46,1
132,35,1
143,35,1
104,28,1
109,32,1
145,30,1
109,11,1
112,29,1
108,43,1
103,28,1
148,32,1
136,20,1
114,33,1
103,19,1
144,38,1
121,39,1
106,29,1
106,24,1
110,45,1
115,43,1
112,44,1
126,16,1
140,18,1
145,14,1
101,28,1
113,11,1
138,44,1
130,40,1
110,45,1
143,14,1
131,43,1
122,5,1
138,36,1
110,18,1
120,43,1
101,21,1
109,30,1
140,6,1
143,18,1
139,26,1
139,44,1
102,26,1
111,23,1
107,35,1
113,45,1
137,41,1
137,36,1
141,22,1
112,29,1
144,17,1
140,5,1
148,18,1
139,20,1
117,17,1
149,22,1
137,7,1
148,34,1
142,34,1
124,12,1
143,14,1
132,34,1
146,35,1
144,23,1
143,37,1
117,29,1
123,45,1
141,23,1
111,45,1
117,27,1
138,35,1
138,35,1
144,9,1
142,29,1
148,21,1
106,9,1
124,2,1
107,29,1
133,19,1
145,26,1
113,14,1
112,46,1
121,24,1
147,22,1
108,24,1
131,18,1
105,32,1
134,38,1
104,19,1
103,29,1
102,31,1
125,38,1
145,29,1
143,24,1
102,32,1
121,13,1
102,32,1
141,25,1
126,1,1
119,48,1
111,23,1
117,23,1
137,6,1
107,17,1
135,18,1
114,29,1
101,30,1
148,27,1
111,10,1
104,20,1
131,42,1
117,46,1
119,36,1
118,16,1
133,35,1
123,35,1
137,33,1
126,49,1
146,35,1
142,23,1
126,5,1
140,36,1
136,30,1
143,37,1
137,38,1
123,38,1
136,45,1
102,29,1
136,39,1
130,6,1
116,21,1
133,22,1
112,17,1
122,45,1
123,14,1
145,28,1
109,40,1
144,18,1
122,1,1
107,14,1
145,15,1
108,9,1
126,20,1
114,15,1
119,22,1
144,13,1
134,37,1
124,11,1
124,15,1
115,46,1
127,18,1
124,20,1
120,28,1
103,29,1
132,49,1
106,9,1
114,12,1
108,39,1
142,29,1
109,13,1
142,12,1
135,7,1
139,12,1
115,39,1
147,21,1
126,40,1
138,34,1
143,24,1
128,37,1
141,8,1
121,1,1
122,9,1
115,17,1
110,8,1
129,17,1
127,46,1
135,7,1
104,32,1
127,37,1
144,37,1
106,36,1
139,36,1
132,1,1
113,44,1
146,17,1
104,37,1
129,43,1
109,37,1
127,17,1
142,41,1
134,41,1
115,10,1
116,6,1
129,40,1
131,37,1
118,35,1
135,32,1
108,37,1
128,29,1
133,6,1
136,9,1
124,46,1
118,20,1
104,22,1
142,30,1
123,12,1
115,33,1
110,11,1
132,27,1
141,28,1
117,19,1
119,48,1
110,42,1
133,27,1
111,43,1
132,29,1
142,23,1
111,6,1
108,28,1
119,3,1
117,31,1
115,15,1
140,35,1
123,2,1
110,35,1
132,45,1
111,27,1
114,17,1
116,2,1
120,4,1
142,36,1
139,11,1
143,17,1
118,18,1
137,32,1
127,4,1
146,29,1
108,13,1
126,35,1
118,18,1
119,28,1
103,27,1
132,28,1
124,9,1
144,9,1
147,30,1
125,24,1
129,39,1
101,23,1
149,24,1
143,19,1
102,28,1
114,14,1
107,24,1
118,45,1
140,34,1
137,33,1
128,14,1
124,46,1
139,33,1
131,38,1
127,35,1
138,19,1
121,10,1
103,20,1
114,31,1
138,26,1
120,16,1
127,31,1
135,37,1
125,12,1
115,32,1
113,36,1
143,16,1
117,35,1
108,21,1
128,23,1
109,26,1
137,43,1
102,26,1
105,32,1
144,13,1
130,1,1
128,18,1
124,28,1
111,43,1
113,17,1
102,20,1
132,5,1
116,35,1
143,16,1
119,34,1
124,14,1
134,20,1
107,16,1
121,5,1
126,14,1
138,35,1
110,26,1
118,10,1
112,23,1
128,13,1
128,20,1
110,39,1
133,20,1
106,11,1
107,32,1
137,39,1
123,20,1
114,3,1
145,20,1
125,39,1
132,3,1
114,35,1
133,43,1
110,33,1
128,33,1
125,13,1
102,27,1
108,23,1
109,15,1
101,20,1
138,21,1
113,6,1
148,31,1
