17,3,0
6,28,0
35,13,0
21,12,0
38,24,0
48,32,0
31,12,0
39,27,0
34,29,0
43,9,0
8,27,0
43,13,0
42,31,0
43,42,0
36,43,0
27,27,0
25,12,0
36,23,0
17,8,0
20,14,0
6,20,0
24,4,0
40,37,0
25,20,0
24,13,0
26,39,0
30,16,0
24,16,0
41,12,0
38,38,0
32,21,0
45,40,0
22,49,0
1,20,0
9,31,0
12,8,0
34,9,0
8,9,0
5,35,0
4,30,0
30,16,0
30,43,0
12,35,0
38,38,0
31,33,0
26,11,0
45,36,0
30,7,0
6,40,0
14,28,0
21,21,0
44,34,0
34,38,0
19,32,0
5,14,0
4,21,0
27,17,0
6,24,0
45,16,0
17,44,0
24,43,0
29,28,0
14,40,0
36,7,0
15,12,0
7,32,0
45,15,0
2,18,0
39,35,0
7,17,0
18,44,0
9,8,0
11,19,0
27,11,0
34,15,0
23,37,0
19,17,0
24,4,0
28,36,0
5,20,0
19,20,0
19,34,0
8,37,0
40,41,0
32,43,0
44,35,0
26,12,0
6,14,0
47,23,0
37,14,0
12,28,0
21,20,0
28,46,0
8,31,0
40,21,0
10,23,0
45,28,0
33,2,0
3,27,0
31,13,0
31,27,0
31,29,0
3,19,0
11,28,0
12,5,0
9,16,0
23,8,0
48,34,0
7,17,0
14,8,0
23,11,0
38,5,0
26,4,0
33,12,0
14,36,0
28,23,0
29,13,0
8,21,0
32,4,0
30,5,0
11,35,0
43,10,0
9,31,0
36,6,0
16,16,0
16,12,0
48,18,0
45,11,0
6,19,0
19,34,0
17,21,0
12,33,0
1,26,0
16,25,0
40,27,0
37,10,0
32,46,0
32,17,0
39,6,0
46,21,0
34,29,0
13,30,0
32,7,0
14,37,0
25,50,0
48,20,0
24,38,0
25,23,0
35,29,0
33,18,0
20,41,0
21,44,0
42,19,0
14,11,0
44,13,0
29,15,0
14,7,0
15,3,0
30,42,0
29,20,0
31,42,0
31,28,0
7,39,0
27,31,0
35,36,0
31,25,0
21,13,0
34,3,0
11,28,0
22,1,0
6,18,0
19,35,0
43,34,0
11,18,0
26,45,0
21,42,0
38,36,0
36,10,0
46,31,0
43,39,0
45,39,0
35,13,0
18,9,0
2,19,0
15,11,0
37,12,0
30,18,0
19,41,0
35,47,0
32,3,0
41,14,0
23,38,0
13,35,0
15,21,0
33,17,0
15,28,0
29,49,0
30,34,0
41,24,0
48,27,0
16,22,0
27,38,0
17,28,0
24,37,0
23,15,0
24,30,0
28,27,0
26,45,0
19,32,0
12,11,0
12,12,0
31,30,0
20,17,0
21,3,0
15,5,0
28,15,0
11,8,0
8,8,0
33,37,0
15,30,0
28,11,0
9,39,0
39,24,0
35,20,0
16,27,0
7,20,0
48,16,0
34,25,0
18,7,0
45,30,0
7,10,0
12,46,0
19,8,0
19,16,0
9,15,0
38,12,0
14,28,0
22,36,0
13,27,0
21,37,0
11,26,0
42,38,0
47,24,0
40,27,0
45,29,0
45,27,0
29,22,0
42,11,0
45,20,0
29,45,0
18,42,0
39,32,0
18,12,0
34,45,0
38,6,0
16,37,0
32,37,0
7,36,0
37,19,0
26,27,0
29,24,0
12,10,0
21,31,0
43,37,0
8,35,0
13,45,0
6,27,0
21,10,0
45,15,0
44,30,0
41,9,0
3,30,0
36,32,0
14,34,0
43,31,0
31,30,0
12,6,0
29,41,0
32,3,0
26,7,0
16,25,0
21,39,0
44,12,0
36,27,0
25,25,0
12,6,0
23,9,0
39,19,0
26,43,0
38,28,0
36,18,0
33,12,0
7,33,0
7,10,0
21,4,0
22,40,0
31,30,0
33,34,0
11,43,0
42,31,0
34,8,0
33,30,0
17,47,0
19,45,0
25,17,0
29,43,0
39,44,0
27,16,0
31,13,0
6,20,0
35,8,0
36,14,0
43,27,0
10,37,0
19,32,0
19,40,0
16,36,0
24,22,0
20,22,0
20,44,0
7,9,0
24,29,0
14,34,0
17,20,0
3,30,0
31,6,0
26,28,0
31,12,0
11,34,0
5,33,0
23,47,0
24,15,0
11,22,0
12,38,0
9,13,0
27,5,0
25,5,0
3,33,0
46,31,0
27,25,0
21,46,0
40,9,0
8,40,0
1,19,0
24,7,0
31,8,0
8,16,0
27,13,0
13,16,0
28,42,0
32,3,0
25,47,0
21,1,0
29,10,0
15,5,0
26,34,0
25,37,0
39,25,0
11,38,0
29,49,0
31,21,0
28,34,0
7,25,0
27,10,0
11,13,0
42,28,0
36,6,0
14,3,0
3,35,0
39,18,0
25,36,0
23,42,0
34,37,0
28,20,0
6,38,0
13,12,0
38,11,0
25,34,0
47,30,0
16,12,0
34,29,0
18,17,0
44,28,0
7,21,0
13,34,0
20,25,0
40,6,0
18,21,0
44,14,0
30,35,0
36,25,0
32,19,0
42,7,0
27,48,0
48,27,0
32,32,0
28,29,0
37,13,0
21,9,0
41,35,0
18,12,0
17,15,0
22,37,0
33,40,0
37,29,0
31,30,0
31,45,0
27,23,0
20,43,0
4,20,0
21,22,0
30,19,0
42,39,0
31,45,0
28,21,0
18,40,0
23,28,0
23,37,0
45,34,0
29,21,0
12,32,0
22,38,0
23,21,0
29,44,0
25,20,0
25,50,0
34,4,0
13,18,0
42,29,0
28,28,0
13,4,0
26,21,0
42,25,0
13,42,0
27,7,0
27,23,0
30,41,0
21,24,0
7,38,0
11,12,0
41,8,0
4,33,0
33,17,0
39,38,0
21,47,0
14,17,0
48,30,0
21,15,0
25,1,0
19,37,0
12,19,0
4,23,0
6,20,0
5,38,0
8,22,0
22,33,0
29,22,0
19,17,0
23,23,0
33,2,0
10,26,0
5,36,0
8,21,0
38,37,0
21,30,0
42,23,0
34,22,0
34,37,0
15,24,0
30,41,0
34,42,0
16,48,0
19,46,0
28,46,0
17,43,0
3,15,0
42,12,0
36,15,0
13,28,0
16,15,0
20,13,0
15,14,0
16,38,0
48,20,0
7,41,0
7,20,0
48,26,0
8,25,0
31,31,0
16,4,0
35,3,0
27,7,0
5,35,0
9,21,0
40,34,0
30,28,0
23,37,0
2,27,0
5,22,0
46,15,0
115,16,1
114,10,1
113,44,1
141,8,1
121,8,1
107,25,1
121,3,1
138,15,1
127,17,1
123,40,1
123,46,1
118,49,1
111,16,1
128,1,1
140,44,1
121,24,1
106,31,1
108,18,1
110,33,1
139,38,1
129,28,1
123,2,1
126,4,1
136,3,1
118,20,1
108,19,1
139,19,1
124,34,1
101,28,1
113,32,1
132,17,1
140,19,1
114,28,1
121,47,1
113,5,1
127,32,1
133,26,1
122,27,1
127,14,1
125,12,1
108,40,1
140,10,1
124,4,1
107,42,1
129,34,1
102,27,1
102,18,1
135,41,1
137,18,1
141,23,1
130,10,1
139,17,1
124,4,1
120,23,1
119,32,1
142,18,1
137,20,1
118,32,1
116,3,1
134,9,1
107,8,1
138,33,1
145,12,1
115,38,1
124,12,1
132,24,1
144,37,1
133,29,1
132,34,1
148,18,1
132,45,1
133,2,1
122,27,1
106,32,1
136,8,1
145,29,1
132,46,1
134,45,1
123,34,1
142,15,1
113,25,1
119,29,1
133,3,1
126,22,1
113,40,1
145,17,1
126,12,1
123,31,1
101,32,1
106,10,1
113,40,1
126,12,1
114,7,1
122,47,1
144,12,1
129,42,1
111,7,1
127,18,1
131,7,1
112,4,1
114,7,1
143,33,1
122,14,1
120,4,1
132,6,1
128,43,1
139,22,1
107,11,1
135,7,1
141,32,1
140,15,1
127,14,1
120,33,1
142,19,1
127,38,1
138,11,1
141,18,1
113,9,1
133,24,1
135,32,1
138,44,1
146,23,1
122,28,1
107,35,1
129,40,1
117,14,1
127,44,1
116,26,1
121,3,1
111,20,1
115,6,1
113,26,1
141,19,1
112,27,1
115,27,1
112,43,1
133,21,1
127,31,1
107,14,1
137,41,1
133,13,1
140,24,1
103,21,1
137,42,1
131,24,1
130,47,1
139,20,1
121,27,1
126,46,1
129,11,1
114,27,1
130,19,1
148,26,1
116,4,1
110,7,1
124,39,1
103,24,1
113,10,1
111,35,1
118,39,1
107,12,1
139,28,1
108,11,1
130,47,1
106,38,1
136,16,1
123,14,1
107,9,1
139,24,1
141,33,1
121,8,1
144,29,1
108,41,1
144,30,1
133,12,1
118,22,1
129,10,1
107,10,1
103,36,1
139,36,1
145,35,1
118,18,1
130,34,1
121,21,1
126,18,1
145,21,1
108,8,1
130,8,1
130,16,1
139,34,1
126,26,1
126,14,1
146,34,1
123,8,1
131,6,1
114,36,1
127,26,1
118,42,1
121,32,1
105,17,1
142,18,1
116,2,1
128,13,1
112,27,1
131,45,1
129,11,1
129,40,1
122,7,1
124,5,1
131,30,1
103,21,1
109,19,1
143,12,1
129,31,1
135,10,1
123,5,1
137,20,1
127,36,1
127,34,1
117,42,1
122,1,1
112,40,1
118,26,1
124,45,1
107,10,1
122,14,1
134,17,1
106,13,1
132,18,1
129,12,1
114,45,1
106,37,1
109,42,1
148,26,1
113,9,1
127,13,1
130,39,1
132,42,1
113,43,1
124,7,1
111,37,1
140,44,1
117,20,1
143,12,1
133,10,1
137,5,1
140,29,1
108,20,1
111,20,1
132,42,1
131,34,1
135,45,1
117,7,1
109,28,1
115,4,1
121,43,1
132,3,1
105,11,1
103,19,1
120,37,1
110,42,1
101,20,1
148,18,1
139,33,1
139,30,1
119,49,1
118,37,1
119,5,1
119,20,1
111,7,1
118,12,1
132,44,1
144,34,1
124,20,1
137,29,1
126,30,1
140,19,1
132,46,1
132,45,1
145,32,1
133,17,1
113,39,1
131,12,1
125,14,1
125,34,1
124,29,1
114,42,1
134,29,1
112,27,1
123,8,1
146,15,1
103,22,1
113,35,1
130,18,1
126,17,1
132,5,1
114,17,1
144,25,1
130,22,1
149,32,1
117,26,1
117,41,1
128,43,1
123,36,1
113,36,1
106,10,1
144,33,1
144,32,1
120,23,1
119,25,1
141,23,1
129,1,1
118,24,1
138,31,1
116,24,1
124,43,1
116,30,1
117,46,1
116,30,1
117,17,1
128,26,1
118,35,1
109,30,1
139,33,1
147,35,1
143,8,1
112,23,1
112,45,1
112,15,1
142,28,1
103,15,1
104,12,1
135,45,1
129,15,1
140,13,1
128,35,1
143,23,1
112,10,1
117,28,1
139,25,1
130,28,1
122,6,1
133,45,1
103,27,1
113,44,1
133,28,1
107,32,1
130,28,1
141,14,1
142,29,1
119,8,1
143,25,1
146,19,1
142,36,1
137,9,1
119,41,1
131,34,1
123,3,1
120,22,1
112,10,1
145,10,1
105,27,1
146,23,1
142,28,1
113,29,1
126,33,1
115,36,1
138,38,1
110,11,1
132,33,1
139,38,1
107,14,1
126,41,1
145,11,1
132,36,1
128,16,1
129,5,1
128,30,1
142,19,1
126,31,1
147,30,1
129,40,1
109,19,1
129,3,1
150,25,1
139,29,1
139,40,1
143,22,1
142,13,1
124,13,1
113,30,1
143,13,1
126,47,1
105,32,1
104,29,1
113,34,1
103,14,1
122,38,1
118,13,1
115,28,1
131,24,1
126,29,1
121,39,1
137,7,1
125,33,1
102,27,1
125,16,1
126,18,1
102,22,1
124,10,1
104,22,1
116,7,1
134,14,1
142,42,1
108,30,1
132,17,1
121,12,1
119,41,1
117,8,1
116,4,1
126,29,1
121,23,1
115,42,1
118,42,1
138,12,1
133,48,1
130,30,1
122,3,1
142,20,1
107,14,1
129,42,1
108,36,1
129,6,1
108,18,1
114,45,1
108,29,1
119,14,1
133,27,1
117,18,1
109,16,1
115,47,1
134,31,1
124,7,1
141,26,1
135,39,1
122,36,1
122,20,1
126,17,1
123,28,1
127,46,1
123,7,1
135,17,1
137,18,1
139,22,1
140,31,1
147,24,1
132,36,1
142,29,1
145,31,1
129,26,1
144,34,1
102,34,1
110,34,1
104,29,1
109,29,1
138,44,1
120,46,1
133,3,1
115,6,1
109,27,1
114,44,1
110,41,1
139,18,1
144,21,1
119,44,1
140,30,1
128,19,1
137,31,1
139,14,1
129,11,1
126,45,1
120,7,1
125,43,1
133,17,1
128,16,1
146,18,1
120,27,1
120,20,1
115,26,1
111,6,1
105,37,1
134,17,1
112,29,1
125,42,1
128,17,1
139,17,1
132,29,1
102,25,1
138,40,1
134,14,1
