26,35,0
4,37,0
13,6,0
5,32,0
47,20,0
31,37,0
19,7,0
15,20,0
32,5,0
38,36,0
10,31,0
26,17,0
33,41,0
18,7,0
39,36,0
32,43,0
12,30,0
15,46,0
45,17,0
5,17,0
39,43,0
20,26,0
48,27,0
17,36,0
37,20,0
16,37,0
13,11,0
36,11,0
31,34,0
34,38,0
35,47,0
5,40,0
13,22,0
21,26,0
37,8,0
39,38,0
39,37,0
23,9,0
19,40,0
13,31,0
1,20,0
41,18,0
13,18,0
13,32,0
25,32,0
28,5,0
31,5,0
36,32,0
20,5,0
14,3,0
23,26,0
33,30,0
24,1,0
31,46,0
15,45,0
9,19,0
36,24,0
20,42,0
16,47,0
31,39,0
41,14,0
2,25,0
46,14,0
18,35,0
14,16,0
33,10,0
17,36,0
29,11,0
42,36,0
47,32,0
25,4,0
21,45,0
37,29,0
8,39,0
22,35,0
48,16,0
4,14,0
25,2,0
6,10,0
12,44,0
22,20,0
17,30,0
23,48,0
6,20,0
24,27,0
18,7,0
15,46,0
43,16,0
40,38,0
23,35,0
19,35,0
9,37,0
7,24,0
11,33,0
18,19,0
15,40,0
19,6,0
17,12,0
32,30,0
22,26,0
30,11,0
23,37,0
20,45,0
45,22,0
15,33,0
20,24,0
17,34,0
36,13,0
21,10,0
19,33,0
8,14,0
40,19,0
28,3,0
35,39,0
40,17,0
16,44,0
46,34,0
32,4,0
27,42,0
14,39,0
30,43,0
23,13,0
8,16,0
34,40,0
10,33,0
14,46,0
45,16,0
35,22,0
28,30,0
13,29,0
40,38,0
6,30,0
27,2,0
43,25,0
14,32,0
8,9,0
35,46,0
21,3,0
31,49,0
10,30,0
13,24,0
22,42,0
33,16,0
20,18,0
22,18,0
17,44,0
46,17,0
15,18,0
30,14,0
25,18,0
22,19,0
10,43,0
22,27,0
44,9,0
31,34,0
25,47,0
35,19,0
29,11,0
27,19,0
20,11,0
37,29,0
41,29,0
22,23,0
18,10,0
17,46,0
22,16,0
29,5,0
15,33,0
29,27,0
39,42,0
21,12,0
10,39,0
13,39,0
41,11,0
27,4,0
37,5,0
30,31,0
26,13,0
43,13,0
21,2,0
12,7,0
7,42,0
25,12,0
25,22,0
39,39,0
21,24,0
37,41,0
11,28,0
32,25,0
38,24,0
21,44,0
32,41,0
19,4,0
11,11,0
42,12,0
22,39,0
3,32,0
27,7,0
33,27,0
14,29,0
23,36,0
15,33,0
10,22,0
32,26,0
24,8,0
1,28,0
7,26,0
12,41,0
38,5,0
5,32,0
25,40,0
28,47,0
15,9,0
6,10,0
26,15,0
22,14,0
40,6,0
37,28,0
29,7,0
3,30,0
12,43,0
24,38,0
24,40,0
20,42,0
32,43,0
37,23,0
42,26,0
14,39,0
11,26,0
1,32,0
8,35,0
30,33,0
27,47,0
32,40,0
47,30,0
17,22,0
40,39,0
16,24,0
17,13,0
22,29,0
42,26,0
15,41,0
4,16,0
18,46,0
36,7,0
14,38,0
9,11,0
43,17,0
44,41,0
24,28,0
35,26,0
47,20,0
6,23,0
9,13,0
21,37,0
30,47,0
46,31,0
15,29,0
37,34,0
19,18,0
15,22,0
24,11,0
33,45,0
13,9,0
13,26,0
23,17,0
18,14,0
18,22,0
15,9,0
31,16,0
32,37,0
21,35,0
18,36,0
7,17,0
21,25,0
32,12,0
2,20,0
39,15,0
3,28,0
32,13,0
30,4,0
16,46,0
23,2,0
13,23,0
29,19,0
16,13,0
21,2,0
22,23,0
27,26,0
40,40,0
13,8,0
26,12,0
34,2,0
7,42,0
41,16,0
26,39,0
36,43,0
31,26,0
41,7,0
16,3,0
34,29,0
28,17,0
20,13,0
7,18,0
35,45,0
31,7,0
15,45,0
21,27,0
42,12,0
19,47,0
11,35,0
9,25,0
9,33,0
38,17,0
36,45,0
30,10,0
34,22,0
35,47,0
15,43,0
30,29,0
26,33,0
3,26,0
31,12,0
10,30,0
33,18,0
42,21,0
5,29,0
12,20,0
33,27,0
11,20,0
32,8,0
25,3,0
26,14,0
32,45,0
3,19,0
29,48,0
44,22,0
42,22,0
18,6,0
35,38,0
11,14,0
33,18,0
45,20,0
30,35,0
34,18,0
11,41,0
20,13,0
36,12,0
29,13,0
22,17,0
5,36,0
29,43,0
21,49,0
13,19,0
27,15,0
24,2,0
20,36,0
39,30,0
16,40,0
12,5,0
26,37,0
5,17,0
5,18,0
14,5,0
1,32,0
2,20,0
27,31,0
40,41,0
23,49,0
19,13,0
32,34,0
39,22,0
3,23,0
25,30,0
19,24,0
4,20,0
7,27,0
24,48,0
25,10,0
7,16,0
45,30,0
25,46,0
35,23,0
17,17,0
16,18,0
40,32,0
47,15,0
44,30,0
25,36,0
19,31,0
32,2,0
19,2,0
26,28,0
38,22,0
29,45,0
11,35,0
33,19,0
9,9,0
22,33,0
29,16,0
17,6,0
16,15,0
2,22,0
44,9,0
8,39,0
11,23,0
39,7,0
32,15,0
38,44,0
8,31,0
14,15,0
25,9,0
31,4,0
30,45,0
39,42,0
18,47,0
24,37,0
39,20,0
28,9,0
27,27,0
33,33,0
31,42,0
17,17,0
30,44,0
14,18,0
32,42,0
2,26,0
43,13,0
33,13,0
18,10,0
21,30,0
35,3,0
25,38,0
9,43,0
26,16,0
23,39,0
19,11,0
14,32,0
31,7,0
23,21,0
28,47,0
7,14,0
31,13,0
25,32,0
3,14,0
43,13,0
19,31,0
10,22,0
21,35,0
18,2,0
4,20,0
17,12,0
15,42,0
8,8,0
46,16,0
34,25,0
5,33,0
14,21,0
44,15,0
34,23,0
41,15,0
39,44,0
28,48,0
8,18,0
41,10,0
21,42,0
40,31,0
41,24,0
45,38,0
42,15,0
11,45,0
25,39,0
24,43,0
22,7,0
13,8,0
18,8,0
18,10,0
31,47,0
24,48,0
42,39,0
21,40,0
42,21,0
43,22,0
28,1,0
24,15,0
26,48,0
13,35,0
32,8,0
49,20,0
21,5,0
15,37,0
21,41,0
17,26,0
39,14,0
30,41,0
12,19,0
19,24,0
22,30,0
10,9,0
4,28,0
143,14,1
116,31,1
125,42,1
129,11,1
105,32,1
116,37,1
112,28,1
123,14,1
110,24,1
131,13,1
133,45,1
119,4,1
108,12,1
105,27,1
116,48,1
113,27,1
129,10,1
138,13,1
128,31,1
104,20,1
122,3,1
121,29,1
148,30,1
137,12,1
103,28,1
134,41,1
149,18,1
146,32,1
129,9,1
128,30,1
121,43,1
119,10,1
127,18,1
140,35,1
143,38,1
128,29,1
112,16,1
129,45,1
144,31,1
123,39,1
147,21,1
126,4,1
129,42,1
141,30,1
133,35,1
125,20,1
122,47,1
148,18,1
127,43,1
110,38,1
139,11,1
110,10,1
141,39,1
103,20,1
145,13,1
147,30,1
117,15,1
104,37,1
131,43,1
139,29,1
137,13,1
120,44,1
113,9,1
120,12,1
149,23,1
112,11,1
124,41,1
111,9,1
111,22,1
125,40,1
111,17,1
138,8,1
122,45,1
134,39,1
124,9,1
112,30,1
109,24,1
110,8,1
141,14,1
115,5,1
144,29,1
103,36,1
121,44,1
147,35,1
105,33,1
143,20,1
107,17,1
117,29,1
134,31,1
140,6,1
146,35,1
131,20,1
115,7,1
138,17,1
145,20,1
139,18,1
125,4,1
110,36,1
115,47,1
136,32,1
126,4,1
121,4,1
107,42,1
145,22,1
101,27,1
139,37,1
118,24,1
116,40,1
122,19,1
147,23,1
144,25,1
101,22,1
113,10,1
121,48,1
111,34,1
127,23,1
131,20,1
145,31,1
136,26,1
104,33,1
125,24,1
102,17,1
109,9,1
124,16,1
144,23,1
145,23,1
104,31,1
130,10,1
108,31,1
126,34,1
134,47,1
137,29,1
131,38,1
120,18,1
120,31,1
133,30,1
128,43,1
106,32,1
138,7,1
126,10,1
113,17,1
117,22,1
134,4,1
145,27,1
111,20,1
129,45,1
107,18,1
129,16,1
126,1,1
135,36,1
110,7,1
133,16,1
130,23,1
135,46,1
137,18,1
131,42,1
102,34,1
149,18,1
129,28,1
141,41,1
104,28,1
140,19,1
131,32,1
123,48,1
115,27,1
128,46,1
130,37,1
119,47,1
117,40,1
146,21,1
130,9,1
147,20,1
134,13,1
125,10,1
142,19,1
111,11,1
109,11,1
107,37,1
132,7,1
133,15,1
145,37,1
126,35,1
110,37,1
137,20,1
146,29,1
133,48,1
135,24,1
137,24,1
123,14,1
147,30,1
140,31,1
111,37,1
115,21,1
139,13,1
144,38,1
123,45,1
140,41,1
137,44,1
135,35,1
124,45,1
114,35,1
129,42,1
118,17,1
122,5,1
139,5,1
119,14,1
128,13,1
137,4,1
126,39,1
119,20,1
142,21,1
116,5,1
142,35,1
140,41,1
133,47,1
124,17,1
136,12,1
127,41,1
109,24,1
137,46,1
121,19,1
134,22,1
143,9,1
134,41,1
132,31,1
109,24,1
124,23,1
144,21,1
120,16,1
106,29,1
104,27,1
127,4,1
114,46,1
133,13,1
140,5,1
129,31,1
125,23,1
122,15,1
125,12,1
110,36,1
148,17,1
127,26,1
145,25,1
107,33,1
132,2,1
101,20,1
122,20,1
114,3,1
134,17,1
113,37,1
114,25,1
133,24,1
127,12,1
139,12,1
119,40,1
103,18,1
103,18,1
124,47,1
147,19,1
116,28,1
113,8,1
140,43,1
105,36,1
122,12,1
140,23,1
118,21,1
123,45,1
138,9,1
117,14,1
110,14,1
138,23,1
101,18,1
127,49,1
119,27,1
135,28,1
142,31,1
116,14,1
138,20,1
131,21,1
116,6,1
124,29,1
131,4,1
110,18,1
108,10,1
107,35,1
114,6,1
143,30,1
108,28,1
134,26,1
123,4,1
140,20,1
135,35,1
120,45,1
122,11,1
122,1,1
119,38,1
127,39,1
111,36,1
144,9,1
106,22,1
115,35,1
121,9,1
131,28,1
145,23,1
110,11,1
120,45,1
109,33,1
143,23,1
107,28,1
134,10,1
122,47,1
117,22,1
105,36,1
141,30,1
105,17,1
116,18,1
134,9,1
127,36,1
148,18,1
133,40,1
142,32,1
110,14,1
114,8,1
121,34,1
118,1,1
117,41,1
121,38,1
122,48,1
146,27,1
137,32,1
141,30,1
138,44,1
112,40,1
121,7,1
113,12,1
130,2,1
114,20,1
139,24,1
110,23,1
145,35,1
145,24,1
128,20,1
122,42,1
105,33,1
117,26,1
132,42,1
114,27,1
115,25,1
129,34,1
117,16,1
124,13,1
138,21,1
120,42,1
130,27,1
111,16,1
109,44,1
135,19,1
132,28,1
101,27,1
144,21,1
119,15,1
138,13,1
133,36,1
126,32,1
126,15,1
137,5,1
120,7,1
141,15,1
116,18,1
118,3,1
112,21,1
112,20,1
131,26,1
130,48,1
106,17,1
136,31,1
127,12,1
104,20,1
136,38,1
120,17,1
126,13,1
136,4,1
126,15,1
122,37,1
118,32,1
115,10,1
147,16,1
147,27,1
122,19,1
120,11,1
131,12,1
137,31,1
108,40,1
135,24,1
128,43,1
114,28,1
127,49,1
113,14,1
106,12,1
119,25,1
113,10,1
127,28,1
121,45,1
129,23,1
122,39,1
102,32,1
147,36,1
135,36,1
126,19,1
127,2,1
124,35,1
119,41,1
128,49,1
120,13,1
120,30,1
126,4,1
131,16,1
129,4,1
131,45,1
121,9,1
145,22,1
110,32,1
145,30,1
117,42,1
104,33,1
134,6,1
119,46,1
134,41,1
123,46,1
130,46,1
121,49,1
115,35,1
110,10,1
129,9,1
125,25,1
111,18,1
135,36,1
108,17,1
113,35,1
111,24,1
128,46,1
106,16,1
138,10,1
121,30,1
114,5,1
140,40,1
100,25,1
108,16,1
130,11,1
110,15,1
134,26,1
135,22,1
129,8,1
123,35,1
144,33,1
133,48,1
119,30,1
114,42,1
132,16,1
122,47,1
115,24,1
136,18,1
132,15,1
131,33,1
140,37,1
116,23,1
132,6,1
116,38,1
126,1,1
144,32,1
132,39,1
112,22,1
105,17,1
115,42,1
144,41,1
136,33,1
123,28,1
130,26,1
131,22,1
136,31,1
142,21,1
124,12,1
133,20,1
132,49,1
116,20,1
109,30,1
133,26,1
129,32,1
129,36,1
106,33,1
117,41,1
147,29,1
113,4,1
120,29,1
131,20,1
118,16,1
119,28,1
114,31,1
129,19,1
148,25,1
