34,41,0
24,27,0
7,10,0
8,43,0
18,22,0
38,36,0
42,25,0
47,24,0
42,20,0
28,20,0
12,39,0
39,25,0
30,30,0
42,17,0
32,32,0
5,21,0
11,12,0
26,19,0
31,5,0
34,11,0
38,39,0
36,19,0
14,24,0
30,39,0
32,34,0
48,27,0
17,3,0
37,23,0
11,11,0
29,49,0
33,27,0
48,20,0
43,19,0
34,7,0
45,21,0
44,14,0
4,35,0
18,41,0
21,20,0
8,32,0
22,4,0
28,5,0
17,4,0
14,33,0
22,31,0
33,29,0
24,23,0
40,18,0
36,12,0
5,21,0
25,9,0
19,23,0
9,42,0
15,21,0
44,10,0
39,33,0
32,24,0
23,45,0
31,33,0
20,8,0
29,47,0
30,36,0
11,10,0
38,37,0
25,41,0
43,39,0
36,13,0
10,33,0
18,5,0
40,25,0
34,48,0
49,24,0
6,32,0
14,16,0
20,42,0
24,16,0
19,31,0
26,25,0
4,19,0
22,27,0
41,38,0
9,8,0
22,15,0
43,19,0
3,15,0
20,8,0
13,15,0
28,28,0
34,37,0
18,26,0
7,23,0
25,8,0
49,19,0
21,11,0
42,8,0
30,5,0
38,33,0
23,20,0
38,23,0
26,10,0
19,21,0
31,44,0
31,35,0
46,30,0
1,29,0
12,45,0
33,16,0
17,22,0
13,10,0
14,15,0
18,48,0
14,36,0
15,31,0
2,32,0
15,14,0
10,11,0
8,34,0
8,30,0
30,42,0
47,35,0
32,10,0
6,11,0
29,30,0
47,25,0
44,29,0
25,11,0
34,31,0
16,4,0
32,17,0
19,46,0
25,6,0
12,6,0
25,7,0
40,16,0
37,25,0
23,19,0
17,36,0
17,32,0
23,16,0
4,25,0
25,49,0
16,30,0
19,21,0
46,23,0
10,30,0
21,23,0
25,33,0
7,14,0
17,17,0
24,2,0
43,17,0
42,34,0
22,31,0
16,48,0
26,27,0
12,45,0
7,37,0
30,39,0
30,15,0
34,42,0
42,41,0
44,34,0
30,19,0
18,26,0
7,30,0
7,21,0
28,44,0
11,30,0
30,42,0
23,13,0
26,24,0
36,7,0
30,31,0
36,36,0
24,18,0
27,28,0
21,20,0
28,31,0
41,40,0
18,27,0
48,30,0
14,10,0
19,6,0
35,30,0
5,13,0
39,45,0
13,29,0
24,46,0
11,45,0
17,17,0
35,16,0
30,20,0
8,35,0
21,29,0
26,39,0
32,10,0
34,48,0
36,38,0
35,5,0
10,6,0
26,31,0
27,37,0
37,12,0
19,19,0
11,43,0
37,12,0
32,47,0
29,32,0
13,16,0
26,44,0
19,9,0
42,33,0
31,32,0
44,18,0
20,25,0
34,27,0
40,20,0
31,33,0
40,18,0
43,38,0
4,34,0
32,10,0
43,25,0
44,41,0
24,49,0
45,26,0
26,18,0
13,46,0
21,13,0
31,7,0
17,7,0
32,32,0
40,45,0
29,12,0
25,28,0
21,1,0
32,4,0
47,15,0
36,30,0
46,22,0
29,42,0
15,40,0
49,28,0
46,35,0
42,21,0
42,26,0
22,1,0
13,18,0
9,21,0
25,28,0
47,24,0
13,14,0
15,15,0
4,28,0
22,9,0
20,41,0
22,10,0
38,14,0
32,33,0
31,46,0
27,44,0
33,46,0
8,31,0
32,7,0
14,17,0
35,43,0
15,35,0
26,28,0
8,13,0
39,45,0
36,17,0
44,31,0
6,29,0
20,6,0
6,9,0
25,50,0
29,25,0
20,33,0
11,33,0
40,6,0
28,46,0
19,27,0
23,45,0
49,25,0
28,11,0
41,36,0
26,25,0
40,15,0
34,8,0
24,15,0
8,16,0
24,30,0
39,18,0
4,28,0
4,18,0
7,33,0
27,1,0
27,16,0
37,6,0
33,21,0
19,21,0
3,28,0
48,19,0
20,4,0
20,2,0
20,25,0
43,41,0
23,11,0
47,29,0
17,2,0
30,13,0
38,28,0
11,18,0
40,19,0
10,5,0
21,41,0
30,24,0
6,21,0
31,3,0
34,48,0
29,14,0
33,27,0
27,19,0
35,25,0
39,20,0
37,20,0
19,19,0
29,40,0
18,44,0
17,12,0
39,21,0
18,13,0
43,36,0
1,26,0
20,27,0
28,21,0
34,10,0
35,17,0
8,38,0
45,12,0
37,15,0
34,12,0
13,5,0
15,19,0
30,30,0
22,32,0
32,17,0
41,10,0
14,8,0
44,38,0
27,13,0
12,41,0
9,25,0
35,7,0
31,28,0
13,28,0
40,24,0
31,23,0
17,4,0
10,29,0
12,30,0
29,13,0
42,39,0
39,9,0
18,22,0
12,8,0
8,9,0
26,1,0
13,43,0
11,10,0
9,36,0
18,21,0
17,43,0
48,34,0
31,11,0
44,33,0
37,23,0
29,8,0
29,10,0
14,19,0
20,14,0
2,24,0
11,29,0
31,49,0
41,18,0
18,23,0
3,25,0
16,38,0
34,39,0
20,23,0
37,20,0
47,35,0
34,3,0
34,46,0
18,24,0
23,7,0
19,44,0
11,45,0
21,30,0
29,29,0
5,33,0
23,19,0
42,36,0
14,11,0
11,8,0
32,40,0
24,10,0
23,20,0
11,18,0
42,25,0
32,8,0
47,24,0
2,29,0
13,17,0
17,27,0
27,40,0
20,25,0
42,12,0
12,31,0
29,33,0
15,11,0
26,9,0
38,38,0
17,10,0
43,10,0
45,25,0
8,21,0
17,2,0
28,24,0
34,47,0
38,24,0
39,45,0
9,8,0
19,16,0
22,24,0
43,38,0
10,9,0
20,9,0
27,22,0
14,19,0
39,5,0
37,17,0
25,48,0
39,23,0
10,44,0
10,9,0
43,28,0
42,31,0
46,37,0
8,40,0
26,21,0
43,41,0
47,26,0
41,38,0
46,37,0
24,40,0
25,40,0
45,40,0
24,20,0
37,31,0
22,13,0
18,32,0
22,8,0
32,14,0
46,18,0
20,32,0
20,34,0
29,18,0
2,27,0
25,48,0
3,15,0
30,38,0
8,38,0
36,44,0
38,37,0
33,35,0
10,30,0
17,28,0
23,33,0
12,36,0
15,32,0
21,36,0
15,18,0
43,41,0
30,32,0
32,32,0
40,36,0
30,14,0
35,13,0
23,27,0
41,21,0
34,6,0
14,10,0
20,29,0
22,10,0
10,33,0
33,39,0
48,32,0
10,31,0
29,39,0
128,6,1
113,13,1
97,12,1
137,31,1
120,3,1
127,16,1
91,18,1
122,2,1
114,26,1
103,40,1
102,12,1
122,35,1
127,28,1
101,29,1
97,12,1
132,14,1
127,39,1
114,23,1
101,13,1
98,8,1
115,28,1
128,25,1
106,14,1
112,20,1
116,44,1
91,19,1
110,16,1
106,36,1
119,46,1
91,21,1
101,39,1
92,19,1
131,15,1
102,17,1
109,40,1
108,6,1
111,30,1
105,14,1
99,21,1
104,20,1
111,11,1
113,42,1
99,19,1
123,5,1
112,12,1
109,38,1
106,8,1
132,10,1
103,38,1
112,32,1
130,40,1
130,9,1
107,22,1
107,18,1
131,11,1
125,47,1
110,45,1
92,20,1
118,7,1
132,33,1
122,17,1
112,47,1
111,13,1
136,35,1
100,21,1
104,33,1
98,38,1
96,31,1
117,22,1
110,23,1
106,18,1
96,34,1
112,4,1
108,46,1
125,47,1
121,33,1
102,8,1
118,5,1
123,14,1
127,4,1
114,29,1
103,15,1
110,22,1
135,35,1
118,23,1
124,13,1
92,33,1
102,42,1
110,44,1
110,5,1
131,21,1
104,15,1
127,32,1
129,35,1
115,26,1
91,31,1
92,34,1
133,28,1
95,15,1
102,29,1
99,35,1
102,31,1
125,16,1
117,48,1
95,27,1
99,19,1
103,9,1
96,15,1
130,35,1
126,30,1
107,36,1
102,33,1
103,46,1
136,32,1
105,25,1
110,48,1
131,27,1
129,30,1
96,10,1
91,28,1
95,18,1
129,29,1
101,45,1
123,31,1
98,28,1
118,1,1
121,11,1
109,9,1
137,25,1
123,32,1
103,34,1
98,9,1
101,36,1
125,34,1
133,42,1
97,15,1
131,18,1
131,34,1
117,29,1
118,21,1
102,16,1
121,36,1
118,5,1
120,17,1
98,41,1
122,2,1
103,15,1
114,8,1
132,33,1
129,24,1
132,41,1
117,19,1
96,30,1
129,25,1
102,25,1
123,44,1
135,30,1
130,35,1
134,33,1
123,3,1
106,13,1
130,8,1
91,22,1
121,13,1
97,16,1
123,13,1
109,37,1
134,38,1
105,45,1
133,30,1
110,44,1
124,3,1
115,44,1
125,43,1
127,19,1
121,40,1
102,30,1
97,23,1
108,32,1
129,17,1
115,7,1
110,14,1
107,30,1
104,44,1
115,4,1
112,22,1
135,26,1
128,5,1
130,26,1
128,21,1
110,48,1
94,36,1
114,26,1
111,48,1
107,27,1
136,29,1
119,38,1
94,24,1
137,27,1
132,10,1
96,29,1
121,38,1
128,12,1
127,38,1
101,30,1
114,14,1
118,10,1
123,35,1
134,33,1
104,8,1
121,26,1
117,3,1
123,3,1
107,33,1
111,23,1
108,34,1
127,15,1
120,17,1
110,19,1
102,33,1
117,24,1
125,27,1
112,36,1
103,10,1
106,16,1
101,21,1
108,17,1
119,46,1
100,37,1
122,16,1
127,21,1
101,44,1
134,12,1
103,44,1
91,31,1
131,41,1
122,3,1
113,29,1
123,18,1
101,36,1
107,7,1
112,27,1
125,13,1
102,10,1
117,36,1
101,43,1
127,23,1
105,8,1
100,43,1
127,20,1
120,14,1
124,32,1
126,34,1
123,26,1
137,34,1
108,41,1
115,15,1
125,31,1
105,41,1
105,17,1
120,20,1
106,25,1
119,49,1
103,41,1
108,5,1
139,31,1
101,22,1
124,27,1
129,24,1
96,38,1
117,6,1
130,37,1
93,36,1
112,44,1
107,39,1
134,41,1
122,27,1
115,18,1
125,46,1
106,40,1
121,29,1
98,11,1
96,22,1
105,15,1
139,29,1
116,38,1
124,12,1
100,31,1
127,6,1
97,34,1
107,37,1
133,9,1
126,27,1
102,44,1
119,18,1
119,3,1
110,25,1
97,15,1
97,18,1
134,13,1
111,34,1
120,12,1
133,18,1
102,8,1
119,5,1
97,40,1
112,1,1
124,10,1
133,25,1
134,11,1
121,30,1
135,19,1
109,31,1
100,27,1
119,9,1
104,39,1
110,46,1
112,1,1
106,8,1
112,43,1
108,24,1
117,3,1
129,45,1
116,45,1
104,36,1
98,37,1
100,44,1
129,13,1
113,22,1
128,19,1
138,21,1
127,39,1
135,24,1
127,4,1
106,23,1
130,44,1
97,35,1
125,45,1
127,23,1
106,16,1
128,4,1
128,22,1
114,12,1
108,26,1
105,7,1
111,4,1
123,47,1
129,39,1
129,13,1
117,30,1
104,39,1
97,20,1
105,27,1
122,35,1
124,30,1
123,42,1
94,28,1
121,21,1
131,44,1
102,36,1
101,41,1
106,3,1
107,40,1
92,20,1
105,37,1
103,42,1
117,38,1
120,49,1
104,43,1
116,28,1
105,19,1
101,34,1
133,12,1
101,5,1
132,16,1
116,41,1
119,18,1
113,44,1
109,16,1
124,44,1
130,44,1
134,40,1
124,38,1
115,29,1
106,27,1
97,20,1
116,40,1
125,41,1
126,45,1
116,10,1
95,40,1
106,44,1
116,49,1
115,2,1
122,34,1
127,6,1
126,32,1
108,27,1
129,40,1
97,33,1
108,4,1
112,48,1
105,11,1
111,34,1
113,23,1
120,4,1
115,42,1
109,7,1
130,33,1
136,32,1
94,25,1
139,25,1
120,27,1
128,32,1
121,38,1
110,29,1
106,32,1
128,12,1
92,16,1
105,6,1
118,36,1
96,35,1
121,43,1
98,43,1
116,28,1
97,11,1
104,40,1
104,39,1
120,49,1
124,14,1
113,34,1
100,17,1
111,48,1
133,16,1
106,4,1
106,43,1
127,22,1
92,31,1
116,48,1
105,42,1
102,25,1
99,34,1
122,20,1
92,26,1
139,30,1
113,17,1
92,23,1
129,44,1
114,4,1
116,5,1
108,19,1
119,22,1
99,25,1
133,41,1
108,14,1
125,16,1
109,42,1
129,35,1
107,39,1
108,34,1
99,38,1
99,14,1
125,38,1
113,23,1
130,16,1
104,11,1
94,21,1
116,34,1
100,12,1
111,35,1
97,25,1
116,25,1
107,10,1
132,25,1
132,24,1
102,27,1
104,29,1
101,6,1
122,43,1
105,41,1
97,33,1
117,21,1
103,13,1
139,28,1
127,16,1
135,14,1
137,35,1
99,40,1
108,8,1
116,30,1
105,11,1
99,17,1
122,34,1
133,17,1
105,28,1
105,19,1
98,23,1
127,5,1
118,37,1
125,32,1
