11,32,0
30,4,0
37,4,0
16,47,0
22,48,0
25,8,0
9,6,0
29,24,0
14,17,0
13,45,0
5,36,0
39,20,0
37,19,0
43,16,0
38,21,0
44,19,0
14,41,0
40,11,0
27,37,0
13,41,0
24,31,0
49,22,0
16,43,0
44,13,0
9,8,0
25,13,0
38,32,0
12,41,0
14,46,0
32,12,0
48,21,0
18,23,0
45,17,0
23,1,0
18,45,0
14,5,0
16,46,0
30,27,0
40,25,0
13,39,0
17,20,0
32,34,0
22,11,0
4,25,0
26,30,0
9,15,0
26,19,0
14,27,0
17,48,0
28,24,0
33,22,0
17,3,0
33,18,0
43,41,0
17,4,0
18,48,0
39,36,0
8,38,0
44,38,0
25,4,0
47,34,0
26,17,0
2,33,0
7,23,0
32,1,0
14,15,0
20,4,0
43,10,0
16,25,0
19,25,0
4,17,0
13,27,0
19,21,0
45,10,0
19,30,0
21,17,0
20,36,0
42,31,0
8,30,0
28,5,0
17,46,0
37,25,0
33,28,0
24,12,0
45,10,0
40,26,0
9,30,0
21,37,0
27,30,0
31,6,0
16,15,0
13,46,0
27,31,0
39,30,0
36,18,0
23,29,0
25,10,0
3,28,0
25,33,0
43,30,0
28,35,0
25,15,0
13,40,0
21,10,0
22,13,0
28,16,0
30,38,0
33,48,0
27,10,0
29,27,0
17,12,0
33,17,0
46,34,0
39,41,0
49,27,0
20,36,0
27,6,0
19,31,0
35,25,0
23,37,0
43,37,0
10,11,0
18,12,0
10,31,0
16,29,0
11,25,0
35,15,0
40,24,0
38,10,0
16,43,0
39,34,0
36,6,0
7,25,0
22,39,0
20,10,0
38,33,0
14,19,0
23,27,0
47,22,0
14,4,0
20,49,0
36,37,0
7,13,0
12,37,0
5,29,0
30,36,0
43,16,0
11,12,0
32,31,0
30,14,0
6,28,0
16,48,0
39,34,0
44,19,0
31,32,0
12,10,0
41,23,0
12,32,0
30,4,0
9,27,0
29,8,0
12,8,0
35,14,0
38,30,0
3,35,0
35,16,0
46,32,0
42,42,0
41,23,0
44,34,0
26,41,0
37,39,0
10,45,0
11,31,0
19,41,0
34,14,0
5,26,0
22,23,0
36,18,0
22,5,0
12,44,0
13,12,0
44,15,0
30,2,0
11,12,0
1,23,0
12,4,0
24,17,0
46,21,0
34,14,0
49,20,0
46,22,0
23,16,0
30,14,0
20,18,0
21,47,0
36,38,0
29,31,0
7,22,0
12,40,0
8,11,0
12,24,0
39,32,0
26,15,0
15,32,0
9,13,0
48,25,0
1,18,0
15,7,0
42,40,0
45,40,0
27,22,0
1,23,0
6,21,0
15,7,0
11,13,0
17,16,0
4,15,0
12,33,0
20,9,0
16,8,0
45,19,0
31,14,0
35,23,0
40,11,0
43,22,0
3,31,0
10,30,0
9,44,0
23,19,0
28,19,0
12,27,0
40,37,0
43,38,0
20,13,0
21,24,0
14,10,0
25,8,0
31,33,0
7,21,0
25,42,0
37,14,0
38,4,0
23,28,0
34,2,0
10,32,0
35,25,0
29,49,0
28,36,0
24,44,0
7,36,0
12,4,0
37,37,0
18,1,0
18,35,0
2,29,0
22,19,0
17,39,0
18,8,0
27,1,0
11,42,0
14,28,0
48,24,0
32,39,0
22,3,0
16,20,0
29,27,0
34,39,0
13,8,0
24,10,0
26,8,0
44,23,0
29,9,0
17,14,0
11,39,0
27,21,0
9,6,0
13,16,0
41,36,0
17,10,0
41,8,0
31,26,0
11,31,0
42,40,0
22,24,0
29,16,0
34,9,0
14,4,0
10,19,0
11,45,0
25,5,0
8,21,0
12,46,0
4,31,0
37,28,0
22,25,0
18,26,0
38,23,0
21,42,0
18,7,0
9,39,0
4,35,0
12,13,0
40,15,0
5,16,0
16,44,0
19,27,0
37,12,0
47,35,0
10,6,0
21,24,0
34,41,0
19,40,0
19,18,0
33,48,0
16,4,0
5,40,0
34,39,0
8,10,0
18,31,0
12,28,0
14,45,0
38,23,0
29,19,0
8,12,0
15,44,0
1,24,0
35,20,0
43,26,0
9,43,0
43,41,0
14,12,0
1,20,0
33,46,0
6,15,0
8,17,0
20,34,0
17,31,0
9,40,0
16,37,0
5,15,0
15,8,0
37,20,0
5,16,0
35,19,0
28,30,0
24,22,0
28,30,0
39,7,0
18,47,0
31,41,0
12,30,0
10,13,0
42,17,0
38,19,0
28,20,0
25,21,0
22,32,0
41,12,0
4,17,0
34,14,0
37,6,0
16,16,0
18,47,0
27,47,0
27,25,0
38,38,0
39,40,0
5,22,0
33,2,0
19,44,0
42,11,0
15,36,0
24,45,0
16,15,0
9,17,0
28,49,0
45,36,0
42,14,0
15,16,0
36,31,0
32,17,0
15,39,0
25,11,0
42,18,0
46,17,0
17,33,0
24,38,0
28,33,0
11,12,0
23,40,0
11,15,0
20,40,0
37,32,0
5,38,0
24,45,0
32,21,0
48,20,0
4,29,0
40,26,0
23,24,0
43,15,0
25,5,0
2,20,0
17,20,0
42,36,0
19,48,0
28,33,0
45,28,0
26,22,0
35,12,0
39,30,0
12,23,0
17,14,0
42,28,0
32,37,0
15,27,0
7,11,0
43,14,0
15,6,0
21,24,0
45,32,0
11,12,0
27,16,0
1,30,0
23,19,0
22,40,0
28,12,0
14,24,0
19,28,0
34,25,0
22,16,0
7,19,0
11,40,0
34,22,0
5,19,0
5,13,0
33,11,0
38,5,0
20,19,0
20,23,0
43,38,0
38,14,0
30,32,0
15,4,0
35,38,0
3,22,0
23,44,0
34,16,0
44,25,0
24,42,0
46,30,0
43,12,0
46,37,0
21,21,0
5,39,0
36,14,0
30,26,0
7,36,0
11,30,0
21,35,0
47,15,0
15,27,0
23,13,0
23,18,0
11,44,0
21,28,0
38,8,0
5,33,0
30,38,0
34,47,0
20,30,0
36,20,0
40,8,0
40,26,0
23,17,0
22,31,0
36,16,0
24,14,0
22,13,0
14,4,0
25,43,0
40,6,0
23,17,0
37,36,0
19,24,0
4,30,0
8,15,0
27,22,0
27,27,0
19,21,0
28,3,0
46,14,0
15,38,0
4,15,0
19,42,0
12,43,0
11,14,0
45,10,0
6,41,0
93,15,1
136,21,1
98,35,1
114,15,1
105,42,1
110,26,1
95,18,1
139,22,1
107,15,1
105,4,1
108,23,1
112,14,1
103,14,1
121,47,1
128,34,1
110,8,1
118,16,1
121,11,1
121,44,1
125,12,1
136,21,1
126,33,1
96,30,1
103,17,1
130,31,1
104,13,1
121,10,1
128,28,1
103,11,1
103,21,1
103,25,1
121,9,1
119,20,1
109,3,1
122,11,1
124,30,1
102,20,1
103,23,1
126,40,1
100,22,1
115,36,1
120,28,1
102,13,1
106,2,1
125,20,1
103,44,1
114,29,1
103,41,1
117,31,1
96,32,1
121,23,1
119,42,1
113,8,1
120,46,1
106,13,1
97,16,1
122,6,1
123,33,1
100,15,1
109,39,1
136,34,1
127,18,1
130,26,1
99,19,1
137,17,1
139,20,1
134,31,1
121,10,1
115,42,1
135,25,1
139,30,1
123,13,1
110,6,1
109,47,1
137,32,1
111,39,1
108,24,1
104,13,1
92,33,1
129,15,1
98,32,1
99,30,1
111,29,1
131,14,1
135,19,1
95,11,1
135,23,1
103,46,1
118,1,1
108,35,1
96,19,1
110,14,1
102,45,1
95,19,1
110,39,1
106,40,1
135,33,1
116,38,1
122,30,1
107,37,1
121,35,1
99,39,1
107,25,1
105,31,1
108,7,1
104,33,1
99,33,1
119,9,1
134,16,1
113,21,1
108,25,1
95,27,1
109,42,1
120,4,1
102,15,1
139,20,1
100,19,1
135,22,1
101,41,1
94,32,1
106,36,1
106,40,1
91,30,1
103,30,1
122,3,1
118,8,1
107,32,1
108,5,1
106,7,1
94,25,1
106,44,1
128,10,1
117,44,1
135,13,1
122,3,1
105,27,1
108,29,1
123,47,1
132,9,1
110,22,1
99,8,1
111,38,1
103,10,1
121,20,1
93,16,1
109,7,1
98,31,1
122,45,1
133,24,1
119,32,1
109,37,1
116,30,1
120,26,1
106,36,1
105,22,1
131,44,1
134,18,1
129,7,1
130,32,1
122,4,1
122,43,1
136,16,1
96,12,1
100,7,1
110,37,1
136,36,1
101,11,1
131,31,1
108,16,1
131,19,1
129,5,1
110,20,1
95,22,1
111,34,1
128,5,1
118,43,1
102,46,1
105,42,1
127,45,1
105,6,1
113,33,1
92,19,1
129,19,1
117,6,1
108,44,1
91,21,1
128,13,1
136,25,1
135,17,1
134,20,1
105,13,1
108,28,1
102,16,1
100,11,1
132,38,1
135,27,1
131,39,1
116,4,1
131,20,1
132,8,1
116,5,1
123,14,1
101,8,1
108,44,1
124,39,1
125,11,1
110,8,1
99,44,1
113,17,1
113,29,1
130,30,1
95,26,1
133,11,1
109,41,1
108,14,1
102,24,1
124,42,1
104,31,1
136,20,1
108,1,1
130,26,1
100,37,1
104,30,1
128,14,1
119,30,1
128,10,1
120,6,1
116,16,1
130,14,1
126,27,1
123,18,1
126,19,1
121,20,1
109,1,1
124,9,1
109,2,1
134,36,1
118,17,1
114,41,1
131,34,1
116,48,1
95,15,1
111,30,1
135,13,1
132,26,1
127,4,1
100,24,1
103,4,1
124,48,1
105,3,1
112,43,1
101,18,1
105,47,1
108,15,1
115,14,1
131,6,1
106,33,1
122,1,1
102,23,1
119,42,1
97,16,1
106,40,1
119,27,1
128,13,1
116,34,1
112,13,1
103,6,1
122,31,1
126,44,1
112,25,1
103,13,1
135,10,1
100,45,1
97,10,1
116,49,1
110,16,1
121,48,1
121,11,1
129,10,1
137,31,1
123,4,1
128,37,1
135,20,1
129,5,1
121,37,1
131,28,1
105,44,1
101,37,1
121,45,1
102,14,1
130,41,1
119,25,1
121,35,1
116,6,1
99,26,1
129,12,1
112,48,1
121,28,1
114,19,1
110,2,1
120,19,1
136,12,1
99,21,1
105,30,1
132,43,1
113,23,1
106,17,1
132,32,1
128,35,1
100,34,1
117,36,1
113,32,1
133,27,1
116,42,1
112,44,1
107,25,1
97,32,1
111,32,1
124,29,1
137,28,1
114,25,1
98,10,1
106,6,1
129,36,1
121,22,1
120,1,1
115,42,1
108,4,1
96,19,1
111,14,1
116,35,1
109,1,1
134,34,1
134,16,1
103,6,1
117,5,1
95,26,1
132,37,1
100,42,1
123,4,1
92,23,1
120,7,1
137,30,1
108,21,1
106,27,1
99,35,1
135,33,1
108,42,1
123,16,1
106,39,1
102,12,1
117,33,1
103,28,1
108,10,1
112,35,1
105,38,1
120,10,1
116,10,1
114,45,1
108,19,1
114,18,1
112,49,1
135,22,1
98,9,1
129,20,1
131,41,1
97,38,1
102,15,1
109,11,1
106,10,1
138,32,1
108,41,1
108,18,1
136,16,1
122,12,1
110,10,1
118,49,1
115,16,1
112,14,1
97,34,1
110,13,1
127,26,1
129,16,1
118,1,1
124,30,1
102,39,1
125,32,1
103,38,1
120,46,1
109,37,1
116,49,1
108,35,1
116,12,1
100,8,1
112,22,1
126,12,1
127,23,1
129,35,1
106,46,1
131,10,1
125,24,1
114,46,1
102,24,1
132,13,1
93,35,1
120,31,1
101,8,1
109,7,1
137,21,1
110,3,1
117,12,1
117,1,1
125,20,1
117,32,1
117,9,1
135,21,1
104,23,1
107,15,1
128,26,1
138,29,1
130,8,1
128,28,1
109,47,1
137,25,1
114,4,1
131,17,1
109,6,1
118,38,1
130,24,1
120,40,1
139,21,1
118,49,1
128,35,1
92,16,1
136,33,1
107,37,1
106,9,1
97,9,1
94,22,1
112,36,1
131,22,1
110,19,1
112,27,1
94,23,1
118,10,1
105,17,1
131,40,1
114,40,1
98,11,1
135,34,1
131,44,1
107,41,1
123,22,1
117,29,1
109,40,1
127,11,1
125,39,1
101,44,1
117,36,1
120,36,1
118,5,1
107,15,1
126,9,1
130,13,1
117,5,1
132,29,1
137,28,1
103,17,1
134,34,1
113,36,1
104,39,1
101,42,1
104,28,1
115,47,1
134,16,1
124,6,1
121,32,1
124,24,1
112,36,1
119,24,1
116,29,1
126,24,1
113,31,1
102,5,1
115,47,1
132,42,1
125,17,1
132,26,1
138,17,1
105,44,1
122,39,1
108,39,1
113,38,1
125,33,1
126,30,1
116,10,1
99,33,1
105,40,1
104,37,1
106,42,1
