24,24,0
38,37,0
40,15,0
13,20,0
13,22,0
8,7,0
4,33,0
27,39,0
11,37,0
7,22,0
11,41,0
14,25,0
17,22,0
42,36,0
41,19,0
16,32,0
30,6,0
45,35,0
14,14,0
32,42,0
40,15,0
26,28,0
32,33,0
13,8,0
22,3,0
29,33,0
19,37,0
45,13,0
15,31,0
46,31,0
25,2,0
7,35,0
46,26,0
38,20,0
32,36,0
41,12,0
9,11,0
2,21,0
42,43,0
21,34,0
23,10,0
36,19,0
46,24,0
23,24,0
18,17,0
5,18,0
47,20,0
30,18,0
26,43,0
43,33,0
38,11,0
34,27,0
22,24,0
49,29,0
16,5,0
15,10,0
0,25,0
35,8,0
26,49,0
32,32,0
6,36,0
23,7,0
7,31,0
31,6,0
20,35,0
1,30,0
26,7,0
12,33,0
24,32,0
42,8,0
33,12,0
23,39,0
24,27,0
24,39,0
13,10,0
16,12,0
11,22,0
6,25,0
6,14,0
23,12,0
10,36,0
41,40,0
16,24,0
12,12,0
34,38,0
13,31,0
13,31,0
28,21,0
34,26,0
42,26,0
39,29,0
40,9,0
43,33,0
45,20,0
27,5,0
22,38,0
37,36,0
7,31,0
20,24,0
31,47,0
33,35,0
24,22,0
8,33,0
18,37,0
49,30,0
13,28,0
21,28,0
5,28,0
8,31,0
11,25,0
24,48,0
4,23,0
6,25,0
49,21,0
3,24,0
36,16,0
6,11,0
29,29,0
6,36,0
47,33,0
36,19,0
33,30,0
11,33,0
31,34,0
17,6,0
26,23,0
20,18,0
23,8,0
12,39,0
7,21,0
10,10,0
37,7,0
44,15,0
31,14,0
32,45,0
46,28,0
33,11,0
11,6,0
2,22,0
41,24,0
26,34,0
25,30,0
12,9,0
18,37,0
15,18,0
46,20,0
22,21,0
29,46,0
12,6,0
35,41,0
23,38,0
36,21,0
1,29,0
38,7,0
17,15,0
20,9,0
30,2,0
36,41,0
5,14,0
24,9,0
27,12,0
23,48,0
34,20,0
35,46,0
45,40,0
33,3,0
46,21,0
20,44,0
7,38,0
10,43,0
35,25,0
46,15,0
48,22,0
18,48,0
5,38,0
13,16,0
37,31,0
44,31,0
37,27,0
19,25,0
2,27,0
5,12,0
47,29,0
6,16,0
35,14,0
28,10,0
46,25,0
30,12,0
44,24,0
32,33,0
24,34,0
19,12,0
31,43,0
25,48,0
48,32,0
26,47,0
29,18,0
40,35,0
40,45,0
23,32,0
37,6,0
31,37,0
43,23,0
30,44,0
48,17,0
5,16,0
22,42,0
20,30,0
23,40,0
35,27,0
36,26,0
7,31,0
27,19,0
21,37,0
25,19,0
26,45,0
47,20,0
34,17,0
14,13,0
12,17,0
27,32,0
12,32,0
11,24,0
9,12,0
9,36,0
16,46,0
40,22,0
2,29,0
37,28,0
34,3,0
18,15,0
28,9,0
34,13,0
42,15,0
39,27,0
25,49,0
18,11,0
12,27,0
9,37,0
31,31,0
10,37,0
2,34,0
33,26,0
27,42,0
22,40,0
16,30,0
48,34,0
32,4,0
11,9,0
12,24,0
37,46,0
31,5,0
39,36,0
31,30,0
16,41,0
25,32,0
32,17,0
9,28,0
5,13,0
2,27,0
47,29,0
30,16,0
20,27,0
18,28,0
36,46,0
17,37,0
33,37,0
14,7,0
48,27,0
12,25,0
35,6,0
21,36,0
8,41,0
14,28,0
47,16,0
14,24,0
21,48,0
38,42,0
6,35,0
44,27,0
12,46,0
6,39,0
8,28,0
12,15,0
26,47,0
29,49,0
31,47,0
1,31,0
39,6,0
29,10,0
10,18,0
25,30,0
38,36,0
32,42,0
25,25,0
20,40,0
40,9,0
32,41,0
15,32,0
24,6,0
35,24,0
38,19,0
10,7,0
16,38,0
19,17,0
29,49,0
47,31,0
11,7,0
17,8,0
13,16,0
11,19,0
1,28,0
18,26,0
35,38,0
32,11,0
37,15,0
38,11,0
44,25,0
23,9,0
39,43,0
37,18,0
12,9,0
36,46,0
28,9,0
34,31,0
39,25,0
32,11,0
13,22,0
20,9,0
44,18,0
8,8,0
16,47,0
25,4,0
34,5,0
38,46,0
21,28,0
34,10,0
15,41,0
37,27,0
29,13,0
30,40,0
42,28,0
10,41,0
23,25,0
10,44,0
35,13,0
11,41,0
36,4,0
45,31,0
13,40,0
36,37,0
36,35,0
37,5,0
34,27,0
6,15,0
4,36,0
13,43,0
9,31,0
29,47,0
42,33,0
25,37,0
31,38,0
19,32,0
27,44,0
44,41,0
27,40,0
17,32,0
29,23,0
33,30,0
33,30,0
22,30,0
40,37,0
20,4,0
24,21,0
34,19,0
44,11,0
44,12,0
38,36,0
46,38,0
3,19,0
28,42,0
12,43,0
28,5,0
36,43,0
14,24,0
4,31,0
33,16,0
1,26,0
10,14,0
8,16,0
18,42,0
31,16,0
6,17,0
18,6,0
12,13,0
34,21,0
42,27,0
34,30,0
12,15,0
40,10,0
8,21,0
12,28,0
19,32,0
17,42,0
4,22,0
27,16,0
24,36,0
28,45,0
3,14,0
24,39,0
41,30,0
13,21,0
36,10,0
24,29,0
26,49,0
38,19,0
13,11,0
33,11,0
16,19,0
26,41,0
40,14,0
44,38,0
38,31,0
40,45,0
29,31,0
23,2,0
38,8,0
30,11,0
39,21,0
28,39,0
16,25,0
24,43,0
34,36,0
37,8,0
2,19,0
28,47,0
30,20,0
27,48,0
9,13,0
46,12,0
17,28,0
3,20,0
33,12,0
39,6,0
37,38,0
23,8,0
45,17,0
37,9,0
5,23,0
44,35,0
22,44,0
9,21,0
46,30,0
22,44,0
20,23,0
26,36,0
12,46,0
49,19,0
47,25,0
7,16,0
20,17,0
41,16,0
14,29,0
29,38,0
48,25,0
38,37,0
25,50,0
14,28,0
10,18,0
36,26,0
26,43,0
39,13,0
40,42,0
7,38,0
28,25,0
45,29,0
36,30,0
2,29,0
15,23,0
33,9,0
26,46,0
38,17,0
17,24,0
37,36,0
33,20,0
29,37,0
40,25,0
5,18,0
20,13,0
23,24,0
41,6,0
16,24,0
26,7,0
9,24,0
12,40,0
11,28,0
27,14,0
32,19,0
27,7,0
34,37,0
122,42,1
133,31,1
96,10,1
126,5,1
127,14,1
107,23,1
100,8,1
105,22,1
98,17,1
121,39,1
110,46,1
113,3,1
120,1,1
98,17,1
126,26,1
128,7,1
105,12,1
136,29,1
114,47,1
108,7,1
91,20,1
117,21,1
114,18,1
121,12,1
132,31,1
111,20,1
124,23,1
104,41,1
109,12,1
107,34,1
115,8,1
103,41,1
129,21,1
111,44,1
113,2,1
111,15,1
120,43,1
103,43,1
99,21,1
116,23,1
131,27,1
130,40,1
111,39,1
114,44,1
129,39,1
121,22,1
127,14,1
108,34,1
118,3,1
130,30,1
111,46,1
97,13,1
109,49,1
121,24,1
109,39,1
131,21,1
119,38,1
100,21,1
94,13,1
125,34,1
101,41,1
138,24,1
97,32,1
116,21,1
100,38,1
98,19,1
113,5,1
100,22,1
132,23,1
101,31,1
129,39,1
93,35,1
124,34,1
129,45,1
122,47,1
132,42,1
110,23,1
121,4,1
93,17,1
121,4,1
121,30,1
121,39,1
123,34,1
96,19,1
114,7,1
100,18,1
129,42,1
110,20,1
112,26,1
101,8,1
111,42,1
127,25,1
126,37,1
103,38,1
103,8,1
130,17,1
108,21,1
97,31,1
135,23,1
119,27,1
94,18,1
107,17,1
96,24,1
115,12,1
113,24,1
131,22,1
100,26,1
108,21,1
115,41,1
125,29,1
113,30,1
133,39,1
124,38,1
98,10,1
117,19,1
103,38,1
120,12,1
115,1,1
137,20,1
135,34,1
129,37,1
106,34,1
137,26,1
115,31,1
115,8,1
111,43,1
116,48,1
98,25,1
129,11,1
122,2,1
127,10,1
109,4,1
119,8,1
131,21,1
106,16,1
124,24,1
126,26,1
92,27,1
101,23,1
118,25,1
94,15,1
100,5,1
110,44,1
137,17,1
91,32,1
97,11,1
101,7,1
92,26,1
107,13,1
107,41,1
135,27,1
109,31,1
125,37,1
101,13,1
92,18,1
133,38,1
118,2,1
123,16,1
112,6,1
103,34,1
134,14,1
105,12,1
118,46,1
102,23,1
125,19,1
110,24,1
124,6,1
127,5,1
94,22,1
126,35,1
114,20,1
107,24,1
134,36,1
94,20,1
116,38,1
120,36,1
108,3,1
124,3,1
139,26,1
104,10,1
96,13,1
125,12,1
119,28,1
125,15,1
126,39,1
119,32,1
114,6,1
122,15,1
113,44,1
120,46,1
102,34,1
138,16,1
122,5,1
122,28,1
119,32,1
107,5,1
99,42,1
99,15,1
91,29,1
112,25,1
125,47,1
101,34,1
100,14,1
130,20,1
123,41,1
127,10,1
133,30,1
116,46,1
136,21,1
100,26,1
115,45,1
96,39,1
108,3,1
124,44,1
113,8,1
128,17,1
134,40,1
107,28,1
121,32,1
97,34,1
102,38,1
122,43,1
130,28,1
98,17,1
94,27,1
110,16,1
135,23,1
99,43,1
125,26,1
98,20,1
136,31,1
131,44,1
134,16,1
93,36,1
107,5,1
129,11,1
122,17,1
128,28,1
112,27,1
92,33,1
139,28,1
125,12,1
111,1,1
107,11,1
119,19,1
109,33,1
117,16,1
121,23,1
136,23,1
110,11,1
137,32,1
101,27,1
108,30,1
125,26,1
109,31,1
122,43,1
137,17,1
124,28,1
111,32,1
126,45,1
101,12,1
102,4,1
134,12,1
135,26,1
122,34,1
108,11,1
103,31,1
137,19,1
123,32,1
132,43,1
130,22,1
105,39,1
106,44,1
130,12,1
135,26,1
105,19,1
120,31,1
102,28,1
127,30,1
103,12,1
107,9,1
132,32,1
104,41,1
108,48,1
94,34,1
107,40,1
100,38,1
98,42,1
98,42,1
101,20,1
118,20,1
116,42,1
117,15,1
119,35,1
135,40,1
100,18,1
99,21,1
103,22,1
129,33,1
107,4,1
112,34,1
110,14,1
130,5,1
122,9,1
135,23,1
120,12,1
137,18,1
115,2,1
103,20,1
121,10,1
97,42,1
126,41,1
96,33,1
112,18,1
103,40,1
129,29,1
118,38,1
104,15,1
125,29,1
131,21,1
118,7,1
115,41,1
124,9,1
122,2,1
104,13,1
107,28,1
116,30,1
112,26,1
107,37,1
110,30,1
115,21,1
135,30,1
119,18,1
127,6,1
109,25,1
109,21,1
108,26,1
124,40,1
129,43,1
99,39,1
113,46,1
108,27,1
107,37,1
120,47,1
97,35,1
98,20,1
118,42,1
131,42,1
108,28,1
124,37,1
95,17,1
105,14,1
133,26,1
124,10,1
117,43,1
107,47,1
123,36,1
131,36,1
137,31,1
112,9,1
97,31,1
115,28,1
118,14,1
93,17,1
99,8,1
108,28,1
135,24,1
101,32,1
101,9,1
107,41,1
121,48,1
136,14,1
105,19,1
117,13,1
111,6,1
110,2,1
109,8,1
102,38,1
128,15,1
115,26,1
100,22,1
121,20,1
93,16,1
100,10,1
121,10,1
122,36,1
109,1,1
133,10,1
138,22,1
133,37,1
123,41,1
110,21,1
119,46,1
94,24,1
108,7,1
116,21,1
100,12,1
101,21,1
96,41,1
125,36,1
108,32,1
110,21,1
118,12,1
98,28,1
128,30,1
112,45,1
122,1,1
137,33,1
114,30,1
122,25,1
133,27,1
132,11,1
94,19,1
93,21,1
129,41,1
108,27,1
120,1,1
120,16,1
117,28,1
115,48,1
98,34,1
134,12,1
92,17,1
105,20,1
108,20,1
114,12,1
110,15,1
108,7,1
97,13,1
116,34,1
96,37,1
117,22,1
93,18,1
129,41,1
113,49,1
130,8,1
121,28,1
116,7,1
134,33,1
122,42,1
126,42,1
105,14,1
137,21,1
135,28,1
107,2,1
109,46,1
102,14,1
109,29,1
126,27,1
110,46,1
137,27,1
121,26,1
123,34,1
114,18,1
126,44,1
128,10,1
98,20,1
97,15,1
129,11,1
110,28,1
133,36,1
92,21,1
99,39,1
128,21,1
118,6,1
119,40,1
116,13,1
110,23,1
111,40,1
96,41,1
108,49,1
118,38,1
133,10,1
100,13,1
136,24,1
103,42,1
133,25,1
108,24,1
133,30,1
123,16,1
118,14,1
116,45,1
117,19,1
92,18,1
93,34,1
134,28,1
130,39,1
130,31,1
121,6,1
92,19,1
124,14,1
101,25,1
122,18,1
130,39,1
134,27,1
117,43,1
133,21,1
122,23,1
107,31,1
124,20,1
