33,23,0
39,33,0
24,47,0
20,3,0
42,36,0
48,18,0
23,16,0
21,24,0
49,32,0
31,3,0
16,12,0
43,41,0
39,45,0
23,15,0
14,29,0
44,21,0
25,44,0
29,47,0
27,16,0
23,8,0
19,44,0
6,14,0
21,48,0
36,10,0
14,19,0
36,20,0
14,9,0
7,23,0
19,45,0
49,25,0
39,24,0
11,30,0
42,33,0
43,26,0
14,26,0
31,40,0
10,21,0
11,10,0
25,48,0
23,32,0
29,39,0
45,15,0
11,6,0
17,10,0
31,5,0
44,37,0
36,8,0
21,36,0
21,39,0
23,23,0
38,24,0
1,19,0
19,36,0
43,23,0
19,41,0
44,12,0
27,14,0
28,17,0
45,31,0
44,13,0
30,16,0
26,34,0
26,34,0
38,37,0
15,41,0
44,16,0
5,14,0
36,25,0
41,30,0
31,34,0
16,45,0
28,48,0
35,46,0
5,10,0
48,29,0
31,24,0
37,19,0
26,21,0
6,38,0
6,23,0
25,48,0
7,39,0
8,29,0
26,36,0
22,6,0
23,43,0
26,31,0
43,37,0
18,41,0
17,48,0
43,40,0
35,8,0
41,42,0
5,23,0
22,24,0
36,32,0
17,37,0
16,30,0
27,43,0
21,9,0
31,2,0
18,27,0
38,20,0
20,16,0
24,12,0
27,9,0
14,41,0
43,35,0
9,29,0
13,43,0
34,14,0
33,24,0
24,38,0
17,32,0
28,40,0
20,2,0
21,29,0
28,31,0
6,12,0
31,48,0
17,30,0
24,45,0
5,24,0
34,3,0
40,7,0
29,2,0
30,43,0
17,3,0
40,38,0
32,32,0
9,28,0
14,9,0
47,18,0
8,35,0
43,13,0
22,20,0
10,36,0
34,26,0
15,6,0
4,16,0
39,19,0
36,5,0
29,30,0
44,16,0
31,12,0
30,9,0
27,23,0
20,19,0
15,43,0
34,31,0
36,11,0
48,32,0
3,25,0
7,34,0
32,46,0
12,21,0
15,29,0
11,41,0
45,16,0
10,8,0
34,37,0
45,36,0
37,33,0
36,5,0
25,45,0
24,29,0
17,8,0
44,16,0
33,25,0
47,17,0
3,19,0
13,35,0
37,26,0
32,37,0
26,38,0
14,6,0
25,37,0
4,29,0
38,4,0
36,21,0
11,37,0
3,24,0
18,23,0
32,12,0
34,44,0
36,28,0
49,30,0
8,20,0
43,12,0
18,3,0
2,16,0
39,38,0
14,17,0
30,10,0
9,10,0
27,16,0
10,27,0
28,35,0
16,31,0
30,10,0
39,29,0
25,9,0
14,47,0
8,14,0
13,43,0
44,29,0
42,43,0
4,34,0
5,27,0
24,17,0
20,10,0
38,44,0
14,21,0
40,12,0
32,35,0
38,12,0
38,19,0
6,12,0
45,27,0
23,20,0
15,44,0
18,4,0
10,25,0
6,38,0
40,5,0
14,11,0
27,47,0
26,11,0
44,33,0
43,10,0
43,14,0
46,34,0
23,4,0
24,10,0
39,30,0
40,37,0
24,1,0
3,16,0
17,46,0
20,37,0
45,18,0
23,29,0
4,13,0
22,16,0
45,13,0
30,49,0
15,9,0
32,45,0
16,6,0
41,35,0
28,23,0
36,46,0
34,18,0
14,33,0
17,18,0
6,17,0
5,37,0
12,44,0
43,11,0
14,42,0
12,34,0
40,26,0
42,31,0
4,30,0
25,24,0
49,20,0
47,22,0
24,31,0
5,12,0
38,43,0
31,42,0
16,5,0
27,43,0
5,30,0
30,42,0
14,31,0
27,20,0
16,28,0
36,14,0
26,46,0
34,10,0
38,27,0
31,45,0
27,29,0
19,33,0
41,30,0
7,42,0
10,27,0
34,36,0
30,16,0
31,46,0
33,10,0
30,19,0
9,9,0
38,27,0
46,12,0
29,14,0
37,22,0
13,23,0
22,37,0
37,22,0
44,26,0
19,4,0
18,26,0
30,20,0
3,21,0
33,29,0
40,6,0
37,24,0
34,11,0
24,31,0
49,26,0
14,43,0
3,30,0
30,32,0
10,41,0
37,39,0
43,19,0
48,27,0
40,36,0
38,10,0
40,20,0
28,47,0
37,17,0
12,7,0
12,12,0
35,18,0
7,32,0
25,22,0
19,47,0
9,30,0
32,2,0
3,32,0
10,39,0
35,10,0
11,32,0
12,31,0
31,46,0
17,30,0
28,24,0
17,10,0
14,18,0
21,22,0
5,13,0
23,35,0
12,32,0
12,19,0
31,25,0
5,29,0
22,45,0
43,30,0
48,18,0
14,31,0
45,23,0
19,3,0
15,24,0
24,47,0
25,40,0
22,17,0
35,28,0
16,7,0
5,33,0
11,37,0
46,20,0
8,29,0
46,19,0
46,17,0
42,29,0
28,1,0
17,16,0
48,18,0
32,5,0
45,26,0
24,11,0
24,20,0
33,42,0
46,38,0
14,46,0
23,3,0
22,33,0
15,44,0
27,18,0
15,15,0
29,24,0
13,44,0
28,23,0
12,18,0
6,19,0
20,37,0
25,50,0
16,14,0
30,9,0
38,32,0
12,23,0
8,9,0
25,31,0
39,6,0
29,14,0
35,7,0
23,41,0
40,37,0
32,8,0
32,4,0
15,22,0
32,19,0
26,44,0
37,42,0
15,39,0
15,12,0
24,37,0
36,29,0
42,12,0
39,36,0
14,15,0
12,7,0
17,23,0
48,21,0
16,39,0
6,18,0
29,35,0
36,42,0
29,28,0
26,36,0
25,16,0
48,27,0
27,37,0
34,5,0
23,13,0
24,1,0
18,1,0
19,13,0
34,47,0
34,28,0
37,29,0
14,45,0
19,2,0
23,13,0
45,25,0
37,23,0
2,20,0
1,23,0
30,45,0
24,33,0
24,24,0
23,3,0
19,19,0
11,11,0
36,28,0
11,13,0
18,45,0
47,16,0
20,14,0
31,46,0
30,13,0
40,10,0
18,5,0
45,23,0
4,13,0
42,35,0
20,9,0
14,29,0
18,20,0
3,16,0
14,4,0
21,29,0
15,40,0
21,19,0
19,6,0
10,35,0
32,16,0
42,10,0
7,35,0
33,17,0
9,27,0
40,35,0
32,17,0
28,27,0
16,3,0
36,16,0
10,45,0
12,8,0
25,29,0
20,22,0
14,27,0
22,11,0
34,19,0
11,39,0
47,26,0
24,19,0
24,12,0
19,44,0
41,42,0
38,13,0
3,29,0
23,9,0
40,34,0
23,20,0
49,29,0
5,13,0
39,25,0
114,48,1
126,17,1
96,11,1
120,44,1
108,31,1
101,12,1
127,24,1
97,14,1
95,39,1
109,26,1
128,24,1
97,12,1
125,24,1
125,25,1
92,26,1
96,25,1
107,23,1
103,44,1
119,17,1
117,6,1
117,29,1
111,29,1
130,16,1
128,22,1
114,15,1
115,15,1
122,48,1
131,12,1
122,5,1
121,5,1
121,11,1
118,39,1
134,33,1
92,17,1
101,19,1
95,34,1
122,31,1
121,6,1
107,44,1
121,32,1
131,17,1
125,32,1
120,38,1
105,34,1
114,29,1
114,34,1
135,30,1
132,41,1
115,50,1
130,44,1
129,40,1
118,9,1
100,11,1
118,28,1
121,2,1
102,4,1
111,48,1
111,45,1
104,15,1
133,29,1
115,50,1
127,21,1
101,43,1
116,15,1
114,16,1
115,15,1
119,26,1
116,31,1
100,35,1
98,13,1
122,48,1
110,45,1
136,15,1
126,11,1
99,41,1
128,18,1
129,28,1
115,24,1
111,13,1
117,15,1
126,31,1
137,34,1
125,43,1
110,49,1
93,26,1
109,42,1
118,9,1
109,8,1
137,36,1
100,36,1
123,31,1
112,43,1
99,32,1
101,32,1
111,46,1
121,37,1
122,22,1
136,14,1
121,20,1
134,32,1
98,19,1
116,16,1
108,7,1
122,49,1
125,38,1
125,20,1
114,30,1
105,10,1
139,20,1
111,4,1
127,8,1
135,32,1
101,7,1
97,11,1
125,22,1
105,13,1
134,19,1
92,33,1
106,14,1
130,34,1
121,26,1
107,35,1
108,38,1
95,20,1
100,17,1
108,38,1
122,21,1
96,32,1
125,15,1
125,5,1
126,38,1
116,25,1
134,25,1
127,9,1
118,41,1
106,29,1
126,34,1
126,23,1
121,28,1
124,35,1
110,12,1
114,33,1
120,44,1
135,14,1
105,25,1
122,28,1
117,5,1
110,49,1
98,32,1
125,27,1
130,17,1
106,43,1
129,10,1
111,17,1
105,19,1
136,25,1
109,38,1
96,41,1
113,25,1
117,11,1
105,3,1
130,31,1
131,36,1
105,30,1
106,38,1
130,29,1
132,34,1
136,33,1
99,35,1
101,7,1
99,31,1
106,19,1
123,7,1
112,30,1
125,8,1
137,21,1
100,21,1
130,16,1
137,16,1
128,42,1
125,36,1
136,35,1
110,13,1
109,13,1
95,27,1
118,43,1
108,38,1
124,27,1
127,29,1
127,26,1
96,28,1
102,24,1
101,12,1
110,43,1
92,27,1
130,37,1
112,42,1
126,33,1
127,21,1
117,39,1
108,4,1
96,27,1
119,6,1
102,30,1
104,15,1
135,30,1
119,27,1
126,36,1
125,18,1
133,21,1
121,24,1
118,11,1
133,11,1
106,41,1
92,24,1
125,24,1
93,15,1
126,30,1
131,6,1
133,15,1
132,17,1
127,6,1
112,14,1
123,7,1
123,36,1
96,11,1
119,26,1
125,37,1
133,16,1
106,48,1
93,31,1
113,45,1
132,32,1
108,18,1
108,43,1
113,32,1
101,14,1
97,36,1
131,18,1
112,23,1
123,10,1
131,24,1
106,23,1
103,34,1
130,13,1
103,31,1
109,46,1
113,4,1
135,18,1
117,43,1
132,14,1
113,42,1
97,36,1
99,17,1
108,26,1
127,38,1
124,20,1
136,19,1
125,43,1
137,29,1
99,28,1
124,10,1
131,12,1
133,28,1
134,39,1
103,14,1
122,43,1
104,3,1
117,5,1
94,16,1
131,7,1
132,9,1
120,2,1
117,26,1
104,6,1
123,16,1
128,21,1
125,18,1
101,24,1
136,24,1
97,25,1
125,34,1
93,27,1
102,23,1
97,25,1
116,3,1
91,20,1
117,43,1
103,39,1
118,36,1
96,40,1
94,37,1
112,44,1
117,36,1
107,9,1
104,43,1
138,20,1
94,27,1
139,19,1
133,32,1
129,33,1
129,5,1
95,40,1
112,26,1
98,11,1
126,40,1
113,17,1
106,23,1
134,26,1
92,27,1
106,29,1
97,25,1
109,30,1
97,25,1
106,17,1
105,8,1
129,11,1
129,28,1
128,45,1
95,37,1
98,34,1
109,31,1
109,19,1
122,31,1
137,14,1
104,43,1
118,23,1
120,8,1
114,40,1
130,36,1
121,42,1
134,22,1
122,10,1
93,20,1
127,39,1
120,42,1
98,13,1
111,49,1
128,28,1
118,31,1
115,41,1
114,16,1
105,47,1
112,5,1
115,30,1
124,47,1
94,22,1
119,46,1
104,29,1
112,29,1
99,13,1
125,6,1
120,41,1
94,28,1
96,29,1
110,19,1
108,29,1
131,31,1
116,9,1
118,16,1
130,45,1
101,20,1
99,37,1
119,46,1
119,25,1
132,41,1
121,6,1
121,27,1
111,48,1
92,25,1
123,5,1
137,20,1
121,11,1
120,39,1
112,25,1
103,40,1
115,45,1
116,37,1
117,42,1
115,44,1
118,6,1
103,41,1
137,31,1
120,34,1
136,15,1
116,16,1
109,15,1
100,28,1
128,41,1
139,22,1
93,28,1
119,31,1
128,9,1
131,22,1
101,30,1
111,38,1
92,16,1
110,21,1
129,44,1
137,15,1
111,14,1
123,41,1
102,32,1
128,22,1
106,13,1
128,27,1
107,23,1
134,24,1
112,21,1
102,38,1
109,34,1
95,12,1
116,49,1
102,12,1
119,20,1
120,33,1
110,21,1
103,42,1
98,27,1
124,30,1
110,18,1
134,28,1
101,38,1
134,10,1
92,16,1
102,10,1
130,41,1
130,23,1
100,5,1
136,14,1
138,18,1
117,24,1
118,22,1
138,28,1
116,44,1
129,28,1
119,31,1
138,31,1
115,2,1
131,27,1
124,18,1
133,26,1
102,24,1
139,18,1
126,47,1
121,5,1
130,13,1
136,18,1
126,44,1
126,44,1
101,27,1
93,26,1
106,7,1
113,40,1
129,30,1
126,3,1
123,2,1
99,23,1
122,40,1
107,9,1
123,47,1
137,27,1
111,48,1
107,15,1
128,25,1
119,44,1
96,39,1
111,20,1
94,24,1
134,19,1
106,40,1
102,33,1
104,27,1
124,31,1
102,45,1
119,10,1
114,25,1
110,37,1
114,20,1
102,44,1
122,27,1
118,22,1
104,38,1
112,16,1
135,40,1
95,35,1
126,46,1
118,4,1
138,19,1
104,32,1
107,4,1
126,35,1
108,16,1
118,23,1
113,49,1
121,48,1
113,39,1
101,14,1
108,15,1
130,33,1
