8,19,0
10,42,0
32,49,0
36,8,0
20,43,0
4,30,0
1,20,0
39,40,0
33,11,0
5,18,0
36,40,0
31,37,0
15,39,0
15,13,0
39,37,0
22,19,0
46,37,0
26,20,0
13,32,0
35,45,0
23,16,0
11,38,0
9,44,0
22,8,0
30,11,0
26,22,0
32,31,0
10,31,0
44,22,0
25,5,0
20,39,0
9,17,0
28,37,0
5,33,0
17,31,0
35,14,0
38,40,0
43,17,0
20,12,0
40,34,0
47,21,0
20,28,0
8,36,0
19,2,0
45,37,0
11,42,0
19,34,0
30,3,0
36,46,0
29,49,0
9,18,0
39,38,0
36,5,0
24,6,0
27,39,0
28,19,0
11,45,0
28,44,0
23,13,0
22,37,0
23,2,0
5,17,0
24,19,0
48,28,0
47,28,0
9,16,0
18,13,0
28,22,0
34,17,0
26,43,0
33,18,0
16,28,0
12,35,0
35,3,0
9,29,0
18,40,0
41,42,0
10,10,0
33,22,0
21,17,0
26,20,0
39,16,0
43,14,0
28,39,0
15,12,0
20,19,0
18,34,0
27,12,0
32,27,0
32,11,0
17,37,0
28,17,0
29,38,0
3,30,0
19,2,0
15,33,0
31,33,0
5,30,0
23,41,0
17,45,0
38,21,0
18,11,0
28,20,0
32,30,0
20,6,0
13,38,0
20,25,0
43,10,0
38,44,0
12,8,0
26,40,0
7,38,0
38,9,0
6,32,0
30,6,0
13,36,0
29,18,0
34,8,0
6,33,0
8,32,0
41,30,0
14,28,0
6,11,0
13,14,0
48,27,0
26,43,0
23,35,0
5,24,0
9,10,0
23,19,0
43,19,0
31,43,0
28,40,0
29,41,0
13,18,0
40,33,0
45,12,0
19,26,0
7,41,0
6,13,0
22,1,0
24,5,0
19,12,0
30,6,0
34,46,0
2,33,0
13,4,0
42,42,0
29,43,0
49,19,0
10,5,0
29,38,0
34,7,0
47,15,0
11,12,0
9,39,0
27,18,0
49,30,0
34,47,0
4,34,0
34,26,0
14,5,0
18,48,0
43,20,0
48,18,0
8,27,0
29,22,0
26,28,0
42,25,0
28,23,0
37,36,0
21,31,0
25,29,0
14,18,0
41,40,0
18,33,0
32,46,0
47,18,0
33,18,0
32,42,0
33,3,0
42,38,0
9,16,0
20,26,0
40,40,0
25,6,0
4,33,0
43,40,0
10,43,0
2,27,0
16,33,0
13,6,0
45,24,0
30,17,0
45,25,0
18,3,0
24,28,0
24,42,0
47,19,0
16,25,0
38,11,0
19,7,0
4,17,0
40,44,0
10,22,0
8,33,0
7,11,0
35,5,0
20,41,0
2,28,0
31,22,0
10,15,0
10,19,0
19,28,0
19,5,0
5,13,0
39,37,0
27,42,0
18,35,0
45,30,0
10,31,0
14,10,0
22,27,0
30,28,0
32,5,0
28,40,0
30,3,0
32,24,0
11,21,0
16,40,0
35,30,0
8,28,0
23,10,0
28,36,0
16,10,0
23,28,0
13,34,0
12,13,0
15,12,0
38,13,0
36,13,0
32,41,0
45,30,0
32,18,0
15,15,0
33,8,0
8,18,0
32,25,0
28,39,0
17,41,0
35,18,0
26,18,0
24,33,0
20,45,0
30,6,0
19,7,0
35,43,0
20,11,0
21,49,0
38,7,0
23,29,0
15,22,0
13,38,0
42,36,0
31,23,0
14,43,0
32,29,0
31,22,0
47,24,0
34,35,0
35,41,0
28,20,0
28,46,0
42,29,0
19,21,0
35,6,0
47,20,0
22,39,0
49,24,0
23,30,0
3,36,0
37,43,0
1,21,0
13,28,0
37,45,0
46,21,0
22,33,0
8,28,0
5,34,0
48,17,0
41,9,0
23,29,0
17,11,0
36,9,0
20,37,0
19,45,0
11,21,0
45,20,0
32,12,0
26,33,0
20,46,0
19,42,0
47,27,0
10,5,0
41,33,0
24,31,0
34,10,0
32,26,0
15,23,0
28,34,0
21,42,0
33,6,0
44,19,0
9,26,0
29,19,0
22,24,0
22,30,0
13,4,0
15,17,0
35,37,0
17,27,0
36,37,0
11,35,0
27,41,0
41,29,0
45,24,0
17,25,0
2,30,0
40,17,0
20,14,0
12,36,0
35,43,0
10,28,0
44,33,0
26,49,0
11,10,0
5,31,0
45,22,0
20,23,0
18,33,0
20,36,0
22,48,0
18,10,0
37,18,0
11,43,0
36,3,0
31,18,0
20,29,0
41,23,0
28,48,0
41,35,0
29,46,0
3,25,0
9,38,0
48,19,0
24,10,0
30,4,0
7,10,0
46,20,0
46,25,0
23,32,0
15,18,0
8,36,0
17,48,0
27,36,0
16,41,0
46,14,0
31,44,0
34,25,0
15,45,0
6,27,0
29,4,0
32,26,0
29,10,0
9,37,0
40,15,0
30,25,0
34,14,0
31,7,0
6,21,0
47,14,0
16,33,0
10,39,0
28,11,0
13,45,0
9,34,0
33,14,0
39,29,0
23,16,0
42,14,0
46,28,0
31,20,0
34,33,0
29,33,0
37,17,0
45,21,0
16,31,0
12,43,0
42,18,0
6,23,0
45,16,0
8,20,0
47,29,0
40,22,0
39,23,0
17,40,0
27,18,0
30,21,0
32,4,0
33,21,0
32,25,0
9,12,0
43,34,0
1,22,0
35,33,0
23,41,0
46,24,0
31,38,0
13,14,0
10,38,0
6,29,0
13,6,0
28,49,0
46,14,0
39,41,0
21,45,0
18,23,0
8,23,0
17,36,0
29,8,0
26,14,0
4,33,0
21,23,0
43,13,0
31,39,0
18,12,0
29,16,0
17,45,0
28,9,0
27,1,0
43,42,0
28,8,0
26,2,0
28,45,0
22,43,0
31,1,0
14,33,0
25,33,0
6,18,0
24,37,0
38,6,0
44,22,0
6,20,0
31,8,0
12,10,0
29,21,0
4,18,0
2,18,0
19,16,0
26,6,0
27,5,0
21,39,0
16,21,0
43,42,0
31,10,0
30,3,0
31,6,0
38,36,0
8,7,0
11,11,0
29,2,0
27,9,0
26,13,0
19,23,0
6,13,0
18,28,0
37,4,0
25,41,0
48,19,0
34,48,0
39,41,0
19,13,0
28,41,0
6,18,0
26,24,0
41,21,0
41,7,0
1,18,0
38,38,0
37,29,0
38,35,0
47,34,0
33,46,0
34,39,0
2,23,0
31,39,0
27,13,0
19,17,0
8,27,0
25,50,0
90,35,1
105,27,1
115,40,1
83,31,1
115,32,1
115,34,1
122,39,1
112,38,1
93,19,1
104,40,1
115,44,1
119,21,1
102,3,1
102,37,1
106,49,1
105,26,1
118,43,1
99,16,1
105,9,1
93,4,1
121,24,1
118,45,1
91,31,1
103,18,1
107,20,1
110,49,1
109,22,1
90,26,1
110,16,1
101,27,1
119,34,1
93,46,1
110,40,1
104,35,1
100,20,1
97,21,1
99,36,1
113,37,1
116,45,1
110,16,1
93,34,1
95,35,1
96,32,1
98,36,1
119,11,1
106,6,1
102,15,1
98,20,1
118,23,1
104,4,1
109,28,1
93,29,1
89,26,1
90,5,1
129,27,1
81,25,1
99,41,1
105,5,1
84,37,1
98,16,1
105,4,1
93,43,1
103,24,1
109,7,1
92,4,1
83,24,1
127,27,1
116,3,1
117,5,1
106,48,1
124,27,1
117,38,1
83,31,1
119,7,1
110,17,1
88,27,1
88,33,1
119,15,1
85,37,1
81,21,1
111,13,1
113,36,1
125,37,1
89,16,1
100,16,1
123,22,1
91,39,1
107,20,1
90,25,1
92,18,1
108,27,1
111,7,1
103,41,1
96,17,1
108,10,1
98,29,1
106,16,1
85,27,1
112,27,1
87,14,1
102,40,1
119,38,1
114,17,1
98,8,1
119,28,1
94,6,1
108,5,1
85,13,1
110,29,1
113,30,1
90,41,1
105,8,1
117,45,1
106,34,1
88,30,1
120,27,1
97,28,1
113,16,1
117,32,1
88,19,1
126,29,1
92,23,1
119,12,1
120,21,1
125,29,1
87,29,1
102,1,1
92,28,1
107,30,1
106,8,1
108,32,1
96,28,1
104,39,1
94,8,1
103,41,1
113,32,1
105,4,1
113,10,1
125,34,1
125,10,1
117,13,1
99,6,1
106,20,1
115,21,1
104,49,1
104,43,1
97,31,1
94,3,1
94,10,1
102,8,1
103,39,1
97,15,1
117,21,1
128,22,1
92,20,1
88,21,1
82,25,1
103,48,1
106,23,1
101,21,1
115,38,1
113,18,1
113,4,1
116,38,1
82,19,1
114,31,1
125,24,1
116,45,1
98,36,1
95,8,1
115,25,1
107,17,1
90,22,1
108,42,1
106,33,1
87,19,1
90,29,1
86,30,1
118,4,1
114,15,1
90,24,1
93,31,1
87,11,1
105,26,1
85,26,1
119,45,1
119,27,1
84,34,1
108,4,1
109,48,1
127,27,1
108,43,1
88,12,1
85,34,1
90,35,1
91,11,1
103,13,1
116,22,1
106,29,1
106,7,1
111,42,1
107,28,1
120,44,1
87,13,1
125,18,1
107,35,1
101,11,1
97,46,1
114,12,1
91,26,1
126,32,1
106,5,1
113,35,1
97,41,1
116,45,1
112,43,1
95,47,1
99,11,1
122,39,1
108,11,1
91,12,1
108,11,1
103,13,1
98,8,1
113,17,1
112,42,1
99,14,1
129,27,1
120,11,1
85,27,1
90,34,1
115,44,1
106,33,1
97,47,1
129,18,1
84,31,1
123,32,1
114,8,1
127,21,1
104,2,1
120,44,1
120,27,1
127,28,1
107,49,1
83,23,1
84,29,1
97,20,1
119,13,1
105,34,1
87,25,1
98,12,1
94,33,1
108,21,1
129,29,1
109,29,1
92,16,1
126,20,1
103,11,1
118,11,1
108,9,1
95,34,1
125,40,1
114,44,1
111,41,1
101,31,1
107,41,1
99,20,1
95,34,1
119,22,1
91,28,1
99,18,1
96,37,1
114,30,1
87,11,1
113,32,1
128,27,1
118,33,1
94,16,1
119,22,1
85,38,1
113,21,1
104,11,1
103,42,1
116,11,1
98,5,1
113,27,1
113,20,1
101,4,1
108,45,1
104,48,1
95,4,1
119,43,1
101,34,1
113,45,1
111,9,1
91,37,1
118,25,1
112,9,1
103,41,1
113,29,1
116,3,1
85,13,1
111,5,1
106,32,1
112,47,1
103,4,1
100,34,1
126,15,1
117,43,1
81,23,1
124,10,1
125,13,1
104,44,1
111,10,1
96,42,1
110,32,1
112,42,1
103,18,1
92,40,1
112,17,1
109,19,1
108,43,1
116,40,1
88,11,1
110,19,1
107,14,1
87,28,1
100,26,1
102,40,1
108,13,1
88,40,1
119,38,1
118,23,1
84,37,1
94,24,1
91,44,1
105,16,1
90,30,1
105,28,1
110,7,1
117,11,1
119,18,1
121,30,1
111,17,1
83,36,1
103,13,1
128,20,1
100,22,1
92,40,1
122,21,1
118,25,1
99,19,1
98,23,1
126,29,1
106,16,1
94,28,1
91,38,1
96,46,1
113,26,1
107,37,1
116,18,1
95,41,1
118,33,1
115,25,1
103,31,1
93,19,1
123,23,1
100,48,1
87,36,1
128,32,1
96,8,1
111,10,1
100,6,1
114,6,1
110,18,1
123,8,1
119,19,1
126,29,1
112,21,1
109,28,1
117,16,1
126,24,1
97,20,1
117,10,1
88,14,1
110,16,1
111,6,1
112,4,1
104,24,1
95,38,1
115,5,1
108,43,1
115,44,1
106,49,1
119,14,1
114,40,1
122,42,1
112,34,1
98,1,1
129,18,1
96,14,1
118,18,1
122,32,1
103,47,1
117,19,1
96,37,1
103,30,1
127,20,1
105,17,1
91,43,1
82,19,1
117,36,1
125,23,1
93,19,1
115,46,1
92,12,1
128,22,1
89,21,1
103,44,1
99,36,1
99,31,1
93,24,1
109,17,1
118,7,1
111,25,1
120,39,1
85,18,1
103,29,1
115,20,1
105,39,1
108,48,1
100,48,1
116,47,1
87,20,1
104,8,1
99,47,1
87,20,1
106,27,1
89,27,1
110,45,1
127,30,1
105,20,1
108,9,1
92,30,1
100,25,1
94,24,1
106,13,1
117,42,1
109,49,1
114,38,1
122,32,1
123,31,1
118,45,1
121,31,1
89,9,1
94,40,1
88,16,1
127,29,1
90,38,1
84,37,1
104,31,1
102,5,1
92,40,1
113,19,1
91,35,1
91,26,1
111,45,1
119,9,1
121,15,1
111,25,1
83,35,1
94,43,1
95,23,1
102,37,1
118,30,1
117,38,1
98,28,1
111,25,1
104,38,1
107,30,1
120,17,1
129,30,1
94,14,1
92,32,1
100,3,1
119,22,1
107,45,1
100,10,1
91,23,1
83,35,1
106,16,1
102,29,1
89,17,1
111,17,1
87,17,1
88,30,1
104,13,1
89,16,1
109,31,1
105,7,1
