11,15,0
48,28,0
34,2,0
47,17,0
35,16,0
43,42,0
43,22,0
44,40,0
37,22,0
2,23,0
7,36,0
11,33,0
38,33,0
33,32,0
31,12,0
37,30,0
31,11,0
33,16,0
12,6,0
17,7,0
8,27,0
26,25,0
15,21,0
1,31,0
8,7,0
9,44,0
17,34,0
24,18,0
14,46,0
38,44,0
32,36,0
41,25,0
46,29,0
33,19,0
2,28,0
38,24,0
42,30,0
14,25,0
8,18,0
27,14,0
9,15,0
19,6,0
30,36,0
19,27,0
20,7,0
46,30,0
43,10,0
7,32,0
18,37,0
7,17,0
9,36,0
12,9,0
25,45,0
10,30,0
28,41,0
5,31,0
28,22,0
34,29,0
43,41,0
17,9,0
16,31,0
17,3,0
33,27,0
27,23,0
26,27,0
30,23,0
18,30,0
44,9,0
40,30,0
9,15,0
8,32,0
11,45,0
28,41,0
14,24,0
7,11,0
31,2,0
8,42,0
27,49,0
25,3,0
32,45,0
46,13,0
16,19,0
31,14,0
29,49,0
12,18,0
28,23,0
44,29,0
30,23,0
25,39,0
27,18,0
27,7,0
7,40,0
5,24,0
14,37,0
14,6,0
31,22,0
25,11,0
9,6,0
27,23,0
18,4,0
33,7,0
23,44,0
23,42,0
36,39,0
8,9,0
8,43,0
20,33,0
2,19,0
5,30,0
18,47,0
23,49,0
20,49,0
15,41,0
44,18,0
37,22,0
20,24,0
23,3,0
6,24,0
40,30,0
23,8,0
44,15,0
7,30,0
31,38,0
10,19,0
33,47,0
21,31,0
1,26,0
40,16,0
26,20,0
12,5,0
41,35,0
14,42,0
44,14,0
22,32,0
35,14,0
15,25,0
27,33,0
8,20,0
22,7,0
19,6,0
4,24,0
23,18,0
20,1,0
16,12,0
5,30,0
12,29,0
47,15,0
19,47,0
6,19,0
25,41,0
3,27,0
5,14,0
24,8,0
5,36,0
11,44,0
25,16,0
13,41,0
20,19,0
15,43,0
20,44,0
22,22,0
29,2,0
23,25,0
15,15,0
4,13,0
4,25,0
13,17,0
34,40,0
30,39,0
17,6,0
40,39,0
5,10,0
35,32,0
18,43,0
15,6,0
16,25,0
29,4,0
36,5,0
33,16,0
16,38,0
6,13,0
4,37,0
22,27,0
9,23,0
12,14,0
11,34,0
31,8,0
17,35,0
11,39,0
41,29,0
17,26,0
43,24,0
5,15,0
25,14,0
47,20,0
10,43,0
26,32,0
44,10,0
10,37,0
39,33,0
27,34,0
28,13,0
12,38,0
33,17,0
8,18,0
32,12,0
4,14,0
7,21,0
34,10,0
22,10,0
22,29,0
42,16,0
31,34,0
27,49,0
15,28,0
7,37,0
20,8,0
27,37,0
14,16,0
5,21,0
21,25,0
10,44,0
42,16,0
31,14,0
38,9,0
38,42,0
13,18,0
32,22,0
24,14,0
27,9,0
9,8,0
28,40,0
16,44,0
27,20,0
49,21,0
24,20,0
23,25,0
6,20,0
28,18,0
26,8,0
42,15,0
7,25,0
23,21,0
23,15,0
36,8,0
44,9,0
34,35,0
33,17,0
17,27,0
4,36,0
34,31,0
14,20,0
44,19,0
33,6,0
34,47,0
26,24,0
7,42,0
21,11,0
34,20,0
24,5,0
7,40,0
20,23,0
9,6,0
15,13,0
6,39,0
18,32,0
6,29,0
24,16,0
13,23,0
44,29,0
36,42,0
28,39,0
34,9,0
15,14,0
25,6,0
18,31,0
27,26,0
41,19,0
33,21,0
3,15,0
27,2,0
16,41,0
14,45,0
43,10,0
43,13,0
34,44,0
43,26,0
11,12,0
35,31,0
33,30,0
46,21,0
35,15,0
39,23,0
27,47,0
2,21,0
39,28,0
20,38,0
31,14,0
22,30,0
22,47,0
12,33,0
18,9,0
29,25,0
18,45,0
35,28,0
28,28,0
35,11,0
26,14,0
26,32,0
26,23,0
8,20,0
41,23,0
27,5,0
16,45,0
40,16,0
33,21,0
42,34,0
23,8,0
12,29,0
26,26,0
30,14,0
48,22,0
22,11,0
34,21,0
11,36,0
28,48,0
5,38,0
25,38,0
40,18,0
14,20,0
10,32,0
9,24,0
40,26,0
30,38,0
18,40,0
33,37,0
17,45,0
30,44,0
19,29,0
14,31,0
17,4,0
22,1,0
19,2,0
44,12,0
27,12,0
34,19,0
45,10,0
42,40,0
35,17,0
28,6,0
45,11,0
13,7,0
12,20,0
10,11,0
15,4,0
15,34,0
23,27,0
41,38,0
20,42,0
23,15,0
39,6,0
22,30,0
4,20,0
31,37,0
32,35,0
14,14,0
16,11,0
24,47,0
28,45,0
8,11,0
34,30,0
23,21,0
24,46,0
19,16,0
26,4,0
35,20,0
22,38,0
43,15,0
12,10,0
2,17,0
48,17,0
30,20,0
26,7,0
40,35,0
11,33,0
18,2,0
18,15,0
46,36,0
11,31,0
3,14,0
35,34,0
10,36,0
32,11,0
43,32,0
10,28,0
49,19,0
40,14,0
26,31,0
27,16,0
4,15,0
28,36,0
42,34,0
36,12,0
24,47,0
44,39,0
34,42,0
33,8,0
19,17,0
22,2,0
13,15,0
36,46,0
49,30,0
36,18,0
34,37,0
15,10,0
42,31,0
38,6,0
3,29,0
19,20,0
30,16,0
27,14,0
38,12,0
38,8,0
31,24,0
30,20,0
26,43,0
43,41,0
37,35,0
25,29,0
23,19,0
11,19,0
11,21,0
16,3,0
15,46,0
22,31,0
30,12,0
20,34,0
16,42,0
29,12,0
41,31,0
39,9,0
44,25,0
24,28,0
45,23,0
4,37,0
33,21,0
40,20,0
9,18,0
36,7,0
11,45,0
26,16,0
47,31,0
38,36,0
35,40,0
39,11,0
12,44,0
44,31,0
22,49,0
10,22,0
37,33,0
7,41,0
41,41,0
31,15,0
25,23,0
18,23,0
20,19,0
11,34,0
3,21,0
29,44,0
21,30,0
15,14,0
44,24,0
18,31,0
15,29,0
30,21,0
15,47,0
9,23,0
36,37,0
10,14,0
22,24,0
19,25,0
35,18,0
24,16,0
19,37,0
42,20,0
41,22,0
25,5,0
33,7,0
11,20,0
5,11,0
16,31,0
37,34,0
41,39,0
20,8,0
43,24,0
40,17,0
23,9,0
29,35,0
48,25,0
33,45,0
111,22,1
124,14,1
121,38,1
120,41,1
110,19,1
114,32,1
105,49,1
89,38,1
97,31,1
91,28,1
115,38,1
113,15,1
100,12,1
114,44,1
103,4,1
110,17,1
113,39,1
104,28,1
81,18,1
119,33,1
120,27,1
94,46,1
85,13,1
110,34,1
105,14,1
90,30,1
110,17,1
111,10,1
115,14,1
108,12,1
91,5,1
120,43,1
91,7,1
95,31,1
90,32,1
96,20,1
104,33,1
110,13,1
118,9,1
100,35,1
104,32,1
105,50,1
120,17,1
112,17,1
86,36,1
108,46,1
108,3,1
100,42,1
111,17,1
115,42,1
113,8,1
125,37,1
125,29,1
128,20,1
92,42,1
120,44,1
103,22,1
109,19,1
105,15,1
90,8,1
96,34,1
90,31,1
101,11,1
109,15,1
86,26,1
81,27,1
125,35,1
111,23,1
122,14,1
95,33,1
100,3,1
109,34,1
91,15,1
109,46,1
121,33,1
94,10,1
119,9,1
111,20,1
98,10,1
97,15,1
92,6,1
104,30,1
99,16,1
90,15,1
93,41,1
98,24,1
99,11,1
88,22,1
97,31,1
119,5,1
124,38,1
89,15,1
113,27,1
116,11,1
81,30,1
104,46,1
118,17,1
94,46,1
83,32,1
111,9,1
122,28,1
105,48,1
104,33,1
92,22,1
94,39,1
107,40,1
90,13,1
104,34,1
95,29,1
98,6,1
116,19,1
91,39,1
97,27,1
81,18,1
105,38,1
94,42,1
107,13,1
101,12,1
84,26,1
115,26,1
88,39,1
92,34,1
122,42,1
87,17,1
111,42,1
94,34,1
101,11,1
113,15,1
113,40,1
124,14,1
95,24,1
103,29,1
92,28,1
123,42,1
114,40,1
85,28,1
110,47,1
100,42,1
97,28,1
91,21,1
112,22,1
86,36,1
110,26,1
96,35,1
93,37,1
104,36,1
113,45,1
115,11,1
123,30,1
100,35,1
122,36,1
121,35,1
100,6,1
117,21,1
121,39,1
121,24,1
81,27,1
106,31,1
111,29,1
109,27,1
103,36,1
126,16,1
113,42,1
107,23,1
128,23,1
117,44,1
103,18,1
102,11,1
109,40,1
87,36,1
112,38,1
113,41,1
128,32,1
103,31,1
95,45,1
112,9,1
110,38,1
119,11,1
92,39,1
113,13,1
115,6,1
105,50,1
125,27,1
119,7,1
90,17,1
84,28,1
92,14,1
112,44,1
88,30,1
106,7,1
123,16,1
106,30,1
102,4,1
109,27,1
108,34,1
97,23,1
109,14,1
102,46,1
96,6,1
96,26,1
120,34,1
100,23,1
97,16,1
113,46,1
98,28,1
117,33,1
102,26,1
108,33,1
122,43,1
124,29,1
94,35,1
94,3,1
124,37,1
116,19,1
90,41,1
109,22,1
100,39,1
114,30,1
114,41,1
95,4,1
113,34,1
88,17,1
87,8,1
115,24,1
91,6,1
98,14,1
123,23,1
83,19,1
127,26,1
128,19,1
92,19,1
118,24,1
108,47,1
119,8,1
111,17,1
120,44,1
117,23,1
110,35,1
127,20,1
93,7,1
109,31,1
120,25,1
103,10,1
114,34,1
110,17,1
91,21,1
126,33,1
114,3,1
86,28,1
99,28,1
111,1,1
97,10,1
102,30,1
121,37,1
124,19,1
101,29,1
119,40,1
106,37,1
113,12,1
122,28,1
83,28,1
105,2,1
95,11,1
98,37,1
91,23,1
97,13,1
107,8,1
120,15,1
93,5,1
111,31,1
123,8,1
123,19,1
115,3,1
113,37,1
121,25,1
106,39,1
111,5,1
88,31,1
102,35,1
110,15,1
104,49,1
101,49,1
105,11,1
129,27,1
117,26,1
119,21,1
123,17,1
128,23,1
111,38,1
116,4,1
92,38,1
83,26,1
124,37,1
92,27,1
100,28,1
122,15,1
97,27,1
108,26,1
96,17,1
106,33,1
106,25,1
93,46,1
89,17,1
97,29,1
87,26,1
117,6,1
116,13,1
119,27,1
122,12,1
96,7,1
115,16,1
105,46,1
108,28,1
114,37,1
124,35,1
111,25,1
84,22,1
127,23,1
90,28,1
106,3,1
128,16,1
99,17,1
124,19,1
108,13,1
120,27,1
85,27,1
97,30,1
115,25,1
97,34,1
99,39,1
128,21,1
110,25,1
126,26,1
112,24,1
99,32,1
96,47,1
111,5,1
103,20,1
118,34,1
93,40,1
123,37,1
92,20,1
103,23,1
94,47,1
86,21,1
81,30,1
90,10,1
100,3,1
88,39,1
101,1,1
113,29,1
108,6,1
82,33,1
106,17,1
86,33,1
103,23,1
99,39,1
126,20,1
98,36,1
95,21,1
81,32,1
113,33,1
92,31,1
119,45,1
121,38,1
92,24,1
101,35,1
89,11,1
102,44,1
108,33,1
109,11,1
107,43,1
87,39,1
108,48,1
128,25,1
101,35,1
81,22,1
85,24,1
98,11,1
88,39,1
105,33,1
113,39,1
84,20,1
121,22,1
99,41,1
87,16,1
100,31,1
106,2,1
100,48,1
99,33,1
86,39,1
127,24,1
97,20,1
126,21,1
95,20,1
121,39,1
119,22,1
109,42,1
102,43,1
86,32,1
90,32,1
91,18,1
103,2,1
124,10,1
96,19,1
90,6,1
111,36,1
98,41,1
113,43,1
118,38,1
89,26,1
106,35,1
97,45,1
125,36,1
107,11,1
83,28,1
90,27,1
94,42,1
107,7,1
98,4,1
83,31,1
126,15,1
99,33,1
106,36,1
96,9,1
122,42,1
102,13,1
96,14,1
122,29,1
97,7,1
108,14,1
112,11,1
111,8,1
119,20,1
98,35,1
90,28,1
94,21,1
125,28,1
115,5,1
99,40,1
109,31,1
97,19,1
98,21,1
113,17,1
100,32,1
98,14,1
120,42,1
116,10,1
115,40,1
94,29,1
119,10,1
108,20,1
112,14,1
91,38,1
89,34,1
116,27,1
94,38,1
118,28,1
105,47,1
125,10,1
112,43,1
100,44,1
121,35,1
97,6,1
111,39,1
90,29,1
109,22,1
114,29,1
87,23,1
119,42,1
111,47,1
114,23,1
97,48,1
107,24,1
101,39,1
113,2,1
111,12,1
89,12,1
118,29,1
120,44,1
111,44,1
116,10,1
118,29,1
86,29,1
110,14,1
104,39,1
124,20,1
81,29,1
105,21,1
124,21,1
114,13,1
98,36,1
109,23,1
113,16,1
97,14,1
108,30,1
110,36,1
109,31,1
98,29,1
105,42,1
