25,45,0
32,49,0
40,11,0
33,47,0
19,43,0
21,22,0
14,11,0
14,15,0
4,35,0
45,29,0
27,43,0
25,3,0
23,11,0
31,42,0
14,12,0
43,25,0
39,22,0
19,10,0
10,8,0
26,21,0
30,31,0
29,14,0
19,20,0
8,43,0
21,48,0
26,28,0
28,41,0
23,22,0
15,14,0
29,7,0
26,33,0
43,31,0
9,29,0
23,13,0
39,7,0
32,9,0
25,45,0
20,5,0
36,38,0
11,32,0
31,27,0
34,13,0
31,39,0
41,15,0
39,34,0
38,46,0
28,34,0
23,8,0
22,36,0
13,18,0
32,2,0
6,21,0
29,43,0
46,19,0
10,25,0
7,13,0
14,3,0
8,13,0
49,32,0
35,30,0
40,18,0
17,20,0
24,17,0
1,27,0
44,13,0
4,30,0
24,46,0
13,43,0
20,20,0
23,28,0
26,37,0
27,14,0
36,47,0
31,20,0
21,19,0
37,27,0
14,43,0
2,31,0
44,29,0
6,18,0
25,11,0
27,29,0
30,10,0
19,1,0
35,18,0
40,13,0
44,28,0
35,5,0
33,25,0
12,41,0
13,29,0
26,38,0
49,21,0
36,36,0
33,35,0
31,28,0
30,5,0
16,48,0
17,24,0
19,12,0
49,30,0
8,36,0
17,38,0
27,8,0
29,27,0
33,15,0
32,42,0
15,26,0
34,20,0
39,16,0
28,20,0
30,41,0
34,11,0
21,4,0
31,6,0
15,16,0
17,41,0
40,10,0
19,24,0
25,6,0
36,38,0
39,44,0
33,17,0
39,40,0
15,14,0
8,19,0
35,28,0
43,18,0
40,31,0
26,37,0
18,41,0
8,15,0
39,41,0
42,29,0
21,6,0
47,20,0
42,8,0
41,18,0
13,26,0
6,32,0
24,40,0
12,4,0
5,15,0
25,13,0
15,41,0
7,30,0
18,34,0
32,49,0
34,22,0
37,31,0
28,47,0
23,24,0
10,7,0
4,27,0
27,1,0
30,5,0
22,40,0
42,18,0
27,48,0
47,19,0
26,36,0
44,37,0
19,5,0
15,4,0
25,12,0
9,10,0
41,14,0
31,27,0
27,12,0
19,35,0
17,15,0
21,1,0
43,26,0
44,18,0
25,46,0
43,31,0
35,19,0
47,29,0
33,25,0
10,21,0
21,11,0
44,28,0
11,11,0
4,33,0
31,42,0
21,14,0
37,20,0
33,32,0
38,36,0
23,18,0
31,15,0
4,12,0
5,31,0
41,10,0
15,23,0
2,25,0
11,28,0
18,7,0
15,37,0
42,40,0
7,40,0
9,31,0
29,42,0
40,44,0
27,19,0
27,47,0
18,46,0
47,14,0
16,8,0
20,9,0
31,25,0
42,11,0
33,6,0
21,15,0
22,28,0
22,15,0
3,19,0
27,20,0
22,21,0
33,46,0
33,14,0
48,19,0
33,22,0
32,17,0
43,24,0
21,13,0
45,39,0
13,36,0
8,14,0
9,9,0
23,10,0
34,34,0
12,25,0
23,42,0
24,11,0
8,17,0
32,3,0
30,41,0
35,7,0
30,49,0
43,30,0
38,35,0
35,16,0
46,15,0
15,47,0
24,4,0
23,16,0
8,34,0
10,44,0
20,1,0
37,43,0
18,26,0
32,37,0
37,17,0
40,33,0
28,48,0
12,15,0
26,24,0
5,21,0
21,46,0
34,9,0
8,24,0
48,34,0
13,10,0
21,47,0
11,36,0
16,26,0
27,33,0
26,48,0
49,27,0
30,3,0
45,17,0
17,18,0
39,25,0
32,41,0
32,42,0
16,47,0
7,9,0
37,44,0
30,23,0
11,39,0
32,49,0
34,28,0
8,29,0
14,43,0
35,10,0
48,29,0
36,16,0
24,22,0
13,35,0
31,38,0
27,40,0
19,8,0
7,40,0
34,48,0
41,8,0
31,15,0
29,30,0
37,8,0
25,16,0
36,22,0
45,20,0
27,13,0
33,37,0
5,40,0
0,25,0
36,22,0
31,49,0
13,18,0
17,4,0
12,28,0
17,46,0
11,12,0
21,4,0
12,43,0
42,25,0
17,26,0
40,39,0
18,47,0
23,7,0
20,30,0
32,30,0
8,10,0
21,38,0
49,27,0
28,48,0
16,34,0
5,34,0
27,6,0
27,9,0
44,29,0
6,29,0
9,20,0
7,16,0
29,20,0
5,36,0
34,33,0
28,32,0
24,4,0
27,14,0
22,1,0
27,47,0
1,22,0
34,17,0
44,31,0
8,23,0
31,39,0
19,40,0
5,23,0
38,40,0
15,26,0
24,17,0
35,9,0
46,24,0
17,41,0
13,43,0
19,35,0
19,40,0
15,8,0
0,25,0
18,32,0
30,45,0
12,21,0
24,30,0
45,17,0
26,24,0
30,33,0
25,20,0
22,4,0
24,39,0
29,11,0
36,3,0
28,48,0
18,39,0
11,7,0
38,17,0
16,18,0
30,1,0
15,27,0
9,25,0
25,23,0
26,49,0
45,15,0
9,31,0
12,11,0
25,29,0
16,18,0
8,30,0
22,23,0
35,19,0
15,11,0
28,39,0
38,40,0
11,28,0
43,26,0
41,41,0
19,2,0
35,14,0
25,37,0
10,45,0
13,34,0
47,26,0
28,17,0
14,43,0
22,14,0
41,17,0
34,42,0
29,7,0
17,40,0
12,20,0
3,34,0
24,10,0
29,33,0
10,23,0
5,31,0
10,39,0
47,25,0
43,39,0
22,31,0
15,23,0
27,27,0
40,16,0
9,25,0
44,19,0
31,1,0
24,13,0
25,6,0
23,4,0
21,26,0
6,15,0
9,27,0
10,8,0
26,24,0
7,30,0
17,6,0
37,11,0
37,12,0
19,13,0
47,25,0
32,15,0
46,23,0
8,31,0
42,34,0
18,8,0
10,20,0
9,30,0
44,40,0
40,24,0
38,33,0
40,29,0
31,8,0
28,29,0
36,21,0
46,23,0
33,3,0
39,22,0
20,4,0
8,36,0
17,42,0
42,28,0
10,8,0
39,17,0
20,12,0
46,37,0
23,4,0
35,44,0
3,24,0
40,5,0
21,25,0
6,29,0
26,26,0
31,22,0
47,34,0
37,27,0
44,12,0
41,8,0
42,25,0
11,44,0
5,14,0
1,22,0
10,18,0
33,3,0
41,18,0
14,29,0
32,45,0
48,23,0
35,7,0
12,16,0
1,32,0
38,40,0
32,37,0
28,15,0
1,29,0
23,3,0
5,20,0
34,15,0
18,29,0
14,24,0
35,42,0
19,48,0
120,36,1
94,25,1
120,36,1
107,42,1
94,47,1
87,12,1
86,19,1
113,15,1
104,47,1
106,19,1
124,25,1
116,9,1
115,17,1
128,17,1
111,25,1
122,14,1
91,9,1
123,11,1
84,15,1
120,11,1
114,48,1
99,8,1
95,35,1
124,35,1
125,14,1
100,4,1
112,14,1
99,23,1
85,36,1
83,35,1
94,24,1
85,34,1
100,3,1
90,45,1
106,27,1
119,32,1
106,8,1
111,13,1
111,14,1
114,35,1
91,44,1
94,14,1
107,12,1
85,28,1
116,4,1
114,24,1
119,9,1
112,2,1
89,34,1
111,17,1
100,1,1
104,27,1
87,8,1
122,23,1
107,24,1
93,16,1
88,41,1
107,35,1
82,32,1
106,19,1
115,8,1
123,24,1
117,29,1
83,36,1
113,42,1
108,21,1
110,31,1
92,28,1
114,41,1
114,10,1
90,15,1
124,35,1
111,1,1
115,43,1
101,36,1
125,18,1
116,20,1
97,21,1
97,3,1
113,20,1
113,30,1
105,0,1
108,11,1
112,47,1
102,15,1
103,31,1
89,41,1
100,32,1
129,21,1
119,6,1
82,23,1
89,37,1
97,2,1
87,38,1
109,15,1
109,14,1
91,27,1
98,41,1
109,28,1
126,34,1
82,24,1
86,20,1
119,26,1
98,4,1
87,42,1
113,16,1
106,32,1
123,40,1
90,14,1
123,35,1
123,32,1
116,25,1
126,30,1
94,6,1
110,4,1
118,37,1
110,15,1
103,15,1
108,3,1
105,40,1
122,27,1
114,18,1
117,24,1
88,9,1
106,36,1
122,28,1
97,35,1
93,5,1
98,11,1
116,16,1
84,18,1
124,36,1
109,10,1
117,20,1
117,41,1
117,41,1
92,21,1
127,36,1
109,8,1
91,39,1
84,16,1
121,18,1
113,19,1
107,5,1
99,44,1
108,7,1
87,40,1
88,43,1
124,10,1
121,27,1
117,42,1
128,34,1
83,32,1
120,36,1
96,8,1
95,13,1
86,15,1
107,45,1
112,16,1
81,25,1
92,34,1
97,12,1
129,27,1
90,13,1
103,32,1
129,22,1
109,7,1
99,46,1
117,44,1
99,18,1
88,31,1
97,41,1
97,34,1
110,47,1
113,12,1
99,32,1
107,19,1
121,25,1
114,14,1
109,34,1
96,8,1
116,46,1
82,34,1
107,29,1
91,37,1
128,17,1
98,36,1
120,29,1
93,27,1
93,38,1
119,29,1
128,18,1
85,16,1
121,16,1
120,5,1
124,11,1
105,49,1
99,10,1
115,41,1
108,31,1
93,20,1
86,14,1
120,10,1
115,29,1
126,13,1
104,10,1
109,28,1
123,32,1
128,27,1
82,32,1
111,14,1
117,13,1
97,8,1
93,20,1
115,11,1
97,38,1
115,37,1
106,3,1
122,8,1
89,30,1
86,30,1
82,20,1
91,39,1
105,9,1
105,41,1
80,25,1
87,36,1
104,13,1
112,42,1
100,16,1
83,34,1
98,1,1
120,29,1
108,35,1
93,34,1
98,23,1
99,14,1
116,37,1
121,14,1
106,12,1
118,39,1
84,22,1
103,12,1
120,20,1
122,23,1
120,38,1
87,12,1
125,35,1
106,3,1
97,9,1
105,23,1
104,16,1
122,30,1
110,44,1
108,26,1
125,31,1
107,47,1
92,13,1
101,16,1
101,20,1
105,27,1
129,21,1
107,45,1
126,35,1
96,27,1
120,28,1
93,11,1
120,10,1
86,32,1
113,33,1
105,45,1
108,38,1
83,27,1
99,26,1
114,47,1
84,36,1
110,42,1
91,37,1
108,7,1
95,17,1
87,19,1
85,26,1
108,35,1
108,28,1
87,18,1
84,37,1
102,6,1
93,10,1
115,14,1
103,6,1
105,15,1
116,47,1
105,43,1
82,24,1
115,47,1
116,20,1
104,1,1
108,36,1
106,9,1
103,44,1
104,9,1
88,8,1
92,43,1
83,17,1
92,21,1
103,33,1
95,22,1
88,7,1
90,13,1
96,12,1
114,39,1
112,48,1
113,44,1
116,19,1
110,30,1
115,22,1
107,28,1
126,13,1
110,3,1
84,29,1
104,33,1
112,35,1
106,11,1
88,25,1
116,7,1
103,1,1
103,22,1
125,29,1
98,36,1
114,33,1
97,3,1
100,22,1
89,10,1
102,19,1
121,32,1
99,10,1
123,21,1
116,39,1
113,39,1
122,18,1
95,47,1
91,6,1
84,27,1
115,47,1
107,20,1
111,18,1
103,40,1
118,37,1
91,6,1
91,25,1
121,28,1
109,25,1
95,31,1
91,24,1
101,24,1
95,16,1
116,7,1
95,36,1
112,16,1
115,19,1
120,23,1
115,3,1
97,36,1
111,46,1
117,45,1
95,15,1
103,36,1
111,36,1
89,27,1
102,27,1
86,35,1
98,47,1
100,1,1
81,29,1
97,19,1
90,28,1
123,10,1
122,13,1
85,17,1
89,19,1
88,23,1
110,39,1
100,39,1
120,5,1
109,29,1
104,45,1
112,32,1
88,15,1
118,10,1
86,31,1
118,46,1
105,41,1
112,14,1
112,26,1
84,33,1
110,38,1
102,1,1
102,33,1
109,16,1
84,36,1
93,17,1
92,21,1
92,21,1
124,25,1
111,49,1
113,31,1
97,19,1
124,24,1
112,31,1
90,31,1
116,23,1
89,33,1
86,28,1
102,10,1
83,30,1
93,29,1
84,27,1
121,40,1
126,16,1
98,29,1
109,34,1
101,42,1
126,12,1
112,28,1
126,34,1
92,28,1
90,11,1
110,18,1
124,16,1
86,37,1
126,25,1
118,39,1
102,3,1
93,45,1
124,23,1
91,5,1
105,10,1
119,37,1
118,20,1
103,29,1
108,41,1
99,14,1
104,41,1
97,18,1
109,33,1
100,1,1
100,25,1
120,6,1
117,39,1
89,6,1
101,13,1
110,9,1
107,29,1
111,34,1
104,33,1
107,33,1
115,11,1
117,24,1
119,17,1
126,25,1
97,35,1
118,32,1
110,4,1
94,38,1
87,15,1
110,39,1
111,31,1
82,17,1
87,33,1
110,23,1
121,44,1
101,33,1
97,35,1
112,8,1
89,33,1
96,40,1
102,21,1
86,22,1
84,21,1
96,38,1
89,9,1
118,6,1
96,45,1
127,15,1
115,29,1
106,22,1
127,25,1
119,25,1
112,41,1
97,15,1
105,4,1
91,15,1
101,2,1
119,19,1
112,3,1
95,11,1
109,24,1
101,10,1
114,12,1
126,33,1
