17,42,0
29,32,0
33,12,0
24,9,0
12,37,0
33,13,0
20,30,0
21,3,0
14,6,0
32,46,0
22,37,0
39,33,0
31,41,0
9,41,0
29,49,0
27,26,0
45,39,0
35,37,0
37,36,0
30,15,0
23,38,0
47,28,0
33,22,0
24,2,0
15,43,0
17,4,0
18,39,0
4,14,0
41,40,0
37,9,0
36,17,0
25,15,0
42,15,0
36,16,0
11,11,0
7,11,0
23,10,0
35,24,0
41,6,0
39,38,0
46,33,0
42,21,0
20,36,0
14,26,0
19,6,0
33,32,0
16,8,0
21,5,0
3,29,0
32,39,0
29,4,0
12,10,0
10,45,0
25,36,0
36,10,0
29,16,0
40,22,0
9,36,0
18,43,0
16,15,0
24,42,0
33,18,0
8,16,0
21,20,0
2,22,0
19,47,0
35,17,0
13,43,0
8,40,0
19,45,0
27,22,0
17,43,0
13,12,0
16,13,0
15,29,0
46,38,0
29,14,0
21,27,0
44,32,0
38,26,0
19,46,0
28,24,0
20,14,0
39,33,0
9,19,0
40,11,0
21,17,0
29,19,0
31,5,0
29,24,0
6,30,0
44,12,0
20,11,0
33,10,0
14,42,0
39,45,0
17,27,0
28,24,0
30,38,0
22,5,0
27,48,0
40,16,0
28,40,0
39,42,0
34,3,0
27,43,0
15,19,0
14,32,0
25,48,0
14,27,0
47,18,0
21,35,0
41,14,0
18,30,0
34,38,0
38,9,0
19,16,0
34,38,0
22,26,0
23,42,0
39,20,0
16,24,0
46,18,0
28,13,0
18,8,0
31,16,0
21,23,0
37,11,0
34,45,0
23,11,0
25,26,0
21,39,0
42,10,0
47,26,0
44,11,0
8,24,0
44,39,0
32,31,0
35,11,0
41,33,0
22,11,0
18,48,0
3,36,0
11,29,0
8,43,0
29,36,0
10,40,0
41,35,0
20,21,0
14,35,0
9,33,0
27,20,0
44,25,0
14,6,0
34,8,0
5,40,0
20,13,0
28,38,0
22,13,0
11,28,0
13,13,0
38,41,0
31,17,0
13,27,0
33,43,0
10,24,0
30,46,0
35,25,0
30,33,0
22,33,0
22,37,0
20,11,0
29,2,0
31,15,0
23,13,0
26,35,0
5,22,0
9,41,0
40,17,0
20,37,0
26,37,0
8,15,0
4,28,0
38,23,0
31,44,0
19,48,0
1,21,0
13,6,0
26,40,0
39,34,0
28,42,0
28,39,0
6,26,0
15,32,0
21,38,0
16,28,0
4,17,0
13,17,0
11,27,0
47,16,0
47,35,0
21,24,0
33,33,0
17,44,0
19,48,0
5,19,0
42,9,0
28,42,0
17,18,0
21,23,0
19,36,0
13,7,0
21,33,0
27,2,0
41,26,0
31,16,0
33,2,0
7,12,0
26,26,0
41,18,0
40,30,0
26,19,0
25,5,0
27,28,0
18,7,0
38,5,0
24,30,0
19,36,0
37,43,0
25,48,0
41,11,0
11,37,0
8,9,0
36,30,0
47,28,0
7,28,0
39,45,0
36,21,0
18,36,0
30,22,0
44,23,0
23,43,0
30,21,0
7,23,0
17,7,0
17,18,0
38,7,0
38,46,0
19,45,0
7,30,0
49,21,0
48,21,0
40,15,0
38,22,0
37,34,0
28,18,0
11,45,0
7,35,0
27,47,0
29,39,0
12,41,0
10,12,0
21,21,0
35,37,0
17,21,0
8,34,0
30,39,0
20,29,0
23,30,0
49,29,0
28,13,0
45,28,0
4,37,0
36,9,0
46,21,0
3,25,0
34,24,0
38,27,0
12,35,0
25,32,0
26,6,0
26,20,0
45,15,0
38,23,0
4,38,0
27,5,0
41,34,0
7,10,0
29,40,0
7,41,0
16,5,0
31,21,0
23,45,0
41,20,0
13,42,0
29,7,0
33,45,0
19,7,0
49,25,0
5,24,0
14,22,0
45,11,0
36,42,0
41,12,0
20,38,0
40,22,0
42,26,0
29,43,0
13,12,0
17,11,0
36,36,0
3,24,0
14,35,0
32,8,0
19,44,0
46,34,0
15,36,0
42,22,0
33,25,0
37,19,0
15,18,0
26,7,0
45,31,0
6,16,0
31,39,0
29,25,0
32,31,0
1,27,0
15,11,0
32,15,0
13,26,0
42,27,0
10,25,0
31,2,0
28,23,0
10,25,0
38,19,0
15,18,0
21,6,0
23,16,0
44,13,0
31,35,0
27,17,0
40,21,0
36,29,0
31,13,0
43,9,0
28,11,0
33,25,0
36,14,0
10,37,0
24,43,0
45,37,0
13,40,0
45,34,0
32,30,0
12,8,0
22,10,0
40,24,0
26,36,0
37,18,0
10,8,0
25,38,0
26,6,0
16,9,0
45,13,0
20,34,0
10,13,0
13,20,0
3,27,0
32,43,0
38,39,0
5,39,0
36,30,0
46,38,0
15,5,0
26,41,0
13,18,0
17,7,0
14,35,0
23,46,0
22,33,0
32,19,0
40,43,0
5,20,0
38,24,0
17,21,0
8,32,0
1,23,0
32,43,0
30,23,0
24,1,0
42,35,0
40,19,0
2,18,0
22,3,0
28,2,0
10,23,0
28,48,0
30,2,0
11,35,0
12,46,0
47,18,0
29,36,0
42,28,0
14,33,0
38,15,0
22,2,0
11,5,0
32,25,0
42,10,0
31,18,0
19,17,0
15,7,0
11,44,0
33,26,0
12,17,0
47,26,0
42,39,0
35,3,0
10,16,0
7,28,0
19,23,0
36,32,0
9,17,0
35,7,0
27,21,0
17,16,0
35,7,0
31,28,0
21,7,0
27,2,0
32,13,0
38,7,0
23,20,0
8,38,0
45,36,0
19,35,0
19,30,0
35,44,0
16,40,0
10,41,0
34,24,0
20,35,0
27,8,0
34,21,0
28,39,0
16,11,0
14,39,0
24,8,0
12,12,0
19,37,0
23,22,0
38,22,0
13,21,0
34,39,0
21,1,0
25,4,0
33,6,0
37,35,0
37,12,0
18,48,0
43,32,0
32,49,0
25,36,0
29,11,0
35,28,0
21,25,0
18,12,0
38,15,0
27,8,0
26,15,0
34,35,0
23,36,0
17,40,0
17,28,0
36,37,0
25,18,0
41,7,0
19,42,0
39,26,0
24,27,0
26,12,0
30,21,0
43,39,0
48,28,0
30,37,0
12,29,0
7,37,0
40,36,0
18,10,0
34,25,0
33,36,0
42,16,0
25,28,0
45,12,0
42,34,0
2,16,0
45,33,0
26,23,0
85,28,1
89,40,1
102,42,1
80,14,1
74,24,1
114,27,1
96,23,1
116,24,1
74,37,1
111,38,1
75,34,1
93,13,1
107,30,1
95,20,1
87,19,1
94,8,1
73,24,1
86,46,1
90,41,1
81,40,1
91,45,1
81,14,1
111,24,1
94,18,1
111,34,1
105,40,1
110,38,1
111,6,1
82,21,1
87,6,1
106,18,1
115,16,1
88,42,1
78,26,1
84,34,1
102,3,1
110,43,1
91,25,1
90,29,1
104,23,1
82,28,1
76,38,1
91,2,1
73,29,1
87,16,1
77,20,1
108,42,1
118,26,1
110,44,1
101,42,1
105,34,1
102,3,1
77,21,1
76,37,1
102,47,1
75,33,1
101,32,1
108,44,1
88,12,1
78,39,1
102,43,1
82,24,1
105,45,1
85,36,1
113,40,1
87,18,1
85,44,1
96,29,1
102,39,1
94,40,1
101,18,1
81,18,1
98,40,1
93,7,1
98,7,1
98,11,1
87,16,1
82,15,1
98,34,1
102,28,1
94,13,1
72,32,1
107,13,1
96,20,1
82,39,1
82,30,1
95,27,1
115,22,1
78,26,1
95,42,1
94,3,1
84,16,1
73,14,1
77,24,1
85,41,1
111,30,1
87,47,1
93,46,1
84,27,1
116,21,1
74,18,1
79,22,1
79,36,1
101,27,1
96,42,1
93,14,1
106,40,1
86,43,1
106,26,1
115,34,1
114,26,1
103,13,1
97,20,1
90,45,1
84,22,1
94,27,1
103,19,1
80,42,1
88,38,1
112,43,1
98,16,1
91,27,1
87,37,1
101,13,1
104,23,1
85,40,1
82,39,1
97,29,1
98,6,1
83,8,1
92,25,1
85,24,1
109,33,1
94,34,1
83,32,1
112,26,1
79,44,1
77,25,1
85,25,1
105,34,1
97,12,1
78,39,1
101,28,1
85,6,1
102,39,1
112,26,1
80,36,1
114,29,1
112,21,1
96,1,1
73,34,1
90,18,1
107,24,1
109,15,1
73,36,1
75,15,1
96,17,1
94,16,1
97,23,1
97,27,1
112,16,1
88,21,1
102,1,1
91,19,1
113,21,1
99,17,1
88,20,1
94,38,1
113,41,1
99,11,1
98,5,1
83,21,1
95,24,1
91,45,1
89,7,1
93,41,1
110,9,1
94,44,1
91,43,1
84,10,1
95,46,1
78,34,1
112,18,1
92,28,1
84,32,1
81,45,1
99,39,1
98,12,1
77,11,1
110,39,1
111,27,1
86,22,1
94,33,1
96,38,1
80,34,1
97,36,1
84,47,1
107,46,1
94,9,1
80,35,1
94,20,1
92,30,1
85,27,1
83,25,1
93,14,1
101,1,1
84,8,1
106,28,1
105,46,1
94,17,1
79,44,1
91,23,1
105,37,1
81,24,1
107,23,1
102,8,1
96,4,1
94,10,1
80,14,1
82,46,1
99,33,1
78,11,1
92,11,1
114,40,1
81,44,1
97,38,1
92,45,1
89,30,1
99,39,1
85,35,1
118,18,1
114,9,1
81,20,1
108,19,1
86,13,1
86,25,1
90,18,1
88,32,1
71,26,1
90,45,1
106,45,1
97,31,1
91,40,1
111,22,1
86,4,1
91,22,1
97,42,1
103,8,1
105,38,1
114,12,1
80,35,1
76,12,1
113,23,1
98,43,1
89,36,1
78,13,1
110,15,1
106,40,1
105,6,1
115,23,1
104,7,1
81,32,1
104,33,1
92,19,1
80,10,1
92,38,1
105,25,1
82,9,1
107,7,1
84,32,1
83,44,1
107,20,1
95,8,1
88,16,1
80,10,1
83,24,1
82,38,1
83,33,1
85,22,1
111,39,1
84,46,1
79,39,1
77,34,1
109,28,1
83,24,1
89,5,1
114,13,1
102,39,1
105,26,1
82,13,1
79,22,1
116,12,1
115,35,1
114,41,1
105,44,1
89,12,1
91,45,1
97,48,1
106,26,1
74,36,1
97,2,1
109,18,1
85,16,1
101,16,1
109,20,1
91,14,1
114,15,1
81,43,1
109,12,1
110,33,1
72,27,1
113,37,1
119,29,1
78,23,1
97,39,1
100,38,1
110,37,1
116,30,1
75,34,1
81,32,1
90,28,1
90,28,1
112,25,1
88,33,1
80,32,1
72,30,1
108,18,1
70,25,1
95,39,1
97,41,1
89,26,1
108,28,1
80,38,1
102,9,1
78,17,1
102,24,1
111,10,1
94,1,1
71,29,1
101,27,1
110,14,1
86,39,1
76,27,1
106,11,1
107,38,1
109,41,1
86,41,1
101,49,1
117,15,1
76,9,1
94,38,1
93,6,1
110,31,1
88,6,1
75,11,1
83,39,1
89,23,1
104,6,1
110,9,1
101,41,1
84,46,1
80,8,1
93,15,1
100,35,1
106,10,1
75,26,1
78,13,1
94,12,1
112,8,1
106,8,1
104,29,1
98,24,1
106,39,1
116,34,1
89,37,1
108,11,1
96,16,1
99,9,1
108,35,1
94,37,1
89,36,1
105,4,1
86,48,1
72,22,1
92,9,1
115,24,1
87,42,1
81,34,1
90,40,1
106,47,1
103,40,1
111,26,1
77,26,1
79,36,1
82,14,1
92,14,1
110,23,1
118,30,1
91,32,1
84,20,1
112,23,1
102,3,1
96,27,1
74,31,1
75,28,1
76,21,1
111,39,1
98,8,1
109,39,1
108,28,1
81,16,1
103,36,1
114,26,1
78,42,1
114,28,1
96,33,1
77,35,1
97,1,1
114,19,1
106,39,1
106,39,1
117,30,1
75,16,1
76,21,1
98,34,1
76,14,1
83,22,1
76,38,1
89,38,1
93,31,1
78,39,1
88,6,1
77,11,1
84,5,1
95,9,1
91,49,1
98,16,1
106,19,1
75,32,1
111,22,1
96,42,1
83,19,1
107,15,1
72,20,1
75,27,1
73,20,1
93,37,1
85,22,1
81,21,1
77,41,1
104,44,1
101,4,1
106,32,1
113,26,1
85,28,1
75,40,1
106,32,1
95,8,1
105,20,1
110,20,1
104,10,1
87,25,1
81,17,1
101,17,1
81,45,1
119,28,1
86,29,1
89,11,1
113,18,1
117,19,1
89,29,1
91,45,1
100,31,1
77,37,1
94,19,1
97,30,1
92,46,1
99,37,1
77,15,1
91,18,1
119,23,1
100,11,1
109,42,1
97,9,1
108,7,1
108,41,1
95,19,1
107,11,1
80,5,1
106,12,1
106,42,1
82,8,1
103,30,1
108,45,1
116,24,1
98,44,1
94,24,1
112,39,1
109,34,1
100,11,1
