21,32,0
9,7,0
20,33,0
42,26,0
35,25,0
30,7,0
39,30,0
25,49,0
9,18,0
45,40,0
32,25,0
37,8,0
18,48,0
17,30,0
28,19,0
32,31,0
29,13,0
31,45,0
10,29,0
48,18,0
44,41,0
11,30,0
36,14,0
39,21,0
18,19,0
17,31,0
18,46,0
13,37,0
43,39,0
33,30,0
35,4,0
44,20,0
28,16,0
38,29,0
31,37,0
37,32,0
11,20,0
14,14,0
34,10,0
15,34,0
24,13,0
19,16,0
37,11,0
25,38,0
27,4,0
38,17,0
6,12,0
44,13,0
45,26,0
24,12,0
10,10,0
42,16,0
5,17,0
20,33,0
32,26,0
11,16,0
35,27,0
14,32,0
41,13,0
5,14,0
43,17,0
35,22,0
5,11,0
25,45,0
42,29,0
10,33,0
2,30,0
47,18,0
15,3,0
13,31,0
22,33,0
27,2,0
40,17,0
35,23,0
9,9,0
6,23,0
8,28,0
23,43,0
42,15,0
38,28,0
49,32,0
46,38,0
18,15,0
14,14,0
10,44,0
30,49,0
34,19,0
24,20,0
5,38,0
41,40,0
17,10,0
14,39,0
8,41,0
31,42,0
30,8,0
43,19,0
29,40,0
19,1,0
39,22,0
6,30,0
26,47,0
21,28,0
17,34,0
27,39,0
19,27,0
40,22,0
26,15,0
31,48,0
25,22,0
42,22,0
39,41,0
37,14,0
24,35,0
37,32,0
30,25,0
43,11,0
1,27,0
38,46,0
18,10,0
21,14,0
7,38,0
16,34,0
27,21,0
29,44,0
25,15,0
37,19,0
30,24,0
18,41,0
19,16,0
40,26,0
40,14,0
31,8,0
45,34,0
21,3,0
42,38,0
22,8,0
19,48,0
25,15,0
9,8,0
32,29,0
20,5,0
20,8,0
7,40,0
2,23,0
27,7,0
38,39,0
31,44,0
11,5,0
33,14,0
24,15,0
7,39,0
17,15,0
10,33,0
16,45,0
13,14,0
21,16,0
21,16,0
35,5,0
3,36,0
34,12,0
31,46,0
26,34,0
18,14,0
5,33,0
32,29,0
16,9,0
25,45,0
39,26,0
38,17,0
44,40,0
32,21,0
46,36,0
34,44,0
8,7,0
34,45,0
30,3,0
4,17,0
44,26,0
49,25,0
45,13,0
14,41,0
34,19,0
7,8,0
31,47,0
24,27,0
29,33,0
10,34,0
16,42,0
15,39,0
31,7,0
37,18,0
34,19,0
39,44,0
28,4,0
50,25,0
27,49,0
35,40,0
21,16,0
42,23,0
37,29,0
27,23,0
49,31,0
13,14,0
48,26,0
46,16,0
32,37,0
45,25,0
26,5,0
47,27,0
4,22,0
29,3,0
46,28,0
15,15,0
37,10,0
36,6,0
28,34,0
31,34,0
8,19,0
27,1,0
17,4,0
18,47,0
37,32,0
6,25,0
20,42,0
38,27,0
36,38,0
8,31,0
30,12,0
25,9,0
16,22,0
5,40,0
45,22,0
44,10,0
16,46,0
34,35,0
4,21,0
32,44,0
31,10,0
14,47,0
23,13,0
10,16,0
13,6,0
17,18,0
22,26,0
29,37,0
35,6,0
32,26,0
8,10,0
31,2,0
40,24,0
19,25,0
40,17,0
44,14,0
32,33,0
34,42,0
22,43,0
41,26,0
17,42,0
21,49,0
31,42,0
27,9,0
28,26,0
13,18,0
25,46,0
27,17,0
17,23,0
22,48,0
39,21,0
18,36,0
32,38,0
19,15,0
12,42,0
14,13,0
40,35,0
5,38,0
21,9,0
46,16,0
32,6,0
19,42,0
39,18,0
15,47,0
28,45,0
33,27,0
40,21,0
25,9,0
38,26,0
2,27,0
28,17,0
6,14,0
32,47,0
15,23,0
27,10,0
12,17,0
45,25,0
29,11,0
36,19,0
18,44,0
31,41,0
42,7,0
38,19,0
46,32,0
2,31,0
23,46,0
21,5,0
30,20,0
47,18,0
8,41,0
9,11,0
10,43,0
45,36,0
19,33,0
9,44,0
26,23,0
28,11,0
6,39,0
25,17,0
19,44,0
24,40,0
39,18,0
18,4,0
18,6,0
14,4,0
22,13,0
24,33,0
1,21,0
9,32,0
23,43,0
19,29,0
5,16,0
9,18,0
38,39,0
24,21,0
24,23,0
19,9,0
21,18,0
26,23,0
16,9,0
17,22,0
3,31,0
33,36,0
17,11,0
7,33,0
29,21,0
14,4,0
46,29,0
23,15,0
28,27,0
25,2,0
21,32,0
35,10,0
45,36,0
38,17,0
29,19,0
24,36,0
14,33,0
33,36,0
35,8,0
46,35,0
36,36,0
48,30,0
40,31,0
34,41,0
36,36,0
44,41,0
22,40,0
25,32,0
27,41,0
36,23,0
47,24,0
18,35,0
24,25,0
42,35,0
13,21,0
40,9,0
6,10,0
44,17,0
43,35,0
41,39,0
28,18,0
16,27,0
28,1,0
13,15,0
33,25,0
28,26,0
21,18,0
33,27,0
39,16,0
19,8,0
24,29,0
18,5,0
4,37,0
15,31,0
47,20,0
32,45,0
17,45,0
15,10,0
36,6,0
37,30,0
41,40,0
4,20,0
30,47,0
45,12,0
24,29,0
13,18,0
20,8,0
48,24,0
9,7,0
23,36,0
29,7,0
13,7,0
17,2,0
29,45,0
33,44,0
10,41,0
23,23,0
24,6,0
12,40,0
14,3,0
37,43,0
20,11,0
10,30,0
12,33,0
43,21,0
20,5,0
20,39,0
11,19,0
33,11,0
21,42,0
7,26,0
37,15,0
35,41,0
24,19,0
13,33,0
23,30,0
29,10,0
15,30,0
25,26,0
23,1,0
35,21,0
7,15,0
6,39,0
30,49,0
42,14,0
7,24,0
43,27,0
28,24,0
7,40,0
35,23,0
3,35,0
33,23,0
14,39,0
40,9,0
30,2,0
25,26,0
19,1,0
13,5,0
17,39,0
21,12,0
20,49,0
4,12,0
3,25,0
4,27,0
37,26,0
6,28,0
10,14,0
21,13,0
4,30,0
33,40,0
12,36,0
31,41,0
42,8,0
12,35,0
43,10,0
31,14,0
26,46,0
31,13,0
28,22,0
32,47,0
6,18,0
13,4,0
24,40,0
17,48,0
38,43,0
38,4,0
24,28,0
5,38,0
41,16,0
44,25,0
33,41,0
9,24,0
16,30,0
43,11,0
23,26,0
42,21,0
45,17,0
39,38,0
15,43,0
9,22,0
21,21,0
33,23,0
99,8,1
88,32,1
101,25,1
97,30,1
79,31,1
85,9,1
101,20,1
83,34,1
98,36,1
112,34,1
80,25,1
85,18,1
91,13,1
113,19,1
104,32,1
111,24,1
88,7,1
79,13,1
79,43,1
89,28,1
107,21,1
98,26,1
92,17,1
110,30,1
74,29,1
101,36,1
85,19,1
80,42,1
87,7,1
91,18,1
109,10,1
113,27,1
115,28,1
109,19,1
95,49,1
99,4,1
81,9,1
117,26,1
92,10,1
87,13,1
104,42,1
99,22,1
100,34,1
103,31,1
114,9,1
101,2,1
88,41,1
104,45,1
86,22,1
75,39,1
96,41,1
96,17,1
91,15,1
112,16,1
81,38,1
79,15,1
99,32,1
73,25,1
85,47,1
102,8,1
74,22,1
107,44,1
109,15,1
101,36,1
78,37,1
90,32,1
89,40,1
101,39,1
91,14,1
102,27,1
94,23,1
109,15,1
106,46,1
83,9,1
103,32,1
89,7,1
75,24,1
112,13,1
119,20,1
84,16,1
76,25,1
94,30,1
95,43,1
102,13,1
86,13,1
111,29,1
74,26,1
77,30,1
102,40,1
79,9,1
87,44,1
74,37,1
85,15,1
83,10,1
86,34,1
94,2,1
101,9,1
86,25,1
103,17,1
95,32,1
101,33,1
79,14,1
112,34,1
77,18,1
105,30,1
93,37,1
101,1,1
108,9,1
87,23,1
105,44,1
97,19,1
111,36,1
82,41,1
99,32,1
96,31,1
110,33,1
98,39,1
105,39,1
82,43,1
104,22,1
110,32,1
116,24,1
106,10,1
101,23,1
113,19,1
112,18,1
98,6,1
87,44,1
104,8,1
105,22,1
91,44,1
110,23,1
73,35,1
79,19,1
82,32,1
76,11,1
105,10,1
91,38,1
78,26,1
115,34,1
119,19,1
93,35,1
91,36,1
91,24,1
104,19,1
100,33,1
112,43,1
77,16,1
83,33,1
118,21,1
117,33,1
108,17,1
75,33,1
98,39,1
81,31,1
98,31,1
81,22,1
84,9,1
92,13,1
79,8,1
119,26,1
92,42,1
101,41,1
79,32,1
114,18,1
88,37,1
99,34,1
102,41,1
99,5,1
89,41,1
89,31,1
97,9,1
78,34,1
119,26,1
96,44,1
102,9,1
86,25,1
92,26,1
98,1,1
108,18,1
109,30,1
87,2,1
73,31,1
98,42,1
94,1,1
84,22,1
87,37,1
117,25,1
99,26,1
76,33,1
107,42,1
88,25,1
90,7,1
99,43,1
78,23,1
95,39,1
76,18,1
89,20,1
90,29,1
110,15,1
101,48,1
93,47,1
118,24,1
111,8,1
117,32,1
104,9,1
103,11,1
78,39,1
98,48,1
93,29,1
116,16,1
72,29,1
114,10,1
79,36,1
110,21,1
106,22,1
82,21,1
92,23,1
115,19,1
74,24,1
91,28,1
100,19,1
105,38,1
84,40,1
90,38,1
79,42,1
100,10,1
100,30,1
89,21,1
115,33,1
108,11,1
97,22,1
97,47,1
97,49,1
103,30,1
81,35,1
103,4,1
100,39,1
110,39,1
86,12,1
104,26,1
90,39,1
115,28,1
88,10,1
78,16,1
89,37,1
79,34,1
74,18,1
84,27,1
89,1,1
75,20,1
87,34,1
114,13,1
102,14,1
82,39,1
97,13,1
81,36,1
91,18,1
100,44,1
103,38,1
104,24,1
117,35,1
102,16,1
114,19,1
87,9,1
76,17,1
95,37,1
86,43,1
81,9,1
84,45,1
86,13,1
104,24,1
88,20,1
100,12,1
99,12,1
85,15,1
96,30,1
78,37,1
105,6,1
115,34,1
76,37,1
97,35,1
96,30,1
99,21,1
94,48,1
96,11,1
88,14,1
79,8,1
102,31,1
95,35,1
82,17,1
109,6,1
90,21,1
81,42,1
75,10,1
74,33,1
97,2,1
88,34,1
96,32,1
87,47,1
76,21,1
94,17,1
111,9,1
112,29,1
87,37,1
85,9,1
94,26,1
108,5,1
95,36,1
115,10,1
90,34,1
93,47,1
110,33,1
80,29,1
106,8,1
86,37,1
96,38,1
110,33,1
102,47,1
77,28,1
83,30,1
76,18,1
87,3,1
106,8,1
91,19,1
94,33,1
117,34,1
86,36,1
97,12,1
80,38,1
89,35,1
102,29,1
110,36,1
78,8,1
116,38,1
92,46,1
97,22,1
105,30,1
104,9,1
73,25,1
100,16,1
83,45,1
82,19,1
97,17,1
106,12,1
88,4,1
94,27,1
108,11,1
80,33,1
93,5,1
111,14,1
93,6,1
87,39,1
89,23,1
100,4,1
84,42,1
115,26,1
93,27,1
89,48,1
86,3,1
102,48,1
116,14,1
101,14,1
99,20,1
82,12,1
108,21,1
108,28,1
112,23,1
79,34,1
91,43,1
91,9,1
90,25,1
119,18,1
89,29,1
111,18,1
119,23,1
85,20,1
95,28,1
104,4,1
85,32,1
88,3,1
82,22,1
115,27,1
104,24,1
81,32,1
88,11,1
91,15,1
110,26,1
115,18,1
98,49,1
101,21,1
78,13,1
107,42,1
101,23,1
99,20,1
78,21,1
115,10,1
80,22,1
79,17,1
81,8,1
97,41,1
73,21,1
102,25,1
75,11,1
81,29,1
108,12,1
93,16,1
86,14,1
76,32,1
87,46,1
99,22,1
96,41,1
77,16,1
83,42,1
83,31,1
84,17,1
103,14,1
107,35,1
117,36,1
107,27,1
109,10,1
93,45,1
75,11,1
81,16,1
115,38,1
72,19,1
81,9,1
100,40,1
110,40,1
106,41,1
98,5,1
100,30,1
108,24,1
101,39,1
95,48,1
100,48,1
74,25,1
101,11,1
116,25,1
109,25,1
81,35,1
97,37,1
100,23,1
103,17,1
102,46,1
92,19,1
85,11,1
108,25,1
72,21,1
82,10,1
95,25,1
117,29,1
100,26,1
96,40,1
103,48,1
118,33,1
77,15,1
76,13,1
109,28,1
85,41,1
104,40,1
85,26,1
90,35,1
95,23,1
112,29,1
83,29,1
84,3,1
89,38,1
81,32,1
77,42,1
109,13,1
85,3,1
99,27,1
95,20,1
92,43,1
103,45,1
108,39,1
115,29,1
94,1,1
92,46,1
79,38,1
103,17,1
102,46,1
114,23,1
100,26,1
119,18,1
77,37,1
95,3,1
77,39,1
98,10,1
98,36,1
90,23,1
87,2,1
79,35,1
94,41,1
75,39,1
109,7,1
85,29,1
92,13,1
90,26,1
