13,20,0
14,36,0
16,25,0
15,27,0
27,30,0
23,42,0
31,12,0
3,24,0
29,32,0
44,37,0
34,27,0
31,32,0
39,43,0
32,13,0
38,44,0
38,36,0
35,25,0
23,38,0
41,25,0
38,18,0
11,23,0
22,31,0
29,47,0
32,35,0
36,9,0
38,22,0
46,23,0
21,37,0
24,20,0
9,18,0
3,29,0
37,26,0
25,17,0
18,12,0
20,18,0
19,1,0
41,25,0
17,20,0
42,7,0
17,42,0
35,46,0
42,38,0
33,13,0
35,14,0
44,26,0
35,26,0
22,20,0
8,37,0
16,46,0
38,32,0
38,42,0
8,31,0
10,44,0
5,13,0
14,9,0
19,45,0
25,0,0
31,37,0
12,8,0
30,35,0
24,12,0
6,29,0
8,15,0
7,25,0
46,22,0
38,36,0
9,21,0
38,40,0
33,32,0
24,48,0
13,21,0
9,6,0
35,26,0
18,38,0
21,21,0
38,31,0
32,26,0
17,48,0
6,18,0
22,23,0
17,13,0
42,24,0
21,13,0
7,19,0
26,13,0
14,5,0
13,6,0
28,47,0
7,26,0
23,31,0
17,6,0
20,10,0
6,38,0
37,20,0
19,1,0
31,4,0
33,19,0
45,20,0
13,17,0
20,31,0
11,45,0
12,42,0
37,33,0
33,6,0
17,33,0
30,31,0
7,23,0
27,3,0
12,26,0
32,7,0
8,36,0
32,39,0
25,26,0
6,15,0
12,39,0
18,11,0
9,41,0
25,47,0
5,24,0
42,23,0
45,32,0
22,27,0
37,41,0
8,38,0
4,15,0
32,35,0
5,29,0
9,21,0
21,3,0
43,19,0
7,28,0
48,24,0
21,7,0
17,46,0
32,7,0
25,48,0
24,27,0
31,17,0
11,41,0
13,45,0
43,40,0
29,44,0
6,28,0
37,24,0
6,38,0
37,10,0
15,8,0
35,28,0
2,20,0
29,32,0
34,21,0
37,35,0
39,30,0
42,14,0
19,38,0
12,44,0
29,10,0
1,28,0
22,17,0
33,26,0
39,14,0
6,9,0
47,25,0
9,38,0
23,28,0
41,41,0
27,47,0
16,38,0
16,7,0
32,19,0
7,32,0
44,32,0
35,11,0
46,14,0
42,28,0
42,11,0
29,1,0
43,34,0
26,31,0
12,23,0
3,16,0
25,45,0
10,24,0
22,43,0
32,15,0
37,8,0
13,11,0
21,8,0
30,26,0
31,15,0
31,23,0
32,30,0
44,9,0
29,28,0
36,12,0
27,32,0
32,41,0
42,23,0
40,26,0
41,12,0
34,47,0
41,8,0
23,49,0
12,31,0
31,14,0
31,2,0
16,22,0
15,7,0
24,49,0
35,22,0
26,46,0
10,13,0
40,13,0
39,29,0
44,37,0
41,13,0
45,29,0
31,44,0
26,11,0
28,26,0
20,13,0
28,7,0
12,37,0
34,45,0
12,41,0
11,38,0
37,28,0
24,46,0
31,7,0
45,28,0
35,12,0
49,31,0
41,15,0
38,26,0
5,25,0
18,8,0
9,35,0
10,14,0
31,30,0
2,25,0
21,19,0
19,40,0
28,3,0
30,42,0
44,39,0
8,14,0
17,32,0
9,35,0
2,18,0
14,27,0
32,19,0
15,46,0
49,18,0
39,29,0
44,30,0
44,41,0
29,33,0
3,23,0
18,48,0
26,12,0
22,16,0
25,45,0
34,48,0
2,29,0
10,6,0
28,29,0
18,4,0
7,14,0
31,21,0
33,33,0
14,17,0
28,11,0
41,33,0
24,20,0
15,15,0
23,24,0
33,17,0
41,17,0
44,39,0
16,48,0
37,7,0
41,31,0
23,30,0
16,24,0
15,12,0
21,48,0
12,9,0
39,31,0
42,32,0
18,37,0
7,20,0
8,13,0
27,36,0
25,21,0
30,21,0
28,31,0
20,36,0
41,37,0
18,23,0
12,25,0
39,29,0
30,4,0
21,13,0
35,47,0
20,7,0
11,7,0
21,8,0
44,10,0
7,12,0
32,45,0
9,9,0
18,30,0
15,20,0
7,27,0
18,37,0
26,31,0
36,17,0
46,18,0
28,16,0
11,39,0
28,37,0
40,33,0
22,39,0
27,12,0
16,11,0
8,29,0
8,34,0
12,13,0
22,22,0
38,11,0
12,6,0
40,40,0
14,20,0
3,14,0
27,14,0
18,25,0
33,28,0
34,24,0
4,22,0
33,36,0
3,28,0
32,45,0
21,49,0
45,21,0
19,23,0
38,6,0
25,0,0
16,6,0
28,7,0
11,8,0
47,30,0
27,18,0
16,36,0
34,24,0
13,17,0
29,40,0
29,7,0
22,36,0
13,23,0
11,28,0
24,32,0
35,22,0
11,36,0
47,22,0
9,8,0
18,9,0
10,38,0
13,35,0
14,19,0
28,4,0
21,7,0
19,39,0
41,21,0
18,22,0
32,43,0
23,39,0
31,31,0
45,39,0
17,38,0
41,23,0
12,30,0
25,40,0
38,46,0
11,14,0
46,38,0
37,5,0
18,3,0
25,47,0
47,18,0
38,17,0
17,45,0
9,11,0
19,41,0
41,9,0
26,10,0
21,27,0
26,16,0
32,44,0
11,24,0
4,20,0
32,28,0
27,41,0
23,26,0
24,34,0
17,46,0
36,22,0
20,20,0
44,34,0
15,22,0
28,33,0
11,5,0
5,29,0
25,46,0
39,10,0
37,26,0
29,22,0
14,39,0
39,34,0
33,23,0
25,8,0
41,43,0
35,40,0
44,40,0
35,46,0
21,41,0
18,32,0
20,2,0
27,41,0
3,15,0
26,8,0
34,48,0
13,20,0
29,27,0
23,15,0
34,20,0
43,30,0
19,46,0
8,27,0
40,44,0
11,42,0
18,28,0
21,24,0
30,27,0
46,37,0
33,18,0
30,34,0
28,48,0
28,33,0
16,2,0
27,42,0
26,10,0
41,11,0
34,34,0
15,8,0
8,13,0
5,39,0
7,25,0
29,13,0
24,18,0
33,2,0
29,2,0
34,13,0
33,15,0
45,28,0
31,10,0
29,26,0
43,32,0
23,19,0
32,14,0
48,26,0
40,35,0
31,18,0
25,28,0
14,32,0
16,42,0
8,39,0
23,7,0
41,30,0
19,10,0
35,17,0
46,24,0
9,42,0
10,14,0
27,24,0
16,35,0
2,20,0
13,30,0
31,26,0
23,40,0
29,24,0
11,41,0
28,45,0
27,30,0
21,8,0
16,17,0
41,37,0
5,15,0
17,48,0
26,41,0
12,25,0
66,40,1
98,14,1
84,15,1
106,22,1
93,22,1
87,32,1
77,28,1
71,23,1
68,7,1
85,9,1
76,2,1
93,31,1
94,48,1
74,29,1
101,14,1
106,21,1
98,20,1
70,10,1
106,22,1
70,5,1
81,35,1
103,22,1
84,10,1
64,12,1
83,11,1
75,36,1
103,25,1
66,25,1
93,25,1
106,32,1
73,45,1
86,16,1
90,43,1
106,25,1
90,26,1
70,20,1
81,46,1
90,27,1
80,35,1
99,33,1
71,10,1
66,17,1
84,30,1
83,46,1
89,33,1
101,9,1
90,34,1
76,35,1
101,17,1
79,9,1
99,39,1
96,23,1
70,42,1
92,42,1
102,10,1
80,29,1
72,10,1
62,29,1
84,28,1
76,44,1
90,49,1
73,34,1
107,26,1
93,30,1
76,24,1
79,38,1
83,11,1
92,8,1
66,16,1
64,25,1
71,26,1
97,45,1
80,1,1
101,30,1
94,17,1
62,16,1
79,25,1
85,35,1
108,20,1
80,48,1
103,28,1
86,1,1
74,27,1
93,43,1
98,12,1
96,7,1
88,44,1
89,21,1
100,27,1
104,17,1
80,15,1
76,17,1
81,7,1
74,43,1
86,12,1
82,28,1
85,45,1
101,10,1
90,14,1
82,5,1
74,37,1
73,39,1
69,31,1
82,23,1
95,22,1
83,36,1
86,37,1
71,20,1
80,43,1
82,29,1
93,11,1
105,24,1
71,27,1
80,18,1
98,21,1
96,36,1
103,15,1
103,13,1
68,15,1
79,42,1
81,25,1
65,31,1
82,17,1
87,8,1
68,43,1
97,19,1
72,8,1
84,33,1
63,14,1
103,16,1
73,42,1
76,5,1
79,32,1
75,38,1
90,5,1
76,19,1
96,46,1
82,19,1
66,18,1
104,19,1
61,28,1
104,15,1
80,29,1
98,30,1
95,28,1
76,41,1
101,16,1
105,31,1
71,18,1
94,17,1
76,31,1
92,23,1
99,21,1
71,5,1
88,37,1
71,26,1
96,43,1
99,11,1
75,41,1
94,15,1
77,36,1
96,3,1
93,4,1
99,37,1
81,21,1
81,22,1
98,23,1
104,35,1
65,13,1
66,14,1
75,42,1
109,32,1
109,23,1
84,25,1
71,24,1
95,26,1
106,19,1
85,40,1
85,49,1
101,22,1
94,44,1
78,46,1
85,31,1
78,4,1
90,44,1
83,5,1
72,17,1
95,41,1
93,16,1
70,43,1
103,28,1
88,10,1
68,30,1
67,35,1
104,37,1
82,20,1
85,8,1
107,27,1
92,39,1
106,31,1
73,27,1
93,42,1
96,39,1
100,39,1
80,21,1
96,14,1
76,35,1
62,34,1
98,23,1
82,17,1
74,35,1
81,2,1
94,33,1
97,10,1
72,23,1
79,1,1
106,14,1
70,19,1
100,44,1
81,21,1
94,47,1
85,26,1
95,37,1
61,28,1
103,32,1
106,30,1
67,22,1
97,37,1
102,22,1
98,8,1
78,19,1
82,12,1
80,29,1
77,41,1
86,5,1
92,28,1
96,43,1
76,42,1
67,36,1
86,44,1
77,34,1
92,9,1
74,7,1
70,32,1
103,22,1
87,46,1
79,19,1
108,20,1
70,32,1
68,7,1
83,25,1
72,31,1
102,9,1
84,2,1
88,18,1
86,4,1
78,11,1
99,38,1
78,26,1
86,16,1
103,32,1
90,29,1
98,19,1
108,31,1
92,47,1
68,24,1
89,31,1
88,27,1
107,21,1
76,19,1
106,37,1
91,36,1
92,31,1
78,20,1
97,30,1
67,22,1
89,9,1
73,28,1
80,7,1
63,15,1
81,2,1
82,34,1
76,44,1
62,29,1
66,15,1
75,15,1
90,35,1
88,41,1
99,11,1
70,19,1
81,24,1
69,37,1
93,17,1
84,27,1
105,36,1
72,16,1
79,45,1
95,30,1
93,10,1
70,35,1
83,9,1
74,35,1
88,46,1
74,16,1
80,42,1
94,8,1
103,11,1
92,38,1
80,35,1
104,38,1
83,23,1
95,13,1
98,34,1
97,12,1
85,20,1
67,23,1
80,49,1
75,17,1
95,19,1
95,37,1
74,33,1
78,7,1
78,36,1
82,34,1
89,26,1
92,42,1
86,1,1
74,14,1
78,41,1
62,30,1
86,32,1
105,13,1
86,30,1
69,14,1
107,36,1
93,33,1
108,29,1
78,36,1
97,27,1
104,14,1
91,36,1
73,42,1
91,24,1
84,32,1
97,21,1
69,23,1
78,26,1
72,27,1
77,46,1
90,26,1
105,16,1
89,7,1
95,11,1
87,24,1
92,14,1
89,34,1
104,24,1
89,42,1
87,5,1
70,16,1
95,3,1
61,27,1
79,23,1
88,20,1
80,29,1
84,46,1
83,30,1
90,18,1
106,21,1
91,15,1
105,35,1
64,24,1
82,2,1
66,25,1
84,36,1
76,20,1
89,5,1
105,38,1
67,10,1
84,17,1
91,41,1
64,36,1
76,34,1
89,49,1
72,37,1
72,28,1
107,23,1
80,39,1
90,48,1
66,29,1
81,1,1
90,21,1
89,41,1
67,28,1
83,36,1
66,38,1
93,30,1
81,11,1
87,14,1
78,27,1
109,18,1
65,26,1
67,20,1
109,27,1
85,26,1
102,26,1
92,43,1
85,16,1
68,33,1
94,48,1
66,41,1
72,7,1
108,31,1
80,1,1
82,6,1
102,24,1
63,16,1
83,13,1
105,12,1
102,20,1
90,39,1
106,19,1
68,10,1
102,39,1
62,25,1
89,25,1
81,45,1
103,10,1
100,6,1
63,18,1
81,4,1
101,14,1
73,23,1
96,20,1
68,37,1
103,21,1
61,29,1
104,26,1
87,31,1
91,24,1
90,17,1
79,29,1
103,25,1
97,40,1
93,7,1
98,36,1
88,23,1
98,7,1
70,8,1
82,47,1
96,11,1
105,32,1
66,35,1
95,37,1
98,11,1
101,8,1
76,34,1
72,14,1
84,17,1
89,31,1
74,7,1
93,22,1
89,10,1
69,6,1
76,4,1
108,22,1
98,27,1
71,13,1
85,13,1
99,29,1
109,19,1
85,28,1
81,46,1
103,36,1
86,26,1
67,19,1
88,26,1
89,13,1
73,22,1
71,30,1
92,11,1
73,18,1
103,37,1
86,44,1
81,18,1
80,21,1
66,18,1
82,23,1
91,6,1
75,8,1
70,21,1
84,26,1
94,44,1
92,12,1
102,26,1
83,36,1
83,26,1
90,10,1
78,1,1
88,15,1
