35,34,0
44,31,0
33,34,0
17,15,0
28,42,0
20,11,0
40,33,0
19,26,0
6,15,0
24,40,0
20,10,0
24,46,0
12,25,0
23,12,0
17,8,0
47,15,0
43,8,0
42,25,0
20,38,0
31,10,0
9,42,0
15,3,0
39,26,0
13,24,0
7,31,0
27,18,0
10,15,0
28,23,0
39,22,0
40,13,0
11,44,0
27,48,0
15,35,0
44,16,0
47,15,0
40,23,0
11,15,0
20,22,0
31,30,0
9,43,0
27,49,0
6,17,0
19,46,0
22,35,0
41,9,0
19,22,0
39,20,0
29,46,0
34,31,0
35,47,0
17,36,0
45,13,0
45,25,0
7,19,0
31,25,0
30,49,0
22,39,0
43,35,0
21,8,0
2,27,0
29,18,0
15,42,0
5,26,0
20,38,0
23,9,0
4,20,0
42,10,0
33,15,0
40,6,0
35,9,0
16,33,0
40,25,0
42,26,0
20,14,0
43,36,0
32,44,0
11,43,0
11,44,0
38,44,0
8,19,0
5,36,0
3,26,0
31,11,0
31,38,0
40,36,0
47,23,0
44,23,0
32,46,0
24,45,0
30,8,0
29,39,0
11,12,0
24,27,0
41,39,0
19,33,0
34,12,0
11,20,0
23,43,0
30,47,0
15,14,0
30,45,0
25,42,0
33,45,0
25,37,0
17,13,0
17,6,0
45,40,0
6,13,0
7,20,0
24,39,0
26,33,0
29,33,0
37,25,0
30,43,0
2,26,0
16,41,0
14,36,0
12,5,0
36,36,0
3,14,0
46,13,0
36,20,0
24,12,0
18,34,0
31,14,0
38,8,0
19,7,0
38,24,0
19,8,0
25,31,0
24,23,0
22,49,0
37,19,0
46,21,0
18,2,0
33,15,0
45,32,0
9,17,0
23,3,0
39,24,0
46,35,0
7,18,0
36,9,0
27,49,0
17,14,0
24,48,0
6,14,0
38,4,0
11,29,0
39,21,0
7,25,0
16,34,0
17,48,0
12,22,0
19,41,0
30,24,0
22,5,0
39,21,0
30,5,0
13,42,0
40,41,0
39,33,0
6,36,0
43,38,0
39,28,0
21,40,0
24,10,0
21,4,0
44,21,0
32,13,0
39,38,0
48,31,0
19,31,0
43,36,0
43,31,0
16,18,0
11,18,0
26,10,0
8,41,0
17,21,0
23,21,0
33,34,0
37,35,0
39,32,0
9,27,0
9,34,0
17,37,0
9,18,0
32,42,0
25,38,0
11,8,0
36,15,0
32,10,0
22,5,0
12,24,0
40,40,0
30,35,0
19,31,0
22,34,0
2,28,0
42,41,0
31,42,0
21,47,0
18,29,0
43,29,0
7,10,0
14,42,0
16,39,0
1,26,0
20,21,0
36,30,0
5,12,0
6,16,0
17,12,0
25,1,0
16,47,0
35,40,0
49,20,0
25,15,0
1,27,0
48,33,0
25,42,0
23,6,0
23,38,0
20,26,0
33,29,0
12,6,0
29,21,0
26,19,0
13,28,0
47,21,0
25,6,0
33,9,0
16,20,0
47,18,0
21,35,0
30,1,0
36,10,0
14,27,0
5,20,0
26,37,0
25,45,0
40,45,0
29,6,0
11,34,0
27,27,0
6,16,0
11,30,0
17,25,0
32,24,0
39,24,0
43,31,0
49,24,0
25,11,0
19,48,0
42,33,0
25,25,0
38,27,0
30,43,0
16,37,0
32,46,0
24,2,0
31,41,0
21,44,0
20,25,0
43,13,0
33,33,0
33,30,0
34,34,0
47,14,0
18,47,0
7,41,0
31,36,0
42,33,0
36,25,0
21,25,0
15,41,0
25,11,0
27,40,0
34,46,0
12,8,0
22,3,0
30,34,0
30,42,0
25,45,0
40,5,0
11,9,0
37,18,0
35,11,0
13,8,0
3,17,0
27,17,0
38,36,0
6,31,0
18,20,0
6,27,0
28,4,0
29,24,0
22,25,0
35,42,0
27,48,0
36,30,0
42,15,0
11,13,0
38,41,0
26,45,0
26,37,0
9,38,0
40,13,0
32,27,0
23,48,0
17,5,0
40,6,0
42,42,0
36,32,0
32,39,0
37,45,0
17,10,0
27,3,0
9,10,0
33,6,0
11,34,0
5,15,0
42,28,0
26,20,0
41,24,0
47,15,0
30,2,0
43,33,0
30,16,0
45,21,0
17,43,0
39,18,0
5,20,0
26,11,0
12,22,0
43,32,0
21,18,0
4,18,0
47,22,0
11,26,0
11,41,0
2,29,0
29,25,0
12,20,0
37,12,0
6,30,0
26,31,0
40,8,0
7,24,0
14,6,0
35,15,0
5,31,0
41,36,0
11,6,0
22,24,0
36,42,0
44,26,0
42,38,0
17,26,0
11,12,0
10,11,0
34,32,0
6,21,0
1,25,0
29,21,0
12,44,0
45,26,0
33,18,0
25,28,0
36,32,0
42,42,0
8,23,0
27,33,0
32,42,0
7,15,0
35,45,0
5,10,0
23,35,0
43,21,0
39,6,0
15,15,0
22,40,0
22,19,0
40,31,0
13,29,0
39,36,0
24,12,0
8,20,0
31,20,0
25,48,0
39,41,0
42,22,0
33,8,0
16,47,0
45,40,0
48,28,0
8,13,0
22,1,0
22,19,0
26,8,0
20,35,0
8,40,0
37,41,0
44,27,0
26,1,0
10,11,0
29,2,0
20,6,0
47,32,0
5,27,0
19,46,0
29,38,0
28,26,0
34,37,0
9,14,0
23,9,0
34,25,0
22,31,0
30,28,0
27,23,0
13,30,0
40,33,0
34,4,0
34,41,0
21,32,0
16,19,0
8,38,0
40,6,0
35,12,0
40,13,0
18,3,0
17,46,0
16,12,0
35,7,0
43,41,0
36,11,0
39,34,0
31,27,0
46,19,0
2,34,0
2,19,0
46,19,0
47,30,0
30,20,0
22,40,0
34,39,0
33,38,0
30,8,0
45,31,0
37,32,0
21,30,0
17,20,0
25,28,0
31,1,0
24,29,0
45,13,0
6,21,0
1,26,0
27,5,0
23,42,0
4,31,0
19,43,0
48,33,0
41,27,0
26,16,0
16,43,0
7,14,0
8,28,0
16,11,0
42,23,0
49,28,0
10,37,0
40,43,0
12,44,0
36,7,0
14,17,0
34,30,0
29,48,0
34,18,0
15,22,0
33,26,0
21,26,0
5,24,0
17,35,0
47,26,0
31,18,0
45,14,0
41,17,0
36,35,0
12,25,0
22,4,0
12,15,0
20,27,0
33,46,0
21,13,0
30,6,0
15,12,0
41,24,0
42,36,0
72,14,1
105,40,1
82,40,1
74,47,1
90,12,1
65,19,1
73,24,1
86,24,1
92,44,1
87,47,1
86,16,1
97,46,1
79,12,1
86,2,1
87,31,1
68,22,1
95,23,1
84,41,1
91,46,1
66,13,1
96,35,1
72,37,1
104,35,1
64,34,1
71,37,1
102,26,1
83,24,1
106,15,1
89,48,1
69,7,1
63,20,1
71,39,1
87,24,1
105,17,1
96,13,1
97,18,1
97,24,1
90,26,1
94,13,1
89,12,1
90,30,1
90,24,1
82,38,1
75,25,1
83,7,1
96,10,1
94,26,1
96,34,1
86,44,1
78,8,1
65,16,1
102,18,1
78,1,1
90,20,1
91,26,1
89,14,1
94,43,1
95,40,1
83,6,1
94,3,1
63,30,1
77,19,1
80,35,1
82,2,1
80,32,1
80,29,1
94,3,1
67,23,1
85,23,1
86,38,1
92,21,1
94,47,1
88,22,1
98,19,1
65,10,1
84,41,1
93,47,1
66,37,1
73,26,1
89,21,1
84,12,1
89,29,1
67,21,1
73,6,1
79,3,1
103,32,1
62,16,1
90,34,1
105,13,1
78,41,1
96,46,1
77,23,1
80,46,1
94,13,1
102,10,1
65,32,1
84,33,1
70,39,1
102,19,1
66,14,1
68,30,1
84,27,1
95,15,1
73,43,1
68,39,1
93,35,1
64,36,1
102,11,1
66,24,1
65,34,1
84,34,1
93,33,1
88,5,1
69,41,1
99,22,1
72,6,1
64,30,1
73,37,1
93,48,1
84,24,1
90,43,1
102,27,1
66,15,1
91,11,1
61,18,1
79,20,1
87,9,1
83,19,1
74,35,1
82,44,1
98,33,1
80,9,1
89,40,1
74,46,1
88,12,1
77,24,1
87,12,1
85,3,1
88,9,1
80,48,1
85,28,1
92,4,1
76,22,1
91,19,1
94,20,1
108,28,1
104,28,1
66,27,1
96,29,1
100,36,1
73,5,1
87,32,1
88,30,1
102,36,1
76,36,1
70,32,1
82,24,1
73,45,1
76,3,1
77,45,1
91,35,1
73,13,1
89,29,1
76,46,1
95,29,1
85,29,1
69,9,1
95,42,1
70,7,1
90,45,1
90,49,1
61,31,1
74,44,1
94,20,1
105,31,1
85,47,1
72,18,1
74,13,1
98,23,1
104,24,1
62,28,1
108,25,1
80,7,1
64,36,1
95,7,1
99,26,1
93,34,1
99,27,1
63,17,1
64,31,1
65,20,1
94,28,1
70,34,1
77,43,1
75,5,1
83,38,1
76,28,1
95,4,1
71,32,1
78,13,1
102,29,1
72,43,1
108,26,1
100,40,1
69,15,1
90,36,1
97,17,1
76,48,1
89,26,1
64,13,1
88,36,1
77,12,1
87,38,1
85,44,1
82,27,1
63,20,1
73,37,1
69,36,1
92,17,1
107,35,1
90,9,1
72,4,1
74,41,1
93,3,1
64,17,1
75,26,1
73,25,1
70,42,1
69,23,1
68,11,1
70,39,1
67,39,1
94,28,1
94,24,1
94,12,1
78,4,1
106,34,1
73,33,1
90,14,1
95,21,1
99,30,1
76,22,1
80,46,1
106,22,1
81,45,1
61,31,1
82,7,1
66,29,1
79,22,1
78,23,1
104,13,1
66,41,1
99,38,1
84,22,1
80,2,1
103,8,1
86,47,1
65,15,1
82,38,1
76,30,1
91,3,1
63,33,1
91,29,1
90,43,1
64,22,1
90,37,1
78,25,1
67,38,1
102,39,1
92,13,1
91,29,1
62,24,1
103,19,1
87,35,1
90,27,1
77,2,1
99,22,1
67,9,1
67,13,1
66,41,1
94,7,1
75,4,1
93,37,1
96,20,1
101,11,1
78,13,1
88,17,1
93,16,1
84,11,1
74,42,1
92,24,1
71,36,1
76,13,1
74,44,1
71,30,1
81,47,1
105,25,1
75,31,1
99,24,1
82,14,1
81,3,1
80,17,1
92,20,1
86,20,1
76,23,1
74,26,1
107,32,1
69,6,1
64,36,1
102,30,1
81,44,1
91,40,1
82,25,1
87,48,1
79,10,1
106,15,1
72,9,1
95,41,1
82,33,1
75,38,1
76,30,1
65,27,1
79,18,1
66,9,1
82,20,1
73,38,1
62,18,1
79,29,1
93,32,1
80,30,1
104,21,1
73,41,1
78,10,1
71,6,1
105,14,1
97,23,1
90,21,1
91,6,1
96,37,1
65,33,1
91,23,1
79,5,1
97,7,1
73,46,1
99,30,1
72,10,1
82,1,1
77,44,1
99,31,1
92,12,1
74,33,1
92,39,1
91,5,1
98,6,1
82,26,1
72,40,1
90,16,1
73,45,1
89,3,1
95,39,1
92,33,1
88,26,1
73,42,1
70,22,1
81,30,1
106,38,1
99,5,1
78,14,1
107,19,1
98,5,1
108,16,1
86,45,1
94,30,1
87,7,1
69,29,1
103,22,1
69,35,1
68,16,1
94,37,1
78,36,1
68,17,1
86,16,1
74,35,1
68,42,1
91,46,1
99,41,1
93,3,1
74,47,1
97,28,1
88,13,1
101,38,1
99,17,1
95,9,1
74,18,1
62,29,1
85,12,1
69,29,1
100,23,1
101,27,1
98,37,1
94,38,1
75,32,1
61,23,1
65,16,1
77,16,1
83,2,1
91,10,1
99,41,1
98,37,1
100,34,1
83,39,1
88,19,1
73,6,1
107,14,1
91,40,1
103,41,1
103,28,1
99,8,1
78,20,1
89,44,1
96,30,1
108,25,1
73,14,1
99,28,1
80,47,1
95,41,1
94,33,1
83,18,1
81,30,1
80,44,1
83,15,1
67,12,1
79,25,1
107,29,1
63,36,1
98,18,1
74,36,1
75,43,1
88,34,1
98,39,1
69,19,1
64,14,1
97,22,1
85,1,1
65,30,1
92,32,1
102,40,1
108,20,1
87,2,1
88,39,1
82,19,1
76,13,1
93,30,1
74,8,1
77,18,1
88,24,1
90,11,1
96,22,1
90,9,1
98,36,1
70,43,1
93,32,1
81,39,1
93,4,1
90,3,1
66,33,1
78,3,1
77,38,1
101,25,1
72,12,1
82,14,1
85,13,1
104,31,1
104,11,1
81,34,1
74,38,1
95,4,1
98,7,1
76,22,1
89,49,1
80,31,1
93,37,1
78,14,1
98,16,1
72,15,1
64,37,1
108,28,1
83,19,1
89,18,1
81,8,1
91,25,1
73,42,1
78,26,1
63,23,1
71,10,1
86,16,1
98,27,1
86,28,1
80,24,1
92,21,1
