34,4,0
37,39,0
45,30,0
21,20,0
11,28,0
25,17,0
15,26,0
16,33,0
37,16,0
21,41,0
33,7,0
32,21,0
13,28,0
32,38,0
31,22,0
20,9,0
38,43,0
3,36,0
41,20,0
7,41,0
13,43,0
36,44,0
41,28,0
11,30,0
9,27,0
30,11,0
19,26,0
31,3,0
2,19,0
28,8,0
31,29,0
15,10,0
8,21,0
41,27,0
16,46,0
6,25,0
16,46,0
33,42,0
20,10,0
14,22,0
37,43,0
7,11,0
47,23,0
6,36,0
14,37,0
25,37,0
42,16,0
14,9,0
35,3,0
28,35,0
7,27,0
14,44,0
12,32,0
42,11,0
16,7,0
32,25,0
37,15,0
29,3,0
3,21,0
33,28,0
27,13,0
17,16,0
40,16,0
9,28,0
11,30,0
11,34,0
41,11,0
23,16,0
46,28,0
17,39,0
41,25,0
19,44,0
23,9,0
35,30,0
31,37,0
14,43,0
18,32,0
7,27,0
28,28,0
2,20,0
35,14,0
3,35,0
49,22,0
1,20,0
33,9,0
48,23,0
22,19,0
35,8,0
26,5,0
37,46,0
24,38,0
29,9,0
40,5,0
47,35,0
7,16,0
39,31,0
37,25,0
7,28,0
15,29,0
34,24,0
34,17,0
33,38,0
15,40,0
22,44,0
26,45,0
45,30,0
10,6,0
14,13,0
29,14,0
8,9,0
32,5,0
24,44,0
26,43,0
15,11,0
10,32,0
9,25,0
12,44,0
21,47,0
34,24,0
34,3,0
46,36,0
25,14,0
10,5,0
17,36,0
26,37,0
14,19,0
39,34,0
13,12,0
8,8,0
37,15,0
18,4,0
35,18,0
18,1,0
42,41,0
27,27,0
32,41,0
48,32,0
6,9,0
42,21,0
18,9,0
31,34,0
10,21,0
18,27,0
32,12,0
44,32,0
21,29,0
24,30,0
38,9,0
16,36,0
11,38,0
9,28,0
15,30,0
35,4,0
35,29,0
5,20,0
12,11,0
4,22,0
29,37,0
13,32,0
43,28,0
25,21,0
31,47,0
30,29,0
45,21,0
9,17,0
17,39,0
45,17,0
9,13,0
14,27,0
28,19,0
25,28,0
16,3,0
18,14,0
48,26,0
35,29,0
42,42,0
14,6,0
35,31,0
25,39,0
44,41,0
13,26,0
27,13,0
25,14,0
9,8,0
12,38,0
46,12,0
18,24,0
48,30,0
23,17,0
16,43,0
7,12,0
9,16,0
37,12,0
24,4,0
27,38,0
22,35,0
50,25,0
16,24,0
20,26,0
38,43,0
20,30,0
31,27,0
32,13,0
33,35,0
35,6,0
26,23,0
30,2,0
21,11,0
15,44,0
17,38,0
28,24,0
11,45,0
20,31,0
30,31,0
6,12,0
30,12,0
28,27,0
24,42,0
33,15,0
38,4,0
37,18,0
39,10,0
46,12,0
48,22,0
34,30,0
29,34,0
30,22,0
34,16,0
20,22,0
16,16,0
4,24,0
2,28,0
11,9,0
12,30,0
10,28,0
23,6,0
15,17,0
22,48,0
38,42,0
13,33,0
1,26,0
7,37,0
21,47,0
40,32,0
21,48,0
21,20,0
35,7,0
32,8,0
34,10,0
14,20,0
40,12,0
32,45,0
21,33,0
41,20,0
3,33,0
47,33,0
38,33,0
27,18,0
37,28,0
42,20,0
19,11,0
37,22,0
25,21,0
37,4,0
12,7,0
38,22,0
21,18,0
41,13,0
36,47,0
13,35,0
14,7,0
26,19,0
35,11,0
41,19,0
31,30,0
43,40,0
9,26,0
33,23,0
13,42,0
36,28,0
22,4,0
24,37,0
39,32,0
13,30,0
5,24,0
25,21,0
40,12,0
16,41,0
13,12,0
29,34,0
37,44,0
33,27,0
28,24,0
34,19,0
20,38,0
47,31,0
10,26,0
5,12,0
41,28,0
7,35,0
27,25,0
24,10,0
49,22,0
22,37,0
22,29,0
5,30,0
5,35,0
25,45,0
26,45,0
5,36,0
40,24,0
43,42,0
11,44,0
32,15,0
17,8,0
25,29,0
28,42,0
27,10,0
31,16,0
38,37,0
17,6,0
8,17,0
24,41,0
47,29,0
22,23,0
27,16,0
20,39,0
28,15,0
44,30,0
4,38,0
12,17,0
38,12,0
45,29,0
23,37,0
9,15,0
43,36,0
3,19,0
27,16,0
29,46,0
12,25,0
10,26,0
14,23,0
43,39,0
24,8,0
12,28,0
37,32,0
28,32,0
47,23,0
34,23,0
6,30,0
4,21,0
24,8,0
43,29,0
19,42,0
29,5,0
36,10,0
41,22,0
31,3,0
16,25,0
43,40,0
31,34,0
42,23,0
30,8,0
25,29,0
8,8,0
10,44,0
46,19,0
15,23,0
27,29,0
47,14,0
3,31,0
27,34,0
24,13,0
41,37,0
23,43,0
27,32,0
12,25,0
44,34,0
33,9,0
45,26,0
14,24,0
38,7,0
28,24,0
11,16,0
5,14,0
29,8,0
36,25,0
8,16,0
12,34,0
22,23,0
40,32,0
33,8,0
42,7,0
32,42,0
38,42,0
22,40,0
22,20,0
47,29,0
23,9,0
37,16,0
30,18,0
33,27,0
3,17,0
20,39,0
23,47,0
10,12,0
28,27,0
18,13,0
5,40,0
26,24,0
46,16,0
45,18,0
45,19,0
27,13,0
37,6,0
27,10,0
19,4,0
25,13,0
18,22,0
37,44,0
29,40,0
9,37,0
6,33,0
17,16,0
18,6,0
22,45,0
23,20,0
9,22,0
21,21,0
23,4,0
16,32,0
30,12,0
42,14,0
46,12,0
47,27,0
41,39,0
40,16,0
25,7,0
36,11,0
34,29,0
34,16,0
6,25,0
25,36,0
14,18,0
41,30,0
47,17,0
28,9,0
47,15,0
13,21,0
14,33,0
26,24,0
13,4,0
19,34,0
30,1,0
14,42,0
33,26,0
16,17,0
33,38,0
33,10,0
39,27,0
8,15,0
10,36,0
7,35,0
36,28,0
19,17,0
16,39,0
15,36,0
22,10,0
26,28,0
13,9,0
23,44,0
31,20,0
18,16,0
26,19,0
45,38,0
28,20,0
25,21,0
21,15,0
27,29,0
35,10,0
37,39,0
27,1,0
25,9,0
3,18,0
27,22,0
41,11,0
27,19,0
49,27,0
32,9,0
49,19,0
21,17,0
31,21,0
33,12,0
3,23,0
41,29,0
41,39,0
1,22,0
12,21,0
3,30,0
1,26,0
94,16,1
64,34,1
99,33,1
74,9,1
64,36,1
100,44,1
96,7,1
104,21,1
75,43,1
73,18,1
81,49,1
67,12,1
92,48,1
66,39,1
93,24,1
77,28,1
85,34,1
77,7,1
94,29,1
90,5,1
100,28,1
102,20,1
81,30,1
79,19,1
77,26,1
92,44,1
84,36,1
78,6,1
65,31,1
83,27,1
71,45,1
97,28,1
85,29,1
64,37,1
77,22,1
79,44,1
94,31,1
73,19,1
108,24,1
88,47,1
80,9,1
84,19,1
63,36,1
87,29,1
106,31,1
94,23,1
70,15,1
65,30,1
64,20,1
72,37,1
86,10,1
81,35,1
76,20,1
81,45,1
69,16,1
99,6,1
90,18,1
82,49,1
105,24,1
79,19,1
76,19,1
68,18,1
79,36,1
108,22,1
108,24,1
76,15,1
85,21,1
85,19,1
87,9,1
106,29,1
78,37,1
80,46,1
84,2,1
68,39,1
107,23,1
109,32,1
87,20,1
96,34,1
99,12,1
97,24,1
79,6,1
75,29,1
73,5,1
93,20,1
92,44,1
100,15,1
101,42,1
109,26,1
76,40,1
83,48,1
77,42,1
105,19,1
107,34,1
87,10,1
85,33,1
92,20,1
78,22,1
67,19,1
73,9,1
71,35,1
92,15,1
70,23,1
83,38,1
89,12,1
96,32,1
98,24,1
68,15,1
77,42,1
98,15,1
89,25,1
101,32,1
98,9,1
85,18,1
90,4,1
72,29,1
89,29,1
95,34,1
94,12,1
63,14,1
85,23,1
82,49,1
88,11,1
67,20,1
89,46,1
73,28,1
107,35,1
98,13,1
89,18,1
91,38,1
89,21,1
100,12,1
72,26,1
89,2,1
72,18,1
99,23,1
72,46,1
81,23,1
84,19,1
104,23,1
68,42,1
97,29,1
81,43,1
87,19,1
109,25,1
95,38,1
81,11,1
94,46,1
65,30,1
82,29,1
87,5,1
81,27,1
83,23,1
93,46,1
104,37,1
97,16,1
97,19,1
94,12,1
68,32,1
99,29,1
76,33,1
95,34,1
78,37,1
89,33,1
109,29,1
99,18,1
74,31,1
75,32,1
74,22,1
103,36,1
86,11,1
64,36,1
99,23,1
76,47,1
92,31,1
66,21,1
66,10,1
99,37,1
85,5,1
76,19,1
62,21,1
88,33,1
98,4,1
66,24,1
77,26,1
69,44,1
77,15,1
66,12,1
101,23,1
104,12,1
64,28,1
95,17,1
95,33,1
91,48,1
79,2,1
62,20,1
90,25,1
102,31,1
88,34,1
66,21,1
89,11,1
93,5,1
98,46,1
89,23,1
90,24,1
99,16,1
105,14,1
107,25,1
84,39,1
72,42,1
81,13,1
84,4,1
99,28,1
102,39,1
71,16,1
99,37,1
88,43,1
67,26,1
67,19,1
77,40,1
67,17,1
76,10,1
82,41,1
99,17,1
80,13,1
77,10,1
99,11,1
70,14,1
105,23,1
104,39,1
94,30,1
104,16,1
107,27,1
61,27,1
97,32,1
70,18,1
89,6,1
93,48,1
76,25,1
70,19,1
77,42,1
76,10,1
75,16,1
97,23,1
67,39,1
90,6,1
96,23,1
98,9,1
71,7,1
71,31,1
64,38,1
65,12,1
76,41,1
83,28,1
86,6,1
67,27,1
89,14,1
96,4,1
93,9,1
76,18,1
75,20,1
102,22,1
69,8,1
81,35,1
83,21,1
91,31,1
66,23,1
99,34,1
68,26,1
75,19,1
72,7,1
90,46,1
106,32,1
73,15,1
108,25,1
106,23,1
102,15,1
84,34,1
76,22,1
61,30,1
71,9,1
99,25,1
88,20,1
75,4,1
61,31,1
90,25,1
101,24,1
88,40,1
81,7,1
93,43,1
78,11,1
90,24,1
79,24,1
89,48,1
102,36,1
85,46,1
85,30,1
97,8,1
68,35,1
62,20,1
95,13,1
77,48,1
84,18,1
101,10,1
92,27,1
62,16,1
103,20,1
88,42,1
80,4,1
84,20,1
79,1,1
78,29,1
89,9,1
94,37,1
68,28,1
76,28,1
70,10,1
81,42,1
99,18,1
87,11,1
94,20,1
97,27,1
66,36,1
94,4,1
69,41,1
103,38,1
83,43,1
88,9,1
79,37,1
97,18,1
79,20,1
102,8,1
82,23,1
63,24,1
81,18,1
79,18,1
89,36,1
86,43,1
103,22,1
65,12,1
67,19,1
107,28,1
65,12,1
82,47,1
71,34,1
107,22,1
82,48,1
71,36,1
89,17,1
107,14,1
86,45,1
103,38,1
72,36,1
86,49,1
69,22,1
106,29,1
62,31,1
88,19,1
63,26,1
67,12,1
84,40,1
79,36,1
88,34,1
108,31,1
96,10,1
92,49,1
75,34,1
103,19,1
97,31,1
90,35,1
74,20,1
93,36,1
86,17,1
77,46,1
87,31,1
104,31,1
91,31,1
70,5,1
68,8,1
90,35,1
101,16,1
88,27,1
64,21,1
94,38,1
93,21,1
72,20,1
107,26,1
87,15,1
106,14,1
109,30,1
93,31,1
108,30,1
104,9,1
71,12,1
79,30,1
87,21,1
77,21,1
93,41,1
84,5,1
88,6,1
82,12,1
79,30,1
106,22,1
88,25,1
66,33,1
102,27,1
63,35,1
68,7,1
65,33,1
87,12,1
86,25,1
88,20,1
86,8,1
84,7,1
84,22,1
96,28,1
95,38,1
85,33,1
91,11,1
86,36,1
78,18,1
107,14,1
70,17,1
86,40,1
80,18,1
87,2,1
63,26,1
71,44,1
97,7,1
103,11,1
81,39,1
91,46,1
78,30,1
64,18,1
68,38,1
87,27,1
99,14,1
68,36,1
76,2,1
96,30,1
66,12,1
77,17,1
68,37,1
100,28,1
70,11,1
80,24,1
92,42,1
70,25,1
96,7,1
61,31,1
98,19,1
102,9,1
90,42,1
105,26,1
101,37,1
100,38,1
87,11,1
77,39,1
95,3,1
85,46,1
62,17,1
80,29,1
81,7,1
92,22,1
91,1,1
77,40,1
66,23,1
90,24,1
89,14,1
78,2,1
71,7,1
74,23,1
80,26,1
78,21,1
99,20,1
82,8,1
71,11,1
108,19,1
65,39,1
69,11,1
92,13,1
73,26,1
76,43,1
104,22,1
62,25,1
92,16,1
80,9,1
90,17,1
103,20,1
104,34,1
91,43,1
78,2,1
69,30,1
96,18,1
97,14,1
81,40,1
78,24,1
94,30,1
94,17,1
98,28,1
65,32,1
