31,1,0
36,11,0
21,29,0
40,26,0
21,1,0
36,17,0
30,16,0
31,44,0
39,43,0
36,9,0
6,39,0
17,44,0
16,9,0
21,24,0
5,32,0
2,29,0
12,28,0
22,4,0
16,30,0
44,16,0
46,24,0
26,16,0
22,19,0
7,40,0
26,13,0
11,22,0
3,36,0
17,9,0
26,17,0
13,28,0
30,35,0
24,27,0
18,17,0
3,18,0
41,27,0
38,15,0
5,25,0
26,4,0
27,33,0
11,44,0
29,30,0
22,14,0
34,36,0
16,7,0
48,27,0
7,9,0
41,26,0
16,38,0
32,7,0
22,35,0
41,15,0
37,22,0
20,19,0
35,42,0
8,20,0
39,41,0
41,27,0
14,18,0
16,41,0
10,33,0
27,47,0
26,46,0
23,35,0
14,31,0
7,26,0
42,28,0
38,11,0
37,14,0
29,12,0
25,42,0
24,28,0
22,43,0
28,21,0
32,46,0
45,12,0
16,8,0
38,21,0
24,47,0
23,33,0
46,38,0
25,3,0
10,7,0
45,17,0
30,31,0
15,45,0
21,38,0
43,20,0
46,31,0
11,20,0
40,25,0
13,43,0
25,45,0
3,27,0
4,20,0
41,44,0
22,13,0
25,7,0
16,43,0
27,1,0
43,33,0
10,9,0
18,5,0
19,27,0
41,24,0
2,30,0
44,35,0
27,33,0
23,14,0
43,25,0
7,32,0
18,12,0
33,37,0
8,43,0
28,34,0
34,26,0
49,25,0
26,43,0
18,22,0
39,39,0
30,38,0
42,39,0
17,42,0
12,37,0
14,21,0
39,22,0
41,43,0
35,7,0
28,26,0
34,21,0
3,25,0
36,28,0
19,30,0
21,10,0
16,32,0
24,30,0
33,41,0
7,35,0
12,40,0
35,20,0
18,8,0
28,7,0
36,31,0
24,9,0
13,5,0
30,37,0
16,37,0
3,20,0
25,33,0
19,28,0
47,29,0
23,6,0
40,35,0
30,41,0
38,41,0
35,9,0
22,40,0
29,42,0
32,49,0
26,38,0
16,19,0
8,33,0
20,25,0
44,31,0
42,39,0
3,16,0
36,40,0
31,32,0
12,42,0
24,21,0
13,19,0
19,29,0
30,22,0
41,21,0
16,38,0
46,16,0
34,25,0
28,39,0
44,37,0
39,21,0
39,12,0
14,25,0
40,31,0
17,17,0
36,14,0
13,7,0
30,30,0
34,47,0
42,13,0
49,20,0
32,18,0
5,40,0
32,7,0
16,7,0
34,4,0
23,38,0
27,37,0
33,9,0
22,19,0
14,11,0
15,18,0
32,5,0
23,24,0
38,9,0
19,21,0
5,26,0
40,22,0
12,21,0
48,29,0
25,5,0
12,46,0
3,27,0
37,40,0
36,36,0
18,6,0
44,11,0
41,34,0
39,34,0
25,32,0
22,20,0
31,13,0
42,42,0
30,47,0
6,24,0
49,32,0
49,26,0
42,42,0
6,29,0
37,24,0
46,13,0
28,27,0
29,41,0
13,31,0
16,16,0
15,38,0
20,27,0
28,30,0
16,26,0
30,47,0
13,28,0
38,15,0
4,29,0
17,9,0
39,9,0
43,36,0
29,41,0
34,10,0
44,15,0
26,45,0
3,21,0
44,13,0
30,21,0
11,44,0
7,36,0
21,42,0
47,32,0
13,26,0
23,14,0
18,5,0
27,34,0
22,2,0
26,7,0
48,18,0
36,47,0
36,33,0
6,18,0
13,32,0
22,19,0
23,22,0
42,19,0
15,7,0
32,23,0
30,40,0
34,5,0
47,30,0
36,27,0
41,28,0
11,13,0
19,14,0
24,25,0
47,16,0
28,7,0
40,15,0
31,13,0
29,1,0
15,20,0
34,27,0
47,25,0
13,41,0
8,23,0
43,19,0
3,24,0
24,39,0
22,19,0
19,12,0
26,35,0
33,13,0
32,11,0
36,33,0
11,42,0
12,25,0
41,10,0
32,5,0
14,46,0
40,29,0
26,40,0
39,21,0
10,28,0
40,14,0
30,7,0
16,44,0
26,37,0
47,23,0
29,46,0
42,16,0
4,22,0
12,8,0
43,20,0
3,15,0
3,27,0
40,44,0
8,43,0
40,42,0
43,8,0
19,49,0
19,26,0
9,42,0
10,25,0
24,24,0
24,27,0
34,24,0
18,22,0
24,36,0
29,15,0
48,22,0
21,26,0
37,41,0
15,31,0
38,45,0
8,30,0
23,28,0
47,23,0
15,16,0
13,18,0
28,38,0
34,10,0
26,1,0
46,38,0
9,34,0
47,31,0
13,21,0
5,30,0
18,15,0
40,9,0
28,17,0
15,43,0
19,37,0
17,17,0
13,20,0
27,19,0
30,4,0
19,4,0
36,28,0
6,30,0
23,19,0
39,12,0
25,36,0
10,16,0
13,4,0
19,34,0
35,41,0
6,28,0
38,46,0
10,32,0
12,12,0
8,31,0
34,36,0
10,28,0
13,7,0
11,44,0
18,31,0
20,25,0
29,24,0
14,42,0
23,41,0
13,23,0
7,24,0
30,32,0
39,23,0
19,11,0
29,20,0
12,41,0
44,22,0
49,29,0
3,32,0
20,30,0
41,26,0
25,29,0
8,18,0
24,13,0
11,7,0
42,8,0
30,22,0
29,12,0
10,24,0
6,38,0
27,42,0
26,8,0
19,36,0
27,13,0
30,25,0
27,14,0
24,43,0
30,34,0
3,22,0
14,31,0
15,27,0
29,11,0
2,31,0
12,40,0
36,25,0
18,28,0
31,12,0
46,16,0
44,28,0
13,5,0
38,30,0
24,31,0
13,4,0
9,38,0
12,20,0
37,40,0
12,36,0
37,7,0
14,9,0
19,34,0
27,46,0
14,4,0
12,8,0
42,16,0
15,36,0
31,16,0
16,44,0
39,43,0
43,35,0
7,24,0
27,22,0
20,12,0
15,33,0
11,24,0
35,14,0
6,11,0
35,14,0
19,9,0
21,38,0
7,9,0
10,27,0
30,27,0
17,18,0
5,19,0
30,26,0
46,23,0
31,6,0
26,47,0
22,5,0
26,11,0
34,33,0
29,47,0
12,40,0
32,29,0
45,20,0
16,23,0
46,27,0
12,28,0
2,18,0
4,19,0
12,41,0
35,15,0
42,35,0
45,22,0
34,31,0
13,39,0
49,24,0
25,48,0
43,29,0
31,15,0
43,33,0
26,31,0
28,42,0
47,15,0
48,17,0
20,39,0
41,38,0
18,15,0
35,22,0
49,26,0
25,45,0
33,20,0
44,37,0
19,21,0
44,10,0
67,20,1
94,33,1
97,16,1
55,27,1
64,34,1
83,19,1
91,30,1
69,23,1
64,5,1
58,26,1
59,17,1
67,10,1
86,20,1
62,12,1
91,44,1
83,46,1
66,26,1
65,10,1
93,34,1
76,34,1
57,35,1
71,5,1
81,46,1
59,33,1
63,21,1
60,38,1
91,16,1
80,7,1
83,44,1
79,9,1
84,48,1
85,8,1
83,20,1
66,24,1
85,33,1
80,14,1
58,14,1
91,15,1
83,27,1
72,22,1
67,27,1
89,20,1
96,16,1
92,22,1
65,39,1
63,44,1
54,27,1
90,30,1
66,33,1
96,12,1
66,33,1
94,20,1
96,18,1
80,5,1
75,50,1
65,30,1
67,36,1
76,22,1
90,27,1
70,15,1
97,22,1
88,45,1
80,21,1
92,32,1
84,17,1
97,26,1
62,15,1
82,3,1
90,27,1
87,30,1
91,43,1
65,20,1
80,7,1
70,21,1
92,36,1
86,27,1
85,3,1
68,24,1
84,19,1
92,27,1
87,6,1
95,33,1
83,43,1
89,28,1
75,10,1
96,34,1
95,26,1
72,28,1
84,47,1
78,19,1
95,34,1
72,5,1
72,3,1
67,8,1
54,15,1
96,23,1
73,34,1
72,34,1
91,6,1
69,36,1
92,32,1
77,34,1
80,21,1
91,21,1
56,17,1
70,22,1
91,39,1
84,39,1
96,24,1
93,15,1
85,7,1
83,32,1
94,39,1
62,34,1
54,29,1
70,4,1
87,13,1
83,42,1
96,38,1
65,38,1
77,48,1
80,24,1
84,23,1
63,19,1
81,22,1
51,26,1
60,42,1
93,42,1
97,29,1
58,11,1
57,17,1
60,8,1
89,18,1
74,32,1
65,6,1
89,42,1
60,16,1
63,12,1
75,33,1
92,31,1
80,29,1
66,28,1
65,10,1
65,8,1
69,25,1
74,43,1
71,40,1
68,15,1
61,30,1
62,34,1
69,43,1
82,23,1
78,46,1
88,13,1
57,10,1
77,21,1
69,20,1
78,8,1
72,42,1
57,41,1
60,9,1
66,48,1
83,48,1
63,14,1
75,14,1
82,14,1
63,28,1
65,35,1
73,5,1
71,33,1
70,24,1
74,32,1
78,15,1
90,42,1
94,35,1
62,9,1
75,43,1
59,31,1
66,21,1
55,30,1
84,38,1
65,21,1
69,8,1
92,38,1
56,26,1
69,38,1
94,34,1
58,37,1
76,20,1
85,31,1
87,45,1
60,15,1
60,10,1
79,44,1
88,38,1
70,45,1
80,10,1
75,32,1
85,4,1
82,28,1
76,44,1
84,38,1
82,30,1
97,20,1
90,26,1
74,41,1
78,10,1
60,36,1
69,26,1
53,34,1
58,38,1
85,32,1
80,32,1
81,21,1
94,28,1
82,38,1
75,22,1
69,45,1
69,44,1
68,41,1
94,26,1
89,44,1
81,45,1
86,38,1
57,17,1
72,3,1
91,16,1
71,43,1
67,18,1
80,16,1
97,21,1
91,17,1
90,7,1
65,22,1
58,17,1
68,8,1
88,40,1
89,16,1
72,45,1
87,31,1
69,33,1
72,2,1
83,39,1
51,20,1
67,27,1
55,25,1
65,14,1
87,33,1
98,17,1
90,19,1
76,2,1
87,43,1
70,40,1
73,13,1
77,14,1
64,23,1
71,32,1
56,10,1
81,33,1
77,49,1
65,19,1
81,17,1
92,26,1
77,32,1
75,49,1
64,13,1
84,26,1
91,21,1
74,28,1
60,39,1
83,21,1
83,19,1
82,4,1
90,40,1
79,5,1
88,34,1
68,49,1
79,39,1
61,19,1
78,31,1
72,22,1
73,12,1
79,7,1
65,33,1
56,19,1
94,11,1
81,34,1
80,14,1
55,10,1
83,46,1
85,33,1
58,23,1
94,10,1
86,21,1
94,33,1
86,10,1
71,25,1
78,14,1
85,15,1
85,32,1
55,28,1
60,36,1
59,30,1
95,40,1
69,16,1
69,24,1
73,16,1
77,22,1
82,49,1
58,27,1
83,24,1
86,21,1
90,42,1
83,44,1
82,24,1
71,17,1
64,3,1
80,43,1
88,23,1
83,12,1
85,10,1
66,13,1
52,27,1
75,16,1
60,10,1
54,26,1
72,7,1
63,24,1
62,46,1
67,29,1
85,6,1
94,10,1
55,13,1
61,26,1
80,16,1
61,22,1
62,37,1
84,10,1
81,33,1
90,32,1
59,21,1
58,14,1
74,43,1
73,25,1
88,6,1
98,16,1
66,25,1
83,26,1
81,36,1
87,9,1
90,39,1
62,43,1
59,29,1
99,32,1
82,42,1
87,46,1
59,12,1
87,35,1
85,31,1
94,33,1
77,1,1
98,32,1
71,38,1
77,24,1
76,3,1
90,33,1
84,26,1
74,13,1
68,49,1
88,22,1
65,47,1
83,31,1
71,4,1
60,26,1
95,18,1
77,45,1
91,17,1
66,37,1
86,38,1
79,11,1
59,31,1
76,30,1
62,6,1
64,13,1
74,20,1
76,19,1
68,21,1
77,48,1
62,45,1
77,33,1
80,41,1
73,43,1
56,30,1
82,6,1
74,21,1
59,15,1
76,5,1
62,13,1
86,19,1
71,34,1
52,25,1
74,47,1
78,23,1
78,14,1
69,27,1
83,34,1
75,10,1
91,30,1
65,41,1
60,16,1
74,11,1
67,35,1
55,27,1
65,32,1
60,14,1
67,35,1
84,39,1
61,22,1
96,19,1
89,34,1
88,46,1
58,27,1
57,25,1
87,17,1
83,33,1
58,32,1
73,21,1
62,20,1
61,34,1
87,26,1
74,46,1
53,17,1
80,48,1
66,6,1
60,17,1
87,22,1
87,21,1
74,39,1
94,18,1
96,24,1
70,9,1
96,27,1
56,24,1
63,14,1
80,5,1
64,6,1
66,42,1
80,26,1
52,33,1
68,13,1
72,32,1
89,38,1
76,7,1
69,34,1
84,18,1
65,9,1
70,26,1
54,27,1
94,18,1
60,38,1
82,39,1
83,6,1
55,36,1
94,37,1
67,5,1
88,42,1
90,7,1
61,41,1
53,34,1
68,9,1
72,19,1
69,18,1
64,39,1
74,26,1
99,20,1
61,33,1
75,5,1
52,18,1
80,31,1
84,17,1
88,16,1
71,7,1
59,7,1
74,30,1
86,13,1
81,2,1
92,31,1
78,37,1
76,45,1
71,11,1
77,15,1
69,10,1
98,19,1
62,43,1
73,33,1
88,6,1
88,28,1
73,32,1
58,30,1
83,37,1
