22,16,0
27,2,0
32,6,0
7,13,0
36,34,0
13,40,0
37,13,0
2,18,0
22,43,0
33,20,0
42,14,0
36,28,0
23,7,0
22,45,0
42,40,0
14,21,0
21,46,0
7,36,0
42,36,0
41,26,0
15,5,0
22,20,0
17,18,0
23,19,0
11,33,0
21,11,0
14,35,0
22,27,0
31,44,0
44,11,0
33,21,0
27,28,0
17,5,0
12,41,0
8,14,0
20,35,0
37,18,0
42,15,0
9,7,0
11,20,0
22,39,0
22,18,0
46,37,0
43,20,0
44,17,0
31,41,0
49,22,0
12,26,0
18,47,0
33,35,0
17,41,0
45,27,0
40,42,0
35,40,0
12,16,0
32,15,0
40,7,0
27,30,0
19,29,0
12,8,0
38,6,0
16,33,0
34,15,0
13,36,0
7,40,0
35,24,0
19,11,0
28,46,0
46,35,0
1,31,0
33,8,0
10,45,0
48,20,0
6,13,0
22,37,0
11,23,0
17,38,0
18,3,0
32,45,0
37,33,0
33,23,0
28,37,0
17,37,0
35,34,0
28,16,0
4,31,0
18,42,0
13,37,0
44,34,0
7,19,0
25,26,0
16,38,0
47,32,0
23,16,0
28,15,0
27,44,0
15,36,0
40,16,0
46,26,0
34,7,0
20,42,0
6,35,0
27,35,0
33,31,0
29,45,0
30,12,0
45,26,0
40,32,0
9,29,0
14,31,0
48,30,0
29,18,0
4,15,0
20,13,0
24,13,0
30,30,0
41,6,0
35,18,0
9,44,0
22,33,0
40,43,0
40,41,0
14,11,0
26,24,0
8,33,0
48,16,0
38,19,0
41,22,0
25,18,0
24,23,0
19,29,0
34,32,0
32,47,0
28,7,0
22,17,0
20,14,0
20,22,0
27,15,0
46,36,0
17,26,0
25,24,0
34,48,0
8,28,0
41,34,0
18,31,0
34,22,0
20,24,0
9,26,0
35,4,0
12,25,0
33,14,0
37,18,0
40,18,0
41,7,0
20,22,0
19,49,0
16,26,0
34,14,0
39,31,0
40,33,0
11,35,0
21,33,0
15,42,0
18,40,0
1,26,0
15,25,0
23,32,0
9,39,0
21,9,0
12,46,0
39,41,0
28,43,0
31,45,0
7,29,0
47,19,0
28,35,0
31,26,0
24,18,0
3,17,0
46,37,0
36,21,0
39,39,0
14,3,0
31,33,0
38,15,0
30,1,0
5,40,0
21,16,0
28,36,0
41,24,0
7,30,0
12,40,0
30,40,0
48,31,0
41,36,0
34,31,0
37,33,0
6,35,0
24,35,0
42,34,0
6,24,0
35,34,0
31,17,0
19,18,0
6,30,0
21,18,0
31,35,0
10,14,0
29,40,0
24,29,0
28,35,0
26,18,0
13,37,0
44,11,0
14,29,0
29,11,0
14,13,0
40,11,0
25,6,0
13,7,0
18,3,0
23,45,0
7,38,0
14,13,0
13,39,0
35,4,0
24,4,0
6,34,0
14,14,0
26,6,0
47,23,0
8,36,0
19,45,0
30,14,0
6,19,0
10,18,0
29,20,0
22,30,0
33,2,0
46,22,0
20,13,0
32,12,0
22,39,0
25,40,0
23,5,0
20,35,0
43,8,0
25,12,0
44,41,0
22,28,0
26,14,0
30,32,0
12,11,0
8,43,0
33,41,0
31,10,0
21,28,0
0,25,0
21,20,0
43,34,0
13,8,0
31,45,0
4,28,0
27,13,0
7,32,0
33,48,0
23,3,0
31,17,0
8,13,0
32,19,0
21,2,0
38,17,0
23,6,0
43,19,0
43,36,0
40,19,0
25,20,0
24,11,0
30,35,0
28,16,0
33,38,0
15,41,0
18,29,0
23,1,0
22,49,0
15,10,0
19,23,0
19,44,0
19,17,0
17,22,0
37,33,0
7,19,0
42,38,0
43,35,0
13,16,0
15,5,0
11,15,0
41,34,0
7,12,0
2,29,0
49,22,0
33,45,0
10,9,0
3,18,0
34,5,0
29,20,0
19,7,0
47,32,0
30,21,0
41,29,0
35,47,0
26,22,0
34,39,0
8,13,0
10,33,0
48,29,0
46,17,0
11,37,0
24,4,0
25,39,0
44,24,0
19,48,0
38,10,0
23,30,0
29,3,0
32,44,0
38,31,0
39,33,0
30,11,0
37,44,0
21,14,0
38,17,0
41,24,0
27,12,0
25,6,0
42,35,0
23,29,0
25,43,0
23,20,0
43,37,0
45,14,0
38,25,0
26,26,0
34,44,0
32,38,0
26,47,0
2,29,0
12,4,0
6,21,0
16,26,0
19,42,0
31,8,0
34,19,0
12,30,0
37,27,0
38,29,0
3,17,0
38,32,0
24,18,0
7,22,0
22,1,0
13,13,0
23,16,0
16,25,0
36,28,0
41,42,0
36,40,0
10,24,0
5,40,0
5,17,0
10,35,0
33,26,0
36,6,0
29,41,0
29,11,0
4,36,0
17,11,0
47,29,0
42,37,0
30,48,0
22,38,0
3,17,0
13,25,0
34,26,0
38,32,0
28,35,0
2,27,0
33,11,0
3,22,0
4,37,0
10,6,0
12,5,0
37,45,0
46,19,0
31,20,0
35,23,0
7,41,0
21,30,0
6,28,0
17,33,0
20,6,0
14,7,0
10,28,0
19,1,0
19,40,0
32,32,0
2,22,0
26,17,0
11,27,0
27,39,0
36,23,0
48,33,0
17,14,0
28,43,0
42,14,0
7,39,0
16,27,0
8,23,0
34,22,0
7,19,0
17,42,0
32,4,0
25,32,0
8,28,0
12,10,0
3,35,0
29,35,0
9,28,0
2,31,0
9,29,0
14,26,0
44,37,0
20,18,0
15,41,0
11,27,0
48,22,0
8,13,0
32,35,0
11,19,0
17,11,0
20,22,0
39,42,0
22,40,0
33,27,0
40,28,0
17,6,0
18,2,0
17,46,0
40,43,0
4,12,0
29,19,0
39,19,0
23,6,0
8,15,0
27,12,0
46,36,0
23,18,0
13,6,0
44,40,0
28,26,0
37,33,0
28,49,0
26,3,0
32,39,0
10,18,0
36,46,0
44,33,0
26,29,0
40,13,0
10,40,0
41,25,0
29,28,0
41,19,0
13,13,0
18,37,0
7,26,0
46,35,0
26,38,0
15,25,0
23,27,0
19,44,0
40,15,0
15,6,0
9,26,0
22,39,0
20,5,0
24,48,0
14,13,0
39,9,0
5,15,0
2,32,0
7,9,0
43,14,0
19,14,0
1,28,0
20,7,0
23,9,0
13,33,0
37,14,0
46,16,0
46,37,1
65,21,1
51,6,1
75,36,1
61,25,1
69,22,1
56,33,1
74,26,1
51,32,1
47,40,1
80,35,1
77,31,1
55,43,1
72,38,1
57,5,1
64,16,1
59,47,1
84,14,1
47,35,1
89,26,1
62,29,1
79,16,1
75,22,1
87,30,1
68,30,1
59,26,1
89,18,1
53,23,1
68,24,1
67,37,1
69,32,1
70,20,1
71,26,1
53,42,1
58,7,1
69,10,1
86,25,1
53,38,1
88,31,1
80,21,1
71,3,1
61,17,1
66,33,1
63,30,1
51,37,1
69,16,1
73,23,1
75,33,1
75,39,1
75,11,1
52,22,1
76,34,1
87,36,1
66,19,1
70,31,1
86,28,1
75,46,1
50,21,1
51,42,1
54,31,1
79,38,1
59,30,1
68,24,1
68,29,1
80,36,1
80,28,1
69,8,1
61,8,1
57,32,1
66,3,1
72,33,1
84,36,1
79,17,1
48,15,1
88,30,1
67,3,1
82,10,1
67,13,1
45,17,1
50,33,1
82,12,1
86,24,1
75,38,1
75,26,1
61,2,1
79,5,1
84,26,1
62,1,1
64,9,1
81,10,1
84,33,1
43,23,1
75,17,1
77,38,1
43,14,1
82,34,1
67,29,1
67,11,1
71,14,1
54,24,1
45,20,1
63,44,1
75,20,1
68,47,1
48,43,1
64,42,1
51,36,1
57,13,1
43,34,1
65,10,1
65,37,1
52,28,1
71,19,1
76,20,1
49,7,1
73,25,1
82,28,1
64,21,1
43,29,1
68,31,1
68,25,1
70,34,1
81,37,1
69,47,1
51,15,1
60,14,1
47,25,1
82,24,1
65,24,1
55,35,1
76,22,1
86,13,1
71,42,1
57,46,1
75,47,1
52,17,1
47,31,1
82,13,1
51,33,1
58,4,1
58,26,1
70,37,1
42,19,1
80,11,1
59,43,1
60,7,1
66,48,1
66,16,1
83,38,1
81,10,1
47,22,1
73,22,1
60,16,1
54,39,1
85,27,1
64,41,1
74,47,1
59,7,1
64,2,1
69,23,1
60,34,1
45,28,1
78,6,1
56,8,1
54,5,1
62,48,1
49,36,1
52,12,1
73,5,1
54,34,1
78,14,1
80,16,1
54,39,1
55,11,1
73,33,1
65,11,1
74,6,1
63,24,1
84,14,1
84,15,1
81,37,1
55,10,1
47,13,1
74,17,1
57,7,1
89,18,1
45,30,1
48,12,1
72,43,1
55,6,1
77,24,1
58,5,1
69,13,1
78,27,1
59,42,1
82,24,1
60,14,1
81,40,1
65,28,1
58,35,1
85,37,1
85,22,1
84,17,1
76,47,1
52,42,1
47,24,1
52,24,1
54,30,1
79,9,1
73,21,1
46,10,1
67,13,1
73,35,1
52,34,1
89,31,1
64,40,1
47,11,1
63,37,1
49,20,1
49,25,1
44,19,1
76,35,1
42,31,1
49,26,1
50,37,1
61,9,1
55,37,1
51,21,1
47,34,1
56,18,1
78,4,1
50,35,1
73,33,1
42,29,1
71,33,1
55,28,1
72,36,1
85,29,1
66,32,1
47,11,1
56,10,1
54,42,1
80,10,1
68,40,1
83,42,1
47,32,1
75,19,1
45,34,1
49,21,1
42,18,1
49,13,1
82,22,1
59,11,1
58,11,1
82,21,1
56,22,1
85,13,1
77,27,1
75,43,1
45,20,1
47,36,1
74,5,1
60,37,1
43,33,1
67,15,1
69,18,1
49,6,1
61,6,1
48,30,1
73,46,1
59,42,1
66,15,1
61,13,1
71,4,1
73,31,1
43,30,1
64,9,1
78,32,1
78,42,1
58,48,1
82,24,1
76,5,1
56,14,1
67,26,1
76,22,1
57,14,1
66,24,1
65,45,1
84,40,1
71,36,1
57,17,1
72,6,1
59,49,1
47,38,1
52,28,1
87,16,1
54,43,1
69,29,1
61,4,1
60,39,1
65,29,1
44,37,1
65,29,1
84,10,1
70,24,1
48,43,1
72,36,1
87,14,1
41,20,1
56,2,1
74,13,1
52,30,1
49,40,1
76,43,1
74,27,1
69,32,1
65,6,1
68,48,1
46,36,1
77,6,1
71,6,1
77,41,1
76,10,1
55,15,1
58,32,1
74,14,1
57,5,1
59,13,1
73,34,1
87,22,1
52,29,1
61,29,1
64,22,1
70,42,1
64,32,1
57,32,1
69,4,1
83,18,1
73,10,1
80,40,1
84,37,1
63,19,1
72,2,1
66,20,1
70,2,1
69,10,1
74,30,1
64,37,1
53,19,1
73,37,1
59,43,1
47,28,1
73,24,1
66,18,1
48,25,1
52,35,1
78,33,1
85,40,1
42,17,1
65,19,1
71,32,1
85,37,1
84,39,1
77,8,1
50,36,1
41,26,1
85,31,1
59,48,1
57,10,1
66,34,1
56,34,1
52,37,1
50,8,1
44,33,1
52,4,1
80,21,1
76,24,1
65,35,1
58,49,1
72,15,1
62,42,1
41,20,1
56,37,1
62,8,1
87,19,1
66,9,1
66,49,1
71,25,1
46,20,1
44,30,1
85,38,1
66,40,1
57,32,1
73,23,1
62,12,1
57,6,1
72,40,1
72,10,1
48,35,1
71,17,1
79,23,1
85,29,1
46,26,1
67,20,1
50,34,1
56,47,1
65,42,1
62,18,1
65,11,1
75,17,1
56,22,1
70,8,1
69,2,1
81,12,1
81,43,1
62,36,1
47,12,1
67,37,1
67,17,1
41,18,1
73,43,1
61,36,1
53,45,1
41,20,1
59,43,1
78,36,1
88,22,1
60,6,1
52,34,1
65,9,1
82,41,1
76,17,1
69,24,1
55,23,1
48,36,1
68,5,1
58,9,1
59,8,1
81,9,1
82,20,1
81,32,1
62,31,1
66,21,1
68,5,1
68,44,1
79,13,1
53,37,1
53,16,1
73,3,1
60,27,1
61,6,1
72,19,1
68,37,1
66,43,1
73,38,1
86,20,1
48,42,1
83,12,1
55,20,1
81,27,1
82,12,1
50,28,1
75,34,1
67,27,1
42,21,1
68,31,1
77,13,1
56,19,1
56,22,1
68,22,1
73,38,1
61,9,1
80,32,1
85,17,1
47,25,1
61,29,1
69,37,1
41,32,1
85,21,1
57,15,1
75,27,1
52,6,1
77,23,1
54,40,1
67,17,1
73,8,1
58,33,1
65,25,1
70,29,1
73,26,1
53,15,1
73,23,1
61,25,1
76,7,1
69,23,1
50,25,1
61,22,1
49,34,1
57,28,1
81,10,1
