21,21,0
20,32,0
42,28,0
24,8,0
12,29,0
35,3,0
28,32,0
23,49,0
6,25,0
45,25,0
28,37,0
37,26,0
44,21,0
10,5,0
28,45,0
25,28,0
13,6,0
47,28,0
2,20,0
8,17,0
9,32,0
20,39,0
37,36,0
31,11,0
23,40,0
49,26,0
18,6,0
43,34,0
29,18,0
26,28,0
14,11,0
20,23,0
26,5,0
28,6,0
12,33,0
25,7,0
6,33,0
14,27,0
23,15,0
43,40,0
41,41,0
49,21,0
29,6,0
33,38,0
16,19,0
41,43,0
24,47,0
21,23,0
22,36,0
13,24,0
15,44,0
38,9,0
27,4,0
2,20,0
31,21,0
38,26,0
35,31,0
16,25,0
27,32,0
11,25,0
2,30,0
8,18,0
36,38,0
38,32,0
24,47,0
37,37,0
48,34,0
26,27,0
8,41,0
34,30,0
42,33,0
7,16,0
12,4,0
10,20,0
42,18,0
45,20,0
22,5,0
32,5,0
32,49,0
40,19,0
38,32,0
33,23,0
12,37,0
6,22,0
33,10,0
30,3,0
44,19,0
29,19,0
38,38,0
3,34,0
45,19,0
22,44,0
18,30,0
19,20,0
2,33,0
25,49,0
20,15,0
16,21,0
37,32,0
25,49,0
22,3,0
41,39,0
28,42,0
16,17,0
44,40,0
17,13,0
16,18,0
16,32,0
23,13,0
20,25,0
9,30,0
3,18,0
42,31,0
14,24,0
38,30,0
26,13,0
47,35,0
34,36,0
15,30,0
26,24,0
12,29,0
5,20,0
24,13,0
29,42,0
39,37,0
7,13,0
38,13,0
38,13,0
24,8,0
1,18,0
31,37,0
20,9,0
11,17,0
41,42,0
34,48,0
36,19,0
20,3,0
39,39,0
49,20,0
39,5,0
10,12,0
10,15,0
46,15,0
25,24,0
17,12,0
6,11,0
35,40,0
25,9,0
5,40,0
15,33,0
38,21,0
34,26,0
16,40,0
20,36,0
34,37,0
23,17,0
26,48,0
27,8,0
8,12,0
6,23,0
13,23,0
24,14,0
48,23,0
35,17,0
15,6,0
33,38,0
32,1,0
43,19,0
10,28,0
25,12,0
13,23,0
17,45,0
34,10,0
15,28,0
39,44,0
26,48,0
17,43,0
31,35,0
32,29,0
13,40,0
31,25,0
35,38,0
39,36,0
40,27,0
3,23,0
36,26,0
22,43,0
27,36,0
40,11,0
26,15,0
33,20,0
48,21,0
11,7,0
8,27,0
12,41,0
23,18,0
20,5,0
30,26,0
23,18,0
7,32,0
21,44,0
38,46,0
29,18,0
36,18,0
36,3,0
42,20,0
14,8,0
18,42,0
9,9,0
19,33,0
39,39,0
24,33,0
24,10,0
15,13,0
42,19,0
16,10,0
32,34,0
5,33,0
39,15,0
25,39,0
11,42,0
42,22,0
5,37,0
11,7,0
35,3,0
35,14,0
32,35,0
12,43,0
49,24,0
47,27,0
3,25,0
18,2,0
22,22,0
38,17,0
11,35,0
45,19,0
18,2,0
22,13,0
43,16,0
19,19,0
34,6,0
22,3,0
23,24,0
13,20,0
31,46,0
26,36,0
26,31,0
27,44,0
19,15,0
36,21,0
43,39,0
19,26,0
36,15,0
24,30,0
30,10,0
25,30,0
35,36,0
12,33,0
18,32,0
21,34,0
29,5,0
20,36,0
39,41,0
40,41,0
9,9,0
4,27,0
1,32,0
38,41,0
41,18,0
37,30,0
29,34,0
18,2,0
43,36,0
18,4,0
11,27,0
39,20,0
39,21,0
27,11,0
41,24,0
33,20,0
19,32,0
24,9,0
20,19,0
4,32,0
29,32,0
12,13,0
33,39,0
41,40,0
34,33,0
16,26,0
17,40,0
20,6,0
17,42,0
33,46,0
46,28,0
23,47,0
6,33,0
17,32,0
3,26,0
26,46,0
32,43,0
26,32,0
15,23,0
37,4,0
15,26,0
29,16,0
27,13,0
32,48,0
6,24,0
13,8,0
25,27,0
33,36,0
33,29,0
40,31,0
35,43,0
12,19,0
14,18,0
35,39,0
37,14,0
26,15,0
13,35,0
12,6,0
8,15,0
40,44,0
6,40,0
17,43,0
23,34,0
18,24,0
18,9,0
2,30,0
11,30,0
30,20,0
48,20,0
31,17,0
39,10,0
20,31,0
29,13,0
18,4,0
15,24,0
27,49,0
44,18,0
29,4,0
25,3,0
19,11,0
15,10,0
29,11,0
39,36,0
41,30,0
10,40,0
9,38,0
10,26,0
11,38,0
19,23,0
16,26,0
22,37,0
19,8,0
23,9,0
30,7,0
12,33,0
17,26,0
37,19,0
2,21,0
30,11,0
19,31,0
20,18,0
21,13,0
22,47,0
12,24,0
5,31,0
40,19,0
38,5,0
28,6,0
38,32,0
41,11,0
31,29,0
20,31,0
3,19,0
34,45,0
47,19,0
7,39,0
5,33,0
40,19,0
37,19,0
12,44,0
9,31,0
34,6,0
20,34,0
33,2,0
21,20,0
31,27,0
42,42,0
43,24,0
34,10,0
15,13,0
29,35,0
4,19,0
26,28,0
23,33,0
46,38,0
23,32,0
13,30,0
37,46,0
18,46,0
32,37,0
38,25,0
24,30,0
34,48,0
33,3,0
1,26,0
16,40,0
20,46,0
39,30,0
22,37,0
24,19,0
11,37,0
27,18,0
40,19,0
19,43,0
43,24,0
37,26,0
23,9,0
10,28,0
1,32,0
6,21,0
10,20,0
38,11,0
28,25,0
5,22,0
14,25,0
29,24,0
4,20,0
26,35,0
22,32,0
29,45,0
32,14,0
24,3,0
7,30,0
41,20,0
10,23,0
19,48,0
21,49,0
39,17,0
1,22,0
37,4,0
32,13,0
4,25,0
21,27,0
21,3,0
7,20,0
41,18,0
13,33,0
6,20,0
18,22,0
35,32,0
49,25,0
14,8,0
5,25,0
36,20,0
48,17,0
36,13,0
20,44,0
11,22,0
1,27,0
2,27,0
45,22,0
13,6,0
13,34,0
19,44,0
22,38,0
5,31,0
30,7,0
30,27,0
11,37,0
42,31,0
30,14,0
24,38,0
11,42,0
19,5,0
31,34,0
21,12,0
7,26,0
34,25,0
44,27,0
16,29,0
9,24,0
27,3,0
25,3,0
34,30,0
39,32,0
26,49,0
40,27,0
3,33,0
21,48,0
17,36,0
18,18,0
26,17,0
24,23,0
30,20,0
42,23,0
47,23,0
50,7,1
63,30,1
58,45,1
67,45,1
67,16,1
89,28,1
69,46,1
69,11,1
56,18,1
70,25,1
42,16,1
72,41,1
51,27,1
79,22,1
79,9,1
46,22,1
85,22,1
49,31,1
73,28,1
64,21,1
67,44,1
52,34,1
71,22,1
68,16,1
75,11,1
75,21,1
66,1,1
50,8,1
85,27,1
43,18,1
61,44,1
89,27,1
52,34,1
51,16,1
64,4,1
63,48,1
54,45,1
56,3,1
57,34,1
66,36,1
62,17,1
47,27,1
76,43,1
51,41,1
72,35,1
70,48,1
71,32,1
59,44,1
75,6,1
79,23,1
63,3,1
81,34,1
72,4,1
54,20,1
81,10,1
72,2,1
85,10,1
80,24,1
55,40,1
60,3,1
47,17,1
56,46,1
48,20,1
71,43,1
47,16,1
78,13,1
52,19,1
64,25,1
80,29,1
51,45,1
59,19,1
81,13,1
71,49,1
69,13,1
57,4,1
57,4,1
72,7,1
41,24,1
68,41,1
85,39,1
62,25,1
58,29,1
52,18,1
55,46,1
76,33,1
68,7,1
61,16,1
47,29,1
57,7,1
43,20,1
79,14,1
79,23,1
43,14,1
49,21,1
51,12,1
57,42,1
55,41,1
48,38,1
77,30,1
77,9,1
59,1,1
80,22,1
63,12,1
76,11,1
57,7,1
66,47,1
70,28,1
60,26,1
58,45,1
58,2,1
52,14,1
68,46,1
79,24,1
77,11,1
75,18,1
66,42,1
57,5,1
75,28,1
85,32,1
51,36,1
55,44,1
55,44,1
86,24,1
76,44,1
45,20,1
78,21,1
47,8,1
68,48,1
46,17,1
83,13,1
42,21,1
46,14,1
66,39,1
77,41,1
53,35,1
76,14,1
48,13,1
52,17,1
63,39,1
74,41,1
44,21,1
47,33,1
82,24,1
79,21,1
59,32,1
55,34,1
63,9,1
85,23,1
72,38,1
48,15,1
51,32,1
49,39,1
45,32,1
50,31,1
66,48,1
77,6,1
75,42,1
50,33,1
70,32,1
77,39,1
56,3,1
63,13,1
49,33,1
65,17,1
51,37,1
71,34,1
73,8,1
58,29,1
59,5,1
85,29,1
77,34,1
49,8,1
59,25,1
66,6,1
57,37,1
51,24,1
72,40,1
69,17,1
56,36,1
51,7,1
50,38,1
43,31,1
68,31,1
43,16,1
44,21,1
54,24,1
70,44,1
56,23,1
50,41,1
69,27,1
66,9,1
58,13,1
65,1,1
80,24,1
72,38,1
80,20,1
52,21,1
48,7,1
62,42,1
71,43,1
60,14,1
55,42,1
66,5,1
68,45,1
82,26,1
63,37,1
63,6,1
61,14,1
55,13,1
43,26,1
82,30,1
67,35,1
70,41,1
50,21,1
80,22,1
71,45,1
58,23,1
56,45,1
71,29,1
71,47,1
51,10,1
70,8,1
86,31,1
52,34,1
89,29,1
75,17,1
71,4,1
56,30,1
60,23,1
85,37,1
79,5,1
63,37,1
56,15,1
83,14,1
58,16,1
50,7,1
45,10,1
56,39,1
73,16,1
65,0,1
57,7,1
80,38,1
57,23,1
64,39,1
52,6,1
58,30,1
82,37,1
67,24,1
51,35,1
87,28,1
64,7,1
79,10,1
83,19,1
69,4,1
75,6,1
59,3,1
61,21,1
73,16,1
69,33,1
56,41,1
62,33,1
77,18,1
48,39,1
56,3,1
83,30,1
47,24,1
45,10,1
81,8,1
78,36,1
81,43,1
66,12,1
67,21,1
60,42,1
70,10,1
69,19,1
85,38,1
52,23,1
67,6,1
83,17,1
71,47,1
55,7,1
79,37,1
69,11,1
80,42,1
85,37,1
72,35,1
78,12,1
47,41,1
73,40,1
48,19,1
66,11,1
82,26,1
43,33,1
43,35,1
81,22,1
58,11,1
54,11,1
82,11,1
78,44,1
69,5,1
68,42,1
49,6,1
80,33,1
61,41,1
59,3,1
55,10,1
79,20,1
66,5,1
89,24,1
61,20,1
60,12,1
67,19,1
70,45,1
59,22,1
60,16,1
51,7,1
49,40,1
70,41,1
71,31,1
67,7,1
45,22,1
56,40,1
79,29,1
57,29,1
44,32,1
72,9,1
88,19,1
72,46,1
86,19,1
50,28,1
56,30,1
55,7,1
56,39,1
77,43,1
80,31,1
77,17,1
71,35,1
55,17,1
88,18,1
64,49,1
58,1,1
80,16,1
87,28,1
81,37,1
68,45,1
81,36,1
86,28,1
52,35,1
71,27,1
88,26,1
51,12,1
83,31,1
59,32,1
46,13,1
75,20,1
80,34,1
69,9,1
62,13,1
55,14,1
59,26,1
69,9,1
87,16,1
65,2,1
48,21,1
56,40,1
83,11,1
56,31,1
86,21,1
61,35,1
56,41,1
81,33,1
58,17,1
54,35,1
64,14,1
57,9,1
67,34,1
70,14,1
55,46,1
78,31,1
89,21,1
71,38,1
57,47,1
70,41,1
66,5,1
78,39,1
79,28,1
54,28,1
77,35,1
42,33,1
68,1,1
48,28,1
62,10,1
71,34,1
74,42,1
79,37,1
70,43,1
49,14,1
62,44,1
78,24,1
83,16,1
76,9,1
82,28,1
44,37,1
77,42,1
76,5,1
58,29,1
67,35,1
74,29,1
62,9,1
70,41,1
55,14,1
65,30,1
56,16,1
57,19,1
86,33,1
46,24,1
72,41,1
69,13,1
51,42,1
76,18,1
55,16,1
59,42,1
49,7,1
75,30,1
61,42,1
81,19,1
72,27,1
65,24,1
47,31,1
63,27,1
84,33,1
77,14,1
50,40,1
84,23,1
60,25,1
78,10,1
66,38,1
52,37,1
60,3,1
57,19,1
50,44,1
56,34,1
71,3,1
53,14,1
56,31,1
81,22,1
41,23,1
66,20,1
66,22,1
58,24,1
65,4,1
44,12,1
62,4,1
55,6,1
42,26,1
57,27,1
80,7,1
82,11,1
83,19,1
64,12,1
82,32,1
84,14,1
77,42,1
44,30,1
53,35,1
65,4,1
68,15,1
46,40,1
72,30,1
55,13,1
65,6,1
70,37,1
88,21,1
80,35,1
61,31,1
58,19,1
66,18,1
61,27,1
57,39,1
80,15,1
86,20,1
67,13,1
50,26,1
84,13,1
66,7,1
46,15,1
59,42,1
72,13,1
74,43,1
78,43,1
70,41,1
65,14,1
84,36,1
65,25,1
53,26,1
58,20,1
43,26,1
61,44,1
56,15,1
55,3,1
