29,36,0
32,10,0
19,28,0
17,25,0
5,18,0
15,28,0
4,29,0
35,27,0
32,3,0
43,31,0
12,12,0
17,38,0
38,37,0
39,31,0
18,4,0
5,15,0
26,1,0
2,33,0
21,25,0
4,38,0
19,47,0
26,6,0
30,30,0
18,18,0
43,23,0
35,46,0
40,43,0
45,28,0
7,42,0
20,18,0
22,22,0
30,26,0
42,39,0
27,18,0
34,9,0
22,23,0
28,28,0
10,43,0
2,21,0
43,26,0
21,20,0
17,39,0
41,34,0
5,28,0
18,21,0
16,43,0
10,11,0
1,23,0
38,5,0
18,39,0
5,29,0
16,10,0
9,26,0
45,38,0
45,19,0
31,49,0
35,14,0
25,15,0
24,18,0
44,38,0
15,5,0
9,41,0
33,27,0
21,39,0
19,18,0
21,22,0
32,3,0
24,45,0
7,25,0
5,35,0
11,5,0
26,30,0
34,4,0
33,23,0
35,32,0
8,28,0
13,13,0
17,6,0
15,44,0
41,32,0
27,38,0
18,40,0
14,20,0
13,5,0
40,35,0
16,7,0
30,29,0
10,8,0
35,43,0
37,37,0
37,5,0
38,8,0
23,16,0
40,35,0
6,31,0
29,30,0
30,45,0
35,8,0
34,9,0
32,30,0
11,38,0
10,11,0
32,16,0
17,19,0
23,14,0
24,11,0
37,10,0
5,18,0
26,31,0
24,44,0
49,19,0
36,20,0
39,41,0
24,17,0
10,10,0
17,24,0
31,37,0
48,32,0
9,36,0
22,6,0
15,31,0
26,27,0
9,29,0
9,17,0
37,31,0
29,47,0
34,3,0
37,20,0
25,44,0
34,44,0
47,17,0
29,29,0
26,10,0
39,43,0
41,14,0
9,18,0
17,21,0
28,14,0
16,34,0
24,30,0
26,16,0
45,24,0
36,27,0
13,9,0
27,15,0
31,11,0
25,42,0
21,34,0
37,23,0
18,24,0
8,14,0
33,7,0
40,32,0
43,19,0
36,9,0
24,23,0
21,5,0
37,46,0
10,22,0
11,16,0
39,9,0
19,2,0
38,33,0
24,2,0
29,10,0
10,20,0
25,13,0
39,21,0
44,24,0
43,14,0
33,34,0
38,42,0
2,31,0
28,2,0
17,48,0
30,28,0
33,35,0
15,34,0
36,17,0
12,44,0
23,20,0
11,22,0
26,32,0
36,27,0
30,14,0
30,36,0
40,28,0
27,28,0
16,16,0
42,43,0
9,40,0
45,14,0
22,4,0
6,17,0
30,37,0
15,26,0
45,35,0
22,48,0
43,25,0
26,6,0
38,39,0
34,10,0
16,46,0
29,35,0
9,42,0
14,23,0
16,35,0
45,40,0
5,40,0
25,31,0
39,21,0
39,24,0
45,26,0
12,17,0
28,40,0
15,31,0
23,38,0
6,17,0
16,31,0
11,42,0
16,41,0
17,13,0
38,17,0
38,6,0
44,24,0
31,28,0
34,36,0
35,12,0
18,4,0
30,37,0
41,38,0
14,23,0
43,37,0
35,15,0
12,7,0
12,25,0
30,24,0
29,7,0
4,20,0
17,38,0
10,9,0
9,35,0
13,27,0
14,10,0
29,9,0
25,9,0
38,16,0
7,16,0
24,1,0
22,5,0
11,29,0
40,15,0
38,34,0
39,24,0
26,22,0
36,12,0
37,38,0
2,23,0
15,39,0
12,15,0
13,37,0
31,10,0
19,39,0
16,47,0
21,33,0
33,21,0
8,16,0
29,11,0
8,32,0
23,21,0
7,18,0
25,9,0
37,10,0
25,32,0
25,6,0
29,8,0
28,9,0
24,2,0
42,21,0
30,28,0
39,33,0
20,23,0
24,12,0
27,10,0
10,29,0
7,25,0
22,23,0
29,39,0
22,29,0
17,17,0
32,5,0
12,43,0
5,23,0
15,8,0
9,29,0
30,16,0
46,20,0
24,32,0
47,20,0
13,25,0
35,4,0
8,24,0
5,27,0
29,10,0
45,10,0
26,22,0
7,18,0
11,36,0
13,11,0
39,18,0
33,40,0
4,36,0
34,33,0
39,13,0
41,35,0
8,17,0
47,35,0
39,36,0
27,47,0
4,33,0
42,40,0
5,23,0
21,44,0
24,19,0
35,21,0
30,23,0
22,37,0
43,25,0
34,2,0
39,23,0
37,33,0
18,49,0
36,17,0
45,10,0
22,48,0
12,18,0
42,34,0
27,48,0
23,38,0
41,12,0
20,14,0
37,36,0
10,32,0
17,46,0
22,43,0
4,38,0
13,39,0
13,43,0
30,19,0
46,21,0
23,39,0
44,13,0
33,27,0
17,40,0
16,48,0
32,18,0
20,13,0
31,44,0
33,12,0
39,37,0
24,41,0
36,47,0
33,22,0
20,36,0
26,45,0
45,34,0
5,15,0
32,32,0
11,29,0
10,28,0
13,32,0
4,22,0
7,33,0
24,5,0
33,44,0
18,32,0
7,27,0
19,45,0
31,9,0
14,6,0
35,17,0
16,33,0
36,41,0
35,18,0
38,20,0
45,17,0
18,43,0
26,47,0
32,28,0
7,31,0
10,6,0
21,15,0
9,25,0
29,44,0
11,18,0
41,23,0
26,48,0
31,41,0
18,48,0
37,6,0
37,19,0
15,25,0
39,11,0
17,10,0
17,32,0
7,28,0
17,37,0
15,14,0
47,25,0
35,13,0
16,32,0
39,15,0
16,44,0
24,33,0
6,29,0
31,36,0
21,23,0
46,35,0
28,37,0
35,41,0
27,47,0
17,48,0
42,7,0
19,29,0
31,2,0
38,19,0
30,12,0
31,14,0
21,46,0
18,31,0
36,4,0
31,33,0
34,22,0
13,38,0
34,23,0
28,32,0
6,28,0
20,22,0
7,42,0
25,19,0
40,12,0
15,30,0
24,21,0
46,33,0
23,10,0
47,16,0
21,19,0
5,20,0
20,30,0
31,30,0
47,22,0
32,2,0
21,16,0
48,28,0
22,28,0
12,17,0
27,36,0
14,9,0
30,15,0
16,35,0
16,21,0
25,6,0
35,44,0
43,14,0
25,33,0
16,11,0
27,6,0
3,31,0
10,22,0
17,16,0
49,20,0
40,5,0
27,42,0
1,25,0
4,17,0
8,32,0
18,21,0
7,9,0
12,6,0
41,31,0
36,34,0
12,31,0
47,29,0
23,27,0
22,30,0
22,4,0
47,16,0
20,22,0
19,36,0
16,3,0
29,13,0
26,18,0
44,11,0
37,10,0
22,24,0
10,28,0
39,12,0
22,31,0
6,10,0
25,34,0
286,16,1
296,28,1
275,24,1
312,16,1
271,21,1
313,11,1
288,4,1
317,19,1
309,42,1
287,6,1
284,37,1
284,42,1
319,19,1
287,44,1
283,45,1
279,15,1
310,44,1
299,48,1
315,20,1
283,8,1
292,9,1
292,10,1
295,39,1
282,17,1
319,29,1
284,24,1
304,15,1
300,23,1
319,20,1
274,20,1
280,33,1
300,45,1
292,45,1
290,49,1
276,41,1
287,4,1
302,4,1
292,13,1
315,11,1
317,30,1
308,37,1
292,6,1
306,12,1
275,33,1
313,38,1
282,18,1
282,25,1
309,44,1
305,47,1
279,35,1
282,32,1
288,18,1
282,33,1
307,22,1
291,27,1
309,39,1
285,21,1
275,35,1
316,36,1
293,43,1
293,2,1
312,36,1
301,15,1
272,17,1
284,28,1
297,48,1
300,6,1
302,20,1
277,23,1
296,29,1
311,39,1
311,18,1
281,36,1
285,35,1
298,39,1
313,31,1
319,18,1
315,37,1
316,12,1
283,16,1
289,31,1
318,23,1
295,25,1
276,25,1
302,41,1
295,17,1
278,30,1
285,32,1
308,28,1
275,24,1
311,15,1
307,12,1
290,23,1
299,30,1
309,18,1
310,9,1
315,24,1
296,7,1
313,42,1
277,35,1
294,33,1
276,40,1
302,32,1
279,34,1
313,10,1
314,32,1
301,12,1
290,30,1
288,36,1
295,46,1
274,36,1
278,27,1
296,17,1
286,16,1
305,18,1
277,9,1
293,41,1
310,24,1
285,12,1
275,11,1
306,7,1
312,9,1
311,17,1
293,33,1
304,12,1
310,17,1
275,39,1
279,8,1
316,17,1
304,4,1
274,23,1
303,4,1
311,40,1
318,22,1
287,2,1
301,2,1
285,17,1
295,20,1
282,31,1
278,18,1
291,17,1
308,40,1
274,24,1
295,0,1
288,46,1
287,29,1
279,7,1
293,15,1
292,26,1
289,2,1
281,32,1
288,4,1
273,27,1
283,12,1
290,39,1
277,14,1
286,13,1
288,25,1
294,37,1
278,18,1
295,48,1
278,23,1
299,26,1
288,31,1
274,17,1
295,10,1
294,37,1
304,30,1
291,1,1
276,34,1
289,8,1
300,4,1
277,34,1
309,34,1
319,23,1
293,3,1
301,13,1
307,13,1
309,13,1
291,43,1
279,18,1
304,27,1
308,44,1
293,7,1
274,36,1
291,5,1
314,37,1
288,8,1
318,17,1
297,46,1
282,45,1
310,44,1
295,16,1
306,10,1
301,16,1
285,4,1
286,4,1
287,42,1
301,45,1
307,33,1
295,32,1
293,8,1
297,38,1
297,23,1
289,23,1
288,44,1
314,24,1
292,24,1
317,20,1
288,34,1
314,37,1
272,17,1
282,31,1
293,24,1
301,15,1
285,20,1
283,9,1
311,36,1
302,7,1
302,5,1
284,26,1
290,9,1
290,22,1
284,11,1
303,20,1
306,16,1
293,4,1
314,12,1
287,27,1
315,18,1
303,46,1
278,29,1
300,15,1
308,20,1
289,6,1
285,21,1
288,34,1
273,23,1
290,43,1
282,9,1
291,34,1
313,32,1
297,8,1
276,15,1
310,44,1
314,16,1
277,24,1
285,31,1
271,19,1
303,14,1
307,32,1
309,27,1
272,30,1
288,38,1
288,10,1
297,11,1
299,38,1
288,38,1
276,40,1
301,41,1
316,32,1
297,30,1
274,22,1
318,21,1
306,3,1
316,28,1
289,1,1
310,19,1
291,11,1
287,2,1
319,20,1
306,33,1
291,40,1
277,9,1
288,9,1
289,12,1
272,19,1
291,1,1
317,27,1
304,25,1
300,21,1
279,17,1
290,19,1
292,43,1
309,13,1
290,5,1
272,16,1
277,37,1
275,11,1
317,32,1
295,1,1
302,23,1
300,15,1
276,13,1
311,34,1
298,40,1
276,11,1
312,23,1
276,28,1
286,30,1
288,14,1
288,4,1
297,39,1
311,29,1
316,16,1
308,22,1
291,37,1
304,32,1
294,30,1
281,26,1
277,13,1
280,16,1
313,18,1
303,33,1
317,18,1
288,34,1
286,19,1
316,35,1
304,25,1
280,13,1
306,10,1
304,27,1
282,6,1
297,39,1
301,32,1
282,29,1
309,36,1
317,33,1
297,28,1
279,30,1
300,42,1
290,19,1
291,46,1
297,41,1
293,13,1
276,25,1
315,40,1
307,36,1
278,29,1
282,5,1
306,26,1
295,6,1
305,46,1
293,29,1
283,12,1
288,4,1
298,28,1
284,24,1
281,42,1
296,31,1
277,36,1
301,8,1
277,10,1
297,8,1
316,30,1
309,20,1
297,11,1
304,26,1
307,45,1
299,2,1
274,33,1
278,14,1
291,30,1
292,39,1
304,15,1
285,8,1
289,39,1
313,15,1
294,36,1
310,18,1
281,30,1
316,15,1
281,38,1
299,6,1
296,18,1
294,32,1
311,11,1
313,9,1
303,13,1
292,14,1
283,37,1
302,46,1
303,12,1
306,44,1
306,33,1
276,24,1
316,23,1
285,9,1
304,31,1
314,26,1
277,18,1
295,18,1
306,23,1
298,26,1
318,23,1
314,14,1
275,15,1
295,34,1
287,44,1
275,34,1
289,44,1
274,15,1
315,12,1
309,44,1
299,43,1
307,19,1
280,24,1
309,10,1
284,26,1
294,9,1
298,9,1
307,12,1
311,36,1
302,28,1
285,40,1
304,6,1
308,7,1
300,32,1
273,26,1
278,36,1
308,35,1
297,18,1
300,37,1
309,37,1
285,40,1
314,33,1
296,39,1
318,27,1
308,27,1
280,13,1
296,8,1
304,43,1
300,13,1
312,11,1
318,33,1
309,13,1
305,3,1
313,30,1
283,40,1
293,35,1
297,29,1
303,30,1
273,30,1
285,10,1
308,12,1
283,25,1
301,17,1
290,16,1
308,43,1
287,21,1
288,30,1
282,4,1
299,8,1
300,15,1
277,36,1
282,46,1
318,21,1
301,25,1
278,11,1
284,12,1
286,12,1
308,23,1
297,41,1
306,13,1
297,46,1
296,2,1
303,42,1
296,14,1
285,38,1
311,19,1
317,26,1
314,39,1
293,36,1
318,34,1
299,34,1
281,30,1
280,33,1
282,17,1
295,25,1
303,46,1
293,46,1
277,12,1
301,31,1
290,33,1
309,34,1
305,46,1
289,43,1
307,24,1
284,43,1
285,25,1
312,28,1
291,15,1
312,15,1
309,8,1
294,24,1
301,33,1
274,16,1
281,39,1
299,43,1
314,13,1
