35,42,0
16,14,0
48,34,0
23,42,0
30,45,0
17,21,0
8,26,0
2,33,0
8,24,0
33,20,0
32,24,0
11,32,0
25,6,0
27,31,0
45,22,0
27,4,0
20,49,0
37,23,0
42,38,0
33,8,0
35,44,0
36,30,0
14,44,0
18,27,0
27,46,0
26,19,0
7,17,0
27,23,0
32,33,0
47,14,0
44,36,0
27,36,0
16,12,0
44,26,0
23,22,0
19,24,0
14,33,0
25,37,0
32,26,0
40,26,0
10,15,0
12,24,0
2,26,0
16,45,0
25,39,0
35,35,0
18,31,0
6,38,0
5,37,0
12,23,0
18,5,0
28,2,0
44,28,0
21,28,0
38,46,0
24,30,0
2,17,0
39,22,0
35,5,0
4,38,0
12,6,0
26,4,0
26,23,0
16,39,0
33,16,0
39,45,0
41,16,0
37,9,0
34,6,0
28,31,0
18,34,0
16,11,0
28,4,0
22,47,0
16,16,0
31,38,0
29,34,0
31,20,0
10,36,0
11,9,0
48,28,0
23,14,0
37,16,0
20,12,0
18,15,0
17,36,0
36,22,0
2,17,0
46,34,0
37,28,0
22,22,0
25,26,0
32,9,0
21,38,0
43,11,0
33,8,0
21,40,0
28,47,0
32,48,0
25,44,0
39,31,0
15,17,0
34,35,0
40,15,0
10,17,0
20,49,0
17,12,0
10,7,0
27,12,0
27,30,0
25,23,0
25,36,0
4,29,0
18,7,0
7,9,0
31,41,0
28,6,0
40,34,0
42,28,0
29,33,0
31,3,0
36,47,0
17,11,0
43,27,0
19,28,0
15,25,0
4,23,0
16,10,0
32,13,0
32,31,0
36,34,0
24,29,0
22,10,0
39,36,0
24,16,0
33,46,0
5,32,0
29,25,0
49,30,0
34,3,0
16,3,0
14,22,0
28,3,0
7,33,0
5,30,0
32,9,0
16,11,0
10,37,0
11,22,0
46,34,0
16,27,0
26,43,0
11,43,0
46,27,0
11,15,0
12,4,0
23,38,0
15,46,0
27,33,0
45,24,0
46,16,0
17,27,0
3,27,0
19,10,0
19,35,0
44,32,0
17,47,0
32,3,0
25,44,0
14,43,0
29,30,0
49,25,0
14,36,0
15,8,0
30,35,0
15,34,0
26,41,0
46,36,0
8,30,0
14,15,0
24,31,0
31,9,0
23,45,0
22,44,0
16,43,0
6,30,0
15,27,0
33,36,0
32,25,0
37,38,0
14,17,0
38,19,0
28,19,0
22,28,0
23,33,0
33,34,0
3,24,0
14,29,0
23,33,0
29,33,0
5,22,0
37,24,0
14,16,0
29,8,0
19,29,0
41,8,0
44,29,0
23,9,0
25,6,0
34,14,0
14,7,0
41,8,0
39,5,0
3,18,0
42,34,0
11,41,0
22,24,0
7,36,0
17,29,0
27,39,0
37,35,0
6,28,0
40,38,0
42,15,0
23,8,0
31,5,0
17,33,0
25,13,0
13,43,0
19,29,0
6,27,0
35,34,0
13,40,0
35,41,0
17,30,0
3,14,0
46,19,0
34,5,0
27,49,0
18,33,0
18,7,0
16,29,0
27,4,0
4,37,0
48,22,0
17,30,0
17,46,0
31,37,0
17,47,0
27,7,0
40,19,0
35,31,0
34,21,0
44,14,0
34,11,0
45,10,0
13,37,0
9,29,0
13,24,0
34,14,0
49,31,0
32,28,0
17,41,0
31,26,0
15,16,0
19,34,0
36,47,0
26,43,0
42,42,0
33,16,0
31,31,0
20,45,0
24,28,0
31,40,0
3,30,0
17,4,0
36,36,0
25,46,0
9,17,0
22,11,0
49,21,0
8,8,0
30,32,0
11,11,0
15,36,0
45,10,0
20,41,0
37,29,0
22,5,0
19,23,0
8,22,0
23,5,0
37,32,0
26,21,0
31,43,0
34,32,0
44,26,0
26,24,0
30,29,0
8,13,0
38,29,0
29,19,0
28,49,0
32,28,0
24,37,0
27,33,0
46,21,0
22,11,0
17,35,0
16,32,0
42,29,0
7,38,0
25,24,0
11,37,0
37,46,0
35,31,0
31,45,0
6,40,0
4,17,0
26,24,0
26,10,0
9,12,0
22,41,0
36,10,0
35,12,0
20,7,0
16,11,0
14,31,0
39,41,0
36,11,0
32,4,0
15,9,0
31,40,0
35,37,0
11,8,0
44,10,0
43,41,0
25,9,0
46,38,0
29,42,0
13,43,0
44,31,0
46,19,0
24,49,0
17,15,0
13,41,0
35,33,0
18,46,0
20,28,0
45,32,0
35,6,0
36,20,0
15,46,0
8,28,0
48,29,0
47,21,0
33,3,0
26,32,0
38,38,0
32,28,0
18,10,0
45,18,0
47,30,0
27,22,0
22,6,0
39,11,0
23,48,0
34,31,0
46,14,0
24,39,0
42,28,0
29,18,0
25,17,0
2,26,0
13,32,0
14,27,0
3,31,0
23,37,0
10,22,0
7,27,0
26,9,0
23,16,0
44,24,0
18,37,0
28,12,0
38,40,0
41,33,0
24,31,0
28,42,0
21,11,0
27,31,0
23,34,0
13,17,0
12,19,0
38,5,0
34,38,0
44,14,0
35,16,0
23,22,0
4,14,0
40,10,0
25,3,0
30,10,0
17,21,0
15,20,0
9,36,0
36,23,0
30,18,0
2,22,0
17,34,0
20,3,0
17,20,0
46,20,0
31,45,0
17,45,0
41,20,0
30,29,0
27,21,0
13,7,0
22,23,0
3,16,0
48,19,0
39,29,0
32,21,0
26,2,0
22,32,0
16,36,0
18,15,0
14,39,0
28,22,0
40,42,0
12,29,0
23,3,0
21,19,0
30,45,0
22,28,0
49,25,0
13,27,0
33,42,0
19,40,0
25,40,0
39,19,0
49,18,0
41,7,0
30,2,0
25,19,0
30,21,0
24,24,0
35,21,0
8,23,0
34,34,0
17,28,0
21,26,0
13,45,0
39,17,0
7,21,0
46,22,0
23,29,0
44,36,0
2,17,0
39,22,0
26,34,0
34,17,0
13,12,0
37,38,0
37,15,0
19,9,0
12,33,0
24,46,0
25,9,0
20,41,0
33,39,0
3,14,0
19,14,0
35,7,0
6,30,0
25,37,0
18,40,0
21,32,0
21,21,0
44,37,0
1,32,0
12,30,0
25,8,0
30,47,0
47,31,0
44,35,0
8,38,0
4,19,0
36,47,0
33,6,0
29,5,0
26,8,0
23,14,0
43,8,0
18,47,0
16,5,0
43,18,0
6,34,0
30,30,0
46,6,1
76,38,1
56,5,1
78,32,1
43,22,1
51,49,1
55,6,1
59,18,1
67,13,1
40,20,1
76,16,1
51,45,1
46,11,1
56,13,1
42,11,1
41,38,1
50,6,1
46,16,1
53,36,1
65,34,1
62,27,1
52,31,1
69,33,1
46,30,1
50,20,1
72,16,1
45,6,1
62,42,1
74,14,1
71,8,1
40,8,1
52,30,1
74,26,1
70,23,1
63,27,1
49,14,1
51,18,1
68,31,1
55,48,1
68,22,1
66,27,1
79,27,1
75,28,1
43,42,1
74,13,1
56,29,1
46,2,1
61,49,1
66,43,1
36,16,1
58,1,1
44,22,1
62,2,1
59,49,1
64,42,1
65,4,1
32,27,1
45,31,1
66,22,1
36,27,1
50,13,1
68,31,1
59,4,1
51,22,1
60,32,1
61,30,1
69,25,1
49,49,1
49,18,1
33,19,1
76,27,1
74,29,1
43,14,1
64,27,1
69,45,1
49,6,1
35,16,1
42,37,1
51,29,1
44,26,1
66,20,1
60,6,1
61,28,1
54,28,1
40,5,1
49,6,1
34,16,1
55,6,1
38,26,1
36,40,1
58,1,1
67,39,1
43,20,1
51,19,1
74,35,1
43,27,1
48,5,1
75,26,1
73,13,1
70,23,1
61,48,1
68,34,1
61,4,1
44,37,1
44,7,1
32,34,1
37,9,1
52,32,1
67,15,1
76,38,1
45,35,1
42,37,1
33,26,1
53,9,1
66,19,1
33,33,1
74,33,1
59,33,1
56,27,1
59,28,1
79,24,1
65,16,1
53,41,1
60,32,1
59,42,1
50,32,1
57,14,1
49,17,1
40,20,1
55,9,1
54,2,1
61,16,1
58,10,1
69,36,1
47,13,1
37,17,1
50,7,1
36,24,1
34,27,1
59,24,1
55,35,1
65,47,1
72,25,1
69,44,1
32,25,1
69,32,1
72,23,1
67,46,1
61,14,1
46,48,1
54,19,1
69,19,1
63,20,1
69,10,1
73,8,1
62,34,1
53,11,1
49,20,1
59,27,1
38,19,1
35,13,1
72,34,1
75,25,1
60,24,1
48,42,1
65,15,1
58,49,1
65,6,1
67,16,1
53,36,1
44,9,1
44,15,1
65,23,1
73,8,1
36,16,1
57,17,1
71,38,1
49,19,1
45,35,1
68,25,1
38,20,1
49,19,1
39,15,1
41,43,1
45,34,1
61,33,1
77,32,1
48,23,1
48,24,1
47,27,1
70,8,1
45,26,1
56,38,1
52,45,1
43,21,1
73,30,1
36,22,1
37,32,1
75,19,1
56,20,1
58,41,1
44,21,1
48,43,1
74,24,1
71,43,1
55,10,1
60,18,1
49,32,1
62,39,1
49,35,1
79,31,1
61,20,1
62,6,1
65,31,1
73,26,1
73,40,1
63,17,1
71,42,1
63,34,1
75,20,1
67,39,1
51,16,1
46,26,1
41,5,1
47,32,1
53,25,1
49,31,1
75,37,1
64,29,1
80,25,1
48,36,1
54,42,1
56,36,1
49,16,1
50,44,1
75,26,1
61,38,1
42,18,1
71,11,1
52,17,1
48,14,1
79,32,1
45,13,1
54,20,1
48,39,1
47,39,1
51,10,1
61,39,1
38,40,1
53,18,1
61,18,1
78,22,1
67,38,1
55,25,1
54,42,1
31,26,1
74,34,1
44,4,1
33,32,1
53,4,1
43,10,1
74,34,1
38,21,1
50,44,1
56,16,1
43,37,1
67,26,1
64,13,1
40,24,1
49,40,1
68,18,1
45,7,1
62,23,1
63,17,1
46,28,1
42,36,1
47,19,1
74,9,1
76,28,1
68,14,1
45,27,1
63,47,1
58,38,1
70,23,1
51,33,1
41,6,1
38,11,1
38,37,1
71,15,1
39,41,1
49,45,1
61,25,1
73,35,1
45,12,1
35,29,1
42,10,1
59,22,1
34,30,1
71,18,1
60,18,1
76,26,1
50,49,1
56,6,1
68,36,1
71,15,1
34,34,1
48,17,1
32,33,1
34,19,1
52,39,1
77,35,1
52,45,1
43,23,1
78,17,1
44,37,1
72,20,1
47,24,1
43,22,1
39,40,1
72,26,1
35,29,1
52,49,1
61,29,1
40,44,1
41,45,1
70,43,1
32,20,1
74,22,1
45,3,1
47,48,1
52,12,1
45,29,1
71,44,1
40,27,1
47,48,1
59,18,1
56,4,1
58,35,1
57,40,1
42,5,1
68,24,1
32,34,1
63,5,1
76,12,1
63,25,1
56,4,1
68,42,1
52,16,1
61,37,1
51,46,1
51,20,1
48,27,1
45,29,1
66,28,1
73,9,1
73,37,1
55,1,1
41,10,1
70,35,1
55,22,1
34,27,1
61,43,1
74,22,1
37,39,1
64,28,1
63,33,1
59,19,1
53,23,1
42,22,1
70,11,1
56,20,1
35,31,1
52,45,1
67,9,1
66,9,1
53,27,1
41,26,1
54,17,1
44,3,1
73,19,1
49,42,1
39,23,1
32,29,1
67,29,1
41,23,1
60,33,1
58,31,1
36,35,1
68,23,1
60,44,1
60,4,1
43,43,1
53,46,1
63,48,1
49,41,1
55,40,1
73,20,1
59,11,1
51,8,1
53,32,1
58,39,1
31,32,1
51,2,1
53,23,1
72,17,1
51,12,1
46,40,1
54,34,1
60,24,1
49,14,1
34,31,1
33,21,1
70,41,1
78,34,1
46,34,1
63,38,1
71,26,1
45,26,1
69,19,1
44,36,1
48,20,1
54,40,1
47,10,1
62,22,1
75,19,1
50,10,1
67,43,1
38,27,1
61,40,1
75,23,1
52,4,1
61,4,1
56,20,1
61,21,1
73,31,1
35,16,1
47,14,1
41,26,1
74,20,1
35,12,1
68,28,1
62,45,1
40,44,1
43,32,1
63,34,1
44,11,1
53,29,1
62,10,1
58,27,1
66,20,1
44,16,1
44,35,1
46,2,1
47,32,1
43,19,1
76,37,1
48,12,1
52,12,1
55,42,1
44,19,1
35,12,1
31,18,1
61,13,1
77,23,1
41,8,1
75,35,1
64,31,1
76,16,1
46,25,1
39,44,1
42,5,1
72,40,1
41,27,1
63,48,1
59,35,1
67,7,1
77,16,1
54,25,1
51,44,1
63,13,1
54,13,1
43,44,1
44,28,1
32,21,1
34,26,1
59,27,1
59,49,1
49,27,1
56,18,1
59,13,1
38,32,1
55,22,1
56,34,1
51,14,1
36,36,1
71,34,1
49,41,1
70,38,1
43,19,1
45,29,1
