32,43,0
23,7,0
10,27,0
8,33,0
29,13,0
36,8,0
19,8,0
16,11,0
14,37,0
22,3,0
17,9,0
34,21,0
30,25,0
15,11,0
14,34,0
23,9,0
39,22,0
34,8,0
29,43,0
7,35,0
24,6,0
21,37,0
42,33,0
28,36,0
40,22,0
41,24,0
42,41,0
26,24,0
36,19,0
10,15,0
23,10,0
42,13,0
16,9,0
30,37,0
29,48,0
31,39,0
33,47,0
47,35,0
25,1,0
28,4,0
22,6,0
8,28,0
40,10,0
33,40,0
41,31,0
13,46,0
9,42,0
40,34,0
20,2,0
11,17,0
26,16,0
36,22,0
11,12,0
18,7,0
26,12,0
22,10,0
33,35,0
31,48,0
35,36,0
35,4,0
33,27,0
13,22,0
5,15,0
31,30,0
22,30,0
39,25,0
47,23,0
23,14,0
15,16,0
14,4,0
25,23,0
22,15,0
30,38,0
20,28,0
6,22,0
28,14,0
30,34,0
35,40,0
36,17,0
28,40,0
19,21,0
16,46,0
43,41,0
20,43,0
36,25,0
29,30,0
25,47,0
18,32,0
22,38,0
25,36,0
28,35,0
48,32,0
15,38,0
8,20,0
29,38,0
12,26,0
19,12,0
20,12,0
13,14,0
43,20,0
35,18,0
12,44,0
22,48,0
1,29,0
20,18,0
14,30,0
28,29,0
38,37,0
19,45,0
49,25,0
20,22,0
15,3,0
33,31,0
23,16,0
36,9,0
37,20,0
17,16,0
27,2,0
20,31,0
40,20,0
3,34,0
42,37,0
19,49,0
43,29,0
18,43,0
37,5,0
13,24,0
14,31,0
37,19,0
31,47,0
29,47,0
25,5,0
37,39,0
6,31,0
24,7,0
29,9,0
25,14,0
34,7,0
12,37,0
12,18,0
16,13,0
34,17,0
22,19,0
4,37,0
11,25,0
20,25,0
17,17,0
23,38,0
30,14,0
36,16,0
28,12,0
39,7,0
4,13,0
40,10,0
10,31,0
9,39,0
8,43,0
34,2,0
9,44,0
22,34,0
25,50,0
27,4,0
14,31,0
34,36,0
14,28,0
37,26,0
34,39,0
39,41,0
21,2,0
33,35,0
38,40,0
33,21,0
42,21,0
6,33,0
26,29,0
43,10,0
48,18,0
22,46,0
45,28,0
24,22,0
36,40,0
25,21,0
9,21,0
24,21,0
3,36,0
26,26,0
15,39,0
41,38,0
35,47,0
12,37,0
32,16,0
14,6,0
25,19,0
38,40,0
13,38,0
44,21,0
20,33,0
41,28,0
25,5,0
31,36,0
32,21,0
33,22,0
27,2,0
19,12,0
36,36,0
17,29,0
32,49,0
14,13,0
31,31,0
23,31,0
25,37,0
13,8,0
36,39,0
23,22,0
25,26,0
21,13,0
39,18,0
10,34,0
22,31,0
43,35,0
30,39,0
7,35,0
4,20,0
46,38,0
28,24,0
42,40,0
23,29,0
27,18,0
39,18,0
10,34,0
37,23,0
28,19,0
30,40,0
44,13,0
36,18,0
29,2,0
41,23,0
19,28,0
2,31,0
27,28,0
23,8,0
28,14,0
9,35,0
22,28,0
46,22,0
35,26,0
9,15,0
45,39,0
29,12,0
15,20,0
22,10,0
32,25,0
15,37,0
22,30,0
15,7,0
36,29,0
18,17,0
26,24,0
26,42,0
34,20,0
34,4,0
17,16,0
8,7,0
11,32,0
5,24,0
44,10,0
22,22,0
27,45,0
35,7,0
16,41,0
22,32,0
27,45,0
8,37,0
47,22,0
12,41,0
27,33,0
30,15,0
22,14,0
12,6,0
21,38,0
4,36,0
16,48,0
3,21,0
23,1,0
32,37,0
22,17,0
48,33,0
20,12,0
12,17,0
35,8,0
11,5,0
13,34,0
30,36,0
40,18,0
40,42,0
21,15,0
35,35,0
19,42,0
30,10,0
45,19,0
6,12,0
19,9,0
23,43,0
28,5,0
45,37,0
38,41,0
15,39,0
35,5,0
45,30,0
26,18,0
26,45,0
5,16,0
38,31,0
32,25,0
27,46,0
45,29,0
30,15,0
16,21,0
3,33,0
23,29,0
6,41,0
6,12,0
36,36,0
36,38,0
34,34,0
41,13,0
46,12,0
16,20,0
16,43,0
13,7,0
27,37,0
26,24,0
28,34,0
39,38,0
18,26,0
41,35,0
45,38,0
22,4,0
29,7,0
28,36,0
32,35,0
12,9,0
24,24,0
13,9,0
9,42,0
38,33,0
32,27,0
18,3,0
4,37,0
17,32,0
20,13,0
46,16,0
37,16,0
25,28,0
14,29,0
16,19,0
49,19,0
29,38,0
23,12,0
37,41,0
42,39,0
47,28,0
44,34,0
11,45,0
35,30,0
28,8,0
38,11,0
32,23,0
41,38,0
15,6,0
35,16,0
15,23,0
16,11,0
24,24,0
28,10,0
20,45,0
15,39,0
29,38,0
35,31,0
20,35,0
21,33,0
40,30,0
5,36,0
28,23,0
40,25,0
23,37,0
46,29,0
22,24,0
26,25,0
23,24,0
8,38,0
14,12,0
40,17,0
25,28,0
39,6,0
48,32,0
31,19,0
27,17,0
47,20,0
8,16,0
25,22,0
14,11,0
20,42,0
13,35,0
20,32,0
20,16,0
13,7,0
34,20,0
9,12,0
8,32,0
31,39,0
24,13,0
25,36,0
20,7,0
49,28,0
47,22,0
17,12,0
3,32,0
5,40,0
6,10,0
29,30,0
7,14,0
37,39,0
23,47,0
42,28,0
20,26,0
27,48,0
19,24,0
9,21,0
14,34,0
7,14,0
13,11,0
12,26,0
19,41,0
49,26,0
43,14,0
35,22,0
3,35,0
27,14,0
26,9,0
22,20,0
35,37,0
19,43,0
14,38,0
38,40,0
15,32,0
1,22,0
29,11,0
34,4,0
11,44,0
38,19,0
6,25,0
30,23,0
1,27,0
2,27,0
33,47,0
18,41,0
32,37,0
14,9,0
21,4,0
18,12,0
45,30,0
16,31,0
18,31,0
21,2,0
41,39,0
9,17,0
35,33,0
46,31,0
30,38,0
34,15,0
5,26,0
44,34,0
11,33,0
26,47,0
8,40,0
19,46,0
9,10,0
6,35,0
36,32,0
33,28,0
7,38,0
35,31,0
8,30,0
45,18,0
37,32,0
35,40,0
26,37,0
6,37,0
6,30,0
40,41,0
42,8,0
18,27,0
44,10,0
32,7,0
37,12,0
36,23,0
33,16,0
18,37,0
6,19,0
42,30,1
44,18,1
72,43,1
54,44,1
49,29,1
57,31,1
79,30,1
71,8,1
34,34,1
77,26,1
46,35,1
67,40,1
59,30,1
63,42,1
49,7,1
68,11,1
74,39,1
60,45,1
36,17,1
61,47,1
69,21,1
37,20,1
51,13,1
68,42,1
67,29,1
48,46,1
51,26,1
66,12,1
79,21,1
47,2,1
44,11,1
36,40,1
58,43,1
64,35,1
54,32,1
32,19,1
58,29,1
53,24,1
59,12,1
42,9,1
50,14,1
77,15,1
51,39,1
56,26,1
63,22,1
60,40,1
55,31,1
68,39,1
62,26,1
57,14,1
36,21,1
66,4,1
78,28,1
64,5,1
73,40,1
78,34,1
74,31,1
39,36,1
71,30,1
67,27,1
74,14,1
46,2,1
41,38,1
67,11,1
60,24,1
43,16,1
54,45,1
76,37,1
36,32,1
74,17,1
47,37,1
69,10,1
58,10,1
54,44,1
56,45,1
49,47,1
77,16,1
62,48,1
53,35,1
78,21,1
47,15,1
59,46,1
77,15,1
73,19,1
47,12,1
77,27,1
65,5,1
47,46,1
65,39,1
50,32,1
39,30,1
37,30,1
50,30,1
64,25,1
57,28,1
53,4,1
63,31,1
39,20,1
66,12,1
40,24,1
55,21,1
79,31,1
43,35,1
59,11,1
40,11,1
44,30,1
57,38,1
47,44,1
72,42,1
37,20,1
61,34,1
64,21,1
70,45,1
60,17,1
71,23,1
53,31,1
67,12,1
35,34,1
75,13,1
59,47,1
41,22,1
46,42,1
61,30,1
54,48,1
47,20,1
42,9,1
61,12,1
60,38,1
55,26,1
60,11,1
38,40,1
42,6,1
77,18,1
54,42,1
59,14,1
49,19,1
48,20,1
35,14,1
56,40,1
65,32,1
55,9,1
67,36,1
70,14,1
39,23,1
78,26,1
71,7,1
46,44,1
49,43,1
35,30,1
68,26,1
72,43,1
56,38,1
59,39,1
69,38,1
47,21,1
51,26,1
55,41,1
77,26,1
67,43,1
36,12,1
57,46,1
60,14,1
80,25,1
79,21,1
53,43,1
75,15,1
58,47,1
33,32,1
63,20,1
46,3,1
68,7,1
59,1,1
46,4,1
58,46,1
55,1,1
53,18,1
33,22,1
49,5,1
66,6,1
70,30,1
64,29,1
40,14,1
69,14,1
34,38,1
64,45,1
67,36,1
59,40,1
73,10,1
41,20,1
45,26,1
74,40,1
57,26,1
50,8,1
56,45,1
64,34,1
41,45,1
49,3,1
40,23,1
43,31,1
77,23,1
43,8,1
60,20,1
70,30,1
59,37,1
43,21,1
78,30,1
56,12,1
50,14,1
73,19,1
64,41,1
48,8,1
62,9,1
34,38,1
54,47,1
74,35,1
72,40,1
49,34,1
58,35,1
55,23,1
38,18,1
33,33,1
54,7,1
52,5,1
75,10,1
43,38,1
53,4,1
43,45,1
78,30,1
42,9,1
56,48,1
53,9,1
78,30,1
64,3,1
69,6,1
39,25,1
46,25,1
39,42,1
72,13,1
31,26,1
50,43,1
63,23,1
52,19,1
64,17,1
45,3,1
36,34,1
70,22,1
54,48,1
55,7,1
62,24,1
39,35,1
49,3,1
44,23,1
51,28,1
61,8,1
37,35,1
76,31,1
71,41,1
41,8,1
69,19,1
50,29,1
79,23,1
64,41,1
56,5,1
52,23,1
52,7,1
38,41,1
68,18,1
71,36,1
64,14,1
39,17,1
53,48,1
64,7,1
43,36,1
38,7,1
56,32,1
44,36,1
31,22,1
42,20,1
46,33,1
33,24,1
34,22,1
52,30,1
53,3,1
68,44,1
37,29,1
60,35,1
54,14,1
37,15,1
73,20,1
45,45,1
64,26,1
46,31,1
52,32,1
49,3,1
48,31,1
50,10,1
61,20,1
49,30,1
41,28,1
39,33,1
61,16,1
76,35,1
58,11,1
44,42,1
50,35,1
68,13,1
73,19,1
63,42,1
62,7,1
64,12,1
52,27,1
56,20,1
60,5,1
69,5,1
44,32,1
77,20,1
71,20,1
49,22,1
74,28,1
49,12,1
77,24,1
52,45,1
59,21,1
48,23,1
38,34,1
77,17,1
43,25,1
68,44,1
72,38,1
42,35,1
42,5,1
47,47,1
75,25,1
54,45,1
35,34,1
70,35,1
31,19,1
77,26,1
59,11,1
79,27,1
70,31,1
66,14,1
61,43,1
50,44,1
62,47,1
59,41,1
50,28,1
60,3,1
33,20,1
42,36,1
51,22,1
45,11,1
38,31,1
62,44,1
55,29,1
72,31,1
76,35,1
57,7,1
42,13,1
43,16,1
67,31,1
47,10,1
62,27,1
75,12,1
64,45,1
53,49,1
44,7,1
73,8,1
63,12,1
58,21,1
44,24,1
58,39,1
53,13,1
65,37,1
69,25,1
61,12,1
75,24,1
53,7,1
48,11,1
70,42,1
46,9,1
77,23,1
41,8,1
61,45,1
49,38,1
45,34,1
38,24,1
64,19,1
57,21,1
65,3,1
54,42,1
53,13,1
61,14,1
61,24,1
73,11,1
66,31,1
54,5,1
76,29,1
61,25,1
69,38,1
73,42,1
51,35,1
71,29,1
46,30,1
76,28,1
70,26,1
39,28,1
33,32,1
55,18,1
57,45,1
70,14,1
40,33,1
74,35,1
43,6,1
57,5,1
56,38,1
52,25,1
33,22,1
38,7,1
68,32,1
48,38,1
37,15,1
37,21,1
55,46,1
43,20,1
66,41,1
54,34,1
58,33,1
36,41,1
53,15,1
41,24,1
52,23,1
71,36,1
33,28,1
74,23,1
56,27,1
70,24,1
44,31,1
55,45,1
54,2,1
58,10,1
54,42,1
70,36,1
49,19,1
56,26,1
67,28,1
74,32,1
72,36,1
51,2,1
61,40,1
59,11,1
67,6,1
78,30,1
70,36,1
43,22,1
71,18,1
38,10,1
47,21,1
59,16,1
46,18,1
63,41,1
64,23,1
68,24,1
50,1,1
74,26,1
58,37,1
44,13,1
38,11,1
47,26,1
50,35,1
60,41,1
45,19,1
57,8,1
65,14,1
62,32,1
74,39,1
65,33,1
45,29,1
39,13,1
77,16,1
45,45,1
46,31,1
70,26,1
61,4,1
75,27,1
53,3,1
71,26,1
78,21,1
63,39,1
47,43,1
40,11,1
53,3,1
71,8,1
41,22,1
39,21,1
67,6,1
47,39,1
53,29,1
62,27,1
45,15,1
