9,13,0
39,18,0
19,21,0
32,4,0
16,7,0
25,41,0
13,10,0
32,23,0
35,25,0
3,22,0
1,31,0
2,34,0
19,41,0
42,30,0
34,14,0
9,14,0
12,24,0
20,43,0
12,16,0
14,26,0
29,14,0
24,14,0
10,27,0
22,32,0
17,42,0
41,34,0
15,16,0
6,17,0
43,29,0
21,18,0
16,3,0
27,10,0
21,19,0
7,18,0
20,4,0
46,33,0
42,8,0
12,6,0
46,16,0
48,23,0
4,21,0
10,37,0
31,24,0
21,18,0
28,40,0
19,25,0
22,33,0
25,12,0
44,28,0
23,32,0
6,11,0
19,18,0
19,18,0
20,18,0
38,44,0
20,39,0
17,42,0
4,34,0
41,12,0
21,39,0
24,17,0
33,17,0
6,29,0
34,34,0
19,43,0
1,23,0
5,23,0
38,19,0
41,18,0
30,26,0
40,22,0
9,24,0
4,29,0
26,13,0
15,30,0
7,41,0
5,39,0
20,31,0
29,17,0
18,8,0
18,6,0
20,21,0
29,23,0
13,35,0
24,13,0
19,34,0
32,23,0
49,19,0
36,4,0
49,32,0
38,30,0
16,47,0
19,27,0
22,15,0
31,20,0
38,46,0
30,34,0
10,27,0
27,39,0
46,19,0
33,5,0
19,44,0
8,36,0
17,16,0
11,31,0
24,44,0
24,48,0
24,33,0
28,9,0
9,15,0
5,13,0
29,42,0
28,17,0
21,3,0
31,20,0
44,18,0
26,1,0
23,8,0
27,17,0
11,35,0
22,14,0
20,43,0
7,27,0
21,47,0
19,1,0
2,23,0
43,27,0
42,16,0
26,30,0
12,19,0
6,35,0
10,9,0
5,17,0
42,13,0
8,9,0
31,44,0
15,46,0
7,34,0
34,3,0
44,35,0
43,31,0
14,31,0
33,45,0
18,40,0
31,29,0
43,14,0
3,15,0
42,38,0
4,24,0
11,24,0
26,11,0
12,39,0
43,13,0
26,27,0
36,16,0
33,46,0
23,35,0
36,23,0
49,23,0
14,18,0
42,25,0
16,7,0
7,20,0
24,27,0
16,13,0
31,12,0
13,7,0
17,22,0
26,7,0
22,48,0
28,34,0
38,24,0
41,27,0
31,9,0
7,26,0
15,35,0
3,35,0
31,16,0
17,18,0
26,49,0
42,38,0
21,33,0
25,39,0
7,42,0
41,12,0
19,43,0
21,30,0
25,21,0
19,29,0
17,32,0
22,44,0
33,9,0
3,16,0
25,49,0
17,15,0
29,18,0
15,23,0
37,23,0
13,23,0
37,31,0
38,16,0
37,32,0
26,24,0
19,6,0
34,21,0
20,42,0
41,29,0
21,44,0
16,34,0
35,33,0
24,18,0
18,30,0
22,25,0
19,1,0
47,19,0
20,6,0
37,14,0
8,38,0
40,12,0
42,41,0
34,12,0
10,41,0
16,21,0
11,8,0
32,44,0
7,42,0
16,35,0
18,7,0
21,22,0
13,24,0
7,25,0
33,25,0
21,5,0
14,28,0
41,10,0
29,1,0
42,22,0
36,42,0
39,13,0
16,11,0
15,39,0
47,14,0
10,13,0
25,15,0
27,21,0
32,28,0
41,10,0
44,14,0
31,33,0
7,33,0
24,41,0
27,25,0
2,27,0
42,39,0
2,32,0
16,19,0
15,45,0
41,19,0
25,22,0
23,7,0
28,14,0
22,32,0
37,32,0
35,9,0
27,15,0
33,44,0
22,40,0
24,49,0
11,42,0
36,10,0
21,3,0
5,27,0
16,29,0
43,40,0
45,12,0
14,23,0
18,28,0
32,31,0
43,14,0
30,7,0
18,49,0
29,7,0
28,14,0
20,21,0
13,36,0
20,40,0
32,29,0
32,43,0
34,44,0
43,39,0
17,4,0
41,11,0
37,6,0
49,31,0
4,34,0
38,34,0
30,35,0
32,48,0
36,4,0
3,32,0
21,1,0
43,37,0
18,8,0
27,40,0
36,39,0
37,36,0
33,47,0
29,19,0
35,17,0
19,23,0
15,22,0
22,4,0
32,22,0
12,23,0
28,25,0
1,18,0
23,43,0
7,10,0
30,41,0
35,15,0
19,9,0
26,5,0
15,36,0
28,32,0
2,16,0
28,25,0
20,24,0
33,30,0
21,40,0
28,4,0
44,29,0
23,35,0
31,39,0
35,40,0
10,25,0
22,46,0
35,42,0
15,37,0
19,42,0
26,44,0
11,41,0
20,1,0
23,45,0
12,7,0
14,4,0
18,15,0
37,43,0
33,40,0
43,13,0
33,15,0
45,31,0
20,39,0
33,42,0
5,12,0
18,1,0
15,28,0
49,18,0
27,12,0
40,16,0
21,20,0
35,35,0
20,32,0
38,21,0
38,24,0
29,31,0
13,23,0
39,30,0
10,37,0
31,23,0
14,35,0
14,45,0
41,28,0
13,13,0
6,16,0
21,11,0
28,5,0
37,20,0
29,47,0
22,41,0
19,41,0
12,8,0
19,40,0
28,37,0
16,36,0
43,17,0
19,25,0
16,4,0
8,23,0
41,18,0
29,35,0
19,7,0
24,33,0
41,7,0
13,42,0
27,18,0
6,28,0
41,39,0
39,13,0
27,38,0
25,39,0
7,23,0
8,34,0
45,38,0
6,16,0
1,32,0
9,42,0
6,38,0
7,18,0
34,20,0
27,18,0
25,33,0
16,38,0
40,18,0
28,27,0
6,15,0
36,28,0
11,37,0
18,45,0
7,18,0
40,37,0
15,43,0
4,31,0
40,27,0
12,38,0
38,27,0
36,24,0
9,41,0
7,14,0
24,41,0
44,30,0
25,4,0
36,5,0
13,36,0
45,12,0
45,40,0
24,9,0
15,36,0
11,6,0
25,38,0
42,29,0
23,49,0
25,42,0
37,22,0
46,38,0
10,14,0
34,48,0
29,10,0
18,38,0
47,22,0
44,13,0
33,47,0
26,2,0
25,14,0
28,21,0
28,15,0
13,32,0
15,38,0
12,41,0
21,33,0
41,39,0
29,36,0
30,12,0
12,45,0
36,13,0
45,12,0
14,15,0
32,22,0
24,24,0
38,13,0
16,9,0
12,35,0
1,32,0
33,43,0
45,13,0
16,29,0
45,28,0
33,3,0
16,8,0
35,41,0
39,38,0
11,11,0
20,45,0
46,36,0
11,39,0
29,2,0
4,20,0
18,6,0
8,18,0
1,32,0
47,33,0
40,30,0
26,8,0
18,36,0
37,4,0
49,25,0
20,31,0
7,19,0
28,37,0
14,35,0
12,20,0
62,25,1
54,23,1
46,14,1
40,13,1
27,14,1
38,40,1
68,29,1
44,40,1
60,14,1
61,20,1
48,14,1
24,33,1
33,9,1
55,18,1
42,41,1
35,31,1
28,19,1
28,17,1
37,27,1
62,25,1
23,29,1
53,14,1
53,21,1
63,23,1
31,40,1
59,9,1
26,41,1
33,28,1
32,42,1
37,21,1
51,24,1
43,26,1
66,22,1
21,18,1
59,24,1
63,30,1
57,4,1
31,26,1
42,8,1
34,34,1
37,4,1
33,25,1
43,3,1
47,5,1
52,7,1
61,41,1
39,17,1
56,20,1
36,42,1
27,25,1
43,45,1
29,11,1
56,5,1
57,31,1
27,42,1
58,37,1
24,16,1
29,42,1
47,22,1
61,30,1
56,26,1
46,27,1
57,39,1
26,18,1
35,45,1
35,27,1
38,24,1
52,23,1
48,17,1
66,21,1
39,19,1
60,27,1
24,38,1
63,23,1
63,42,1
67,23,1
31,39,1
26,41,1
27,22,1
21,20,1
63,27,1
35,33,1
45,8,1
50,44,1
37,28,1
40,45,1
47,17,1
56,24,1
39,23,1
42,39,1
26,32,1
54,6,1
53,21,1
52,28,1
30,14,1
40,15,1
51,17,1
41,22,1
40,22,1
62,28,1
24,27,1
40,12,1
49,44,1
40,14,1
25,17,1
57,33,1
36,8,1
62,33,1
44,13,1
66,16,1
49,24,1
49,46,1
55,21,1
62,9,1
42,49,1
45,3,1
47,34,1
43,44,1
41,7,1
50,45,1
51,48,1
29,6,1
54,44,1
46,39,1
22,28,1
45,17,1
56,19,1
38,24,1
41,9,1
58,10,1
36,46,1
27,22,1
54,18,1
47,4,1
36,13,1
26,41,1
54,4,1
45,38,1
64,9,1
22,34,1
49,15,1
29,25,1
55,32,1
33,31,1
53,13,1
27,36,1
46,21,1
37,9,1
27,30,1
39,19,1
39,8,1
48,30,1
69,21,1
51,38,1
52,7,1
45,1,1
68,17,1
30,12,1
46,17,1
24,19,1
55,39,1
50,11,1
61,11,1
43,31,1
32,7,1
57,32,1
27,42,1
60,35,1
65,13,1
64,14,1
49,38,1
26,13,1
58,11,1
37,20,1
36,28,1
27,14,1
55,31,1
40,12,1
31,18,1
23,15,1
56,30,1
40,1,1
37,17,1
40,16,1
51,49,1
47,26,1
26,36,1
30,37,1
47,14,1
42,1,1
23,19,1
69,20,1
58,13,1
48,44,1
26,36,1
37,9,1
24,20,1
51,10,1
43,39,1
40,25,1
23,33,1
64,13,1
27,36,1
31,41,1
43,2,1
49,36,1
43,1,1
59,33,1
47,20,1
48,15,1
54,10,1
44,13,1
45,32,1
38,34,1
57,36,1
52,28,1
46,34,1
40,29,1
47,26,1
32,5,1
22,20,1
61,8,1
43,39,1
59,7,1
28,27,1
66,23,1
37,3,1
65,33,1
60,7,1
45,16,1
55,20,1
60,17,1
25,20,1
23,33,1
41,48,1
29,32,1
38,45,1
59,8,1
68,18,1
57,17,1
38,38,1
47,27,1
58,34,1
58,36,1
42,1,1
40,2,1
37,27,1
51,42,1
53,13,1
44,29,1
25,22,1
55,45,1
40,47,1
53,36,1
48,19,1
53,11,1
31,30,1
43,5,1
61,40,1
43,48,1
59,41,1
40,44,1
43,1,1
36,23,1
34,6,1
59,10,1
47,11,1
47,9,1
42,47,1
67,24,1
55,8,1
43,19,1
59,18,1
32,34,1
25,23,1
60,40,1
38,8,1
40,46,1
54,44,1
66,24,1
40,30,1
24,18,1
57,11,1
38,23,1
44,47,1
35,47,1
30,30,1
43,17,1
43,20,1
40,2,1
25,36,1
43,9,1
28,15,1
56,5,1
53,27,1
53,15,1
49,27,1
44,44,1
31,14,1
23,33,1
50,5,1
41,35,1
52,49,1
41,38,1
69,24,1
22,21,1
57,29,1
40,19,1
46,21,1
46,4,1
40,46,1
25,12,1
53,45,1
40,38,1
33,10,1
51,32,1
51,31,1
43,12,1
34,35,1
24,24,1
60,44,1
55,45,1
29,38,1
46,39,1
30,11,1
32,7,1
38,9,1
56,10,1
37,39,1
60,30,1
31,42,1
32,7,1
50,23,1
25,13,1
41,13,1
46,44,1
40,34,1
37,38,1
48,1,1
46,9,1
64,34,1
46,16,1
25,11,1
37,43,1
60,45,1
40,29,1
50,41,1
27,31,1
36,3,1
40,4,1
28,33,1
39,21,1
28,39,1
46,39,1
41,11,1
42,21,1
51,1,1
32,20,1
58,35,1
45,27,1
33,20,1
33,46,1
26,25,1
48,23,1
25,27,1
23,16,1
35,36,1
39,27,1
47,43,1
24,37,1
23,20,1
42,31,1
62,25,1
45,38,1
53,37,1
53,48,1
30,39,1
36,40,1
68,20,1
35,20,1
57,16,1
66,36,1
45,17,1
45,24,1
59,44,1
30,28,1
22,29,1
34,33,1
59,45,1
25,24,1
42,10,1
44,32,1
59,30,1
27,18,1
48,11,1
45,15,1
41,8,1
68,27,1
67,29,1
48,21,1
29,28,1
50,39,1
21,23,1
51,20,1
59,43,1
33,34,1
36,7,1
65,14,1
39,33,1
23,25,1
60,16,1
21,21,1
40,30,1
37,4,1
38,24,1
64,16,1
55,23,1
48,32,1
44,41,1
67,27,1
41,13,1
30,41,1
51,37,1
55,18,1
33,29,1
43,42,1
63,28,1
30,10,1
51,6,1
55,8,1
56,33,1
43,14,1
45,42,1
36,15,1
56,10,1
36,39,1
59,30,1
49,19,1
51,44,1
51,10,1
42,27,1
56,27,1
61,37,1
41,6,1
40,17,1
45,22,1
48,25,1
36,25,1
43,25,1
37,26,1
28,35,1
62,39,1
45,19,1
44,6,1
54,30,1
54,37,1
64,39,1
34,17,1
30,13,1
50,39,1
45,0,1
54,17,1
53,34,1
38,5,1
46,17,1
65,24,1
50,15,1
55,37,1
38,24,1
65,34,1
32,8,1
46,36,1
63,32,1
33,38,1
51,34,1
35,41,1
60,37,1
42,30,1
39,43,1
39,13,1
50,38,1
42,20,1
38,21,1
52,33,1
42,19,1
59,8,1
49,12,1
37,42,1
54,15,1
51,46,1
41,28,1
46,30,1
37,28,1
50,24,1
69,19,1
24,13,1
50,17,1
35,16,1
52,28,1
26,38,1
