15,28,0
37,17,0
29,36,0
4,24,0
32,16,0
23,46,0
20,41,0
20,29,0
41,19,0
21,12,0
44,20,0
13,39,0
12,24,0
4,25,0
49,21,0
30,38,0
5,23,0
20,24,0
8,34,0
38,19,0
6,32,0
10,9,0
1,23,0
11,15,0
28,45,0
25,47,0
11,6,0
10,28,0
16,26,0
14,5,0
9,28,0
22,19,0
6,35,0
34,24,0
45,34,0
9,12,0
2,23,0
9,12,0
18,2,0
41,8,0
45,24,0
40,30,0
9,43,0
6,33,0
43,41,0
44,24,0
22,36,0
19,29,0
19,49,0
21,48,0
15,12,0
13,43,0
23,41,0
8,35,0
8,26,0
36,38,0
39,28,0
44,33,0
31,35,0
4,14,0
21,22,0
21,24,0
15,11,0
1,27,0
7,23,0
3,18,0
21,3,0
20,16,0
17,28,0
7,37,0
11,40,0
26,23,0
30,35,0
34,13,0
20,40,0
8,15,0
17,42,0
28,8,0
32,46,0
21,37,0
3,29,0
31,9,0
10,10,0
28,43,0
13,39,0
12,38,0
43,34,0
12,7,0
12,24,0
35,38,0
9,18,0
15,27,0
41,32,0
39,34,0
23,28,0
22,12,0
3,16,0
13,24,0
43,28,0
28,34,0
11,39,0
19,31,0
48,24,0
36,28,0
43,34,0
28,28,0
31,45,0
2,17,0
25,20,0
7,14,0
42,7,0
30,15,0
14,44,0
14,33,0
32,21,0
32,48,0
43,34,0
36,40,0
20,34,0
32,13,0
13,9,0
30,21,0
34,10,0
16,22,0
9,36,0
45,21,0
41,33,0
32,27,0
14,9,0
20,6,0
43,31,0
42,17,0
12,18,0
38,22,0
21,25,0
48,25,0
38,16,0
27,37,0
10,13,0
12,17,0
44,28,0
15,37,0
33,29,0
31,9,0
25,6,0
11,5,0
32,44,0
42,24,0
23,40,0
23,41,0
26,36,0
33,21,0
10,5,0
9,31,0
1,28,0
8,25,0
32,37,0
20,5,0
19,5,0
14,31,0
15,5,0
42,24,0
40,30,0
11,10,0
46,20,0
31,5,0
28,6,0
27,12,0
13,22,0
13,37,0
11,36,0
44,15,0
6,17,0
49,24,0
25,28,0
38,18,0
27,11,0
13,44,0
6,19,0
44,11,0
8,33,0
12,41,0
19,40,0
22,21,0
44,18,0
15,23,0
20,11,0
42,29,0
18,25,0
13,10,0
26,34,0
14,3,0
6,23,0
40,26,0
22,25,0
30,48,0
20,45,0
24,12,0
7,13,0
20,32,0
26,24,0
23,39,0
34,34,0
44,30,0
32,18,0
23,41,0
35,26,0
9,38,0
13,40,0
35,7,0
35,8,0
19,35,0
40,8,0
37,12,0
30,39,0
39,26,0
19,35,0
25,10,0
19,45,0
48,18,0
37,21,0
37,19,0
25,20,0
26,22,0
12,16,0
31,5,0
9,42,0
16,41,0
37,43,0
33,31,0
15,46,0
42,22,0
9,38,0
30,15,0
3,17,0
5,26,0
48,25,0
43,8,0
37,43,0
28,17,0
22,10,0
5,35,0
35,17,0
17,14,0
22,21,0
26,13,0
20,4,0
17,32,0
43,31,0
7,28,0
18,30,0
20,11,0
18,8,0
24,18,0
40,14,0
9,6,0
31,46,0
12,4,0
4,25,0
31,40,0
27,42,0
34,7,0
20,15,0
36,47,0
40,26,0
24,32,0
32,9,0
41,11,0
17,33,0
9,21,0
6,20,0
45,19,0
27,9,0
33,29,0
18,12,0
3,14,0
39,32,0
28,22,0
9,30,0
9,17,0
24,39,0
13,30,0
38,12,0
25,37,0
13,30,0
38,37,0
16,9,0
26,10,0
5,31,0
23,2,0
27,34,0
16,14,0
14,43,0
18,13,0
34,36,0
35,12,0
31,46,0
19,5,0
20,48,0
6,31,0
36,14,0
15,8,0
30,32,0
24,33,0
24,43,0
42,7,0
20,27,0
20,5,0
2,31,0
15,26,0
2,28,0
47,22,0
44,25,0
17,34,0
26,34,0
13,41,0
45,32,0
48,21,0
15,5,0
26,17,0
24,19,0
4,15,0
41,16,0
35,13,0
27,2,0
23,3,0
41,7,0
28,6,0
32,46,0
15,34,0
36,37,0
39,26,0
11,17,0
21,29,0
38,8,0
40,12,0
32,45,0
20,11,0
20,43,0
25,50,0
11,40,0
22,39,0
21,41,0
31,18,0
44,24,0
6,14,0
42,33,0
15,21,0
42,33,0
1,24,0
33,28,0
9,15,0
48,31,0
35,7,0
39,38,0
36,12,0
17,9,0
48,29,0
2,17,0
26,34,0
32,2,0
8,19,0
20,15,0
12,44,0
10,41,0
33,18,0
33,29,0
44,22,0
15,38,0
10,17,0
33,36,0
35,9,0
49,28,0
31,2,0
26,18,0
25,16,0
21,14,0
4,32,0
39,40,0
40,20,0
14,40,0
11,31,0
20,28,0
15,3,0
11,17,0
12,21,0
46,36,0
8,27,0
32,31,0
14,20,0
29,23,0
27,46,0
2,26,0
16,15,0
47,14,0
37,41,0
15,9,0
24,13,0
28,42,0
46,29,0
14,16,0
10,27,0
49,19,0
6,13,0
36,10,0
40,37,0
41,42,0
38,41,0
19,27,0
32,15,0
20,13,0
18,41,0
43,32,0
5,35,0
7,23,0
44,16,0
39,41,0
11,45,0
30,30,0
42,7,0
43,18,0
32,19,0
2,27,0
24,36,0
23,29,0
24,46,0
12,43,0
6,40,0
8,40,0
32,15,0
24,11,0
36,11,0
24,19,0
23,6,0
13,8,0
17,43,0
31,43,0
22,37,0
1,29,0
49,27,0
40,38,0
20,21,0
25,32,0
24,11,0
46,31,0
35,37,0
41,14,0
24,24,0
9,6,0
16,11,0
27,21,0
45,33,0
12,15,0
4,13,0
15,7,0
5,35,0
32,4,0
42,19,0
23,36,0
27,11,0
41,10,0
30,9,0
34,18,0
10,9,0
14,19,0
15,46,0
31,11,0
7,27,0
32,9,0
43,37,0
30,31,0
33,33,0
19,11,0
36,47,0
43,20,0
13,19,0
13,15,0
39,21,0
23,23,0
6,16,0
20,40,0
40,14,0
2,22,0
36,15,0
23,30,0
22,17,0
46,32,0
28,43,0
37,23,0
30,26,0
48,22,0
20,32,0
11,10,0
4,27,0
44,31,0
9,21,0
18,12,0
12,40,0
10,44,0
37,43,0
54,7,1
52,47,1
54,6,1
25,35,1
28,24,1
51,5,1
35,44,1
56,20,1
52,25,1
54,26,1
40,3,1
30,31,1
40,14,1
58,33,1
39,42,1
28,7,1
34,3,1
46,32,1
58,41,1
42,25,1
43,41,1
52,23,1
48,9,1
67,20,1
44,12,1
57,38,1
31,41,1
29,20,1
68,32,1
65,16,1
42,25,1
26,12,1
38,7,1
37,34,1
42,3,1
48,42,1
66,13,1
56,30,1
50,27,1
27,42,1
60,26,1
57,29,1
45,10,1
27,25,1
56,14,1
37,14,1
69,25,1
31,30,1
66,14,1
44,5,1
27,18,1
35,21,1
36,5,1
30,10,1
44,2,1
63,15,1
64,14,1
42,37,1
33,11,1
64,30,1
27,20,1
34,11,1
47,9,1
25,14,1
28,43,1
33,44,1
24,14,1
46,24,1
48,37,1
52,4,1
32,8,1
45,45,1
65,25,1
36,5,1
36,21,1
46,18,1
54,6,1
54,42,1
50,3,1
28,13,1
33,6,1
32,26,1
60,22,1
56,15,1
34,38,1
42,9,1
51,7,1
30,44,1
46,10,1
37,3,1
28,15,1
33,29,1
24,35,1
26,32,1
39,33,1
54,4,1
64,9,1
30,43,1
27,11,1
43,7,1
52,13,1
45,12,1
30,17,1
53,23,1
39,9,1
44,32,1
46,23,1
45,12,1
60,20,1
45,6,1
66,23,1
26,29,1
29,33,1
33,29,1
65,39,1
26,23,1
44,2,1
61,30,1
50,18,1
38,47,1
49,10,1
38,23,1
50,14,1
44,8,1
27,16,1
45,5,1
36,36,1
42,17,1
32,30,1
26,36,1
51,2,1
25,23,1
59,42,1
32,46,1
45,45,1
24,36,1
48,18,1
21,19,1
22,19,1
48,9,1
30,18,1
37,24,1
33,7,1
45,21,1
27,21,1
63,31,1
56,13,1
52,30,1
48,28,1
22,28,1
52,31,1
66,34,1
56,10,1
47,17,1
46,33,1
50,16,1
63,13,1
43,20,1
29,15,1
39,8,1
41,20,1
22,20,1
23,27,1
55,20,1
67,28,1
40,14,1
54,26,1
29,16,1
27,12,1
45,41,1
40,15,1
47,18,1
60,11,1
26,21,1
44,34,1
37,47,1
31,17,1
42,7,1
27,9,1
69,19,1
52,31,1
29,29,1
49,47,1
25,28,1
42,32,1
54,44,1
55,39,1
47,5,1
63,36,1
40,18,1
30,36,1
31,13,1
39,48,1
43,23,1
48,31,1
54,10,1
38,12,1
25,15,1
55,28,1
69,26,1
64,20,1
36,14,1
63,13,1
57,23,1
66,20,1
65,40,1
57,8,1
45,18,1
25,37,1
47,31,1
32,22,1
58,24,1
29,12,1
65,33,1
60,23,1
55,23,1
23,27,1
39,24,1
40,49,1
48,18,1
27,24,1
31,44,1
36,47,1
61,32,1
36,29,1
30,42,1
28,10,1
30,21,1
58,39,1
24,29,1
48,40,1
50,24,1
37,17,1
56,34,1
69,21,1
51,2,1
42,33,1
27,14,1
26,25,1
29,43,1
56,13,1
49,33,1
47,22,1
38,13,1
55,42,1
62,19,1
44,28,1
37,17,1
62,33,1
47,30,1
23,32,1
65,29,1
60,22,1
44,33,1
42,48,1
34,8,1
42,40,1
52,19,1
48,38,1
48,15,1
41,49,1
50,21,1
47,34,1
34,34,1
52,25,1
25,35,1
39,35,1
42,4,1
59,14,1
30,22,1
33,6,1
59,10,1
32,26,1
30,5,1
30,6,1
65,10,1
34,7,1
39,27,1
29,19,1
29,44,1
63,25,1
35,46,1
30,25,1
52,37,1
47,48,1
46,49,1
39,27,1
54,29,1
43,2,1
60,16,1
48,14,1
68,17,1
49,47,1
42,17,1
53,16,1
42,7,1
47,45,1
48,37,1
69,21,1
29,20,1
57,6,1
48,37,1
53,2,1
41,5,1
42,45,1
66,29,1
45,32,1
35,42,1
52,46,1
42,19,1
50,18,1
36,27,1
42,15,1
47,48,1
64,35,1
44,28,1
58,22,1
24,12,1
56,15,1
27,11,1
41,39,1
31,9,1
39,19,1
28,9,1
35,21,1
63,18,1
57,43,1
27,26,1
55,19,1
55,22,1
27,19,1
58,14,1
45,35,1
28,12,1
47,12,1
46,38,1
61,11,1
30,31,1
57,32,1
38,20,1
43,39,1
24,22,1
24,13,1
27,9,1
48,22,1
33,21,1
35,27,1
51,18,1
35,46,1
59,32,1
39,26,1
43,46,1
46,43,1
26,19,1
66,36,1
65,21,1
68,31,1
57,22,1
51,16,1
52,14,1
41,20,1
34,45,1
35,45,1
42,38,1
26,20,1
46,12,1
51,28,1
46,22,1
61,24,1
43,7,1
31,10,1
66,34,1
52,30,1
61,32,1
52,5,1
47,48,1
49,29,1
43,18,1
43,19,1
51,1,1
33,32,1
35,25,1
41,48,1
38,26,1
36,8,1
39,10,1
68,30,1
59,19,1
39,13,1
33,37,1
30,16,1
55,7,1
61,38,1
35,41,1
68,32,1
45,19,1
37,46,1
58,30,1
49,27,1
32,11,1
35,26,1
47,4,1
55,45,1
68,16,1
21,26,1
55,14,1
29,43,1
67,35,1
60,8,1
51,26,1
46,17,1
47,7,1
46,9,1
31,28,1
55,17,1
56,44,1
35,15,1
48,48,1
52,12,1
43,16,1
47,31,1
44,37,1
33,20,1
55,22,1
64,12,1
57,15,1
50,25,1
56,46,1
31,7,1
52,20,1
53,37,1
68,30,1
47,17,1
45,8,1
46,32,1
48,32,1
52,28,1
52,4,1
46,4,1
22,21,1
37,41,1
51,9,1
41,28,1
44,15,1
36,12,1
33,42,1
41,5,1
56,16,1
48,42,1
37,11,1
49,11,1
33,21,1
35,13,1
41,4,1
32,6,1
46,39,1
58,36,1
32,36,1
30,27,1
27,34,1
26,31,1
63,10,1
67,29,1
59,29,1
66,19,1
57,19,1
23,18,1
60,25,1
35,28,1
35,12,1
31,6,1
63,25,1
62,7,1
23,29,1
60,26,1
52,5,1
60,10,1
42,48,1
50,38,1
56,20,1
37,15,1
39,38,1
44,41,1
27,31,1
60,27,1
58,7,1
38,31,1
58,42,1
51,22,1
40,31,1
63,32,1
50,8,1
31,16,1
34,33,1
28,9,1
39,45,1
52,11,1
24,35,1
49,22,1
46,14,1
