24,9,0
22,32,0
22,41,0
20,6,0
18,3,0
23,36,0
40,26,0
44,16,0
21,34,0
29,25,0
45,40,0
7,25,0
44,41,0
40,16,0
13,21,0
37,13,0
38,22,0
33,44,0
14,27,0
7,42,0
30,19,0
22,29,0
8,14,0
6,18,0
44,23,0
23,44,0
27,46,0
40,31,0
44,9,0
5,33,0
43,31,0
31,19,0
17,14,0
13,45,0
46,28,0
11,34,0
48,29,0
37,13,0
21,44,0
11,16,0
7,13,0
32,33,0
4,18,0
27,32,0
29,43,0
40,5,0
11,27,0
31,30,0
43,40,0
25,16,0
25,46,0
10,12,0
34,33,0
5,34,0
26,16,0
48,24,0
20,43,0
11,32,0
41,38,0
17,9,0
27,46,0
36,42,0
36,22,0
4,33,0
35,3,0
29,30,0
2,33,0
14,35,0
11,32,0
44,25,0
15,31,0
42,41,0
30,41,0
27,32,0
3,25,0
49,23,0
23,37,0
13,33,0
1,21,0
46,36,0
38,36,0
37,34,0
11,22,0
33,28,0
19,35,0
20,4,0
12,29,0
25,15,0
41,34,0
33,22,0
30,33,0
20,48,0
32,12,0
39,41,0
45,25,0
6,25,0
25,13,0
43,12,0
13,18,0
17,35,0
12,42,0
34,12,0
39,12,0
42,19,0
24,17,0
26,26,0
38,26,0
35,3,0
40,9,0
32,20,0
5,26,0
32,24,0
30,10,0
43,25,0
23,13,0
31,24,0
30,39,0
28,31,0
20,17,0
12,39,0
39,37,0
23,36,0
5,19,0
15,15,0
21,49,0
35,28,0
30,44,0
18,4,0
19,29,0
19,11,0
30,22,0
39,41,0
3,32,0
29,28,0
23,19,0
22,38,0
7,27,0
8,14,0
33,36,0
9,16,0
33,22,0
17,27,0
46,19,0
15,20,0
41,7,0
46,32,0
7,29,0
10,8,0
33,7,0
39,37,0
20,10,0
6,24,0
18,26,0
34,21,0
19,18,0
31,23,0
25,17,0
30,7,0
33,4,0
5,13,0
31,20,0
2,16,0
47,32,0
20,35,0
37,32,0
14,45,0
35,13,0
18,40,0
34,3,0
5,14,0
16,30,0
26,30,0
27,24,0
38,6,0
25,8,0
27,19,0
8,15,0
30,9,0
17,16,0
17,42,0
26,11,0
42,13,0
14,29,0
34,7,0
30,32,0
16,33,0
18,42,0
36,21,0
20,28,0
28,34,0
21,14,0
26,10,0
35,42,0
38,19,0
12,21,0
16,9,0
4,25,0
23,4,0
22,23,0
8,14,0
15,41,0
39,9,0
16,42,0
5,40,0
32,47,0
21,16,0
29,12,0
18,19,0
17,24,0
18,4,0
16,6,0
29,21,0
34,12,0
35,27,0
3,24,0
41,26,0
6,18,0
6,40,0
32,38,0
10,31,0
29,48,0
24,47,0
13,14,0
10,7,0
11,29,0
6,18,0
28,8,0
23,4,0
10,20,0
20,37,0
21,34,0
44,33,0
40,6,0
41,27,0
22,45,0
23,37,0
23,9,0
24,40,0
15,13,0
5,18,0
36,47,0
15,4,0
42,15,0
7,21,0
9,28,0
30,2,0
37,37,0
20,37,0
22,30,0
40,40,0
23,37,0
19,37,0
47,27,0
27,46,0
31,27,0
12,31,0
4,29,0
23,4,0
26,34,0
21,45,0
31,17,0
37,41,0
48,19,0
45,30,0
19,29,0
46,34,0
15,45,0
19,10,0
4,21,0
47,22,0
6,29,0
28,22,0
39,26,0
45,13,0
14,20,0
25,17,0
36,24,0
27,17,0
17,42,0
38,31,0
17,17,0
23,10,0
16,9,0
4,34,0
14,16,0
3,23,0
28,7,0
27,5,0
28,15,0
30,37,0
8,8,0
21,13,0
34,47,0
35,46,0
24,48,0
21,7,0
46,21,0
24,47,0
10,20,0
10,7,0
29,46,0
4,35,0
28,8,0
18,44,0
6,11,0
11,5,0
39,10,0
24,3,0
5,10,0
21,48,0
35,31,0
15,15,0
39,36,0
23,10,0
47,26,0
36,13,0
38,10,0
15,29,0
23,21,0
32,26,0
17,24,0
47,20,0
10,27,0
13,14,0
24,10,0
40,16,0
10,16,0
24,41,0
11,8,0
18,47,0
31,41,0
32,42,0
33,28,0
38,39,0
26,30,0
47,26,0
17,46,0
33,22,0
43,25,0
8,38,0
36,31,0
36,29,0
9,19,0
8,17,0
1,27,0
9,10,0
47,22,0
44,25,0
22,43,0
30,26,0
21,11,0
16,17,0
26,13,0
28,30,0
43,22,0
22,36,0
12,30,0
24,33,0
31,12,0
19,43,0
26,1,0
7,15,0
26,5,0
47,36,0
40,21,0
42,38,0
39,36,0
49,27,0
24,29,0
16,19,0
24,13,0
1,28,0
15,38,0
29,2,0
30,12,0
17,42,0
34,43,0
49,23,0
43,24,0
14,38,0
48,28,0
25,8,0
35,31,0
12,44,0
23,16,0
12,32,0
40,8,0
6,14,0
35,10,0
23,36,0
28,34,0
9,8,0
34,26,0
5,39,0
32,37,0
24,24,0
33,18,0
38,28,0
9,18,0
30,34,0
26,8,0
38,31,0
8,42,0
4,19,0
30,47,0
26,9,0
22,6,0
49,29,0
22,23,0
11,24,0
25,38,0
22,28,0
39,21,0
39,24,0
12,35,0
41,9,0
17,24,0
16,10,0
41,23,0
20,37,0
40,17,0
35,46,0
20,27,0
19,39,0
34,47,0
19,15,0
16,16,0
23,34,0
30,2,0
38,4,0
16,47,0
23,13,0
40,36,0
15,31,0
26,2,0
41,22,0
12,29,0
32,33,0
15,24,0
39,35,0
8,17,0
32,6,0
15,36,0
2,20,0
24,13,0
4,33,0
12,15,0
18,18,0
43,15,0
21,4,0
43,33,0
43,36,0
7,19,0
35,41,0
24,43,0
23,19,0
14,40,0
6,31,0
29,10,0
7,39,0
8,42,0
23,41,0
17,10,0
2,30,0
6,10,0
47,30,0
37,46,0
15,39,0
39,30,0
4,38,0
43,16,0
45,32,0
18,44,0
19,15,0
18,30,0
13,32,0
15,20,0
34,27,0
29,21,0
30,44,0
23,17,0
28,18,0
23,10,0
17,6,0
31,9,0
1,32,0
22,8,0
35,8,0
25,36,0
43,19,0
45,40,0
34,28,0
33,26,0
11,26,0
45,38,0
8,29,0
13,7,0
11,7,0
13,8,0
43,16,0
314,24,1
273,36,1
302,35,1
301,35,1
281,11,1
285,31,1
274,18,1
302,8,1
295,34,1
306,42,1
305,24,1
280,8,1
289,8,1
301,46,1
299,15,1
298,45,1
302,3,1
306,23,1
305,19,1
291,49,1
290,47,1
302,7,1
309,34,1
304,3,1
313,38,1
290,4,1
305,39,1
274,36,1
297,14,1
289,41,1
282,7,1
289,5,1
317,30,1
288,10,1
316,22,1
305,45,1
311,21,1
308,14,1
290,2,1
314,35,1
293,39,1
303,43,1
284,11,1
291,19,1
295,46,1
300,21,1
314,17,1
288,35,1
286,36,1
278,39,1
275,37,1
302,44,1
299,26,1
315,37,1
307,39,1
292,5,1
292,43,1
288,39,1
284,13,1
319,19,1
275,11,1
296,20,1
313,8,1
284,10,1
319,27,1
295,25,1
305,29,1
285,28,1
289,26,1
299,15,1
292,13,1
305,39,1
294,47,1
290,49,1
315,19,1
308,20,1
311,43,1
274,21,1
301,12,1
287,15,1
277,32,1
286,31,1
300,23,1
305,10,1
292,46,1
272,34,1
312,39,1
296,45,1
288,19,1
310,16,1
318,28,1
319,31,1
305,16,1
295,39,1
308,4,1
302,22,1
297,5,1
312,25,1
283,20,1
310,13,1
298,13,1
290,1,1
308,45,1
303,15,1
314,24,1
280,42,1
297,34,1
296,13,1
290,45,1
272,28,1
278,11,1
290,48,1
273,28,1
303,9,1
303,29,1
302,30,1
301,37,1
284,15,1
292,24,1
302,25,1
290,42,1
278,13,1
281,10,1
307,32,1
286,12,1
293,38,1
273,16,1
292,19,1
299,41,1
303,20,1
283,15,1
289,22,1
277,26,1
276,40,1
320,25,1
305,20,1
316,32,1
298,22,1
274,22,1
279,39,1
298,15,1
302,13,1
273,29,1
286,46,1
280,17,1
277,36,1
278,16,1
303,10,1
284,35,1
306,44,1
289,24,1
291,21,1
311,39,1
287,39,1
281,30,1
284,29,1
312,20,1
279,16,1
299,9,1
306,43,1
288,14,1
313,19,1
301,24,1
293,6,1
309,13,1
283,10,1
299,12,1
306,20,1
309,28,1
294,32,1
287,42,1
294,31,1
318,33,1
284,13,1
312,35,1
314,18,1
280,39,1
282,24,1
284,35,1
291,18,1
300,47,1
311,12,1
311,17,1
310,7,1
316,38,1
307,19,1
317,34,1
307,9,1
299,6,1
288,43,1
316,28,1
315,26,1
295,31,1
306,24,1
302,38,1
293,33,1
285,17,1
289,40,1
278,36,1
272,26,1
301,46,1
287,30,1
280,28,1
313,29,1
315,20,1
314,29,1
291,2,1
289,4,1
291,49,1
286,12,1
289,7,1
299,35,1
304,16,1
315,20,1
305,43,1
283,37,1
275,32,1
308,5,1
304,6,1
292,3,1
303,16,1
278,42,1
295,14,1
281,15,1
302,10,1
290,15,1
293,32,1
297,24,1
306,8,1
300,3,1
296,42,1
310,19,1
304,31,1
281,19,1
302,27,1
289,30,1
297,39,1
312,12,1
292,22,1
296,3,1
277,19,1
286,47,1
310,37,1
272,33,1
284,44,1
316,22,1
283,24,1
318,20,1
280,29,1
293,28,1
277,16,1
300,17,1
287,46,1
300,37,1
305,37,1
289,46,1
289,10,1
293,23,1
283,31,1
298,1,1
294,24,1
276,22,1
291,28,1
312,27,1
314,29,1
292,7,1
315,14,1
285,5,1
300,17,1
281,40,1
291,14,1
296,20,1
296,22,1
293,30,1
290,14,1
306,15,1
278,10,1
299,17,1
297,40,1
299,5,1
289,31,1
278,13,1
290,30,1
293,42,1
316,28,1
301,27,1
285,30,1
306,23,1
300,48,1
292,34,1
302,25,1
288,45,1
295,15,1
296,29,1
279,16,1
315,27,1
271,31,1
289,3,1
287,33,1
305,11,1
282,8,1
292,20,1
287,48,1
307,21,1
283,19,1
288,33,1
288,38,1
299,26,1
284,23,1
293,2,1
318,25,1
290,6,1
291,26,1
311,18,1
315,13,1
293,4,1
301,19,1
286,42,1
296,11,1
319,26,1
310,38,1
275,30,1
298,48,1
300,9,1
292,34,1
313,10,1
315,31,1
277,38,1
315,15,1
304,30,1
299,40,1
289,21,1
293,16,1
312,7,1
298,8,1
302,48,1
286,15,1
279,14,1
279,14,1
287,4,1
305,16,1
283,42,1
286,27,1
298,25,1
298,43,1
277,15,1
285,4,1
299,13,1
291,5,1
297,48,1
272,23,1
315,40,1
286,22,1
288,23,1
298,33,1
318,24,1
301,11,1
295,31,1
303,13,1
305,16,1
319,32,1
288,7,1
290,6,1
315,26,1
300,36,1
300,41,1
283,17,1
306,43,1
285,20,1
281,27,1
295,12,1
292,13,1
279,28,1
285,36,1
280,25,1
302,10,1
289,25,1
302,2,1
278,26,1
297,31,1
300,43,1
312,10,1
296,21,1
301,4,1
290,35,1
287,35,1
285,8,1
309,35,1
281,44,1
300,25,1
287,16,1
283,28,1
285,34,1
316,17,1
307,19,1
297,14,1
282,40,1
305,36,1
286,4,1
290,33,1
282,46,1
300,29,1
299,38,1
284,45,1
299,40,1
297,39,1
306,20,1
305,37,1
298,27,1
299,14,1
290,14,1
308,5,1
282,8,1
281,11,1
272,30,1
293,46,1
298,44,1
277,20,1
303,27,1
308,4,1
289,34,1
274,16,1
271,18,1
308,34,1
288,30,1
280,15,1
287,9,1
295,37,1
274,29,1
297,41,1
310,17,1
275,16,1
301,39,1
310,35,1
311,37,1
297,42,1
311,29,1
315,13,1
310,18,1
277,13,1
284,20,1
303,29,1
298,39,1
319,22,1
299,25,1
274,24,1
292,29,1
294,41,1
313,11,1
299,39,1
279,7,1
310,6,1
312,39,1
287,10,1
304,10,1
280,18,1
312,17,1
278,39,1
282,17,1
298,8,1
292,13,1
298,28,1
275,14,1
278,37,1
283,45,1
314,37,1
279,14,1
307,35,1
290,7,1
314,37,1
311,20,1
295,35,1
280,10,1
309,13,1
297,6,1
291,39,1
297,25,1
275,24,1
281,5,1
305,30,1
293,31,1
292,46,1
312,40,1
308,30,1
312,35,1
315,33,1
282,12,1
281,28,1
300,17,1
313,16,1
286,8,1
298,29,1
297,49,1
306,13,1
278,38,1
307,30,1
305,19,1
296,29,1
297,28,1
299,43,1
