14,43,0
30,46,0
32,3,0
19,32,0
35,38,0
33,35,0
11,41,0
17,8,0
6,17,0
14,17,0
6,36,0
8,15,0
41,15,0
31,11,0
5,17,0
20,28,0
45,22,0
29,48,0
19,37,0
36,25,0
25,12,0
39,9,0
21,40,0
28,20,0
29,37,0
37,6,0
31,34,0
26,11,0
18,1,0
13,8,0
37,24,0
5,39,0
37,30,0
15,41,0
4,22,0
33,23,0
27,46,0
25,12,0
18,42,0
27,32,0
5,25,0
14,4,0
20,21,0
37,5,0
21,24,0
41,40,0
9,42,0
25,21,0
18,24,0
21,32,0
25,49,0
39,24,0
1,19,0
29,34,0
24,7,0
17,17,0
37,37,0
14,36,0
26,45,0
22,18,0
17,26,0
42,35,0
44,34,0
32,43,0
28,36,0
46,32,0
13,26,0
38,12,0
6,9,0
30,49,0
33,39,0
7,14,0
35,29,0
7,16,0
37,23,0
19,39,0
19,28,0
14,4,0
35,26,0
22,31,0
15,21,0
44,28,0
40,32,0
40,29,0
27,3,0
13,39,0
14,33,0
12,46,0
17,10,0
7,14,0
12,28,0
43,36,0
10,45,0
30,38,0
26,3,0
45,39,0
15,7,0
40,16,0
45,16,0
14,32,0
17,17,0
16,17,0
30,16,0
46,34,0
16,5,0
15,38,0
34,17,0
15,42,0
25,24,0
6,29,0
30,23,0
28,13,0
32,20,0
22,47,0
37,22,0
35,9,0
22,40,0
29,46,0
40,7,0
30,48,0
4,26,0
30,23,0
49,32,0
28,6,0
35,7,0
27,21,0
28,25,0
19,14,0
4,27,0
6,33,0
33,20,0
16,9,0
32,24,0
46,38,0
6,11,0
20,4,0
11,33,0
4,18,0
12,42,0
27,4,0
30,2,0
5,11,0
29,47,0
14,33,0
41,6,0
37,28,0
6,38,0
28,47,0
32,18,0
31,6,0
41,28,0
1,31,0
39,27,0
35,23,0
31,34,0
18,1,0
39,11,0
25,35,0
40,23,0
17,15,0
4,35,0
29,26,0
33,2,0
7,21,0
42,17,0
12,9,0
12,6,0
38,40,0
43,27,0
17,26,0
49,18,0
20,27,0
41,6,0
37,29,0
15,45,0
11,13,0
16,37,0
15,38,0
1,31,0
11,24,0
6,30,0
43,15,0
17,27,0
22,29,0
35,27,0
33,39,0
34,26,0
6,35,0
20,28,0
15,15,0
22,42,0
16,42,0
24,22,0
39,37,0
42,42,0
13,40,0
21,45,0
26,41,0
39,16,0
6,34,0
20,42,0
42,28,0
33,16,0
23,39,0
22,35,0
5,20,0
16,44,0
44,9,0
21,23,0
19,29,0
6,40,0
26,43,0
31,29,0
44,9,0
37,14,0
12,18,0
12,36,0
2,22,0
22,10,0
22,49,0
6,28,0
24,28,0
32,16,0
23,31,0
41,28,0
24,8,0
27,20,0
19,38,0
38,40,0
10,33,0
21,9,0
39,37,0
48,17,0
31,18,0
17,48,0
44,28,0
31,22,0
16,43,0
47,19,0
19,49,0
45,27,0
36,34,0
48,16,0
15,42,0
34,7,0
35,45,0
30,15,0
40,39,0
36,47,0
8,31,0
39,14,0
32,28,0
22,20,0
11,45,0
25,5,0
4,25,0
20,37,0
25,21,0
27,8,0
14,5,0
2,28,0
45,37,0
42,12,0
22,8,0
41,8,0
4,18,0
16,28,0
13,10,0
29,12,0
28,27,0
46,27,0
11,5,0
34,6,0
4,34,0
16,47,0
35,20,0
35,17,0
9,15,0
33,30,0
10,25,0
35,25,0
22,45,0
30,24,0
23,4,0
32,30,0
40,39,0
28,42,0
12,30,0
31,31,0
11,30,0
13,41,0
43,25,0
31,3,0
49,22,0
37,15,0
37,44,0
15,8,0
42,10,0
6,24,0
18,16,0
34,34,0
15,12,0
9,43,0
1,20,0
16,25,0
27,5,0
23,43,0
23,36,0
20,25,0
19,9,0
31,1,0
1,27,0
23,38,0
2,28,0
44,14,0
44,36,0
36,12,0
8,36,0
3,33,0
47,20,0
35,21,0
12,15,0
2,23,0
27,40,0
38,29,0
7,31,0
39,43,0
28,40,0
5,32,0
34,36,0
9,39,0
30,45,0
4,20,0
21,36,0
47,29,0
22,17,0
34,26,0
11,36,0
6,39,0
28,38,0
23,13,0
3,26,0
7,38,0
35,4,0
5,26,0
4,37,0
41,40,0
40,36,0
21,2,0
24,20,0
28,16,0
37,25,0
13,32,0
40,14,0
33,35,0
10,18,0
27,30,0
22,16,0
18,23,0
15,19,0
23,49,0
40,37,0
3,17,0
47,27,0
24,31,0
48,20,0
39,6,0
20,33,0
39,20,0
30,29,0
2,25,0
36,7,0
24,9,0
11,20,0
24,3,0
41,16,0
5,21,0
4,15,0
15,41,0
29,17,0
19,7,0
39,15,0
39,41,0
17,21,0
44,14,0
14,29,0
41,36,0
21,11,0
25,29,0
37,44,0
38,36,0
37,9,0
15,25,0
17,2,0
9,37,0
39,36,0
34,45,0
7,39,0
24,25,0
11,40,0
29,2,0
17,3,0
9,41,0
37,7,0
21,12,0
9,9,0
24,49,0
49,21,0
29,41,0
42,11,0
14,11,0
15,19,0
28,41,0
17,4,0
29,15,0
27,25,0
33,24,0
24,45,0
49,19,0
21,48,0
30,41,0
5,26,0
15,22,0
11,14,0
6,33,0
31,12,0
12,32,0
6,15,0
44,22,0
13,35,0
7,9,0
11,13,0
39,33,0
21,46,0
23,49,0
28,4,0
22,48,0
18,41,0
32,46,0
44,11,0
19,17,0
34,18,0
47,31,0
6,27,0
45,20,0
45,28,0
41,11,0
39,22,0
24,37,0
46,21,0
42,41,0
49,22,0
39,37,0
47,28,0
12,13,0
44,20,0
46,26,0
28,36,0
21,41,0
28,48,0
21,2,0
7,22,0
36,45,0
9,20,0
32,28,0
37,21,0
35,42,0
6,11,0
8,37,0
33,44,0
44,31,0
43,17,0
17,27,0
27,9,0
39,30,0
21,25,0
15,22,0
12,20,0
4,33,0
16,39,0
48,18,0
38,25,0
37,34,0
37,31,0
11,40,0
29,17,0
10,20,0
46,26,0
41,16,0
21,13,0
28,12,0
4,12,0
41,12,0
33,5,0
20,10,0
29,18,0
34,46,0
14,38,0
36,35,0
42,10,0
16,18,1
45,32,1
58,23,1
40,11,1
12,30,1
16,14,1
24,10,1
36,44,1
47,16,1
25,19,1
52,8,1
16,14,1
30,47,1
22,25,1
37,30,1
35,4,1
48,43,1
34,8,1
28,2,1
34,28,1
41,29,1
48,46,1
51,6,1
35,8,1
32,23,1
21,22,1
26,45,1
30,7,1
21,16,1
40,29,1
13,25,1
53,9,1
47,23,1
12,18,1
36,11,1
38,5,1
38,35,1
29,9,1
21,36,1
24,34,1
29,4,1
22,30,1
41,46,1
23,38,1
21,22,1
22,37,1
46,30,1
38,32,1
11,25,1
32,42,1
52,34,1
30,33,1
23,29,1
50,20,1
33,40,1
15,27,1
44,38,1
17,29,1
28,38,1
28,17,1
50,39,1
38,13,1
18,36,1
44,5,1
34,9,1
39,32,1
54,14,1
16,15,1
29,10,1
42,16,1
45,36,1
43,10,1
16,28,1
24,38,1
35,10,1
22,9,1
17,13,1
45,9,1
27,12,1
47,5,1
43,14,1
27,19,1
44,12,1
49,43,1
31,34,1
37,10,1
13,19,1
45,43,1
52,30,1
38,48,1
17,13,1
39,41,1
41,14,1
24,46,1
42,16,1
59,26,1
47,20,1
41,44,1
32,1,1
57,15,1
37,45,1
45,27,1
28,7,1
27,11,1
20,36,1
36,39,1
36,31,1
48,34,1
16,35,1
43,46,1
59,28,1
46,42,1
46,13,1
27,36,1
23,18,1
33,23,1
19,22,1
44,3,1
47,39,1
38,39,1
51,18,1
55,25,1
37,13,1
46,29,1
46,46,1
38,16,1
26,11,1
25,36,1
28,17,1
33,26,1
17,21,1
32,7,1
20,6,1
33,12,1
46,46,1
16,24,1
54,18,1
21,40,1
25,3,1
11,32,1
55,35,1
33,29,1
24,31,1
23,45,1
43,3,1
27,34,1
21,15,1
14,25,1
46,40,1
27,5,1
37,4,1
11,30,1
44,12,1
20,8,1
44,28,1
50,6,1
41,3,1
46,34,1
53,33,1
29,38,1
44,40,1
52,29,1
42,4,1
29,11,1
47,8,1
14,13,1
23,14,1
28,9,1
35,28,1
53,17,1
35,37,1
46,5,1
58,27,1
32,43,1
16,19,1
41,16,1
46,26,1
46,47,1
48,17,1
30,41,1
22,33,1
18,10,1
25,3,1
33,16,1
32,31,1
32,19,1
46,43,1
37,9,1
47,38,1
26,3,1
27,11,1
16,28,1
29,29,1
25,22,1
32,11,1
21,15,1
55,13,1
27,43,1
24,18,1
33,25,1
22,32,1
42,26,1
50,14,1
25,28,1
22,24,1
43,18,1
31,4,1
45,40,1
43,44,1
35,24,1
28,27,1
55,22,1
56,21,1
43,9,1
40,46,1
45,39,1
46,10,1
50,39,1
42,47,1
42,47,1
36,33,1
33,41,1
49,40,1
18,35,1
43,33,1
47,24,1
31,6,1
33,44,1
37,27,1
20,40,1
57,23,1
48,14,1
28,22,1
27,7,1
33,37,1
56,25,1
44,29,1
28,3,1
24,3,1
43,16,1
58,21,1
31,49,1
49,32,1
24,20,1
50,9,1
49,41,1
53,38,1
33,31,1
25,7,1
55,25,1
29,42,1
14,35,1
48,17,1
52,32,1
13,30,1
12,17,1
24,15,1
37,18,1
42,4,1
52,41,1
55,21,1
51,37,1
34,16,1
39,46,1
50,13,1
14,18,1
30,9,1
47,46,1
59,19,1
34,7,1
26,38,1
28,24,1
23,26,1
29,43,1
22,37,1
45,26,1
31,20,1
48,15,1
52,19,1
53,27,1
45,38,1
35,6,1
23,35,1
46,7,1
11,28,1
37,46,1
33,24,1
28,28,1
48,19,1
35,11,1
40,8,1
34,10,1
38,40,1
26,47,1
20,41,1
51,9,1
52,33,1
19,16,1
34,28,1
26,11,1
47,25,1
22,43,1
52,22,1
40,27,1
42,27,1
34,22,1
51,39,1
34,7,1
27,28,1
37,45,1
53,29,1
33,20,1
39,41,1
19,40,1
48,45,1
47,45,1
26,35,1
19,23,1
19,20,1
30,20,1
58,31,1
42,11,1
54,26,1
34,46,1
40,14,1
30,7,1
21,15,1
56,26,1
47,17,1
56,20,1
21,27,1
26,44,1
44,13,1
16,18,1
51,43,1
30,22,1
35,30,1
16,34,1
29,10,1
42,34,1
24,38,1
22,34,1
25,15,1
35,40,1
29,35,1
46,33,1
51,9,1
23,30,1
23,4,1
15,12,1
28,46,1
16,29,1
24,24,1
43,43,1
56,20,1
55,31,1
12,30,1
30,31,1
41,3,1
12,21,1
20,17,1
30,33,1
19,23,1
50,6,1
36,25,1
41,8,1
24,22,1
34,34,1
20,7,1
11,32,1
37,16,1
19,31,1
16,34,1
41,9,1
14,38,1
52,37,1
50,5,1
24,42,1
42,39,1
53,12,1
36,30,1
49,10,1
39,36,1
25,6,1
28,10,1
25,31,1
20,36,1
17,39,1
46,15,1
16,22,1
30,16,1
38,30,1
50,34,1
20,6,1
34,19,1
35,49,1
17,32,1
40,34,1
28,17,1
42,25,1
26,14,1
47,32,1
30,10,1
25,3,1
21,41,1
39,28,1
53,34,1
20,38,1
38,43,1
40,17,1
36,25,1
27,22,1
52,39,1
41,20,1
50,30,1
53,20,1
29,32,1
34,6,1
26,31,1
46,32,1
19,29,1
47,43,1
28,34,1
31,26,1
44,36,1
28,30,1
17,18,1
48,21,1
16,35,1
48,38,1
28,36,1
17,10,1
38,45,1
54,29,1
36,13,1
36,4,1
44,5,1
29,5,1
38,32,1
29,34,1
18,17,1
37,19,1
40,25,1
44,18,1
12,25,1
44,46,1
12,17,1
23,4,1
15,19,1
41,27,1
35,34,1
33,23,1
23,10,1
41,15,1
29,10,1
49,16,1
50,19,1
24,35,1
32,9,1
32,29,1
34,7,1
35,41,1
11,26,1
43,25,1
35,9,1
33,44,1
34,11,1
35,39,1
42,17,1
39,39,1
52,27,1
41,40,1
48,14,1
14,15,1
41,3,1
53,12,1
47,7,1
50,19,1
30,26,1
31,13,1
14,25,1
32,9,1
53,39,1
18,15,1
59,21,1
55,33,1
23,13,1
29,10,1
41,8,1
32,7,1
41,40,1
38,22,1
29,29,1
37,46,1
40,31,1
33,10,1
14,34,1
25,5,1
19,42,1
39,7,1
