49,29,0
6,38,0
31,25,0
26,33,0
25,5,0
32,29,0
40,31,0
24,5,0
28,24,0
25,47,0
30,18,0
36,23,0
6,36,0
29,15,0
37,6,0
37,29,0
41,15,0
40,43,0
19,8,0
6,37,0
34,27,0
34,21,0
23,16,0
15,41,0
12,13,0
45,36,0
30,19,0
22,37,0
22,35,0
14,29,0
38,37,0
42,25,0
15,47,0
13,31,0
23,3,0
16,20,0
28,7,0
33,25,0
49,25,0
43,20,0
40,6,0
5,37,0
43,34,0
34,12,0
40,35,0
30,34,0
44,32,0
25,32,0
36,6,0
39,9,0
41,32,0
45,40,0
11,15,0
6,38,0
22,40,0
16,7,0
40,43,0
17,31,0
28,32,0
32,44,0
27,28,0
35,35,0
9,19,0
45,26,0
18,30,0
42,43,0
44,38,0
32,11,0
30,49,0
28,21,0
36,8,0
23,48,0
27,24,0
24,1,0
16,15,0
29,4,0
1,22,0
22,42,0
7,16,0
26,15,0
19,44,0
31,18,0
36,5,0
25,46,0
30,47,0
13,13,0
21,31,0
29,39,0
20,10,0
5,36,0
16,32,0
33,18,0
19,21,0
10,37,0
14,36,0
12,26,0
22,32,0
44,24,0
37,38,0
12,28,0
27,8,0
36,27,0
36,14,0
22,28,0
10,10,0
43,39,0
8,40,0
29,9,0
34,11,0
19,35,0
46,18,0
26,7,0
39,41,0
21,25,0
14,26,0
13,38,0
23,11,0
45,39,0
28,5,0
21,7,0
42,17,0
31,11,0
31,8,0
18,43,0
13,17,0
17,16,0
14,17,0
15,27,0
48,18,0
23,29,0
46,29,0
10,35,0
41,39,0
16,21,0
30,39,0
11,30,0
8,19,0
19,5,0
27,9,0
6,21,0
14,28,0
26,13,0
19,4,0
49,29,0
31,9,0
39,43,0
1,31,0
44,19,0
36,12,0
43,34,0
38,45,0
15,16,0
41,33,0
44,9,0
7,19,0
27,9,0
6,10,0
35,30,0
22,19,0
4,22,0
32,45,0
13,39,0
24,14,0
37,17,0
23,23,0
21,10,0
9,9,0
42,8,0
36,9,0
20,4,0
45,21,0
8,19,0
24,32,0
15,32,0
18,2,0
44,33,0
39,40,0
12,43,0
18,46,0
8,18,0
28,28,0
25,8,0
45,19,0
42,13,0
41,37,0
34,13,0
27,20,0
25,24,0
15,47,0
3,33,0
17,47,0
7,16,0
34,41,0
42,12,0
18,10,0
3,36,0
3,36,0
25,50,0
32,31,0
16,44,0
42,17,0
19,37,0
16,8,0
13,45,0
6,31,0
23,30,0
9,15,0
7,40,0
43,38,0
19,33,0
26,37,0
18,18,0
22,42,0
34,24,0
7,23,0
3,28,0
21,41,0
30,27,0
23,46,0
6,29,0
15,9,0
30,8,0
27,45,0
30,49,0
11,8,0
30,21,0
30,7,0
13,31,0
35,39,0
10,15,0
23,45,0
21,9,0
28,38,0
26,33,0
3,20,0
34,41,0
44,10,0
26,45,0
37,26,0
21,18,0
40,28,0
3,16,0
10,42,0
46,15,0
30,22,0
20,40,0
13,8,0
11,17,0
27,45,0
44,18,0
18,43,0
23,38,0
26,7,0
2,23,0
38,19,0
20,33,0
34,47,0
23,16,0
39,31,0
25,5,0
28,25,0
45,40,0
40,23,0
20,4,0
23,40,0
9,40,0
15,7,0
12,33,0
29,40,0
9,35,0
15,21,0
41,17,0
37,13,0
22,36,0
29,27,0
42,22,0
34,33,0
24,42,0
21,43,0
40,9,0
27,17,0
46,35,0
40,30,0
8,18,0
20,9,0
5,28,0
19,2,0
23,7,0
30,16,0
16,5,0
15,14,0
29,44,0
22,17,0
13,22,0
27,5,0
10,23,0
39,6,0
25,13,0
32,31,0
18,47,0
29,30,0
17,5,0
3,19,0
36,38,0
30,7,0
11,34,0
32,40,0
19,34,0
38,4,0
47,28,0
25,34,0
15,15,0
26,18,0
21,26,0
29,42,0
37,34,0
36,18,0
34,22,0
26,44,0
24,30,0
18,12,0
32,32,0
24,28,0
32,10,0
25,31,0
6,17,0
19,25,0
23,29,0
39,39,0
3,19,0
37,9,0
35,35,0
43,9,0
10,40,0
15,25,0
27,48,0
17,21,0
19,37,0
15,20,0
16,24,0
4,28,0
37,43,0
32,22,0
11,27,0
39,11,0
31,35,0
5,23,0
33,35,0
41,37,0
30,49,0
21,2,0
20,7,0
30,1,0
25,26,0
24,49,0
27,33,0
39,35,0
43,32,0
16,47,0
25,1,0
28,10,0
26,49,0
8,40,0
3,32,0
15,27,0
13,25,0
24,39,0
24,48,0
13,22,0
34,26,0
2,30,0
10,40,0
41,32,0
16,11,0
32,17,0
29,29,0
41,13,0
37,24,0
34,32,0
22,42,0
18,46,0
41,25,0
13,6,0
25,41,0
13,26,0
31,28,0
18,18,0
47,23,0
27,28,0
33,4,0
25,30,0
28,38,0
26,5,0
36,24,0
36,29,0
32,31,0
23,10,0
47,21,0
1,24,0
6,38,0
4,25,0
38,35,0
11,11,0
3,36,0
34,10,0
17,45,0
38,27,0
16,47,0
26,20,0
3,21,0
38,42,0
16,15,0
16,21,0
29,19,0
26,48,0
3,14,0
11,35,0
33,12,0
35,35,0
11,19,0
19,46,0
23,49,0
40,28,0
32,19,0
44,26,0
15,6,0
20,9,0
21,21,0
28,17,0
28,25,0
29,49,0
20,20,0
25,10,0
18,42,0
37,21,0
8,7,0
38,32,0
33,40,0
39,37,0
27,49,0
41,32,0
38,45,0
1,25,0
30,17,0
38,18,0
15,14,0
15,13,0
16,44,0
5,16,0
24,17,0
23,13,0
27,26,0
44,37,0
28,4,0
49,20,0
10,22,0
16,6,0
7,38,0
35,32,0
21,20,0
18,35,0
44,30,0
4,31,0
13,33,0
41,9,0
19,2,0
30,48,0
24,41,0
37,4,0
21,29,0
14,26,0
26,6,0
6,38,0
17,46,0
25,24,0
13,45,0
28,27,0
16,18,0
48,22,0
39,9,0
38,30,0
28,5,0
25,27,0
27,32,0
33,16,0
30,47,0
47,29,0
19,27,0
13,4,0
26,26,0
11,15,0
8,30,0
37,42,0
37,21,0
12,24,0
24,43,0
38,32,0
6,25,0
34,15,0
8,21,0
273,27,1
301,32,1
300,25,1
274,20,1
311,15,1
299,43,1
278,36,1
278,21,1
302,38,1
285,37,1
290,26,1
284,26,1
276,24,1
276,10,1
299,39,1
286,10,1
287,5,1
308,7,1
289,45,1
294,30,1
293,31,1
290,41,1
276,34,1
301,33,1
298,42,1
297,22,1
289,4,1
285,32,1
283,17,1
298,19,1
290,16,1
286,28,1
286,20,1
301,39,1
311,28,1
286,43,1
300,47,1
290,48,1
310,8,1
305,11,1
288,28,1
283,6,1
282,21,1
299,31,1
304,37,1
298,20,1
290,43,1
276,22,1
307,38,1
286,40,1
281,23,1
295,32,1
314,29,1
275,37,1
316,36,1
299,3,1
304,29,1
282,32,1
300,47,1
306,6,1
309,31,1
304,44,1
282,11,1
281,21,1
293,7,1
293,35,1
311,16,1
286,13,1
277,31,1
292,11,1
281,28,1
306,25,1
301,3,1
305,11,1
293,38,1
316,20,1
310,32,1
292,47,1
287,27,1
296,15,1
300,44,1
303,35,1
289,40,1
309,17,1
315,26,1
294,28,1
294,32,1
292,18,1
307,30,1
303,10,1
301,42,1
281,6,1
288,39,1
282,11,1
306,42,1
310,14,1
297,22,1
280,31,1
299,1,1
319,22,1
271,24,1
286,45,1
280,38,1
304,41,1
285,3,1
290,29,1
292,4,1
297,5,1
316,37,1
287,40,1
275,30,1
280,29,1
309,28,1
282,38,1
280,41,1
273,36,1
294,1,1
290,9,1
315,17,1
315,24,1
296,45,1
288,39,1
307,11,1
292,48,1
287,17,1
313,34,1
287,25,1
287,35,1
318,22,1
275,35,1
304,44,1
299,9,1
289,45,1
304,6,1
293,17,1
295,4,1
274,36,1
277,41,1
302,3,1
292,49,1
292,5,1
309,28,1
287,18,1
282,19,1
293,47,1
317,21,1
291,41,1
302,22,1
293,29,1
276,10,1
303,26,1
308,28,1
290,31,1
284,24,1
295,0,1
301,46,1
287,29,1
280,40,1
296,21,1
284,38,1
296,39,1
309,24,1
273,16,1
296,4,1
313,25,1
293,35,1
281,28,1
295,13,1
296,11,1
304,25,1
281,22,1
315,15,1
302,18,1
300,24,1
317,24,1
309,16,1
291,19,1
318,27,1
278,15,1
283,4,1
285,46,1
294,46,1
305,27,1
302,6,1
302,2,1
306,31,1
299,29,1
295,2,1
307,30,1
270,25,1
282,31,1
306,10,1
288,40,1
304,4,1
285,7,1
293,27,1
273,30,1
302,36,1
288,11,1
291,24,1
292,1,1
284,24,1
311,42,1
313,16,1
303,40,1
291,32,1
287,40,1
302,26,1
296,48,1
275,26,1
278,16,1
284,4,1
292,8,1
309,35,1
296,24,1
272,20,1
301,36,1
288,48,1
305,29,1
306,37,1
286,38,1
303,6,1
271,23,1
294,17,1
313,23,1
301,13,1
289,5,1
272,29,1
284,22,1
305,19,1
290,30,1
277,24,1
315,19,1
315,34,1
308,9,1
309,33,1
274,36,1
283,19,1
276,19,1
303,21,1
310,24,1
310,23,1
307,23,1
286,25,1
295,2,1
294,13,1
304,37,1
289,26,1
300,19,1
300,40,1
299,44,1
310,16,1
275,30,1
286,27,1
294,23,1
280,43,1
273,35,1
273,30,1
289,33,1
303,12,1
300,36,1
301,2,1
286,16,1
291,30,1
279,41,1
287,28,1
276,35,1
298,31,1
307,15,1
305,15,1
275,23,1
274,35,1
317,21,1
286,41,1
304,24,1
271,25,1
302,27,1
310,30,1
272,24,1
302,28,1
283,35,1
282,16,1
299,49,1
275,22,1
279,32,1
299,46,1
307,31,1
279,19,1
303,14,1
303,5,1
314,39,1
305,32,1
282,14,1
299,32,1
293,9,1
275,16,1
310,27,1
277,17,1
296,29,1
303,13,1
296,23,1
278,32,1
275,29,1
287,26,1
294,8,1
289,10,1
286,31,1
303,31,1
275,37,1
300,18,1
280,8,1
278,32,1
297,11,1
319,32,1
293,20,1
281,28,1
309,23,1
299,21,1
315,39,1
310,20,1
293,44,1
302,38,1
281,5,1
297,16,1
274,22,1
286,35,1
292,16,1
276,40,1
295,17,1
296,1,1
295,12,1
282,41,1
283,31,1
285,32,1
299,31,1
305,22,1
316,23,1
292,3,1
312,8,1
309,33,1
279,39,1
292,41,1
303,33,1
296,30,1
308,28,1
304,20,1
311,26,1
279,12,1
301,33,1
310,38,1
310,40,1
289,14,1
281,41,1
282,30,1
278,42,1
285,6,1
288,28,1
309,17,1
307,43,1
315,31,1
293,36,1
291,38,1
301,40,1
277,11,1
289,1,1
312,40,1
284,20,1
293,23,1
273,20,1
281,30,1
274,35,1
275,33,1
305,16,1
288,30,1
271,30,1
299,47,1
279,27,1
310,13,1
319,23,1
308,25,1
300,27,1
293,18,1
288,30,1
312,33,1
306,29,1
282,30,1
291,12,1
308,8,1
313,38,1
310,42,1
318,34,1
304,41,1
301,5,1
307,36,1
314,20,1
272,20,1
293,4,1
294,14,1
287,35,1
271,30,1
271,24,1
311,11,1
315,36,1
292,4,1
313,20,1
308,42,1
305,24,1
282,30,1
300,4,1
295,14,1
275,14,1
309,14,1
284,37,1
300,29,1
284,35,1
314,31,1
287,31,1
308,36,1
302,10,1
302,23,1
282,29,1
301,35,1
285,33,1
310,33,1
306,25,1
309,40,1
289,23,1
317,31,1
301,39,1
309,5,1
302,14,1
295,38,1
287,40,1
281,42,1
292,42,1
283,18,1
299,30,1
280,28,1
284,32,1
292,43,1
300,35,1
304,15,1
312,27,1
311,11,1
315,11,1
293,34,1
313,9,1
298,11,1
306,27,1
294,32,1
314,26,1
309,19,1
279,35,1
311,38,1
314,10,1
303,6,1
280,32,1
310,40,1
293,33,1
295,2,1
305,34,1
311,19,1
280,12,1
310,16,1
288,12,1
279,30,1
280,44,1
306,13,1
304,21,1
272,32,1
277,23,1
297,40,1
290,39,1
297,5,1
295,39,1
303,39,1
298,44,1
311,19,1
313,8,1
309,42,1
306,33,1
310,29,1
291,37,1
304,18,1
309,9,1
274,27,1
276,17,1
273,23,1
297,31,1
295,15,1
300,24,1
299,42,1
286,29,1
305,8,1
294,37,1
314,32,1
281,21,1
315,40,1
302,16,1
300,34,1
