24,42,0
44,17,0
18,42,0
6,40,0
32,25,0
34,9,0
39,44,0
29,8,0
12,39,0
23,48,0
46,33,0
8,17,0
33,29,0
45,20,0
36,20,0
11,10,0
5,11,0
33,46,0
33,20,0
8,31,0
12,36,0
29,34,0
39,10,0
19,39,0
18,14,0
33,30,0
43,22,0
22,1,0
18,37,0
22,5,0
13,22,0
18,32,0
16,19,0
36,17,0
42,41,0
45,17,0
39,21,0
18,30,0
46,17,0
21,31,0
17,47,0
14,7,0
32,15,0
11,41,0
29,45,0
29,36,0
7,18,0
16,31,0
23,29,0
46,25,0
36,44,0
41,42,0
26,13,0
17,43,0
14,12,0
31,13,0
30,6,0
2,16,0
4,15,0
38,25,0
2,22,0
26,19,0
14,45,0
5,30,0
37,30,0
30,38,0
33,3,0
37,26,0
39,44,0
35,37,0
22,23,0
11,14,0
21,26,0
2,26,0
22,48,0
22,20,0
41,19,0
9,10,0
13,32,0
22,23,0
12,12,0
22,23,0
38,44,0
10,27,0
13,37,0
31,27,0
21,29,0
26,13,0
6,37,0
14,13,0
34,24,0
13,44,0
20,7,0
32,4,0
8,28,0
23,48,0
23,4,0
21,22,0
6,9,0
16,41,0
30,7,0
28,34,0
23,21,0
30,8,0
32,24,0
49,29,0
10,32,0
24,12,0
29,25,0
41,34,0
10,30,0
32,24,0
21,48,0
21,2,0
6,33,0
48,33,0
21,42,0
40,17,0
18,36,0
0,25,0
31,33,0
9,29,0
18,31,0
33,21,0
10,29,0
9,16,0
25,3,0
46,32,0
41,25,0
31,6,0
11,39,0
29,12,0
9,18,0
6,41,0
17,47,0
40,19,0
7,31,0
29,49,0
23,3,0
47,28,0
10,26,0
17,3,0
10,11,0
2,19,0
1,32,0
42,24,0
11,39,0
23,36,0
17,30,0
39,29,0
6,36,0
9,18,0
3,22,0
36,17,0
9,27,0
10,40,0
9,34,0
28,37,0
19,20,0
24,42,0
33,38,0
15,37,0
5,24,0
1,21,0
34,5,0
33,16,0
21,16,0
39,42,0
6,31,0
18,24,0
32,34,0
12,11,0
38,28,0
13,16,0
41,33,0
46,23,0
9,26,0
26,28,0
37,38,0
26,10,0
17,25,0
43,28,0
20,12,0
25,20,0
35,15,0
6,27,0
38,36,0
39,24,0
10,44,0
21,15,0
17,3,0
3,21,0
16,29,0
21,12,0
1,22,0
8,42,0
11,31,0
15,42,0
14,45,0
23,33,0
20,23,0
32,5,0
8,42,0
28,29,0
26,6,0
21,39,0
15,41,0
24,26,0
11,6,0
12,26,0
36,46,0
30,38,0
28,3,0
27,5,0
32,44,0
35,15,0
34,5,0
14,20,0
23,33,0
44,30,0
30,22,0
11,40,0
17,31,0
16,18,0
38,8,0
10,9,0
37,24,0
10,36,0
33,34,0
38,22,0
42,30,0
29,15,0
46,27,0
32,5,0
14,36,0
46,25,0
23,37,0
35,20,0
14,38,0
46,26,0
29,32,0
10,45,0
40,8,0
42,14,0
43,31,0
16,5,0
24,10,0
22,5,0
33,39,0
24,29,0
4,22,0
29,27,0
21,14,0
24,8,0
18,26,0
7,16,0
29,5,0
9,29,0
18,4,0
33,13,0
25,45,0
39,38,0
37,38,0
36,31,0
23,36,0
41,8,0
31,40,0
23,6,0
25,37,0
8,39,0
42,40,0
21,21,0
15,11,0
42,22,0
26,18,0
16,3,0
21,8,0
41,6,0
17,19,0
23,7,0
33,3,0
43,26,0
19,4,0
15,15,0
33,32,0
42,36,0
39,10,0
32,21,0
34,42,0
36,13,0
2,24,0
16,28,0
44,37,0
20,49,0
18,15,0
23,48,0
18,31,0
27,24,0
43,17,0
10,40,0
6,9,0
30,13,0
7,17,0
18,16,0
41,31,0
20,45,0
46,31,0
14,34,0
17,13,0
7,22,0
14,6,0
20,5,0
32,25,0
16,35,0
38,42,0
40,25,0
42,20,0
22,22,0
10,31,0
27,28,0
41,8,0
12,33,0
15,4,0
25,3,0
22,35,0
31,2,0
35,17,0
31,5,0
33,17,0
19,37,0
13,9,0
12,22,0
5,14,0
22,31,0
16,39,0
45,24,0
43,39,0
24,10,0
8,41,0
24,33,0
31,35,0
34,5,0
35,3,0
6,17,0
41,6,0
4,25,0
43,18,0
12,18,0
11,45,0
3,28,0
41,31,0
13,23,0
26,22,0
15,6,0
40,24,0
12,4,0
39,21,0
18,18,0
5,23,0
20,19,0
37,18,0
40,42,0
20,39,0
38,43,0
32,29,0
16,20,0
23,32,0
14,14,0
29,15,0
23,32,0
40,32,0
20,13,0
31,17,0
34,48,0
43,13,0
35,21,0
6,14,0
22,11,0
12,27,0
27,6,0
47,20,0
33,23,0
38,21,0
12,9,0
9,36,0
47,14,0
10,37,0
35,26,0
33,14,0
43,10,0
38,32,0
8,41,0
23,24,0
42,37,0
36,47,0
26,15,0
13,46,0
44,14,0
36,5,0
20,7,0
39,22,0
18,31,0
24,29,0
27,6,0
16,40,0
17,4,0
23,34,0
43,25,0
13,46,0
3,18,0
37,11,0
31,18,0
16,27,0
19,7,0
47,33,0
18,32,0
26,20,0
31,11,0
37,33,0
35,32,0
30,44,0
11,33,0
21,46,0
8,13,0
22,16,0
24,45,0
42,37,0
10,36,0
28,33,0
22,14,0
31,41,0
15,39,0
30,44,0
27,45,0
11,17,0
27,2,0
5,20,0
15,20,0
36,14,0
41,18,0
22,44,0
21,48,0
47,19,0
33,20,0
16,6,0
33,40,0
28,3,0
9,30,0
16,17,0
11,39,0
5,24,0
19,42,0
37,12,0
44,24,0
13,4,0
18,4,0
17,6,0
41,37,0
34,35,0
46,25,0
48,29,0
25,44,0
30,42,0
35,37,0
43,15,0
43,27,0
19,38,0
24,31,0
20,45,0
40,7,0
37,20,0
14,40,0
26,23,0
25,50,0
38,18,0
11,22,0
24,35,0
6,14,0
16,4,0
5,29,0
23,34,0
7,42,0
47,33,0
8,33,0
6,25,0
39,10,0
28,42,0
13,44,0
28,18,0
21,32,0
9,7,0
34,4,0
26,19,0
39,6,0
34,38,0
5,39,0
7,9,0
20,28,0
4,21,0
8,25,0
32,5,1
36,13,1
5,12,1
43,22,1
25,39,1
17,4,1
22,28,1
12,6,1
11,23,1
28,1,1
33,10,1
12,7,1
20,26,1
24,5,1
15,18,1
10,27,1
21,12,1
28,44,1
15,9,1
10,14,1
5,18,1
24,32,1
24,15,1
17,27,1
13,14,1
17,16,1
7,16,1
18,40,1
8,36,1
28,32,1
6,26,1
22,27,1
13,15,1
17,3,1
21,41,1
1,28,1
10,6,1
22,2,1
25,23,1
38,45,1
40,12,1
26,44,1
5,26,1
41,30,1
9,24,1
14,21,1
40,7,1
22,33,1
1,29,1
34,27,1
17,40,1
14,37,1
14,16,1
20,2,1
21,35,1
30,46,1
26,17,1
39,45,1
13,44,1
17,20,1
48,31,1
14,29,1
39,32,1
42,13,1
23,41,1
13,11,1
14,18,1
23,17,1
49,24,1
25,27,1
43,30,1
49,32,1
7,38,1
16,32,1
23,10,1
39,25,1
35,35,1
3,27,1
39,6,1
25,24,1
41,24,1
18,30,1
35,9,1
34,5,1
39,9,1
8,27,1
33,47,1
27,12,1
38,27,1
21,6,1
29,16,1
12,12,1
33,44,1
42,23,1
10,38,1
29,32,1
33,26,1
4,36,1
39,5,1
28,35,1
22,6,1
34,33,1
39,43,1
4,26,1
46,28,1
23,22,1
5,30,1
6,36,1
32,13,1
32,20,1
27,16,1
40,29,1
36,5,1
20,34,1
3,14,1
41,15,1
17,13,1
38,31,1
12,43,1
21,35,1
35,39,1
46,36,1
34,45,1
15,38,1
13,45,1
6,21,1
40,5,1
49,31,1
10,12,1
4,14,1
35,13,1
38,27,1
24,31,1
17,13,1
14,37,1
9,39,1
25,0,1
13,14,1
19,21,1
34,31,1
33,13,1
21,13,1
27,38,1
48,30,1
41,42,1
26,16,1
15,29,1
32,46,1
18,23,1
26,36,1
28,38,1
31,8,1
21,20,1
14,10,1
23,17,1
29,7,1
30,33,1
41,10,1
5,21,1
18,43,1
43,31,1
35,18,1
8,21,1
13,46,1
23,15,1
24,30,1
23,7,1
14,35,1
26,6,1
15,34,1
35,38,1
1,18,1
3,25,1
12,19,1
11,23,1
12,39,1
30,47,1
33,28,1
29,26,1
37,35,1
21,24,1
16,37,1
8,22,1
35,10,1
31,5,1
32,38,1
18,33,1
47,17,1
47,26,1
41,32,1
32,37,1
40,27,1
15,41,1
23,47,1
16,46,1
14,9,1
23,19,1
26,39,1
10,20,1
25,31,1
32,49,1
3,32,1
25,1,1
21,14,1
24,1,1
24,32,1
21,1,1
45,34,1
36,31,1
37,29,1
49,19,1
13,25,1
11,7,1
13,28,1
34,12,1
27,49,1
28,21,1
10,44,1
19,22,1
26,40,1
16,7,1
16,6,1
19,34,1
24,27,1
14,32,1
42,23,1
23,5,1
38,17,1
28,20,1
12,16,1
27,39,1
26,44,1
40,10,1
28,48,1
12,12,1
19,9,1
24,13,1
7,13,1
12,22,1
8,36,1
19,41,1
47,29,1
23,10,1
18,32,1
37,37,1
20,46,1
9,34,1
32,2,1
14,3,1
37,14,1
31,27,1
11,43,1
24,32,1
25,42,1
21,42,1
25,0,1
5,11,1
31,40,1
33,35,1
4,30,1
42,33,1
7,23,1
3,25,1
34,9,1
43,28,1
31,42,1
8,21,1
5,18,1
9,11,1
45,20,1
22,25,1
11,16,1
27,7,1
22,45,1
23,6,1
14,42,1
12,19,1
35,9,1
39,20,1
18,25,1
34,30,1
23,28,1
11,16,1
6,22,1
17,38,1
26,1,1
25,16,1
17,25,1
9,18,1
22,7,1
16,2,1
12,46,1
18,37,1
23,23,1
46,27,1
17,23,1
6,11,1
40,17,1
25,7,1
16,17,1
21,24,1
33,18,1
40,41,1
45,30,1
15,5,1
32,2,1
43,23,1
45,30,1
24,21,1
37,27,1
37,41,1
2,16,1
38,19,1
19,23,1
10,19,1
17,23,1
5,20,1
24,2,1
44,20,1
45,21,1
35,14,1
45,20,1
28,13,1
7,15,1
12,19,1
24,27,1
35,12,1
11,45,1
47,22,1
32,23,1
2,24,1
26,25,1
23,26,1
6,30,1
25,22,1
36,27,1
17,37,1
17,47,1
35,19,1
38,11,1
22,48,1
10,27,1
19,15,1
3,26,1
35,44,1
28,3,1
40,14,1
32,44,1
15,19,1
39,9,1
27,5,1
7,21,1
11,10,1
8,23,1
39,16,1
32,33,1
47,25,1
25,46,1
25,9,1
41,21,1
21,44,1
8,14,1
41,18,1
9,39,1
24,18,1
14,23,1
20,29,1
32,30,1
23,42,1
44,41,1
6,41,1
2,34,1
27,12,1
2,24,1
39,21,1
21,44,1
19,10,1
32,39,1
28,5,1
9,7,1
34,44,1
25,48,1
1,28,1
3,35,1
12,6,1
26,15,1
29,33,1
14,26,1
36,41,1
7,18,1
18,43,1
39,7,1
28,28,1
25,46,1
24,20,1
40,43,1
7,11,1
19,41,1
33,24,1
41,29,1
38,43,1
35,16,1
41,31,1
47,36,1
9,39,1
47,34,1
41,19,1
48,22,1
8,16,1
47,20,1
42,37,1
41,36,1
18,38,1
18,43,1
8,35,1
45,15,1
24,15,1
3,29,1
40,36,1
38,12,1
41,31,1
8,26,1
22,7,1
31,24,1
9,42,1
42,31,1
25,9,1
27,7,1
25,37,1
48,29,1
23,23,1
14,9,1
31,28,1
6,30,1
25,27,1
6,14,1
34,42,1
35,35,1
26,22,1
30,15,1
5,18,1
24,47,1
13,7,1
16,26,1
9,17,1
14,10,1
30,14,1
6,20,1
37,34,1
17,19,1
21,18,1
6,20,1
43,34,1
28,16,1
35,25,1
41,34,1
19,27,1
33,16,1
16,6,1
27,4,1
9,9,1
21,7,1
17,34,1
25,49,1
39,10,1
44,26,1
30,36,1
43,20,1
44,39,1
36,17,1
29,2,1
16,2,1
3,23,1
31,32,1
19,5,1
12,30,1
44,27,1
24,47,1
9,43,1
8,39,1
38,28,1
37,8,1
23,35,1
36,32,1
16,14,1
18,19,1
12,11,1
48,30,1
16,9,1
18,47,1
40,6,1
34,37,1
9,7,1
36,13,1
44,34,1
46,14,1
5,18,1
25,47,1
26,12,1
3,18,1
