33,16,0
32,5,0
39,14,0
19,17,0
36,44,0
2,27,0
38,42,0
26,18,0
31,22,0
17,25,0
45,17,0
1,30,0
33,8,0
41,8,0
21,23,0
38,32,0
42,20,0
20,48,0
14,30,0
31,36,0
39,19,0
28,15,0
16,26,0
32,37,0
20,1,0
46,21,0
20,11,0
8,14,0
40,13,0
10,8,0
33,44,0
13,24,0
21,42,0
25,45,0
36,43,0
33,45,0
6,22,0
16,45,0
29,2,0
38,26,0
40,32,0
42,32,0
44,20,0
27,47,0
44,10,0
39,39,0
29,28,0
20,45,0
36,28,0
34,20,0
21,44,0
8,33,0
14,26,0
9,29,0
13,17,0
32,18,0
22,18,0
28,16,0
21,39,0
1,19,0
25,14,0
48,27,0
35,44,0
16,21,0
2,27,0
48,28,0
2,25,0
12,38,0
17,16,0
29,35,0
18,45,0
17,29,0
34,5,0
8,15,0
22,31,0
47,21,0
10,16,0
27,16,0
16,38,0
45,40,0
8,34,0
22,28,0
27,5,0
21,26,0
24,27,0
7,36,0
33,39,0
43,20,0
46,38,0
14,37,0
33,16,0
5,34,0
16,12,0
17,34,0
25,39,0
12,12,0
37,14,0
30,17,0
43,10,0
23,23,0
33,44,0
9,8,0
44,31,0
24,21,0
47,34,0
45,38,0
17,44,0
4,38,0
19,42,0
34,35,0
22,3,0
19,11,0
4,21,0
38,9,0
37,8,0
23,37,0
40,22,0
23,41,0
35,36,0
25,4,0
43,32,0
33,25,0
44,28,0
37,10,0
10,25,0
16,48,0
11,9,0
35,21,0
22,25,0
47,18,0
38,45,0
21,21,0
15,38,0
9,28,0
23,23,0
29,6,0
14,40,0
16,28,0
6,33,0
16,19,0
20,24,0
34,41,0
5,25,0
15,5,0
38,7,0
30,33,0
7,25,0
12,10,0
8,7,0
20,6,0
18,24,0
42,25,0
5,14,0
10,22,0
30,22,0
45,21,0
27,25,0
6,41,0
30,2,0
48,22,0
21,18,0
19,28,0
28,3,0
36,6,0
4,35,0
49,21,0
18,22,0
48,21,0
32,25,0
41,20,0
30,8,0
44,26,0
14,30,0
13,35,0
45,18,0
26,19,0
16,6,0
27,46,0
30,2,0
4,21,0
37,33,0
15,26,0
31,35,0
18,22,0
45,16,0
32,37,0
37,7,0
22,13,0
16,40,0
45,35,0
44,10,0
18,14,0
2,28,0
14,27,0
24,1,0
8,38,0
25,13,0
34,47,0
29,15,0
7,28,0
3,20,0
39,19,0
45,40,0
28,37,0
14,3,0
13,17,0
22,17,0
41,28,0
45,39,0
29,14,0
24,14,0
7,27,0
38,32,0
16,3,0
42,11,0
4,24,0
39,5,0
5,26,0
10,5,0
21,22,0
29,21,0
6,40,0
38,42,0
27,19,0
16,13,0
23,21,0
23,33,0
10,13,0
34,48,0
36,47,0
20,47,0
26,30,0
27,10,0
5,21,0
29,33,0
41,32,0
38,44,0
28,46,0
18,2,0
23,36,0
37,17,0
20,49,0
10,14,0
29,27,0
25,20,0
24,23,0
13,37,0
24,32,0
30,24,0
11,7,0
23,8,0
27,30,0
11,42,0
8,31,0
47,30,0
16,26,0
13,45,0
30,24,0
39,10,0
3,33,0
5,22,0
17,13,0
42,22,0
40,29,0
21,26,0
26,30,0
7,12,0
36,27,0
34,42,0
11,13,0
38,5,0
11,27,0
4,33,0
35,16,0
12,22,0
16,18,0
33,44,0
10,31,0
23,38,0
10,39,0
14,40,0
18,26,0
25,39,0
27,35,0
24,11,0
7,21,0
30,33,0
22,29,0
17,48,0
25,43,0
36,22,0
16,30,0
46,12,0
23,44,0
16,28,0
14,39,0
27,13,0
20,23,0
32,27,0
24,8,0
26,27,0
7,17,0
42,19,0
18,47,0
48,29,0
49,24,0
26,17,0
16,43,0
11,31,0
41,28,0
39,17,0
42,8,0
16,40,0
43,31,0
19,48,0
8,34,0
19,32,0
36,28,0
13,14,0
28,42,0
38,30,0
9,38,0
43,27,0
1,27,0
20,35,0
27,22,0
28,26,0
15,5,0
38,22,0
17,22,0
14,43,0
18,24,0
31,39,0
22,29,0
11,14,0
12,18,0
27,35,0
34,29,0
14,31,0
15,10,0
14,7,0
5,27,0
30,26,0
30,10,0
13,5,0
19,6,0
8,10,0
26,44,0
47,34,0
15,26,0
34,15,0
6,26,0
31,47,0
37,37,0
25,42,0
26,33,0
15,5,0
29,29,0
13,31,0
46,28,0
32,1,0
30,40,0
31,48,0
31,39,0
3,36,0
43,13,0
19,30,0
43,36,0
34,11,0
8,43,0
37,38,0
6,40,0
4,25,0
30,9,0
18,27,0
44,40,0
29,12,0
17,31,0
26,37,0
22,10,0
7,10,0
7,36,0
39,16,0
31,17,0
46,15,0
13,27,0
17,9,0
8,36,0
29,2,0
48,32,0
3,32,0
39,26,0
29,42,0
47,21,0
13,12,0
2,28,0
41,19,0
18,27,0
43,16,0
13,37,0
23,22,0
33,14,0
8,22,0
31,1,0
31,45,0
46,23,0
28,16,0
21,48,0
16,41,0
25,4,0
27,14,0
30,18,0
38,44,0
25,28,0
2,18,0
4,15,0
14,18,0
36,39,0
24,29,0
14,23,0
49,24,0
44,27,0
1,28,0
41,18,0
20,47,0
23,40,0
19,18,0
47,31,0
9,14,0
27,46,0
3,34,0
41,9,0
32,31,0
19,11,0
6,33,0
24,43,0
9,15,0
40,39,0
44,35,0
49,29,0
10,41,0
33,8,0
24,4,0
10,8,0
31,26,0
30,42,0
29,15,0
10,21,0
13,17,0
25,44,0
24,27,0
19,28,0
35,42,0
34,33,0
46,15,0
18,18,0
40,13,0
46,22,0
27,12,0
1,27,0
25,17,0
11,29,0
49,20,0
44,34,0
30,16,0
20,41,0
41,42,0
37,34,0
32,33,0
49,28,0
30,2,0
38,31,0
28,32,0
48,30,0
10,21,0
32,3,0
23,38,0
27,4,0
29,42,0
19,44,0
45,24,0
31,20,0
13,29,0
14,19,0
10,27,0
38,26,0
48,28,0
15,47,0
21,4,0
28,34,0
45,17,0
40,16,0
32,45,0
35,28,0
27,13,0
9,42,0
8,28,0
11,11,0
15,35,0
28,4,0
300,22,1
295,29,1
270,14,1
298,15,1
267,24,1
269,29,1
276,36,1
273,16,1
264,23,1
279,4,1
266,35,1
300,39,1
303,20,1
296,38,1
295,20,1
287,21,1
265,29,1
290,31,1
298,25,1
289,24,1
300,42,1
272,18,1
282,37,1
294,23,1
270,39,1
279,36,1
263,15,1
302,40,1
293,8,1
270,24,1
292,26,1
282,43,1
307,15,1
274,42,1
288,44,1
282,43,1
290,13,1
265,10,1
289,36,1
273,42,1
275,4,1
277,35,1
299,33,1
298,41,1
275,43,1
290,34,1
266,20,1
275,39,1
298,44,1
275,20,1
282,48,1
300,39,1
276,46,1
297,41,1
303,10,1
271,8,1
273,33,1
280,4,1
285,26,1
273,30,1
276,25,1
272,8,1
282,31,1
301,34,1
299,43,1
283,49,1
286,20,1
266,35,1
285,36,1
295,13,1
274,14,1
267,24,1
298,29,1
279,26,1
279,43,1
274,33,1
272,12,1
293,26,1
304,35,1
299,14,1
295,46,1
285,8,1
280,39,1
275,32,1
301,34,1
298,40,1
293,48,1
273,39,1
294,39,1
274,12,1
295,45,1
308,20,1
302,27,1
279,36,1
300,30,1
306,36,1
286,11,1
300,6,1
270,26,1
287,23,1
309,25,1
263,34,1
267,8,1
273,46,1
306,15,1
291,17,1
280,47,1
278,36,1
308,22,1
283,25,1
267,15,1
273,32,1
300,43,1
308,25,1
297,18,1
296,3,1
267,9,1
265,11,1
270,6,1
293,23,1
297,15,1
286,45,1
271,41,1
301,31,1
292,38,1
276,48,1
300,26,1
286,6,1
296,32,1
286,41,1
289,37,1
288,28,1
268,21,1
289,5,1
296,40,1
297,14,1
265,39,1
279,32,1
265,17,1
289,22,1
300,41,1
279,41,1
276,30,1
263,29,1
276,32,1
292,4,1
308,31,1
290,21,1
299,30,1
286,42,1
265,33,1
308,30,1
300,16,1
277,17,1
309,24,1
269,13,1
277,22,1
270,13,1
288,3,1
291,8,1
298,42,1
288,45,1
291,35,1
275,47,1
281,18,1
302,37,1
298,16,1
303,20,1
305,12,1
264,14,1
286,34,1
305,39,1
296,6,1
275,24,1
283,34,1
292,34,1
298,28,1
304,36,1
297,20,1
282,39,1
276,18,1
287,3,1
292,22,1
293,24,1
281,16,1
307,30,1
301,42,1
281,34,1
310,25,1
271,43,1
264,22,1
273,39,1
268,14,1
263,14,1
301,40,1
286,23,1
292,28,1
268,14,1
281,44,1
288,38,1
298,8,1
265,13,1
279,35,1
294,32,1
279,44,1
275,41,1
290,28,1
261,30,1
287,11,1
285,43,1
279,3,1
293,20,1
273,38,1
299,33,1
285,14,1
262,23,1
286,30,1
300,25,1
291,25,1
290,15,1
296,27,1
288,5,1
296,30,1
287,35,1
274,34,1
273,37,1
281,26,1
281,44,1
306,16,1
293,18,1
281,32,1
297,43,1
300,23,1
266,31,1
287,38,1
275,33,1
275,14,1
277,26,1
275,3,1
301,8,1
265,29,1
261,21,1
297,15,1
283,29,1
280,34,1
304,34,1
304,31,1
270,25,1
304,35,1
282,25,1
282,48,1
293,35,1
292,46,1
282,17,1
300,37,1
261,30,1
269,10,1
308,27,1
303,26,1
276,37,1
273,36,1
299,41,1
284,6,1
278,10,1
278,11,1
271,37,1
292,6,1
301,41,1
283,48,1
294,42,1
263,30,1
305,19,1
294,21,1
297,18,1
298,36,1
266,10,1
270,25,1
304,16,1
294,43,1
285,41,1
307,26,1
292,17,1
279,7,1
267,37,1
273,8,1
299,8,1
302,11,1
286,1,1
295,22,1
288,27,1
304,31,1
274,35,1
284,1,1
281,21,1
277,37,1
278,1,1
272,22,1
281,47,1
272,15,1
296,24,1
280,38,1
308,16,1
269,19,1
263,20,1
268,14,1
282,8,1
271,40,1
282,5,1
299,18,1
285,8,1
303,15,1
273,32,1
289,9,1
272,13,1
295,39,1
299,41,1
290,38,1
263,16,1
263,32,1
277,23,1
285,5,1
298,46,1
297,15,1
264,17,1
282,11,1
281,12,1
274,34,1
273,16,1
286,47,1
296,12,1
276,18,1
281,26,1
307,18,1
268,10,1
282,38,1
267,8,1
273,35,1
289,47,1
293,15,1
299,18,1
287,21,1
289,24,1
279,43,1
296,10,1
265,12,1
270,27,1
277,46,1
300,22,1
307,20,1
286,20,1
289,43,1
273,24,1
278,46,1
274,4,1
305,34,1
272,26,1
283,12,1
284,2,1
274,42,1
267,20,1
262,20,1
277,31,1
283,25,1
279,18,1
296,33,1
278,12,1
285,32,1
267,39,1
277,7,1
306,26,1
296,30,1
284,46,1
289,7,1
287,13,1
277,33,1
286,3,1
279,45,1
280,42,1
298,33,1
262,33,1
309,20,1
306,29,1
286,28,1
283,49,1
276,28,1
265,16,1
272,32,1
304,11,1
303,39,1
274,9,1
303,34,1
281,11,1
288,6,1
279,16,1
285,30,1
265,23,1
293,22,1
299,5,1
263,35,1
290,13,1
284,17,1
265,38,1
284,34,1
278,36,1
306,38,1
290,11,1
285,23,1
278,36,1
305,18,1
269,41,1
287,27,1
268,31,1
270,13,1
294,25,1
302,14,1
293,29,1
289,40,1
267,37,1
292,12,1
267,41,1
285,18,1
295,43,1
287,28,1
281,36,1
299,37,1
270,25,1
290,27,1
266,9,1
296,11,1
263,33,1
276,37,1
268,43,1
273,9,1
279,26,1
302,25,1
306,30,1
266,17,1
281,37,1
294,28,1
268,10,1
271,31,1
267,15,1
296,27,1
281,17,1
281,9,1
279,12,1
280,27,1
302,35,1
266,41,1
277,15,1
281,15,1
279,48,1
273,40,1
298,32,1
304,26,1
268,7,1
284,44,1
289,2,1
298,42,1
278,8,1
270,29,1
270,34,1
295,5,1
292,37,1
301,13,1
270,45,1
294,34,1
280,5,1
277,30,1
286,13,1
296,32,1
294,26,1
293,4,1
278,9,1
295,34,1
277,25,1
288,33,1
289,2,1
277,31,1
264,30,1
302,16,1
288,3,1
285,6,1
282,47,1
280,34,1
279,22,1
299,30,1
262,19,1
298,11,1
291,39,1
289,25,1
283,45,1
287,16,1
304,12,1
296,34,1
262,26,1
264,32,1
270,40,1
278,10,1
284,31,1
