14,29,0
38,4,0
26,14,0
23,48,0
13,6,0
45,28,0
19,5,0
18,45,0
16,10,0
37,27,0
45,30,0
30,2,0
19,46,0
46,21,0
24,42,0
21,38,0
20,39,0
3,35,0
24,5,0
35,21,0
11,15,0
27,27,0
19,28,0
9,22,0
34,34,0
8,17,0
27,27,0
33,45,0
32,26,0
45,33,0
39,30,0
3,19,0
27,36,0
32,21,0
36,35,0
33,47,0
30,19,0
22,27,0
33,35,0
44,34,0
24,38,0
40,15,0
23,27,0
11,10,0
18,20,0
15,20,0
35,21,0
43,27,0
48,22,0
14,32,0
13,11,0
40,8,0
24,34,0
3,24,0
8,22,0
16,9,0
43,21,0
46,38,0
40,43,0
27,20,0
43,33,0
37,37,0
25,4,0
25,16,0
20,30,0
26,7,0
42,10,0
14,17,0
47,20,0
37,26,0
22,9,0
46,24,0
15,6,0
22,12,0
13,38,0
26,36,0
45,32,0
14,29,0
16,15,0
42,10,0
18,14,0
42,37,0
11,15,0
27,31,0
5,34,0
43,24,0
29,28,0
46,36,0
7,15,0
12,45,0
40,34,0
17,12,0
25,31,0
10,16,0
49,32,0
20,13,0
12,16,0
12,22,0
33,23,0
21,21,0
14,36,0
31,16,0
23,40,0
9,25,0
18,31,0
44,29,0
1,19,0
26,12,0
5,31,0
13,29,0
28,41,0
29,4,0
45,15,0
26,39,0
18,34,0
37,5,0
12,12,0
10,34,0
40,9,0
18,9,0
30,30,0
8,12,0
12,10,0
31,24,0
27,17,0
10,43,0
18,41,0
45,11,0
14,13,0
7,24,0
38,16,0
24,16,0
14,29,0
39,19,0
23,14,0
24,19,0
37,34,0
13,12,0
39,12,0
22,47,0
36,41,0
28,9,0
49,18,0
37,4,0
5,40,0
17,35,0
25,45,0
15,9,0
12,26,0
31,20,0
44,22,0
38,22,0
19,21,0
17,25,0
42,7,0
14,42,0
39,22,0
32,36,0
35,21,0
36,27,0
35,34,0
9,17,0
10,11,0
7,16,0
40,16,0
17,41,0
6,21,0
9,39,0
21,31,0
45,33,0
19,47,0
43,39,0
23,16,0
29,12,0
44,11,0
14,15,0
5,35,0
27,27,0
42,27,0
24,48,0
23,13,0
46,22,0
39,12,0
23,40,0
38,16,0
5,26,0
29,1,0
32,2,0
20,25,0
33,25,0
32,7,0
24,25,0
49,32,0
27,20,0
13,7,0
37,12,0
33,39,0
24,47,0
37,32,0
24,14,0
45,13,0
10,38,0
9,33,0
21,44,0
35,47,0
44,10,0
38,33,0
48,18,0
21,19,0
11,18,0
46,15,0
35,19,0
32,42,0
4,20,0
40,25,0
15,28,0
10,27,0
49,18,0
44,21,0
46,12,0
4,30,0
21,17,0
29,33,0
37,42,0
37,36,0
33,18,0
15,21,0
12,11,0
1,27,0
3,16,0
47,26,0
7,12,0
19,3,0
15,7,0
33,5,0
36,15,0
17,34,0
26,37,0
38,38,0
39,43,0
7,11,0
17,36,0
44,38,0
35,5,0
25,15,0
30,8,0
20,24,0
6,15,0
19,36,0
29,14,0
4,20,0
43,11,0
28,36,0
20,34,0
43,33,0
30,30,0
25,27,0
8,14,0
36,41,0
36,17,0
28,24,0
23,25,0
31,21,0
25,16,0
31,48,0
42,42,0
5,38,0
39,39,0
30,45,0
8,18,0
38,23,0
40,19,0
28,15,0
46,16,0
29,27,0
30,22,0
27,10,0
26,34,0
33,17,0
13,46,0
19,13,0
30,17,0
38,25,0
25,14,0
44,16,0
8,27,0
32,43,0
16,9,0
28,30,0
5,22,0
5,26,0
46,37,0
11,23,0
38,43,0
38,19,0
13,37,0
20,49,0
6,37,0
31,23,0
25,38,0
24,36,0
13,12,0
22,39,0
25,6,0
12,46,0
21,8,0
28,39,0
8,14,0
15,22,0
5,33,0
18,27,0
29,33,0
12,25,0
27,18,0
39,11,0
26,38,0
44,37,0
20,16,0
44,20,0
15,39,0
38,10,0
43,19,0
24,37,0
32,38,0
27,21,0
33,2,0
5,31,0
38,24,0
42,34,0
42,14,0
34,29,0
11,16,0
24,47,0
48,16,0
43,21,0
14,9,0
39,23,0
17,28,0
38,34,0
43,30,0
45,27,0
24,49,0
35,44,0
16,43,0
22,22,0
36,13,0
20,13,0
35,11,0
23,32,0
25,50,0
31,17,0
9,13,0
10,34,0
15,17,0
39,36,0
41,31,0
17,36,0
4,23,0
24,32,0
10,41,0
25,1,0
32,17,0
23,25,0
6,30,0
10,23,0
14,35,0
7,38,0
44,16,0
38,45,0
44,19,0
34,26,0
36,40,0
12,13,0
29,3,0
32,49,0
26,12,0
38,8,0
18,38,0
21,37,0
21,48,0
44,12,0
47,33,0
28,3,0
25,9,0
36,6,0
13,22,0
20,28,0
34,14,0
29,27,0
31,41,0
35,4,0
2,16,0
41,30,0
21,11,0
18,23,0
18,26,0
16,47,0
19,47,0
25,3,0
37,17,0
5,40,0
11,39,0
35,7,0
18,19,0
5,17,0
31,46,0
1,30,0
41,42,0
24,39,0
24,33,0
43,23,0
37,15,0
3,36,0
1,29,0
39,11,0
34,35,0
12,27,0
28,13,0
48,20,0
24,12,0
39,12,0
27,49,0
10,44,0
38,34,0
3,30,0
37,15,0
34,30,0
13,36,0
45,38,0
25,6,0
21,14,0
30,45,0
38,40,0
43,27,0
37,29,0
28,27,0
22,45,0
46,16,0
39,34,0
6,33,0
41,21,0
2,18,0
34,38,0
26,22,0
14,33,0
40,41,0
33,9,0
23,16,0
46,17,0
31,21,0
49,31,0
40,13,0
24,5,0
38,30,0
11,9,0
21,23,0
15,9,0
45,25,0
29,35,0
35,25,0
38,11,0
45,31,0
28,45,0
38,18,0
42,41,0
22,29,0
2,33,0
14,37,0
13,22,0
20,42,0
20,44,0
24,23,0
34,43,0
15,12,0
11,14,0
26,26,0
48,18,0
30,25,0
10,26,0
24,19,0
23,32,0
20,14,0
23,23,0
17,19,0
14,14,0
5,30,0
6,11,0
44,28,0
33,2,0
28,22,0
40,20,0
25,45,0
33,20,0
14,33,0
48,32,0
47,21,0
18,31,0
24,12,0
16,34,0
15,40,0
293,27,1
271,40,1
274,43,1
288,40,1
277,15,1
280,1,1
263,20,1
293,32,1
284,15,1
290,30,1
290,35,1
267,13,1
262,18,1
296,18,1
287,38,1
294,20,1
294,35,1
283,7,1
272,17,1
277,17,1
281,42,1
283,7,1
274,43,1
271,21,1
303,25,1
277,25,1
262,30,1
281,35,1
295,24,1
292,6,1
266,14,1
264,17,1
286,4,1
274,42,1
308,32,1
298,14,1
281,36,1
292,45,1
267,35,1
282,26,1
295,21,1
296,20,1
282,43,1
300,36,1
272,40,1
300,42,1
264,25,1
276,25,1
281,23,1
281,19,1
309,29,1
263,32,1
304,41,1
289,13,1
273,22,1
272,27,1
275,47,1
304,11,1
276,46,1
280,15,1
272,17,1
292,6,1
283,29,1
282,4,1
264,16,1
302,25,1
293,9,1
285,32,1
302,28,1
297,34,1
280,25,1
301,12,1
279,49,1
279,10,1
292,5,1
273,29,1
292,23,1
269,7,1
278,39,1
288,37,1
267,30,1
299,23,1
277,24,1
271,14,1
287,48,1
300,10,1
292,44,1
279,11,1
290,32,1
278,14,1
287,17,1
275,37,1
271,17,1
304,36,1
270,36,1
309,21,1
280,28,1
304,27,1
300,34,1
275,4,1
276,10,1
296,22,1
297,36,1
282,4,1
278,1,1
271,42,1
273,21,1
273,30,1
284,34,1
288,5,1
296,45,1
278,31,1
284,30,1
266,10,1
267,34,1
290,49,1
275,39,1
271,16,1
281,40,1
300,12,1
294,27,1
279,45,1
273,17,1
286,45,1
278,1,1
279,33,1
292,1,1
290,14,1
295,8,1
307,18,1
290,21,1
274,41,1
296,18,1
301,15,1
278,29,1
283,18,1
308,34,1
283,21,1
274,6,1
271,17,1
291,6,1
286,42,1
268,26,1
306,16,1
270,23,1
298,44,1
270,13,1
267,34,1
291,46,1
274,31,1
299,39,1
296,23,1
289,43,1
281,3,1
275,26,1
272,41,1
289,4,1
283,24,1
270,11,1
269,38,1
305,22,1
298,11,1
272,16,1
270,18,1
279,30,1
297,30,1
276,18,1
273,46,1
262,33,1
290,15,1
303,12,1
289,24,1
291,45,1
291,40,1
277,25,1
266,37,1
262,21,1
287,26,1
299,21,1
281,31,1
292,10,1
273,40,1
265,19,1
285,27,1
292,2,1
275,36,1
292,42,1
282,38,1
270,17,1
274,39,1
275,20,1
262,16,1
292,28,1
283,46,1
300,32,1
298,29,1
296,30,1
296,13,1
270,25,1
276,24,1
297,43,1
282,15,1
266,16,1
306,34,1
288,39,1
294,31,1
272,19,1
287,17,1
265,40,1
308,28,1
284,46,1
293,31,1
286,36,1
266,15,1
293,15,1
277,34,1
274,24,1
278,25,1
272,43,1
284,48,1
265,28,1
287,26,1
269,17,1
288,20,1
279,44,1
278,9,1
284,14,1
273,44,1
297,45,1
282,6,1
287,4,1
282,36,1
282,45,1
292,30,1
276,46,1
277,47,1
293,8,1
299,27,1
289,36,1
273,37,1
288,12,1
266,14,1
286,27,1
307,19,1
272,18,1
277,47,1
283,47,1
276,5,1
305,38,1
266,36,1
274,15,1
264,34,1
289,31,1
301,6,1
271,44,1
299,6,1
275,36,1
292,16,1
278,1,1
277,30,1
302,16,1
300,31,1
269,24,1
271,10,1
301,33,1
278,18,1
307,36,1
288,32,1
297,42,1
269,20,1
289,19,1
280,43,1
304,20,1
265,30,1
286,33,1
282,38,1
279,34,1
264,38,1
290,41,1
292,28,1
265,20,1
287,47,1
269,44,1
300,24,1
277,45,1
295,26,1
285,21,1
268,10,1
283,26,1
299,16,1
282,10,1
280,42,1
292,33,1
307,14,1
300,31,1
299,35,1
307,16,1
266,10,1
268,30,1
281,10,1
305,23,1
306,19,1
261,26,1
278,27,1
264,29,1
300,38,1
269,10,1
305,39,1
301,31,1
290,10,1
297,29,1
284,18,1
288,40,1
306,23,1
303,24,1
267,30,1
302,23,1
289,8,1
270,43,1
278,11,1
307,19,1
298,39,1
293,46,1
291,36,1
269,6,1
279,4,1
284,48,1
291,49,1
262,34,1
303,14,1
280,39,1
284,33,1
267,28,1
295,18,1
300,32,1
272,18,1
296,30,1
271,8,1
266,29,1
301,33,1
296,38,1
297,16,1
309,20,1
278,38,1
264,30,1
282,29,1
304,35,1
308,34,1
307,31,1
270,8,1
295,36,1
284,15,1
262,19,1
305,13,1
269,14,1
287,27,1
276,30,1
282,12,1
263,24,1
284,18,1
268,11,1
276,29,1
297,46,1
270,10,1
308,31,1
300,17,1
284,37,1
270,38,1
271,38,1
287,15,1
269,16,1
288,45,1
282,11,1
263,31,1
270,19,1
277,47,1
266,18,1
307,35,1
270,31,1
280,28,1
283,45,1
287,43,1
278,23,1
280,25,1
287,13,1
294,9,1
268,17,1
277,30,1
296,8,1
266,13,1
299,16,1
270,30,1
273,32,1
290,12,1
276,34,1
297,37,1
299,42,1
266,41,1
273,15,1
275,24,1
304,36,1
287,41,1
267,8,1
296,45,1
303,34,1
278,28,1
303,11,1
291,29,1
305,18,1
272,41,1
277,7,1
275,7,1
273,7,1
282,13,1
279,23,1
271,16,1
295,9,1
283,46,1
271,17,1
299,44,1
275,25,1
286,16,1
286,23,1
284,9,1
275,18,1
300,34,1
273,5,1
279,21,1
304,20,1
287,15,1
289,36,1
276,16,1
291,5,1
280,35,1
281,35,1
279,4,1
294,35,1
292,8,1
266,35,1
267,36,1
291,1,1
279,6,1
300,41,1
291,49,1
278,2,1
309,31,1
284,48,1
289,20,1
306,21,1
284,6,1
294,46,1
291,44,1
304,10,1
296,20,1
282,33,1
288,25,1
292,38,1
274,22,1
267,21,1
272,11,1
307,21,1
296,20,1
270,12,1
297,4,1
291,40,1
289,5,1
298,28,1
281,35,1
285,42,1
297,10,1
275,42,1
265,26,1
300,45,1
272,18,1
272,31,1
294,22,1
279,47,1
292,9,1
299,44,1
301,11,1
276,24,1
304,21,1
294,40,1
271,43,1
277,3,1
266,19,1
266,33,1
286,2,1
275,4,1
274,44,1
292,15,1
284,27,1
275,4,1
266,26,1
307,25,1
261,28,1
300,36,1
308,26,1
280,48,1
283,31,1
