12,32,0
46,25,0
25,20,0
27,47,0
12,23,0
6,39,0
26,17,0
9,17,0
10,25,0
45,16,0
16,20,0
20,40,0
41,42,0
12,5,0
3,35,0
13,43,0
6,22,0
36,16,0
5,29,0
41,18,0
2,31,0
16,5,0
37,33,0
16,32,0
25,33,0
36,46,0
22,32,0
18,49,0
42,9,0
1,20,0
22,44,0
16,42,0
9,39,0
35,8,0
22,44,0
13,4,0
19,8,0
24,6,0
45,28,0
25,23,0
8,15,0
47,24,0
18,27,0
49,32,0
24,17,0
7,38,0
4,31,0
30,11,0
26,15,0
36,35,0
16,19,0
27,43,0
31,9,0
20,32,0
40,28,0
37,30,0
12,11,0
44,18,0
10,16,0
29,14,0
40,13,0
27,27,0
11,24,0
23,48,0
24,44,0
9,34,0
45,18,0
37,19,0
6,22,0
20,40,0
18,43,0
36,39,0
15,29,0
43,20,0
7,42,0
17,46,0
47,27,0
25,8,0
19,4,0
48,21,0
49,25,0
44,11,0
14,22,0
1,20,0
17,15,0
29,5,0
37,30,0
22,5,0
17,20,0
31,9,0
14,21,0
22,10,0
34,7,0
34,33,0
18,47,0
29,42,0
24,23,0
4,38,0
48,27,0
28,14,0
12,12,0
33,23,0
13,21,0
37,7,0
36,27,0
45,12,0
30,15,0
27,27,0
30,48,0
48,25,0
46,35,0
31,22,0
20,10,0
42,24,0
17,21,0
48,26,0
24,26,0
8,19,0
41,14,0
7,29,0
31,9,0
17,45,0
31,36,0
32,18,0
15,5,0
17,24,0
45,27,0
26,43,0
7,28,0
14,35,0
36,11,0
21,6,0
29,13,0
2,31,0
44,27,0
29,15,0
8,29,0
22,2,0
18,44,0
21,13,0
31,31,0
31,21,0
47,23,0
28,6,0
38,7,0
10,35,0
32,30,0
3,35,0
2,16,0
21,17,0
43,9,0
7,27,0
17,19,0
49,23,0
17,7,0
41,44,0
28,32,0
40,12,0
31,8,0
23,32,0
30,26,0
27,21,0
32,17,0
19,12,0
38,46,0
42,36,0
20,46,0
9,18,0
43,38,0
9,12,0
13,29,0
31,8,0
17,38,0
37,43,0
16,15,0
36,42,0
21,1,0
20,40,0
18,27,0
47,27,0
14,34,0
4,35,0
46,14,0
36,37,0
47,35,0
34,39,0
43,21,0
11,43,0
39,26,0
37,9,0
15,34,0
12,44,0
24,8,0
35,6,0
35,20,0
21,19,0
41,43,0
18,24,0
15,21,0
27,14,0
46,16,0
16,5,0
8,11,0
36,25,0
5,13,0
34,15,0
37,30,0
29,12,0
21,39,0
5,16,0
11,21,0
33,13,0
27,48,0
33,8,0
26,30,0
8,23,0
26,43,0
40,7,0
13,46,0
46,36,0
37,19,0
38,27,0
24,19,0
9,21,0
35,11,0
14,10,0
9,41,0
4,24,0
17,26,0
37,30,0
24,11,0
15,37,0
42,37,0
30,29,0
9,29,0
23,8,0
30,27,0
27,5,0
35,39,0
23,40,0
19,22,0
12,23,0
24,1,0
29,3,0
33,30,0
33,9,0
23,32,0
19,23,0
8,20,0
13,22,0
45,18,0
41,21,0
37,13,0
8,20,0
13,33,0
17,37,0
36,34,0
15,42,0
42,24,0
18,48,0
29,40,0
28,33,0
6,26,0
29,22,0
10,36,0
34,23,0
9,19,0
10,26,0
45,15,0
34,21,0
45,30,0
18,38,0
14,16,0
29,30,0
33,7,0
28,5,0
34,41,0
17,39,0
38,24,0
42,13,0
16,41,0
15,29,0
15,26,0
17,13,0
31,19,0
29,45,0
33,22,0
19,29,0
45,15,0
7,13,0
33,18,0
37,14,0
2,17,0
15,46,0
29,29,0
15,31,0
30,2,0
43,20,0
8,11,0
27,12,0
11,36,0
28,20,0
13,6,0
35,24,0
11,29,0
24,5,0
35,31,0
34,11,0
5,37,0
47,35,0
35,12,0
47,25,0
10,41,0
18,35,0
29,38,0
6,12,0
33,26,0
31,10,0
12,36,0
32,48,0
33,13,0
6,32,0
1,31,0
16,48,0
44,26,0
16,26,0
14,32,0
31,18,0
27,26,0
29,7,0
17,5,0
11,37,0
13,41,0
35,22,0
25,28,0
33,14,0
19,9,0
39,14,0
22,9,0
43,11,0
15,30,0
47,31,0
15,24,0
21,2,0
38,16,0
10,45,0
37,29,0
9,18,0
5,16,0
22,22,0
28,47,0
31,31,0
29,31,0
26,30,0
4,38,0
31,42,0
29,2,0
17,19,0
10,39,0
19,18,0
22,3,0
48,26,0
31,44,0
26,48,0
43,12,0
4,38,0
14,36,0
14,20,0
21,9,0
26,23,0
41,33,0
20,6,0
34,30,0
14,34,0
17,12,0
18,41,0
27,48,0
11,22,0
14,13,0
16,13,0
38,33,0
7,16,0
28,29,0
27,38,0
28,8,0
40,5,0
16,41,0
34,38,0
13,19,0
30,28,0
33,39,0
5,29,0
21,14,0
11,8,0
29,6,0
34,28,0
22,1,0
23,21,0
42,11,0
28,37,0
44,9,0
28,35,0
32,47,0
20,19,0
36,28,0
13,42,0
41,42,0
10,6,0
21,47,0
13,14,0
7,15,0
46,36,0
36,39,0
7,22,0
43,22,0
40,34,0
31,19,0
45,23,0
31,29,0
10,10,0
25,48,0
41,28,0
17,44,0
30,1,0
39,18,0
38,17,0
36,31,0
29,31,0
20,21,0
32,43,0
39,42,0
36,33,0
40,18,0
3,23,0
18,29,0
22,33,0
14,43,0
11,23,0
36,45,0
20,15,0
36,45,0
2,29,0
15,33,0
15,42,0
16,8,0
37,37,0
28,47,0
26,39,0
24,15,0
34,21,0
18,14,0
13,4,0
46,29,0
31,6,0
35,44,0
29,38,0
4,24,0
17,7,0
40,33,0
47,26,0
31,34,0
23,11,0
27,24,0
41,16,0
25,4,0
34,26,0
17,40,0
3,24,0
38,13,0
12,7,0
33,40,0
9,16,0
31,1,0
27,24,0
35,33,0
11,37,0
20,24,0
42,36,0
12,42,0
38,22,0
38,30,0
31,2,0
41,18,0
31,34,0
24,14,0
1,25,0
13,34,0
11,30,0
26,38,0
36,37,0
24,21,0
43,13,0
5,31,0
25,50,0
28,3,0
36,16,0
7,26,0
2,32,0
26,14,0
8,22,0
282,31,1
306,36,1
302,7,1
284,25,1
271,34,1
268,24,1
285,7,1
277,6,1
289,22,1
273,15,1
277,21,1
286,45,1
269,9,1
301,29,1
276,48,1
279,47,1
292,21,1
264,19,1
262,22,1
279,49,1
264,28,1
269,31,1
297,29,1
297,5,1
305,10,1
287,17,1
299,22,1
274,4,1
297,19,1
287,9,1
268,25,1
307,18,1
271,29,1
303,13,1
274,9,1
262,22,1
275,19,1
303,27,1
275,38,1
307,27,1
289,5,1
281,28,1
261,23,1
303,13,1
291,9,1
293,14,1
287,12,1
294,15,1
300,38,1
281,1,1
296,24,1
293,24,1
286,5,1
299,28,1
293,13,1
279,24,1
278,32,1
294,47,1
275,3,1
277,23,1
295,28,1
276,6,1
281,33,1
302,40,1
309,26,1
268,13,1
275,14,1
288,10,1
283,11,1
295,11,1
274,39,1
304,36,1
285,39,1
302,31,1
276,22,1
287,45,1
292,22,1
291,14,1
301,24,1
273,31,1
281,28,1
274,5,1
293,45,1
295,14,1
279,30,1
302,15,1
286,43,1
305,30,1
289,33,1
306,19,1
305,32,1
290,21,1
283,39,1
288,46,1
302,37,1
275,13,1
301,39,1
293,20,1
288,9,1
304,28,1
274,13,1
309,27,1
266,39,1
276,14,1
303,26,1
265,17,1
300,39,1
276,16,1
267,42,1
309,24,1
263,21,1
280,37,1
276,37,1
292,45,1
278,42,1
286,31,1
300,22,1
291,29,1
273,9,1
292,9,1
299,44,1
296,28,1
303,24,1
280,34,1
296,9,1
287,31,1
302,24,1
296,15,1
285,32,1
293,40,1
261,31,1
273,11,1
274,45,1
266,29,1
290,38,1
293,26,1
301,38,1
264,34,1
266,30,1
296,38,1
276,15,1
275,41,1
295,44,1
261,23,1
298,9,1
292,19,1
289,5,1
287,22,1
284,9,1
288,40,1
285,20,1
300,41,1
287,43,1
266,34,1
302,7,1
279,39,1
271,8,1
290,1,1
265,21,1
298,30,1
262,16,1
285,4,1
305,10,1
264,38,1
304,27,1
296,23,1
291,39,1
279,10,1
291,28,1
273,10,1
267,30,1
280,39,1
305,23,1
305,34,1
302,11,1
297,14,1
276,7,1
295,41,1
285,7,1
286,17,1
281,5,1
263,32,1
280,16,1
285,37,1
297,41,1
294,38,1
268,33,1
299,38,1
270,21,1
269,20,1
284,25,1
287,6,1
272,8,1
266,35,1
269,42,1
296,37,1
280,36,1
273,24,1
292,11,1
263,28,1
301,43,1
268,17,1
272,40,1
302,33,1
276,16,1
304,12,1
271,29,1
301,31,1
280,40,1
289,25,1
276,4,1
263,15,1
302,9,1
285,32,1
287,35,1
264,35,1
271,23,1
296,29,1
286,44,1
288,3,1
287,23,1
278,9,1
294,7,1
299,42,1
295,44,1
305,11,1
305,33,1
286,46,1
290,37,1
272,8,1
287,6,1
287,33,1
291,40,1
278,40,1
295,8,1
287,34,1
294,9,1
292,8,1
285,34,1
305,13,1
288,26,1
269,10,1
276,10,1
281,44,1
287,36,1
305,22,1
269,30,1
280,38,1
275,19,1
306,24,1
292,44,1
277,15,1
271,25,1
282,45,1
294,15,1
299,38,1
277,30,1
287,18,1
282,1,1
289,41,1
299,41,1
285,5,1
289,4,1
272,21,1
276,22,1
294,4,1
301,13,1
299,25,1
265,17,1
308,22,1
268,42,1
294,29,1
295,47,1
267,28,1
283,21,1
287,6,1
290,3,1
306,27,1
296,20,1
279,45,1
303,25,1
305,39,1
287,36,1
281,8,1
266,38,1
280,5,1
278,40,1
292,37,1
301,32,1
276,16,1
269,27,1
304,32,1
272,15,1
292,36,1
287,5,1
280,20,1
297,8,1
275,22,1
287,41,1
284,9,1
294,43,1
293,39,1
288,9,1
266,16,1
302,10,1
303,41,1
270,6,1
291,26,1
270,15,1
274,33,1
268,18,1
275,44,1
286,17,1
285,11,1
282,41,1
309,28,1
286,2,1
283,43,1
288,5,1
274,5,1
292,11,1
292,35,1
267,29,1
271,13,1
308,31,1
270,21,1
302,8,1
297,26,1
277,11,1
289,7,1
263,33,1
292,35,1
272,27,1
277,33,1
296,40,1
292,28,1
282,3,1
296,45,1
304,23,1
291,23,1
298,7,1
274,5,1
296,33,1
290,2,1
281,42,1
267,10,1
279,3,1
283,35,1
306,26,1
290,25,1
282,30,1
287,36,1
288,10,1
278,20,1
295,8,1
278,44,1
296,40,1
285,41,1
284,6,1
288,13,1
291,37,1
285,11,1
309,23,1
279,32,1
291,9,1
288,3,1
302,17,1
307,32,1
302,33,1
283,24,1
284,7,1
300,45,1
274,28,1
289,28,1
287,26,1
292,40,1
283,12,1
301,12,1
280,46,1
275,46,1
281,7,1
284,49,1
273,6,1
309,25,1
284,26,1
294,45,1
267,13,1
294,10,1
277,25,1
267,8,1
280,40,1
264,31,1
265,34,1
292,14,1
267,32,1
291,6,1
285,36,1
267,17,1
299,25,1
269,33,1
264,19,1
298,41,1
275,15,1
288,32,1
304,13,1
275,28,1
283,49,1
288,42,1
278,8,1
271,27,1
282,39,1
292,3,1
306,22,1
299,20,1
268,10,1
273,39,1
268,10,1
293,9,1
268,26,1
286,5,1
275,20,1
266,14,1
280,3,1
287,42,1
271,21,1
299,9,1
291,23,1
298,37,1
275,18,1
268,21,1
275,36,1
264,19,1
282,16,1
279,34,1
285,26,1
298,30,1
271,42,1
298,30,1
285,50,1
289,3,1
272,46,1
302,27,1
261,29,1
296,35,1
269,36,1
293,36,1
286,31,1
269,39,1
276,2,1
292,36,1
277,6,1
288,32,1
284,17,1
272,7,1
271,12,1
298,41,1
276,43,1
305,36,1
269,7,1
302,43,1
267,31,1
278,39,1
269,6,1
300,5,1
299,29,1
302,13,1
279,27,1
282,6,1
272,13,1
279,28,1
282,27,1
302,7,1
278,38,1
292,27,1
262,34,1
287,38,1
293,45,1
284,47,1
307,32,1
285,36,1
297,20,1
281,38,1
262,20,1
298,4,1
271,11,1
275,28,1
263,30,1
268,30,1
308,19,1
287,2,1
288,13,1
283,22,1
294,17,1
291,14,1
300,5,1
292,24,1
289,33,1
276,4,1
275,5,1
293,48,1
