41,30,0
44,11,0
25,9,0
31,29,0
11,42,0
11,11,0
33,43,0
16,10,0
11,31,0
18,23,0
22,2,0
7,32,0
49,23,0
44,18,0
18,46,0
32,46,0
48,32,0
28,28,0
41,22,0
28,14,0
27,17,0
31,40,0
26,26,0
16,23,0
34,7,0
21,43,0
27,29,0
30,42,0
36,26,0
28,26,0
15,39,0
28,41,0
13,13,0
11,33,0
23,17,0
22,35,0
20,41,0
40,23,0
32,24,0
31,8,0
25,15,0
16,5,0
21,30,0
13,38,0
44,38,0
22,33,0
18,33,0
13,13,0
37,14,0
39,25,0
48,29,0
6,9,0
15,19,0
21,24,0
21,11,0
14,40,0
25,45,0
45,10,0
5,34,0
8,15,0
25,20,0
38,33,0
41,38,0
23,37,0
28,5,0
19,25,0
27,34,0
29,19,0
42,42,0
4,33,0
24,10,0
13,5,0
20,39,0
32,20,0
8,43,0
13,5,0
13,46,0
49,21,0
29,5,0
40,41,0
16,45,0
3,19,0
18,6,0
48,17,0
43,25,0
40,5,0
21,29,0
29,17,0
33,39,0
28,33,0
9,32,0
46,16,0
33,41,0
43,22,0
22,27,0
28,30,0
27,30,0
25,27,0
35,28,0
27,12,0
26,11,0
12,46,0
26,5,0
28,47,0
47,33,0
34,5,0
14,20,0
36,44,0
34,22,0
33,44,0
40,22,0
42,14,0
35,30,0
33,7,0
5,27,0
34,16,0
15,43,0
20,36,0
30,17,0
42,38,0
33,30,0
19,1,0
34,25,0
2,31,0
37,43,0
31,33,0
12,12,0
6,29,0
13,37,0
32,37,0
14,42,0
36,28,0
24,16,0
24,17,0
44,31,0
24,14,0
21,18,0
24,35,0
38,28,0
15,11,0
25,33,0
15,38,0
45,14,0
38,14,0
7,36,0
24,43,0
40,32,0
15,7,0
26,43,0
32,6,0
17,40,0
19,38,0
12,5,0
36,31,0
16,27,0
21,18,0
24,26,0
19,22,0
30,35,0
16,11,0
25,5,0
9,9,0
25,19,0
16,16,0
34,27,0
32,20,0
39,30,0
45,30,0
26,11,0
32,41,0
14,37,0
45,21,0
44,27,0
31,17,0
30,10,0
9,11,0
13,32,0
7,25,0
15,41,0
31,5,0
39,18,0
38,21,0
19,42,0
41,39,0
20,31,0
21,40,0
28,32,0
35,19,0
7,8,0
39,27,0
38,17,0
49,23,0
28,4,0
5,17,0
28,40,0
25,13,0
17,41,0
17,32,0
38,38,0
20,23,0
42,13,0
13,43,0
41,29,0
22,15,0
25,45,0
15,25,0
13,6,0
33,8,0
28,32,0
13,39,0
37,39,0
22,30,0
24,16,0
11,22,0
33,24,0
26,28,0
47,24,0
23,44,0
1,27,0
25,9,0
29,31,0
30,39,0
4,16,0
27,43,0
18,18,0
11,42,0
23,40,0
21,29,0
30,42,0
14,43,0
30,7,0
19,29,0
32,13,0
11,22,0
37,35,0
9,13,0
44,15,0
43,25,0
9,38,0
8,41,0
24,9,0
5,31,0
28,4,0
29,5,0
9,39,0
29,2,0
29,21,0
29,9,0
3,36,0
37,4,0
36,6,0
14,39,0
13,20,0
24,40,0
13,25,0
22,13,0
16,29,0
23,19,0
8,11,0
28,19,0
34,23,0
24,31,0
38,30,0
10,37,0
20,40,0
32,19,0
31,27,0
35,25,0
8,15,0
28,12,0
23,48,0
28,16,0
14,28,0
38,37,0
44,33,0
2,30,0
48,34,0
34,20,0
31,34,0
43,15,0
16,6,0
13,46,0
39,44,0
47,35,0
11,40,0
20,9,0
25,37,0
12,30,0
8,35,0
21,15,0
20,24,0
43,16,0
12,14,0
13,18,0
14,6,0
27,18,0
42,7,0
44,27,0
25,31,0
31,9,0
23,10,0
20,30,0
23,22,0
3,15,0
32,29,0
9,32,0
9,22,0
12,46,0
8,35,0
14,37,0
10,14,0
42,41,0
31,40,0
27,25,0
27,20,0
3,33,0
30,38,0
10,7,0
33,12,0
3,16,0
25,8,0
45,24,0
17,30,0
15,17,0
23,9,0
41,20,0
24,30,0
38,43,0
15,32,0
17,6,0
15,34,0
18,35,0
18,10,0
30,16,0
28,24,0
30,23,0
7,39,0
24,22,0
35,11,0
11,35,0
34,3,0
36,12,0
31,5,0
46,16,0
19,36,0
21,6,0
22,13,0
38,19,0
34,2,0
48,26,0
17,24,0
37,37,0
18,6,0
32,47,0
27,48,0
35,4,0
19,37,0
8,15,0
49,30,0
18,19,0
23,18,0
13,12,0
9,37,0
40,36,0
22,29,0
6,38,0
9,42,0
29,27,0
40,6,0
3,31,0
13,43,0
9,31,0
23,35,0
12,20,0
10,22,0
5,33,0
28,17,0
28,6,0
13,37,0
14,24,0
29,49,0
18,24,0
9,26,0
26,1,0
36,37,0
41,16,0
2,16,0
21,5,0
10,10,0
23,10,0
19,43,0
45,27,0
33,37,0
23,38,0
24,19,0
32,40,0
33,39,0
8,11,0
4,14,0
22,45,0
43,32,0
1,26,0
34,4,0
47,30,0
24,1,0
40,31,0
27,45,0
28,33,0
15,28,0
39,6,0
14,45,0
8,26,0
27,9,0
39,36,0
15,43,0
4,33,0
32,33,0
11,12,0
35,37,0
22,30,0
9,33,0
14,40,0
22,24,0
44,21,0
28,29,0
36,47,0
29,12,0
16,7,0
30,24,0
17,28,0
17,42,0
42,36,0
49,18,0
16,31,0
30,22,0
44,37,0
20,8,0
35,25,0
14,35,0
37,25,0
18,22,0
21,39,0
12,42,0
30,39,0
8,15,0
22,29,0
40,14,0
38,31,0
29,6,0
40,15,0
30,13,0
19,18,0
20,41,0
5,31,0
21,46,0
7,42,0
18,15,0
9,12,0
34,20,0
29,21,0
45,28,0
21,20,0
10,37,0
36,34,0
39,27,0
19,48,0
4,37,0
32,28,0
36,46,0
20,19,0
35,40,0
34,16,0
19,42,0
35,21,0
44,22,0
9,18,0
45,19,0
6,28,0
27,27,0
44,17,0
45,23,0
44,29,0
10,20,0
36,18,0
21,46,0
18,12,0
35,43,0
32,43,0
23,34,0
44,36,0
40,37,0
47,24,0
30,18,0
33,3,0
43,31,0
14,29,0
37,4,0
34,10,0
42,9,0
28,38,0
286,1,1
284,49,1
266,26,1
269,28,1
268,35,1
294,48,1
265,36,1
274,19,1
279,11,1
306,38,1
284,12,1
282,6,1
299,42,1
270,14,1
268,7,1
262,30,1
285,14,1
295,23,1
274,8,1
296,34,1
295,15,1
308,34,1
264,23,1
291,20,1
288,13,1
278,32,1
292,43,1
278,42,1
299,30,1
273,22,1
289,14,1
302,7,1
272,27,1
276,40,1
281,20,1
270,24,1
285,41,1
284,4,1
278,16,1
293,39,1
298,18,1
309,30,1
284,10,1
280,27,1
274,35,1
266,20,1
295,23,1
292,41,1
302,35,1
277,10,1
301,15,1
285,35,1
306,31,1
287,7,1
307,18,1
292,47,1
285,29,1
282,3,1
306,16,1
291,46,1
269,14,1
284,13,1
284,27,1
302,9,1
272,45,1
290,3,1
299,9,1
304,17,1
279,4,1
265,17,1
280,39,1
282,17,1
283,44,1
305,15,1
269,21,1
289,36,1
290,31,1
267,30,1
285,34,1
270,25,1
297,26,1
293,35,1
293,17,1
293,15,1
286,41,1
281,29,1
308,20,1
289,41,1
302,25,1
273,31,1
285,30,1
295,33,1
269,38,1
290,22,1
269,27,1
288,24,1
284,36,1
281,27,1
276,27,1
274,27,1
274,25,1
273,18,1
276,13,1
295,6,1
305,31,1
264,23,1
269,8,1
305,13,1
296,27,1
300,44,1
287,1,1
300,12,1
287,49,1
269,11,1
272,15,1
289,38,1
300,40,1
288,6,1
270,36,1
299,16,1
289,49,1
308,32,1
296,40,1
262,24,1
298,41,1
298,33,1
290,2,1
281,24,1
304,12,1
293,13,1
284,38,1
302,21,1
281,26,1
308,29,1
278,6,1
285,5,1
288,7,1
300,28,1
300,26,1
305,15,1
285,41,1
277,47,1
300,6,1
281,6,1
296,15,1
305,37,1
305,19,1
288,20,1
286,29,1
282,35,1
278,4,1
292,18,1
278,26,1
287,29,1
271,6,1
286,27,1
278,47,1
286,40,1
302,15,1
306,15,1
303,22,1
279,43,1
263,25,1
290,6,1
268,10,1
267,35,1
296,10,1
273,41,1
292,44,1
278,43,1
288,31,1
303,14,1
296,5,1
289,39,1
262,28,1
284,30,1
289,26,1
287,23,1
293,8,1
305,21,1
274,29,1
294,40,1
276,44,1
269,13,1
288,33,1
302,7,1
302,40,1
267,16,1
289,38,1
304,29,1
285,44,1
298,11,1
284,31,1
277,40,1
269,38,1
275,16,1
275,9,1
304,21,1
275,47,1
272,9,1
286,43,1
308,24,1
280,46,1
262,25,1
265,11,1
292,20,1
275,12,1
309,24,1
282,12,1
264,12,1
300,42,1
270,43,1
292,47,1
293,15,1
286,2,1
299,36,1
303,20,1
286,37,1
269,12,1
271,36,1
295,21,1
304,14,1
265,35,1
262,16,1
273,16,1
277,10,1
285,49,1
282,18,1
274,18,1
269,38,1
276,29,1
285,9,1
275,27,1
281,13,1
298,11,1
273,44,1
272,9,1
280,39,1
285,26,1
262,28,1
286,43,1
294,46,1
299,44,1
278,7,1
279,48,1
289,9,1
282,48,1
263,20,1
298,31,1
273,44,1
295,26,1
275,42,1
266,23,1
278,16,1
286,16,1
269,16,1
280,43,1
304,10,1
279,39,1
296,14,1
293,39,1
263,22,1
308,21,1
283,34,1
277,2,1
274,20,1
290,30,1
281,13,1
262,30,1
281,38,1
270,41,1
286,26,1
284,13,1
288,19,1
294,29,1
266,33,1
302,20,1
274,21,1
301,40,1
301,20,1
303,37,1
278,6,1
291,29,1
285,36,1
288,22,1
274,6,1
279,24,1
297,40,1
294,21,1
275,13,1
287,19,1
301,9,1
286,14,1
266,33,1
276,31,1
283,24,1
274,46,1
289,30,1
304,15,1
275,11,1
298,11,1
298,12,1
291,32,1
276,47,1
269,38,1
284,48,1
282,30,1
309,22,1
270,20,1
272,16,1
268,20,1
265,37,1
302,17,1
309,20,1
283,29,1
282,40,1
270,40,1
289,6,1
277,41,1
285,0,1
296,30,1
286,46,1
304,31,1
298,4,1
274,20,1
272,22,1
286,4,1
297,10,1
268,28,1
274,26,1
291,17,1
278,37,1
272,29,1
268,23,1
301,8,1
301,10,1
279,35,1
270,25,1
306,25,1
291,34,1
300,29,1
271,13,1
277,4,1
301,8,1
307,34,1
294,28,1
274,44,1
281,13,1
303,34,1
304,13,1
297,16,1
300,13,1
294,2,1
291,19,1
285,7,1
265,19,1
268,23,1
300,40,1
270,41,1
265,15,1
274,31,1
290,5,1
294,14,1
289,11,1
296,31,1
294,8,1
273,40,1
291,16,1
280,11,1
299,16,1
295,33,1
261,23,1
266,14,1
296,38,1
283,41,1
263,16,1
280,12,1
307,28,1
277,6,1
292,48,1
274,31,1
307,24,1
283,19,1
266,39,1
282,42,1
293,11,1
303,17,1
287,42,1
291,35,1
269,35,1
275,26,1
271,37,1
279,2,1
278,39,1
299,35,1
281,27,1
277,19,1
276,26,1
292,15,1
287,26,1
299,5,1
307,22,1
288,47,1
290,44,1
290,43,1
298,10,1
280,30,1
270,42,1
298,42,1
290,27,1
277,11,1
276,20,1
280,45,1
272,39,1
273,38,1
266,14,1
286,3,1
279,26,1
278,47,1
284,13,1
274,26,1
281,29,1
302,16,1
296,38,1
271,31,1
297,40,1
281,31,1
305,10,1
298,26,1
270,11,1
273,13,1
275,24,1
277,48,1
282,17,1
279,20,1
307,31,1
267,42,1
300,19,1
279,2,1
297,22,1
292,17,1
279,10,1
295,22,1
287,45,1
291,49,1
285,23,1
266,25,1
275,31,1
277,24,1
279,43,1
282,4,1
279,5,1
291,38,1
286,44,1
261,21,1
271,35,1
275,41,1
277,4,1
283,23,1
289,8,1
269,14,1
271,18,1
273,22,1
272,36,1
278,32,1
271,13,1
272,35,1
288,23,1
281,5,1
297,5,1
287,34,1
281,19,1
283,13,1
285,23,1
289,2,1
292,2,1
302,36,1
275,38,1
275,41,1
270,41,1
277,17,1
295,47,1
282,5,1
271,6,1
308,26,1
296,45,1
288,6,1
281,1,1
300,11,1
279,30,1
295,4,1
284,27,1
293,10,1
282,21,1
272,34,1
266,15,1
285,16,1
286,17,1
271,43,1
300,20,1
