20,43,0
14,10,0
17,25,0
23,22,0
12,27,0
7,19,0
2,21,0
20,3,0
10,15,0
4,18,0
24,7,0
13,24,0
46,24,0
5,40,0
26,20,0
42,14,0
33,29,0
33,18,0
31,3,0
24,2,0
13,7,0
48,34,0
29,18,0
21,13,0
5,19,0
22,8,0
8,11,0
20,31,0
42,14,0
47,16,0
31,23,0
16,13,0
23,49,0
27,26,0
13,13,0
15,24,0
27,16,0
9,8,0
10,42,0
22,24,0
36,35,0
6,14,0
44,31,0
34,39,0
35,19,0
19,43,0
43,30,0
47,35,0
23,26,0
18,46,0
20,41,0
38,15,0
25,16,0
14,34,0
5,37,0
20,44,0
25,27,0
8,34,0
31,20,0
14,35,0
47,35,0
37,14,0
22,40,0
10,16,0
17,17,0
34,24,0
11,37,0
29,41,0
23,47,0
11,40,0
5,37,0
24,31,0
48,22,0
45,13,0
1,27,0
12,4,0
32,22,0
33,3,0
45,12,0
43,30,0
40,18,0
44,9,0
39,13,0
44,21,0
12,21,0
30,37,0
7,18,0
15,46,0
38,19,0
3,34,0
18,36,0
22,41,0
36,36,0
16,24,0
11,9,0
14,29,0
31,26,0
12,44,0
15,9,0
18,46,0
48,28,0
25,5,0
6,15,0
47,15,0
25,49,0
40,31,0
49,32,0
28,18,0
16,26,0
15,3,0
3,19,0
32,7,0
29,10,0
12,23,0
18,7,0
38,20,0
23,21,0
19,6,0
47,24,0
45,17,0
2,26,0
17,2,0
17,19,0
34,31,0
43,35,0
21,12,0
31,6,0
11,19,0
39,37,0
23,18,0
10,33,0
44,40,0
23,13,0
41,11,0
6,22,0
5,19,0
19,2,0
15,39,0
14,21,0
45,25,0
23,34,0
37,36,0
38,17,0
11,16,0
21,37,0
30,3,0
10,38,0
16,21,0
33,38,0
18,41,0
39,39,0
45,22,0
35,14,0
10,10,0
20,17,0
26,37,0
14,40,0
6,26,0
37,18,0
10,19,0
31,43,0
41,24,0
1,29,0
21,19,0
25,43,0
18,37,0
39,38,0
35,45,0
15,21,0
11,32,0
14,31,0
27,31,0
39,39,0
37,12,0
8,28,0
18,46,0
17,5,0
36,32,0
15,39,0
15,19,0
6,41,0
37,19,0
35,5,0
42,37,0
12,21,0
27,47,0
6,40,0
23,31,0
16,46,0
32,15,0
31,22,0
33,32,0
45,11,0
35,28,0
38,29,0
12,41,0
17,18,0
9,15,0
18,4,0
9,42,0
25,38,0
40,20,0
35,32,0
18,28,0
35,41,0
12,39,0
6,40,0
16,24,0
4,31,0
43,19,0
13,38,0
11,39,0
45,28,0
18,29,0
15,11,0
38,24,0
15,37,0
47,34,0
38,22,0
40,29,0
28,28,0
26,41,0
15,35,0
33,20,0
21,45,0
30,18,0
43,18,0
27,4,0
34,45,0
37,9,0
36,32,0
32,47,0
21,26,0
11,15,0
16,27,0
3,32,0
15,42,0
44,18,0
19,24,0
32,6,0
7,19,0
9,43,0
41,42,0
39,8,0
37,8,0
39,39,0
17,45,0
42,7,0
23,37,0
28,46,0
35,5,0
12,33,0
45,31,0
5,13,0
28,15,0
17,48,0
39,29,0
3,14,0
46,19,0
33,45,0
16,20,0
15,43,0
30,48,0
4,36,0
2,27,0
19,46,0
27,40,0
30,43,0
20,31,0
33,8,0
26,23,0
46,29,0
24,1,0
30,34,0
14,31,0
48,16,0
49,20,0
40,11,0
13,20,0
29,15,0
22,1,0
22,26,0
30,35,0
41,8,0
35,21,0
34,34,0
34,31,0
21,49,0
36,29,0
8,16,0
40,38,0
44,41,0
22,1,0
13,21,0
24,42,0
13,13,0
3,25,0
30,45,0
30,42,0
30,22,0
16,37,0
25,40,0
18,25,0
16,7,0
42,39,0
15,23,0
8,25,0
19,22,0
31,9,0
28,34,0
36,25,0
18,31,0
25,2,0
7,27,0
44,16,0
20,34,0
36,19,0
36,9,0
12,20,0
37,27,0
40,8,0
22,33,0
3,21,0
17,24,0
13,30,0
14,19,0
17,23,0
12,46,0
22,21,0
9,27,0
26,28,0
10,26,0
45,11,0
36,21,0
27,21,0
11,38,0
41,33,0
28,5,0
33,35,0
30,41,0
42,22,0
30,24,0
33,24,0
48,20,0
30,29,0
20,27,0
23,33,0
48,22,0
36,24,0
38,25,0
15,36,0
19,32,0
37,27,0
8,27,0
25,38,0
38,17,0
7,23,0
4,18,0
14,46,0
25,38,0
18,23,0
17,27,0
11,34,0
38,19,0
17,9,0
39,26,0
34,7,0
27,40,0
11,8,0
25,43,0
16,45,0
46,33,0
20,13,0
6,25,0
44,21,0
40,38,0
16,7,0
7,39,0
7,42,0
16,17,0
30,2,0
31,22,0
26,10,0
42,12,0
7,17,0
30,20,0
31,11,0
31,32,0
31,5,0
48,18,0
37,29,0
38,36,0
30,4,0
44,12,0
45,26,0
34,47,0
15,23,0
9,32,0
41,14,0
6,13,0
4,24,0
28,34,0
29,21,0
11,17,0
17,20,0
12,40,0
41,6,0
4,23,0
39,32,0
37,29,0
24,6,0
8,42,0
38,40,0
4,29,0
43,25,0
19,14,0
12,40,0
44,19,0
35,34,0
36,18,0
36,30,0
44,37,0
30,31,0
14,35,0
13,27,0
35,31,0
6,28,0
3,25,0
41,32,0
4,24,0
42,13,0
4,30,0
15,26,0
17,7,0
42,31,0
18,25,0
27,4,0
11,7,0
13,19,0
46,30,0
16,14,0
3,29,0
21,42,0
34,43,0
18,22,0
31,7,0
30,19,0
27,22,0
12,13,0
38,29,0
6,26,0
38,21,0
9,16,0
16,2,0
32,9,0
33,24,0
3,31,0
26,29,0
30,32,0
25,47,0
19,49,0
40,6,0
19,3,0
29,46,0
32,12,0
21,29,0
28,36,0
38,38,0
43,35,0
37,41,0
43,25,0
33,23,0
34,21,0
4,31,0
2,34,0
28,36,0
14,7,0
10,9,0
23,15,0
26,14,0
18,21,0
4,29,0
7,28,0
24,4,0
27,41,0
25,22,0
12,38,0
7,42,0
10,23,0
3,30,0
26,18,0
42,17,0
21,14,0
29,17,0
21,32,0
9,10,0
20,27,0
31,38,0
11,20,0
25,44,0
284,43,1
251,20,1
263,17,1
257,36,1
272,11,1
276,40,1
260,12,1
269,31,1
252,19,1
260,24,1
257,24,1
263,42,1
257,30,1
278,28,1
267,8,1
298,25,1
289,33,1
282,39,1
271,29,1
279,3,1
289,24,1
266,41,1
252,26,1
267,3,1
260,11,1
277,43,1
285,13,1
276,10,1
279,38,1
270,36,1
268,21,1
287,14,1
260,29,1
257,10,1
293,11,1
295,15,1
298,26,1
284,44,1
264,5,1
286,47,1
295,15,1
277,48,1
292,17,1
280,21,1
298,34,1
291,38,1
260,44,1
268,44,1
255,30,1
285,12,1
263,16,1
279,19,1
267,19,1
289,27,1
282,22,1
267,21,1
261,9,1
289,6,1
285,16,1
259,12,1
296,18,1
290,44,1
271,49,1
267,12,1
263,23,1
296,27,1
280,26,1
277,15,1
272,11,1
262,11,1
289,12,1
270,42,1
274,22,1
265,29,1
254,31,1
282,19,1
263,46,1
261,36,1
285,32,1
293,14,1
256,21,1
265,47,1
268,20,1
287,32,1
299,23,1
283,48,1
267,6,1
284,37,1
273,11,1
289,17,1
259,27,1
269,1,1
281,7,1
284,18,1
293,20,1
257,13,1
275,0,1
296,13,1
272,5,1
270,40,1
268,20,1
274,4,1
290,23,1
266,2,1
260,19,1
289,45,1
272,5,1
257,36,1
253,28,1
259,18,1
272,14,1
263,46,1
275,13,1
291,15,1
279,33,1
261,10,1
265,37,1
261,35,1
281,12,1
256,29,1
271,27,1
252,18,1
275,8,1
263,35,1
270,23,1
279,48,1
270,29,1
280,17,1
269,17,1
278,37,1
272,12,1
279,3,1
263,11,1
293,8,1
272,42,1
298,29,1
289,22,1
274,35,1
258,16,1
259,38,1
279,44,1
282,21,1
268,25,1
270,18,1
295,17,1
266,27,1
266,47,1
287,5,1
277,2,1
264,23,1
292,42,1
254,32,1
258,18,1
274,41,1
269,19,1
259,12,1
297,24,1
271,27,1
275,40,1
292,18,1
267,3,1
278,29,1
277,32,1
266,17,1
288,30,1
284,27,1
296,34,1
273,21,1
292,29,1
262,10,1
256,20,1
256,33,1
273,31,1
256,26,1
291,25,1
285,27,1
292,28,1
271,7,1
277,32,1
264,35,1
264,20,1
255,23,1
288,6,1
260,42,1
284,31,1
283,24,1
268,32,1
279,2,1
265,26,1
274,47,1
281,40,1
273,5,1
261,40,1
276,48,1
270,18,1
260,37,1
277,23,1
268,14,1
300,25,1
297,35,1
290,6,1
252,18,1
286,35,1
275,24,1
260,9,1
292,26,1
280,45,1
279,20,1
294,16,1
254,21,1
269,48,1
282,6,1
295,33,1
283,2,1
264,21,1
268,22,1
274,28,1
285,9,1
289,38,1
252,24,1
295,27,1
259,26,1
269,47,1
273,37,1
260,17,1
290,16,1
266,42,1
262,40,1
266,7,1
275,38,1
290,25,1
286,3,1
286,24,1
259,27,1
287,45,1
278,6,1
284,6,1
286,13,1
292,12,1
291,18,1
275,27,1
268,29,1
291,9,1
277,29,1
289,5,1
267,5,1
276,38,1
290,23,1
282,48,1
277,14,1
289,24,1
268,38,1
257,24,1
290,41,1
283,41,1
265,5,1
291,43,1
266,43,1
256,39,1
262,4,1
278,22,1
274,9,1
262,26,1
294,41,1
285,39,1
282,32,1
282,16,1
259,36,1
277,33,1
262,14,1
284,44,1
271,26,1
279,48,1
285,7,1
272,18,1
296,14,1
263,44,1
253,21,1
277,42,1
271,24,1
278,10,1
262,23,1
278,38,1
279,43,1
267,42,1
267,21,1
261,42,1
278,23,1
258,22,1
266,30,1
297,32,1
287,30,1
252,24,1
274,23,1
262,32,1
271,18,1
272,1,1
284,20,1
270,35,1
283,20,1
291,10,1
281,44,1
272,36,1
281,28,1
274,26,1
288,26,1
285,26,1
283,28,1
254,32,1
287,21,1
294,19,1
290,31,1
281,17,1
275,33,1
264,15,1
280,42,1
279,15,1
287,19,1
293,11,1
292,23,1
281,8,1
286,38,1
272,40,1
279,18,1
261,32,1
263,12,1
258,43,1
271,14,1
265,31,1
271,16,1
284,24,1
270,34,1
286,19,1
269,4,1
281,7,1
280,32,1
278,28,1
277,19,1
296,34,1
265,9,1
265,43,1
279,23,1
275,21,1
271,43,1
256,28,1
268,4,1
267,17,1
266,2,1
266,48,1
269,37,1
287,15,1
267,21,1
267,40,1
287,4,1
296,16,1
274,4,1
269,5,1
265,23,1
275,5,1
259,22,1
280,43,1
280,22,1
256,21,1
264,44,1
254,32,1
265,20,1
270,44,1
273,19,1
272,37,1
288,10,1
277,18,1
289,10,1
265,14,1
268,32,1
253,24,1
268,38,1
273,34,1
292,22,1
266,45,1
266,36,1
253,28,1
282,28,1
283,29,1
278,28,1
269,42,1
257,10,1
293,13,1
265,4,1
278,42,1
281,21,1
298,23,1
256,32,1
258,10,1
271,39,1
285,12,1
293,37,1
288,43,1
259,36,1
282,37,1
267,7,1
271,5,1
271,43,1
295,28,1
261,28,1
277,23,1
294,21,1
269,29,1
283,8,1
285,11,1
268,24,1
268,42,1
267,3,1
284,7,1
268,8,1
270,28,1
294,22,1
259,19,1
299,26,1
291,29,1
286,20,1
266,28,1
296,12,1
276,18,1
261,24,1
275,40,1
260,33,1
272,21,1
271,22,1
256,37,1
270,36,1
276,11,1
291,10,1
290,35,1
262,6,1
263,28,1
269,7,1
282,33,1
290,26,1
279,16,1
279,40,1
270,8,1
280,30,1
254,23,1
278,45,1
271,38,1
251,24,1
253,28,1
274,26,1
291,41,1
264,41,1
270,34,1
277,17,1
295,20,1
291,6,1
288,12,1
285,46,1
272,45,1
282,38,1
264,29,1
290,13,1
278,19,1
282,36,1
285,46,1
270,15,1
282,43,1
267,27,1
253,32,1
257,21,1
262,17,1
280,42,1
260,38,1
294,25,1
271,6,1
261,31,1
282,44,1
277,33,1
279,30,1
278,42,1
269,28,1
274,22,1
282,35,1
270,47,1
258,27,1
297,16,1
284,20,1
289,41,1
285,32,1
290,39,1
264,11,1
280,4,1
266,34,1
267,26,1
291,30,1
264,19,1
286,46,1
263,31,1
264,27,1
279,44,1
251,30,1
286,19,1
