15,38,0
14,33,0
41,40,0
44,21,0
9,29,0
22,38,0
23,30,0
32,33,0
12,10,0
33,44,0
43,21,0
37,5,0
6,21,0
30,4,0
34,2,0
24,31,0
1,22,0
33,28,0
25,34,0
26,47,0
26,29,0
15,24,0
39,22,0
30,15,0
38,44,0
19,17,0
36,26,0
17,25,0
28,48,0
27,48,0
6,37,0
33,10,0
11,28,0
6,12,0
2,28,0
13,14,0
18,11,0
27,37,0
6,40,0
14,38,0
21,23,0
22,36,0
42,29,0
35,28,0
27,28,0
37,11,0
15,34,0
22,43,0
33,9,0
33,27,0
9,16,0
14,17,0
16,29,0
20,27,0
18,26,0
27,1,0
26,33,0
23,12,0
21,39,0
11,37,0
30,17,0
37,41,0
13,12,0
44,27,0
18,4,0
31,45,0
20,15,0
21,27,0
40,44,0
6,19,0
24,31,0
5,12,0
38,17,0
31,5,0
10,39,0
22,31,0
48,16,0
23,30,0
37,18,0
22,2,0
11,24,0
31,19,0
9,14,0
34,46,0
36,16,0
34,9,0
21,49,0
32,14,0
20,16,0
25,48,0
38,5,0
15,10,0
13,32,0
19,25,0
42,29,0
48,30,0
20,12,0
44,30,0
42,35,0
9,18,0
22,35,0
40,25,0
46,22,0
25,2,0
24,9,0
23,9,0
13,40,0
46,25,0
30,30,0
27,3,0
35,15,0
11,38,0
4,36,0
15,12,0
26,32,0
16,15,0
29,37,0
31,35,0
44,17,0
30,48,0
24,17,0
21,16,0
34,46,0
14,45,0
1,32,0
41,10,0
7,20,0
32,43,0
14,39,0
29,19,0
37,22,0
5,26,0
16,45,0
32,19,0
45,13,0
48,21,0
29,40,0
1,20,0
29,21,0
48,26,0
22,16,0
14,20,0
17,27,0
15,29,0
26,44,0
49,25,0
41,31,0
25,40,0
49,26,0
45,28,0
39,33,0
8,29,0
35,8,0
32,22,0
18,10,0
4,38,0
9,8,0
30,21,0
10,17,0
46,19,0
38,46,0
28,25,0
30,6,0
8,7,0
5,15,0
43,34,0
34,20,0
42,19,0
31,16,0
19,26,0
35,36,0
46,29,0
47,27,0
25,7,0
19,19,0
26,10,0
41,37,0
3,17,0
22,16,0
4,14,0
49,18,0
4,23,0
36,40,0
19,30,0
33,46,0
22,18,0
31,12,0
34,23,0
28,31,0
7,40,0
39,14,0
48,27,0
35,21,0
40,13,0
46,21,0
18,16,0
17,25,0
16,7,0
3,36,0
16,11,0
44,35,0
18,30,0
19,5,0
17,30,0
21,2,0
22,28,0
8,10,0
29,8,0
36,22,0
24,39,0
25,28,0
41,12,0
21,13,0
16,20,0
15,4,0
33,47,0
31,4,0
30,23,0
36,44,0
38,40,0
27,26,0
25,27,0
44,23,0
46,37,0
41,41,0
20,23,0
21,6,0
40,37,0
13,6,0
27,34,0
17,37,0
37,46,0
45,14,0
5,12,0
8,35,0
11,13,0
16,44,0
25,41,0
42,33,0
7,33,0
16,4,0
15,39,0
14,10,0
4,32,0
8,39,0
32,22,0
17,14,0
12,8,0
44,13,0
26,11,0
7,29,0
25,7,0
20,41,0
43,18,0
22,6,0
22,18,0
25,28,0
18,9,0
5,32,0
48,18,0
47,35,0
38,23,0
7,11,0
16,3,0
37,35,0
13,9,0
30,46,0
22,6,0
16,16,0
2,34,0
28,48,0
37,15,0
29,15,0
9,29,0
18,26,0
45,10,0
7,11,0
15,42,0
40,40,0
21,46,0
24,36,0
36,26,0
9,22,0
21,7,0
29,40,0
24,10,0
34,25,0
26,13,0
44,28,0
11,14,0
10,44,0
10,40,0
26,46,0
38,33,0
49,18,0
12,43,0
18,41,0
21,6,0
9,30,0
42,29,0
44,25,0
41,44,0
3,23,0
44,22,0
25,17,0
35,15,0
33,8,0
48,32,0
15,30,0
25,47,0
41,33,0
47,17,0
19,33,0
31,24,0
21,43,0
11,40,0
14,37,0
49,23,0
26,10,0
7,30,0
19,20,0
27,5,0
9,9,0
23,10,0
36,4,0
22,18,0
45,10,0
34,27,0
29,48,0
42,41,0
29,27,0
28,20,0
3,18,0
14,44,0
36,31,0
14,37,0
11,38,0
13,42,0
9,6,0
10,15,0
19,34,0
25,14,0
44,13,0
20,26,0
39,24,0
46,24,0
23,34,0
17,16,0
23,30,0
27,37,0
30,31,0
45,26,0
14,8,0
43,36,0
9,25,0
25,39,0
41,23,0
27,21,0
9,23,0
16,36,0
34,4,0
9,7,0
5,35,0
43,20,0
17,19,0
36,6,0
34,7,0
19,31,0
37,9,0
40,41,0
21,48,0
4,15,0
31,43,0
29,10,0
13,45,0
16,15,0
16,17,0
12,19,0
10,38,0
21,33,0
39,35,0
45,32,0
21,22,0
47,18,0
21,35,0
38,11,0
24,41,0
45,25,0
20,17,0
5,10,0
2,23,0
43,32,0
48,18,0
20,28,0
45,18,0
44,38,0
16,35,0
10,8,0
14,31,0
36,7,0
40,37,0
28,28,0
25,1,0
25,25,0
21,4,0
25,8,0
25,11,0
15,16,0
36,47,0
43,21,0
48,32,0
10,19,0
18,32,0
12,36,0
5,15,0
4,20,0
20,10,0
1,29,0
48,19,0
46,20,0
25,46,0
38,33,0
29,19,0
1,31,0
20,30,0
22,14,0
41,31,0
29,7,0
16,26,0
16,18,0
14,9,0
40,14,0
44,41,0
10,36,0
39,41,0
39,19,0
12,16,0
29,10,0
45,29,0
6,23,0
42,40,0
29,7,0
7,31,0
24,30,0
13,34,0
17,48,0
28,38,0
49,19,0
38,46,0
34,15,0
17,13,0
31,25,0
11,39,0
5,12,0
10,35,0
27,33,0
36,39,0
23,11,0
30,47,0
16,8,0
13,28,0
13,13,0
15,26,0
46,34,0
48,31,0
10,15,0
26,13,0
29,31,0
20,20,0
47,28,0
16,27,0
14,8,0
28,15,0
44,13,0
19,38,0
37,26,0
1,32,0
36,35,0
41,22,0
26,33,0
38,18,0
35,40,0
28,4,0
19,6,0
15,44,0
39,18,0
2,18,0
21,30,0
44,36,0
38,41,0
21,16,0
26,2,0
43,22,0
4,32,0
6,21,0
11,28,0
35,12,0
27,9,0
36,17,0
24,17,0
261,27,1
286,6,1
271,30,1
257,27,1
271,40,1
280,27,1
265,21,1
266,42,1
276,10,1
266,20,1
261,13,1
290,16,1
274,18,1
289,13,1
298,29,1
282,17,1
262,14,1
299,21,1
266,2,1
279,48,1
287,19,1
267,5,1
287,29,1
251,24,1
292,42,1
287,32,1
275,5,1
277,49,1
263,23,1
277,15,1
273,37,1
298,20,1
281,12,1
262,14,1
263,5,1
269,41,1
271,37,1
271,2,1
284,24,1
291,29,1
282,43,1
280,44,1
299,20,1
284,37,1
278,34,1
258,12,1
293,13,1
265,35,1
289,32,1
293,10,1
261,20,1
293,28,1
257,29,1
270,17,1
283,28,1
281,29,1
259,38,1
267,41,1
262,34,1
298,34,1
270,27,1
292,38,1
273,30,1
284,29,1
254,18,1
258,33,1
263,16,1
267,37,1
259,43,1
280,10,1
280,13,1
288,39,1
273,20,1
263,12,1
264,25,1
267,27,1
267,21,1
280,29,1
275,50,1
283,3,1
259,36,1
292,42,1
261,22,1
293,40,1
270,39,1
278,27,1
291,19,1
277,11,1
261,36,1
296,33,1
276,27,1
259,40,1
284,37,1
276,39,1
273,3,1
267,36,1
284,16,1
268,41,1
274,3,1
280,40,1
295,23,1
267,17,1
288,46,1
292,7,1
277,18,1
274,7,1
295,36,1
275,13,1
284,4,1
289,37,1
261,26,1
274,41,1
264,10,1
294,39,1
295,38,1
276,35,1
259,9,1
262,7,1
286,42,1
274,35,1
263,27,1
286,4,1
277,23,1
287,6,1
267,33,1
290,17,1
272,29,1
285,6,1
269,43,1
291,10,1
270,19,1
283,26,1
281,46,1
259,35,1
264,8,1
280,24,1
274,49,1
282,6,1
283,10,1
282,14,1
287,20,1
263,44,1
278,10,1
270,15,1
263,31,1
291,20,1
284,13,1
292,26,1
281,39,1
289,41,1
285,10,1
286,25,1
257,8,1
263,9,1
285,19,1
259,40,1
270,16,1
265,39,1
267,4,1
268,24,1
290,39,1
258,16,1
290,7,1
292,9,1
272,7,1
280,6,1
290,18,1
266,26,1
251,18,1
271,45,1
273,3,1
271,32,1
261,34,1
270,49,1
285,17,1
260,16,1
263,46,1
272,37,1
280,7,1
257,18,1
262,28,1
294,30,1
279,48,1
259,17,1
258,20,1
275,39,1
276,10,1
266,33,1
256,11,1
283,27,1
286,29,1
254,30,1
267,10,1
273,20,1
261,13,1
290,22,1
272,30,1
289,14,1
299,27,1
279,44,1
274,29,1
251,25,1
268,30,1
276,35,1
274,2,1
266,35,1
253,17,1
256,13,1
269,13,1
292,12,1
266,34,1
277,35,1
273,17,1
259,31,1
261,7,1
255,18,1
280,43,1
274,38,1
280,20,1
268,18,1
271,4,1
297,15,1
278,41,1
255,27,1
260,6,1
273,47,1
281,26,1
278,4,1
275,38,1
276,22,1
257,35,1
288,11,1
285,42,1
289,39,1
297,18,1
289,5,1
288,24,1
286,39,1
270,30,1
263,28,1
282,41,1
259,41,1
261,43,1
274,38,1
268,33,1
288,27,1
276,27,1
285,9,1
266,17,1
281,26,1
278,42,1
265,28,1
286,31,1
272,15,1
266,29,1
271,25,1
282,34,1
288,9,1
296,15,1
293,11,1
280,44,1
292,7,1
270,14,1
257,38,1
285,30,1
280,22,1
272,4,1
295,34,1
269,45,1
276,29,1
254,20,1
261,12,1
276,26,1
281,15,1
285,29,1
278,43,1
264,33,1
283,29,1
277,17,1
263,41,1
272,39,1
266,14,1
299,22,1
293,23,1
274,16,1
290,16,1
290,15,1
257,26,1
287,28,1
276,35,1
282,19,1
252,31,1
261,16,1
270,39,1
283,17,1
282,42,1
279,34,1
272,23,1
262,42,1
284,28,1
280,27,1
251,20,1
269,29,1
298,20,1
278,33,1
264,33,1
255,26,1
285,12,1
285,13,1
254,25,1
271,34,1
290,17,1
292,16,1
285,16,1
267,17,1
295,39,1
274,18,1
271,4,1
283,40,1
256,32,1
272,18,1
294,18,1
266,35,1
265,10,1
270,1,1
261,23,1
258,30,1
293,32,1
256,17,1
281,7,1
278,12,1
273,14,1
264,26,1
253,27,1
276,6,1
256,17,1
274,19,1
273,45,1
279,44,1
294,19,1
282,27,1
280,30,1
256,20,1
259,35,1
275,45,1
251,32,1
284,39,1
263,4,1
255,18,1
257,14,1
260,41,1
268,19,1
275,24,1
285,43,1
268,41,1
255,25,1
270,41,1
254,18,1
256,15,1
280,11,1
280,22,1
291,28,1
259,23,1
282,44,1
270,18,1
263,40,1
267,4,1
260,30,1
268,37,1
286,41,1
277,16,1
287,22,1
273,36,1
261,33,1
286,18,1
275,5,1
262,4,1
255,27,1
283,9,1
279,11,1
278,31,1
269,49,1
274,45,1
291,24,1
294,10,1
273,15,1
270,31,1
262,11,1
291,36,1
281,41,1
288,45,1
289,44,1
292,34,1
263,44,1
291,10,1
277,23,1
253,20,1
254,15,1
296,17,1
256,34,1
282,36,1
263,44,1
297,22,1
278,20,1
283,30,1
269,39,1
264,38,1
292,11,1
284,36,1
273,10,1
265,29,1
270,10,1
258,14,1
272,6,1
274,48,1
262,37,1
289,39,1
272,7,1
283,29,1
278,14,1
269,45,1
265,3,1
262,43,1
295,11,1
258,18,1
270,16,1
268,26,1
257,33,1
294,35,1
279,41,1
270,22,1
290,12,1
280,13,1
272,17,1
285,3,1
286,22,1
270,43,1
251,22,1
253,19,1
253,33,1
264,43,1
278,9,1
294,10,1
272,42,1
263,16,1
289,42,1
288,18,1
296,26,1
280,35,1
270,24,1
262,40,1
284,42,1
297,25,1
292,24,1
264,45,1
286,18,1
287,30,1
284,32,1
287,4,1
291,38,1
280,22,1
278,33,1
278,13,1
282,40,1
276,33,1
281,2,1
291,27,1
291,26,1
263,46,1
263,17,1
253,24,1
273,36,1
266,2,1
264,37,1
281,3,1
281,38,1
294,31,1
290,12,1
272,47,1
297,18,1
263,43,1
276,3,1
266,25,1
286,5,1
290,34,1
277,15,1
254,28,1
280,32,1
292,42,1
280,48,1
293,14,1
260,39,1
285,18,1
271,41,1
278,49,1
274,32,1
261,20,1
271,33,1
275,11,1
277,35,1
