15,43,0
41,31,0
32,29,0
37,4,0
36,26,0
32,28,0
42,26,0
37,43,0
30,13,0
8,41,0
40,12,0
12,38,0
8,33,0
5,18,0
19,28,0
5,28,0
36,45,0
9,11,0
46,12,0
16,25,0
33,14,0
4,25,0
26,35,0
31,48,0
8,27,0
38,45,0
29,8,0
5,16,0
28,44,0
14,13,0
17,41,0
29,42,0
24,14,0
49,24,0
29,3,0
18,37,0
9,6,0
25,42,0
35,47,0
18,11,0
6,18,0
43,23,0
37,36,0
40,38,0
5,25,0
14,20,0
23,27,0
5,15,0
23,5,0
30,7,0
6,22,0
22,40,0
10,40,0
21,46,0
33,16,0
21,40,0
12,13,0
40,26,0
43,17,0
17,36,0
16,18,0
32,46,0
34,38,0
44,26,0
6,11,0
36,28,0
12,6,0
13,9,0
3,33,0
28,3,0
41,44,0
8,11,0
11,27,0
32,2,0
21,36,0
11,20,0
34,45,0
20,18,0
29,33,0
11,17,0
24,24,0
26,11,0
10,36,0
41,20,0
12,13,0
9,14,0
20,4,0
31,43,0
14,11,0
9,34,0
31,17,0
34,17,0
27,37,0
26,23,0
14,21,0
29,5,0
21,6,0
25,15,0
28,16,0
39,18,0
4,34,0
23,37,0
23,5,0
47,32,0
5,31,0
28,39,0
12,39,0
17,48,0
40,12,0
28,3,0
15,29,0
32,42,0
12,16,0
29,12,0
45,12,0
25,42,0
47,14,0
29,13,0
31,23,0
33,48,0
32,21,0
49,23,0
29,10,0
11,31,0
13,22,0
17,8,0
39,11,0
26,12,0
13,32,0
3,26,0
11,39,0
29,49,0
24,44,0
22,2,0
25,14,0
12,23,0
4,30,0
2,24,0
30,29,0
4,18,0
4,29,0
43,36,0
24,47,0
26,47,0
30,9,0
22,4,0
20,40,0
17,26,0
10,30,0
18,8,0
7,10,0
36,10,0
17,48,0
45,16,0
19,9,0
11,23,0
28,2,0
8,25,0
34,14,0
46,38,0
40,45,0
8,11,0
30,2,0
29,27,0
31,29,0
29,19,0
24,35,0
8,12,0
29,1,0
30,32,0
4,15,0
10,28,0
13,36,0
7,20,0
18,22,0
30,25,0
29,34,0
30,30,0
24,9,0
28,30,0
8,26,0
38,26,0
17,45,0
19,42,0
37,17,0
26,45,0
19,4,0
35,36,0
35,45,0
28,44,0
22,10,0
29,12,0
17,45,0
19,22,0
23,4,0
38,32,0
17,22,0
46,30,0
8,25,0
35,17,0
40,6,0
38,7,0
16,12,0
33,48,0
18,20,0
40,35,0
45,39,0
29,13,0
28,47,0
9,36,0
20,23,0
33,10,0
39,24,0
13,9,0
34,6,0
36,11,0
36,12,0
32,16,0
39,15,0
35,38,0
14,26,0
11,11,0
28,48,0
36,19,0
9,26,0
14,14,0
17,26,0
47,17,0
39,43,0
13,44,0
46,37,0
23,49,0
12,23,0
35,29,0
5,23,0
16,35,0
28,35,0
45,27,0
11,15,0
34,11,0
29,6,0
43,37,0
22,43,0
28,14,0
32,39,0
28,44,0
20,4,0
39,27,0
5,27,0
19,39,0
312,17,1
304,32,1
334,32,1
313,13,1
324,48,1
336,4,1
345,36,1
322,1,1
311,16,1
327,37,1
311,9,1
340,31,1
314,35,1
328,11,1
328,8,1
315,20,1
307,27,1
320,15,1
331,16,1
317,14,1
309,35,1
323,32,1
328,25,1
343,32,1
308,30,1
328,42,1
303,28,1
333,12,1
306,39,1
317,31,1
311,13,1
315,34,1
304,29,1
338,9,1
316,16,1
336,12,1
316,21,1
330,45,1
315,43,1
342,13,1
303,29,1
339,5,1
326,23,1
334,6,1
316,8,1
324,32,1
319,48,1
314,26,1
344,11,1
314,13,1
327,16,1
333,35,1
326,18,1
309,9,1
317,20,1
335,20,1
338,24,1
327,9,1
330,24,1
306,36,1
304,32,1
343,37,1
341,34,1
317,18,1
324,30,1
327,22,1
316,10,1
330,46,1
302,30,1
337,25,1
307,24,1
313,24,1
327,32,1
334,26,1
331,14,1
348,25,1
344,12,1
349,19,1
303,18,1
320,14,1
317,26,1
331,8,1
345,19,1
320,13,1
348,34,1
330,5,1
329,33,1
330,39,1
330,37,1
343,21,1
331,18,1
339,24,1
326,39,1
311,7,1
321,45,1
342,18,1
330,4,1
344,25,1
336,44,1
321,35,1
319,34,1
325,15,1
331,41,1
346,12,1
333,45,1
331,31,1
326,16,1
317,18,1
315,25,1
318,47,1
325,22,1
322,37,1
305,30,1
341,32,1
328,7,1
328,5,1
339,30,1
310,11,1
308,32,1
327,47,1
321,33,1
307,19,1
321,42,1
325,27,1
337,8,1
329,5,1
330,30,1
325,18,1
341,33,1
348,34,1
323,14,1
327,5,1
331,17,1
322,13,1
320,6,1
303,25,1
310,21,1
329,25,1
327,9,1
321,46,1
333,21,1
336,36,1
306,30,1
338,5,1
327,13,1
331,29,1
313,28,1
313,30,1
334,6,1
314,39,1
321,37,1
308,21,1
309,32,1
310,33,1
332,47,1
310,42,1
330,5,1
318,13,1
318,7,1
319,25,1
342,10,1
325,44,1
339,40,1
337,39,1
328,25,1
339,32,1
316,11,1
347,26,1
349,18,1
313,29,1
341,22,1
311,28,1
321,34,1
313,8,1
346,34,1
320,44,1
323,4,1
337,29,1
320,22,1
340,27,1
317,28,1
333,6,1
314,36,1
312,36,1
340,38,1
316,40,1
331,41,1
315,30,1
306,32,1
342,16,1
332,13,1
319,25,1
311,29,1
349,19,1
345,33,1
308,17,1
333,36,1
309,11,1
347,36,1
330,17,1
342,43,1
316,11,1
310,11,1
316,34,1
325,17,1
316,20,1
344,35,1
314,5,1
305,16,1
306,40,1
312,23,1
324,29,1
306,38,1
307,19,1
340,32,1
327,16,1
328,15,1
331,31,1
307,26,1
338,31,1
332,34,1
323,30,1
336,21,1
318,31,1
310,13,1
326,3,1
327,45,1
311,35,1
330,31,1
325,19,1
328,38,1
333,13,1
331,26,1
326,44,1
340,41,1
315,40,1
330,41,1
332,15,1
332,47,1
306,15,1
305,33,1
320,45,1
329,15,1
318,11,1
315,10,1
304,29,1
306,31,1
318,35,1
344,31,1
316,44,1
