35,6,0
10,40,0
15,29,0
32,15,0
4,18,0
37,32,0
12,12,0
15,38,0
8,30,0
31,26,0
12,11,0
35,45,0
18,21,0
28,7,0
23,30,0
34,43,0
42,19,0
48,17,0
5,29,0
32,37,0
26,34,0
42,24,0
8,9,0
38,33,0
40,29,0
6,41,0
6,39,0
27,8,0
33,8,0
26,4,0
47,32,0
41,42,0
48,33,0
12,41,0
4,26,0
18,16,0
44,23,0
43,30,0
5,34,0
24,49,0
14,4,0
19,35,0
23,5,0
28,5,0
12,21,0
37,9,0
12,6,0
16,8,0
5,24,0
33,24,0
12,21,0
25,13,0
46,30,0
18,33,0
44,19,0
27,36,0
15,6,0
46,20,0
45,32,0
26,48,0
36,18,0
38,42,0
41,34,0
31,19,0
11,38,0
49,19,0
41,31,0
29,14,0
22,48,0
18,34,0
39,16,0
8,43,0
29,49,0
9,37,0
14,38,0
43,37,0
49,22,0
21,5,0
41,21,0
10,33,0
22,12,0
12,10,0
30,27,0
25,17,0
10,20,0
1,24,0
42,32,0
14,17,0
28,8,0
26,27,0
13,27,0
19,30,0
6,22,0
15,23,0
19,3,0
38,32,0
9,42,0
6,34,0
17,35,0
6,37,0
12,15,0
40,28,0
22,8,0
5,26,0
19,11,0
26,40,0
21,9,0
38,10,0
3,31,0
18,40,0
22,4,0
31,23,0
13,39,0
27,21,0
13,13,0
35,47,0
7,27,0
43,34,0
26,44,0
11,9,0
27,3,0
22,1,0
31,38,0
48,16,0
21,7,0
48,20,0
28,13,0
30,28,0
38,30,0
11,24,0
12,36,0
15,19,0
40,21,0
36,37,0
21,39,0
28,32,0
32,20,0
28,15,0
35,9,0
25,15,0
13,31,0
49,25,0
28,32,0
22,22,0
40,33,0
12,12,0
32,6,0
34,23,0
30,8,0
33,4,0
32,11,0
39,8,0
27,46,0
39,15,0
16,48,0
14,20,0
41,12,0
47,31,0
34,2,0
36,22,0
37,38,0
41,18,0
15,12,0
35,21,0
10,23,0
31,15,0
27,20,0
29,47,0
10,29,0
38,4,0
24,43,0
32,27,0
19,32,0
16,10,0
21,20,0
31,49,0
18,34,0
11,33,0
9,44,0
34,30,0
13,29,0
12,4,0
36,25,0
41,41,0
13,38,0
35,15,0
45,36,0
13,44,0
11,23,0
37,9,0
11,25,0
28,20,0
40,7,0
32,20,0
10,36,0
10,34,0
3,30,0
31,28,0
46,36,0
21,47,0
16,39,0
39,7,0
15,19,0
14,8,0
43,13,0
38,17,0
6,16,0
14,31,0
6,29,0
40,37,0
13,24,0
30,20,0
17,32,0
22,13,0
3,22,0
35,38,0
43,19,0
39,34,0
8,13,0
21,28,0
3,20,0
18,40,0
2,32,0
46,36,0
30,12,0
31,25,0
22,3,0
19,9,0
16,39,0
34,4,0
3,16,0
41,41,0
25,22,0
17,41,0
10,24,0
24,46,0
30,9,0
11,39,0
11,7,0
23,31,0
15,13,0
18,45,0
9,43,0
18,22,0
32,37,0
41,30,0
34,8,0
28,18,0
28,5,0
13,42,0
281,24,1
257,44,1
252,28,1
247,11,1
278,32,1
254,35,1
245,15,1
252,39,1
275,13,1
245,15,1
258,7,1
271,48,1
270,49,1
261,49,1
245,40,1
261,15,1
264,37,1
268,40,1
247,29,1
260,40,1
258,43,1
268,42,1
262,5,1
280,40,1
259,35,1
275,29,1
249,13,1
268,23,1
265,34,1
276,10,1
286,35,1
258,1,1
267,9,1
270,13,1
242,34,1
268,44,1
283,41,1
250,32,1
260,8,1
276,37,1
270,49,1
263,29,1
262,37,1
270,38,1
254,42,1
281,19,1
264,32,1
271,27,1
265,41,1
247,19,1
277,33,1
271,15,1
254,31,1
285,26,1
246,15,1
272,11,1
254,21,1
283,14,1
270,12,1
246,27,1
257,42,1
264,5,1
269,30,1
285,17,1
259,18,1
259,23,1
266,21,1
252,35,1
263,6,1
282,8,1
253,32,1
255,17,1
276,7,1
248,28,1
265,12,1
248,39,1
253,17,1
279,29,1
257,42,1
279,44,1
265,48,1
251,22,1
253,38,1
284,22,1
263,29,1
255,22,1
248,38,1
261,35,1
267,5,1
245,18,1
249,8,1
287,14,1
269,22,1
283,32,1
258,39,1
265,38,1
283,24,1
251,7,1
276,9,1
260,19,1
249,42,1
270,34,1
280,13,1
273,38,1
289,30,1
267,38,1
283,18,1
285,37,1
244,38,1
270,34,1
263,28,1
255,28,1
256,32,1
273,3,1
251,42,1
267,18,1
241,24,1
275,37,1
259,44,1
282,11,1
259,24,1
270,16,1
257,2,1
257,39,1
251,7,1
271,45,1
285,35,1
248,31,1
248,36,1
245,25,1
245,37,1
260,49,1
271,48,1
241,25,1
258,30,1
246,39,1
272,38,1
250,29,1
259,13,1
267,18,1
253,44,1
286,22,1
280,14,1
267,36,1
273,33,1
264,32,1
265,41,1
284,29,1
245,24,1
249,35,1
252,17,1
279,31,1
261,9,1
261,35,1
259,13,1
266,49,1
273,24,1
249,38,1
258,20,1
262,3,1
285,10,1
282,15,1
259,7,1
247,25,1
243,19,1
256,30,1
251,13,1
264,44,1
289,20,1
287,20,1
276,18,1
243,30,1
285,30,1
273,39,1
258,22,1
260,21,1
287,14,1
259,19,1
264,42,1
265,32,1
244,30,1
280,14,1
266,11,1
250,42,1
248,26,1
280,20,1
259,21,1
254,12,1
249,32,1
286,34,1
249,15,1
259,42,1
273,12,1
266,16,1
252,40,1
270,31,1
276,38,1
282,39,1
274,14,1
262,26,1
249,11,1
245,35,1
262,14,1
261,44,1
268,8,1
281,26,1
253,6,1
271,43,1
262,16,1
266,24,1
265,36,1
255,43,1
267,22,1
264,9,1
270,16,1
254,26,1
271,22,1
265,8,1
264,28,1
268,26,1
243,28,1
276,10,1
286,27,1
273,36,1
272,20,1
263,44,1
279,29,1
272,21,1
271,15,1
265,25,1
277,34,1
242,18,1
289,18,1
266,31,1
248,29,1
251,44,1
243,21,1
270,5,1
249,39,1
250,11,1
285,37,1
283,23,1
263,36,1
276,36,1
258,7,1
267,48,1
269,13,1
251,44,1
288,24,1
257,34,1
