34,45,0
20,1,0
17,33,0
24,37,0
38,15,0
10,24,0
37,36,0
46,29,0
41,16,0
28,49,0
18,46,0
46,37,0
45,36,0
14,5,0
15,31,0
9,41,0
34,28,0
7,11,0
30,41,0
15,8,0
15,7,0
20,13,0
13,41,0
35,30,0
39,43,0
25,29,0
45,29,0
32,9,0
35,30,0
27,2,0
17,16,0
13,31,0
18,20,0
38,14,0
47,14,0
20,22,0
40,31,0
17,11,0
32,4,0
10,30,0
13,35,0
33,8,0
36,14,0
29,7,0
7,27,0
38,8,0
34,43,0
47,14,0
18,35,0
23,38,0
47,23,0
22,10,0
21,40,0
34,11,0
5,38,0
45,20,0
32,31,0
22,2,0
12,30,0
49,31,0
8,33,0
12,31,0
4,33,0
8,10,0
9,36,0
10,6,0
30,9,0
34,36,0
37,17,0
32,42,0
31,45,0
41,8,0
44,12,0
9,43,0
46,18,0
37,20,0
7,37,0
31,22,0
36,41,0
39,37,0
18,31,0
24,30,0
3,35,0
11,12,0
25,42,0
9,21,0
31,22,0
5,32,0
20,15,0
32,42,0
48,23,0
18,40,0
43,23,0
41,34,0
18,49,0
28,34,0
2,17,0
26,27,0
23,23,0
37,24,0
44,20,0
38,45,0
16,46,0
23,48,0
10,20,0
22,1,0
10,44,0
28,37,0
42,43,0
14,27,0
12,41,0
35,3,0
16,39,0
29,41,0
3,27,0
34,45,0
40,32,0
44,11,0
44,28,0
29,34,0
15,18,0
44,23,0
8,22,0
37,34,0
33,11,0
43,12,0
24,24,0
5,21,0
20,36,0
16,47,0
35,14,0
41,7,0
29,48,0
30,23,0
2,19,0
21,6,0
6,32,0
31,31,0
25,26,0
22,33,0
23,4,0
28,39,0
17,20,0
34,24,0
22,47,0
46,16,0
13,23,0
32,20,0
37,46,0
28,47,0
42,7,0
44,11,0
35,46,0
16,16,0
20,42,0
27,22,0
12,31,0
14,20,0
8,21,0
29,48,0
47,16,0
15,18,0
48,22,0
14,16,0
22,44,0
17,30,0
24,48,0
39,19,0
30,40,0
35,4,0
36,24,0
42,7,0
47,22,0
23,24,0
37,29,0
18,24,0
17,14,0
12,7,0
37,33,0
28,13,0
38,39,0
16,3,0
35,17,0
11,21,0
10,28,0
22,22,0
35,7,0
31,44,0
27,21,0
21,31,0
14,45,0
30,24,0
43,9,0
12,29,0
23,46,0
39,40,0
16,33,0
39,33,0
17,30,0
3,35,0
23,3,0
26,16,0
29,33,0
37,5,0
46,14,0
19,1,0
6,32,0
20,4,0
43,10,0
41,37,0
15,33,0
7,18,0
45,25,0
14,37,0
24,24,0
12,17,0
2,25,0
48,21,0
13,9,0
27,8,0
5,34,0
14,14,0
9,30,0
44,39,0
35,7,0
23,48,0
23,42,0
19,15,0
2,28,0
24,31,0
1,22,0
11,16,0
39,13,0
9,34,0
26,34,0
5,19,0
11,27,0
9,30,0
12,5,0
28,22,0
11,22,0
19,35,0
26,3,0
20,39,0
38,27,0
24,26,0
21,2,0
19,28,0
8,12,0
18,31,0
340,37,1
307,25,1
348,17,1
344,23,1
304,29,1
321,25,1
314,14,1
338,10,1
333,31,1
342,36,1
337,25,1
329,29,1
310,6,1
349,18,1
329,14,1
309,35,1
348,27,1
329,31,1
306,29,1
314,30,1
315,14,1
310,16,1
325,47,1
342,39,1
319,37,1
341,24,1
329,35,1
341,37,1
329,6,1
337,4,1
342,18,1
320,28,1
316,16,1
340,5,1
328,12,1
315,16,1
342,32,1
344,39,1
341,28,1
320,24,1
323,9,1
326,40,1
335,38,1
322,43,1
337,4,1
335,46,1
347,35,1
336,18,1
308,28,1
312,11,1
337,6,1
303,34,1
320,29,1
329,25,1
338,46,1
345,34,1
325,44,1
318,5,1
328,18,1
325,2,1
316,9,1
341,13,1
333,26,1
307,15,1
342,40,1
335,15,1
332,17,1
337,13,1
329,45,1
336,27,1
327,21,1
341,13,1
325,14,1
308,11,1
308,43,1
337,19,1
347,27,1
339,45,1
322,43,1
301,18,1
337,18,1
321,17,1
316,41,1
332,36,1
344,26,1
331,45,1
327,19,1
325,30,1
324,43,1
331,44,1
344,41,1
308,28,1
307,36,1
318,22,1
308,18,1
321,41,1
345,38,1
319,25,1
315,26,1
327,36,1
337,31,1
342,16,1
344,26,1
343,17,1
319,5,1
341,7,1
301,31,1
326,13,1
323,46,1
337,43,1
344,35,1
302,29,1
328,14,1
305,12,1
321,14,1
340,26,1
319,36,1
317,19,1
337,23,1
324,8,1
347,32,1
322,41,1
305,22,1
310,45,1
320,25,1
342,35,1
345,16,1
325,31,1
310,42,1
304,17,1
323,25,1
318,46,1
327,29,1
336,42,1
337,46,1
330,45,1
345,11,1
303,25,1
322,44,1
344,22,1
341,9,1
330,6,1
310,9,1
325,29,1
312,40,1
315,38,1
342,19,1
324,1,1
337,31,1
323,39,1
341,37,1
331,5,1
345,17,1
318,34,1
323,40,1
332,9,1
346,35,1
344,39,1
323,27,1
331,16,1
327,14,1
316,13,1
330,24,1
309,10,1
300,25,1
338,31,1
341,31,1
315,35,1
335,42,1
336,32,1
346,16,1
340,18,1
314,30,1
307,20,1
316,8,1
324,15,1
325,50,1
315,15,1
340,27,1
339,7,1
332,42,1
310,7,1
311,12,1
337,16,1
318,36,1
340,8,1
334,7,1
329,13,1
311,13,1
327,7,1
325,16,1
323,39,1
306,14,1
334,45,1
327,10,1
335,45,1
347,34,1
332,4,1
324,32,1
304,29,1
318,15,1
318,35,1
340,39,1
326,15,1
330,34,1
325,20,1
322,39,1
338,11,1
314,12,1
335,29,1
322,39,1
315,42,1
315,37,1
342,43,1
349,30,1
332,12,1
338,32,1
318,2,1
314,5,1
308,30,1
342,43,1
321,7,1
327,16,1
311,38,1
335,37,1
325,48,1
326,4,1
304,22,1
307,34,1
311,29,1
321,15,1
343,42,1
327,34,1
320,8,1
333,5,1
317,38,1
339,26,1
309,8,1
333,34,1
324,48,1
336,9,1
314,3,1
325,11,1
331,38,1
330,44,1
343,23,1
317,26,1
325,48,1
329,10,1
310,31,1
