32,36,0
38,40,0
11,25,0
25,43,0
19,42,0
22,6,0
19,46,0
7,22,0
22,42,0
15,28,0
37,28,0
21,14,0
9,22,0
16,14,0
32,46,0
9,42,0
15,31,0
19,6,0
26,40,0
42,10,0
46,14,0
7,35,0
25,41,0
24,9,0
18,15,0
10,42,0
27,11,0
24,32,0
13,7,0
39,30,0
13,30,0
4,36,0
1,31,0
47,24,0
41,41,0
28,12,0
18,24,0
26,2,0
18,28,0
38,43,0
41,11,0
33,34,0
38,11,0
27,27,0
24,35,0
6,15,0
30,14,0
9,18,0
28,27,0
40,26,0
21,47,0
27,5,0
23,13,0
1,18,0
12,18,0
11,43,0
10,31,0
25,28,0
24,46,0
25,9,0
25,0,0
26,12,0
35,13,0
48,25,0
42,29,0
42,15,0
21,43,0
34,23,0
21,36,0
35,5,0
8,21,0
6,32,0
39,40,0
27,23,0
9,27,0
43,41,0
8,20,0
26,17,0
42,15,0
30,12,0
20,14,0
26,3,0
30,12,0
14,34,0
31,29,0
23,20,0
17,34,0
8,40,0
8,42,0
39,9,0
29,25,0
21,2,0
34,37,0
12,8,0
17,9,0
13,19,0
36,7,0
13,9,0
8,39,0
48,25,0
17,41,0
39,26,0
23,13,0
25,6,0
37,25,0
25,23,0
24,33,0
44,24,0
14,29,0
41,27,0
9,44,0
13,37,0
26,45,0
12,23,0
30,20,0
30,45,0
40,42,0
31,12,0
21,49,0
14,21,0
7,19,0
10,17,0
38,9,0
31,11,0
38,8,0
24,39,0
21,26,0
11,37,0
20,48,0
45,12,0
2,24,0
19,20,0
31,43,0
38,23,0
2,29,0
37,35,0
20,21,0
22,3,0
40,43,0
41,30,0
35,30,0
44,25,0
19,44,0
14,28,0
11,17,0
11,10,0
41,41,0
31,49,0
2,31,0
46,21,0
22,41,0
29,13,0
17,28,0
6,21,0
23,12,0
29,32,0
45,18,0
24,24,0
41,6,0
35,30,0
1,25,0
32,34,0
17,11,0
36,35,0
38,43,0
28,30,0
17,47,0
35,18,0
47,29,0
12,7,0
20,7,0
25,31,0
43,9,0
9,22,0
30,31,0
30,22,0
37,38,0
44,17,0
41,44,0
44,23,0
18,21,0
43,27,0
20,3,0
25,28,0
6,34,0
40,16,0
20,34,0
35,31,0
24,9,0
40,26,0
28,34,0
20,43,0
25,2,0
15,42,0
30,39,0
17,31,0
48,32,0
32,24,0
18,30,0
40,20,0
9,42,0
12,13,0
2,28,0
37,38,0
29,30,0
47,22,0
41,33,0
19,37,0
35,35,0
19,49,0
24,4,0
13,5,0
4,12,0
34,37,0
46,31,0
17,26,0
28,21,0
31,29,0
4,22,0
15,29,0
12,31,0
5,12,0
11,13,0
45,26,0
38,4,0
12,46,0
48,26,0
18,4,0
30,6,0
30,9,0
49,25,0
7,36,0
23,27,0
32,20,0
42,15,0
20,38,0
36,46,0
16,36,0
42,11,0
29,26,0
43,11,0
29,16,0
9,29,0
14,44,0
20,16,0
41,31,0
7,24,0
15,25,0
22,33,0
47,24,0
283,27,1
273,21,1
277,41,1
274,27,1
256,48,1
287,29,1
280,31,1
287,18,1
281,22,1
266,3,1
264,37,1
280,27,1
256,12,1
249,10,1
250,26,1
288,25,1
266,27,1
257,7,1
285,26,1
277,22,1
264,41,1
264,5,1
247,9,1
275,21,1
274,16,1
257,46,1
284,20,1
248,43,1
269,30,1
252,11,1
275,8,1
265,13,1
264,12,1
258,20,1
263,43,1
285,28,1
280,31,1
271,18,1
278,18,1
258,41,1
259,14,1
278,45,1
251,15,1
264,8,1
262,37,1
278,18,1
279,36,1
260,30,1
248,24,1
259,37,1
282,26,1
289,25,1
269,13,1
284,29,1
271,40,1
249,43,1
257,19,1
248,7,1
278,18,1
283,27,1
256,42,1
280,35,1
256,48,1
277,6,1
270,18,1
286,19,1
265,37,1
255,5,1
271,20,1
255,12,1
253,30,1
273,40,1
250,29,1
266,31,1
288,19,1
265,22,1
276,5,1
254,20,1
255,3,1
255,33,1
258,2,1
276,36,1
274,10,1
247,21,1
247,14,1
250,10,1
277,32,1
260,17,1
276,14,1
266,2,1
258,44,1
242,31,1
252,18,1
270,40,1
278,16,1
265,6,1
280,28,1
264,16,1
286,33,1
274,32,1
266,11,1
273,48,1
251,20,1
261,13,1
268,32,1
262,29,1
266,22,1
270,16,1
273,44,1
264,32,1
279,25,1
246,21,1
255,8,1
255,22,1
280,40,1
259,25,1
274,7,1
262,9,1
261,35,1
278,40,1
277,18,1
278,46,1
283,12,1
265,26,1
267,46,1
281,36,1
259,12,1
257,37,1
270,36,1
250,12,1
283,15,1
284,19,1
280,21,1
283,38,1
289,23,1
252,42,1
262,38,1
256,2,1
258,38,1
245,20,1
269,30,1
264,2,1
263,32,1
252,25,1
258,9,1
276,4,1
278,46,1
264,34,1
263,5,1
257,13,1
251,44,1
269,41,1
259,13,1
247,14,1
266,39,1
274,14,1
278,29,1
267,9,1
273,10,1
251,9,1
267,36,1
266,38,1
268,35,1
270,24,1
284,24,1
264,44,1
263,14,1
259,15,1
269,32,1
276,10,1
249,21,1
277,32,1
267,48,1
259,32,1
251,29,1
258,42,1
256,13,1
259,24,1
271,2,1
282,17,1
268,40,1
253,36,1
276,44,1
253,5,1
251,30,1
289,32,1
270,43,1
276,42,1
275,28,1
285,22,1
284,18,1
271,31,1
246,35,1
248,43,1
257,8,1
245,22,1
268,7,1
242,32,1
255,28,1
264,5,1
282,37,1
281,44,1
248,38,1
264,24,1
273,47,1
272,37,1
248,35,1
258,9,1
267,34,1
278,39,1
261,30,1
248,38,1
273,34,1
255,11,1
260,35,1
283,28,1
254,23,1
277,24,1
246,12,1
272,12,1
255,19,1
256,18,1
263,37,1
252,26,1
262,24,1
264,20,1
279,35,1
257,28,1
241,29,1
283,22,1
258,20,1
266,31,1
255,9,1
261,41,1
281,20,1
267,20,1
251,11,1
257,12,1
275,31,1
276,35,1
274,46,1
286,19,1
284,37,1
273,18,1
260,32,1
265,44,1
277,43,1
275,43,1
266,34,1
265,18,1
