48,21,0
21,48,0
14,25,0
48,33,0
11,8,0
38,30,0
19,7,0
10,6,0
10,22,0
20,27,0
34,11,0
31,7,0
26,2,0
17,12,0
28,16,0
41,22,0
42,32,0
22,35,0
43,15,0
11,45,0
16,46,0
28,4,0
47,34,0
11,26,0
16,30,0
36,10,0
46,33,0
29,41,0
39,42,0
33,33,0
17,18,0
34,30,0
10,29,0
37,25,0
13,29,0
24,2,0
29,35,0
22,32,0
3,36,0
49,26,0
25,41,0
45,16,0
14,37,0
29,28,0
23,5,0
32,28,0
36,21,0
36,34,0
8,38,0
40,6,0
19,37,0
5,27,0
29,37,0
6,32,0
45,19,0
18,25,0
43,37,0
33,22,0
26,18,0
21,1,0
36,25,0
31,14,0
37,31,0
38,6,0
30,43,0
41,14,0
34,26,0
21,10,0
29,20,0
25,14,0
9,42,0
35,47,0
6,38,0
22,1,0
6,9,0
24,43,0
4,17,0
26,2,0
22,19,0
29,28,0
18,43,0
24,41,0
6,41,0
28,3,0
46,19,0
26,28,0
21,37,0
8,28,0
14,45,0
29,35,0
18,4,0
3,15,0
40,42,0
20,18,0
19,17,0
29,23,0
18,30,0
17,26,0
24,30,0
40,34,0
41,36,0
24,22,0
27,43,0
19,25,0
16,14,0
22,28,0
13,27,0
37,43,0
8,21,0
40,27,0
32,9,0
27,17,0
18,35,0
38,11,0
16,3,0
27,23,0
43,42,0
42,14,0
18,39,0
25,32,0
36,13,0
44,29,0
13,37,0
25,32,0
21,10,0
28,38,0
7,42,0
13,40,0
44,11,0
7,29,0
36,40,0
0,25,0
7,28,0
18,31,0
29,42,0
23,3,0
21,33,0
25,6,0
19,10,0
11,38,0
41,26,0
43,40,0
24,4,0
33,22,0
26,42,0
45,28,0
32,24,0
46,23,0
12,39,0
33,44,0
42,9,0
21,10,0
28,5,0
41,37,0
26,29,0
29,22,0
37,38,0
22,3,0
24,30,0
47,27,0
47,16,0
34,6,0
32,25,0
33,7,0
21,49,0
19,12,0
21,7,0
16,19,0
11,22,0
14,15,0
5,39,0
18,11,0
19,19,0
30,41,0
37,43,0
9,26,0
18,8,0
8,35,0
9,12,0
24,27,0
38,39,0
8,8,0
15,39,0
33,30,0
18,31,0
9,15,0
44,32,0
45,39,0
31,18,0
30,29,0
4,22,0
49,32,0
21,30,0
16,28,0
32,24,0
30,8,0
10,12,0
9,17,0
18,17,0
47,34,0
15,40,0
8,37,0
40,16,0
39,32,0
49,29,0
38,37,0
9,12,0
28,26,0
27,27,0
18,6,0
20,19,0
45,18,0
36,34,0
20,40,0
34,42,0
7,38,0
12,45,0
47,20,0
27,20,0
19,9,0
33,5,0
33,6,0
33,44,0
31,21,0
13,26,0
47,16,0
13,46,0
21,23,0
31,20,0
34,18,0
10,42,0
44,32,0
22,28,0
37,4,0
10,39,0
30,11,0
47,22,0
47,30,0
25,22,0
3,21,0
23,38,0
39,24,0
17,14,0
10,18,0
25,0,0
12,12,0
30,46,0
29,6,0
40,18,0
15,9,0
243,18,1
252,47,1
256,23,1
259,45,1
246,33,1
230,9,1
241,34,1
225,20,1
223,24,1
240,36,1
257,40,1
243,21,1
258,45,1
264,11,1
235,37,1
250,43,1
249,25,1
247,16,1
261,30,1
222,30,1
244,29,1
269,21,1
240,39,1
248,45,1
228,10,1
261,8,1
244,30,1
259,29,1
264,17,1
236,8,1
234,9,1
257,7,1
249,47,1
252,24,1
230,8,1
226,19,1
253,24,1
243,18,1
229,33,1
251,29,1
252,41,1
230,5,1
226,35,1
243,35,1
253,41,1
260,18,1
259,24,1
261,23,1
232,17,1
233,18,1
231,27,1
246,8,1
236,42,1
257,30,1
245,39,1
250,20,1
254,24,1
239,22,1
253,19,1
270,25,1
230,39,1
240,36,1
265,32,1
252,10,1
255,47,1
234,14,1
260,19,1
255,43,1
265,37,1
231,20,1
260,35,1
248,31,1
253,10,1
261,12,1
260,16,1
250,42,1
266,25,1
229,19,1
266,38,1
224,24,1
264,15,1
242,5,1
224,27,1
252,38,1
253,20,1
267,34,1
225,28,1
247,42,1
240,23,1
228,17,1
255,43,1
244,12,1
233,36,1
230,25,1
261,31,1
259,16,1
265,34,1
257,22,1
242,28,1
258,30,1
261,18,1
257,17,1
243,31,1
224,16,1
249,31,1
248,1,1
228,14,1
225,27,1
266,21,1
250,35,1
264,9,1
249,41,1
257,15,1
240,43,1
262,40,1
250,48,1
253,6,1
256,35,1
264,20,1
255,16,1
231,34,1
226,9,1
221,30,1
240,32,1
264,38,1
245,41,1
246,5,1
243,17,1
241,5,1
250,39,1
224,21,1
227,16,1
269,23,1
255,45,1
261,29,1
251,21,1
226,15,1
252,44,1
251,41,1
230,16,1
234,4,1
257,21,1
241,47,1
237,48,1
229,29,1
258,43,1
226,30,1
267,22,1
262,41,1
253,31,1
250,40,1
262,15,1
250,44,1
231,5,1
266,27,1
239,47,1
267,16,1
244,13,1
240,18,1
240,22,1
240,40,1
228,17,1
252,29,1
248,19,1
223,24,1
228,32,1
235,23,1
256,27,1
227,28,1
255,26,1
227,23,1
237,14,1
251,16,1
262,35,1
249,14,1
227,42,1
224,27,1
252,4,1
241,40,1
236,37,1
252,34,1
266,21,1
230,29,1
260,32,1
252,8,1
238,40,1
229,8,1
234,38,1
238,13,1
246,45,1
263,34,1
266,26,1
253,44,1
230,42,1
250,24,1
242,27,1
257,15,1
236,12,1
247,33,1
258,37,1
250,27,1
242,3,1
251,22,1
269,27,1
242,5,1
238,30,1
257,34,1
247,38,1
268,18,1
266,25,1
240,5,1
250,46,1
245,36,1
263,38,1
230,15,1
230,8,1
231,15,1
221,31,1
268,22,1
248,10,1
250,41,1
236,22,1
261,17,1
247,26,1
266,20,1
232,46,1
220,25,1
233,28,1
254,2,1
244,22,1
221,20,1
230,27,1
249,47,1
230,43,1
223,19,1
235,15,1
228,21,1
259,32,1
225,21,1
230,33,1
260,12,1
249,30,1
232,46,1
234,10,1
247,30,1
223,30,1
240,15,1
257,28,1
245,30,1
251,42,1
