20,33,0
38,46,0
22,38,0
22,33,0
25,27,0
14,5,0
36,6,0
32,14,0
30,39,0
32,37,0
21,21,0
37,12,0
14,41,0
24,12,0
9,17,0
6,27,0
34,36,0
34,6,0
6,10,0
8,26,0
5,19,0
18,36,0
27,21,0
5,13,0
33,32,0
17,9,0
19,24,0
12,39,0
17,42,0
5,26,0
17,48,0
36,18,0
14,20,0
20,21,0
18,39,0
25,46,0
33,22,0
15,19,0
19,6,0
10,28,0
8,22,0
21,21,0
18,30,0
18,18,0
32,40,0
31,3,0
17,39,0
6,16,0
7,14,0
30,20,0
21,44,0
30,13,0
24,27,0
15,32,0
18,2,0
39,25,0
23,12,0
24,18,0
26,48,0
48,30,0
5,24,0
9,24,0
31,45,0
11,11,0
12,8,0
26,3,0
15,36,0
29,43,0
32,16,0
29,36,0
10,9,0
34,17,0
13,6,0
36,6,0
4,28,0
22,13,0
43,10,0
44,23,0
30,24,0
4,29,0
9,21,0
23,47,0
40,43,0
47,22,0
23,42,0
27,42,0
35,41,0
46,24,0
40,25,0
33,37,0
40,43,0
20,4,0
28,44,0
15,19,0
30,22,0
11,26,0
22,23,0
26,9,0
17,16,0
11,8,0
43,30,0
39,44,0
25,17,0
39,19,0
28,25,0
11,11,0
20,5,0
1,20,0
24,12,0
24,48,0
13,8,0
40,35,0
7,28,0
15,33,0
14,31,0
37,26,0
7,32,0
34,19,0
32,41,0
7,28,0
5,34,0
25,17,0
6,30,0
16,42,0
31,11,0
46,34,0
21,20,0
6,26,0
9,25,0
39,39,0
24,44,0
35,34,0
14,32,0
36,9,0
15,38,0
15,42,0
24,44,0
14,19,0
16,33,0
37,11,0
30,17,0
45,36,0
44,39,0
16,38,0
44,30,0
22,11,0
40,21,0
12,20,0
18,45,0
11,40,0
7,38,0
20,24,0
6,18,0
14,44,0
28,2,0
34,28,0
26,10,0
26,24,0
9,27,0
40,13,0
16,20,0
21,40,0
40,30,0
23,47,0
41,18,0
21,18,0
11,36,0
29,16,0
14,22,0
39,18,0
28,4,0
12,38,0
7,26,0
16,25,0
30,5,0
39,26,0
13,39,0
24,40,0
32,10,0
4,38,0
15,13,0
24,18,0
6,29,0
10,15,0
36,13,0
9,13,0
9,19,0
7,12,0
42,16,0
21,46,0
4,30,0
16,35,0
10,38,0
29,20,0
36,16,0
28,8,0
22,1,0
44,20,0
4,34,0
25,24,0
15,18,0
13,24,0
14,22,0
49,25,0
16,41,0
39,19,0
29,35,0
28,1,0
36,37,0
34,10,0
30,34,0
47,15,0
7,40,0
27,45,0
6,15,0
23,8,0
34,39,0
14,46,0
10,38,0
21,35,0
16,34,0
9,23,0
18,16,0
27,28,0
7,25,0
40,30,0
14,43,0
41,8,0
21,45,0
13,39,0
40,19,0
31,39,0
24,3,0
32,15,0
15,35,0
21,26,0
38,29,0
10,30,0
47,15,0
2,33,0
14,33,0
21,47,0
32,36,0
25,33,0
47,31,0
42,35,0
28,21,0
31,27,0
8,27,0
19,29,0
245,23,1
238,5,1
210,33,1
223,19,1
235,35,1
240,36,1
222,22,1
238,5,1
222,41,1
220,16,1
215,8,1
222,24,1
202,25,1
212,35,1
222,41,1
246,17,1
241,36,1
239,38,1
244,34,1
243,12,1
225,37,1
247,21,1
237,21,1
233,17,1
209,41,1
229,33,1
240,25,1
219,30,1
231,18,1
239,10,1
220,17,1
227,9,1
243,10,1
207,33,1
214,31,1
225,31,1
215,35,1
243,35,1
207,36,1
241,37,1
201,25,1
209,10,1
239,5,1
205,21,1
249,20,1
222,15,1
240,29,1
248,19,1
222,48,1
215,20,1
218,25,1
215,38,1
241,36,1
223,2,1
205,16,1
233,8,1
210,15,1
244,16,1
240,36,1
234,47,1
207,24,1
217,4,1
228,17,1
230,20,1
241,30,1
246,12,1
224,19,1
208,8,1
225,43,1
241,11,1
220,1,1
210,27,1
218,24,1
210,16,1
219,46,1
215,16,1
238,28,1
210,27,1
222,9,1
207,41,1
226,49,1
229,45,1
230,21,1
206,20,1
229,40,1
243,19,1
245,36,1
225,40,1
229,21,1
243,30,1
205,34,1
235,33,1
226,38,1
241,28,1
219,22,1
203,18,1
223,44,1
213,45,1
237,25,1
211,17,1
232,37,1
218,13,1
209,30,1
209,32,1
230,26,1
226,46,1
201,22,1
230,31,1
201,22,1
230,36,1
238,10,1
226,44,1
212,44,1
224,12,1
229,27,1
215,33,1
241,32,1
226,47,1
212,22,1
249,24,1
237,8,1
214,14,1
248,17,1
240,14,1
206,20,1
242,23,1
234,20,1
233,22,1
238,7,1
218,9,1
213,40,1
244,9,1
225,14,1
219,28,1
208,18,1
200,25,1
211,38,1
230,27,1
241,43,1
245,17,1
235,26,1
209,20,1
238,16,1
234,10,1
242,39,1
233,29,1
202,28,1
247,34,1
213,27,1
220,20,1
201,32,1
227,19,1
246,15,1
228,28,1
230,43,1
205,10,1
234,34,1
235,28,1
226,38,1
230,16,1
214,47,1
233,41,1
205,17,1
235,17,1
221,19,1
213,40,1
208,32,1
243,28,1
205,11,1
235,14,1
210,30,1
220,23,1
215,44,1
234,35,1
216,8,1
222,34,1
207,28,1
216,38,1
217,18,1
224,5,1
217,31,1
249,31,1
228,17,1
218,27,1
239,7,1
230,30,1
203,26,1
245,30,1
213,41,1
206,16,1
246,27,1
234,13,1
205,32,1
210,39,1
225,46,1
227,24,1
222,20,1
202,28,1
212,14,1
221,21,1
228,42,1
236,13,1
214,20,1
222,46,1
230,40,1
204,36,1
242,34,1
217,30,1
223,6,1
236,47,1
218,1,1
244,12,1
235,40,1
215,42,1
241,34,1
225,42,1
228,40,1
223,25,1
222,26,1
214,14,1
240,6,1
231,33,1
246,35,1
234,18,1
217,46,1
221,27,1
214,4,1
217,13,1
229,33,1
237,31,1
230,41,1
231,29,1
206,21,1
241,42,1
230,3,1
212,5,1
223,26,1
247,14,1
234,41,1
239,45,1
226,33,1
245,18,1
231,14,1
225,14,1
234,17,1
230,42,1
212,34,1
245,19,1
212,6,1
242,22,1
