25,16,0
46,36,0
38,44,0
37,43,0
47,32,0
25,49,0
19,14,0
9,25,0
8,9,0
22,29,0
16,47,0
44,36,0
22,4,0
47,14,0
37,44,0
10,19,0
11,28,0
26,17,0
42,18,0
18,42,0
29,45,0
1,31,0
7,31,0
25,25,0
35,22,0
2,18,0
3,28,0
9,43,0
18,40,0
36,7,0
41,10,0
40,42,0
41,9,0
28,7,0
33,16,0
20,5,0
8,21,0
5,38,0
34,34,0
18,23,0
25,2,0
3,32,0
43,27,0
40,22,0
15,31,0
21,47,0
42,21,0
32,19,0
36,26,0
33,27,0
35,15,0
41,27,0
9,44,0
9,9,0
39,26,0
44,34,0
31,29,0
2,21,0
12,31,0
26,7,0
39,29,0
32,13,0
15,16,0
32,7,0
31,13,0
41,22,0
39,36,0
10,13,0
31,43,0
14,42,0
28,8,0
14,18,0
10,32,0
35,46,0
16,7,0
19,36,0
39,33,0
8,16,0
10,14,0
15,8,0
3,17,0
7,27,0
35,36,0
9,29,0
3,36,0
22,24,0
44,13,0
24,10,0
8,28,0
5,40,0
17,17,0
36,13,0
20,27,0
32,11,0
24,49,0
34,35,0
32,12,0
9,14,0
35,30,0
25,35,0
13,33,0
14,25,0
10,5,0
39,6,0
26,31,0
18,12,0
30,27,0
30,36,0
3,19,0
43,22,0
21,18,0
14,15,0
35,42,0
15,18,0
40,9,0
9,6,0
6,22,0
41,7,0
40,36,0
32,40,0
42,11,0
25,7,0
38,42,0
25,38,0
45,35,0
5,12,0
19,44,0
16,16,0
41,14,0
19,42,0
20,42,0
46,19,0
7,13,0
1,26,0
41,14,0
36,21,0
30,6,0
9,38,0
25,48,0
29,9,0
11,23,0
25,11,0
32,35,0
38,5,0
35,24,0
28,15,0
16,17,0
29,49,0
29,1,0
24,7,0
32,22,0
11,8,0
30,16,0
20,32,0
18,33,0
26,37,0
25,28,0
42,38,0
16,7,0
23,19,0
16,41,0
12,4,0
29,5,0
26,9,0
23,27,0
23,29,0
38,17,0
42,23,0
28,16,0
29,42,0
8,39,0
6,14,0
36,14,0
27,2,0
49,22,0
41,20,0
18,36,0
17,5,0
13,21,0
35,10,0
34,13,0
39,45,0
45,28,0
26,9,0
42,16,0
31,38,0
33,44,0
7,23,0
17,29,0
1,22,0
39,33,0
29,32,0
34,30,0
29,46,0
28,7,0
40,22,0
9,13,0
23,49,0
25,7,0
22,30,0
44,14,0
19,37,0
19,4,0
43,14,0
11,30,0
7,31,0
45,39,0
40,21,0
46,13,0
31,40,0
28,33,0
21,2,0
28,43,0
14,28,0
34,21,0
26,46,0
47,31,0
14,25,0
28,9,0
49,19,0
13,9,0
47,14,0
15,26,0
12,40,0
24,24,0
11,39,0
25,28,0
18,1,0
27,2,0
25,50,0
43,20,0
14,26,0
9,30,0
29,33,0
17,41,0
45,39,0
40,29,0
2,19,0
8,9,0
22,25,0
26,35,0
6,21,0
39,13,0
11,41,0
18,9,0
31,37,0
26,49,0
46,25,0
47,21,0
5,33,0
322,34,1
321,33,1
320,24,1
294,32,1
317,5,1
297,11,1
310,25,1
296,26,1
325,36,1
332,34,1
313,38,1
310,3,1
314,9,1
305,5,1
301,40,1
295,30,1
294,28,1
324,38,1
330,33,1
317,9,1
335,11,1
308,39,1
335,11,1
312,9,1
319,19,1
300,43,1
307,8,1
296,33,1
320,35,1
301,7,1
302,40,1
314,11,1
324,43,1
311,8,1
325,28,1
318,28,1
313,2,1
303,44,1
318,45,1
330,23,1
322,2,1
324,47,1
325,28,1
326,33,1
307,8,1
322,38,1
311,49,1
333,39,1
296,33,1
310,48,1
311,32,1
317,31,1
303,39,1
326,31,1
304,41,1
325,31,1
311,26,1
310,31,1
294,35,1
338,16,1
322,3,1
299,6,1
310,30,1
316,39,1
334,13,1
320,38,1
295,23,1
327,10,1
335,39,1
301,17,1
320,41,1
322,2,1
296,33,1
310,20,1
321,8,1
320,17,1
328,21,1
295,39,1
297,18,1
325,21,1
313,23,1
302,34,1
323,3,1
301,27,1
329,34,1
298,37,1
293,21,1
319,21,1
295,35,1
338,21,1
305,18,1
312,27,1
313,24,1
319,3,1
318,47,1
293,29,1
317,3,1
317,18,1
324,23,1
329,23,1
330,40,1
300,24,1
310,4,1
294,15,1
295,30,1
317,39,1
317,2,1
328,44,1
333,42,1
309,31,1
308,20,1
314,47,1
305,40,1
321,45,1
329,36,1
299,36,1
298,34,1
300,37,1
296,28,1
291,24,1
325,44,1
339,27,1
322,30,1
298,25,1
320,32,1
320,19,1
316,30,1
302,26,1
306,26,1
325,14,1
320,7,1
297,16,1
324,27,1
303,16,1
336,31,1
315,43,1
310,12,1
328,14,1
319,32,1
293,20,1
302,23,1
298,38,1
302,22,1
311,33,1
331,37,1
328,45,1
310,10,1
322,30,1
298,15,1
311,2,1
321,30,1
313,43,1
314,5,1
322,20,1
311,16,1
336,14,1
321,42,1
298,34,1
316,9,1
292,16,1
294,31,1
307,4,1
295,31,1
317,36,1
327,29,1
313,19,1
320,29,1
334,36,1
298,11,1
316,35,1
320,16,1
308,17,1
325,29,1
322,1,1
304,12,1
304,36,1
316,43,1
309,47,1
320,14,1
306,23,1
304,44,1
301,18,1
296,23,1
324,4,1
290,25,1
307,38,1
320,28,1
316,30,1
305,15,1
316,12,1
319,20,1
316,19,1
309,34,1
304,35,1
309,20,1
319,15,1
334,32,1
319,28,1
331,32,1
310,33,1
308,6,1
321,3,1
323,24,1
331,7,1
326,33,1
331,26,1
331,33,1
332,27,1
319,15,1
320,12,1
297,31,1
338,16,1
316,42,1
315,6,1
319,38,1
320,13,1
301,20,1
326,45,1
294,23,1
308,38,1
329,40,1
325,44,1
314,41,1
291,31,1
322,28,1
302,23,1
323,15,1
309,47,1
328,12,1
314,8,1
311,28,1
317,42,1
333,20,1
330,33,1
299,44,1
331,17,1
325,27,1
300,15,1
300,33,1
333,39,1
311,10,1
321,30,1
299,14,1
319,20,1
316,22,1
293,22,1
298,9,1
312,2,1
306,43,1
332,19,1
