47,34,0
30,42,0
19,30,0
11,10,0
35,7,0
10,26,0
12,18,0
40,11,0
23,38,0
41,22,0
37,31,0
31,4,0
13,42,0
23,16,0
26,31,0
18,24,0
25,18,0
41,26,0
25,42,0
44,32,0
32,21,0
28,49,0
12,18,0
47,29,0
44,13,0
15,44,0
22,4,0
14,46,0
36,42,0
44,19,0
5,27,0
13,32,0
14,47,0
15,33,0
43,10,0
42,15,0
33,39,0
32,25,0
3,15,0
4,16,0
44,26,0
42,24,0
10,43,0
46,32,0
22,29,0
12,21,0
16,7,0
16,9,0
38,23,0
37,14,0
17,44,0
32,20,0
33,32,0
32,41,0
41,40,0
37,23,0
19,21,0
17,32,0
40,45,0
26,29,0
39,29,0
12,8,0
26,7,0
28,31,0
27,49,0
19,44,0
22,5,0
9,12,0
11,31,0
44,12,0
26,30,0
46,25,0
19,47,0
38,39,0
28,13,0
19,3,0
32,30,0
37,32,0
23,24,0
9,34,0
20,12,0
23,40,0
5,32,0
22,34,0
42,11,0
8,28,0
24,16,0
40,24,0
25,46,0
14,35,0
26,43,0
5,29,0
25,35,0
36,38,0
3,25,0
45,28,0
38,28,0
28,19,0
17,24,0
32,12,0
27,1,0
13,28,0
28,24,0
2,21,0
17,26,0
6,40,0
26,34,0
11,21,0
23,23,0
17,4,0
46,18,0
44,18,0
1,31,0
38,35,0
43,12,0
30,6,0
18,20,0
19,3,0
4,22,0
21,23,0
43,18,0
49,23,0
10,28,0
22,4,0
27,19,0
3,33,0
40,20,0
5,32,0
28,43,0
12,40,0
8,16,0
23,45,0
14,10,0
26,2,0
38,20,0
32,41,0
17,22,0
9,7,0
28,23,0
23,40,0
18,32,0
28,28,0
26,17,0
6,14,0
41,30,0
16,39,0
35,12,0
21,9,0
35,25,0
44,11,0
45,10,0
22,46,0
10,6,0
48,26,0
46,15,0
39,20,0
26,37,0
43,9,0
28,5,0
24,44,0
46,29,0
34,48,0
40,6,0
16,21,0
30,24,0
13,10,0
28,19,0
43,40,0
3,19,0
19,9,0
45,10,0
11,14,0
8,17,0
44,13,0
40,35,0
25,45,0
34,43,0
14,18,0
12,24,0
27,19,0
2,27,0
20,42,0
5,22,0
43,31,0
33,43,0
35,38,0
28,1,0
17,29,0
12,34,0
38,33,0
18,41,0
12,44,0
41,26,0
29,21,0
24,23,0
10,8,0
25,46,0
11,26,0
22,19,0
13,35,0
41,10,0
30,35,0
38,30,0
40,29,0
33,23,0
18,28,0
7,31,0
19,43,0
32,32,0
34,2,0
22,15,0
4,26,0
11,10,0
22,44,0
4,36,0
20,14,0
3,34,0
29,42,0
14,24,0
48,26,0
33,32,0
28,27,0
7,38,0
30,3,0
35,9,0
12,36,0
19,25,0
19,26,0
45,15,0
46,14,0
39,9,0
29,40,0
34,13,0
30,8,0
29,44,0
32,15,0
12,22,0
21,41,0
30,43,0
43,18,0
37,5,0
31,41,0
20,8,0
22,15,0
13,28,0
20,25,0
41,43,0
41,21,0
5,13,0
15,3,0
218,35,1
239,11,1
239,8,1
242,23,1
226,41,1
227,23,1
227,16,1
213,40,1
226,27,1
213,9,1
213,37,1
234,27,1
211,8,1
220,45,1
240,43,1
209,31,1
216,45,1
235,43,1
225,11,1
222,48,1
231,30,1
208,20,1
229,9,1
231,35,1
221,10,1
214,32,1
214,27,1
206,18,1
212,33,1
227,6,1
207,40,1
214,18,1
203,28,1
201,21,1
203,33,1
211,45,1
225,49,1
218,1,1
212,39,1
222,24,1
214,25,1
232,21,1
208,32,1
234,31,1
245,23,1
232,6,1
238,27,1
240,27,1
247,23,1
210,20,1
226,22,1
213,37,1
204,22,1
218,32,1
232,31,1
231,11,1
211,44,1
223,31,1
209,39,1
201,28,1
227,36,1
235,37,1
210,13,1
208,22,1
236,10,1
245,13,1
246,17,1
236,9,1
235,8,1
216,20,1
217,41,1
206,9,1
227,47,1
247,23,1
237,24,1
249,32,1
245,18,1
249,24,1
216,2,1
242,10,1
214,8,1
231,2,1
221,36,1
248,25,1
215,13,1
219,39,1
207,35,1
215,38,1
211,33,1
214,46,1
219,44,1
222,1,1
231,38,1
242,22,1
217,16,1
225,1,1
234,35,1
225,45,1
207,18,1
243,8,1
214,18,1
228,4,1
223,3,1
215,3,1
225,47,1
231,11,1
239,11,1
222,22,1
203,21,1
215,26,1
230,16,1
219,8,1
247,32,1
227,32,1
208,35,1
207,23,1
222,18,1
211,8,1
216,15,1
238,44,1
230,43,1
220,14,1
216,38,1
232,38,1
212,35,1
212,6,1
209,20,1
229,3,1
233,11,1
212,41,1
247,26,1
237,26,1
224,46,1
233,13,1
224,45,1
203,26,1
243,15,1
238,4,1
238,17,1
218,46,1
225,31,1
208,37,1
247,16,1
224,25,1
206,13,1
244,35,1
244,34,1
223,36,1
236,5,1
221,34,1
233,28,1
240,21,1
228,7,1
229,33,1
223,19,1
225,16,1
219,37,1
223,33,1
222,22,1
224,13,1
215,12,1
227,9,1
220,14,1
233,36,1
216,4,1
241,35,1
206,10,1
244,40,1
245,14,1
239,35,1
248,34,1
222,16,1
220,13,1
235,7,1
207,35,1
248,23,1
246,26,1
210,24,1
215,22,1
210,8,1
215,8,1
209,37,1
238,12,1
241,22,1
242,10,1
222,4,1
225,12,1
245,14,1
222,31,1
202,29,1
245,27,1
244,35,1
230,3,1
233,40,1
216,38,1
239,32,1
237,33,1
231,6,1
235,36,1
220,46,1
222,28,1
217,39,1
246,20,1
207,37,1
233,29,1
211,36,1
236,40,1
213,27,1
230,45,1
215,14,1
220,18,1
206,25,1
228,14,1
235,36,1
217,10,1
240,41,1
212,25,1
215,45,1
217,46,1
217,33,1
247,16,1
242,22,1
207,27,1
241,24,1
209,41,1
212,33,1
240,42,1
240,21,1
221,4,1
215,14,1
207,17,1
225,35,1
222,43,1
209,11,1
227,43,1
241,43,1
205,25,1
209,27,1
219,45,1
211,25,1
212,7,1
213,43,1
213,7,1
228,28,1
243,21,1
214,46,1
213,21,1
214,10,1
231,4,1
234,17,1
