21,44,0
33,41,0
13,33,0
21,3,0
13,11,0
28,19,0
39,44,0
32,13,0
37,21,0
17,47,0
23,30,0
8,18,0
19,31,0
20,43,0
49,27,0
41,44,0
43,24,0
21,28,0
8,8,0
20,43,0
22,35,0
28,18,0
35,4,0
37,34,0
26,10,0
38,26,0
48,26,0
15,40,0
1,24,0
30,24,0
24,32,0
28,11,0
32,21,0
24,35,0
10,8,0
46,13,0
9,25,0
8,10,0
36,12,0
31,34,0
18,39,0
21,22,0
34,10,0
10,5,0
5,24,0
13,23,0
29,46,0
24,21,0
6,22,0
44,32,0
13,12,0
15,46,0
39,10,0
36,15,0
31,31,0
12,14,0
18,14,0
13,34,0
38,46,0
10,17,0
7,34,0
11,23,0
33,41,0
44,39,0
8,41,0
38,7,0
35,9,0
37,32,0
11,39,0
4,24,0
24,8,0
21,44,0
37,21,0
43,14,0
4,22,0
7,27,0
19,21,0
46,17,0
4,28,0
12,34,0
36,14,0
19,49,0
43,19,0
6,14,0
31,38,0
30,20,0
39,10,0
9,16,0
26,28,0
12,16,0
24,28,0
26,19,0
44,37,0
28,33,0
43,36,0
25,19,0
22,9,0
24,32,0
38,22,0
19,17,0
25,48,0
45,38,0
33,27,0
43,38,0
16,34,0
13,28,0
7,21,0
30,15,0
33,40,0
5,33,0
43,10,0
7,15,0
20,31,0
15,30,0
1,25,0
17,10,0
26,44,0
48,28,0
29,22,0
15,6,0
27,49,0
11,41,0
34,41,0
29,15,0
42,28,0
28,11,0
47,33,0
25,9,0
36,27,0
41,26,0
9,17,0
47,33,0
30,5,0
45,28,0
26,44,0
15,30,0
3,23,0
29,8,0
8,16,0
22,40,0
28,24,0
34,46,0
21,8,0
39,11,0
21,11,0
12,31,0
24,35,0
1,27,0
21,44,0
47,23,0
15,30,0
6,22,0
28,20,0
7,38,0
18,32,0
19,9,0
22,34,0
16,11,0
34,41,0
29,44,0
6,18,0
24,3,0
4,12,0
43,41,0
39,42,0
26,47,0
16,9,0
5,40,0
16,14,0
2,31,0
20,13,0
6,22,0
31,31,0
36,42,0
26,34,0
46,15,0
43,19,0
38,28,0
9,34,0
34,33,0
13,38,0
6,10,0
34,29,0
40,44,0
11,24,0
37,34,0
38,45,0
19,15,0
19,4,0
42,32,0
24,35,0
34,6,0
14,24,0
6,23,0
6,15,0
25,30,0
31,14,0
23,48,0
14,11,0
27,38,0
47,20,0
19,44,0
7,17,0
28,28,0
27,14,0
36,34,0
19,7,0
36,4,0
42,9,0
18,35,0
20,6,0
24,11,0
17,47,0
41,33,0
25,43,0
37,17,0
10,19,0
16,43,0
11,29,0
26,23,0
45,32,0
26,11,0
28,9,0
43,25,0
44,32,0
20,30,0
17,20,0
35,32,0
11,18,0
33,22,0
25,13,0
47,32,0
21,33,0
31,19,0
27,1,0
29,3,0
31,23,0
30,10,0
34,30,0
25,42,0
6,27,0
34,40,0
47,28,0
14,17,0
14,22,0
10,35,0
46,19,0
18,13,0
20,43,0
28,37,0
227,46,1
204,20,1
231,23,1
215,37,1
226,23,1
202,41,1
194,17,1
202,23,1
202,13,1
224,12,1
194,35,1
222,3,1
226,23,1
224,11,1
234,35,1
198,8,1
211,44,1
198,26,1
206,8,1
200,16,1
210,40,1
228,27,1
237,28,1
238,32,1
226,24,1
215,31,1
201,10,1
231,41,1
201,43,1
233,29,1
204,13,1
232,42,1
220,15,1
197,27,1
202,27,1
227,6,1
223,40,1
204,10,1
203,27,1
218,35,1
203,39,1
210,6,1
216,4,1
222,23,1
201,23,1
238,32,1
203,27,1
219,15,1
215,44,1
220,46,1
215,43,1
232,27,1
231,30,1
200,31,1
221,19,1
191,29,1
220,41,1
200,38,1
199,25,1
206,34,1
207,4,1
214,33,1
197,11,1
228,18,1
214,37,1
215,33,1
203,11,1
213,8,1
222,31,1
228,31,1
220,34,1
198,19,1
233,37,1
212,36,1
215,14,1
196,28,1
233,19,1
212,18,1
218,13,1
204,5,1
199,36,1
237,19,1
202,25,1
226,29,1
219,2,1
217,15,1
197,42,1
237,20,1
199,39,1
208,46,1
214,37,1
225,35,1
219,43,1
214,49,1
223,48,1
215,40,1
219,9,1
223,3,1
222,2,1
206,3,1
235,22,1
232,33,1
205,39,1
215,2,1
219,7,1
197,29,1
197,35,1
209,26,1
218,18,1
226,20,1
214,32,1
200,42,1
198,9,1
194,31,1
220,26,1
236,30,1
212,1,1
229,14,1
229,15,1
201,25,1
202,31,1
201,43,1
220,3,1
204,37,1
209,1,1
229,39,1
214,21,1
228,12,1
229,33,1
213,37,1
220,49,1
222,30,1
218,29,1
232,34,1
228,22,1
199,6,1
216,12,1
224,12,1
191,29,1
221,21,1
227,43,1
225,10,1
191,20,1
214,1,1
207,2,1
205,32,1
211,9,1
201,17,1
214,30,1
218,2,1
218,33,1
217,10,1
197,32,1
213,4,1
210,40,1
216,17,1
210,7,1
219,18,1
216,44,1
210,9,1
197,19,1
201,45,1
227,25,1
237,19,1
214,20,1
234,32,1
214,7,1
196,10,1
236,29,1
226,31,1
221,35,1
210,1,1
209,40,1
233,29,1
213,25,1
220,8,1
226,30,1
233,18,1
202,14,1
218,24,1
200,16,1
223,6,1
224,22,1
217,9,1
239,30,1
219,8,1
200,38,1
234,38,1
222,41,1
213,28,1
229,27,1
203,4,1
203,18,1
227,42,1
222,20,1
215,32,1
220,19,1
207,30,1
205,26,1
195,18,1
225,31,1
200,44,1
202,35,1
229,26,1
211,24,1
202,11,1
202,9,1
200,7,1
200,33,1
233,32,1
196,40,1
204,35,1
213,30,1
200,20,1
216,45,1
218,8,1
205,4,1
192,30,1
215,45,1
237,32,1
226,9,1
192,19,1
196,37,1
215,2,1
191,30,1
225,13,1
223,10,1
199,20,1
228,13,1
232,22,1
197,25,1
233,23,1
221,20,1
215,16,1
204,20,1
206,34,1
206,47,1
209,25,1
224,46,1
196,40,1
230,27,1
205,9,1
210,48,1
214,31,1
228,45,1
199,18,1
211,47,1
202,16,1
226,8,1
213,27,1
