15,23,0
31,20,0
26,10,0
10,12,0
35,24,0
9,41,0
39,15,0
7,10,0
6,19,0
16,44,0
15,8,0
26,17,0
26,24,0
15,21,0
1,30,0
33,32,0
17,35,0
17,7,0
18,21,0
32,35,0
31,12,0
44,18,0
36,16,0
19,2,0
26,6,0
41,21,0
10,27,0
49,32,0
25,37,0
10,41,0
36,42,0
27,33,0
6,22,0
22,24,0
41,24,0
46,34,0
35,33,0
3,28,0
8,38,0
43,34,0
36,5,0
23,39,0
23,4,0
12,18,0
21,44,0
18,26,0
18,32,0
28,44,0
15,46,0
4,30,0
25,20,0
13,9,0
6,18,0
31,29,0
32,5,0
10,14,0
10,24,0
32,11,0
18,42,0
44,39,0
6,40,0
15,37,0
27,45,0
12,26,0
37,46,0
21,43,0
46,15,0
18,20,0
4,26,0
4,28,0
21,34,0
37,19,0
19,20,0
20,12,0
8,14,0
16,25,0
13,21,0
11,34,0
14,8,0
5,22,0
15,8,0
46,27,0
31,29,0
15,29,0
24,35,0
40,24,0
42,20,0
4,29,0
44,30,0
31,11,0
41,15,0
46,24,0
33,27,0
1,30,0
38,11,0
16,28,0
32,14,0
36,34,0
43,11,0
8,22,0
34,26,0
35,21,0
7,13,0
29,27,0
8,18,0
4,23,0
22,10,0
32,9,0
49,32,0
13,43,0
2,26,0
10,24,0
44,23,0
15,39,0
38,44,0
21,8,0
31,28,0
10,5,0
39,23,0
46,35,0
15,23,0
12,38,0
23,34,0
6,39,0
21,2,0
41,19,0
35,26,0
34,17,0
20,25,0
32,45,0
29,19,0
4,34,0
17,41,0
46,19,0
44,20,0
27,7,0
23,36,0
39,31,0
26,44,0
25,34,0
32,32,0
20,12,0
45,13,0
30,44,0
16,30,0
39,20,0
19,49,0
1,26,0
40,42,0
15,6,0
7,18,0
39,32,0
19,43,0
25,20,0
33,47,0
19,35,0
16,24,0
32,23,0
43,14,0
7,37,0
34,37,0
23,2,0
39,21,0
33,8,0
7,12,0
36,4,0
37,19,0
24,14,0
43,27,0
39,10,0
3,20,0
44,36,0
23,15,0
1,23,0
43,30,0
17,25,0
30,38,0
27,28,0
17,47,0
12,18,0
13,4,0
13,11,0
4,30,0
11,5,0
29,7,0
22,20,0
6,36,0
29,34,0
20,43,0
18,43,0
40,14,0
45,34,0
39,38,0
8,39,0
24,12,0
9,9,0
35,31,0
25,13,0
36,18,0
14,22,0
2,26,0
19,48,0
15,5,0
9,33,0
12,11,0
32,21,0
22,6,0
12,14,0
45,40,0
14,25,0
22,19,0
14,42,0
30,18,0
40,14,0
27,26,0
14,26,0
40,26,0
7,10,0
34,6,0
30,16,0
22,12,0
1,27,0
8,20,0
16,28,0
36,25,0
32,3,0
15,36,0
19,5,0
33,21,0
29,6,0
19,37,0
34,12,0
21,45,0
29,15,0
12,19,0
39,9,0
40,5,0
35,28,0
33,8,0
14,37,0
22,41,0
7,36,0
17,33,0
45,14,0
33,35,0
47,24,0
21,40,0
28,22,0
5,40,0
39,12,0
217,9,1
199,15,1
206,46,1
204,33,1
222,28,1
212,25,1
211,22,1
218,33,1
223,31,1
208,27,1
209,11,1
208,14,1
235,37,1
232,30,1
194,21,1
221,11,1
225,21,1
213,32,1
208,44,1
211,38,1
233,19,1
213,48,1
204,28,1
197,10,1
229,21,1
219,15,1
232,28,1
222,39,1
202,45,1
215,34,1
238,20,1
211,22,1
227,30,1
198,41,1
198,29,1
207,38,1
215,0,1
225,3,1
203,44,1
225,28,1
217,34,1
212,9,1
217,6,1
205,35,1
221,32,1
227,12,1
193,26,1
206,17,1
201,12,1
195,17,1
201,37,1
223,7,1
225,26,1
229,8,1
226,9,1
230,45,1
223,5,1
204,21,1
208,19,1
222,43,1
207,9,1
194,18,1
208,23,1
205,14,1
197,28,1
238,18,1
239,32,1
205,9,1
225,12,1
196,38,1
212,17,1
210,39,1
204,29,1
215,33,1
211,29,1
197,40,1
221,17,1
215,22,1
235,20,1
223,47,1
236,28,1
220,16,1
220,43,1
207,48,1
223,43,1
192,22,1
216,4,1
216,35,1
237,26,1
205,46,1
196,24,1
222,27,1
212,9,1
216,28,1
204,23,1
218,39,1
198,12,1
234,15,1
218,35,1
212,34,1
227,24,1
227,4,1
201,9,1
214,12,1
204,18,1
216,8,1
201,36,1
220,29,1
220,29,1
213,27,1
199,30,1
199,23,1
208,40,1
209,37,1
201,14,1
201,15,1
234,36,1
237,29,1
210,27,1
233,41,1
212,13,1
206,24,1
221,43,1
202,18,1
197,37,1
217,22,1
215,50,1
225,24,1
220,28,1
202,22,1
213,37,1
215,1,1
234,30,1
229,5,1
231,33,1
205,32,1
199,43,1
230,19,1
219,28,1
206,9,1
198,16,1
211,42,1
213,9,1
230,32,1
222,30,1
224,18,1
232,40,1
198,8,1
233,10,1
201,28,1
223,32,1
223,46,1
202,35,1
219,16,1
233,41,1
224,43,1
192,27,1
222,39,1
211,27,1
216,5,1
212,47,1
211,24,1
218,9,1
193,23,1
232,15,1
200,14,1
222,42,1
202,27,1
226,23,1
209,35,1
217,46,1
204,42,1
235,21,1
218,41,1
212,11,1
220,47,1
221,10,1
201,41,1
212,33,1
221,15,1
223,29,1
195,37,1
197,30,1
228,34,1
229,45,1
202,39,1
206,36,1
200,13,1
207,37,1
229,29,1
202,17,1
213,26,1
223,13,1
237,17,1
215,1,1
199,32,1
230,25,1
235,36,1
216,49,1
200,25,1
227,33,1
236,28,1
223,35,1
199,14,1
215,19,1
209,45,1
213,30,1
221,13,1
211,42,1
221,44,1
210,15,1
224,45,1
209,12,1
206,4,1
216,26,1
196,18,1
211,41,1
226,41,1
210,47,1
211,18,1
206,24,1
225,44,1
202,43,1
229,13,1
229,20,1
193,34,1
224,3,1
211,21,1
238,29,1
213,49,1
216,35,1
199,40,1
219,6,1
207,4,1
204,10,1
199,30,1
227,22,1
237,25,1
203,11,1
196,35,1
220,3,1
207,47,1
203,13,1
210,41,1
212,47,1
204,3,1
194,31,1
213,36,1
208,25,1
206,26,1
