46,29,0
29,36,0
39,23,0
7,32,0
24,10,0
20,33,0
17,22,0
34,20,0
20,10,0
40,29,0
44,37,0
8,39,0
35,24,0
25,5,0
12,22,0
28,31,0
19,31,0
26,12,0
11,8,0
7,42,0
12,41,0
20,22,0
27,33,0
26,25,0
18,8,0
45,16,0
45,33,0
22,32,0
15,31,0
16,13,0
23,23,0
18,17,0
41,7,0
30,44,0
25,2,0
13,17,0
36,10,0
31,49,0
38,36,0
5,15,0
15,47,0
17,6,0
16,8,0
36,15,0
13,30,0
17,40,0
32,16,0
45,10,0
14,3,0
12,19,0
11,30,0
38,37,0
7,40,0
44,21,0
40,41,0
25,29,0
13,32,0
11,19,0
35,8,0
15,34,0
12,12,0
34,8,0
3,22,0
16,9,0
20,11,0
36,38,0
32,4,0
26,1,0
37,44,0
15,18,0
32,29,0
37,46,0
1,19,0
3,35,0
19,42,0
26,28,0
11,5,0
10,10,0
15,41,0
15,24,0
41,37,0
43,35,0
40,12,0
42,34,0
49,31,0
34,27,0
4,22,0
44,41,0
16,14,0
32,7,0
25,49,0
23,33,0
17,2,0
32,8,0
24,19,0
32,48,0
40,18,0
25,42,0
15,11,0
16,9,0
12,38,0
4,33,0
4,14,0
38,29,0
46,15,0
38,19,0
5,38,0
47,16,0
4,22,0
27,11,0
45,24,0
32,23,0
16,42,0
17,17,0
9,31,0
14,5,0
32,10,0
28,26,0
12,45,0
37,8,0
19,45,0
46,16,0
40,37,0
21,38,0
3,28,0
34,40,0
16,12,0
22,27,0
28,47,0
44,20,0
12,19,0
44,24,0
12,10,0
38,20,0
29,3,0
29,5,0
18,35,0
5,33,0
31,8,0
32,3,0
5,35,0
6,29,0
23,9,0
4,36,0
23,11,0
14,11,0
41,11,0
13,33,0
33,25,0
14,43,0
36,42,0
11,25,0
9,44,0
5,16,0
35,5,0
18,1,0
14,12,0
37,46,0
21,22,0
18,29,0
17,38,0
43,13,0
33,15,0
13,18,0
24,3,0
7,25,0
23,36,0
20,9,0
23,33,0
7,28,0
18,4,0
36,16,0
9,6,0
32,37,0
39,31,0
16,40,0
17,6,0
40,17,0
24,17,0
35,22,0
26,13,0
1,32,0
23,21,0
35,27,0
25,39,0
14,12,0
25,30,0
20,15,0
17,32,0
49,22,0
20,35,0
28,31,0
16,20,0
12,11,0
41,23,0
32,33,0
42,8,0
42,11,0
5,40,0
45,30,0
41,21,0
35,19,0
1,27,0
6,22,0
20,37,0
20,16,0
46,36,0
49,30,0
38,18,0
25,7,0
10,13,0
34,16,0
9,13,0
33,18,0
5,37,0
18,9,0
12,14,0
4,27,0
28,21,0
15,35,0
18,5,0
34,3,0
10,21,0
9,31,0
3,15,0
14,25,0
19,27,0
28,11,0
40,44,0
20,45,0
17,29,0
12,12,0
32,22,0
21,25,0
4,31,0
28,29,0
40,5,0
7,39,0
22,21,0
15,11,0
19,21,0
45,38,0
43,24,0
11,39,0
43,8,0
49,31,0
43,32,0
20,27,0
37,39,0
9,15,0
195,33,1
213,48,1
226,14,1
207,29,1
203,49,1
192,32,1
210,22,1
205,37,1
212,47,1
206,44,1
221,10,1
212,32,1
193,44,1
194,17,1
194,25,1
214,29,1
200,15,1
187,17,1
206,15,1
187,17,1
209,4,1
207,42,1
183,36,1
215,21,1
184,13,1
222,41,1
220,28,1
211,44,1
185,30,1
204,11,1
190,12,1
184,26,1
197,26,1
205,39,1
204,29,1
183,15,1
207,21,1
206,28,1
203,10,1
197,41,1
221,42,1
186,16,1
213,29,1
211,31,1
196,27,1
217,8,1
199,27,1
212,8,1
200,1,1
212,42,1
211,3,1
201,13,1
189,16,1
227,25,1
200,2,1
209,38,1
215,9,1
209,45,1
197,23,1
203,13,1
197,39,1
185,12,1
215,17,1
212,46,1
210,4,1
205,49,1
208,25,1
190,32,1
205,17,1
216,27,1
186,13,1
181,26,1
216,37,1
196,3,1
192,38,1
216,5,1
202,37,1
195,43,1
210,12,1
188,7,1
196,12,1
198,4,1
204,4,1
221,14,1
217,18,1
219,28,1
194,20,1
197,44,1
204,1,1
198,30,1
202,47,1
190,10,1
189,31,1
196,7,1
199,45,1
204,41,1
205,38,1
211,28,1
223,9,1
199,44,1
197,18,1
194,44,1
207,24,1
220,27,1
215,44,1
204,9,1
215,47,1
203,1,1
207,32,1
185,22,1
198,15,1
223,25,1
211,30,1
202,45,1
217,19,1
191,43,1
187,25,1
213,40,1
221,13,1
228,21,1
197,12,1
200,8,1
212,29,1
222,12,1
181,18,1
197,24,1
212,28,1
206,38,1
224,15,1
206,42,1
196,21,1
197,11,1
198,2,1
193,27,1
212,30,1
215,31,1
209,49,1
206,15,1
221,7,1
218,5,1
193,24,1
190,15,1
223,39,1
207,48,1
216,20,1
189,28,1
214,31,1
209,4,1
223,18,1
225,37,1
213,9,1
189,18,1
205,23,1
191,43,1
205,15,1
200,24,1
202,6,1
184,27,1
213,33,1
186,11,1
214,44,1
186,16,1
186,33,1
212,17,1
201,35,1
185,28,1
189,8,1
192,30,1
226,27,1
198,27,1
199,40,1
210,5,1
208,30,1
185,17,1
182,27,1
220,35,1
204,21,1
199,3,1
182,25,1
221,25,1
187,38,1
204,44,1
202,25,1
194,4,1
196,35,1
197,39,1
196,29,1
225,10,1
205,40,1
210,38,1
189,18,1
225,22,1
198,19,1
203,23,1
194,25,1
224,28,1
189,21,1
215,16,1
207,4,1
220,15,1
184,12,1
214,31,1
193,6,1
220,27,1
216,39,1
216,10,1
189,33,1
187,13,1
211,33,1
195,45,1
198,9,1
214,3,1
220,18,1
217,39,1
199,46,1
222,18,1
219,28,1
223,22,1
201,25,1
211,25,1
220,32,1
190,11,1
205,31,1
190,7,1
186,38,1
205,12,1
219,35,1
216,11,1
222,37,1
212,48,1
217,11,1
210,42,1
207,42,1
207,30,1
186,25,1
206,27,1
223,24,1
217,32,1
195,20,1
185,24,1
203,22,1
208,38,1
226,33,1
218,24,1
207,6,1
213,48,1
227,14,1
206,34,1
215,4,1
225,10,1
