9,8,0
9,10,0
30,1,0
24,12,0
10,13,0
8,8,0
17,3,0
16,25,0
22,28,0
38,33,0
13,45,0
43,27,0
21,40,0
26,4,0
9,15,0
4,30,0
49,23,0
17,13,0
43,18,0
10,33,0
8,19,0
3,30,0
7,15,0
16,42,0
35,12,0
21,43,0
23,34,0
20,18,0
38,32,0
44,15,0
26,12,0
29,42,0
10,41,0
31,5,0
46,31,0
40,18,0
33,27,0
25,29,0
7,40,0
25,23,0
29,41,0
26,23,0
19,27,0
22,17,0
16,14,0
31,23,0
41,32,0
18,1,0
9,42,0
44,39,0
21,49,0
30,28,0
41,12,0
28,38,0
8,10,0
33,24,0
43,15,0
38,7,0
42,21,0
25,26,0
20,30,0
30,46,0
15,19,0
19,31,0
39,14,0
32,5,0
27,5,0
22,2,0
22,17,0
25,27,0
18,1,0
9,40,0
34,9,0
14,6,0
4,34,0
19,42,0
8,14,0
35,33,0
20,26,0
28,45,0
9,11,0
13,4,0
46,13,0
11,18,0
37,21,0
24,12,0
12,19,0
4,26,0
11,29,0
24,40,0
13,21,0
24,29,0
17,10,0
23,10,0
7,38,0
8,40,0
17,23,0
22,40,0
14,23,0
24,17,0
5,35,0
29,44,0
33,12,0
40,38,0
31,11,0
31,17,0
23,11,0
32,7,0
45,33,0
14,44,0
34,14,0
18,49,0
25,1,0
26,41,0
24,2,0
10,41,0
6,20,0
19,35,0
45,24,0
27,7,0
22,27,0
10,15,0
22,25,0
24,33,0
29,40,0
37,36,0
19,48,0
44,30,0
33,11,0
17,32,0
20,40,0
29,1,0
24,13,0
31,39,0
4,29,0
28,29,0
16,17,0
33,15,0
26,36,0
25,1,0
40,14,0
15,29,0
20,39,0
38,36,0
18,6,0
46,16,0
13,15,0
21,38,0
22,48,0
27,20,0
22,48,0
11,42,0
26,5,0
25,10,0
13,26,0
28,43,0
12,46,0
14,17,0
20,48,0
15,8,0
42,41,0
17,15,0
21,34,0
45,24,0
16,5,0
30,7,0
9,18,0
19,44,0
24,26,0
38,44,0
8,31,0
46,13,0
12,37,0
39,34,0
7,31,0
29,28,0
11,24,0
40,27,0
5,37,0
45,15,0
43,42,0
36,10,0
10,43,0
14,40,0
28,6,0
41,23,0
28,44,0
30,15,0
29,25,0
33,33,0
25,18,0
4,32,0
16,47,0
21,14,0
3,28,0
42,24,0
20,7,0
25,7,0
37,9,0
22,16,0
48,26,0
35,37,0
29,31,0
8,35,0
26,49,0
28,31,0
46,16,0
37,10,0
35,16,0
13,19,0
35,47,0
17,38,0
7,19,0
31,22,0
6,33,0
35,29,0
30,33,0
18,1,0
39,35,0
27,27,0
10,20,0
9,36,0
30,44,0
24,41,0
13,35,0
23,21,0
29,2,0
31,46,0
19,47,0
34,42,0
11,44,0
18,44,0
26,47,0
31,8,0
35,11,0
46,37,0
41,10,0
15,20,0
10,27,0
32,8,0
35,20,0
45,33,0
35,38,0
36,32,0
10,9,0
8,26,0
20,9,0
14,36,0
36,42,0
39,30,0
307,41,1
297,12,1
324,13,1
320,22,1
326,47,1
311,9,1
307,29,1
330,26,1
324,30,1
334,17,1
330,25,1
309,19,1
308,19,1
331,27,1
326,44,1
309,43,1
321,12,1
327,33,1
327,40,1
303,43,1
309,5,1
321,28,1
323,48,1
316,22,1
330,5,1
326,24,1
337,29,1
321,12,1
309,41,1
335,31,1
318,47,1
303,18,1
330,38,1
329,32,1
313,21,1
324,29,1
298,22,1
299,25,1
311,15,1
337,31,1
298,35,1
312,16,1
323,23,1
294,31,1
324,7,1
318,29,1
302,28,1
316,2,1
314,43,1
313,20,1
298,8,1
304,13,1
320,4,1
307,42,1
313,2,1
319,27,1
304,30,1
311,21,1
320,46,1
300,37,1
293,15,1
318,34,1
327,35,1
322,13,1
329,9,1
300,22,1
332,38,1
327,13,1
307,24,1
320,48,1
311,16,1
332,9,1
292,34,1
317,28,1
330,9,1
304,16,1
322,15,1
320,3,1
328,8,1
303,38,1
306,2,1
329,40,1
307,34,1
312,7,1
332,41,1
300,26,1
311,1,1
314,40,1
300,16,1
330,41,1
329,7,1
332,43,1
309,3,1
303,22,1
302,44,1
339,32,1
334,19,1
312,26,1
326,27,1
311,34,1
315,31,1
330,24,1
307,43,1
319,42,1
324,33,1
333,22,1
318,18,1
337,18,1
333,16,1
319,40,1
307,42,1
330,26,1
313,18,1
312,38,1
320,22,1
325,11,1
322,48,1
319,4,1
310,23,1
328,37,1
315,43,1
330,27,1
320,47,1
322,5,1
302,44,1
302,31,1
316,38,1
320,49,1
297,18,1
297,22,1
311,30,1
328,17,1
318,38,1
304,26,1
312,14,1
307,8,1
310,49,1
302,45,1
332,41,1
314,47,1
331,16,1
320,46,1
310,2,1
320,12,1
303,40,1
306,19,1
329,35,1
303,25,1
303,22,1
310,48,1
328,44,1
297,37,1
323,42,1
334,32,1
314,42,1
338,30,1
304,32,1
333,15,1
328,10,1
295,23,1
292,16,1
293,18,1
312,48,1
321,14,1
321,24,1
325,18,1
323,34,1
303,39,1
316,33,1
313,29,1
334,39,1
329,11,1
334,22,1
324,7,1
327,36,1
332,20,1
327,14,1
310,5,1
318,24,1
312,46,1
304,34,1
335,10,1
316,29,1
308,38,1
333,39,1
318,31,1
327,27,1
319,36,1
292,26,1
313,19,1
323,45,1
314,43,1
307,3,1
299,9,1
318,38,1
306,18,1
321,29,1
330,31,1
311,14,1
324,28,1
325,33,1
329,20,1
316,8,1
323,27,1
304,18,1
298,35,1
326,4,1
326,15,1
311,1,1
317,43,1
293,29,1
308,8,1
331,34,1
295,18,1
330,30,1
301,28,1
319,20,1
320,24,1
312,17,1
328,45,1
310,20,1
306,37,1
299,41,1
297,9,1
328,37,1
318,18,1
315,14,1
331,11,1
337,19,1
302,8,1
315,37,1
298,13,1
315,18,1
335,15,1
336,24,1
306,42,1
320,29,1
325,36,1
302,12,1
325,27,1
301,32,1
301,31,1
324,47,1
319,14,1
312,9,1
304,28,1
318,29,1
322,48,1
300,30,1
303,36,1
