35,28,0
27,39,0
39,20,0
26,35,0
45,28,0
15,29,0
29,8,0
42,9,0
32,19,0
28,31,0
36,24,0
21,34,0
36,31,0
12,41,0
45,33,0
23,28,0
25,36,0
30,47,0
42,14,0
23,38,0
38,9,0
17,41,0
33,25,0
38,17,0
15,23,0
12,15,0
28,24,0
3,35,0
19,49,0
22,41,0
21,7,0
4,29,0
3,20,0
36,6,0
40,26,0
38,42,0
20,47,0
33,26,0
5,24,0
31,15,0
6,27,0
24,21,0
39,19,0
31,17,0
43,35,0
15,28,0
14,18,0
36,14,0
15,31,0
18,38,0
7,20,0
4,27,0
34,47,0
45,24,0
26,49,0
23,20,0
12,6,0
40,28,0
49,32,0
43,38,0
8,10,0
23,22,0
17,38,0
29,33,0
35,8,0
39,21,0
49,27,0
43,13,0
10,24,0
17,3,0
36,29,0
19,22,0
19,18,0
9,7,0
29,35,0
24,19,0
38,31,0
28,14,0
10,36,0
19,7,0
14,35,0
21,12,0
19,1,0
26,16,0
18,49,0
27,18,0
29,40,0
34,4,0
10,40,0
8,30,0
12,35,0
40,35,0
39,26,0
33,17,0
18,41,0
44,26,0
19,1,0
11,22,0
30,1,0
26,6,0
42,24,0
11,30,0
17,29,0
26,40,0
27,44,0
38,41,0
47,15,0
46,33,0
19,1,0
47,36,0
8,13,0
5,25,0
11,43,0
43,10,0
14,15,0
19,22,0
17,7,0
15,9,0
23,30,0
5,31,0
13,30,0
14,35,0
29,27,0
18,9,0
39,8,0
23,3,0
15,37,0
38,29,0
41,12,0
37,19,0
36,24,0
23,20,0
19,16,0
46,30,0
32,49,0
7,30,0
32,23,0
44,10,0
8,20,0
16,47,0
29,41,0
30,14,0
31,14,0
3,22,0
2,30,0
33,26,0
44,22,0
10,6,0
40,43,0
19,14,0
40,39,0
24,21,0
40,8,0
29,2,0
41,17,0
36,41,0
2,23,0
30,6,0
22,32,0
12,13,0
9,19,0
21,21,0
24,33,0
40,8,0
42,11,0
49,26,0
32,1,0
34,15,0
38,31,0
9,17,0
22,5,0
17,44,0
2,19,0
24,34,0
45,31,0
27,11,0
28,30,0
19,44,0
13,11,0
40,25,0
29,8,0
17,35,0
24,44,0
24,15,0
18,15,0
31,32,0
5,21,0
16,10,0
25,47,0
30,34,0
17,36,0
13,27,0
9,35,0
16,4,0
11,14,0
38,21,0
38,4,0
3,18,0
12,28,0
41,24,0
32,17,0
38,37,0
4,27,0
27,9,0
21,22,0
13,22,0
22,19,0
25,25,0
26,31,0
42,11,0
7,23,0
42,22,0
17,24,0
41,35,0
20,5,0
46,28,0
25,27,0
23,27,0
27,32,0
26,20,0
35,29,0
40,16,0
32,42,0
48,32,0
9,11,0
38,30,0
15,36,0
14,5,0
43,33,0
18,41,0
32,33,0
30,10,0
29,16,0
33,14,0
38,18,0
41,41,0
23,40,0
17,17,0
39,34,0
47,15,0
14,43,0
5,14,0
15,4,0
8,42,0
23,38,0
12,13,0
28,42,0
42,13,0
21,15,0
26,13,0
199,30,1
185,27,1
183,19,1
202,23,1
206,20,1
197,2,1
198,19,1
198,22,1
203,41,1
215,31,1
212,29,1
187,16,1
215,10,1
200,42,1
203,25,1
189,29,1
196,18,1
189,27,1
216,25,1
188,30,1
228,31,1
220,45,1
214,12,1
213,20,1
185,20,1
202,43,1
210,36,1
208,12,1
192,42,1
215,24,1
197,30,1
188,25,1
219,41,1
193,45,1
202,35,1
214,38,1
222,14,1
199,7,1
195,46,1
201,26,1
202,26,1
213,19,1
197,26,1
219,30,1
213,27,1
193,5,1
187,27,1
188,37,1
193,19,1
189,34,1
195,24,1
210,33,1
183,25,1
196,8,1
215,41,1
220,20,1
216,10,1
195,45,1
193,32,1
185,39,1
223,13,1
198,41,1
217,23,1
216,39,1
224,41,1
191,42,1
221,21,1
189,23,1
202,4,1
194,11,1
202,2,1
216,45,1
210,33,1
222,27,1
202,12,1
184,15,1
221,29,1
208,42,1
208,19,1
220,27,1
190,7,1
189,29,1
222,14,1
218,13,1
188,25,1
210,18,1
221,22,1
213,34,1
208,49,1
209,32,1
225,40,1
225,37,1
203,4,1
203,27,1
222,7,1
197,35,1
202,27,1
202,31,1
197,16,1
192,37,1
218,39,1
219,33,1
202,43,1
226,33,1
192,18,1
212,12,1
224,17,1
186,13,1
196,35,1
189,12,1
199,21,1
184,28,1
193,37,1
183,34,1
200,2,1
213,4,1
193,11,1
215,36,1
217,37,1
195,32,1
194,25,1
182,33,1
199,27,1
199,40,1
184,22,1
213,48,1
206,36,1
197,15,1
198,16,1
192,5,1
220,41,1
191,35,1
185,15,1
208,42,1
186,37,1
196,28,1
198,4,1
188,11,1
188,40,1
199,40,1
216,21,1
217,42,1
223,20,1
193,4,1
213,31,1
195,22,1
191,13,1
219,10,1
186,29,1
198,19,1
217,45,1
207,22,1
220,32,1
220,15,1
211,40,1
183,33,1
185,21,1
208,19,1
201,4,1
204,28,1
221,9,1
187,9,1
212,19,1
211,32,1
204,16,1
198,45,1
188,43,1
211,29,1
217,13,1
215,10,1
207,3,1
188,7,1
195,3,1
213,30,1
189,40,1
219,15,1
213,3,1
208,2,1
197,40,1
198,23,1
221,23,1
197,20,1
214,29,1
206,8,1
214,48,1
205,25,1
185,40,1
183,22,1
188,20,1
223,28,1
197,36,1
192,32,1
194,42,1
220,6,1
225,24,1
181,28,1
192,14,1
215,21,1
190,6,1
211,10,1
190,35,1
225,40,1
199,37,1
213,27,1
185,27,1
191,7,1
186,13,1
221,37,1
207,6,1
197,38,1
218,8,1
197,48,1
215,5,1
191,16,1
195,47,1
196,40,1
215,29,1
208,36,1
200,2,1
220,34,1
198,39,1
204,46,1
191,20,1
193,6,1
214,37,1
207,2,1
212,40,1
196,35,1
204,39,1
202,22,1
217,30,1
222,41,1
187,19,1
205,8,1
212,30,1
198,9,1
194,4,1
192,35,1
189,31,1
218,14,1
198,37,1
215,21,1
214,35,1
202,43,1
217,36,1
202,46,1
197,48,1
193,29,1
211,46,1
217,22,1
