33,27,0
13,22,0
33,11,0
40,7,0
46,24,0
33,43,0
20,22,0
40,12,0
41,23,0
46,37,0
26,40,0
23,38,0
19,40,0
37,30,0
30,36,0
41,32,0
43,31,0
27,36,0
26,15,0
10,21,0
11,12,0
37,19,0
17,40,0
12,25,0
36,9,0
24,10,0
31,31,0
24,9,0
40,11,0
17,34,0
29,7,0
39,12,0
14,11,0
39,43,0
27,12,0
6,10,0
33,36,0
27,29,0
3,28,0
29,41,0
8,17,0
8,32,0
3,31,0
31,36,0
27,34,0
5,20,0
10,11,0
24,13,0
14,47,0
13,12,0
37,30,0
44,11,0
7,26,0
6,29,0
28,20,0
43,24,0
29,16,0
11,29,0
46,24,0
25,50,0
31,49,0
17,7,0
9,44,0
3,24,0
33,36,0
14,15,0
17,39,0
46,15,0
24,36,0
17,14,0
35,13,0
48,30,0
33,46,0
20,4,0
10,10,0
32,25,0
23,16,0
45,32,0
30,5,0
41,8,0
12,20,0
19,23,0
39,7,0
19,6,0
38,21,0
39,30,0
38,18,0
25,49,0
3,36,0
6,38,0
21,40,0
12,29,0
35,9,0
35,6,0
25,22,0
4,35,0
34,33,0
37,11,0
7,35,0
8,16,0
14,27,0
40,12,0
48,29,0
18,21,0
4,35,0
21,32,0
21,37,0
21,21,0
25,32,0
29,35,0
43,14,0
33,25,0
31,40,0
6,18,0
48,32,0
26,39,0
41,24,0
11,8,0
27,26,0
38,31,0
13,40,0
23,41,0
28,1,0
24,14,0
36,35,0
23,35,0
16,7,0
22,42,0
13,19,0
21,39,0
12,30,0
7,21,0
31,19,0
11,26,0
36,9,0
37,46,0
22,46,0
35,13,0
48,28,0
12,21,0
36,21,0
4,37,0
16,9,0
39,9,0
30,9,0
16,29,0
11,13,0
7,23,0
48,19,0
8,39,0
20,4,0
8,33,0
45,17,0
26,30,0
43,8,0
12,5,0
36,12,0
32,25,0
33,9,0
39,44,0
34,23,0
16,19,0
37,35,0
12,24,0
46,26,0
33,3,0
48,22,0
33,48,0
42,34,0
23,38,0
9,8,0
27,35,0
30,13,0
27,45,0
27,48,0
10,39,0
26,9,0
2,32,0
31,5,0
31,32,0
2,22,0
18,3,0
44,29,0
28,32,0
22,1,0
31,32,0
22,4,0
35,30,0
24,25,0
22,3,0
10,42,0
22,32,0
40,12,0
28,14,0
27,10,0
44,16,0
18,46,0
20,47,0
7,39,0
3,15,0
44,15,0
30,32,0
38,35,0
24,1,0
32,42,0
28,2,0
5,29,0
24,6,0
34,48,0
27,2,0
26,23,0
21,22,0
33,48,0
29,14,0
46,22,0
32,38,0
26,46,0
25,1,0
42,31,0
22,40,0
15,21,0
16,14,0
18,15,0
38,33,0
11,24,0
33,38,0
9,39,0
43,34,0
14,16,0
16,45,0
35,38,0
21,29,0
16,45,0
41,6,0
40,18,0
48,18,0
20,14,0
24,13,0
40,14,0
46,31,0
7,39,0
19,29,0
42,12,0
40,6,0
8,41,0
11,14,0
37,16,0
4,35,0
11,44,0
18,45,0
200,45,1
209,43,1
192,32,1
182,24,1
195,28,1
214,41,1
202,27,1
176,30,1
176,13,1
206,27,1
211,6,1
212,31,1
180,5,1
212,27,1
200,35,1
210,27,1
211,31,1
180,9,1
195,2,1
198,9,1
192,22,1
195,38,1
173,28,1
197,10,1
185,17,1
179,13,1
205,28,1
195,21,1
209,8,1
182,9,1
210,21,1
205,15,1
201,17,1
194,36,1
189,49,1
200,33,1
179,38,1
179,7,1
203,28,1
173,16,1
196,39,1
201,28,1
175,23,1
197,49,1
204,11,1
181,14,1
192,11,1
213,34,1
195,44,1
206,9,1
212,32,1
202,36,1
196,10,1
213,28,1
189,18,1
184,42,1
212,24,1
195,27,1
179,12,1
184,13,1
209,7,1
191,12,1
181,41,1
211,23,1
207,39,1
198,13,1
198,28,1
187,38,1
176,22,1
179,17,1
188,49,1
195,21,1
213,35,1
192,36,1
211,39,1
180,11,1
194,15,1
197,33,1
185,13,1
209,26,1
212,34,1
193,44,1
208,13,1
192,43,1
197,35,1
196,25,1
174,27,1
185,32,1
208,31,1
215,34,1
181,26,1
183,43,1
191,36,1
209,39,1
186,44,1
207,24,1
200,5,1
200,3,1
188,40,1
210,26,1
194,22,1
205,45,1
209,28,1
199,14,1
208,31,1
200,24,1
180,23,1
186,4,1
191,24,1
190,8,1
199,14,1
186,34,1
188,35,1
185,46,1
194,40,1
200,11,1
196,46,1
193,19,1
206,44,1
200,12,1
203,8,1
187,45,1
186,41,1
194,30,1
198,2,1
174,12,1
195,7,1
202,12,1
208,36,1
178,16,1
211,8,1
196,7,1
187,31,1
200,28,1
184,42,1
175,19,1
181,35,1
217,27,1
205,19,1
214,30,1
194,6,1
184,12,1
194,27,1
179,38,1
192,7,1
199,10,1
194,24,1
208,38,1
199,32,1
186,30,1
186,20,1
201,33,1
202,28,1
191,1,1
215,39,1
198,6,1
193,22,1
183,10,1
204,43,1
194,28,1
212,25,1
193,4,1
213,29,1
193,5,1
188,43,1
200,19,1
201,28,1
204,17,1
178,7,1
199,38,1
209,17,1
208,37,1
196,13,1
206,34,1
200,48,1
187,28,1
176,9,1
182,28,1
186,11,1
178,9,1
188,34,1
202,29,1
181,22,1
206,30,1
218,17,1
206,13,1
194,8,1
192,36,1
203,13,1
214,39,1
187,43,1
208,13,1
200,28,1
195,8,1
193,14,1
170,25,1
176,33,1
201,14,1
189,47,1
193,21,1
196,38,1
219,26,1
202,20,1
178,15,1
204,5,1
186,2,1
187,7,1
212,7,1
203,44,1
194,38,1
215,28,1
199,46,1
210,12,1
209,15,1
196,30,1
210,19,1
215,14,1
173,36,1
216,37,1
202,39,1
197,33,1
211,6,1
208,20,1
197,28,1
176,35,1
185,9,1
194,25,1
199,38,1
191,45,1
211,19,1
183,45,1
210,8,1
177,24,1
187,34,1
201,8,1
209,25,1
199,10,1
208,37,1
190,3,1
193,17,1
188,24,1
209,40,1
173,32,1
171,18,1
194,32,1
189,40,1
174,26,1
198,3,1
183,45,1
198,41,1
