18,6,0
32,14,0
41,7,0
5,40,0
5,25,0
24,48,0
17,35,0
21,31,0
43,19,0
12,35,0
12,23,0
27,40,0
23,16,0
4,28,0
31,10,0
38,29,0
38,37,0
19,31,0
33,20,0
32,33,0
23,38,0
4,33,0
10,5,0
23,19,0
40,22,0
3,27,0
32,15,0
30,18,0
35,17,0
19,45,0
7,33,0
21,19,0
9,42,0
4,23,0
32,25,0
31,14,0
3,36,0
9,18,0
15,8,0
9,27,0
27,22,0
38,40,0
4,33,0
10,41,0
34,10,0
44,18,0
21,2,0
40,15,0
4,25,0
23,1,0
38,29,0
13,18,0
34,2,0
40,16,0
21,32,0
12,12,0
45,33,0
27,21,0
34,7,0
49,18,0
25,47,0
33,32,0
37,20,0
36,36,0
40,11,0
25,2,0
30,28,0
31,16,0
46,26,0
39,32,0
10,39,0
37,17,0
24,39,0
28,43,0
39,31,0
21,22,0
7,11,0
39,42,0
47,14,0
6,18,0
27,13,0
8,26,0
28,1,0
28,4,0
28,37,0
37,43,0
10,27,0
25,37,0
41,9,0
14,10,0
12,17,0
25,4,0
6,30,0
37,25,0
16,19,0
13,21,0
17,9,0
14,10,0
6,23,0
21,22,0
22,43,0
31,10,0
16,20,0
29,27,0
36,30,0
21,19,0
25,41,0
16,25,0
15,17,0
10,45,0
26,49,0
15,18,0
33,3,0
2,29,0
23,16,0
16,45,0
34,28,0
33,16,0
21,11,0
44,31,0
42,33,0
12,39,0
15,14,0
12,34,0
3,31,0
22,34,0
3,33,0
43,39,0
18,6,0
34,20,0
19,18,0
29,3,0
23,13,0
41,6,0
41,17,0
6,32,0
31,11,0
29,20,0
16,23,0
41,25,0
28,48,0
24,42,0
21,26,0
13,11,0
37,13,0
10,22,0
24,34,0
46,28,0
15,34,0
21,20,0
45,24,0
14,29,0
43,13,0
32,15,0
34,36,0
17,47,0
14,12,0
27,4,0
32,33,0
15,43,0
29,19,0
25,15,0
19,5,0
29,22,0
21,35,0
17,22,0
27,41,0
42,10,0
28,47,0
22,17,0
27,4,0
19,45,0
34,23,0
31,23,0
24,28,0
21,45,0
43,41,0
22,12,0
44,26,0
35,11,0
26,34,0
32,22,0
25,19,0
19,15,0
41,18,0
1,19,0
6,21,0
42,30,0
20,42,0
37,43,0
21,18,0
13,38,0
44,23,0
33,14,0
9,39,0
13,6,0
38,34,0
2,31,0
5,14,0
5,14,0
42,39,0
23,16,0
21,4,0
30,35,0
24,5,0
14,21,0
11,10,0
2,21,0
20,25,0
44,41,0
21,33,0
32,7,0
39,14,0
19,22,0
11,40,0
6,15,0
26,15,0
19,13,0
42,8,0
26,10,0
25,1,0
35,26,0
17,18,0
38,37,0
30,11,0
46,38,0
24,40,0
30,15,0
48,23,0
11,5,0
33,38,0
32,1,0
40,8,0
20,18,0
40,38,0
4,33,0
17,38,0
16,48,0
6,22,0
8,43,0
19,12,0
33,46,0
18,38,0
28,31,0
29,32,0
32,8,0
22,45,0
36,31,0
37,32,0
23,28,0
194,34,1
208,22,1
206,12,1
189,39,1
211,35,1
174,24,1
208,40,1
214,35,1
211,29,1
183,28,1
213,35,1
192,13,1
190,6,1
179,8,1
190,9,1
190,38,1
200,21,1
177,15,1
208,22,1
186,5,1
216,28,1
191,5,1
197,23,1
202,46,1
200,19,1
201,16,1
196,25,1
208,34,1
217,32,1
203,17,1
199,9,1
192,40,1
184,32,1
212,30,1
211,43,1
173,31,1
213,9,1
196,3,1
214,28,1
204,21,1
200,21,1
188,5,1
191,46,1
198,1,1
175,18,1
197,5,1
176,21,1
196,13,1
209,22,1
211,9,1
178,23,1
196,6,1
212,18,1
197,40,1
189,31,1
174,22,1
208,33,1
218,34,1
201,29,1
196,33,1
202,1,1
212,18,1
191,44,1
202,2,1
193,14,1
187,4,1
176,19,1
177,40,1
175,34,1
211,41,1
194,32,1
184,13,1
206,31,1
190,44,1
196,1,1
213,31,1
197,31,1
190,47,1
194,16,1
180,40,1
211,31,1
212,13,1
175,31,1
195,48,1
192,17,1
213,30,1
208,40,1
205,10,1
199,10,1
200,29,1
194,13,1
196,40,1
215,23,1
208,15,1
196,4,1
211,16,1
181,35,1
207,15,1
207,42,1
183,6,1
201,28,1
186,21,1
191,33,1
194,18,1
202,29,1
211,32,1
183,16,1
194,34,1
192,35,1
176,29,1
181,40,1
182,25,1
211,24,1
186,36,1
191,29,1
185,26,1
215,16,1
196,39,1
178,21,1
208,37,1
209,13,1
194,14,1
188,35,1
211,13,1
213,28,1
203,8,1
180,22,1
213,13,1
193,28,1
179,11,1
211,33,1
203,24,1
206,38,1
202,37,1
217,17,1
204,34,1
202,33,1
205,42,1
194,49,1
199,15,1
214,21,1
206,12,1
181,11,1
207,21,1
178,36,1
202,42,1
191,28,1
174,36,1
186,9,1
182,39,1
175,18,1
194,16,1
174,19,1
193,37,1
185,24,1
189,22,1
198,31,1
207,21,1
193,38,1
205,12,1
193,13,1
175,33,1
209,38,1
183,18,1
195,29,1
187,20,1
185,32,1
175,28,1
181,20,1
207,28,1
195,47,1
190,21,1
216,23,1
187,32,1
186,8,1
211,30,1
212,14,1
182,27,1
195,11,1
197,18,1
184,17,1
206,44,1
212,33,1
187,44,1
194,9,1
204,15,1
182,27,1
211,43,1
190,12,1
212,40,1
213,23,1
187,38,1
201,37,1
197,3,1
203,17,1
193,24,1
198,9,1
202,43,1
185,16,1
200,9,1
189,10,1
200,6,1
208,45,1
190,28,1
208,24,1
203,48,1
203,17,1
173,21,1
179,20,1
204,17,1
198,49,1
176,9,1
204,26,1
203,23,1
202,15,1
207,34,1
196,8,1
185,23,1
203,42,1
197,7,1
196,33,1
209,24,1
183,21,1
187,38,1
208,10,1
206,22,1
205,28,1
215,20,1
211,7,1
194,17,1
201,25,1
186,35,1
173,29,1
179,38,1
185,17,1
188,32,1
186,15,1
188,14,1
199,25,1
189,38,1
191,1,1
196,5,1
202,2,1
195,40,1
192,4,1
181,41,1
206,44,1
198,10,1
182,43,1
208,17,1
