29,32,0
40,38,0
5,38,0
17,46,0
8,19,0
41,22,0
41,33,0
43,29,0
34,43,0
25,35,0
26,10,0
22,4,0
17,9,0
6,38,0
7,39,0
48,31,0
36,30,0
32,2,0
32,25,0
7,27,0
25,44,0
12,4,0
46,17,0
37,34,0
43,35,0
14,7,0
6,9,0
39,37,0
20,16,0
23,21,0
9,18,0
37,32,0
18,46,0
38,18,0
36,46,0
36,19,0
5,35,0
26,34,0
21,11,0
6,16,0
28,3,0
5,20,0
16,29,0
32,25,0
18,30,0
48,24,0
36,23,0
17,14,0
18,31,0
37,36,0
11,12,0
14,26,0
31,39,0
44,16,0
21,33,0
12,9,0
44,38,0
37,41,0
3,21,0
18,45,0
19,32,0
42,11,0
41,43,0
32,5,0
15,23,0
38,29,0
33,3,0
43,35,0
30,27,0
31,17,0
42,29,0
38,45,0
19,46,0
21,41,0
15,17,0
32,43,0
10,8,0
15,41,0
18,37,0
29,3,0
7,23,0
22,7,0
45,30,0
31,43,0
30,14,0
46,35,0
13,11,0
11,36,0
43,9,0
42,43,0
14,6,0
41,25,0
45,12,0
3,29,0
19,37,0
30,12,0
45,26,0
19,15,0
16,30,0
19,12,0
17,26,0
26,17,0
25,24,0
22,24,0
47,21,0
15,23,0
28,20,0
37,44,0
23,40,0
33,26,0
23,23,0
30,16,0
16,45,0
37,25,0
39,31,0
24,26,0
11,31,0
43,26,0
39,39,0
22,25,0
23,36,0
34,40,0
23,12,0
42,14,0
20,3,0
44,15,0
37,28,0
12,27,0
3,18,0
11,18,0
34,18,0
27,24,0
21,25,0
27,24,0
27,46,0
10,37,0
27,22,0
15,3,0
35,30,0
30,35,0
7,39,0
15,14,0
20,26,0
20,28,0
19,45,0
7,21,0
47,16,0
20,31,0
10,33,0
19,26,0
32,27,0
18,47,0
41,13,0
13,9,0
42,8,0
36,23,0
12,37,0
49,19,0
46,24,0
36,19,0
39,27,0
25,5,0
17,36,0
12,34,0
22,28,0
28,4,0
43,42,0
13,16,0
11,15,0
17,45,0
39,8,0
37,37,0
47,20,0
10,8,0
15,11,0
46,25,0
10,6,0
18,18,0
15,30,0
37,28,0
20,6,0
27,31,0
21,12,0
18,47,0
14,16,0
30,19,0
14,33,0
25,2,0
26,32,0
26,20,0
25,13,0
29,20,0
5,30,0
42,37,0
7,38,0
32,1,0
20,4,0
14,38,0
18,38,0
11,27,0
41,14,0
27,32,0
37,13,0
38,37,0
22,48,0
38,11,0
31,30,0
43,16,0
39,7,0
39,7,0
15,9,0
42,21,0
5,23,0
38,18,0
19,8,0
19,3,0
20,43,0
17,22,0
31,30,0
25,13,0
15,23,0
20,27,0
12,14,0
20,6,0
28,18,0
21,24,0
14,11,0
40,33,0
38,10,0
33,17,0
17,39,0
46,35,0
13,41,0
39,43,0
27,48,0
38,15,0
3,16,0
30,25,0
21,46,0
32,21,0
22,14,0
11,16,0
18,28,0
41,25,0
36,33,0
19,12,0
40,11,0
43,24,0
27,32,0
17,7,0
186,17,1
164,17,1
154,37,1
155,16,1
151,31,1
162,26,1
166,40,1
192,42,1
177,14,1
164,15,1
196,22,1
188,25,1
178,43,1
174,3,1
188,21,1
198,28,1
174,45,1
165,17,1
171,40,1
171,19,1
168,14,1
165,29,1
178,22,1
163,31,1
156,39,1
183,6,1
177,3,1
171,1,1
198,20,1
162,23,1
163,21,1
193,29,1
156,27,1
196,17,1
176,20,1
168,7,1
198,19,1
196,36,1
165,3,1
177,40,1
179,41,1
165,21,1
177,21,1
162,15,1
161,12,1
196,17,1
168,34,1
173,7,1
181,2,1
168,22,1
161,42,1
174,34,1
173,24,1
155,17,1
188,11,1
163,23,1
167,35,1
188,27,1
188,36,1
176,38,1
165,40,1
186,40,1
163,18,1
169,24,1
185,5,1
176,12,1
192,11,1
181,49,1
154,16,1
173,38,1
174,26,1
181,32,1
169,31,1
156,19,1
185,32,1
185,40,1
159,8,1
187,28,1
171,7,1
178,1,1
187,28,1
183,25,1
171,45,1
157,33,1
190,18,1
169,14,1
155,35,1
153,32,1
157,17,1
198,24,1
159,22,1
164,15,1
153,29,1
183,11,1
184,46,1
187,21,1
154,13,1
160,26,1
168,4,1
196,17,1
196,35,1
194,29,1
165,10,1
158,42,1
176,46,1
155,20,1
151,25,1
158,15,1
179,21,1
173,17,1
188,5,1
186,37,1
167,48,1
164,7,1
186,5,1
176,12,1
186,4,1
165,44,1
162,21,1
179,40,1
168,1,1
173,5,1
167,46,1
180,27,1
161,5,1
196,37,1
194,16,1
171,41,1
175,41,1
175,24,1
166,23,1
171,17,1
175,0,1
172,32,1
166,24,1
163,45,1
155,36,1
152,25,1
168,22,1
181,9,1
185,9,1
175,42,1
175,25,1
184,6,1
153,26,1
193,23,1
172,9,1
174,48,1
176,18,1
167,14,1
184,20,1
169,24,1
192,13,1
183,43,1
170,37,1
174,3,1
167,41,1
164,35,1
163,20,1
167,30,1
157,12,1
176,11,1
170,26,1
160,17,1
184,16,1
178,36,1
199,29,1
189,36,1
182,46,1
160,15,1
165,12,1
181,25,1
157,22,1
185,29,1
188,20,1
189,44,1
163,10,1
153,17,1
181,30,1
187,15,1
166,40,1
159,25,1
157,40,1
172,12,1
160,12,1
196,29,1
168,34,1
175,44,1
178,17,1
166,13,1
162,38,1
177,35,1
168,4,1
189,12,1
182,43,1
182,39,1
173,30,1
186,44,1
177,31,1
178,45,1
193,14,1
166,25,1
168,37,1
186,35,1
169,49,1
182,21,1
188,13,1
170,34,1
171,27,1
194,32,1
192,13,1
176,34,1
182,41,1
179,21,1
173,4,1
180,29,1
163,5,1
162,21,1
170,42,1
193,22,1
179,16,1
156,39,1
163,23,1
176,21,1
187,33,1
171,4,1
184,38,1
192,36,1
194,34,1
167,17,1
178,38,1
175,10,1
190,11,1
173,4,1
178,30,1
188,7,1
157,35,1
170,26,1
181,19,1
160,36,1
177,34,1
158,8,1
161,20,1
184,7,1
165,34,1
178,5,1
195,25,1
174,18,1
159,22,1
176,14,1
