37,45,0
29,2,0
14,10,0
40,21,0
18,9,0
41,8,0
41,44,0
5,18,0
17,34,0
21,24,0
28,47,0
34,24,0
38,27,0
6,9,0
24,6,0
38,34,0
11,18,0
4,12,0
25,0,0
23,41,0
17,11,0
34,2,0
24,32,0
5,33,0
23,19,0
31,12,0
34,30,0
3,32,0
35,5,0
39,13,0
20,1,0
3,32,0
5,19,0
7,31,0
18,28,0
17,6,0
20,29,0
3,33,0
45,36,0
12,34,0
4,14,0
3,14,0
16,47,0
27,19,0
25,29,0
35,22,0
9,30,0
5,20,0
47,21,0
44,10,0
16,47,0
24,19,0
20,48,0
42,11,0
29,31,0
30,40,0
24,11,0
41,17,0
25,39,0
43,21,0
27,10,0
36,10,0
8,10,0
48,17,0
27,26,0
29,27,0
24,22,0
26,32,0
19,46,0
44,39,0
7,38,0
29,25,0
10,24,0
22,19,0
35,13,0
24,31,0
49,28,0
46,24,0
40,17,0
6,31,0
44,21,0
7,16,0
26,3,0
40,14,0
41,16,0
16,25,0
19,19,0
31,45,0
16,12,0
41,26,0
24,30,0
30,3,0
25,32,0
17,37,0
37,34,0
38,36,0
28,15,0
34,3,0
25,26,0
28,40,0
29,27,0
3,33,0
16,11,0
20,27,0
41,25,0
38,26,0
25,41,0
42,14,0
9,29,0
13,38,0
31,42,0
2,33,0
4,35,0
12,14,0
45,16,0
30,31,0
11,25,0
34,4,0
13,21,0
37,42,0
49,27,0
39,45,0
42,12,0
11,19,0
6,15,0
44,13,0
17,48,0
26,13,0
13,44,0
1,22,0
5,18,0
46,22,0
16,32,0
32,1,0
20,28,0
41,9,0
8,40,0
16,47,0
39,33,0
22,47,0
16,36,0
10,25,0
10,27,0
24,16,0
14,25,0
22,41,0
15,35,0
18,47,0
6,41,0
4,25,0
18,7,0
41,26,0
31,9,0
24,29,0
25,6,0
35,32,0
14,31,0
24,26,0
21,48,0
33,34,0
31,12,0
17,34,0
29,22,0
2,22,0
18,23,0
43,32,0
46,29,0
31,15,0
41,38,0
35,45,0
36,8,0
38,23,0
26,6,0
38,30,0
21,46,0
5,16,0
19,21,0
46,34,0
39,30,0
33,31,0
1,18,0
29,8,0
34,48,0
16,42,0
27,24,0
49,30,0
12,14,0
33,47,0
18,29,0
41,25,0
8,39,0
27,4,0
1,27,0
35,29,0
29,13,0
25,43,0
34,23,0
19,36,0
8,20,0
11,22,0
32,40,0
26,42,0
15,22,0
37,46,0
38,25,0
16,15,0
0,25,0
25,28,0
45,39,0
31,15,0
12,6,0
9,33,0
29,9,0
2,28,0
46,22,0
24,22,0
19,11,0
16,41,0
22,16,0
39,15,0
35,27,0
47,26,0
34,33,0
5,24,0
27,49,0
12,16,0
1,18,0
23,45,0
14,9,0
11,28,0
35,8,0
15,25,0
25,46,0
21,7,0
38,4,0
6,35,0
15,14,0
13,25,0
30,10,0
42,31,0
19,16,0
16,21,0
5,36,0
41,31,0
28,5,0
22,35,0
6,18,0
21,23,0
20,43,0
29,9,0
199,18,1
178,4,1
162,45,1
184,46,1
177,38,1
173,17,1
163,41,1
162,16,1
167,30,1
160,12,1
155,33,1
158,18,1
189,33,1
174,26,1
196,12,1
178,27,1
154,12,1
176,42,1
186,33,1
178,6,1
197,26,1
160,38,1
174,29,1
193,13,1
194,33,1
177,36,1
194,37,1
170,33,1
157,24,1
190,9,1
182,29,1
154,27,1
166,41,1
169,8,1
172,13,1
168,3,1
193,30,1
170,7,1
184,34,1
159,13,1
175,31,1
167,5,1
161,28,1
179,30,1
181,8,1
195,27,1
174,39,1
177,37,1
182,21,1
151,19,1
163,7,1
163,42,1
174,48,1
167,28,1
182,43,1
173,17,1
167,16,1
157,8,1
151,32,1
174,20,1
154,18,1
181,44,1
174,45,1
186,41,1
170,28,1
157,15,1
182,28,1
189,26,1
181,33,1
157,10,1
178,27,1
189,13,1
157,19,1
176,44,1
173,48,1
179,19,1
194,28,1
177,8,1
194,20,1
153,33,1
182,9,1
156,24,1
182,29,1
179,10,1
185,8,1
188,44,1
191,36,1
169,4,1
181,14,1
161,5,1
168,30,1
181,49,1
155,31,1
159,6,1
181,9,1
191,43,1
185,37,1
176,42,1
171,6,1
182,34,1
176,12,1
191,13,1
156,16,1
191,28,1
171,44,1
185,43,1
160,11,1
180,30,1
156,39,1
195,16,1
153,33,1
174,7,1
191,6,1
197,18,1
182,9,1
179,24,1
152,22,1
167,22,1
173,39,1
153,18,1
175,16,1
173,36,1
172,32,1
153,29,1
167,29,1
161,31,1
169,42,1
171,39,1
182,11,1
196,31,1
177,13,1
177,34,1
183,8,1
181,28,1
198,27,1
167,22,1
180,30,1
180,24,1
199,25,1
170,8,1
194,26,1
177,18,1
177,48,1
194,23,1
183,15,1
164,47,1
159,26,1
166,23,1
182,45,1
191,36,1
180,23,1
180,41,1
162,28,1
194,25,1
170,21,1
195,37,1
183,18,1
166,4,1
156,20,1
162,33,1
169,12,1
155,21,1
170,7,1
174,43,1
179,34,1
182,34,1
189,29,1
168,24,1
171,40,1
183,16,1
176,9,1
155,20,1
161,38,1
165,44,1
173,31,1
182,11,1
187,14,1
182,40,1
158,10,1
157,8,1
182,12,1
185,47,1
184,39,1
152,31,1
171,7,1
151,20,1
168,27,1
188,25,1
196,22,1
169,15,1
170,7,1
160,44,1
179,3,1
181,42,1
188,40,1
178,35,1
177,33,1
159,25,1
192,12,1
198,20,1
173,30,1
179,17,1
167,13,1
184,33,1
189,27,1
188,29,1
171,42,1
193,29,1
171,47,1
182,49,1
197,21,1
163,9,1
168,36,1
182,23,1
181,5,1
174,38,1
171,10,1
158,36,1
194,15,1
187,18,1
166,16,1
159,8,1
178,11,1
170,44,1
166,47,1
154,17,1
175,4,1
167,19,1
167,37,1
189,15,1
195,13,1
161,37,1
175,32,1
164,28,1
161,35,1
178,28,1
175,48,1
162,23,1
173,16,1
162,9,1
160,9,1
167,13,1
179,44,1
176,7,1
180,33,1
178,42,1
166,20,1
169,20,1
180,11,1
195,29,1
