26,36,0
8,11,0
45,32,0
12,41,0
43,38,0
41,36,0
7,19,0
18,11,0
18,43,0
23,45,0
11,41,0
10,11,0
14,8,0
2,19,0
20,8,0
35,8,0
14,46,0
6,37,0
43,36,0
22,25,0
3,35,0
27,1,0
40,16,0
19,6,0
33,8,0
20,16,0
5,29,0
40,32,0
15,32,0
23,30,0
36,32,0
26,15,0
17,18,0
26,30,0
29,19,0
40,37,0
27,40,0
27,36,0
47,23,0
29,6,0
1,29,0
40,8,0
20,40,0
1,29,0
47,28,0
28,43,0
14,16,0
20,41,0
30,37,0
41,38,0
49,22,0
46,21,0
41,24,0
25,11,0
34,13,0
22,18,0
21,13,0
32,26,0
29,21,0
14,26,0
16,18,0
19,46,0
24,1,0
7,19,0
4,25,0
16,48,0
32,14,0
44,10,0
34,34,0
33,15,0
38,15,0
6,21,0
9,41,0
24,48,0
23,19,0
5,39,0
11,27,0
25,0,0
37,12,0
28,34,0
22,4,0
35,34,0
37,28,0
9,24,0
25,38,0
44,36,0
17,20,0
8,16,0
5,39,0
16,2,0
35,37,0
18,27,0
19,39,0
40,44,0
23,41,0
20,6,0
13,10,0
38,36,0
28,16,0
36,7,0
10,12,0
29,22,0
33,32,0
39,36,0
35,28,0
43,10,0
33,39,0
16,48,0
45,10,0
45,23,0
10,11,0
34,20,0
10,43,0
27,31,0
41,39,0
13,39,0
20,34,0
35,19,0
28,10,0
38,34,0
1,25,0
23,32,0
20,15,0
26,29,0
8,18,0
8,26,0
45,28,0
11,43,0
39,22,0
24,19,0
12,13,0
12,30,0
12,5,0
22,46,0
12,10,0
42,16,0
13,41,0
6,37,0
39,15,0
48,33,0
36,27,0
32,31,0
17,23,0
23,48,0
10,8,0
34,41,0
35,42,0
14,21,0
22,37,0
38,14,0
8,18,0
13,12,0
12,46,0
28,6,0
40,39,0
24,39,0
17,39,0
17,8,0
27,7,0
12,17,0
29,11,0
17,35,0
28,11,0
46,19,0
45,23,0
16,38,0
41,42,0
38,41,0
49,21,0
33,10,0
46,33,0
27,45,0
24,6,0
19,37,0
16,38,0
13,43,0
42,22,0
7,21,0
40,32,0
36,38,0
42,29,0
19,14,0
12,7,0
35,7,0
46,24,0
43,25,0
26,29,0
5,22,0
23,22,0
31,40,0
19,20,0
30,27,0
14,20,0
39,7,0
42,28,0
38,34,0
14,24,0
35,26,0
31,26,0
12,5,0
19,12,0
39,11,0
40,24,0
12,31,0
38,16,0
38,40,0
10,8,0
15,39,0
21,39,0
24,10,0
49,29,0
28,10,0
21,11,0
19,15,0
30,5,0
19,19,0
38,40,0
33,5,0
10,39,0
16,47,0
20,47,0
10,22,0
20,12,0
34,46,0
11,14,0
24,48,0
32,5,0
29,16,0
34,41,0
47,23,0
15,12,0
30,1,0
18,10,0
25,45,0
41,35,0
19,24,0
3,21,0
14,12,0
15,29,0
29,34,0
25,37,0
11,9,0
7,33,0
7,19,0
40,34,0
5,30,0
46,37,0
17,45,0
36,3,0
22,40,0
188,36,1
161,8,1
168,17,1
183,42,1
196,15,1
190,38,1
161,17,1
151,18,1
172,14,1
172,41,1
166,47,1
179,30,1
188,40,1
198,22,1
166,28,1
163,15,1
194,32,1
186,21,1
154,30,1
168,23,1
171,24,1
179,38,1
180,28,1
172,28,1
159,24,1
187,11,1
166,18,1
190,44,1
168,49,1
168,7,1
196,29,1
169,41,1
193,32,1
154,20,1
195,28,1
161,25,1
169,7,1
169,16,1
188,31,1
183,23,1
176,44,1
166,21,1
167,43,1
183,12,1
182,20,1
187,39,1
163,27,1
190,16,1
166,19,1
174,35,1
187,38,1
180,11,1
152,23,1
156,23,1
188,4,1
171,25,1
165,40,1
164,4,1
160,29,1
163,27,1
165,24,1
195,28,1
177,10,1
167,28,1
170,2,1
168,24,1
179,12,1
166,19,1
156,17,1
153,15,1
187,44,1
162,16,1
187,32,1
164,20,1
163,35,1
193,17,1
188,13,1
180,1,1
184,43,1
164,6,1
181,48,1
196,33,1
163,37,1
180,18,1
159,13,1
157,18,1
155,28,1
161,42,1
183,29,1
178,43,1
186,19,1
169,49,1
172,23,1
176,45,1
162,28,1
172,20,1
163,9,1
192,41,1
168,43,1
156,40,1
169,27,1
168,49,1
155,39,1
174,5,1
175,19,1
183,5,1
155,27,1
156,35,1
191,27,1
194,38,1
164,36,1
163,17,1
157,35,1
162,15,1
191,13,1
189,41,1
156,29,1
167,2,1
196,34,1
192,20,1
185,30,1
172,3,1
157,34,1
170,34,1
179,35,1
174,19,1
164,15,1
171,42,1
197,34,1
169,37,1
163,22,1
156,9,1
155,34,1
163,45,1
174,6,1
173,34,1
155,20,1
159,14,1
159,10,1
179,29,1
155,17,1
163,21,1
161,8,1
169,25,1
190,16,1
175,32,1
158,42,1
160,8,1
184,45,1
159,44,1
177,18,1
161,43,1
190,22,1
154,19,1
174,43,1
178,43,1
188,12,1
173,33,1
183,42,1
154,30,1
180,5,1
155,24,1
179,48,1
181,27,1
185,40,1
172,10,1
191,39,1
179,34,1
195,33,1
195,36,1
182,34,1
156,31,1
194,19,1
170,14,1
187,45,1
185,8,1
183,32,1
155,22,1
176,33,1
151,26,1
190,23,1
171,23,1
196,19,1
164,8,1
160,37,1
165,31,1
153,26,1
193,28,1
165,21,1
182,22,1
175,38,1
172,49,1
168,28,1
191,6,1
183,43,1
166,5,1
155,21,1
183,30,1
158,41,1
168,1,1
173,7,1
166,25,1
166,5,1
157,20,1
166,14,1
181,48,1
169,21,1
161,33,1
184,7,1
178,37,1
181,41,1
166,5,1
177,38,1
164,47,1
191,19,1
192,36,1
178,43,1
189,32,1
181,25,1
181,4,1
160,36,1
190,19,1
188,22,1
171,8,1
169,10,1
178,9,1
194,24,1
186,47,1
169,25,1
183,34,1
162,42,1
193,42,1
161,34,1
199,21,1
179,30,1
173,34,1
150,25,1
186,34,1
167,31,1
173,21,1
164,24,1
175,37,1
188,11,1
189,25,1
174,5,1
160,41,1
162,16,1
194,19,1
159,33,1
194,22,1
