32,33,0
23,43,0
34,21,0
8,25,0
31,43,0
3,19,0
26,20,0
21,2,0
14,45,0
27,27,0
24,31,0
22,3,0
22,37,0
39,39,0
11,21,0
16,2,0
36,7,0
16,11,0
45,32,0
4,30,0
39,41,0
46,15,0
13,29,0
31,27,0
18,46,0
5,19,0
7,26,0
13,30,0
16,9,0
30,47,0
37,26,0
6,17,0
29,19,0
10,17,0
47,29,0
36,12,0
31,30,0
19,15,0
21,16,0
29,17,0
39,19,0
23,4,0
22,13,0
42,29,0
27,42,0
47,33,0
27,26,0
49,32,0
23,27,0
13,15,0
26,19,0
27,21,0
23,42,0
17,32,0
33,6,0
14,44,0
43,28,0
43,28,0
11,17,0
41,9,0
12,44,0
40,38,0
40,35,0
44,36,0
17,10,0
40,9,0
34,27,0
17,32,0
15,33,0
38,4,0
37,37,0
9,41,0
43,9,0
20,22,0
12,17,0
36,7,0
10,20,0
35,44,0
23,40,0
24,26,0
32,5,0
27,24,0
43,8,0
29,10,0
34,35,0
22,14,0
43,13,0
24,31,0
18,17,0
24,37,0
22,40,0
19,10,0
17,33,0
34,47,0
14,15,0
35,34,0
30,37,0
42,40,0
14,20,0
14,36,0
27,9,0
4,29,0
11,8,0
8,9,0
24,13,0
26,39,0
10,37,0
7,11,0
23,40,0
20,49,0
12,27,0
13,23,0
37,33,0
48,34,0
4,15,0
33,10,0
33,4,0
26,18,0
34,29,0
28,35,0
24,42,0
29,38,0
7,27,0
45,14,0
21,32,0
39,18,0
21,4,0
16,31,0
33,48,0
49,32,0
6,14,0
13,27,0
31,38,0
9,30,0
28,42,0
25,11,0
38,9,0
30,1,0
30,44,0
2,28,0
39,36,0
40,37,0
24,5,0
35,31,0
24,9,0
12,11,0
41,11,0
23,42,0
27,3,0
42,35,0
37,12,0
27,2,0
34,8,0
9,17,0
24,19,0
24,31,0
36,44,0
34,29,0
46,24,0
27,48,0
43,36,0
44,14,0
36,21,0
33,12,0
43,42,0
27,4,0
31,13,0
44,15,0
40,33,0
30,4,0
19,11,0
23,15,0
24,41,0
2,16,0
39,16,0
9,35,0
29,40,0
31,22,0
26,49,0
8,13,0
8,16,0
12,15,0
21,27,0
26,6,0
44,29,0
32,7,0
16,44,0
35,33,0
6,32,0
26,22,0
38,9,0
26,40,0
23,31,0
25,42,0
40,16,0
12,9,0
24,25,0
20,7,0
26,14,0
18,15,0
33,2,0
39,9,0
9,16,0
25,24,0
2,22,0
43,18,0
12,9,0
8,38,0
10,40,0
27,7,0
28,32,0
35,42,0
33,16,0
49,28,0
21,3,0
31,26,0
36,47,0
35,17,0
10,24,0
21,17,0
44,19,0
44,34,0
14,21,0
38,25,0
31,40,0
24,37,0
38,4,0
24,25,0
41,16,0
5,38,0
3,25,0
32,28,0
11,28,0
13,41,0
37,44,0
9,30,0
32,41,0
34,42,0
32,4,0
18,12,0
17,39,0
36,28,0
21,26,0
34,38,0
37,45,0
33,46,0
5,17,0
29,18,0
20,43,0
5,10,0
155,45,1
169,45,1
165,13,1
174,13,1
168,35,1
169,10,1
179,17,1
163,45,1
172,3,1
154,41,1
162,31,1
162,42,1
167,19,1
151,44,1
161,8,1
159,35,1
172,30,1
173,33,1
176,6,1
179,38,1
158,41,1
160,48,1
154,45,1
176,38,1
172,41,1
147,8,1
159,2,1
170,16,1
145,39,1
147,20,1
163,38,1
169,48,1
159,13,1
154,33,1
159,29,1
179,31,1
188,18,1
171,27,1
171,30,1
162,5,1
168,36,1
179,26,1
172,12,1
171,34,1
181,21,1
183,26,1
170,40,1
156,46,1
149,28,1
148,21,1
153,25,1
146,31,1
181,7,1
144,32,1
144,22,1
170,23,1
147,14,1
177,6,1
150,6,1
158,48,1
152,16,1
180,9,1
173,4,1
149,31,1
158,19,1
170,9,1
171,41,1
176,21,1
173,11,1
166,18,1
152,30,1
177,13,1
146,27,1
161,6,1
182,20,1
155,6,1
151,16,1
179,16,1
166,46,1
174,25,1
160,17,1
187,35,1
165,42,1
176,46,1
145,21,1
175,38,1
177,20,1
149,27,1
161,37,1
159,40,1
179,34,1
172,25,1
156,36,1
170,19,1
177,23,1
172,6,1
179,13,1
179,45,1
166,39,1
146,40,1
170,17,1
147,35,1
162,46,1
188,23,1
146,39,1
159,1,1
153,5,1
175,13,1
171,17,1
188,30,1
147,14,1
185,25,1
146,18,1
179,45,1
164,16,1
175,22,1
174,30,1
152,40,1
149,22,1
180,19,1
147,27,1
185,33,1
142,20,1
154,9,1
168,35,1
166,1,1
151,25,1
165,8,1
166,24,1
161,22,1
172,14,1
165,40,1
162,48,1
157,4,1
149,33,1
152,28,1
144,17,1
158,33,1
177,27,1
160,31,1
150,15,1
169,2,1
166,21,1
187,27,1
172,17,1
183,14,1
151,8,1
171,36,1
156,35,1
175,31,1
149,9,1
174,11,1
182,15,1
166,39,1
162,13,1
156,8,1
179,40,1
152,15,1
159,39,1
184,13,1
148,15,1
149,12,1
159,6,1
157,28,1
176,17,1
159,29,1
184,34,1
186,13,1
154,26,1
172,5,1
163,12,1
158,16,1
156,41,1
174,14,1
151,9,1
184,39,1
156,8,1
166,30,1
172,21,1
183,41,1
165,28,1
150,10,1
167,38,1
164,18,1
158,15,1
171,13,1
154,36,1
152,9,1
141,29,1
154,41,1
152,4,1
167,30,1
172,14,1
171,3,1
181,24,1
151,26,1
172,2,1
188,17,1
151,14,1
153,38,1
186,15,1
179,10,1
178,26,1
148,40,1
154,15,1
152,20,1
165,8,1
162,28,1
171,21,1
177,39,1
182,32,1
173,22,1
155,5,1
173,36,1
154,17,1
159,14,1
167,16,1
187,20,1
167,39,1
152,23,1
180,45,1
185,13,1
163,14,1
147,33,1
154,30,1
164,38,1
176,36,1
175,46,1
166,46,1
169,49,1
188,31,1
153,24,1
169,34,1
149,15,1
160,17,1
174,48,1
170,49,1
153,19,1
156,48,1
158,2,1
152,31,1
147,34,1
175,27,1
175,28,1
182,18,1
161,5,1
162,44,1
176,30,1
143,22,1
158,32,1
