12,6,0
18,22,0
30,30,0
49,19,0
44,32,0
15,23,0
11,40,0
22,3,0
28,15,0
13,30,0
35,34,0
38,41,0
6,17,0
16,46,0
22,1,0
36,44,0
44,22,0
45,20,0
4,15,0
28,43,0
34,21,0
16,23,0
39,8,0
7,32,0
12,15,0
20,28,0
17,14,0
25,9,0
12,35,0
23,29,0
18,2,0
29,34,0
28,36,0
8,16,0
14,13,0
19,25,0
35,18,0
19,5,0
46,18,0
42,13,0
7,14,0
49,24,0
26,46,0
3,18,0
36,41,0
21,29,0
8,15,0
17,17,0
47,26,0
28,11,0
13,43,0
20,10,0
39,30,0
26,14,0
35,17,0
4,15,0
42,25,0
26,40,0
31,46,0
6,29,0
38,16,0
40,28,0
17,19,0
37,4,0
38,46,0
19,44,0
15,27,0
23,35,0
32,5,0
13,10,0
40,42,0
25,28,0
26,25,0
31,22,0
12,16,0
27,10,0
29,19,0
2,33,0
26,46,0
32,8,0
9,24,0
17,29,0
35,44,0
12,27,0
29,37,0
26,29,0
31,5,0
26,16,0
32,29,0
16,44,0
17,36,0
38,5,0
46,36,0
39,40,0
21,12,0
13,24,0
33,7,0
13,36,0
18,4,0
5,20,0
14,11,0
24,1,0
25,32,0
32,33,0
24,47,0
8,39,0
30,31,0
40,22,0
20,33,0
10,26,0
15,41,0
44,32,0
1,18,0
40,6,0
10,15,0
24,17,0
6,29,0
7,34,0
22,15,0
38,21,0
6,32,0
24,35,0
21,19,0
40,21,0
37,18,0
34,30,0
18,22,0
8,19,0
29,5,0
14,35,0
45,37,0
12,9,0
39,41,0
16,34,0
29,21,0
14,7,0
31,9,0
11,37,0
38,40,0
31,12,0
22,26,0
32,38,0
17,45,0
15,40,0
7,30,0
34,42,0
32,8,0
11,14,0
21,17,0
11,25,0
26,28,0
38,27,0
11,36,0
18,16,0
4,18,0
28,19,0
32,15,0
26,43,0
15,38,0
27,12,0
3,22,0
17,8,0
17,38,0
40,30,0
24,5,0
20,48,0
7,38,0
40,15,0
14,25,0
28,14,0
29,8,0
22,15,0
35,4,0
12,23,0
23,36,0
19,3,0
15,36,0
21,28,0
16,16,0
40,44,0
15,13,0
7,22,0
21,34,0
18,13,0
10,34,0
35,43,0
27,21,0
39,13,0
32,28,0
41,12,0
15,27,0
6,22,0
30,24,0
10,28,0
15,15,0
45,11,0
13,35,0
38,11,0
26,8,0
36,32,0
16,17,0
18,10,0
35,13,0
14,47,0
25,17,0
26,16,0
44,16,0
32,7,0
26,12,0
15,38,0
46,18,0
9,29,0
7,25,0
42,29,0
33,14,0
23,13,0
30,48,0
44,10,0
14,13,0
3,21,0
39,27,0
34,11,0
23,18,0
15,47,0
3,35,0
35,10,0
43,17,0
35,38,0
25,28,0
20,36,0
46,28,0
18,8,0
47,14,0
6,12,0
15,5,0
14,6,0
18,8,0
13,46,0
33,42,0
10,31,0
26,32,0
34,45,0
4,17,0
46,18,0
39,33,0
32,43,0
18,29,0
46,21,0
45,37,0
33,10,0
149,19,1
165,12,1
161,31,1
165,32,1
141,27,1
156,11,1
176,28,1
164,4,1
168,39,1
172,15,1
154,29,1
170,33,1
171,48,1
167,5,1
159,46,1
160,49,1
163,36,1
170,39,1
177,25,1
144,15,1
151,35,1
163,44,1
177,6,1
165,7,1
151,14,1
161,4,1
167,39,1
172,43,1
185,37,1
175,4,1
167,29,1
145,22,1
182,25,1
173,2,1
170,49,1
177,30,1
185,20,1
161,30,1
176,39,1
152,8,1
147,21,1
185,30,1
147,17,1
154,16,1
179,12,1
154,21,1
175,10,1
167,28,1
178,21,1
151,30,1
189,27,1
185,19,1
162,40,1
169,12,1
172,48,1
177,28,1
174,25,1
150,14,1
152,20,1
178,35,1
156,20,1
165,43,1
166,6,1
166,15,1
176,10,1
146,20,1
162,22,1
154,22,1
187,20,1
145,13,1
173,18,1
172,46,1
175,47,1
148,27,1
181,41,1
155,16,1
161,25,1
185,37,1
161,42,1
186,37,1
158,11,1
161,49,1
153,26,1
165,13,1
163,37,1
177,28,1
148,20,1
179,36,1
161,15,1
153,22,1
172,11,1
186,12,1
169,11,1
159,16,1
185,40,1
157,21,1
168,27,1
174,47,1
154,11,1
165,0,1
162,2,1
179,7,1
148,19,1
150,24,1
153,8,1
146,15,1
151,40,1
182,29,1
182,32,1
164,19,1
174,26,1
147,42,1
173,28,1
174,28,1
158,31,1
170,30,1
180,19,1
174,10,1
185,33,1
147,15,1
176,31,1
164,24,1
158,4,1
181,42,1
171,25,1
185,35,1
155,9,1
181,22,1
158,11,1
167,18,1
182,16,1
171,11,1
155,21,1
166,30,1
150,26,1
161,18,1
158,5,1
158,5,1
166,31,1
150,7,1
186,36,1
152,8,1
168,2,1
161,43,1
187,33,1
146,13,1
162,40,1
150,20,1
152,7,1
175,4,1
152,13,1
177,10,1
185,30,1
174,41,1
151,27,1
160,15,1
166,24,1
186,27,1
171,44,1
161,38,1
147,9,1
171,21,1
173,26,1
181,13,1
150,45,1
149,39,1
184,39,1
170,20,1
159,27,1
171,31,1
183,22,1
184,38,1
159,18,1
160,21,1
168,32,1
162,6,1
184,28,1
147,24,1
166,14,1
168,38,1
154,25,1
174,26,1
181,44,1
143,29,1
168,25,1
152,31,1
159,32,1
156,36,1
187,27,1
182,23,1
151,20,1
160,48,1
180,14,1
155,32,1
173,25,1
180,42,1
159,26,1
184,12,1
166,44,1
146,16,1
178,32,1
175,18,1
149,42,1
162,37,1
146,41,1
150,7,1
180,23,1
187,34,1
172,42,1
162,37,1
146,24,1
184,20,1
169,4,1
166,36,1
181,44,1
160,7,1
143,29,1
157,47,1
161,3,1
159,19,1
178,14,1
158,14,1
146,23,1
165,32,1
142,26,1
155,28,1
143,29,1
148,26,1
149,26,1
160,18,1
186,24,1
167,33,1
162,27,1
170,49,1
153,43,1
150,36,1
158,48,1
178,38,1
160,17,1
150,45,1
167,24,1
141,25,1
184,27,1
157,37,1
153,29,1
165,43,1
172,23,1
171,14,1
156,40,1
177,38,1
