40,8,0
27,14,0
26,24,0
27,41,0
34,3,0
21,6,0
32,29,0
23,39,0
16,35,0
25,9,0
32,43,0
38,12,0
30,49,0
19,15,0
25,1,0
16,37,0
36,14,0
21,29,0
35,5,0
17,7,0
16,46,0
22,9,0
33,2,0
14,45,0
12,24,0
11,12,0
5,39,0
13,42,0
10,10,0
40,35,0
18,20,0
27,36,0
48,24,0
11,44,0
32,9,0
46,23,0
20,8,0
13,6,0
47,18,0
33,8,0
40,15,0
32,43,0
14,40,0
39,36,0
41,16,0
11,18,0
30,43,0
28,5,0
8,31,0
9,24,0
17,46,0
27,47,0
24,19,0
35,24,0
19,44,0
23,44,0
23,23,0
18,2,0
18,46,0
32,32,0
24,19,0
10,19,0
25,15,0
19,48,0
11,10,0
23,18,0
19,42,0
31,15,0
22,19,0
13,26,0
11,13,0
21,21,0
26,35,0
43,18,0
9,39,0
32,31,0
42,9,0
3,32,0
37,20,0
10,14,0
32,35,0
29,32,0
19,5,0
23,25,0
34,40,0
34,47,0
39,22,0
49,27,0
3,17,0
47,21,0
38,9,0
37,7,0
23,3,0
22,22,0
28,21,0
38,41,0
43,24,0
26,24,0
11,29,0
45,33,0
30,2,0
17,42,0
20,43,0
4,16,0
26,25,0
37,36,0
23,45,0
12,35,0
4,36,0
11,41,0
35,28,0
29,6,0
11,29,0
6,11,0
24,10,0
25,4,0
31,29,0
23,19,0
41,22,0
40,43,0
11,18,0
15,21,0
31,48,0
10,31,0
25,5,0
22,46,0
18,19,0
44,9,0
32,23,0
8,18,0
24,14,0
21,33,0
33,20,0
23,2,0
22,19,0
13,20,0
34,21,0
26,39,0
37,5,0
9,12,0
18,43,0
13,20,0
6,11,0
38,41,0
30,28,0
26,23,0
27,11,0
10,37,0
4,29,0
49,22,0
22,44,0
18,16,0
3,36,0
47,26,0
13,34,0
49,30,0
4,24,0
5,36,0
40,28,0
20,13,0
28,27,0
39,35,0
10,23,0
18,43,0
27,44,0
21,7,0
1,21,0
23,10,0
18,41,0
32,40,0
12,27,0
28,24,0
18,33,0
3,30,0
28,23,0
32,31,0
37,40,0
33,30,0
12,24,0
6,22,0
12,27,0
37,18,0
3,16,0
38,21,0
25,3,0
3,23,0
44,34,0
34,3,0
6,28,0
36,3,0
6,14,0
32,22,0
29,7,0
36,7,0
11,9,0
30,28,0
14,47,0
47,26,0
41,34,0
26,46,0
30,41,0
37,37,0
39,38,0
24,41,0
27,28,0
40,43,0
13,27,0
42,24,0
17,5,0
23,32,0
17,32,0
32,33,0
38,23,0
19,33,0
13,41,0
31,41,0
37,37,0
1,31,0
38,5,0
3,20,0
13,15,0
19,15,0
19,29,0
43,12,0
37,22,0
7,41,0
35,39,0
18,36,0
15,3,0
42,11,0
39,10,0
9,42,0
15,36,0
40,14,0
20,45,0
26,2,0
12,12,0
33,30,0
39,26,0
29,49,0
35,8,0
37,6,0
26,38,0
47,25,0
14,46,0
15,18,0
13,24,0
2,23,0
21,13,0
9,16,0
306,42,1
295,23,1
297,32,1
296,22,1
315,32,1
325,29,1
319,47,1
294,29,1
335,23,1
318,8,1
313,43,1
292,23,1
327,42,1
328,17,1
321,48,1
328,18,1
291,30,1
315,47,1
314,21,1
312,43,1
335,14,1
302,31,1
304,21,1
311,35,1
335,16,1
311,46,1
312,30,1
311,49,1
311,2,1
302,35,1
293,26,1
326,16,1
299,32,1
291,20,1
298,36,1
306,18,1
310,36,1
311,6,1
330,42,1
297,29,1
329,19,1
311,28,1
295,17,1
295,32,1
306,43,1
315,6,1
295,17,1
324,39,1
303,40,1
326,38,1
300,18,1
310,33,1
321,12,1
317,17,1
320,19,1
298,10,1
338,33,1
334,34,1
300,19,1
337,25,1
336,32,1
316,15,1
304,45,1
329,37,1
320,40,1
293,25,1
321,45,1
298,40,1
302,14,1
306,6,1
325,28,1
295,29,1
329,18,1
312,46,1
314,45,1
319,45,1
317,2,1
321,36,1
326,12,1
306,12,1
329,7,1
309,28,1
301,36,1
298,7,1
334,33,1
302,25,1
319,35,1
336,26,1
312,36,1
310,17,1
296,34,1
310,2,1
295,21,1
305,37,1
300,9,1
322,9,1
317,16,1
307,41,1
302,46,1
320,45,1
317,48,1
321,4,1
313,19,1
297,11,1
326,9,1
308,30,1
317,40,1
314,16,1
316,15,1
297,33,1
325,22,1
315,8,1
312,44,1
317,8,1
293,23,1
295,15,1
304,6,1
299,6,1
315,17,1
335,14,1
321,27,1
322,16,1
306,31,1
300,8,1
309,18,1
298,42,1
305,45,1
292,32,1
310,40,1
295,19,1
297,26,1
303,45,1
320,29,1
306,43,1
320,22,1
313,10,1
321,45,1
301,8,1
299,26,1
315,24,1
293,24,1
308,8,1
336,24,1
294,20,1
293,21,1
320,15,1
334,15,1
321,4,1
308,8,1
316,29,1
307,15,1
330,8,1
308,49,1
327,8,1
307,12,1
328,23,1
300,17,1
294,13,1
317,48,1
335,26,1
298,24,1
297,34,1
296,34,1
309,6,1
327,4,1
309,19,1
318,48,1
300,23,1
318,21,1
323,27,1
329,12,1
324,44,1
327,23,1
328,29,1
308,30,1
329,45,1
333,19,1
301,25,1
338,32,1
316,49,1
334,15,1
302,44,1
305,17,1
296,20,1
319,5,1
331,19,1
316,31,1
307,4,1
295,14,1
305,11,1
301,13,1
305,29,1
295,25,1
311,18,1
305,41,1
318,49,1
319,2,1
332,40,1
320,2,1
314,49,1
293,17,1
298,17,1
320,43,1
326,30,1
310,4,1
300,41,1
335,20,1
304,9,1
334,31,1
294,21,1
302,30,1
320,42,1
324,24,1
322,34,1
316,3,1
324,35,1
324,36,1
330,17,1
319,17,1
325,37,1
328,9,1
323,45,1
327,5,1
312,8,1
303,33,1
293,36,1
317,32,1
336,36,1
298,26,1
298,33,1
338,26,1
325,5,1
309,4,1
334,33,1
303,39,1
302,43,1
325,16,1
307,43,1
304,33,1
299,11,1
302,15,1
315,2,1
310,23,1
320,22,1
313,2,1
330,39,1
301,36,1
339,25,1
307,44,1
321,4,1
