14,36,0
46,19,0
5,28,0
19,37,0
1,26,0
40,44,0
34,31,0
2,18,0
47,34,0
14,15,0
44,26,0
14,26,0
32,20,0
45,40,0
39,38,0
2,31,0
12,20,0
2,23,0
18,18,0
44,19,0
35,23,0
35,23,0
37,39,0
8,14,0
13,24,0
12,23,0
39,12,0
5,32,0
17,11,0
22,47,0
10,23,0
15,41,0
24,1,0
26,44,0
4,19,0
28,26,0
46,38,0
35,34,0
27,38,0
43,27,0
43,8,0
25,9,0
29,38,0
21,33,0
45,29,0
38,4,0
23,10,0
16,32,0
29,11,0
13,15,0
16,24,0
29,44,0
33,34,0
32,37,0
37,30,0
43,42,0
7,24,0
25,10,0
13,46,0
28,24,0
35,18,0
20,46,0
5,40,0
28,49,0
11,17,0
49,31,0
26,42,0
19,14,0
22,42,0
48,33,0
40,22,0
31,29,0
28,2,0
29,26,0
34,21,0
32,35,0
43,37,0
12,11,0
6,32,0
22,42,0
34,2,0
23,15,0
14,31,0
29,15,0
38,36,0
29,20,0
36,6,0
16,12,0
27,5,0
49,31,0
11,29,0
42,41,0
28,28,0
19,36,0
43,17,0
22,18,0
11,13,0
25,26,0
19,18,0
22,27,0
21,22,0
34,41,0
3,34,0
18,11,0
30,13,0
43,17,0
20,30,0
47,34,0
22,45,0
21,5,0
12,37,0
28,14,0
17,21,0
3,29,0
49,27,0
2,23,0
25,28,0
23,23,0
30,24,0
10,40,0
27,32,0
15,41,0
3,24,0
16,5,0
21,12,0
43,33,0
39,17,0
11,45,0
8,30,0
35,15,0
11,25,0
34,31,0
41,25,0
43,22,0
19,26,0
25,18,0
31,16,0
11,20,0
32,22,0
25,39,0
41,29,0
43,42,0
13,7,0
28,33,0
5,26,0
27,4,0
6,18,0
11,31,0
42,25,0
37,23,0
43,15,0
2,25,0
24,3,0
13,33,0
10,45,0
28,17,0
23,12,0
25,34,0
19,37,0
28,17,0
16,11,0
12,19,0
34,44,0
9,38,0
13,25,0
11,25,0
40,38,0
42,12,0
30,6,0
7,38,0
29,20,0
40,30,0
25,8,0
23,31,0
49,29,0
43,32,0
47,15,0
31,33,0
17,12,0
48,31,0
42,18,0
38,34,0
19,12,0
40,16,0
34,25,0
19,37,0
8,10,0
19,15,0
16,41,0
10,11,0
19,12,0
10,16,0
38,22,0
38,21,0
5,15,0
28,48,0
25,11,0
15,26,0
14,24,0
23,23,0
22,40,0
29,19,0
27,40,0
14,36,0
37,12,0
26,46,0
39,10,0
12,41,0
17,24,0
49,26,0
14,11,0
10,16,0
25,9,0
35,18,0
44,34,0
12,16,0
6,13,0
48,17,0
44,10,0
21,9,0
4,24,0
34,2,0
30,13,0
21,48,0
19,39,0
45,29,0
40,38,0
34,27,0
45,34,0
28,27,0
11,40,0
1,21,0
3,21,0
23,3,0
16,12,0
11,8,0
2,29,0
29,18,0
36,33,0
49,20,0
31,31,0
1,22,0
37,24,0
35,16,0
37,41,0
41,22,0
39,21,0
4,29,0
34,2,0
39,40,0
156,26,1
170,45,1
154,24,1
137,37,1
141,10,1
148,2,1
151,34,1
135,24,1
172,16,1
164,3,1
145,8,1
159,37,1
134,36,1
177,32,1
164,28,1
165,10,1
141,36,1
149,24,1
176,21,1
132,31,1
157,33,1
152,42,1
149,29,1
133,36,1
132,25,1
159,16,1
165,4,1
137,10,1
158,43,1
144,4,1
175,33,1
171,27,1
133,28,1
137,19,1
177,15,1
140,27,1
145,7,1
152,11,1
170,41,1
138,17,1
152,25,1
145,35,1
150,5,1
141,7,1
161,42,1
139,39,1
146,36,1
150,14,1
148,2,1
170,40,1
168,25,1
142,10,1
139,7,1
179,27,1
138,28,1
152,29,1
157,47,1
160,23,1
133,26,1
177,21,1
157,30,1
162,8,1
158,28,1
147,45,1
177,30,1
169,22,1
161,19,1
131,28,1
164,39,1
159,8,1
164,43,1
157,46,1
172,43,1
143,11,1
151,17,1
162,14,1
153,12,1
173,38,1
166,35,1
164,31,1
147,3,1
169,12,1
177,36,1
133,32,1
156,49,1
166,6,1
167,9,1
140,22,1
179,26,1
145,29,1
161,34,1
148,23,1
139,21,1
147,29,1
156,20,1
139,42,1
166,32,1
153,22,1
166,41,1
159,47,1
161,6,1
149,26,1
165,42,1
170,25,1
156,8,1
169,41,1
142,41,1
145,45,1
141,40,1
162,33,1
148,49,1
159,12,1
143,29,1
177,19,1
177,18,1
175,31,1
173,32,1
156,36,1
164,12,1
150,18,1
156,27,1
148,16,1
136,18,1
171,43,1
158,41,1
158,13,1
143,34,1
146,37,1
160,1,1
148,5,1
153,30,1
148,1,1
139,13,1
168,8,1
167,39,1
153,5,1
141,14,1
150,44,1
168,5,1
153,37,1
168,31,1
134,25,1
155,36,1
156,42,1
140,13,1
166,18,1
133,25,1
136,17,1
152,24,1
172,11,1
178,28,1
151,29,1
164,34,1
165,27,1
144,5,1
175,38,1
166,30,1
154,32,1
171,6,1
151,27,1
137,17,1
164,30,1
170,25,1
157,13,1
175,20,1
158,45,1
160,13,1
174,38,1
150,16,1
166,27,1
174,35,1
132,20,1
174,14,1
155,31,1
176,30,1
163,20,1
152,36,1
137,24,1
147,43,1
150,18,1
160,19,1
175,13,1
138,37,1
162,35,1
150,30,1
166,13,1
160,30,1
165,4,1
137,28,1
163,43,1
173,35,1
136,28,1
166,33,1
156,22,1
157,18,1
150,3,1
169,30,1
155,8,1
139,33,1
142,4,1
164,47,1
157,8,1
178,18,1
132,25,1
159,25,1
170,42,1
164,8,1
166,28,1
157,24,1
149,34,1
168,16,1
142,15,1
165,26,1
156,49,1
149,24,1
151,4,1
145,13,1
147,42,1
171,22,1
138,16,1
157,4,1
178,34,1
161,15,1
179,18,1
154,6,1
160,39,1
146,9,1
140,39,1
177,14,1
136,13,1
159,16,1
139,40,1
179,26,1
159,7,1
158,37,1
155,49,1
178,28,1
160,38,1
173,16,1
144,47,1
170,11,1
174,13,1
161,17,1
164,40,1
151,15,1
152,1,1
152,49,1
162,20,1
155,44,1
173,18,1
