20,5,0
40,6,0
2,20,0
16,38,0
17,30,0
42,40,0
6,27,0
17,34,0
23,30,0
14,18,0
39,13,0
22,23,0
5,27,0
37,31,0
30,41,0
17,37,0
31,19,0
15,46,0
38,20,0
40,12,0
4,19,0
29,42,0
15,6,0
9,34,0
36,28,0
35,6,0
34,4,0
37,15,0
40,41,0
41,39,0
18,39,0
15,41,0
41,27,0
24,48,0
25,27,0
38,36,0
13,31,0
37,34,0
30,7,0
21,9,0
22,35,0
22,48,0
37,46,0
27,46,0
8,36,0
36,23,0
16,4,0
10,26,0
11,7,0
30,35,0
4,26,0
42,42,0
32,32,0
32,42,0
2,34,0
34,40,0
43,35,0
28,2,0
16,17,0
12,26,0
45,13,0
34,13,0
3,17,0
23,32,0
34,10,0
36,29,0
38,8,0
46,26,0
12,33,0
35,40,0
15,32,0
35,27,0
24,30,0
9,31,0
37,27,0
10,44,0
2,22,0
2,28,0
28,15,0
20,26,0
4,23,0
2,25,0
23,40,0
1,23,0
39,28,0
31,25,0
40,9,0
33,8,0
9,39,0
39,44,0
26,30,0
44,15,0
24,12,0
21,9,0
16,16,0
40,44,0
32,29,0
10,5,0
30,23,0
21,26,0
44,41,0
11,35,0
3,34,0
38,4,0
43,10,0
20,39,0
28,18,0
43,9,0
18,44,0
44,11,0
32,47,0
7,31,0
37,24,0
18,11,0
33,26,0
24,49,0
11,16,0
35,20,0
30,15,0
15,33,0
33,7,0
19,18,0
1,20,0
16,12,0
35,21,0
4,15,0
36,19,0
38,9,0
3,14,0
19,47,0
1,19,0
40,6,0
25,1,0
32,23,0
16,21,0
20,20,0
14,7,0
9,27,0
6,13,0
38,29,0
1,19,0
35,15,0
32,18,0
29,3,0
38,13,0
47,31,0
9,43,0
20,20,0
23,12,0
23,14,0
46,29,0
47,18,0
13,30,0
23,48,0
23,40,0
17,10,0
18,31,0
2,25,0
44,30,0
22,29,0
22,47,0
14,38,0
42,41,0
26,9,0
4,13,0
35,45,0
26,22,0
31,48,0
12,15,0
20,11,0
14,31,0
25,2,0
18,35,0
47,16,0
11,31,0
10,12,0
6,38,0
41,17,0
29,40,0
39,14,0
12,31,0
22,31,0
13,11,0
14,40,0
15,34,0
5,35,0
42,12,0
44,23,0
47,26,0
34,34,0
31,25,0
16,46,0
35,33,0
32,5,0
32,36,0
14,34,0
2,28,0
36,4,0
10,20,0
38,42,0
18,38,0
7,16,0
13,10,0
37,9,0
42,28,0
16,6,0
36,36,0
5,27,0
30,11,0
11,32,0
6,24,0
48,16,0
30,15,0
8,43,0
42,43,0
21,38,0
32,30,0
42,42,0
33,48,0
10,26,0
20,17,0
22,48,0
21,18,0
27,47,0
21,28,0
8,31,0
31,18,0
8,13,0
25,35,0
21,35,0
13,27,0
24,30,0
45,32,0
13,11,0
31,48,0
29,28,0
46,33,0
24,7,0
8,32,0
32,8,0
19,18,0
17,43,0
47,34,0
34,34,0
41,10,0
17,23,0
20,4,0
22,33,0
41,32,0
32,10,0
138,5,1
135,9,1
126,22,1
124,29,1
150,8,1
154,6,1
130,28,1
163,38,1
128,14,1
136,31,1
159,25,1
169,25,1
155,13,1
152,31,1
147,33,1
124,13,1
131,9,1
164,32,1
133,29,1
129,20,1
161,16,1
129,42,1
121,22,1
130,23,1
136,6,1
131,35,1
156,12,1
153,26,1
123,14,1
128,31,1
136,15,1
164,18,1
130,40,1
168,33,1
127,41,1
166,33,1
126,31,1
148,34,1
146,18,1
148,40,1
152,29,1
152,32,1
134,44,1
138,2,1
149,46,1
159,34,1
162,7,1
161,8,1
145,41,1
136,30,1
140,13,1
149,49,1
127,23,1
124,33,1
141,21,1
120,25,1
149,42,1
163,42,1
168,18,1
147,31,1
158,13,1
135,12,1
152,2,1
147,36,1
150,39,1
136,34,1
166,29,1
162,17,1
154,5,1
134,3,1
155,6,1
137,30,1
142,29,1
160,28,1
144,42,1
152,23,1
150,10,1
138,15,1
155,18,1
148,1,1
158,21,1
133,29,1
153,8,1
121,21,1
161,30,1
155,40,1
142,24,1
155,29,1
142,1,1
162,22,1
137,25,1
145,10,1
132,6,1
137,48,1
131,29,1
137,4,1
158,19,1
154,44,1
133,4,1
163,24,1
159,26,1
134,19,1
158,19,1
167,21,1
126,16,1
150,9,1
148,48,1
151,20,1
160,21,1
127,40,1
160,19,1
159,7,1
144,31,1
150,33,1
159,32,1
135,39,1
156,21,1
147,45,1
145,25,1
161,24,1
135,19,1
133,4,1
159,12,1
144,42,1
154,41,1
136,43,1
126,11,1
152,7,1
153,45,1
160,31,1
158,9,1
132,27,1
124,28,1
136,48,1
150,31,1
157,6,1
125,21,1
131,18,1
166,38,1
157,6,1
122,17,1
149,39,1
125,16,1
146,10,1
158,7,1
162,15,1
158,14,1
131,34,1
150,12,1
156,8,1
128,37,1
139,24,1
160,41,1
134,26,1
136,31,1
150,18,1
163,16,1
133,16,1
122,28,1
125,13,1
139,13,1
163,40,1
140,10,1
140,48,1
133,40,1
143,31,1
140,3,1
149,27,1
123,23,1
143,44,1
164,26,1
150,26,1
130,6,1
126,22,1
154,2,1
124,26,1
147,2,1
127,21,1
138,44,1
144,27,1
146,34,1
147,48,1
150,49,1
144,36,1
139,18,1
129,37,1
146,23,1
161,41,1
161,27,1
136,17,1
125,25,1
156,22,1
123,14,1
145,22,1
163,22,1
129,17,1
135,12,1
152,5,1
126,13,1
143,4,1
157,6,1
158,32,1
166,30,1
167,24,1
147,21,1
150,48,1
130,13,1
140,13,1
130,37,1
125,28,1
121,27,1
148,31,1
134,34,1
128,43,1
152,20,1
122,29,1
139,12,1
135,41,1
136,6,1
138,29,1
157,6,1
158,45,1
163,40,1
149,27,1
146,22,1
125,36,1
130,13,1
154,21,1
144,49,1
139,5,1
143,40,1
131,10,1
169,30,1
156,21,1
148,24,1
160,35,1
144,49,1
141,22,1
124,29,1
164,30,1
134,10,1
153,10,1
156,15,1
124,37,1
167,28,1
143,45,1
159,15,1
162,18,1
163,37,1
147,24,1
