25,30,0
47,15,0
21,30,0
17,38,0
1,31,0
33,27,0
21,20,0
12,5,0
36,34,0
10,27,0
45,37,0
30,6,0
17,24,0
44,9,0
41,31,0
30,36,0
12,30,0
12,17,0
5,14,0
37,8,0
32,9,0
5,26,0
18,3,0
42,39,0
34,43,0
49,29,0
21,24,0
23,33,0
34,4,0
13,28,0
18,14,0
7,27,0
39,15,0
27,15,0
29,24,0
45,11,0
23,43,0
24,39,0
30,22,0
28,15,0
37,25,0
31,48,0
25,37,0
46,26,0
21,44,0
22,40,0
18,28,0
10,37,0
48,27,0
25,21,0
3,17,0
7,23,0
37,17,0
23,20,0
17,6,0
31,6,0
25,39,0
25,42,0
23,35,0
33,9,0
10,19,0
26,7,0
22,8,0
35,37,0
26,12,0
32,9,0
20,29,0
2,27,0
1,26,0
32,7,0
17,46,0
36,42,0
30,30,0
30,1,0
20,6,0
3,35,0
35,33,0
38,12,0
42,24,0
3,25,0
22,27,0
31,3,0
40,40,0
3,27,0
26,37,0
15,20,0
21,18,0
33,46,0
29,30,0
21,38,0
16,32,0
9,22,0
30,38,0
24,37,0
24,6,0
37,20,0
32,45,0
13,46,0
35,5,0
19,22,0
21,3,0
37,37,0
18,29,0
6,12,0
30,39,0
30,40,0
15,11,0
44,28,0
27,20,0
34,45,0
38,27,0
30,15,0
38,44,0
38,14,0
21,28,0
18,31,0
10,11,0
10,35,0
38,44,0
5,27,0
19,48,0
38,8,0
16,4,0
10,40,0
39,26,0
43,39,0
13,34,0
30,23,0
8,31,0
25,30,0
26,39,0
22,3,0
33,14,0
41,14,0
37,22,0
13,33,0
16,7,0
33,18,0
25,42,0
36,4,0
39,11,0
9,23,0
33,28,0
10,35,0
34,22,0
37,13,0
38,23,0
40,25,0
36,14,0
13,24,0
30,26,0
37,46,0
28,41,0
30,44,0
10,42,0
15,26,0
27,12,0
1,30,0
27,46,0
40,33,0
38,5,0
9,18,0
28,3,0
34,33,0
21,48,0
6,30,0
21,36,0
40,29,0
7,15,0
45,39,0
14,17,0
32,11,0
35,41,0
38,8,0
27,14,0
33,39,0
41,40,0
9,17,0
34,37,0
25,1,0
44,19,0
26,19,0
6,21,0
38,8,0
5,34,0
3,23,0
20,44,0
48,27,0
30,18,0
30,10,0
44,13,0
29,38,0
35,11,0
14,3,0
7,38,0
31,3,0
25,38,0
38,28,0
27,33,0
29,23,0
3,31,0
32,36,0
48,16,0
14,22,0
30,22,0
6,33,0
42,31,0
12,43,0
13,30,0
33,30,0
17,36,0
45,37,0
16,20,0
39,26,0
39,41,0
13,21,0
18,34,0
17,42,0
3,31,0
34,42,0
33,47,0
12,14,0
34,48,0
18,17,0
26,37,0
25,20,0
38,9,0
29,28,0
27,35,0
36,23,0
35,20,0
23,14,0
20,31,0
15,32,0
31,16,0
30,35,0
39,35,0
20,13,0
27,30,0
22,22,0
9,39,0
37,32,0
37,38,0
19,9,0
23,36,0
25,9,0
10,8,0
43,31,0
7,8,0
34,25,0
312,11,1
324,10,1
306,2,1
307,20,1
311,38,1
315,24,1
309,35,1
324,43,1
296,19,1
325,24,1
293,35,1
313,4,1
320,16,1
312,19,1
303,20,1
313,18,1
318,21,1
322,46,1
319,20,1
300,12,1
335,13,1
316,16,1
337,24,1
325,15,1
299,35,1
339,25,1
330,38,1
320,49,1
329,10,1
324,27,1
321,43,1
324,20,1
323,39,1
319,32,1
320,38,1
298,21,1
294,31,1
294,33,1
321,13,1
294,34,1
318,20,1
316,49,1
337,22,1
302,19,1
311,35,1
320,6,1
322,19,1
334,13,1
321,41,1
319,26,1
315,36,1
306,33,1
324,4,1
329,26,1
293,22,1
311,25,1
323,9,1
327,16,1
305,34,1
338,23,1
336,32,1
303,30,1
319,40,1
295,34,1
300,43,1
333,34,1
320,27,1
316,47,1
304,17,1
337,23,1
312,19,1
301,15,1
319,19,1
320,26,1
322,37,1
324,42,1
298,27,1
307,20,1
318,7,1
310,33,1
300,9,1
314,40,1
319,4,1
306,33,1
297,22,1
314,8,1
326,7,1
301,39,1
309,27,1
319,2,1
306,32,1
332,14,1
330,44,1
310,30,1
315,23,1
321,12,1
307,46,1
312,14,1
338,33,1
328,38,1
298,39,1
296,25,1
305,6,1
324,48,1
329,17,1
331,26,1
293,16,1
324,8,1
306,23,1
328,36,1
296,21,1
315,22,1
333,18,1
320,26,1
293,25,1
337,22,1
314,33,1
335,25,1
317,37,1
305,20,1
334,24,1
294,28,1
310,15,1
302,16,1
336,31,1
316,44,1
339,19,1
306,37,1
337,33,1
299,38,1
326,34,1
291,23,1
318,4,1
332,15,1
313,47,1
307,9,1
305,19,1
315,27,1
318,33,1
298,9,1
305,40,1
310,4,1
304,41,1
333,15,1
334,28,1
312,24,1
335,22,1
313,5,1
293,24,1
313,6,1
330,39,1
303,18,1
337,16,1
297,30,1
311,36,1
300,9,1
304,28,1
300,22,1
299,26,1
321,5,1
295,29,1
325,16,1
319,1,1
312,46,1
313,31,1
321,35,1
323,44,1
298,10,1
317,8,1
309,44,1
310,9,1
303,13,1
299,17,1
308,14,1
328,19,1
312,35,1
338,25,1
307,3,1
331,19,1
309,47,1
317,6,1
327,30,1
306,27,1
300,28,1
321,4,1
320,38,1
324,10,1
300,20,1
302,6,1
334,25,1
333,28,1
297,21,1
314,7,1
320,12,1
340,25,1
316,36,1
325,25,1
297,15,1
331,8,1
303,45,1
297,20,1
320,12,1
314,37,1
334,39,1
291,26,1
319,47,1
331,27,1
320,32,1
322,18,1
330,25,1
311,35,1
302,44,1
313,43,1
306,5,1
312,30,1
318,48,1
322,14,1
326,12,1
319,43,1
322,19,1
329,44,1
310,49,1
325,42,1
306,31,1
325,37,1
334,10,1
305,8,1
301,14,1
320,35,1
323,2,1
306,40,1
298,11,1
317,5,1
315,29,1
326,35,1
298,10,1
327,6,1
321,17,1
333,37,1
312,42,1
295,40,1
300,18,1
306,39,1
320,8,1
297,10,1
299,27,1
328,15,1
313,48,1
312,42,1
294,16,1
