41,6,0
39,16,0
34,42,0
27,2,0
28,31,0
5,36,0
19,4,0
31,26,0
45,22,0
6,28,0
2,20,0
45,10,0
13,13,0
44,29,0
16,21,0
13,16,0
39,42,0
48,30,0
20,46,0
14,46,0
30,45,0
22,7,0
11,23,0
31,35,0
12,30,0
30,7,0
36,26,0
19,5,0
46,36,0
3,14,0
28,13,0
41,38,0
35,43,0
15,46,0
23,31,0
46,28,0
21,4,0
20,24,0
9,16,0
34,47,0
20,45,0
19,34,0
7,33,0
32,6,0
10,40,0
25,45,0
17,18,0
48,20,0
5,28,0
22,24,0
34,34,0
15,43,0
4,35,0
20,8,0
40,32,0
30,2,0
8,19,0
4,15,0
35,11,0
43,12,0
40,19,0
22,40,0
23,16,0
6,32,0
25,5,0
35,5,0
8,33,0
20,25,0
35,17,0
5,23,0
43,27,0
6,24,0
31,2,0
33,11,0
19,19,0
49,19,0
19,25,0
22,10,0
42,37,0
15,37,0
28,14,0
42,43,0
17,43,0
15,20,0
14,42,0
17,22,0
41,9,0
37,46,0
19,19,0
11,36,0
20,2,0
46,18,0
25,9,0
6,33,0
10,27,0
41,42,0
34,26,0
14,44,0
19,2,0
10,27,0
34,14,0
21,45,0
48,30,0
39,6,0
7,38,0
8,24,0
44,33,0
45,36,0
20,45,0
44,19,0
39,27,0
40,22,0
48,20,0
31,27,0
29,10,0
44,36,0
30,48,0
27,31,0
33,24,0
38,34,0
17,39,0
27,15,0
30,44,0
27,44,0
20,32,0
45,10,0
19,31,0
28,14,0
10,20,0
42,7,0
46,37,0
33,6,0
13,18,0
7,12,0
42,35,0
40,22,0
23,2,0
46,35,0
7,16,0
15,21,0
13,23,0
30,19,0
45,39,0
29,28,0
44,18,0
26,40,0
12,23,0
41,11,0
49,23,0
23,35,0
20,21,0
21,4,0
32,9,0
25,35,0
36,43,0
43,28,0
21,9,0
27,30,0
8,28,0
33,16,0
12,18,0
37,4,0
41,18,0
32,10,0
26,13,0
28,6,0
33,6,0
34,42,0
25,11,0
7,26,0
4,34,0
36,35,0
13,35,0
19,28,0
39,17,0
7,25,0
33,44,0
14,7,0
39,11,0
38,39,0
44,13,0
31,34,0
10,26,0
5,20,0
43,12,0
30,31,0
7,41,0
36,47,0
37,45,0
32,27,0
28,1,0
5,24,0
6,18,0
42,30,0
12,11,0
42,13,0
32,2,0
39,13,0
16,32,0
13,26,0
31,3,0
12,8,0
29,5,0
37,17,0
24,15,0
43,26,0
38,11,0
39,17,0
40,14,0
29,34,0
21,1,0
30,49,0
44,20,0
42,31,0
28,1,0
19,17,0
27,45,0
9,38,0
36,5,0
2,34,0
7,26,0
16,46,0
43,35,0
45,37,0
26,46,0
35,12,0
21,36,0
32,11,0
3,21,0
18,23,0
19,29,0
5,28,0
4,37,0
23,49,0
8,18,0
38,40,0
24,37,0
24,17,0
16,35,0
14,28,0
4,12,0
21,25,0
20,39,0
17,5,0
32,49,0
11,18,0
42,9,0
5,34,0
24,28,0
6,39,0
152,15,1
130,39,1
158,28,1
162,21,1
130,43,1
155,21,1
125,36,1
139,24,1
140,22,1
145,48,1
143,27,1
159,36,1
130,34,1
162,24,1
160,18,1
142,41,1
134,27,1
149,28,1
136,9,1
164,36,1
147,27,1
152,48,1
150,45,1
134,36,1
169,26,1
159,41,1
154,19,1
157,8,1
145,18,1
131,33,1
161,37,1
143,1,1
158,39,1
161,34,1
153,28,1
143,16,1
163,30,1
156,5,1
160,25,1
143,23,1
141,25,1
122,30,1
142,20,1
158,44,1
136,48,1
155,18,1
158,12,1
156,13,1
154,24,1
125,11,1
147,11,1
156,13,1
166,31,1
142,18,1
153,39,1
159,21,1
147,42,1
158,38,1
139,46,1
136,28,1
144,34,1
153,35,1
142,43,1
138,37,1
143,2,1
129,6,1
143,19,1
147,49,1
165,33,1
144,42,1
131,21,1
157,18,1
159,14,1
141,29,1
155,30,1
158,44,1
161,27,1
157,14,1
126,14,1
130,25,1
155,34,1
161,44,1
141,17,1
140,1,1
157,8,1
126,14,1
137,12,1
153,2,1
167,21,1
124,19,1
168,18,1
151,14,1
143,19,1
125,37,1
153,40,1
137,12,1
156,23,1
150,41,1
131,32,1
147,9,1
136,12,1
162,24,1
144,42,1
161,33,1
161,37,1
158,24,1
145,28,1
155,26,1
142,14,1
138,31,1
131,33,1
151,48,1
139,26,1
130,39,1
142,30,1
135,30,1
125,34,1
148,45,1
165,12,1
129,38,1
126,20,1
156,20,1
132,17,1
151,35,1
134,39,1
165,38,1
157,17,1
137,22,1
163,28,1
144,17,1
157,4,1
128,15,1
127,13,1
132,30,1
131,38,1
130,9,1
162,34,1
135,25,1
160,17,1
132,38,1
133,7,1
137,33,1
156,38,1
150,24,1
137,16,1
136,8,1
149,23,1
154,33,1
165,34,1
154,12,1
144,24,1
127,21,1
142,16,1
139,12,1
149,3,1
160,31,1
155,16,1
151,32,1
141,36,1
129,9,1
149,24,1
138,4,1
146,28,1
133,8,1
136,29,1
161,11,1
161,37,1
130,7,1
144,26,1
137,18,1
128,7,1
148,35,1
163,28,1
126,41,1
136,42,1
142,22,1
140,18,1
148,11,1
153,39,1
146,45,1
152,16,1
142,44,1
158,8,1
148,28,1
165,31,1
146,36,1
155,24,1
145,38,1
150,7,1
134,41,1
158,22,1
163,24,1
141,47,1
149,19,1
142,7,1
129,18,1
123,28,1
141,34,1
136,47,1
133,31,1
128,25,1
143,25,1
132,34,1
149,4,1
137,42,1
139,1,1
144,47,1
163,15,1
147,48,1
143,9,1
159,33,1
137,28,1
140,5,1
133,39,1
133,39,1
125,19,1
153,45,1
126,36,1
163,15,1
140,31,1
130,30,1
135,47,1
136,3,1
150,18,1
147,3,1
126,37,1
154,7,1
139,27,1
135,23,1
127,17,1
134,43,1
132,16,1
159,27,1
165,32,1
139,28,1
136,42,1
168,24,1
138,33,1
131,28,1
130,10,1
149,47,1
149,14,1
156,18,1
159,6,1
138,38,1
124,38,1
152,6,1
152,21,1
135,11,1
160,35,1
