41,9,0
19,29,0
2,33,0
37,39,0
10,18,0
23,17,0
12,24,0
34,38,0
29,8,0
18,17,0
11,10,0
41,40,0
37,8,0
37,45,0
42,15,0
1,21,0
25,44,0
44,41,0
4,30,0
3,22,0
15,42,0
39,34,0
26,28,0
24,26,0
9,25,0
24,9,0
14,27,0
49,26,0
45,25,0
12,41,0
16,3,0
28,39,0
25,28,0
21,31,0
34,21,0
19,34,0
24,4,0
14,25,0
30,33,0
14,11,0
35,44,0
18,24,0
38,19,0
37,23,0
16,47,0
6,20,0
33,9,0
37,45,0
23,44,0
18,49,0
14,38,0
7,11,0
37,38,0
48,30,0
17,6,0
40,13,0
43,13,0
15,10,0
28,44,0
35,41,0
6,33,0
31,43,0
16,7,0
28,22,0
23,1,0
2,25,0
30,10,0
27,2,0
10,40,0
18,49,0
49,25,0
38,7,0
17,39,0
27,15,0
25,16,0
44,30,0
2,19,0
47,34,0
33,16,0
47,27,0
16,44,0
7,21,0
43,39,0
16,28,0
17,4,0
30,30,0
29,3,0
42,23,0
50,25,0
8,27,0
15,46,0
22,8,0
35,43,0
18,46,0
18,37,0
47,31,0
31,35,0
4,26,0
35,24,0
12,19,0
24,40,0
26,21,0
10,45,0
24,43,0
34,19,0
20,8,0
27,41,0
10,15,0
33,16,0
28,10,0
6,28,0
29,11,0
37,21,0
45,39,0
28,27,0
0,25,0
24,28,0
14,35,0
40,19,0
26,1,0
14,8,0
12,11,0
44,20,0
2,19,0
27,9,0
23,38,0
11,14,0
38,31,0
5,33,0
43,39,0
24,35,0
14,41,0
2,27,0
9,19,0
13,41,0
37,7,0
29,46,0
15,39,0
35,17,0
34,4,0
29,14,0
22,23,0
27,30,0
8,26,0
41,32,0
39,42,0
8,33,0
4,15,0
24,21,0
34,34,0
35,29,0
24,32,0
25,38,0
27,47,0
10,6,0
12,36,0
39,29,0
17,30,0
4,12,0
39,15,0
41,40,0
17,14,0
25,30,0
15,43,0
47,26,0
35,8,0
5,32,0
40,25,0
18,43,0
39,27,0
19,41,0
4,18,0
28,29,0
42,28,0
14,43,0
31,9,0
34,27,0
47,36,0
7,12,0
49,23,0
18,14,0
31,4,0
24,33,0
26,34,0
33,45,0
47,17,0
22,45,0
37,26,0
20,5,0
47,32,0
11,32,0
43,17,0
38,23,0
27,30,0
40,22,0
36,43,0
7,35,0
42,13,0
9,15,0
15,14,0
30,49,0
49,26,0
16,32,0
20,9,0
6,41,0
13,4,0
15,36,0
45,35,0
24,16,0
24,33,0
31,41,0
26,30,0
13,10,0
30,10,0
6,19,0
28,23,0
24,5,0
24,43,0
34,27,0
35,12,0
34,23,0
21,27,0
41,16,0
27,41,0
12,31,0
32,12,0
34,22,0
35,21,0
44,26,0
35,25,0
18,35,0
36,3,0
21,2,0
45,14,0
35,24,0
2,24,0
3,17,0
20,21,0
47,31,0
13,37,0
31,30,0
48,32,0
24,1,0
26,45,0
20,33,0
15,20,0
10,11,0
8,22,0
32,19,0
18,32,0
113,26,1
152,22,1
152,33,1
133,23,1
137,22,1
128,19,1
143,38,1
138,32,1
115,28,1
137,12,1
137,8,1
142,7,1
129,5,1
144,43,1
150,32,1
118,41,1
124,4,1
151,24,1
152,8,1
150,9,1
138,36,1
131,16,1
147,33,1
159,22,1
122,36,1
128,41,1
143,28,1
125,32,1
129,3,1
148,8,1
120,34,1
137,44,1
138,12,1
153,31,1
136,35,1
157,23,1
119,18,1
155,31,1
151,8,1
150,10,1
153,17,1
157,25,1
121,38,1
111,24,1
121,26,1
118,37,1
150,27,1
154,40,1
130,29,1
129,41,1
158,16,1
154,35,1
112,18,1
135,48,1
132,10,1
149,28,1
144,2,1
148,17,1
129,16,1
136,48,1
112,24,1
130,36,1
147,11,1
149,15,1
149,9,1
146,46,1
118,14,1
131,15,1
152,32,1
135,31,1
128,11,1
130,34,1
131,32,1
140,41,1
112,30,1
152,12,1
125,17,1
115,29,1
125,6,1
138,32,1
136,11,1
122,25,1
133,45,1
141,33,1
144,36,1
132,41,1
132,38,1
140,19,1
159,27,1
112,29,1
144,37,1
158,28,1
125,17,1
138,49,1
133,33,1
118,41,1
140,43,1
123,10,1
121,10,1
129,18,1
124,42,1
145,11,1
111,18,1
130,24,1
114,28,1
147,34,1
127,28,1
118,26,1
128,23,1
133,16,1
158,21,1
130,4,1
153,14,1
119,7,1
158,34,1
137,18,1
132,12,1
138,45,1
140,45,1
147,16,1
136,29,1
127,9,1
141,15,1
158,25,1
153,17,1
119,33,1
144,21,1
127,6,1
123,17,1
116,34,1
127,34,1
127,43,1
130,47,1
123,38,1
124,39,1
157,19,1
117,14,1
139,20,1
149,24,1
144,35,1
135,40,1
146,32,1
156,14,1
141,9,1
150,33,1
142,42,1
149,33,1
119,26,1
124,11,1
143,8,1
141,27,1
152,39,1
114,15,1
132,26,1
132,28,1
129,9,1
154,24,1
120,13,1
159,28,1
122,33,1
148,11,1
126,33,1
120,13,1
121,24,1
149,11,1
113,30,1
119,31,1
131,6,1
127,40,1
131,38,1
127,15,1
117,11,1
151,16,1
149,23,1
115,29,1
124,31,1
121,31,1
126,30,1
153,10,1
151,39,1
131,36,1
135,46,1
148,34,1
145,5,1
131,35,1
135,35,1
144,20,1
128,31,1
150,14,1
131,16,1
139,4,1
130,41,1
144,21,1
147,9,1
145,38,1
151,34,1
139,32,1
139,20,1
124,14,1
141,42,1
136,14,1
127,31,1
124,39,1
138,31,1
121,24,1
119,9,1
136,20,1
115,22,1
124,47,1
126,2,1
151,26,1
156,13,1
148,33,1
157,23,1
120,9,1
119,33,1
113,18,1
132,30,1
158,32,1
141,39,1
116,20,1
143,46,1
139,4,1
151,25,1
129,25,1
134,33,1
130,15,1
121,40,1
147,21,1
130,22,1
135,37,1
151,44,1
150,12,1
122,18,1
146,27,1
141,28,1
126,2,1
118,24,1
154,19,1
153,11,1
146,4,1
148,21,1
157,21,1
118,38,1
134,25,1
144,30,1
148,11,1
138,23,1
147,22,1
123,16,1
