37,45,0
6,32,0
2,34,0
16,43,0
20,31,0
7,11,0
13,41,0
46,22,0
29,43,0
38,45,0
25,48,0
48,19,0
10,28,0
22,22,0
11,44,0
22,48,0
30,13,0
25,9,0
4,18,0
43,18,0
15,14,0
16,20,0
24,4,0
25,46,0
12,10,0
8,25,0
13,26,0
29,49,0
46,19,0
14,45,0
21,14,0
46,13,0
37,26,0
19,19,0
41,7,0
30,40,0
31,28,0
18,6,0
21,10,0
7,41,0
44,13,0
47,17,0
10,15,0
8,27,0
30,38,0
2,29,0
26,49,0
9,38,0
20,21,0
10,45,0
44,30,0
24,29,0
22,38,0
44,22,0
25,36,0
23,8,0
20,21,0
40,16,0
32,43,0
14,30,0
23,29,0
5,40,0
35,6,0
3,18,0
15,26,0
15,37,0
30,36,0
22,38,0
46,13,0
42,37,0
38,24,0
32,39,0
38,30,0
27,30,0
40,36,0
27,32,0
28,21,0
23,39,0
9,21,0
11,43,0
44,15,0
13,17,0
45,15,0
20,23,0
6,9,0
17,13,0
29,2,0
11,22,0
14,10,0
45,32,0
16,31,0
25,28,0
49,25,0
27,20,0
26,8,0
18,1,0
28,29,0
36,45,0
14,43,0
3,14,0
30,3,0
16,13,0
11,13,0
20,47,0
41,31,0
37,38,0
15,27,0
30,27,0
1,25,0
21,1,0
36,6,0
23,49,0
39,34,0
16,2,0
38,30,0
39,11,0
24,31,0
23,44,0
28,32,0
8,26,0
43,41,0
44,34,0
23,39,0
43,23,0
45,26,0
35,23,0
30,44,0
8,14,0
16,47,0
24,41,0
21,15,0
40,39,0
37,33,0
7,33,0
36,45,0
41,18,0
46,38,0
12,4,0
31,46,0
30,24,0
15,4,0
43,38,0
32,5,0
37,44,0
21,37,0
13,27,0
10,19,0
44,36,0
18,27,0
20,45,0
22,24,0
31,26,0
11,13,0
41,25,0
31,14,0
17,15,0
49,25,0
27,22,0
8,19,0
33,6,0
21,43,0
22,2,0
2,34,0
36,12,0
42,23,0
33,10,0
20,39,0
35,5,0
28,49,0
37,27,0
38,43,0
30,22,0
28,30,0
14,6,0
28,31,0
6,29,0
25,2,0
7,20,0
13,30,0
35,14,0
13,32,0
27,38,0
35,40,0
11,16,0
15,43,0
27,15,0
43,9,0
20,19,0
35,18,0
29,45,0
15,26,0
6,33,0
39,15,0
42,22,0
42,27,0
6,38,0
19,42,0
34,30,0
23,18,0
24,10,0
47,32,0
32,31,0
16,35,0
16,26,0
46,25,0
21,23,0
35,33,0
23,31,0
16,35,0
45,28,0
49,21,0
19,1,0
29,41,0
8,27,0
33,33,0
18,43,0
28,43,0
21,28,0
42,26,0
27,19,0
18,3,0
22,28,0
15,16,0
34,10,0
47,25,0
12,15,0
16,43,0
34,30,0
10,14,0
17,42,0
5,31,0
35,35,0
31,32,0
19,30,0
34,28,0
14,19,0
3,35,0
21,40,0
10,39,0
40,8,0
26,43,0
10,14,0
22,34,0
32,27,0
10,42,0
27,27,0
42,30,0
48,16,0
42,38,0
46,14,0
116,9,1
150,11,1
117,21,1
136,9,1
130,49,1
132,8,1
129,29,1
120,6,1
154,16,1
133,21,1
120,8,1
116,30,1
150,8,1
132,34,1
128,27,1
145,8,1
143,3,1
135,30,1
118,30,1
116,11,1
131,17,1
154,19,1
134,2,1
133,31,1
151,30,1
145,40,1
121,21,1
152,42,1
152,30,1
138,24,1
138,10,1
136,17,1
119,10,1
147,43,1
150,15,1
150,8,1
148,17,1
139,36,1
130,14,1
122,32,1
140,37,1
137,28,1
141,7,1
152,41,1
129,35,1
155,13,1
115,22,1
117,14,1
134,26,1
120,44,1
154,25,1
118,12,1
143,36,1
128,27,1
130,48,1
124,3,1
127,29,1
120,11,1
143,3,1
146,42,1
151,44,1
146,4,1
127,4,1
134,20,1
155,31,1
140,5,1
145,5,1
156,34,1
128,46,1
129,33,1
133,28,1
144,24,1
131,24,1
117,27,1
146,6,1
126,36,1
144,36,1
151,34,1
138,9,1
128,14,1
154,19,1
136,8,1
151,38,1
136,47,1
128,38,1
136,1,1
132,25,1
158,25,1
126,31,1
133,23,1
132,27,1
121,23,1
125,11,1
139,36,1
136,30,1
121,5,1
120,29,1
129,24,1
122,12,1
130,43,1
138,33,1
138,8,1
121,25,1
141,14,1
114,13,1
132,47,1
147,14,1
144,31,1
132,30,1
118,42,1
143,33,1
143,13,1
141,27,1
146,8,1
132,18,1
155,26,1
156,28,1
142,22,1
121,29,1
153,21,1
132,15,1
143,23,1
115,38,1
130,2,1
117,36,1
124,11,1
134,2,1
156,31,1
143,29,1
119,25,1
134,20,1
142,20,1
130,21,1
139,46,1
141,31,1
143,36,1
140,16,1
129,21,1
142,37,1
149,23,1
137,18,1
157,32,1
139,43,1
131,2,1
124,43,1
117,31,1
134,31,1
132,48,1
127,35,1
117,31,1
126,14,1
115,35,1
119,16,1
140,17,1
135,6,1
121,27,1
123,8,1
126,8,1
142,16,1
113,23,1
115,23,1
139,19,1
124,3,1
142,14,1
127,34,1
148,5,1
122,30,1
123,23,1
147,25,1
140,14,1
123,24,1
129,42,1
140,35,1
114,19,1
115,27,1
130,7,1
144,28,1
140,2,1
150,17,1
146,3,1
157,36,1
153,10,1
135,18,1
152,23,1
140,11,1
110,25,1
145,9,1
118,40,1
115,25,1
148,23,1
143,41,1
125,3,1
148,30,1
145,3,1
137,15,1
156,19,1
139,48,1
126,21,1
151,43,1
120,33,1
123,34,1
141,13,1
122,31,1
138,1,1
143,45,1
155,22,1
112,32,1
120,35,1
143,45,1
121,6,1
136,40,1
138,36,1
136,43,1
144,21,1
156,12,1
147,32,1
150,23,1
121,26,1
138,26,1
145,32,1
139,14,1
158,34,1
150,21,1
113,30,1
139,46,1
124,44,1
145,27,1
139,7,1
131,35,1
138,4,1
148,4,1
145,33,1
123,42,1
113,34,1
137,6,1
110,25,1
139,24,1
156,35,1
136,6,1
151,35,1
119,35,1
150,41,1
127,32,1
132,27,1
154,18,1
135,19,1
145,32,1
120,37,1
118,11,1
118,14,1
