20,47,0
24,36,0
15,45,0
6,12,0
34,42,0
37,8,0
32,4,0
19,38,0
6,25,0
37,21,0
12,27,0
8,7,0
38,27,0
40,13,0
47,19,0
20,10,0
19,45,0
37,7,0
30,20,0
36,3,0
33,26,0
2,31,0
43,14,0
38,14,0
18,2,0
36,34,0
27,35,0
41,10,0
32,44,0
37,18,0
27,2,0
8,35,0
38,45,0
48,32,0
16,35,0
5,18,0
16,24,0
30,40,0
4,35,0
12,45,0
16,5,0
35,16,0
39,17,0
20,16,0
28,5,0
12,31,0
32,27,0
37,42,0
20,41,0
4,12,0
11,6,0
46,13,0
37,10,0
10,15,0
19,19,0
25,0,0
31,48,0
38,22,0
28,11,0
43,33,0
39,23,0
25,38,0
26,15,0
40,12,0
14,16,0
14,21,0
3,27,0
48,23,0
30,5,0
29,17,0
26,24,0
33,38,0
48,29,0
17,20,0
11,40,0
35,23,0
5,11,0
29,28,0
35,47,0
22,36,0
8,32,0
33,34,0
42,16,0
29,6,0
20,28,0
35,19,0
2,17,0
18,26,0
23,20,0
17,27,0
33,21,0
41,37,0
29,8,0
13,22,0
38,39,0
28,20,0
18,28,0
14,14,0
27,10,0
19,7,0
11,42,0
14,4,0
6,30,0
33,21,0
16,31,0
47,14,0
11,39,0
19,3,0
47,15,0
23,47,0
33,27,0
16,21,0
26,27,0
24,29,0
3,33,0
32,40,0
21,1,0
33,21,0
35,29,0
21,10,0
25,43,0
33,16,0
13,4,0
41,21,0
22,7,0
24,35,0
26,30,0
21,11,0
27,40,0
10,25,0
47,20,0
35,20,0
17,33,0
36,22,0
6,23,0
13,21,0
16,32,0
30,40,0
42,28,0
22,20,0
15,46,0
5,13,0
30,24,0
43,41,0
41,13,0
34,33,0
42,8,0
11,13,0
6,12,0
20,15,0
17,8,0
49,25,0
22,13,0
6,35,0
19,48,0
29,19,0
24,43,0
21,18,0
22,26,0
20,43,0
24,19,0
21,4,0
25,14,0
2,22,0
11,33,0
43,41,0
19,15,0
30,6,0
27,8,0
20,34,0
9,39,0
16,7,0
25,32,0
21,8,0
38,40,0
26,22,0
47,32,0
27,32,0
24,6,0
26,38,0
26,12,0
6,18,0
35,31,0
26,17,0
23,1,0
34,22,0
22,26,0
21,45,0
22,42,0
46,18,0
14,27,0
37,34,0
27,37,0
8,40,0
28,40,0
16,31,0
31,30,0
8,14,0
1,32,0
9,12,0
17,30,0
40,23,0
36,31,0
39,7,0
33,29,0
41,25,0
19,30,0
10,6,0
28,31,0
32,11,0
23,44,0
28,47,0
38,22,0
20,44,0
11,39,0
33,45,0
46,32,0
31,48,0
25,36,0
25,46,0
45,15,0
20,27,0
41,34,0
27,27,0
18,33,0
27,7,0
8,13,0
40,6,0
8,23,0
17,23,0
23,33,0
10,26,0
42,39,0
33,38,0
44,24,0
24,30,0
37,15,0
14,18,0
14,9,0
32,31,0
40,6,0
38,32,0
25,42,0
21,13,0
42,31,0
17,25,0
7,27,0
48,19,0
8,39,0
39,25,0
107,37,1
108,39,1
116,8,1
135,6,1
140,35,1
136,41,1
119,9,1
127,3,1
103,30,1
107,37,1
124,12,1
116,32,1
111,32,1
123,15,1
109,25,1
110,25,1
138,9,1
142,11,1
132,32,1
125,8,1
113,4,1
131,4,1
115,11,1
131,26,1
123,24,1
142,33,1
126,25,1
150,25,1
142,35,1
143,41,1
121,40,1
119,47,1
116,8,1
103,25,1
124,42,1
120,26,1
114,22,1
129,33,1
118,44,1
104,24,1
107,32,1
113,17,1
133,12,1
111,45,1
135,32,1
127,8,1
129,27,1
129,13,1
122,9,1
120,24,1
140,32,1
147,34,1
112,46,1
107,27,1
134,11,1
122,46,1
102,22,1
122,24,1
120,35,1
133,46,1
130,45,1
101,19,1
109,18,1
140,11,1
127,45,1
137,7,1
139,38,1
148,21,1
115,20,1
129,41,1
121,27,1
124,35,1
127,40,1
125,38,1
148,32,1
124,26,1
141,42,1
118,9,1
124,10,1
112,32,1
136,44,1
145,22,1
105,11,1
113,37,1
121,20,1
115,27,1
133,30,1
112,44,1
107,41,1
133,35,1
129,2,1
138,29,1
143,17,1
107,40,1
125,22,1
117,3,1
140,28,1
149,22,1
138,46,1
133,20,1
112,38,1
106,23,1
149,32,1
141,26,1
109,26,1
140,22,1
127,34,1
106,25,1
137,17,1
109,29,1
103,33,1
118,13,1
117,40,1
133,30,1
111,6,1
145,13,1
111,31,1
149,18,1
122,23,1
122,2,1
139,39,1
130,28,1
109,36,1
134,7,1
116,37,1
138,23,1
111,8,1
125,34,1
122,3,1
127,10,1
102,32,1
134,22,1
145,23,1
129,13,1
146,14,1
131,15,1
122,20,1
129,22,1
111,17,1
130,28,1
133,48,1
113,24,1
103,22,1
125,10,1
116,13,1
106,14,1
132,45,1
132,36,1
145,33,1
118,19,1
111,32,1
114,26,1
106,15,1
126,45,1
133,42,1
129,42,1
124,34,1
140,36,1
109,35,1
127,17,1
121,42,1
130,44,1
149,27,1
113,33,1
105,29,1
136,21,1
139,24,1
115,40,1
126,32,1
119,12,1
135,14,1
133,34,1
110,31,1
106,25,1
138,33,1
144,31,1
134,9,1
108,20,1
111,20,1
120,45,1
135,43,1
136,47,1
118,45,1
137,43,1
123,11,1
129,42,1
102,31,1
122,12,1
130,48,1
119,28,1
125,6,1
129,24,1
136,22,1
124,23,1
128,21,1
142,36,1
102,27,1
128,28,1
135,29,1
146,13,1
118,41,1
120,4,1
119,23,1
104,24,1
143,39,1
147,27,1
128,35,1
145,29,1
116,34,1
111,27,1
119,33,1
102,22,1
118,42,1
125,41,1
112,41,1
130,18,1
134,37,1
135,47,1
124,33,1
125,3,1
131,46,1
122,1,1
138,28,1
142,37,1
140,26,1
121,15,1
146,23,1
114,24,1
134,11,1
125,34,1
139,37,1
119,12,1
120,24,1
137,5,1
128,39,1
121,2,1
110,6,1
125,6,1
102,27,1
136,44,1
109,37,1
129,31,1
119,17,1
135,12,1
103,33,1
127,4,1
134,2,1
104,27,1
136,29,1
140,15,1
