16,20,0
23,48,0
4,33,0
15,29,0
25,3,0
21,6,0
6,39,0
17,2,0
15,35,0
9,30,0
16,7,0
25,4,0
26,15,0
26,12,0
43,15,0
40,29,0
33,12,0
17,6,0
19,24,0
11,13,0
30,13,0
28,12,0
47,15,0
36,9,0
7,17,0
17,18,0
20,44,0
45,32,0
32,44,0
17,5,0
9,12,0
21,5,0
8,9,0
2,23,0
24,33,0
11,31,0
18,14,0
15,17,0
42,34,0
27,26,0
26,16,0
7,39,0
25,50,0
17,10,0
11,20,0
48,21,0
19,17,0
31,22,0
20,43,0
5,35,0
14,30,0
11,40,0
33,21,0
34,44,0
5,17,0
18,23,0
10,12,0
15,20,0
17,17,0
4,20,0
11,10,0
29,15,0
36,14,0
25,29,0
26,27,0
21,17,0
4,33,0
6,17,0
28,40,0
33,42,0
6,41,0
43,26,0
12,6,0
38,20,0
13,15,0
31,9,0
37,21,0
29,43,0
40,45,0
42,40,0
39,5,0
23,34,0
11,18,0
40,36,0
25,2,0
29,27,0
6,38,0
40,6,0
48,32,0
25,43,0
32,3,0
40,5,0
42,16,0
24,45,0
38,34,0
25,2,0
11,7,0
37,45,0
29,8,0
14,41,0
27,49,0
12,10,0
38,28,0
11,11,0
19,20,0
1,32,0
33,10,0
43,29,0
6,24,0
17,28,0
23,18,0
23,49,0
12,41,0
29,13,0
33,14,0
14,38,0
34,48,0
41,15,0
20,10,0
26,1,0
16,43,0
23,44,0
28,6,0
14,23,0
5,39,0
7,8,0
42,33,0
13,32,0
12,4,0
41,17,0
19,12,0
36,7,0
43,19,0
6,40,0
10,32,0
49,29,0
23,11,0
26,37,0
35,9,0
25,22,0
19,44,0
31,24,0
28,3,0
3,27,0
44,22,0
26,45,0
32,34,0
36,10,0
27,22,0
19,36,0
23,19,0
34,38,0
39,38,0
38,16,0
28,11,0
36,26,0
41,30,0
36,28,0
3,24,0
24,9,0
30,16,0
27,7,0
7,9,0
28,35,0
22,13,0
40,27,0
21,45,0
18,23,0
41,19,0
5,23,0
27,14,0
24,44,0
19,23,0
17,22,0
41,12,0
11,12,0
24,31,0
35,44,0
38,25,0
10,37,0
48,20,0
14,34,0
38,30,0
9,37,0
24,10,0
23,15,0
48,32,0
9,30,0
10,7,0
5,12,0
39,17,0
12,30,0
26,44,0
41,8,0
49,23,0
23,4,0
27,34,0
19,1,0
24,31,0
42,7,0
43,23,0
16,9,0
11,16,0
3,21,0
32,30,0
32,7,0
26,17,0
23,35,0
37,45,0
19,6,0
15,24,0
39,36,0
32,1,0
26,46,0
30,24,0
26,39,0
18,38,0
32,31,0
27,25,0
23,16,0
10,24,0
28,32,0
12,39,0
16,21,0
5,14,0
38,39,0
34,5,0
17,25,0
28,18,0
11,23,0
27,5,0
18,28,0
36,16,0
26,40,0
45,31,0
47,17,0
17,42,0
28,24,0
24,24,0
23,41,0
6,35,0
45,30,0
26,24,0
31,29,0
15,18,0
2,18,0
33,22,0
17,24,0
7,25,0
40,41,0
96,37,1
108,2,1
108,36,1
110,18,1
128,23,1
91,27,1
120,12,1
120,41,1
102,31,1
81,21,1
118,32,1
104,25,1
107,38,1
83,14,1
98,18,1
109,35,1
91,13,1
104,6,1
83,17,1
92,31,1
105,26,1
119,24,1
114,4,1
113,3,1
103,47,1
120,13,1
124,28,1
105,44,1
106,40,1
100,7,1
113,20,1
112,16,1
82,29,1
129,27,1
116,42,1
85,28,1
111,34,1
117,26,1
110,47,1
124,38,1
81,29,1
84,28,1
87,33,1
121,8,1
115,40,1
110,13,1
124,17,1
118,27,1
89,9,1
108,17,1
96,34,1
95,30,1
98,12,1
113,21,1
109,37,1
87,35,1
118,11,1
112,24,1
99,4,1
111,19,1
108,40,1
105,30,1
87,30,1
115,6,1
117,10,1
86,38,1
119,37,1
100,26,1
91,30,1
128,31,1
102,32,1
83,33,1
128,25,1
121,10,1
96,46,1
107,10,1
103,49,1
119,36,1
98,10,1
116,13,1
95,13,1
102,49,1
86,35,1
82,28,1
88,14,1
91,26,1
89,21,1
105,20,1
116,8,1
128,27,1
98,37,1
121,39,1
107,46,1
112,44,1
120,44,1
96,20,1
104,21,1
109,31,1
112,11,1
86,30,1
101,25,1
116,25,1
118,8,1
125,19,1
105,43,1
87,20,1
125,36,1
113,42,1
122,7,1
104,43,1
95,5,1
108,6,1
89,10,1
97,23,1
100,14,1
93,23,1
107,47,1
116,6,1
105,1,1
114,13,1
100,17,1
108,16,1
102,1,1
109,47,1
91,44,1
116,10,1
103,24,1
92,22,1
110,20,1
82,26,1
125,19,1
91,28,1
120,9,1
120,33,1
114,32,1
129,31,1
117,36,1
99,16,1
116,39,1
85,10,1
93,44,1
109,10,1
125,34,1
126,38,1
117,19,1
98,23,1
121,37,1
119,32,1
111,33,1
87,20,1
89,36,1
84,32,1
123,39,1
99,5,1
123,39,1
123,15,1
93,19,1
94,17,1
110,8,1
112,1,1
94,10,1
112,24,1
115,36,1
101,17,1
127,18,1
126,31,1
108,16,1
86,10,1
91,39,1
115,5,1
116,18,1
108,18,1
86,21,1
121,44,1
95,6,1
110,44,1
108,22,1
117,21,1
100,34,1
104,29,1
108,39,1
83,16,1
111,16,1
81,31,1
115,8,1
89,39,1
94,43,1
102,18,1
91,28,1
126,17,1
121,34,1
104,48,1
97,32,1
90,18,1
121,22,1
101,29,1
126,32,1
112,11,1
95,23,1
116,8,1
105,1,1
110,2,1
102,7,1
99,3,1
124,10,1
91,15,1
110,42,1
86,26,1
83,26,1
103,24,1
114,10,1
108,11,1
125,14,1
89,36,1
112,10,1
109,30,1
85,13,1
111,47,1
96,33,1
114,45,1
114,36,1
100,38,1
119,39,1
129,18,1
121,36,1
112,31,1
97,14,1
95,46,1
119,35,1
89,9,1
109,34,1
95,13,1
108,10,1
102,5,1
123,29,1
93,15,1
109,38,1
109,27,1
100,4,1
108,13,1
121,40,1
110,11,1
119,5,1
117,31,1
114,47,1
95,10,1
87,28,1
105,23,1
88,9,1
117,43,1
