28,39,0
43,9,0
19,12,0
30,43,0
1,22,0
12,44,0
25,28,0
32,29,0
21,24,0
4,26,0
33,27,0
27,44,0
17,47,0
33,34,0
34,29,0
7,24,0
19,39,0
13,27,0
42,18,0
9,10,0
32,40,0
12,34,0
31,26,0
17,45,0
47,18,0
13,34,0
22,12,0
32,42,0
20,21,0
27,2,0
20,4,0
1,29,0
24,45,0
37,25,0
40,35,0
14,5,0
4,23,0
10,30,0
45,38,0
29,43,0
21,11,0
32,14,0
7,24,0
41,19,0
37,31,0
30,49,0
14,44,0
22,31,0
1,31,0
42,34,0
22,43,0
36,28,0
30,21,0
40,39,0
43,28,0
35,11,0
19,17,0
26,43,0
18,3,0
28,12,0
14,43,0
35,33,0
30,17,0
35,22,0
2,20,0
28,17,0
9,18,0
3,17,0
32,44,0
39,23,0
37,21,0
32,17,0
19,40,0
28,36,0
31,6,0
6,38,0
33,28,0
5,26,0
1,32,0
37,31,0
34,35,0
6,25,0
26,12,0
35,38,0
5,25,0
33,12,0
44,29,0
41,22,0
36,10,0
30,10,0
48,18,0
48,34,0
32,29,0
35,23,0
16,7,0
43,31,0
7,29,0
29,23,0
32,44,0
36,41,0
29,12,0
5,23,0
44,14,0
43,22,0
31,11,0
26,25,0
37,11,0
18,11,0
29,44,0
38,5,0
12,46,0
18,32,0
35,16,0
31,32,0
18,28,0
26,43,0
10,43,0
18,45,0
28,37,0
14,6,0
26,45,0
5,15,0
25,37,0
47,22,0
22,37,0
38,17,0
32,48,0
44,25,0
11,36,0
31,38,0
40,22,0
39,42,0
28,43,0
15,33,0
31,9,0
14,4,0
3,36,0
45,17,0
24,31,0
30,27,0
18,44,0
14,29,0
32,34,0
14,45,0
23,8,0
1,24,0
42,12,0
16,22,0
14,11,0
40,36,0
42,15,0
18,32,0
35,21,0
25,6,0
39,39,0
43,36,0
17,48,0
3,18,0
31,1,0
12,5,0
20,25,0
40,36,0
30,44,0
33,48,0
42,33,0
24,13,0
30,14,0
33,31,0
1,30,0
22,24,0
1,27,0
44,31,0
26,30,0
22,36,0
43,25,0
36,28,0
9,17,0
48,19,0
18,36,0
16,8,0
36,14,0
16,21,0
17,34,0
5,10,0
34,20,0
38,46,0
25,2,0
32,44,0
32,15,0
16,47,0
29,8,0
15,30,0
2,32,0
11,38,0
4,31,0
38,45,0
28,30,0
35,14,0
30,30,0
10,36,0
4,26,0
19,35,0
24,21,0
4,23,0
45,18,0
42,30,0
17,8,0
23,4,0
4,14,0
26,43,0
39,9,0
13,45,0
23,16,0
5,12,0
28,7,0
48,31,0
29,3,0
41,30,0
32,20,0
32,44,0
44,35,0
37,45,0
31,14,0
18,37,0
2,18,0
32,24,0
25,36,0
32,28,0
21,25,0
36,18,0
35,33,0
38,40,0
28,23,0
33,37,0
2,28,0
2,23,0
19,12,0
3,35,0
25,27,0
14,6,0
9,44,0
35,26,0
8,15,0
31,24,0
33,43,0
39,25,0
35,35,0
31,21,0
20,34,0
10,41,0
117,18,1
98,3,1
102,47,1
114,35,1
103,12,1
127,17,1
88,19,1
111,24,1
113,9,1
99,26,1
103,22,1
127,23,1
119,16,1
116,31,1
107,4,1
116,27,1
102,15,1
101,40,1
109,37,1
111,49,1
96,36,1
95,22,1
101,13,1
102,38,1
89,31,1
105,30,1
105,30,1
104,41,1
106,38,1
127,24,1
87,39,1
105,31,1
116,37,1
112,8,1
82,21,1
107,25,1
84,24,1
104,27,1
100,13,1
112,19,1
111,40,1
108,14,1
93,41,1
118,37,1
111,19,1
90,36,1
107,14,1
83,30,1
97,46,1
119,24,1
112,25,1
106,6,1
91,5,1
127,28,1
107,15,1
100,43,1
101,31,1
108,1,1
110,15,1
97,23,1
107,15,1
111,41,1
111,17,1
98,19,1
87,32,1
124,25,1
97,37,1
97,8,1
113,17,1
101,31,1
92,38,1
114,10,1
83,24,1
122,8,1
112,30,1
90,19,1
89,40,1
94,46,1
109,8,1
98,30,1
93,10,1
101,38,1
90,20,1
94,14,1
89,20,1
96,47,1
110,12,1
101,13,1
89,15,1
102,47,1
120,39,1
116,11,1
107,40,1
87,25,1
97,36,1
82,30,1
91,41,1
84,18,1
123,19,1
124,29,1
83,22,1
94,15,1
98,39,1
108,20,1
92,24,1
96,27,1
120,10,1
96,47,1
103,29,1
101,37,1
106,19,1
116,24,1
97,33,1
126,19,1
122,40,1
125,25,1
111,10,1
115,25,1
109,1,1
107,1,1
97,16,1
105,48,1
106,43,1
93,24,1
122,27,1
105,17,1
110,46,1
102,44,1
98,48,1
99,19,1
121,26,1
98,21,1
95,19,1
113,37,1
86,39,1
129,32,1
98,45,1
121,31,1
90,5,1
97,5,1
92,16,1
97,26,1
94,37,1
122,39,1
112,48,1
99,43,1
126,34,1
126,32,1
120,36,1
112,11,1
86,19,1
102,22,1
90,10,1
121,27,1
92,22,1
107,37,1
119,21,1
104,49,1
116,22,1
106,40,1
106,35,1
84,20,1
90,29,1
118,19,1
101,34,1
125,37,1
116,12,1
100,41,1
105,24,1
116,9,1
110,38,1
114,11,1
83,17,1
87,9,1
121,43,1
99,6,1
99,48,1
109,25,1
103,48,1
94,7,1
111,39,1
128,17,1
94,20,1
88,7,1
117,43,1
111,28,1
121,24,1
109,28,1
86,27,1
102,42,1
86,20,1
85,26,1
112,14,1
98,27,1
122,23,1
118,11,1
91,37,1
122,34,1
97,43,1
123,36,1
114,46,1
100,38,1
119,38,1
108,14,1
91,24,1
92,12,1
118,16,1
86,23,1
88,43,1
109,12,1
92,16,1
109,4,1
98,1,1
121,32,1
87,20,1
118,36,1
109,23,1
100,23,1
111,3,1
106,8,1
113,8,1
115,28,1
106,45,1
103,49,1
89,23,1
115,38,1
87,38,1
98,31,1
111,11,1
119,10,1
113,14,1
121,27,1
126,34,1
101,23,1
99,24,1
99,1,1
94,13,1
120,10,1
107,42,1
122,9,1
100,24,1
86,14,1
104,22,1
118,40,1
89,36,1
112,17,1
119,26,1
103,24,1
119,7,1
120,34,1
