10,22,0
32,44,0
17,12,0
35,8,0
28,34,0
14,19,0
15,32,0
24,34,0
10,8,0
28,43,0
18,10,0
26,42,0
22,45,0
42,29,0
21,26,0
14,34,0
38,23,0
8,22,0
3,31,0
19,16,0
20,5,0
21,40,0
33,14,0
49,31,0
7,26,0
39,19,0
20,33,0
4,24,0
2,25,0
24,37,0
11,43,0
37,6,0
18,15,0
23,40,0
28,17,0
26,36,0
45,11,0
13,15,0
3,20,0
36,23,0
35,5,0
1,23,0
22,37,0
49,26,0
28,45,0
13,5,0
3,26,0
35,3,0
33,30,0
26,47,0
26,30,0
4,20,0
19,25,0
22,26,0
3,31,0
23,31,0
16,38,0
32,36,0
6,21,0
8,33,0
16,36,0
22,34,0
31,31,0
7,23,0
37,18,0
19,26,0
34,37,0
20,29,0
26,10,0
15,31,0
8,27,0
2,31,0
23,34,0
38,22,0
8,24,0
36,39,0
1,32,0
1,27,0
46,22,0
8,20,0
47,24,0
34,29,0
33,15,0
21,28,0
28,36,0
29,49,0
44,36,0
44,28,0
47,16,0
13,6,0
3,17,0
17,36,0
42,40,0
32,4,0
35,5,0
19,20,0
19,38,0
35,13,0
16,12,0
49,32,0
10,27,0
45,21,0
40,24,0
8,27,0
27,21,0
26,45,0
23,22,0
48,33,0
19,40,0
13,12,0
35,26,0
19,44,0
12,38,0
32,23,0
16,44,0
44,24,0
17,5,0
6,37,0
29,40,0
9,36,0
41,42,0
7,33,0
14,41,0
15,35,0
19,30,0
24,24,0
43,14,0
11,44,0
32,7,0
23,2,0
39,6,0
13,5,0
11,27,0
48,31,0
18,47,0
18,37,0
8,30,0
26,17,0
41,11,0
38,18,0
28,23,0
44,28,0
38,8,0
30,11,0
29,30,0
9,29,0
37,17,0
6,27,0
25,39,0
23,20,0
23,7,0
28,46,0
36,11,0
41,18,0
28,19,0
7,16,0
15,32,0
40,6,0
37,10,0
23,23,0
19,38,0
43,8,0
42,23,0
11,40,0
37,30,0
35,14,0
20,36,0
20,35,0
11,12,0
32,8,0
21,27,0
5,40,0
23,29,0
11,40,0
34,13,0
31,1,0
21,6,0
31,25,0
21,18,0
18,9,0
17,11,0
49,23,0
5,18,0
41,42,0
39,45,0
35,21,0
29,32,0
21,8,0
34,16,0
32,31,0
18,7,0
7,36,0
34,46,0
13,27,0
24,20,0
48,17,0
41,7,0
40,13,0
13,42,0
9,42,0
9,36,0
34,34,0
41,19,0
31,7,0
17,16,0
11,13,0
36,15,0
34,23,0
18,18,0
48,34,0
13,43,0
12,5,0
37,30,0
40,15,0
32,29,0
37,16,0
22,15,0
30,23,0
45,34,0
45,40,0
32,16,0
39,33,0
24,31,0
38,38,0
30,39,0
32,5,0
11,10,0
34,34,0
16,21,0
43,34,0
30,13,0
38,28,0
20,46,0
24,24,0
41,32,0
11,36,0
40,18,0
5,31,0
38,43,0
20,13,0
21,24,0
9,21,0
36,20,0
22,47,0
37,35,0
27,27,0
30,45,0
28,47,0
44,20,0
23,11,0
94,14,1
106,16,1
119,29,1
104,47,1
99,46,1
87,18,1
105,44,1
116,23,1
99,33,1
79,7,1
112,13,1
79,30,1
85,7,1
86,48,1
102,38,1
72,33,1
93,39,1
115,25,1
93,31,1
90,3,1
82,4,1
99,34,1
117,30,1
86,24,1
93,46,1
109,32,1
96,49,1
86,14,1
110,38,1
82,40,1
79,10,1
98,13,1
85,32,1
110,10,1
100,10,1
104,23,1
98,7,1
105,36,1
113,29,1
108,6,1
111,8,1
96,24,1
89,14,1
84,14,1
90,2,1
107,28,1
92,20,1
99,26,1
95,41,1
112,33,1
104,8,1
76,11,1
101,19,1
99,25,1
73,22,1
95,44,1
97,34,1
79,24,1
86,12,1
80,18,1
92,27,1
102,5,1
92,14,1
95,10,1
80,10,1
112,40,1
96,27,1
99,4,1
75,37,1
79,12,1
117,23,1
79,43,1
109,7,1
110,32,1
75,14,1
83,23,1
116,26,1
102,2,1
90,44,1
110,10,1
90,21,1
97,28,1
86,46,1
78,13,1
99,22,1
84,45,1
85,34,1
109,36,1
119,25,1
87,8,1
74,22,1
118,33,1
89,48,1
89,6,1
118,28,1
85,13,1
92,37,1
100,25,1
95,38,1
87,46,1
106,40,1
98,9,1
85,17,1
109,33,1
94,10,1
108,37,1
74,19,1
92,3,1
107,41,1
70,25,1
103,9,1
75,18,1
95,5,1
106,36,1
108,21,1
94,5,1
91,35,1
105,36,1
81,12,1
115,31,1
91,38,1
90,5,1
72,20,1
71,24,1
105,24,1
111,36,1
113,26,1
103,8,1
94,16,1
96,7,1
94,12,1
113,31,1
94,46,1
115,37,1
101,33,1
99,31,1
98,23,1
107,15,1
109,9,1
97,41,1
83,30,1
80,15,1
111,31,1
113,28,1
109,18,1
116,30,1
81,11,1
87,7,1
78,11,1
116,26,1
74,12,1
78,13,1
77,33,1
100,20,1
105,13,1
102,42,1
88,42,1
79,18,1
83,33,1
92,44,1
89,27,1
90,49,1
115,40,1
112,11,1
79,41,1
116,18,1
75,39,1
106,30,1
97,45,1
90,22,1
112,24,1
95,37,1
86,44,1
89,35,1
73,35,1
99,18,1
85,11,1
89,22,1
95,47,1
108,5,1
109,28,1
99,20,1
114,39,1
95,35,1
73,33,1
108,16,1
98,8,1
97,26,1
102,44,1
88,4,1
85,9,1
82,39,1
109,38,1
93,31,1
90,45,1
104,27,1
103,17,1
102,25,1
94,46,1
82,15,1
107,43,1
103,47,1
91,37,1
98,19,1
98,29,1
88,19,1
98,28,1
117,23,1
92,43,1
75,17,1
77,23,1
88,46,1
102,38,1
77,18,1
103,41,1
97,13,1
83,31,1
77,32,1
103,4,1
105,5,1
114,25,1
102,2,1
82,11,1
115,14,1
113,28,1
107,39,1
106,22,1
87,29,1
116,34,1
88,2,1
93,1,1
80,35,1
103,31,1
108,43,1
115,13,1
96,17,1
119,26,1
100,32,1
117,18,1
99,40,1
87,20,1
95,22,1
98,23,1
88,16,1
112,8,1
107,30,1
110,45,1
96,35,1
116,26,1
105,9,1
