35,6,0
20,48,0
22,22,0
23,37,0
14,44,0
20,1,0
6,22,0
19,39,0
45,16,0
16,29,0
28,7,0
36,6,0
43,36,0
29,1,0
20,25,0
13,34,0
41,25,0
39,15,0
2,22,0
13,28,0
32,20,0
40,23,0
24,28,0
38,30,0
28,27,0
23,32,0
36,42,0
34,9,0
35,41,0
11,38,0
17,30,0
32,41,0
23,44,0
31,19,0
36,37,0
43,38,0
15,5,0
20,26,0
7,20,0
49,27,0
36,34,0
39,29,0
29,40,0
31,33,0
23,26,0
27,7,0
27,12,0
11,11,0
23,48,0
9,38,0
20,49,0
42,39,0
35,9,0
27,16,0
18,31,0
37,32,0
31,10,0
14,25,0
45,20,0
22,48,0
26,39,0
26,40,0
25,2,0
1,18,0
28,27,0
41,27,0
21,48,0
30,29,0
47,17,0
36,39,0
28,46,0
14,17,0
28,49,0
5,36,0
5,12,0
38,31,0
45,28,0
24,38,0
44,39,0
43,24,0
18,49,0
22,33,0
44,37,0
17,9,0
11,29,0
34,8,0
32,5,0
23,41,0
42,19,0
18,45,0
37,43,0
32,38,0
40,44,0
14,25,0
29,7,0
2,18,0
39,23,0
42,23,0
35,33,0
10,25,0
41,12,0
49,32,0
48,34,0
34,14,0
14,35,0
42,20,0
13,34,0
17,11,0
39,28,0
41,21,0
39,38,0
12,23,0
25,17,0
16,7,0
30,39,0
46,33,0
40,14,0
22,33,0
36,38,0
28,12,0
34,31,0
22,27,0
11,31,0
42,15,0
49,19,0
23,17,0
9,22,0
18,10,0
20,47,0
45,21,0
36,28,0
34,15,0
48,31,0
28,18,0
28,5,0
20,30,0
41,43,0
27,21,0
30,20,0
43,13,0
38,26,0
31,4,0
28,32,0
7,40,0
41,12,0
10,43,0
16,42,0
23,35,0
40,18,0
7,35,0
27,21,0
26,32,0
32,23,0
22,15,0
16,6,0
11,12,0
2,18,0
44,29,0
27,12,0
24,8,0
31,6,0
31,40,0
41,22,0
19,29,0
32,23,0
21,39,0
47,31,0
15,38,0
38,12,0
30,1,0
38,20,0
24,5,0
26,17,0
22,30,0
21,34,0
32,44,0
4,32,0
28,7,0
27,37,0
33,26,0
34,38,0
12,13,0
41,15,0
38,46,0
27,49,0
33,43,0
27,29,0
43,35,0
17,29,0
23,18,0
41,38,0
22,26,0
27,9,0
12,42,0
46,18,0
20,8,0
25,7,0
42,34,0
7,27,0
45,36,0
33,3,0
25,35,0
9,19,0
35,7,0
26,20,0
28,12,0
32,33,0
28,38,0
16,32,0
30,7,0
17,14,0
4,17,0
8,28,0
14,4,0
25,50,0
37,11,0
26,29,0
32,6,0
1,32,0
39,32,0
16,2,0
25,25,0
29,49,0
22,31,0
32,24,0
14,34,0
4,27,0
5,22,0
1,21,0
25,26,0
17,33,0
26,4,0
37,34,0
38,29,0
27,23,0
47,36,0
24,43,0
33,34,0
38,4,0
5,32,0
23,33,0
20,9,0
14,5,0
49,18,0
24,19,0
21,2,0
23,22,0
38,14,0
22,17,0
20,31,0
113,38,1
112,22,1
84,18,1
88,9,1
116,20,1
89,17,1
104,30,1
74,31,1
96,1,1
89,24,1
114,14,1
117,23,1
112,33,1
102,15,1
88,21,1
83,9,1
100,23,1
84,31,1
115,40,1
86,5,1
116,33,1
96,38,1
101,7,1
98,18,1
118,29,1
94,2,1
111,15,1
105,3,1
74,23,1
104,42,1
114,10,1
75,14,1
84,46,1
111,12,1
106,22,1
100,33,1
92,31,1
94,48,1
79,9,1
84,7,1
97,24,1
105,35,1
110,11,1
82,7,1
81,9,1
111,17,1
110,17,1
90,34,1
76,29,1
111,18,1
98,16,1
113,17,1
91,4,1
95,17,1
82,45,1
76,10,1
73,30,1
104,20,1
112,24,1
90,30,1
108,34,1
82,41,1
109,9,1
92,27,1
92,7,1
81,23,1
97,28,1
116,16,1
115,32,1
86,40,1
115,30,1
73,21,1
89,8,1
110,27,1
87,4,1
83,42,1
110,16,1
108,21,1
78,10,1
108,42,1
87,26,1
81,30,1
90,23,1
102,23,1
76,9,1
88,23,1
87,38,1
82,9,1
114,40,1
111,7,1
81,16,1
114,37,1
110,9,1
81,24,1
105,25,1
90,45,1
95,23,1
102,28,1
107,35,1
93,25,1
79,8,1
73,26,1
110,27,1
103,25,1
95,1,1
99,46,1
110,35,1
74,21,1
105,43,1
96,42,1
94,40,1
77,13,1
97,1,1
104,35,1
94,25,1
84,25,1
93,48,1
94,30,1
80,44,1
87,38,1
88,35,1
87,42,1
96,34,1
91,25,1
92,30,1
97,25,1
85,43,1
89,29,1
99,18,1
83,5,1
80,17,1
106,16,1
84,16,1
74,15,1
76,18,1
101,9,1
117,21,1
88,39,1
99,35,1
76,15,1
100,8,1
110,35,1
76,13,1
112,40,1
104,27,1
71,32,1
80,33,1
88,32,1
114,24,1
109,33,1
94,39,1
107,22,1
94,16,1
84,27,1
85,41,1
91,29,1
96,8,1
94,28,1
98,31,1
96,20,1
80,15,1
111,32,1
97,32,1
89,38,1
110,37,1
110,9,1
76,13,1
88,6,1
104,16,1
100,25,1
99,38,1
96,28,1
112,36,1
87,31,1
73,36,1
114,21,1
110,5,1
96,35,1
85,5,1
88,45,1
91,38,1
74,20,1
108,5,1
97,18,1
77,11,1
86,14,1
89,2,1
81,17,1
73,31,1
80,36,1
96,13,1
101,13,1
113,39,1
109,31,1
73,25,1
82,7,1
99,39,1
75,35,1
78,34,1
97,12,1
84,5,1
94,17,1
73,22,1
101,15,1
97,7,1
117,18,1
84,32,1
87,45,1
86,36,1
112,38,1
80,9,1
88,29,1
76,22,1
97,42,1
116,29,1
118,24,1
104,26,1
109,15,1
92,36,1
118,27,1
118,31,1
87,27,1
116,29,1
115,35,1
83,24,1
103,34,1
83,24,1
103,5,1
90,9,1
115,38,1
114,20,1
91,39,1
89,20,1
80,6,1
105,5,1
72,16,1
83,36,1
88,36,1
103,25,1
110,38,1
111,34,1
95,10,1
104,13,1
93,26,1
103,5,1
93,7,1
87,33,1
94,15,1
74,24,1
78,14,1
