35,8,0
10,22,0
23,13,0
35,25,0
31,8,0
25,10,0
46,25,0
11,11,0
12,36,0
39,35,0
42,18,0
18,23,0
7,31,0
26,32,0
18,3,0
41,17,0
6,25,0
38,5,0
34,25,0
28,45,0
30,37,0
27,44,0
19,9,0
11,17,0
22,4,0
21,26,0
22,13,0
27,37,0
2,20,0
46,18,0
40,19,0
23,45,0
34,11,0
40,38,0
37,17,0
32,43,0
24,39,0
39,14,0
27,30,0
8,11,0
13,33,0
15,26,0
18,1,0
9,36,0
39,17,0
10,32,0
39,44,0
20,28,0
31,17,0
21,22,0
28,30,0
46,15,0
13,9,0
31,45,0
15,22,0
32,39,0
29,43,0
27,31,0
44,41,0
34,21,0
43,41,0
23,20,0
29,48,0
18,17,0
21,35,0
35,47,0
44,11,0
25,50,0
17,18,0
34,40,0
33,4,0
27,33,0
14,47,0
10,7,0
5,21,0
27,45,0
40,36,0
11,34,0
39,26,0
22,41,0
39,13,0
25,37,0
11,25,0
21,31,0
18,47,0
27,4,0
38,16,0
30,42,0
9,44,0
7,13,0
19,7,0
26,36,0
24,4,0
43,24,0
28,1,0
23,30,0
19,25,0
39,9,0
8,40,0
37,45,0
13,30,0
1,23,0
38,37,0
37,15,0
26,10,0
19,29,0
24,23,0
43,19,0
24,41,0
44,40,0
37,15,0
24,40,0
40,26,0
8,32,0
19,29,0
7,13,0
28,24,0
12,17,0
28,6,0
19,1,0
2,27,0
3,26,0
50,25,0
15,38,0
45,28,0
7,18,0
41,18,0
44,13,0
26,13,0
12,4,0
10,21,0
4,25,0
27,40,0
12,15,0
4,23,0
46,21,0
32,2,0
31,7,0
9,8,0
35,5,0
25,50,0
20,5,0
44,21,0
36,35,0
20,20,0
46,12,0
15,34,0
32,44,0
41,13,0
36,14,0
23,17,0
4,14,0
3,35,0
8,20,0
26,4,0
3,30,0
34,4,0
14,44,0
40,19,0
16,3,0
7,35,0
30,8,0
36,27,0
21,33,0
8,17,0
21,3,0
35,42,0
26,36,0
9,17,0
41,16,0
45,16,0
43,26,0
46,34,0
39,33,0
18,31,0
9,7,0
22,47,0
3,26,0
35,9,0
27,17,0
27,2,0
46,29,0
11,7,0
30,45,0
19,3,0
13,14,0
43,34,0
1,27,0
27,24,0
37,12,0
6,37,0
10,14,0
26,27,0
6,26,0
37,12,0
19,17,0
2,29,0
47,14,0
2,24,0
13,9,0
43,11,0
41,31,0
1,29,0
10,24,0
6,30,0
21,30,0
18,33,0
6,38,0
9,43,0
17,38,0
24,33,0
18,36,0
5,37,0
43,23,0
25,41,0
20,36,0
13,4,0
18,1,0
27,23,0
17,12,0
29,2,0
26,11,0
18,1,0
18,37,0
35,25,0
11,43,0
8,31,0
17,21,0
36,46,0
21,40,0
40,42,0
15,44,0
9,31,0
41,37,0
41,31,0
26,26,0
26,42,0
36,16,0
45,18,0
11,24,0
20,48,0
28,4,0
28,13,0
24,16,0
16,8,0
46,22,0
32,26,0
42,16,0
39,35,0
39,10,0
86,44,1
109,25,1
84,36,1
89,42,1
81,33,1
111,26,1
116,21,1
85,26,1
107,6,1
96,25,1
104,31,1
75,23,1
119,25,1
90,22,1
77,33,1
108,35,1
117,16,1
98,14,1
103,45,1
104,8,1
100,9,1
112,12,1
84,4,1
77,21,1
100,16,1
98,49,1
76,12,1
111,21,1
95,35,1
110,12,1
120,25,1
82,41,1
92,25,1
106,41,1
118,25,1
79,41,1
104,12,1
103,35,1
84,34,1
95,39,1
86,28,1
106,38,1
109,29,1
107,36,1
97,4,1
90,47,1
87,27,1
83,15,1
107,19,1
77,26,1
75,25,1
95,23,1
77,21,1
86,38,1
89,35,1
92,6,1
110,8,1
80,15,1
105,17,1
98,15,1
110,22,1
101,3,1
81,6,1
80,10,1
78,24,1
97,33,1
82,33,1
84,20,1
99,43,1
80,29,1
105,31,1
91,40,1
88,20,1
117,19,1
117,30,1
80,32,1
107,22,1
92,13,1
86,3,1
89,27,1
85,5,1
91,26,1
84,27,1
98,41,1
106,24,1
83,40,1
117,25,1
103,3,1
112,10,1
89,35,1
74,26,1
78,26,1
111,15,1
78,36,1
82,24,1
90,49,1
85,26,1
106,28,1
82,9,1
83,8,1
111,27,1
102,2,1
98,35,1
115,24,1
107,41,1
98,41,1
118,34,1
83,38,1
99,36,1
101,23,1
103,21,1
94,1,1
94,33,1
109,21,1
79,12,1
110,30,1
83,6,1
99,2,1
104,28,1
88,20,1
85,26,1
101,36,1
93,41,1
78,11,1
83,30,1
90,42,1
86,3,1
93,20,1
76,11,1
89,30,1
101,29,1
75,11,1
96,8,1
116,21,1
106,32,1
100,3,1
106,19,1
112,26,1
82,16,1
88,3,1
89,41,1
92,29,1
84,32,1
84,31,1
101,25,1
93,42,1
101,47,1
78,16,1
88,33,1
108,18,1
72,22,1
89,23,1
104,18,1
109,31,1
96,37,1
107,44,1
78,17,1
102,24,1
83,29,1
81,13,1
103,18,1
72,17,1
77,41,1
90,16,1
80,38,1
90,24,1
94,31,1
95,11,1
78,38,1
101,34,1
90,32,1
90,15,1
107,31,1
73,23,1
98,26,1
76,34,1
97,25,1
84,21,1
89,37,1
93,38,1
105,26,1
92,17,1
83,12,1
78,34,1
108,44,1
110,30,1
92,44,1
78,19,1
102,42,1
112,22,1
99,15,1
90,16,1
100,7,1
74,28,1
105,31,1
119,18,1
84,47,1
73,28,1
105,33,1
113,34,1
83,24,1
90,10,1
80,34,1
111,39,1
96,19,1
111,43,1
78,10,1
86,4,1
102,17,1
89,17,1
100,48,1
97,16,1
98,40,1
91,18,1
89,27,1
81,27,1
104,27,1
71,23,1
72,26,1
97,45,1
89,46,1
87,29,1
98,23,1
76,27,1
89,33,1
82,43,1
118,29,1
111,11,1
88,34,1
84,25,1
84,4,1
100,33,1
90,31,1
78,36,1
84,17,1
72,23,1
101,21,1
87,21,1
87,36,1
94,43,1
101,21,1
84,46,1
83,19,1
107,45,1
84,7,1
82,19,1
105,40,1
108,10,1
86,41,1
99,21,1
