21,15,0
16,44,0
35,7,0
16,6,0
8,30,0
29,7,0
23,9,0
45,29,0
41,44,0
7,42,0
4,19,0
28,34,0
15,23,0
9,13,0
39,6,0
37,20,0
31,8,0
42,8,0
21,43,0
28,5,0
20,33,0
20,5,0
30,21,0
11,24,0
12,13,0
8,12,0
29,29,0
43,26,0
44,34,0
17,7,0
22,37,0
20,44,0
12,13,0
9,40,0
29,42,0
14,3,0
0,25,0
36,29,0
11,24,0
16,20,0
38,40,0
29,21,0
48,27,0
24,20,0
24,14,0
40,38,0
41,14,0
14,26,0
35,18,0
11,41,0
14,8,0
31,4,0
38,28,0
16,29,0
19,17,0
12,44,0
15,44,0
9,11,0
36,11,0
44,27,0
28,23,0
8,12,0
11,13,0
4,28,0
1,29,0
32,18,0
13,28,0
34,20,0
25,14,0
10,9,0
34,29,0
19,9,0
18,5,0
49,30,0
24,3,0
23,22,0
16,37,0
1,28,0
43,32,0
33,30,0
31,37,0
45,30,0
33,14,0
42,22,0
3,36,0
10,24,0
22,3,0
6,28,0
20,22,0
26,1,0
41,42,0
18,40,0
40,45,0
26,40,0
14,46,0
16,6,0
22,21,0
18,26,0
24,12,0
24,10,0
46,28,0
8,28,0
27,35,0
34,10,0
10,41,0
41,40,0
49,31,0
36,26,0
5,40,0
25,41,0
32,14,0
34,4,0
37,17,0
36,7,0
12,27,0
39,23,0
46,31,0
25,22,0
33,40,0
5,36,0
31,48,0
36,3,0
44,16,0
49,27,0
33,24,0
5,39,0
32,41,0
45,35,0
42,33,0
17,25,0
17,44,0
19,49,0
31,11,0
21,24,0
1,20,0
22,30,0
32,12,0
14,42,0
25,45,0
39,20,0
7,31,0
28,11,0
9,18,0
12,11,0
25,45,0
15,9,0
20,27,0
10,13,0
23,32,0
45,39,0
18,47,0
45,29,0
32,23,0
24,4,0
6,36,0
43,36,0
19,34,0
8,17,0
40,5,0
32,43,0
39,42,0
45,21,0
36,3,0
23,22,0
39,37,0
42,23,0
36,27,0
5,18,0
4,30,0
34,10,0
26,8,0
17,21,0
34,39,0
41,24,0
40,39,0
39,33,0
10,43,0
2,18,0
12,18,0
37,4,0
13,24,0
17,38,0
31,15,0
39,24,0
28,22,0
40,21,0
47,31,0
12,30,0
22,3,0
4,23,0
12,46,0
48,17,0
16,15,0
10,42,0
27,2,0
44,10,0
39,11,0
36,12,0
18,12,0
8,33,0
44,38,0
37,4,0
25,14,0
36,31,0
7,27,0
34,36,0
40,16,0
8,31,0
20,19,0
17,33,0
33,45,0
17,46,0
46,15,0
45,10,0
29,11,0
16,9,0
14,9,0
47,14,0
10,30,0
7,11,0
18,6,0
43,38,0
38,41,0
41,11,0
11,33,0
15,15,0
31,33,0
27,28,0
30,40,0
34,23,0
9,26,0
10,8,0
20,8,0
31,4,0
5,15,0
46,20,0
19,47,0
31,11,0
24,48,0
13,43,0
8,15,0
23,2,0
13,20,0
1,25,0
25,47,0
16,27,0
33,17,0
30,43,0
24,1,0
24,36,0
90,6,1
99,8,1
99,6,1
71,25,1
114,41,1
93,47,1
116,36,1
101,41,1
98,12,1
106,39,1
116,36,1
76,21,1
97,36,1
87,36,1
80,38,1
100,23,1
112,27,1
103,9,1
73,15,1
91,46,1
99,21,1
102,7,1
105,7,1
97,27,1
106,7,1
81,45,1
80,26,1
74,25,1
84,11,1
101,3,1
111,43,1
110,16,1
94,17,1
109,10,1
83,36,1
91,9,1
87,24,1
79,19,1
104,23,1
94,44,1
74,13,1
115,21,1
108,22,1
89,6,1
79,17,1
97,10,1
84,13,1
82,46,1
101,43,1
95,9,1
84,26,1
106,40,1
110,40,1
83,20,1
104,12,1
83,15,1
94,27,1
74,26,1
103,13,1
91,16,1
113,11,1
88,12,1
92,23,1
103,4,1
113,26,1
78,23,1
111,39,1
99,17,1
92,49,1
77,22,1
106,8,1
81,33,1
95,5,1
115,11,1
110,26,1
96,42,1
119,22,1
89,16,1
88,29,1
82,19,1
84,45,1
112,13,1
107,24,1
97,41,1
116,27,1
103,35,1
100,33,1
77,27,1
75,20,1
113,36,1
103,9,1
112,24,1
93,21,1
112,25,1
97,12,1
115,39,1
74,13,1
95,34,1
100,6,1
99,48,1
109,30,1
103,46,1
111,20,1
99,42,1
76,29,1
92,39,1
111,43,1
106,30,1
99,39,1
98,19,1
115,13,1
106,38,1
94,12,1
111,43,1
75,28,1
86,4,1
111,7,1
85,8,1
83,41,1
101,42,1
98,49,1
100,19,1
72,34,1
84,25,1
76,26,1
119,24,1
84,38,1
95,2,1
74,38,1
103,16,1
93,2,1
93,38,1
99,47,1
81,28,1
99,35,1
86,11,1
108,39,1
93,35,1
100,44,1
119,19,1
108,5,1
94,29,1
101,10,1
99,7,1
103,4,1
99,3,1
109,22,1
112,11,1
102,8,1
103,24,1
106,32,1
80,7,1
79,22,1
97,41,1
83,38,1
106,19,1
79,31,1
79,33,1
107,12,1
93,14,1
98,15,1
80,34,1
82,10,1
109,38,1
96,33,1
119,31,1
99,22,1
114,15,1
89,27,1
94,34,1
110,35,1
84,3,1
82,11,1
103,14,1
73,33,1
103,37,1
113,20,1
116,32,1
100,45,1
74,25,1
85,10,1
94,36,1
112,23,1
100,12,1
71,25,1
113,16,1
78,38,1
82,35,1
105,27,1
71,18,1
116,31,1
85,43,1
105,37,1
90,31,1
93,31,1
91,10,1
102,31,1
108,22,1
84,25,1
94,47,1
81,31,1
95,41,1
113,17,1
107,17,1
86,2,1
97,6,1
118,28,1
107,36,1
92,15,1
81,45,1
86,21,1
78,28,1
104,6,1
78,16,1
95,2,1
90,21,1
85,32,1
118,30,1
78,25,1
85,21,1
88,30,1
116,34,1
116,24,1
74,21,1
85,45,1
92,11,1
88,12,1
102,10,1
115,35,1
95,44,1
107,6,1
92,47,1
95,18,1
98,34,1
87,23,1
108,24,1
116,15,1
111,10,1
90,13,1
104,17,1
106,8,1
84,34,1
76,13,1
88,46,1
98,27,1
79,40,1
92,23,1
82,13,1
111,27,1
101,40,1
