1,32,0
48,25,0
27,9,0
21,1,0
39,12,0
32,1,0
31,6,0
42,33,0
47,24,0
25,45,0
23,38,0
40,10,0
41,10,0
36,17,0
26,6,0
24,21,0
12,22,0
26,21,0
23,15,0
18,12,0
21,9,0
13,40,0
31,27,0
18,2,0
6,26,0
18,37,0
28,20,0
10,21,0
9,39,0
14,22,0
31,43,0
4,19,0
40,43,0
45,16,0
46,25,0
12,45,0
19,1,0
33,13,0
17,27,0
22,30,0
16,5,0
12,30,0
35,41,0
33,36,0
14,12,0
20,17,0
47,24,0
42,21,0
39,19,0
29,8,0
42,32,0
19,40,0
46,38,0
37,14,0
6,40,0
7,22,0
20,20,0
38,13,0
13,8,0
20,3,0
19,45,0
9,22,0
26,28,0
41,20,0
47,34,0
27,49,0
36,11,0
23,47,0
33,14,0
18,48,0
31,46,0
41,44,0
2,26,0
26,20,0
9,38,0
6,34,0
45,20,0
33,10,0
5,29,0
25,38,0
39,44,0
12,14,0
32,31,0
32,35,0
32,12,0
18,5,0
35,34,0
23,15,0
30,32,0
35,30,0
17,16,0
3,23,0
37,21,0
12,9,0
35,44,0
21,40,0
16,36,0
19,25,0
22,1,0
23,39,0
22,41,0
30,20,0
19,28,0
20,7,0
15,16,0
45,35,0
36,23,0
31,33,0
12,28,0
20,45,0
15,39,0
33,23,0
38,13,0
10,10,0
37,35,0
35,20,0
46,26,0
48,32,0
39,42,0
15,42,0
34,13,0
27,34,0
18,9,0
25,17,0
23,11,0
1,19,0
31,13,0
3,30,0
21,38,0
23,26,0
29,6,0
20,1,0
29,46,0
19,44,0
40,40,0
23,41,0
32,19,0
29,43,0
24,36,0
23,8,0
40,32,0
42,43,0
22,49,0
34,44,0
37,9,0
26,29,0
14,10,0
36,13,0
15,41,0
48,34,0
34,17,0
5,28,0
19,4,0
16,42,0
42,36,0
36,11,0
26,5,0
38,38,0
27,45,0
24,45,0
20,13,0
24,47,0
3,28,0
48,20,0
11,31,0
38,36,0
31,9,0
6,38,0
37,13,0
34,22,0
47,31,0
12,4,0
21,49,0
32,6,0
13,29,0
27,40,0
35,38,0
9,28,0
11,31,0
23,32,0
5,39,0
32,13,0
29,31,0
37,30,0
19,18,0
45,21,0
32,23,0
42,10,0
32,44,0
20,10,0
36,4,0
39,35,0
29,48,0
26,2,0
36,17,0
24,15,0
34,10,0
20,37,0
27,46,0
22,22,0
35,23,0
32,8,0
42,15,0
48,28,0
6,41,0
11,27,0
48,30,0
22,15,0
27,21,0
14,29,0
11,15,0
26,16,0
37,29,0
3,33,0
9,23,0
1,26,0
1,27,0
31,3,0
35,19,0
36,26,0
46,36,0
26,21,0
4,19,0
30,24,0
15,30,0
6,33,0
23,3,0
15,27,0
41,32,0
29,49,0
13,4,0
3,17,0
24,16,0
5,21,0
33,48,0
26,8,0
17,32,0
48,28,0
18,34,0
12,24,0
16,47,0
7,29,0
20,26,0
21,24,0
34,25,0
1,29,0
28,20,0
41,37,0
6,10,0
43,23,0
85,27,1
69,39,1
87,43,1
75,37,1
90,28,1
81,38,1
100,7,1
91,35,1
76,32,1
70,32,1
69,39,1
85,9,1
82,44,1
77,48,1
68,20,1
107,16,1
82,30,1
101,32,1
106,35,1
102,39,1
78,36,1
64,27,1
93,44,1
64,38,1
86,11,1
92,10,1
91,48,1
90,37,1
99,10,1
89,18,1
95,7,1
92,9,1
74,8,1
66,24,1
83,4,1
99,32,1
79,31,1
101,27,1
100,40,1
83,37,1
87,14,1
66,16,1
89,25,1
102,15,1
83,38,1
98,4,1
78,43,1
105,25,1
108,25,1
100,9,1
71,29,1
72,20,1
83,38,1
95,8,1
94,32,1
78,29,1
77,25,1
78,7,1
105,32,1
97,6,1
98,10,1
86,18,1
106,22,1
91,43,1
79,49,1
71,23,1
70,28,1
71,26,1
75,3,1
77,26,1
103,26,1
93,28,1
80,1,1
98,35,1
89,49,1
78,42,1
66,32,1
103,17,1
86,38,1
66,27,1
98,25,1
96,9,1
76,30,1
93,39,1
89,35,1
80,13,1
83,7,1
68,31,1
87,1,1
90,10,1
89,32,1
76,15,1
68,23,1
87,36,1
82,25,1
64,22,1
109,26,1
106,21,1
106,15,1
61,20,1
65,31,1
78,37,1
71,22,1
104,34,1
71,7,1
108,20,1
96,5,1
79,36,1
89,39,1
91,36,1
62,24,1
77,10,1
98,40,1
88,13,1
106,33,1
103,9,1
70,28,1
77,23,1
109,19,1
94,3,1
103,19,1
100,15,1
81,15,1
107,15,1
86,40,1
78,10,1
91,31,1
99,13,1
65,34,1
94,33,1
68,42,1
93,19,1
94,18,1
83,24,1
71,16,1
99,8,1
87,10,1
98,33,1
104,32,1
87,38,1
91,24,1
91,6,1
69,38,1
78,32,1
69,37,1
106,19,1
65,31,1
69,15,1
78,3,1
70,14,1
77,10,1
93,30,1
97,8,1
88,36,1
92,13,1
77,16,1
64,32,1
91,15,1
88,7,1
82,35,1
81,37,1
96,12,1
77,15,1
98,9,1
103,37,1
80,49,1
86,13,1
100,45,1
105,33,1
76,20,1
79,3,1
75,47,1
79,49,1
89,44,1
75,40,1
84,12,1
64,36,1
102,42,1
76,30,1
82,11,1
78,27,1
81,45,1
97,43,1
85,46,1
102,26,1
85,22,1
94,16,1
78,14,1
81,45,1
84,39,1
69,8,1
101,16,1
92,34,1
102,20,1
88,21,1
64,14,1
103,35,1
78,44,1
81,27,1
101,43,1
63,27,1
74,6,1
68,32,1
106,18,1
83,17,1
105,37,1
85,30,1
83,40,1
96,27,1
81,29,1
61,21,1
72,26,1
91,42,1
66,18,1
92,30,1
99,26,1
88,46,1
75,38,1
105,24,1
74,14,1
93,11,1
61,21,1
69,30,1
100,19,1
93,5,1
88,24,1
63,35,1
102,7,1
69,31,1
83,18,1
104,15,1
105,27,1
88,27,1
100,16,1
97,36,1
82,18,1
73,38,1
80,1,1
78,45,1
72,14,1
67,23,1
83,33,1
74,34,1
104,34,1
103,37,1
98,22,1
79,25,1
101,23,1
95,7,1
96,6,1
