24,43,0
20,41,0
20,27,0
48,33,0
19,45,0
2,34,0
25,7,0
21,1,0
33,4,0
40,7,0
27,2,0
39,31,0
49,25,0
13,8,0
25,14,0
21,28,0
43,12,0
42,17,0
21,9,0
37,46,0
16,12,0
34,21,0
43,40,0
8,43,0
20,48,0
26,26,0
41,6,0
48,34,0
29,47,0
6,14,0
42,41,0
10,11,0
35,10,0
40,43,0
25,3,0
35,11,0
46,17,0
6,11,0
39,22,0
44,20,0
38,22,0
36,39,0
23,18,0
26,49,0
47,28,0
42,27,0
30,22,0
22,22,0
20,27,0
21,3,0
28,29,0
27,22,0
19,35,0
33,31,0
21,26,0
37,45,0
31,9,0
27,7,0
44,39,0
41,19,0
17,21,0
38,27,0
3,21,0
4,35,0
45,16,0
28,30,0
30,21,0
30,43,0
1,32,0
7,39,0
36,33,0
46,13,0
15,32,0
7,21,0
25,48,0
24,39,0
31,37,0
16,13,0
27,11,0
49,32,0
25,40,0
19,37,0
33,36,0
14,18,0
29,7,0
37,19,0
15,35,0
43,11,0
24,46,0
11,5,0
20,21,0
6,35,0
30,38,0
25,16,0
12,27,0
23,17,0
40,21,0
21,36,0
39,43,0
2,16,0
1,27,0
28,33,0
33,16,0
34,20,0
25,29,0
40,24,0
30,35,0
14,36,0
8,12,0
3,31,0
23,5,0
11,13,0
10,18,0
8,11,0
27,49,0
32,1,0
35,35,0
18,24,0
40,16,0
15,31,0
44,29,0
28,10,0
38,34,0
27,43,0
28,24,0
24,28,0
6,28,0
37,24,0
41,38,0
4,27,0
45,24,0
8,28,0
42,36,0
31,2,0
23,32,0
32,16,0
30,18,0
7,33,0
25,0,0
42,30,0
24,12,0
13,11,0
35,45,0
13,10,0
27,10,0
37,15,0
20,4,0
39,28,0
5,20,0
24,14,0
11,22,0
29,39,0
30,8,0
36,6,0
22,25,0
8,33,0
38,23,0
16,42,0
37,11,0
39,31,0
25,28,0
23,33,0
14,9,0
30,18,0
28,48,0
37,39,0
23,7,0
27,38,0
39,21,0
29,19,0
1,19,0
43,25,0
16,26,0
21,43,0
11,34,0
32,42,0
31,8,0
31,40,0
27,1,0
22,20,0
30,11,0
34,20,0
17,45,0
13,42,0
36,47,0
28,24,0
6,41,0
43,12,0
43,19,0
33,19,0
34,10,0
14,24,0
25,19,0
35,35,0
3,18,0
10,5,0
28,28,0
30,32,0
24,1,0
30,42,0
23,19,0
27,43,0
9,36,0
14,6,0
18,30,0
48,34,0
35,19,0
18,41,0
32,32,0
39,40,0
39,15,0
46,21,0
41,12,0
26,40,0
26,32,0
24,21,0
23,33,0
21,49,0
21,27,0
21,4,0
25,49,0
38,46,0
31,47,0
9,6,0
44,14,0
48,17,0
27,27,0
43,41,0
28,16,0
14,16,0
23,37,0
34,4,0
7,42,0
36,27,0
45,40,0
18,37,0
8,20,0
33,35,0
35,12,0
32,33,0
29,34,0
25,36,0
36,27,0
19,38,0
15,19,0
17,3,0
43,16,0
30,29,0
21,44,0
7,37,0
76,7,1
77,31,1
96,12,1
99,25,1
105,26,1
64,16,1
63,24,1
68,15,1
74,14,1
69,25,1
69,40,1
61,30,1
81,34,1
91,25,1
82,21,1
104,11,1
75,7,1
72,6,1
91,4,1
70,21,1
82,44,1
63,26,1
88,21,1
65,26,1
66,20,1
72,34,1
93,39,1
64,36,1
96,11,1
82,21,1
99,16,1
100,38,1
84,18,1
80,17,1
83,20,1
78,43,1
96,21,1
81,12,1
93,27,1
66,29,1
89,29,1
89,18,1
70,28,1
99,19,1
70,37,1
101,42,1
81,38,1
102,20,1
92,5,1
76,16,1
77,32,1
70,18,1
105,26,1
96,33,1
92,44,1
70,7,1
92,37,1
100,7,1
65,20,1
98,39,1
101,26,1
70,7,1
73,31,1
81,21,1
98,31,1
93,9,1
98,39,1
100,38,1
86,5,1
89,34,1
69,29,1
81,13,1
81,46,1
73,30,1
99,18,1
63,14,1
91,5,1
69,22,1
72,15,1
90,33,1
85,48,1
104,31,1
92,29,1
92,2,1
88,31,1
80,7,1
103,21,1
97,29,1
84,6,1
104,13,1
84,46,1
98,16,1
98,22,1
104,31,1
96,45,1
95,45,1
89,24,1
63,28,1
95,40,1
101,6,1
105,21,1
68,14,1
99,11,1
92,41,1
70,25,1
73,35,1
87,22,1
85,45,1
76,47,1
94,21,1
89,26,1
74,11,1
95,10,1
86,41,1
90,18,1
65,30,1
102,12,1
79,30,1
78,15,1
80,44,1
76,13,1
87,27,1
82,5,1
107,28,1
103,8,1
62,28,1
93,45,1
74,43,1
80,29,1
102,34,1
78,1,1
94,4,1
89,28,1
85,30,1
96,3,1
107,26,1
96,28,1
62,28,1
80,20,1
88,24,1
89,48,1
78,32,1
88,23,1
89,16,1
85,18,1
64,23,1
102,14,1
84,24,1
86,16,1
82,42,1
63,34,1
96,31,1
70,25,1
69,30,1
83,40,1
69,34,1
80,5,1
81,34,1
82,12,1
108,24,1
83,14,1
68,25,1
101,20,1
83,21,1
82,44,1
76,46,1
81,14,1
91,44,1
105,34,1
103,11,1
91,13,1
106,38,1
68,31,1
77,44,1
101,26,1
93,13,1
106,17,1
92,49,1
78,46,1
68,33,1
97,5,1
61,27,1
65,17,1
101,35,1
70,10,1
63,18,1
92,4,1
103,10,1
66,25,1
76,47,1
102,21,1
81,13,1
106,22,1
79,21,1
73,35,1
90,6,1
67,38,1
94,38,1
89,45,1
101,17,1
62,21,1
61,24,1
72,39,1
93,32,1
76,24,1
88,18,1
84,1,1
74,41,1
91,44,1
95,4,1
99,6,1
92,26,1
78,24,1
99,16,1
102,33,1
69,38,1
108,16,1
98,21,1
93,21,1
91,8,1
107,22,1
100,34,1
67,33,1
96,47,1
102,37,1
75,16,1
78,14,1
106,23,1
66,29,1
97,25,1
79,29,1
101,15,1
77,35,1
72,45,1
81,47,1
103,29,1
79,49,1
96,22,1
91,31,1
76,10,1
73,29,1
104,15,1
76,38,1
68,21,1
75,14,1
86,24,1
95,38,1
84,46,1
83,36,1
92,5,1
