14,42,0
24,39,0
21,6,0
23,44,0
45,16,0
9,25,0
14,32,0
21,19,0
45,35,0
17,34,0
29,20,0
17,17,0
39,38,0
22,8,0
31,16,0
47,31,0
8,30,0
18,47,0
48,30,0
7,40,0
41,38,0
27,46,0
22,17,0
32,24,0
18,36,0
21,35,0
27,23,0
21,33,0
12,16,0
28,30,0
14,41,0
29,17,0
10,19,0
23,29,0
9,35,0
14,22,0
6,14,0
12,13,0
9,29,0
34,22,0
27,5,0
10,16,0
7,36,0
20,9,0
20,13,0
23,6,0
10,9,0
32,40,0
40,31,0
14,41,0
41,43,0
19,45,0
15,46,0
47,30,0
18,11,0
9,11,0
18,14,0
7,12,0
16,24,0
13,40,0
18,14,0
33,47,0
16,5,0
17,5,0
33,26,0
36,46,0
13,15,0
20,48,0
32,2,0
49,32,0
35,16,0
42,42,0
11,32,0
4,21,0
19,25,0
21,34,0
15,47,0
17,31,0
22,38,0
10,18,0
33,10,0
18,20,0
2,22,0
30,37,0
25,17,0
26,14,0
37,23,0
14,18,0
33,43,0
34,33,0
30,40,0
13,5,0
43,19,0
33,34,0
33,5,0
18,1,0
12,22,0
22,23,0
16,15,0
34,12,0
10,27,0
34,45,0
32,33,0
24,42,0
43,19,0
18,21,0
9,6,0
33,37,0
14,39,0
22,47,0
19,3,0
25,33,0
10,25,0
14,26,0
14,43,0
11,30,0
36,14,0
17,23,0
5,24,0
29,29,0
16,8,0
9,9,0
31,8,0
16,43,0
19,33,0
32,17,0
6,31,0
6,17,0
38,6,0
27,8,0
20,37,0
11,12,0
23,9,0
10,27,0
12,24,0
9,23,0
32,38,0
12,27,0
34,46,0
26,35,0
23,28,0
27,13,0
20,37,0
32,48,0
10,43,0
9,8,0
9,15,0
15,9,0
37,25,0
9,7,0
32,44,0
25,1,0
3,14,0
36,40,0
30,35,0
8,22,0
31,14,0
44,27,0
12,24,0
15,17,0
35,38,0
8,15,0
13,8,0
5,17,0
36,6,0
5,28,0
16,10,0
27,1,0
16,42,0
42,24,0
32,37,0
31,13,0
13,23,0
36,39,0
5,24,0
20,2,0
14,32,0
5,22,0
44,38,0
7,39,0
4,36,0
5,10,0
11,43,0
30,7,0
21,29,0
22,16,0
35,37,0
23,13,0
32,36,0
39,20,0
24,39,0
36,32,0
28,23,0
38,31,0
11,42,0
20,8,0
44,37,0
34,42,0
20,18,0
15,11,0
10,28,0
2,30,0
40,44,0
38,41,0
26,39,0
42,20,0
45,31,0
32,48,0
37,11,0
46,34,0
33,4,0
10,23,0
34,2,0
24,27,0
15,25,0
37,37,0
29,15,0
11,18,0
29,4,0
23,18,0
1,32,0
22,25,0
7,37,0
20,49,0
26,45,0
30,47,0
16,38,0
19,7,0
21,11,0
47,17,0
30,46,0
31,35,0
33,15,0
24,25,0
15,20,0
27,26,0
37,5,0
44,38,0
31,38,0
45,36,0
19,32,0
28,40,0
24,1,0
40,23,0
29,19,0
45,27,0
36,36,0
19,23,0
29,31,0
15,47,0
63,18,1
66,7,1
92,23,1
56,12,1
86,31,1
83,4,1
58,28,1
66,26,1
62,22,1
66,18,1
82,22,1
83,11,1
62,41,1
87,6,1
85,22,1
63,44,1
74,23,1
88,27,1
55,22,1
86,34,1
67,17,1
72,30,1
68,41,1
92,27,1
52,21,1
93,35,1
84,15,1
91,26,1
64,32,1
84,13,1
65,7,1
63,9,1
52,24,1
83,41,1
59,43,1
57,31,1
60,5,1
85,34,1
53,24,1
55,22,1
91,19,1
65,47,1
98,24,1
84,8,1
66,34,1
59,18,1
92,34,1
84,37,1
80,7,1
73,15,1
55,15,1
70,18,1
64,14,1
75,14,1
70,22,1
81,49,1
96,27,1
72,1,1
71,12,1
78,23,1
73,26,1
74,46,1
56,27,1
88,24,1
61,23,1
64,41,1
86,41,1
93,18,1
56,33,1
76,47,1
86,34,1
76,36,1
76,41,1
85,28,1
67,39,1
64,33,1
64,17,1
68,16,1
87,45,1
56,32,1
74,22,1
63,45,1
85,24,1
69,27,1
93,19,1
65,28,1
79,46,1
51,32,1
51,21,1
66,20,1
82,12,1
69,7,1
85,22,1
64,30,1
81,13,1
93,34,1
87,15,1
62,25,1
51,22,1
70,23,1
80,43,1
62,41,1
66,21,1
70,31,1
91,12,1
78,24,1
93,41,1
95,28,1
54,14,1
75,47,1
57,29,1
92,14,1
67,20,1
82,2,1
79,44,1
86,34,1
78,38,1
78,4,1
74,43,1
78,1,1
95,31,1
83,41,1
76,38,1
59,35,1
93,9,1
86,7,1
82,8,1
61,33,1
58,43,1
98,22,1
58,43,1
63,35,1
87,9,1
97,21,1
81,29,1
87,37,1
81,17,1
70,30,1
70,40,1
65,24,1
70,11,1
69,21,1
91,37,1
81,44,1
68,6,1
70,41,1
90,11,1
80,15,1
78,3,1
56,35,1
61,41,1
69,36,1
80,2,1
56,26,1
69,33,1
70,15,1
62,43,1
99,30,1
83,36,1
88,40,1
53,19,1
72,19,1
79,35,1
80,6,1
58,42,1
97,22,1
64,15,1
65,31,1
76,42,1
90,28,1
58,12,1
84,29,1
80,18,1
67,25,1
80,37,1
57,42,1
70,18,1
92,7,1
98,24,1
86,17,1
82,24,1
60,43,1
79,4,1
61,10,1
72,22,1
67,15,1
82,20,1
55,23,1
51,27,1
76,21,1
60,26,1
70,46,1
78,34,1
54,24,1
92,19,1
78,27,1
70,8,1
74,48,1
67,31,1
79,33,1
94,27,1
95,39,1
61,18,1
52,23,1
83,3,1
75,7,1
58,10,1
68,48,1
86,17,1
72,24,1
75,20,1
78,1,1
53,26,1
67,36,1
69,10,1
87,32,1
72,20,1
70,31,1
62,24,1
90,32,1
65,6,1
56,38,1
69,31,1
59,27,1
80,5,1
52,32,1
92,24,1
87,41,1
72,17,1
79,20,1
83,28,1
80,48,1
52,28,1
64,32,1
57,21,1
72,28,1
72,16,1
68,7,1
85,13,1
87,6,1
71,32,1
90,25,1
82,30,1
69,33,1
74,6,1
64,3,1
84,17,1
77,31,1
88,37,1
78,4,1
