10,14,0
23,6,0
48,32,0
41,25,0
40,45,0
7,32,0
26,44,0
29,5,0
43,10,0
7,25,0
7,11,0
25,21,0
27,16,0
31,10,0
33,42,0
4,37,0
43,14,0
5,24,0
11,8,0
10,26,0
4,22,0
46,26,0
26,40,0
15,22,0
46,15,0
46,27,0
25,13,0
39,8,0
39,39,0
20,30,0
19,8,0
47,16,0
28,24,0
12,19,0
23,31,0
24,40,0
42,8,0
13,17,0
21,10,0
40,44,0
29,3,0
10,38,0
18,24,0
21,10,0
16,33,0
14,29,0
46,15,0
27,32,0
38,20,0
47,18,0
20,34,0
36,9,0
44,20,0
39,14,0
22,2,0
34,27,0
36,45,0
9,25,0
30,1,0
45,32,0
28,1,0
30,44,0
4,27,0
42,18,0
37,11,0
16,47,0
20,13,0
7,26,0
4,33,0
7,13,0
43,10,0
32,43,0
36,38,0
21,26,0
18,42,0
24,37,0
9,9,0
9,20,0
38,18,0
12,27,0
21,18,0
24,6,0
37,40,0
31,21,0
12,41,0
7,32,0
30,29,0
46,34,0
40,21,0
11,44,0
40,19,0
49,24,0
33,29,0
20,6,0
14,23,0
31,43,0
28,32,0
10,5,0
28,7,0
37,9,0
43,17,0
28,18,0
29,27,0
20,1,0
28,44,0
44,20,0
30,18,0
38,41,0
7,17,0
5,27,0
37,4,0
40,27,0
48,33,0
19,48,0
41,13,0
20,49,0
36,37,0
4,13,0
27,10,0
12,6,0
38,14,0
21,23,0
8,28,0
17,47,0
3,26,0
38,4,0
48,27,0
16,40,0
38,15,0
13,15,0
28,12,0
5,28,0
6,15,0
32,38,0
9,20,0
5,20,0
30,32,0
39,29,0
37,14,0
8,24,0
18,28,0
29,12,0
42,17,0
41,44,0
46,29,0
48,17,0
14,36,0
20,20,0
11,12,0
17,39,0
6,40,0
40,10,0
42,28,0
42,21,0
42,20,0
32,35,0
27,13,0
50,25,0
13,33,0
30,33,0
47,17,0
13,4,0
10,33,0
4,38,0
27,36,0
14,37,0
28,14,0
32,48,0
33,15,0
8,32,0
20,10,0
44,23,0
14,42,0
2,28,0
42,21,0
37,19,0
33,3,0
23,1,0
34,20,0
3,22,0
29,5,0
16,18,0
14,20,0
37,29,0
38,6,0
1,29,0
10,26,0
47,16,0
19,19,0
30,20,0
15,36,0
30,32,0
28,1,0
14,39,0
47,30,0
42,43,0
29,49,0
42,31,0
22,27,0
13,21,0
30,36,0
46,31,0
45,26,0
25,9,0
29,27,0
33,36,0
34,5,0
24,31,0
24,42,0
16,35,0
44,29,0
45,18,0
10,17,0
14,9,0
8,33,0
4,32,0
20,26,0
35,44,0
5,32,0
28,26,0
38,7,0
39,43,0
36,12,0
3,29,0
10,25,0
43,42,0
21,35,0
10,36,0
44,39,0
4,29,0
6,22,0
1,20,0
20,13,0
36,43,0
5,38,0
7,13,0
25,35,0
36,17,0
20,7,0
22,2,0
25,29,0
12,4,0
20,7,0
31,42,0
13,36,0
33,15,0
9,6,0
24,45,0
32,36,0
13,17,0
81,44,1
96,33,1
93,37,1
59,25,1
78,1,1
87,26,1
71,32,1
71,16,1
74,35,1
63,30,1
57,38,1
55,10,1
89,31,1
69,32,1
79,24,1
55,32,1
93,29,1
72,14,1
85,3,1
76,27,1
96,35,1
59,41,1
95,22,1
83,17,1
58,9,1
72,27,1
65,5,1
71,48,1
73,27,1
86,3,1
57,12,1
97,33,1
56,37,1
73,23,1
58,26,1
93,15,1
78,14,1
77,47,1
55,21,1
72,40,1
93,22,1
68,9,1
80,2,1
52,20,1
78,43,1
79,45,1
58,32,1
72,6,1
60,41,1
59,36,1
88,5,1
94,39,1
63,39,1
81,32,1
79,43,1
86,26,1
87,18,1
66,35,1
56,15,1
88,39,1
60,27,1
81,23,1
68,45,1
89,39,1
89,13,1
63,37,1
79,3,1
85,4,1
70,44,1
96,36,1
66,29,1
73,28,1
73,6,1
96,24,1
87,34,1
57,13,1
65,4,1
94,27,1
54,36,1
79,3,1
87,16,1
96,22,1
77,11,1
76,45,1
83,19,1
65,24,1
66,15,1
66,37,1
54,37,1
91,9,1
67,8,1
55,28,1
77,17,1
58,30,1
78,22,1
80,17,1
87,39,1
82,23,1
90,16,1
75,46,1
82,1,1
64,15,1
83,33,1
77,42,1
53,22,1
65,27,1
62,31,1
57,34,1
85,3,1
56,35,1
97,19,1
72,6,1
94,16,1
81,10,1
74,31,1
91,26,1
81,17,1
65,41,1
63,5,1
56,41,1
83,17,1
68,3,1
77,15,1
62,25,1
66,4,1
89,28,1
55,13,1
72,14,1
65,34,1
78,41,1
90,14,1
78,37,1
90,16,1
68,41,1
76,13,1
72,8,1
82,47,1
66,6,1
82,41,1
69,9,1
86,30,1
94,22,1
88,23,1
82,17,1
55,32,1
68,32,1
62,22,1
61,11,1
64,15,1
63,29,1
72,10,1
54,36,1
55,18,1
92,40,1
99,30,1
69,25,1
55,32,1
66,23,1
73,26,1
72,8,1
93,25,1
54,13,1
55,37,1
66,28,1
88,45,1
64,13,1
65,36,1
65,22,1
57,29,1
84,26,1
79,1,1
77,3,1
80,4,1
76,12,1
75,15,1
81,36,1
68,10,1
58,26,1
68,38,1
78,6,1
55,37,1
64,5,1
74,38,1
58,19,1
84,46,1
79,35,1
85,16,1
70,2,1
73,30,1
61,13,1
89,19,1
62,42,1
64,18,1
90,25,1
73,29,1
91,7,1
68,11,1
76,28,1
98,16,1
93,41,1
93,35,1
62,34,1
76,21,1
55,11,1
54,23,1
72,44,1
87,16,1
60,19,1
83,4,1
81,36,1
96,14,1
93,23,1
76,37,1
59,31,1
62,38,1
70,28,1
76,18,1
79,25,1
70,45,1
64,4,1
77,10,1
75,2,1
54,23,1
81,46,1
69,39,1
96,28,1
63,35,1
70,6,1
77,35,1
68,16,1
76,34,1
64,39,1
75,1,1
68,9,1
55,13,1
54,16,1
71,29,1
95,18,1
96,36,1
81,11,1
69,2,1
98,18,1
61,10,1
63,7,1
96,29,1
52,17,1
58,27,1
80,8,1
74,15,1
66,16,1
