11,34,0
5,18,0
46,27,0
40,12,0
37,36,0
13,8,0
32,47,0
9,27,0
38,34,0
30,27,0
41,39,0
12,43,0
29,41,0
44,11,0
46,15,0
43,21,0
12,34,0
5,22,0
15,9,0
9,35,0
21,14,0
40,25,0
10,23,0
2,28,0
4,29,0
8,34,0
25,29,0
20,10,0
15,38,0
24,9,0
45,23,0
35,11,0
13,10,0
19,2,0
26,36,0
45,21,0
31,47,0
13,33,0
45,13,0
36,21,0
25,37,0
6,27,0
29,10,0
20,9,0
9,39,0
1,22,0
18,14,0
34,45,0
17,8,0
34,8,0
33,41,0
6,38,0
26,48,0
4,22,0
9,9,0
23,7,0
27,48,0
17,24,0
36,18,0
39,26,0
29,39,0
16,39,0
15,13,0
30,28,0
33,40,0
10,21,0
33,39,0
20,27,0
39,39,0
24,8,0
28,17,0
49,22,0
40,43,0
42,42,0
31,22,0
14,12,0
3,36,0
45,15,0
8,40,0
20,44,0
30,45,0
44,11,0
21,36,0
47,20,0
33,40,0
32,18,0
43,37,0
27,5,0
14,32,0
12,36,0
40,45,0
28,5,0
39,34,0
42,15,0
19,36,0
18,10,0
41,13,0
6,32,0
43,13,0
32,31,0
34,35,0
8,16,0
23,10,0
26,49,0
9,39,0
19,49,0
44,12,0
45,31,0
23,17,0
12,28,0
29,29,0
41,23,0
27,20,0
7,9,0
21,6,0
24,3,0
26,31,0
11,5,0
49,27,0
15,31,0
22,46,0
6,11,0
21,42,0
20,44,0
20,23,0
21,29,0
45,23,0
27,48,0
4,13,0
24,25,0
35,26,0
20,22,0
10,23,0
29,39,0
39,5,0
29,30,0
13,40,0
44,35,0
40,12,0
10,35,0
43,14,0
35,36,0
29,1,0
17,19,0
21,28,0
39,28,0
41,19,0
3,36,0
44,31,0
44,25,0
25,13,0
11,38,0
14,23,0
45,10,0
30,44,0
30,24,0
31,3,0
22,44,0
13,41,0
9,28,0
29,23,0
31,39,0
46,15,0
31,36,0
14,20,0
43,10,0
13,42,0
42,35,0
8,35,0
35,37,0
18,4,0
12,17,0
36,38,0
37,7,0
41,11,0
29,21,0
37,16,0
20,24,0
13,31,0
39,41,0
7,10,0
8,15,0
23,17,0
49,19,0
38,33,0
22,47,0
5,13,0
11,35,0
12,20,0
40,8,0
8,13,0
31,26,0
25,9,0
33,6,0
39,37,0
45,26,0
12,45,0
23,14,0
39,39,0
13,36,0
17,44,0
5,29,0
17,26,0
32,3,0
32,38,0
43,39,0
10,10,0
42,14,0
32,45,0
22,13,0
19,22,0
23,49,0
48,26,0
24,20,0
42,19,0
25,44,0
19,17,0
10,45,0
18,47,0
31,3,0
27,10,0
28,6,0
16,24,0
37,5,0
25,23,0
18,11,0
12,40,0
24,45,0
14,35,0
23,13,0
18,7,0
27,7,0
7,22,0
46,13,0
36,27,0
42,14,0
34,30,0
6,29,0
29,33,0
13,32,0
24,39,0
31,49,0
27,10,0
39,25,0
24,43,0
34,45,0
27,45,0
37,40,0
22,40,0
29,22,0
45,20,1
73,25,1
64,5,1
44,33,1
55,4,1
49,9,1
74,8,1
54,22,1
59,39,1
49,10,1
42,29,1
75,25,1
55,5,1
83,30,1
58,34,1
79,7,1
87,26,1
77,33,1
58,32,1
71,22,1
73,43,1
59,6,1
81,8,1
79,11,1
76,29,1
57,46,1
68,6,1
80,38,1
70,41,1
50,32,1
67,12,1
71,43,1
79,20,1
74,16,1
78,33,1
67,24,1
80,33,1
60,29,1
65,3,1
51,30,1
74,29,1
52,13,1
66,29,1
56,45,1
63,30,1
42,25,1
46,13,1
74,46,1
72,2,1
60,36,1
80,38,1
73,35,1
70,2,1
75,37,1
68,33,1
73,2,1
60,41,1
76,34,1
66,25,1
43,30,1
73,24,1
53,26,1
59,3,1
66,35,1
88,19,1
52,29,1
63,40,1
80,29,1
85,34,1
73,25,1
62,30,1
71,19,1
53,10,1
41,28,1
44,26,1
56,4,1
67,33,1
41,29,1
54,47,1
66,33,1
54,22,1
55,46,1
62,27,1
55,31,1
80,36,1
88,18,1
69,20,1
55,22,1
50,6,1
47,35,1
59,47,1
78,15,1
86,19,1
74,9,1
61,26,1
62,42,1
43,36,1
86,35,1
67,31,1
63,37,1
44,34,1
82,13,1
86,14,1
56,38,1
66,41,1
51,24,1
84,32,1
64,35,1
87,25,1
77,41,1
56,19,1
74,33,1
83,30,1
74,34,1
64,45,1
82,32,1
43,36,1
45,20,1
82,24,1
73,45,1
85,15,1
86,36,1
66,46,1
50,15,1
84,10,1
58,8,1
86,13,1
57,14,1
78,21,1
67,35,1
75,40,1
82,23,1
65,23,1
61,20,1
53,22,1
81,34,1
70,33,1
67,2,1
68,23,1
65,30,1
50,44,1
50,40,1
78,13,1
70,30,1
73,21,1
80,8,1
45,25,1
77,5,1
61,38,1
67,45,1
50,8,1
48,23,1
72,14,1
52,7,1
75,34,1
77,36,1
77,16,1
53,39,1
52,22,1
58,31,1
53,5,1
61,2,1
89,32,1
77,36,1
60,3,1
82,41,1
79,5,1
75,35,1
67,13,1
59,13,1
48,20,1
61,1,1
86,32,1
66,45,1
59,45,1
59,7,1
64,3,1
71,39,1
54,4,1
72,13,1
72,37,1
49,22,1
81,10,1
73,42,1
55,24,1
83,15,1
66,12,1
42,19,1
63,38,1
48,21,1
45,16,1
70,6,1
71,6,1
76,42,1
55,14,1
67,33,1
80,38,1
71,12,1
51,26,1
51,41,1
60,29,1
82,11,1
56,7,1
76,43,1
82,8,1
56,12,1
81,16,1
59,11,1
64,38,1
87,22,1
72,24,1
63,36,1
73,21,1
54,4,1
52,7,1
78,18,1
62,35,1
79,30,1
62,8,1
64,8,1
64,9,1
62,38,1
73,39,1
60,13,1
44,20,1
73,5,1
77,14,1
64,21,1
70,24,1
75,5,1
54,23,1
56,10,1
49,7,1
84,28,1
44,18,1
83,30,1
72,31,1
66,7,1
59,12,1
49,11,1
57,21,1
82,32,1
82,34,1
63,36,1
51,7,1
54,8,1
63,2,1
57,33,1
85,22,1
76,32,1
