18,7,0
2,22,0
34,43,0
20,9,0
28,30,0
24,18,0
17,40,0
20,24,0
8,10,0
36,31,0
7,22,0
26,25,0
10,11,0
7,18,0
17,13,0
27,26,0
48,31,0
43,8,0
39,37,0
6,9,0
28,39,0
20,3,0
8,20,0
14,42,0
19,18,0
21,16,0
22,39,0
23,15,0
27,45,0
23,20,0
7,30,0
16,34,0
30,1,0
16,36,0
45,12,0
41,24,0
26,19,0
38,33,0
26,19,0
34,42,0
13,22,0
29,18,0
46,24,0
41,30,0
1,23,0
44,34,0
47,32,0
38,39,0
31,37,0
4,34,0
8,28,0
4,12,0
29,15,0
6,27,0
46,31,0
14,41,0
26,47,0
48,24,0
5,38,0
27,30,0
2,33,0
15,14,0
20,23,0
35,20,0
5,25,0
18,19,0
38,17,0
15,22,0
19,40,0
3,32,0
6,16,0
18,3,0
11,29,0
34,7,0
48,31,0
29,5,0
30,8,0
23,41,0
23,44,0
30,4,0
42,24,0
49,30,0
38,7,0
33,47,0
35,4,0
31,37,0
16,37,0
25,28,0
45,40,0
19,36,0
41,20,0
19,31,0
24,48,0
29,30,0
1,25,0
24,19,0
45,22,0
25,29,0
25,18,0
44,33,0
37,38,0
24,8,0
36,31,0
27,12,0
47,23,0
45,13,0
1,27,0
21,27,0
18,48,0
15,3,0
28,19,0
22,6,0
35,33,0
3,19,0
35,6,0
7,40,0
27,19,0
17,38,0
9,37,0
6,40,0
29,45,0
3,14,0
26,19,0
3,30,0
34,41,0
28,40,0
23,22,0
41,26,0
19,10,0
5,12,0
32,7,0
5,26,0
23,26,0
24,19,0
41,22,0
22,46,0
48,31,0
42,19,0
33,21,0
19,16,0
12,12,0
12,15,0
36,35,0
39,44,0
4,34,0
6,23,0
49,31,0
27,5,0
21,42,0
5,17,0
15,26,0
34,23,0
5,32,0
15,43,0
26,40,0
13,25,0
19,10,0
34,28,0
19,42,0
34,34,0
31,41,0
44,39,0
44,18,0
45,25,0
9,17,0
19,45,0
31,2,0
11,22,0
35,31,0
29,34,0
13,26,0
25,46,0
23,38,0
48,21,0
17,30,0
26,15,0
5,35,0
43,12,0
15,22,0
33,8,0
19,4,0
45,22,0
47,29,0
40,41,0
26,39,0
16,2,0
27,45,0
31,40,0
23,6,0
45,32,0
40,42,0
47,35,0
9,15,0
2,29,0
31,3,0
8,32,0
1,30,0
30,31,0
8,41,0
23,10,0
48,31,0
46,12,0
18,16,0
29,39,0
14,40,0
13,18,0
44,15,0
8,9,0
32,18,0
16,37,0
21,36,0
3,17,0
41,44,0
31,8,0
19,22,0
12,13,0
39,39,0
8,34,0
22,39,0
37,20,0
21,22,0
38,34,0
25,3,0
14,26,0
47,23,0
12,14,0
38,46,0
15,30,0
32,45,0
43,41,0
18,28,0
36,16,0
30,43,0
23,35,0
9,21,0
29,46,0
22,43,0
9,32,0
30,5,0
5,13,0
16,36,0
11,22,0
39,30,0
24,27,0
27,20,0
19,39,0
32,39,0
42,39,0
23,25,0
7,42,0
37,29,1
41,8,1
30,14,1
32,8,1
37,41,1
41,7,1
33,6,1
58,5,1
64,34,1
24,36,1
55,39,1
31,11,1
35,20,1
61,43,1
41,16,1
34,39,1
53,46,1
51,32,1
59,9,1
27,15,1
47,19,1
29,41,1
60,8,1
26,29,1
43,45,1
37,11,1
28,10,1
44,25,1
48,1,1
54,19,1
24,26,1
37,11,1
68,23,1
46,10,1
61,11,1
52,37,1
60,20,1
47,15,1
67,25,1
32,38,1
60,24,1
27,27,1
50,3,1
56,35,1
43,44,1
59,18,1
47,3,1
33,37,1
50,38,1
32,31,1
42,27,1
48,39,1
51,16,1
42,43,1
30,8,1
32,13,1
42,43,1
63,32,1
62,41,1
55,31,1
34,37,1
63,33,1
62,16,1
62,15,1
46,16,1
39,44,1
41,28,1
48,49,1
37,31,1
55,27,1
55,44,1
39,7,1
50,30,1
50,4,1
45,15,1
56,35,1
28,42,1
30,39,1
47,2,1
40,33,1
51,21,1
34,36,1
58,9,1
62,40,1
50,19,1
58,32,1
54,46,1
30,40,1
29,13,1
32,5,1
29,18,1
40,32,1
56,33,1
25,24,1
45,31,1
42,46,1
24,31,1
28,10,1
69,19,1
35,43,1
56,10,1
63,12,1
50,13,1
35,12,1
24,15,1
63,21,1
35,46,1
53,6,1
50,18,1
38,4,1
48,47,1
49,4,1
26,10,1
67,17,1
48,4,1
47,43,1
38,37,1
58,15,1
60,24,1
24,24,1
58,20,1
37,46,1
68,34,1
37,43,1
43,15,1
57,42,1
64,22,1
56,45,1
65,35,1
28,15,1
65,36,1
46,5,1
46,44,1
55,23,1
52,3,1
57,13,1
26,24,1
65,32,1
41,15,1
57,38,1
67,22,1
47,31,1
36,45,1
24,33,1
23,31,1
45,0,1
68,28,1
33,18,1
22,20,1
34,45,1
26,29,1
30,5,1
57,39,1
41,33,1
31,22,1
63,25,1
41,35,1
46,10,1
41,48,1
59,19,1
64,37,1
54,46,1
59,5,1
49,45,1
22,33,1
44,30,1
35,8,1
47,34,1
43,22,1
29,38,1
31,39,1
67,32,1
37,9,1
41,36,1
24,30,1
45,36,1
57,9,1
59,29,1
65,40,1
63,29,1
55,13,1
55,40,1
42,25,1
29,30,1
31,14,1
23,17,1
33,43,1
53,5,1
68,18,1
60,15,1
62,43,1
67,24,1
41,35,1
68,33,1
62,23,1
55,42,1
46,15,1
43,47,1
27,17,1
62,13,1
26,14,1
24,12,1
25,30,1
43,12,1
60,33,1
32,33,1
58,26,1
45,26,1
57,44,1
66,38,1
47,12,1
27,29,1
25,16,1
61,16,1
61,17,1
49,2,1
24,19,1
33,11,1
55,35,1
54,2,1
43,32,1
25,22,1
42,22,1
31,44,1
47,17,1
67,24,1
52,21,1
63,23,1
49,29,1
53,31,1
47,49,1
36,38,1
33,13,1
34,45,1
23,29,1
36,12,1
43,27,1
55,18,1
52,13,1
44,32,1
42,10,1
57,45,1
68,26,1
57,17,1
46,22,1
54,44,1
37,37,1
36,27,1
56,13,1
28,14,1
