19,21,0
29,32,0
33,38,0
28,39,0
4,15,0
35,29,0
23,33,0
18,8,0
19,41,0
15,7,0
10,11,0
22,8,0
8,31,0
42,11,0
26,16,0
16,42,0
34,40,0
34,44,0
13,4,0
13,33,0
6,29,0
21,23,0
34,24,0
29,36,0
12,44,0
48,17,0
23,3,0
32,32,0
23,17,0
2,18,0
37,16,0
22,47,0
7,16,0
24,5,0
5,14,0
3,18,0
23,47,0
45,36,0
12,42,0
34,39,0
17,36,0
39,19,0
17,17,0
18,6,0
29,28,0
1,32,0
34,32,0
7,11,0
43,34,0
22,11,0
5,29,0
13,28,0
39,43,0
37,14,0
10,28,0
32,41,0
12,43,0
28,42,0
33,40,0
13,15,0
48,22,0
24,22,0
16,19,0
16,20,0
23,28,0
28,5,0
35,3,0
29,46,0
20,36,0
18,27,0
3,27,0
40,5,0
14,46,0
7,28,0
45,39,0
4,15,0
41,43,0
41,19,0
37,29,0
26,9,0
12,32,0
47,17,0
6,32,0
23,3,0
48,27,0
37,19,0
33,35,0
29,9,0
45,20,0
13,10,0
13,15,0
30,15,0
3,34,0
13,15,0
27,26,0
15,41,0
43,11,0
50,25,0
27,49,0
17,16,0
20,29,0
22,9,0
8,14,0
32,3,0
39,24,0
27,47,0
35,24,0
18,7,0
48,26,0
45,21,0
4,32,0
21,43,0
19,12,0
16,14,0
44,27,0
39,33,0
28,47,0
26,46,0
26,9,0
3,33,0
5,32,0
15,37,0
11,12,0
38,5,0
49,22,0
23,29,0
4,15,0
11,42,0
16,23,0
35,38,0
32,30,0
23,26,0
36,10,0
11,29,0
26,14,0
32,19,0
16,29,0
33,31,0
34,36,0
40,8,0
35,7,0
22,10,0
11,15,0
27,39,0
6,41,0
17,34,0
31,28,0
40,19,0
9,19,0
10,24,0
44,25,0
9,16,0
12,19,0
12,15,0
42,24,0
13,45,0
32,34,0
10,17,0
45,18,0
29,32,0
24,44,0
44,41,0
9,30,0
18,3,0
13,12,0
31,7,0
42,11,0
10,36,0
6,27,0
26,17,0
5,14,0
19,31,0
18,35,0
10,37,0
1,29,0
36,45,0
28,23,0
35,22,0
32,16,0
15,41,0
45,16,0
27,31,0
47,28,0
37,17,0
30,33,0
37,45,0
6,29,0
26,31,0
21,49,0
27,15,0
8,7,0
25,1,0
38,33,0
21,48,0
31,13,0
38,6,0
25,15,0
19,4,0
15,33,0
30,48,0
36,3,0
30,10,0
24,37,0
26,44,0
25,4,0
23,38,0
9,10,0
9,26,0
25,4,0
36,14,0
17,11,0
17,17,0
22,3,0
16,23,0
7,30,0
46,13,0
20,39,0
31,4,0
21,42,0
19,16,0
20,26,0
41,23,0
19,41,0
32,43,0
29,37,0
43,12,0
12,20,0
26,47,0
15,47,0
9,32,0
34,34,0
28,40,0
46,35,0
10,29,0
35,28,0
41,25,0
32,24,0
34,22,0
13,5,0
13,8,0
36,35,0
16,16,0
47,21,0
47,33,0
27,22,0
17,28,0
4,15,0
9,39,0
26,16,0
30,30,0
29,49,1
46,10,1
15,23,1
14,25,1
38,12,1
53,25,1
55,12,1
22,5,1
44,47,1
28,31,1
41,24,1
56,27,1
40,18,1
39,17,1
34,43,1
46,10,1
46,12,1
43,33,1
49,34,1
38,7,1
46,39,1
38,18,1
15,39,1
26,39,1
21,10,1
24,9,1
31,20,1
45,40,1
25,7,1
32,1,1
44,39,1
52,21,1
42,40,1
38,44,1
28,45,1
44,37,1
55,38,1
27,35,1
40,26,1
27,38,1
37,26,1
52,40,1
29,10,1
40,13,1
28,37,1
45,46,1
32,19,1
29,42,1
17,27,1
34,37,1
33,23,1
59,20,1
36,22,1
44,29,1
56,21,1
45,21,1
28,3,1
43,18,1
34,30,1
51,13,1
45,43,1
32,32,1
33,2,1
50,21,1
37,9,1
49,40,1
24,27,1
30,37,1
35,8,1
23,26,1
44,8,1
31,7,1
25,4,1
23,15,1
42,33,1
19,21,1
35,2,1
17,36,1
37,10,1
31,25,1
43,9,1
17,18,1
25,31,1
30,45,1
34,17,1
25,14,1
22,22,1
46,10,1
26,4,1
22,44,1
16,25,1
14,23,1
33,48,1
40,23,1
53,14,1
39,29,1
50,32,1
52,26,1
44,36,1
50,25,1
17,8,1
34,10,1
31,31,1
28,33,1
59,21,1
35,16,1
44,19,1
35,46,1
57,25,1
26,10,1
56,20,1
35,27,1
42,42,1
28,40,1
16,16,1
12,20,1
36,35,1
28,6,1
34,37,1
44,44,1
41,38,1
39,37,1
23,11,1
43,26,1
53,35,1
32,26,1
44,22,1
25,4,1
49,41,1
46,4,1
20,26,1
20,6,1
33,31,1
36,33,1
58,22,1
33,46,1
37,3,1
50,13,1
23,31,1
26,15,1
54,32,1
44,39,1
41,30,1
40,35,1
19,8,1
28,47,1
41,43,1
26,25,1
32,24,1
38,46,1
21,28,1
30,47,1
42,39,1
36,7,1
46,31,1
52,24,1
14,35,1
52,12,1
40,17,1
34,34,1
38,19,1
15,13,1
47,36,1
30,26,1
30,41,1
26,22,1
39,10,1
48,44,1
50,14,1
19,31,1
45,21,1
11,32,1
44,29,1
46,15,1
44,3,1
42,29,1
47,21,1
37,21,1
39,48,1
48,40,1
33,38,1
38,39,1
56,37,1
27,37,1
26,13,1
45,14,1
48,9,1
24,32,1
30,48,1
21,18,1
31,24,1
25,38,1
40,44,1
24,30,1
15,37,1
26,14,1
59,26,1
37,6,1
51,33,1
46,44,1
20,24,1
28,2,1
21,13,1
36,4,1
38,25,1
31,32,1
39,45,1
23,29,1
32,8,1
52,9,1
24,27,1
49,44,1
47,18,1
60,25,1
44,25,1
58,19,1
32,26,1
48,4,1
22,39,1
40,23,1
33,36,1
24,42,1
10,25,1
41,15,1
25,42,1
22,10,1
42,23,1
54,27,1
52,11,1
31,49,1
23,21,1
26,8,1
35,11,1
53,28,1
42,34,1
20,28,1
43,21,1
22,42,1
31,16,1
35,45,1
30,5,1
29,49,1
14,27,1
27,13,1
33,37,1
36,30,1
37,24,1
31,41,1
16,11,1
32,31,1
