31,38,0
45,36,0
15,8,0
33,34,0
34,28,0
42,24,0
10,36,0
16,15,0
20,23,0
11,11,0
7,38,0
37,45,0
16,48,0
14,9,0
27,18,0
35,38,0
7,16,0
7,27,0
27,31,0
37,19,0
10,32,0
38,23,0
36,17,0
9,22,0
25,49,0
38,22,0
42,8,0
48,28,0
20,12,0
15,36,0
22,46,0
33,9,0
36,36,0
23,31,0
17,46,0
48,34,0
19,15,0
5,16,0
19,33,0
42,42,0
17,11,0
3,31,0
34,42,0
32,16,0
4,16,0
17,19,0
6,15,0
47,30,0
20,41,0
14,41,0
7,20,0
16,19,0
24,11,0
19,10,0
40,30,0
5,17,0
33,36,0
17,2,0
23,30,0
30,12,0
43,25,0
16,41,0
22,28,0
25,10,0
45,23,0
20,18,0
24,41,0
23,30,0
23,23,0
5,23,0
22,27,0
39,25,0
33,21,0
13,39,0
33,7,0
37,10,0
38,7,0
18,33,0
35,45,0
35,4,0
26,8,0
34,37,0
44,31,0
36,29,0
42,40,0
45,19,0
28,20,0
10,28,0
33,28,0
32,35,0
23,5,0
38,44,0
15,23,0
37,14,0
3,28,0
31,20,0
20,10,0
35,38,0
20,19,0
5,12,0
14,23,0
21,21,0
12,31,0
18,48,0
41,24,0
48,19,0
38,14,0
16,28,0
21,43,0
23,37,0
18,37,0
27,43,0
35,44,0
34,39,0
35,17,0
36,22,0
20,28,0
11,24,0
15,39,0
16,3,0
5,38,0
16,36,0
23,36,0
37,39,0
13,40,0
26,11,0
31,2,0
6,19,0
32,37,0
25,35,0
15,42,0
38,28,0
17,17,0
7,39,0
14,19,0
12,21,0
19,18,0
11,7,0
44,14,0
14,30,0
9,7,0
11,42,0
38,20,0
43,8,0
31,39,0
10,25,0
49,28,0
9,19,0
18,28,0
11,11,0
38,13,0
35,7,0
23,10,0
16,7,0
17,43,0
5,40,0
46,32,0
13,12,0
25,17,0
42,33,0
35,12,0
41,42,0
44,28,0
1,23,0
23,5,0
5,17,0
39,14,0
16,11,0
19,6,0
43,30,0
21,30,0
8,40,0
12,33,0
21,46,0
38,18,0
35,43,0
33,5,0
44,33,0
28,5,0
35,28,0
18,17,0
1,19,0
13,28,0
39,45,0
35,46,0
2,19,0
20,48,0
33,40,0
18,42,0
4,32,0
4,15,0
43,37,0
39,24,0
26,32,0
45,21,0
10,45,0
11,42,0
44,23,0
12,12,0
6,41,0
25,36,0
0,25,0
20,15,0
43,16,0
42,31,0
34,6,0
22,6,0
23,11,0
38,25,0
11,33,0
10,18,0
16,2,0
16,24,0
41,24,0
32,14,0
17,12,0
15,10,0
21,39,0
23,15,0
46,27,0
23,30,0
24,11,0
30,40,0
40,42,0
5,37,0
15,47,0
39,29,0
10,44,0
23,32,0
25,41,0
17,18,0
29,12,0
40,12,0
32,46,0
38,10,0
39,22,0
15,13,0
11,38,0
25,19,0
38,40,0
16,19,0
36,47,0
13,44,0
16,35,0
46,33,0
33,29,0
30,41,0
28,34,0
27,11,0
20,42,0
20,20,1
44,20,1
34,21,1
26,31,1
18,19,1
42,28,1
42,37,1
56,17,1
15,26,1
24,13,1
18,37,1
31,49,1
18,32,1
24,22,1
19,23,1
26,14,1
33,31,1
19,10,1
58,21,1
52,21,1
54,19,1
58,19,1
50,45,1
48,12,1
27,38,1
40,3,1
20,23,1
54,31,1
29,34,1
18,32,1
33,17,1
27,41,1
36,42,1
38,13,1
36,45,1
40,8,1
37,13,1
30,10,1
50,12,1
17,10,1
35,45,1
48,41,1
34,10,1
46,42,1
53,37,1
44,24,1
32,27,1
45,9,1
35,35,1
17,15,1
23,45,1
52,19,1
38,48,1
28,31,1
38,19,1
39,21,1
24,43,1
17,28,1
47,33,1
47,40,1
45,37,1
33,36,1
31,21,1
53,18,1
14,28,1
35,5,1
56,17,1
32,15,1
37,23,1
27,29,1
28,14,1
27,5,1
47,9,1
30,41,1
25,43,1
29,31,1
46,26,1
41,31,1
38,18,1
26,29,1
23,33,1
28,11,1
15,35,1
36,19,1
39,27,1
48,32,1
48,23,1
44,26,1
48,33,1
45,9,1
41,46,1
24,34,1
57,18,1
27,35,1
32,29,1
50,36,1
59,22,1
15,40,1
46,28,1
25,42,1
47,34,1
40,18,1
45,9,1
39,40,1
23,8,1
19,16,1
28,46,1
37,33,1
21,23,1
33,12,1
40,47,1
46,23,1
30,16,1
29,33,1
30,47,1
13,28,1
30,11,1
48,34,1
46,32,1
28,34,1
47,46,1
34,11,1
47,12,1
41,35,1
14,24,1
35,19,1
48,36,1
17,29,1
22,27,1
18,7,1
24,42,1
54,18,1
42,48,1
28,7,1
32,24,1
38,36,1
56,26,1
19,26,1
49,30,1
47,38,1
28,49,1
12,18,1
40,11,1
19,9,1
34,37,1
21,16,1
43,32,1
31,3,1
47,34,1
24,6,1
26,23,1
54,40,1
19,35,1
53,32,1
25,38,1
35,30,1
36,1,1
52,30,1
34,7,1
17,21,1
36,30,1
13,14,1
21,30,1
54,17,1
11,29,1
29,19,1
24,12,1
42,5,1
42,32,1
22,7,1
15,29,1
34,39,1
33,43,1
51,31,1
17,23,1
55,29,1
34,34,1
15,23,1
17,10,1
29,34,1
47,7,1
15,35,1
26,30,1
23,12,1
46,10,1
33,35,1
52,11,1
52,32,1
18,25,1
52,19,1
48,31,1
20,21,1
29,20,1
53,29,1
33,37,1
15,16,1
25,8,1
24,47,1
32,29,1
44,24,1
48,15,1
54,9,1
38,8,1
41,25,1
41,28,1
38,12,1
23,4,1
19,32,1
39,5,1
22,45,1
32,23,1
40,6,1
50,18,1
59,30,1
40,15,1
36,40,1
34,26,1
36,20,1
30,5,1
51,24,1
38,2,1
53,37,1
43,16,1
18,40,1
38,42,1
31,34,1
35,47,1
51,30,1
49,6,1
54,28,1
43,36,1
48,29,1
15,38,1
56,14,1
45,32,1
47,28,1
25,36,1
17,30,1
56,34,1
41,43,1
18,16,1
32,32,1
55,31,1
28,19,1
32,17,1
16,27,1
13,22,1
21,19,1
17,37,1
37,29,1
