26,37,0
31,16,0
8,26,0
14,31,0
23,38,0
7,35,0
29,47,0
22,23,0
8,12,0
39,32,0
24,17,0
41,6,0
37,35,0
47,28,0
35,12,0
36,32,0
45,16,0
27,26,0
8,31,0
48,22,0
25,12,0
41,13,0
30,29,0
40,25,0
44,11,0
44,24,0
8,30,0
42,36,0
24,12,0
29,29,0
44,27,0
19,30,0
24,23,0
44,28,0
11,40,0
25,38,0
13,26,0
23,49,0
23,2,0
44,35,0
17,45,0
8,15,0
1,26,0
44,30,0
14,28,0
10,37,0
25,41,0
22,26,0
42,40,0
18,36,0
25,24,0
15,25,0
22,23,0
21,7,0
26,41,0
29,16,0
45,40,0
24,20,0
22,43,0
46,20,0
44,41,0
40,42,0
16,32,0
5,37,0
26,30,0
2,29,0
45,30,0
32,22,0
23,7,0
3,24,0
34,39,0
28,49,0
14,32,0
33,44,0
33,10,0
30,1,0
23,2,0
29,17,0
4,17,0
26,11,0
43,41,0
32,48,0
23,20,0
37,11,0
27,37,0
36,13,0
4,20,0
36,15,0
25,4,0
43,36,0
17,4,0
31,21,0
34,39,0
19,34,0
31,32,0
11,6,0
10,13,0
22,3,0
31,43,0
20,38,0
20,18,0
12,16,0
28,34,0
8,22,0
21,44,0
42,8,0
10,7,0
48,28,0
13,38,0
37,40,0
33,16,0
28,21,0
11,41,0
32,11,0
44,17,0
8,15,0
32,36,0
43,27,0
13,40,0
17,18,0
10,29,0
39,38,0
23,38,0
41,25,0
46,17,0
36,38,0
34,36,0
33,40,0
34,37,0
2,23,0
19,41,0
33,11,0
22,18,0
34,34,0
7,36,0
8,13,0
41,22,0
43,10,0
30,11,0
8,33,0
45,28,0
36,36,0
39,43,0
44,30,0
30,34,0
32,47,0
21,18,0
22,34,0
42,30,0
6,12,0
14,29,0
24,16,0
36,17,0
5,25,0
17,39,0
18,20,0
15,29,0
27,32,0
32,3,0
30,6,0
46,32,0
33,16,0
44,12,0
31,28,0
28,12,0
45,27,0
29,26,0
49,25,0
39,6,0
14,47,0
3,19,0
42,41,0
30,3,0
29,11,0
40,32,0
5,31,0
36,7,0
31,25,0
16,30,0
26,8,0
11,10,0
18,31,0
31,22,0
10,42,0
44,35,0
16,5,0
12,39,0
32,22,0
8,34,0
5,14,0
42,26,0
33,18,0
19,40,0
33,14,0
35,18,0
17,36,0
34,45,0
43,41,0
19,33,0
47,30,0
42,38,0
25,7,0
22,36,0
40,20,0
6,33,0
13,29,0
29,12,0
9,16,0
43,36,0
21,1,0
44,32,0
43,16,0
44,38,0
18,32,0
16,14,0
41,27,0
48,34,0
30,41,0
11,6,0
42,38,0
34,37,0
37,42,0
4,12,0
25,15,0
27,40,0
44,15,0
15,14,0
1,18,0
6,32,0
20,23,0
27,18,0
14,16,0
28,45,0
28,11,0
7,29,0
21,19,0
37,36,0
30,44,0
39,13,0
22,44,0
11,39,0
36,5,0
32,13,0
44,22,0
7,27,0
10,39,0
17,23,0
25,28,0
23,10,0
49,27,0
27,46,1
32,3,1
31,25,1
26,20,1
17,30,1
38,22,1
46,38,1
37,5,1
55,29,1
48,30,1
26,10,1
56,23,1
35,16,1
24,11,1
31,32,1
31,46,1
45,34,1
50,19,1
51,13,1
28,32,1
27,17,1
44,33,1
56,17,1
33,22,1
45,29,1
17,40,1
22,45,1
52,31,1
48,16,1
47,45,1
13,16,1
17,27,1
16,36,1
48,32,1
58,33,1
38,33,1
26,36,1
25,16,1
32,7,1
42,35,1
41,22,1
40,23,1
24,42,1
25,33,1
35,40,1
45,22,1
41,32,1
51,42,1
59,22,1
17,31,1
21,18,1
37,36,1
49,39,1
51,17,1
41,15,1
56,34,1
42,37,1
36,34,1
42,1,1
28,3,1
29,2,1
46,14,1
21,23,1
44,24,1
13,26,1
12,24,1
31,8,1
28,17,1
55,16,1
51,37,1
55,31,1
44,2,1
25,5,1
57,32,1
57,25,1
22,17,1
59,26,1
35,27,1
24,38,1
29,26,1
43,15,1
50,21,1
38,1,1
41,11,1
24,16,1
58,28,1
30,24,1
34,35,1
49,29,1
49,16,1
36,13,1
33,8,1
43,31,1
37,5,1
38,38,1
47,39,1
15,10,1
55,32,1
38,15,1
37,4,1
38,24,1
35,44,1
15,28,1
32,13,1
26,33,1
52,11,1
44,23,1
32,21,1
40,27,1
55,31,1
39,23,1
33,1,1
39,31,1
41,17,1
24,4,1
42,39,1
52,26,1
31,36,1
43,23,1
33,38,1
32,31,1
32,9,1
39,47,1
43,8,1
52,16,1
47,46,1
35,12,1
27,28,1
47,41,1
35,7,1
28,1,1
47,10,1
28,31,1
17,36,1
35,28,1
58,22,1
38,44,1
53,32,1
58,16,1
15,23,1
32,45,1
35,40,1
34,26,1
34,8,1
15,39,1
52,21,1
18,13,1
30,12,1
32,28,1
47,12,1
56,31,1
16,21,1
23,20,1
47,27,1
47,42,1
35,24,1
37,42,1
26,3,1
54,28,1
46,16,1
54,12,1
22,25,1
19,39,1
32,28,1
45,19,1
35,42,1
54,18,1
51,17,1
26,10,1
41,31,1
52,38,1
43,39,1
18,10,1
40,37,1
24,15,1
33,13,1
53,13,1
42,21,1
42,18,1
19,37,1
22,28,1
53,34,1
33,20,1
56,20,1
24,38,1
16,26,1
45,47,1
35,2,1
37,3,1
38,45,1
40,5,1
23,46,1
27,43,1
47,5,1
45,37,1
16,20,1
23,4,1
51,41,1
58,22,1
28,3,1
27,29,1
38,9,1
39,49,1
43,22,1
56,25,1
24,42,1
50,32,1
11,27,1
25,10,1
27,11,1
23,46,1
27,35,1
25,38,1
27,34,1
26,18,1
25,33,1
44,18,1
28,23,1
46,15,1
37,36,1
48,14,1
32,34,1
13,22,1
58,16,1
21,16,1
26,26,1
39,42,1
50,27,1
39,24,1
16,22,1
21,31,1
44,35,1
22,4,1
24,16,1
33,4,1
38,44,1
47,16,1
44,17,1
33,34,1
31,30,1
51,32,1
51,16,1
51,9,1
24,33,1
49,11,1
41,33,1
23,39,1
39,17,1
27,43,1
21,28,1
