36,9,0
29,26,0
15,12,0
5,33,0
17,38,0
33,48,0
18,23,0
34,39,0
9,12,0
5,23,0
35,10,0
20,33,0
4,20,0
31,14,0
23,16,0
6,30,0
37,40,0
17,47,0
36,4,0
35,9,0
21,5,0
10,26,0
44,36,0
21,11,0
40,14,0
31,25,0
30,24,0
28,18,0
45,10,0
4,32,0
34,14,0
33,36,0
16,8,0
44,28,0
25,49,0
43,18,0
31,39,0
46,34,0
26,47,0
35,40,0
27,8,0
22,11,0
11,8,0
7,20,0
46,37,0
11,20,0
10,26,0
38,42,0
35,21,0
43,38,0
28,26,0
32,47,0
22,38,0
47,14,0
26,32,0
44,34,0
23,34,0
37,18,0
6,27,0
41,39,0
12,46,0
12,37,0
19,30,0
25,17,0
16,2,0
35,40,0
37,11,0
31,34,0
29,49,0
21,9,0
5,24,0
17,19,0
33,38,0
32,26,0
38,28,0
16,45,0
37,25,0
30,4,0
38,32,0
2,25,0
6,32,0
12,37,0
4,25,0
35,36,0
48,18,0
11,28,0
47,31,0
40,5,0
13,6,0
28,8,0
28,17,0
7,34,0
20,25,0
14,47,0
8,8,0
43,27,0
28,1,0
16,28,0
43,9,0
14,30,0
28,49,0
29,9,0
16,12,0
27,47,0
8,40,0
42,23,0
2,25,0
31,23,0
31,4,0
4,22,0
46,23,0
36,4,0
48,25,0
7,11,0
25,5,0
12,24,0
9,28,0
32,5,0
41,43,0
12,28,0
18,44,0
16,45,0
37,29,0
37,18,0
18,38,0
29,31,0
33,29,0
24,46,0
17,26,0
23,9,0
31,33,0
17,45,0
47,36,0
13,21,0
44,41,0
20,49,0
29,35,0
20,36,0
27,23,0
27,30,0
30,36,0
39,14,0
19,23,0
15,13,0
14,32,0
25,2,0
24,4,0
10,5,0
3,26,0
43,10,0
12,14,0
1,22,0
13,16,0
35,45,0
22,7,0
22,34,0
31,37,0
16,12,0
33,8,0
17,26,0
25,47,0
3,25,0
31,29,0
3,27,0
42,11,0
12,45,0
21,35,0
12,46,0
10,16,0
2,33,0
31,4,0
7,16,0
23,37,0
43,16,0
42,43,0
24,45,0
35,7,0
35,14,0
43,13,0
14,13,0
31,39,0
39,36,0
14,12,0
17,41,0
20,26,0
37,40,0
17,30,0
34,46,0
4,33,0
33,14,0
12,39,0
28,13,0
5,24,0
35,31,0
42,17,0
9,32,0
24,22,0
42,39,0
4,34,0
20,35,0
40,12,0
27,47,0
39,38,0
12,23,0
16,10,0
27,48,0
39,44,0
35,6,0
31,15,0
20,49,0
23,6,0
48,25,0
1,29,0
27,33,0
23,49,0
29,16,0
3,14,0
43,24,0
34,23,0
7,9,0
28,40,0
1,31,0
3,25,0
22,15,0
37,37,0
9,21,0
19,3,0
42,40,0
42,26,0
37,45,0
24,13,0
16,17,0
5,15,0
14,31,0
44,18,0
6,21,0
34,14,0
14,6,0
10,40,0
9,42,0
20,11,0
45,14,0
22,8,0
42,36,0
39,12,0
12,37,0
22,9,0
3,17,0
45,24,0
45,29,0
40,21,1
8,10,1
12,32,1
22,49,1
12,41,1
3,34,1
20,4,1
4,20,1
7,30,1
1,30,1
12,12,1
40,32,1
20,14,1
28,42,1
39,14,1
31,20,1
23,9,1
28,6,1
30,16,1
23,39,1
7,35,1
31,10,1
25,39,1
9,30,1
27,30,1
1,31,1
10,33,1
49,29,1
22,26,1
45,38,1
15,31,1
31,14,1
7,33,1
46,15,1
24,2,1
30,46,1
34,44,1
26,8,1
21,45,1
30,36,1
37,10,1
17,42,1
15,30,1
27,31,1
26,42,1
26,24,1
39,24,1
39,37,1
6,19,1
18,27,1
9,18,1
19,45,1
2,21,1
8,12,1
10,12,1
3,19,1
47,35,1
18,17,1
11,32,1
41,44,1
17,36,1
7,30,1
28,6,1
23,15,1
37,12,1
36,40,1
45,10,1
48,17,1
38,15,1
42,43,1
40,12,1
27,49,1
19,39,1
7,11,1
10,45,1
33,48,1
34,38,1
26,23,1
19,13,1
16,32,1
23,43,1
18,42,1
29,6,1
19,6,1
28,9,1
14,32,1
33,25,1
44,24,1
25,0,1
33,25,1
31,45,1
20,42,1
12,6,1
39,34,1
20,3,1
36,46,1
20,30,1
7,8,1
42,9,1
25,49,1
21,25,1
45,17,1
6,41,1
16,17,1
42,40,1
13,29,1
18,9,1
8,16,1
31,35,1
36,21,1
39,10,1
26,7,1
12,29,1
29,26,1
13,9,1
6,32,1
36,36,1
25,36,1
16,4,1
47,33,1
17,12,1
29,38,1
34,44,1
18,16,1
39,19,1
34,41,1
47,20,1
12,26,1
7,16,1
42,27,1
3,16,1
19,47,1
38,27,1
27,12,1
23,17,1
18,25,1
4,14,1
45,34,1
10,9,1
10,37,1
14,20,1
40,37,1
33,9,1
17,43,1
5,21,1
13,43,1
11,22,1
20,2,1
16,31,1
28,42,1
26,16,1
22,10,1
48,16,1
30,17,1
18,48,1
19,39,1
43,34,1
7,26,1
32,14,1
7,27,1
34,18,1
27,37,1
36,19,1
33,38,1
11,27,1
6,14,1
35,30,1
30,15,1
25,0,1
48,33,1
19,19,1
28,16,1
9,32,1
29,44,1
21,11,1
16,11,1
32,49,1
41,38,1
15,39,1
33,34,1
22,36,1
5,16,1
14,42,1
40,15,1
18,11,1
11,38,1
24,12,1
4,15,1
10,45,1
10,30,1
33,38,1
24,31,1
12,30,1
20,44,1
43,36,1
31,44,1
40,6,1
3,30,1
1,21,1
32,9,1
23,37,1
9,43,1
26,8,1
12,20,1
27,49,1
33,9,1
20,45,1
34,43,1
11,21,1
13,39,1
24,33,1
17,46,1
32,28,1
18,22,1
14,43,1
25,16,1
28,3,1
19,48,1
11,23,1
9,35,1
19,42,1
26,5,1
34,43,1
39,39,1
24,35,1
27,2,1
30,47,1
38,44,1
34,24,1
14,37,1
23,19,1
13,32,1
6,17,1
42,34,1
7,14,1
5,18,1
34,9,1
12,41,1
39,27,1
35,25,1
17,46,1
27,12,1
24,48,1
40,26,1
46,34,1
34,8,1
5,35,1
37,38,1
36,25,1
32,49,1
