30,27,0
33,46,0
43,25,0
6,15,0
16,38,0
7,14,0
5,13,0
38,28,0
35,47,0
29,2,0
48,30,0
5,31,0
18,15,0
38,37,0
16,4,0
13,19,0
37,9,0
3,17,0
24,43,0
23,8,0
5,27,0
35,5,0
37,32,0
23,1,0
35,30,0
47,22,0
26,11,0
32,27,0
36,22,0
27,11,0
34,25,0
13,36,0
17,37,0
28,15,0
3,27,0
12,43,0
22,48,0
41,42,0
45,25,0
30,1,0
1,23,0
24,25,0
12,20,0
18,12,0
11,25,0
37,41,0
45,36,0
32,20,0
36,21,0
42,30,0
20,23,0
9,6,0
40,6,0
43,29,0
32,15,0
9,19,0
29,32,0
43,32,0
24,28,0
19,23,0
26,30,0
26,16,0
40,15,0
29,13,0
14,37,0
39,15,0
26,1,0
28,12,0
28,21,0
8,41,0
15,32,0
22,25,0
36,15,0
40,36,0
46,29,0
14,39,0
4,32,0
7,25,0
11,41,0
21,28,0
44,30,0
40,24,0
48,31,0
15,45,0
40,14,0
4,35,0
21,38,0
30,2,0
25,50,0
29,42,0
49,18,0
31,19,0
38,30,0
47,31,0
35,36,0
45,34,0
35,18,0
35,44,0
43,40,0
34,28,0
24,42,0
37,17,0
16,33,0
47,36,0
20,8,0
3,24,0
45,33,0
31,31,0
34,28,0
43,33,0
31,4,0
6,30,0
48,20,0
23,46,0
23,33,0
1,27,0
12,27,0
22,14,0
7,19,0
15,20,0
11,20,0
8,22,0
29,5,0
6,12,0
29,18,0
14,19,0
6,9,0
27,2,0
45,24,0
20,8,0
4,35,0
24,25,0
45,39,0
3,31,0
20,28,0
12,8,0
15,31,0
21,9,0
39,15,0
45,17,0
27,2,0
19,14,0
13,36,0
46,16,0
5,22,0
12,14,0
37,5,0
28,36,0
37,34,0
15,3,0
23,1,0
29,30,0
43,36,0
26,13,0
33,7,0
23,22,0
33,39,0
21,29,0
39,14,0
21,1,0
17,42,0
23,11,0
42,10,0
36,22,0
6,20,0
48,18,0
15,35,0
45,36,0
34,23,0
16,42,0
18,23,0
43,26,0
22,11,0
4,32,0
19,42,0
24,9,0
47,26,0
14,29,0
39,14,0
18,6,0
28,31,0
34,25,0
27,25,0
5,11,0
39,42,0
37,38,0
36,44,0
11,24,0
29,47,0
32,35,0
42,16,0
16,8,0
20,27,0
49,29,0
38,6,0
40,16,0
17,24,0
9,31,0
14,31,0
39,21,0
6,22,0
33,44,0
49,29,0
40,7,0
4,23,0
38,10,0
6,18,0
20,44,0
28,13,0
26,48,0
12,37,0
24,26,0
15,12,0
32,10,0
17,38,0
11,7,0
35,25,0
17,36,0
41,21,0
11,7,0
17,34,0
33,33,0
16,33,0
25,42,0
11,15,0
28,29,0
25,28,0
20,33,0
43,19,0
15,47,0
6,18,0
20,1,0
34,36,0
35,39,0
40,30,0
20,12,0
39,37,0
23,3,0
22,23,0
18,25,0
45,18,0
22,16,0
14,23,0
8,11,0
17,33,0
25,37,0
29,29,0
23,10,0
6,28,0
29,14,0
50,25,1
19,23,1
1,27,1
28,46,1
30,1,1
14,27,1
41,31,1
31,36,1
22,36,1
6,38,1
7,37,1
6,19,1
40,34,1
28,18,1
7,14,1
23,32,1
41,39,1
37,4,1
14,9,1
16,37,1
32,6,1
31,48,1
34,38,1
19,13,1
4,20,1
40,39,1
18,2,1
20,3,1
26,1,1
29,43,1
46,33,1
28,46,1
31,19,1
7,25,1
16,29,1
24,39,1
40,38,1
44,14,1
30,10,1
23,40,1
37,7,1
19,13,1
29,37,1
41,18,1
34,21,1
12,12,1
22,40,1
8,12,1
29,11,1
35,25,1
6,9,1
25,30,1
19,31,1
38,32,1
25,39,1
40,8,1
45,32,1
36,28,1
12,4,1
8,38,1
26,47,1
25,48,1
28,41,1
37,21,1
43,37,1
3,28,1
11,35,1
31,39,1
25,7,1
21,34,1
40,24,1
27,1,1
39,15,1
22,25,1
42,29,1
13,34,1
26,3,1
26,11,1
28,11,1
17,28,1
28,44,1
14,3,1
41,24,1
13,5,1
17,33,1
20,2,1
43,26,1
31,36,1
5,34,1
19,3,1
34,8,1
24,42,1
26,36,1
31,42,1
24,23,1
8,27,1
8,17,1
34,5,1
27,6,1
20,15,1
10,12,1
42,41,1
23,18,1
16,12,1
19,29,1
40,14,1
23,1,1
18,46,1
30,2,1
10,13,1
3,24,1
39,13,1
4,31,1
13,24,1
32,34,1
24,1,1
42,31,1
31,6,1
17,9,1
15,35,1
18,6,1
46,24,1
21,29,1
45,14,1
45,36,1
47,18,1
36,17,1
9,29,1
19,22,1
19,40,1
32,39,1
14,8,1
45,13,1
12,41,1
22,31,1
43,20,1
38,9,1
13,26,1
31,6,1
27,33,1
30,36,1
19,27,1
32,3,1
3,31,1
31,35,1
19,10,1
13,4,1
28,22,1
40,45,1
35,14,1
29,45,1
31,24,1
30,9,1
19,46,1
23,18,1
41,20,1
20,48,1
25,35,1
37,12,1
18,20,1
18,37,1
41,34,1
24,38,1
44,11,1
21,7,1
36,29,1
15,43,1
38,18,1
17,9,1
35,26,1
7,28,1
45,37,1
26,42,1
4,37,1
30,40,1
2,32,1
21,27,1
17,38,1
1,18,1
7,18,1
49,19,1
49,31,1
9,21,1
2,19,1
27,25,1
12,22,1
27,16,1
20,12,1
10,28,1
34,6,1
29,16,1
30,42,1
46,33,1
20,45,1
21,2,1
16,32,1
2,20,1
14,28,1
39,5,1
41,14,1
4,16,1
37,23,1
6,37,1
30,28,1
13,26,1
28,18,1
34,2,1
34,39,1
9,7,1
34,16,1
25,39,1
34,17,1
14,21,1
49,29,1
21,41,1
5,11,1
7,11,1
13,19,1
21,15,1
45,20,1
25,38,1
10,9,1
26,30,1
35,42,1
34,37,1
16,2,1
19,18,1
14,20,1
41,7,1
12,9,1
26,48,1
44,32,1
22,27,1
32,16,1
43,17,1
46,20,1
31,15,1
29,37,1
37,30,1
22,40,1
39,29,1
35,12,1
43,42,1
24,5,1
8,31,1
42,13,1
36,18,1
2,22,1
29,38,1
29,32,1
