19,23,0
45,16,0
22,44,0
9,40,0
48,33,0
29,7,0
17,18,0
38,31,0
5,11,0
34,26,0
13,46,0
7,31,0
14,37,0
24,17,0
29,15,0
41,42,0
46,18,0
27,2,0
5,16,0
11,6,0
48,32,0
33,7,0
12,46,0
10,32,0
37,30,0
45,23,0
16,27,0
32,9,0
23,29,0
11,23,0
25,50,0
35,47,0
21,25,0
6,36,0
19,47,0
20,48,0
33,27,0
10,34,0
25,19,0
20,27,0
30,41,0
14,14,0
35,36,0
12,6,0
27,39,0
35,47,0
22,36,0
38,12,0
4,24,0
16,16,0
5,11,0
35,10,0
30,35,0
15,44,0
21,42,0
32,48,0
20,5,0
33,39,0
45,29,0
42,20,0
6,24,0
39,6,0
28,26,0
44,18,0
10,11,0
37,31,0
34,29,0
14,22,0
15,26,0
14,7,0
33,35,0
29,8,0
16,48,0
29,26,0
26,33,0
28,21,0
28,13,0
19,15,0
31,18,0
46,21,0
9,33,0
41,29,0
49,31,0
31,11,0
29,26,0
49,20,0
30,18,0
14,16,0
12,6,0
40,42,0
45,22,0
28,46,0
9,18,0
16,31,0
42,38,0
42,35,0
11,19,0
37,34,0
47,14,0
36,32,0
30,47,0
8,9,0
22,46,0
27,6,0
38,15,0
12,42,0
44,36,0
36,41,0
43,15,0
36,26,0
11,33,0
21,14,0
7,10,0
6,14,0
21,4,0
40,26,0
17,38,0
41,20,0
39,39,0
29,39,0
9,38,0
47,20,0
22,24,0
14,41,0
4,21,0
43,33,0
24,40,0
25,42,0
46,36,0
47,33,0
18,3,0
23,42,0
10,40,0
16,9,0
37,45,0
36,44,0
12,15,0
34,18,0
37,43,0
49,21,0
41,29,0
17,43,0
32,16,0
43,12,0
40,17,0
46,12,0
22,3,0
35,28,0
41,35,0
24,32,0
47,33,0
25,10,0
11,10,0
30,38,0
41,12,0
27,40,0
18,5,0
30,36,0
19,1,0
23,1,0
42,29,0
1,20,0
9,29,0
32,7,0
24,32,0
18,19,0
8,35,0
24,9,0
47,15,0
25,0,0
38,43,0
21,40,0
15,14,0
32,41,0
38,24,0
4,22,0
31,23,0
36,27,0
41,42,0
28,12,0
23,6,0
32,40,0
24,24,0
24,11,0
17,16,0
35,42,0
18,44,0
27,26,0
23,34,0
9,42,0
43,28,0
17,40,0
19,7,0
19,34,0
40,28,0
33,23,0
46,20,0
33,20,0
10,38,0
27,19,0
5,20,0
30,8,0
10,14,0
13,7,0
19,26,0
10,14,0
31,9,0
34,14,0
35,23,0
37,46,0
10,7,0
18,26,0
4,19,0
35,20,0
23,17,0
26,19,0
23,24,0
34,4,0
43,36,0
43,23,0
4,36,0
13,14,0
10,15,0
19,23,0
29,14,0
18,31,0
12,34,0
20,48,0
22,5,0
19,9,0
47,29,0
32,17,0
1,22,0
9,12,0
3,30,0
17,29,0
8,15,0
34,7,0
28,6,0
14,38,0
42,23,0
39,37,0
27,45,0
44,9,0
10,32,0
25,45,0
42,34,0
15,35,0
35,31,0
25,49,0
306,36,1
314,40,1
278,38,1
291,13,1
296,32,1
292,16,1
301,45,1
293,13,1
305,13,1
296,38,1
314,35,1
272,24,1
293,44,1
304,29,1
296,47,1
281,14,1
274,37,1
295,46,1
297,28,1
309,18,1
276,36,1
295,3,1
302,14,1
289,12,1
297,6,1
316,25,1
295,32,1
295,47,1
284,25,1
290,30,1
314,19,1
278,15,1
293,38,1
303,22,1
273,34,1
298,33,1
276,19,1
305,4,1
274,22,1
281,44,1
315,15,1
306,16,1
289,3,1
283,12,1
308,36,1
311,20,1
291,10,1
297,23,1
273,27,1
286,6,1
302,48,1
300,42,1
291,46,1
318,19,1
293,45,1
284,27,1
312,33,1
277,12,1
290,33,1
280,19,1
303,9,1
298,29,1
274,25,1
280,17,1
296,31,1
279,25,1
313,10,1
295,44,1
277,35,1
311,38,1
308,44,1
295,37,1
293,26,1
318,16,1
308,35,1
300,22,1
278,32,1
290,23,1
296,11,1
272,33,1
318,22,1
315,35,1
303,31,1
314,16,1
305,20,1
284,12,1
283,33,1
304,12,1
306,30,1
293,27,1
314,27,1
288,46,1
318,32,1
279,13,1
297,44,1
288,28,1
293,17,1
281,18,1
292,19,1
316,24,1
274,38,1
278,18,1
293,27,1
278,13,1
290,14,1
306,19,1
316,22,1
295,4,1
297,23,1
283,33,1
298,34,1
292,32,1
283,25,1
294,37,1
296,35,1
308,11,1
285,23,1
301,11,1
289,4,1
296,27,1
276,33,1
281,29,1
312,27,1
278,13,1
292,29,1
292,6,1
297,16,1
285,23,1
296,22,1
291,29,1
302,32,1
272,23,1
303,14,1
285,5,1
287,26,1
300,30,1
280,18,1
311,16,1
309,11,1
300,4,1
306,4,1
283,33,1
278,13,1
286,17,1
289,21,1
315,15,1
310,36,1
294,42,1
297,32,1
276,29,1
291,40,1
307,34,1
295,6,1
273,33,1
283,18,1
298,22,1
296,38,1
301,3,1
301,48,1
316,15,1
307,6,1
275,16,1
286,43,1
281,41,1
308,42,1
313,26,1
292,43,1
276,10,1
296,45,1
274,29,1
282,23,1
296,23,1
298,40,1
284,26,1
287,28,1
305,24,1
297,38,1
304,39,1
304,43,1
311,24,1
300,41,1
289,22,1
310,41,1
303,32,1
306,5,1
297,20,1
298,20,1
304,37,1
290,36,1
286,45,1
290,20,1
292,28,1
277,35,1
296,8,1
280,44,1
314,15,1
314,9,1
274,25,1
311,18,1
282,41,1
292,1,1
293,49,1
309,42,1
304,43,1
310,20,1
304,19,1
313,40,1
292,45,1
288,29,1
307,32,1
301,40,1
291,16,1
290,42,1
309,31,1
290,48,1
293,26,1
283,36,1
297,3,1
289,5,1
275,30,1
286,20,1
304,33,1
307,8,1
290,39,1
289,40,1
312,24,1
272,28,1
310,27,1
292,22,1
309,18,1
279,38,1
308,5,1
294,26,1
287,28,1
281,6,1
309,16,1
296,46,1
278,9,1
305,43,1
299,17,1
318,16,1
285,7,1
311,15,1
310,12,1
316,27,1
284,23,1
306,17,1
288,36,1
312,20,1
293,38,1
