39,16,0
27,30,0
43,38,0
47,25,0
33,26,0
28,15,0
21,21,0
29,30,0
14,33,0
16,28,0
32,21,0
15,20,0
4,32,0
24,33,0
32,17,0
34,47,0
29,44,0
40,43,0
18,39,0
45,32,0
36,13,0
25,40,0
19,22,0
48,18,0
22,48,0
2,19,0
30,36,0
44,12,0
30,47,0
26,7,0
49,26,0
11,17,0
37,5,0
43,34,0
8,21,0
11,18,0
40,7,0
41,12,0
24,40,0
13,26,0
2,19,0
26,18,0
42,25,0
37,38,0
29,40,0
20,15,0
27,37,0
27,14,0
18,14,0
41,17,0
27,20,0
13,42,0
46,14,0
32,15,0
32,41,0
37,43,0
30,6,0
17,27,0
19,24,0
36,34,0
17,34,0
32,36,0
33,47,0
11,35,0
21,37,0
45,34,0
10,19,0
38,20,0
12,4,0
31,30,0
22,38,0
14,41,0
19,31,0
26,33,0
26,47,0
47,16,0
20,23,0
12,36,0
13,42,0
38,29,0
19,16,0
5,26,0
33,39,0
1,28,0
14,18,0
28,40,0
20,18,0
26,17,0
39,45,0
30,26,0
9,28,0
19,44,0
30,21,0
27,25,0
10,37,0
44,40,0
5,12,0
22,20,0
30,42,0
45,10,0
27,16,0
29,23,0
14,10,0
32,46,0
25,17,0
41,10,0
6,24,0
7,12,0
26,36,0
7,27,0
9,18,0
26,39,0
25,16,0
39,44,0
34,47,0
23,14,0
6,12,0
19,45,0
31,15,0
6,11,0
41,37,0
41,21,0
18,33,0
41,36,0
33,42,0
32,22,0
2,33,0
38,40,0
31,17,0
27,3,0
10,20,0
15,23,0
15,35,0
14,43,0
21,37,0
15,3,0
29,4,0
30,33,0
9,16,0
20,23,0
14,9,0
43,14,0
29,11,0
42,31,0
15,6,0
31,22,0
14,3,0
16,14,0
45,36,0
25,19,0
36,11,0
40,42,0
22,36,0
31,10,0
39,10,0
28,29,0
6,17,0
48,28,0
29,40,0
27,1,0
38,28,0
30,20,0
24,13,0
19,45,0
23,37,0
15,5,0
12,10,0
18,14,0
38,4,0
36,21,0
22,10,0
19,11,0
28,37,0
43,41,0
18,43,0
21,32,0
13,32,0
6,12,0
10,22,0
35,8,0
26,40,0
20,30,0
32,43,0
15,12,0
39,16,0
10,30,0
33,2,0
9,11,0
30,20,0
33,32,0
40,14,0
27,37,0
22,40,0
19,37,0
15,47,0
30,41,0
9,19,0
7,37,0
12,32,0
38,6,0
10,23,0
29,26,0
26,40,0
34,6,0
42,21,0
27,4,0
32,14,0
38,44,0
36,10,0
38,32,0
35,9,0
39,9,0
10,17,0
47,14,0
25,6,0
10,33,0
11,39,0
33,43,0
20,4,0
31,28,0
34,28,0
42,28,0
12,15,0
28,29,0
21,41,0
14,38,0
43,24,0
27,37,0
9,26,0
15,23,0
47,32,0
2,22,0
29,20,0
31,39,0
43,25,0
26,22,0
21,2,0
33,12,0
17,25,0
37,8,0
33,44,0
21,16,0
36,22,0
21,35,0
26,48,0
45,23,0
36,44,0
34,29,0
50,25,0
14,20,0
274,23,1
275,11,1
316,26,1
306,39,1
295,13,1
316,22,1
291,30,1
309,13,1
299,45,1
277,30,1
278,37,1
307,25,1
280,36,1
276,10,1
303,24,1
309,14,1
305,9,1
308,13,1
305,43,1
305,7,1
307,19,1
278,36,1
271,25,1
290,3,1
294,12,1
312,12,1
290,19,1
300,32,1
292,26,1
314,21,1
299,43,1
299,28,1
300,27,1
295,47,1
280,7,1
303,3,1
285,27,1
283,46,1
304,23,1
274,12,1
299,6,1
312,30,1
303,31,1
302,34,1
304,25,1
293,29,1
301,29,1
310,22,1
299,44,1
301,27,1
304,48,1
310,45,1
318,21,1
298,24,1
280,36,1
306,12,1
294,41,1
296,6,1
308,13,1
290,42,1
293,48,1
279,19,1
302,14,1
299,27,1
307,25,1
314,36,1
296,37,1
304,43,1
311,30,1
298,45,1
283,16,1
300,3,1
290,40,1
304,44,1
291,4,1
294,30,1
308,22,1
288,7,1
311,11,1
290,48,1
301,46,1
283,31,1
286,44,1
283,11,1
293,12,1
317,15,1
305,18,1
309,7,1
282,36,1
311,32,1
307,21,1
287,25,1
283,46,1
277,24,1
276,27,1
307,10,1
280,33,1
307,46,1
294,7,1
282,41,1
276,18,1
300,8,1
315,36,1
302,18,1
311,29,1
312,40,1
297,29,1
300,33,1
282,21,1
279,42,1
291,34,1
297,28,1
293,39,1
309,5,1
293,21,1
291,27,1
287,23,1
305,9,1
290,39,1
303,36,1
287,16,1
302,23,1
295,1,1
302,43,1
300,21,1
314,27,1
319,22,1
295,18,1
280,42,1
277,42,1
305,34,1
289,29,1
279,10,1
316,18,1
306,30,1
288,32,1
318,32,1
293,43,1
302,28,1
289,12,1
303,16,1
292,19,1
303,30,1
285,18,1
289,35,1
285,14,1
316,21,1
282,10,1
306,6,1
287,26,1
305,13,1
279,9,1
282,29,1
275,24,1
276,34,1
306,7,1
287,45,1
278,13,1
279,17,1
308,27,1
294,41,1
273,15,1
305,38,1
298,8,1
294,12,1
284,27,1
279,41,1
291,29,1
296,37,1
305,29,1
298,11,1
283,31,1
315,27,1
277,35,1
316,20,1
285,46,1
272,23,1
303,48,1
300,25,1
286,25,1
278,39,1
296,45,1
290,31,1
297,36,1
283,44,1
301,9,1
286,27,1
291,43,1
309,35,1
296,11,1
288,26,1
285,20,1
307,30,1
303,4,1
285,11,1
317,20,1
289,26,1
304,15,1
296,14,1
314,38,1
291,24,1
275,23,1
310,28,1
308,27,1
286,9,1
315,36,1
318,18,1
291,2,1
314,13,1
299,12,1
289,32,1
296,23,1
294,13,1
272,17,1
306,11,1
273,25,1
281,26,1
278,21,1
291,47,1
291,5,1
284,41,1
277,38,1
315,40,1
314,38,1
313,40,1
318,19,1
293,6,1
296,26,1
281,41,1
279,7,1
293,15,1
310,36,1
276,36,1
298,42,1
284,32,1
304,28,1
308,45,1
306,21,1
281,41,1
303,47,1
305,23,1
296,35,1
286,40,1
307,40,1
295,13,1
305,43,1
276,27,1
279,8,1
281,6,1
279,16,1
