15,24,0
34,42,0
16,32,0
33,8,0
15,36,0
11,13,0
27,37,0
14,32,0
37,37,0
11,39,0
35,6,0
8,35,0
18,25,0
21,24,0
21,32,0
36,47,0
25,48,0
2,31,0
5,10,0
3,15,0
30,5,0
12,11,0
20,38,0
46,31,0
19,22,0
22,22,0
23,44,0
27,42,0
4,31,0
36,6,0
2,19,0
40,20,0
47,30,0
35,22,0
33,4,0
36,35,0
21,3,0
11,28,0
14,24,0
42,35,0
47,17,0
25,50,0
39,16,0
22,33,0
39,16,0
33,45,0
44,16,0
2,22,0
33,32,0
37,15,0
27,48,0
23,34,0
38,24,0
31,13,0
22,15,0
3,24,0
33,17,0
11,45,0
8,20,0
24,20,0
25,37,0
21,37,0
44,15,0
4,15,0
31,10,0
43,26,0
17,13,0
23,30,0
17,32,0
17,4,0
37,22,0
31,16,0
36,37,0
20,26,0
29,4,0
25,3,0
15,31,0
13,21,0
41,41,0
11,18,0
35,36,0
37,5,0
25,48,0
7,23,0
34,28,0
7,40,0
34,19,0
15,9,0
5,19,0
48,19,0
35,38,0
31,41,0
47,34,0
27,14,0
46,18,0
8,32,0
17,25,0
27,22,0
9,24,0
25,24,0
42,34,0
38,43,0
15,15,0
5,11,0
45,21,0
48,20,0
17,15,0
19,23,0
13,33,0
23,44,0
32,1,0
42,31,0
9,19,0
20,27,0
23,25,0
18,16,0
31,44,0
40,14,0
36,24,0
35,9,0
23,27,0
17,38,0
35,34,0
49,22,0
46,13,0
27,28,0
23,12,0
8,17,0
7,21,0
20,6,0
13,34,0
34,46,0
29,32,0
14,20,0
35,13,0
10,26,0
26,40,0
5,25,0
14,31,0
21,41,0
15,16,0
6,15,0
32,16,0
44,21,0
34,19,0
21,45,0
43,21,0
28,14,0
28,44,0
36,24,0
23,26,0
34,17,0
26,22,0
23,39,0
31,35,0
35,41,0
20,1,0
38,12,0
15,25,0
29,46,0
2,30,0
48,28,0
23,39,0
28,21,0
7,20,0
12,31,0
26,25,0
15,37,0
36,39,0
35,40,0
39,25,0
32,24,0
5,30,0
27,42,0
12,43,0
19,42,0
36,28,0
44,14,0
18,8,0
8,13,0
36,37,0
26,34,0
14,37,0
32,9,0
22,1,0
9,13,0
24,48,0
7,12,0
18,41,0
31,24,0
27,25,0
41,14,0
17,26,0
30,8,0
9,15,0
3,26,0
38,35,0
20,11,0
16,46,0
2,31,0
24,20,0
44,40,0
15,8,0
3,35,0
16,11,0
9,20,0
10,45,0
47,28,0
21,36,0
41,24,0
39,17,0
35,45,0
47,28,0
42,27,0
30,49,0
8,39,0
34,28,0
12,44,0
10,32,0
28,26,0
8,30,0
26,38,0
5,17,0
38,22,0
40,7,0
25,8,0
18,38,0
36,37,0
14,6,0
33,5,0
25,26,0
4,13,0
24,7,0
14,18,0
17,45,0
22,28,0
26,43,0
4,31,0
33,10,0
25,14,0
23,33,0
21,20,0
41,6,0
23,39,0
44,17,0
2,26,0
8,16,0
46,30,0
35,33,0
18,40,0
322,5,1
327,25,1
292,25,1
312,29,1
324,21,1
310,34,1
324,22,1
304,42,1
310,27,1
313,22,1
317,25,1
303,14,1
320,42,1
334,18,1
322,41,1
291,22,1
305,20,1
291,32,1
302,4,1
298,31,1
324,31,1
301,25,1
333,16,1
318,16,1
338,17,1
304,3,1
311,14,1
296,29,1
315,29,1
323,32,1
339,26,1
305,36,1
319,44,1
335,37,1
335,36,1
298,15,1
300,34,1
331,8,1
304,30,1
308,28,1
300,23,1
330,43,1
302,34,1
326,20,1
320,6,1
317,4,1
312,17,1
334,22,1
294,27,1
333,32,1
302,20,1
336,24,1
330,45,1
316,24,1
321,43,1
317,16,1
316,5,1
314,6,1
320,14,1
324,8,1
306,25,1
317,18,1
314,44,1
312,32,1
315,11,1
330,32,1
318,14,1
302,27,1
311,3,1
339,30,1
305,30,1
330,42,1
299,41,1
305,25,1
321,5,1
301,36,1
308,35,1
308,34,1
303,23,1
310,1,1
325,8,1
326,32,1
306,19,1
305,15,1
300,5,1
295,33,1
298,37,1
309,40,1
309,48,1
311,35,1
314,46,1
325,26,1
316,13,1
324,6,1
316,31,1
301,6,1
310,29,1
314,14,1
301,37,1
337,34,1
316,8,1
315,39,1
316,47,1
306,12,1
324,42,1
308,7,1
330,35,1
319,34,1
297,29,1
326,8,1
321,4,1
330,29,1
292,29,1
329,20,1
337,23,1
318,47,1
312,24,1
317,25,1
313,46,1
335,27,1
305,3,1
301,36,1
298,21,1
305,7,1
309,26,1
314,21,1
312,23,1
309,28,1
323,20,1
294,26,1
339,22,1
328,23,1
340,25,1
321,3,1
322,33,1
297,20,1
301,24,1
328,8,1
314,15,1
330,39,1
333,13,1
328,45,1
310,12,1
300,22,1
296,15,1
309,33,1
292,29,1
315,43,1
336,18,1
298,12,1
314,26,1
330,11,1
298,35,1
314,24,1
310,40,1
327,20,1
298,20,1
320,45,1
337,19,1
303,44,1
316,15,1
305,12,1
295,21,1
338,30,1
302,7,1
299,38,1
315,46,1
306,16,1
328,44,1
335,30,1
296,16,1
311,13,1
316,15,1
308,4,1
295,19,1
307,22,1
311,28,1
323,12,1
294,18,1
311,16,1
292,34,1
305,3,1
309,16,1
322,37,1
333,12,1
324,28,1
317,24,1
306,20,1
309,41,1
317,29,1
308,23,1
327,43,1
309,29,1
294,15,1
304,7,1
330,36,1
302,13,1
302,22,1
306,10,1
332,11,1
334,28,1
317,36,1
329,40,1
296,32,1
316,49,1
316,31,1
316,1,1
335,40,1
292,23,1
300,31,1
300,21,1
296,37,1
301,13,1
318,7,1
315,19,1
332,39,1
307,13,1
326,10,1
293,22,1
330,42,1
329,39,1
327,29,1
336,22,1
322,19,1
324,8,1
304,24,1
305,16,1
292,27,1
298,43,1
329,40,1
308,21,1
335,26,1
303,17,1
330,8,1
328,37,1
293,31,1
321,40,1
330,20,1
311,11,1
307,25,1
337,25,1
330,36,1
295,39,1
309,24,1
334,32,1
299,15,1
335,28,1
314,10,1
324,34,1
327,17,1
310,34,1
326,29,1
315,36,1
297,25,1
339,28,1
328,10,1
325,36,1
314,13,1
316,14,1
293,36,1
303,16,1
336,33,1
333,23,1
327,41,1
299,31,1
339,29,1
323,3,1
327,26,1
300,20,1
303,38,1
300,6,1
327,36,1
309,43,1
298,42,1
326,11,1
312,12,1
303,12,1
326,18,1
329,32,1
304,12,1
313,10,1
315,10,1
308,13,1
323,32,1
301,35,1
306,7,1
327,39,1
302,5,1
329,14,1
324,27,1
317,25,1
316,14,1
298,40,1
317,3,1
310,27,1
326,30,1
314,12,1
295,28,1
330,12,1
309,11,1
320,19,1
321,12,1
297,41,1
312,4,1
302,34,1
328,17,1
316,24,1
329,37,1
320,33,1
305,45,1
325,43,1
310,35,1
324,30,1
325,3,1
324,33,1
307,4,1
309,36,1
339,29,1
320,12,1
319,48,1
326,9,1
292,20,1
299,26,1
328,16,1
331,16,1
303,37,1
293,25,1
332,39,1
313,3,1
336,30,1
314,17,1
309,40,1
318,4,1
299,6,1
305,20,1
294,16,1
328,34,1
304,41,1
333,11,1
297,35,1
306,40,1
329,16,1
300,43,1
311,12,1
316,6,1
337,30,1
338,21,1
326,33,1
322,30,1
308,19,1
294,27,1
318,36,1
294,15,1
318,30,1
305,47,1
333,29,1
339,30,1
328,6,1
335,29,1
292,28,1
291,19,1
316,2,1
334,38,1
336,18,1
313,36,1
325,14,1
322,14,1
303,12,1
312,48,1
296,33,1
311,47,1
329,23,1
316,33,1
325,4,1
312,4,1
298,29,1
312,37,1
310,22,1
311,3,1
326,18,1
304,30,1
308,49,1
297,29,1
329,7,1
306,41,1
329,31,1
309,46,1
332,16,1
306,36,1
318,7,1
319,49,1
306,13,1
308,2,1
308,10,1
299,42,1
307,40,1
295,24,1
324,11,1
300,12,1
327,17,1
328,18,1
301,21,1
299,20,1
335,31,1
303,12,1
316,29,1
307,29,1
330,5,1
305,3,1
332,7,1
309,27,1
322,18,1
300,16,1
300,40,1
337,20,1
314,14,1
335,39,1
315,47,1
303,22,1
333,40,1
294,15,1
318,30,1
317,27,1
300,16,1
320,31,1
331,32,1
313,13,1
293,28,1
309,32,1
334,34,1
326,7,1
308,47,1
296,22,1
316,5,1
308,5,1
310,3,1
304,4,1
303,34,1
298,22,1
310,48,1
301,41,1
301,10,1
323,26,1
320,42,1
332,32,1
326,24,1
317,17,1
337,25,1
309,21,1
333,8,1
312,21,1
311,7,1
297,30,1
319,23,1
331,35,1
319,10,1
311,11,1
332,14,1
305,22,1
307,11,1
330,12,1
337,23,1
323,31,1
300,39,1
301,43,1
310,7,1
304,37,1
293,36,1
307,44,1
315,11,1
333,16,1
330,39,1
302,28,1
313,14,1
318,34,1
334,12,1
305,34,1
303,36,1
329,32,1
294,23,1
329,18,1
319,10,1
302,31,1
333,24,1
307,26,1
329,27,1
297,21,1
334,41,1
320,22,1
328,17,1
308,30,1
332,9,1
322,15,1
319,33,1
326,24,1
330,31,1
312,11,1
300,24,1
319,40,1
334,34,1
317,39,1
305,40,1
334,21,1
325,46,1
332,37,1
337,21,1
311,11,1
296,22,1
332,38,1
326,30,1
334,32,1
312,35,1
295,17,1
316,37,1
328,28,1
312,22,1
316,47,1
336,21,1
330,32,1
312,46,1
328,20,1
294,37,1
318,18,1
301,19,1
307,45,1
332,35,1
304,6,1
321,38,1
306,46,1
331,42,1
312,47,1
332,23,1
296,34,1
314,35,1
325,15,1
316,9,1
308,3,1
307,39,1
320,6,1
302,16,1
317,48,1
314,30,1
318,17,1
323,16,1
298,19,1
318,47,1
313,32,1
315,13,1
332,15,1
315,8,1
314,32,1
319,25,1
312,4,1
305,25,1
300,23,1
318,9,1
317,34,1
335,32,1
309,23,1
314,16,1
328,6,1
332,23,1
332,31,1
314,16,1
329,8,1
299,13,1
323,21,1
327,5,1
308,8,1
312,46,1
294,37,1
300,41,1
315,23,1
307,14,1
309,30,1
315,46,1
311,29,1
297,13,1
304,8,1
320,9,1
303,10,1
332,9,1
321,26,1
307,42,1
322,42,1
325,44,1
316,4,1
315,33,1
316,40,1
328,6,1
304,15,1
313,17,1
339,20,1
305,44,1
293,15,1
324,35,1
335,29,1
312,8,1
327,5,1
310,48,1
307,46,1
324,26,1
308,49,1
328,10,1
292,21,1
329,42,1
336,12,1
327,30,1
327,22,1
315,49,1
326,25,1
298,23,1
334,31,1
295,14,1
329,29,1
323,14,1
323,31,1
330,9,1
300,7,1
306,10,1
312,23,1
318,3,1
337,24,1
330,41,1
330,22,1
315,17,1
299,42,1
297,31,1
324,7,1
306,6,1
330,17,1
319,44,1
294,38,1
299,40,1
319,18,1
300,12,1
328,29,1
316,2,1
313,32,1
324,41,1
307,24,1
323,33,1
302,33,1
293,36,1
308,1,1
323,36,1
324,32,1
299,39,1
307,10,1
306,19,1
313,23,1
324,26,1
322,1,1
338,25,1
337,27,1
324,28,1
330,29,1
309,40,1
323,41,1
305,24,1
305,36,1
294,30,1
333,38,1
311,6,1
332,20,1
303,39,1
298,23,1
325,15,1
322,47,1
319,36,1
336,37,1
330,35,1
309,37,1
306,8,1
292,19,1
312,44,1
326,21,1
318,35,1
298,12,1
322,48,1
319,35,1
295,34,1
333,41,1
323,38,1
315,34,1
328,10,1
297,41,1
319,45,1
329,11,1
312,8,1
298,22,1
310,19,1
331,11,1
309,29,1
321,20,1
300,39,1
332,16,1
318,32,1
318,2,1
331,33,1
325,36,1
294,16,1
305,28,1
331,22,1
330,35,1
296,18,1
330,33,1
321,45,1
300,32,1
302,36,1
304,34,1
320,29,1
304,28,1
337,24,1
314,33,1
332,14,1
317,5,1
307,19,1
291,27,1
319,33,1
309,32,1
296,23,1
325,38,1
310,37,1
301,23,1
318,41,1
331,21,1
307,30,1
296,35,1
336,38,1
297,16,1
327,20,1
295,30,1
318,3,1
298,36,1
328,22,1
294,27,1
331,25,1
305,38,1
336,21,1
338,24,1
301,29,1
292,21,1
293,29,1
302,40,1
303,13,1
325,6,1
329,18,1
300,20,1
294,29,1
