36,11,0
24,45,0
13,23,0
14,35,0
41,10,0
45,40,0
11,25,0
47,36,0
15,7,0
22,32,0
3,31,0
14,41,0
48,22,0
45,38,0
15,5,0
23,17,0
38,32,0
24,2,0
40,28,0
41,35,0
12,10,0
41,15,0
17,39,0
25,47,0
9,12,0
45,17,0
27,31,0
7,19,0
34,38,0
2,34,0
14,36,0
33,7,0
40,17,0
6,40,0
29,37,0
30,7,0
16,10,0
24,32,0
19,8,0
37,22,0
12,43,0
48,32,0
17,8,0
36,14,0
20,23,0
15,13,0
29,28,0
23,19,0
15,27,0
41,32,0
34,9,0
21,4,0
21,39,0
25,10,0
5,17,0
23,45,0
43,32,0
47,26,0
41,19,0
5,33,0
40,5,0
37,41,0
46,14,0
26,22,0
14,44,0
2,30,0
48,18,0
31,1,0
27,24,0
40,18,0
30,42,0
19,46,0
39,35,0
18,20,0
31,34,0
22,9,0
29,31,0
22,21,0
23,41,0
28,35,0
9,17,0
39,29,0
21,7,0
18,25,0
36,44,0
34,32,0
41,39,0
6,17,0
40,25,0
5,21,0
11,24,0
43,16,0
38,46,0
36,10,0
7,35,0
18,18,0
39,24,0
14,5,0
42,25,0
37,15,0
33,17,0
44,12,0
36,42,0
10,33,0
4,33,0
38,31,0
4,38,0
4,28,0
28,4,0
34,28,0
12,20,0
7,14,0
32,13,0
21,41,0
23,21,0
40,38,0
36,4,0
39,43,0
29,5,0
40,32,0
21,48,0
25,38,0
37,19,0
42,8,0
45,13,0
7,40,0
35,43,0
30,44,0
31,48,0
42,37,0
35,42,0
22,37,0
38,30,0
25,10,0
20,8,0
15,17,0
25,46,0
39,15,0
26,26,0
41,8,0
10,12,0
12,41,0
11,33,0
9,22,0
5,24,0
22,49,0
49,22,0
33,45,0
11,15,0
34,32,0
37,44,0
33,37,0
46,13,0
15,35,0
18,19,0
49,29,0
33,28,0
12,16,0
32,16,0
43,24,0
16,19,0
16,43,0
11,30,0
17,44,0
15,19,0
17,18,0
19,14,0
17,47,0
14,13,0
41,34,0
31,18,0
6,30,0
4,29,0
24,10,0
24,39,0
48,22,0
25,21,0
19,18,0
36,27,0
24,21,0
13,29,0
47,31,0
23,42,0
38,30,0
1,22,0
16,6,0
20,27,0
10,32,0
12,10,0
32,38,0
37,13,0
45,29,0
16,18,0
47,19,0
12,6,0
30,1,0
19,43,0
29,36,0
43,37,0
42,38,0
36,33,0
45,26,0
7,12,0
15,20,0
15,13,0
34,32,0
37,37,0
15,18,0
48,21,0
14,44,0
25,43,0
45,38,0
33,39,0
32,15,0
22,22,0
13,16,0
19,39,0
2,32,0
9,17,0
32,12,0
26,23,0
31,12,0
41,16,0
17,23,0
49,28,0
24,36,0
25,29,0
15,22,0
37,6,0
28,8,0
18,6,0
38,12,0
21,23,0
46,22,0
11,33,0
35,18,0
29,2,0
4,33,0
18,9,0
48,27,0
17,35,0
37,7,0
44,9,0
2,28,0
21,19,0
16,35,0
37,5,0
3,26,0
12,19,0
25,6,0
258,47,1
241,28,1
260,6,1
252,17,1
263,45,1
272,1,1
265,50,1
280,12,1
247,12,1
262,49,1
264,12,1
277,18,1
288,17,1
280,40,1
263,38,1
273,32,1
280,10,1
265,2,1
256,44,1
261,11,1
278,46,1
257,48,1
270,46,1
255,41,1
263,41,1
268,28,1
270,19,1
270,6,1
270,14,1
247,9,1
284,16,1
270,39,1
255,47,1
257,29,1
244,35,1
287,31,1
261,49,1
253,16,1
277,42,1
285,12,1
252,27,1
284,34,1
278,18,1
259,14,1
267,44,1
263,28,1
256,40,1
276,26,1
254,33,1
281,13,1
274,39,1
272,38,1
265,12,1
276,38,1
261,44,1
259,11,1
281,40,1
272,6,1
273,36,1
288,20,1
276,12,1
260,23,1
283,17,1
248,34,1
276,9,1
287,23,1
272,31,1
283,33,1
288,24,1
272,22,1
276,25,1
257,35,1
268,24,1
252,43,1
276,21,1
251,11,1
288,20,1
248,40,1
244,12,1
275,46,1
244,19,1
250,28,1
256,43,1
252,32,1
289,24,1
267,9,1
269,47,1
250,42,1
254,27,1
242,23,1
253,27,1
255,15,1
283,37,1
263,41,1
243,17,1
285,17,1
274,28,1
252,26,1
279,7,1
284,15,1
258,20,1
285,10,1
278,29,1
281,17,1
264,35,1
257,22,1
264,9,1
259,28,1
284,9,1
260,27,1
278,19,1
275,22,1
252,35,1
262,22,1
280,6,1
256,31,1
258,40,1
272,5,1
242,16,1
270,44,1
247,31,1
287,34,1
241,29,1
258,25,1
280,31,1
243,18,1
279,30,1
268,12,1
250,9,1
281,26,1
269,41,1
276,29,1
287,35,1
253,17,1
269,19,1
241,21,1
264,48,1
250,21,1
275,8,1
252,10,1
269,37,1
252,17,1
257,32,1
282,31,1
269,43,1
257,8,1
284,12,1
254,46,1
259,35,1
269,27,1
262,4,1
255,11,1
262,45,1
244,38,1
269,29,1
263,4,1
257,40,1
261,8,1
256,20,1
267,48,1
272,34,1
279,13,1
264,15,1
282,15,1
251,36,1
273,47,1
289,31,1
271,38,1
283,21,1
269,7,1
250,36,1
253,29,1
244,32,1
252,39,1
274,7,1
267,4,1
280,18,1
252,5,1
252,5,1
262,42,1
266,8,1
259,12,1
278,39,1
257,17,1
245,13,1
260,27,1
272,6,1
251,41,1
263,11,1
265,19,1
247,38,1
253,31,1
251,34,1
276,30,1
282,20,1
255,37,1
264,39,1
275,45,1
264,20,1
248,16,1
281,44,1
256,46,1
249,10,1
282,33,1
276,23,1
252,22,1
289,29,1
260,33,1
281,36,1
251,13,1
241,21,1
287,33,1
274,42,1
251,9,1
261,3,1
255,47,1
262,45,1
268,4,1
248,37,1
269,36,1
260,7,1
281,33,1
279,19,1
284,29,1
282,19,1
287,22,1
249,18,1
268,22,1
274,8,1
250,36,1
244,18,1
264,3,1
253,10,1
275,22,1
270,24,1
275,41,1
269,19,1
250,23,1
268,48,1
275,4,1
256,28,1
273,18,1
265,43,1
263,17,1
279,23,1
289,18,1
264,48,1
289,28,1
264,8,1
270,15,1
268,30,1
281,14,1
266,1,1
262,35,1
261,26,1
268,22,1
257,6,1
266,32,1
272,25,1
285,34,1
266,44,1
259,11,1
246,11,1
264,19,1
274,28,1
253,31,1
249,18,1
277,26,1
276,24,1
267,48,1
285,31,1
252,40,1
242,31,1
284,24,1
261,29,1
284,29,1
260,25,1
263,13,1
280,45,1
250,39,1
250,9,1
246,18,1
285,25,1
273,16,1
247,16,1
289,27,1
287,32,1
283,9,1
271,10,1
242,20,1
276,12,1
280,7,1
250,22,1
258,43,1
250,35,1
280,10,1
255,12,1
254,19,1
263,31,1
264,35,1
264,27,1
276,18,1
263,4,1
271,2,1
247,12,1
263,35,1
263,32,1
278,35,1
268,5,1
282,22,1
247,9,1
262,41,1
262,32,1
254,31,1
255,15,1
249,37,1
253,14,1
282,17,1
272,20,1
259,40,1
282,24,1
280,41,1
286,16,1
250,30,1
254,4,1
268,27,1
258,18,1
269,49,1
250,35,1
268,36,1
244,26,1
252,19,1
279,14,1
271,13,1
276,25,1
283,37,1
249,36,1
264,26,1
243,21,1
243,21,1
271,23,1
270,5,1
242,33,1
274,10,1
264,48,1
278,9,1
286,22,1
263,15,1
260,32,1
270,48,1
251,36,1
259,14,1
258,26,1
245,24,1
289,28,1
289,22,1
258,15,1
283,23,1
268,39,1
244,20,1
260,32,1
273,23,1
262,23,1
272,18,1
262,4,1
262,21,1
263,42,1
270,12,1
251,36,1
254,31,1
262,48,1
260,3,1
275,21,1
258,28,1
284,10,1
266,39,1
245,26,1
278,43,1
245,19,1
244,19,1
268,36,1
264,3,1
266,15,1
242,29,1
280,17,1
273,5,1
283,13,1
244,14,1
252,13,1
261,38,1
278,17,1
245,28,1
263,40,1
271,42,1
282,12,1
263,13,1
282,17,1
284,9,1
265,19,1
260,5,1
272,27,1
257,41,1
255,31,1
257,14,1
243,30,1
280,38,1
258,38,1
276,45,1
254,15,1
259,31,1
268,40,1
286,20,1
266,43,1
250,22,1
273,44,1
241,26,1
267,15,1
254,20,1
250,45,1
256,7,1
253,5,1
278,42,1
269,21,1
284,35,1
251,16,1
280,26,1
243,15,1
278,16,1
251,36,1
275,27,1
285,38,1
240,25,1
272,16,1
280,12,1
260,44,1
257,25,1
251,40,1
282,25,1
244,24,1
284,39,1
275,37,1
277,41,1
280,41,1
264,2,1
257,41,1
272,24,1
266,43,1
262,19,1
269,29,1
280,28,1
275,40,1
244,36,1
250,21,1
270,38,1
270,33,1
261,48,1
278,25,1
251,15,1
247,12,1
264,24,1
264,17,1
243,27,1
267,29,1
249,32,1
271,5,1
250,39,1
263,5,1
272,41,1
265,26,1
269,25,1
251,36,1
262,49,1
255,3,1
260,43,1
266,44,1
276,36,1
259,11,1
266,12,1
246,13,1
242,26,1
248,10,1
253,30,1
280,24,1
246,31,1
255,31,1
255,42,1
265,18,1
265,24,1
267,22,1
277,19,1
248,11,1
262,34,1
257,14,1
283,26,1
259,19,1
264,10,1
254,46,1
260,40,1
268,41,1
273,37,1
274,48,1
275,32,1
261,13,1
242,20,1
271,30,1
274,30,1
283,24,1
265,5,1
264,20,1
259,13,1
243,30,1
267,14,1
286,31,1
265,18,1
267,10,1
255,41,1
270,44,1
272,36,1
249,14,1
254,18,1
259,16,1
270,26,1
280,35,1
247,11,1
253,39,1
267,40,1
269,22,1
272,21,1
285,37,1
255,25,1
284,11,1
286,31,1
248,11,1
246,30,1
282,27,1
247,11,1
247,15,1
257,20,1
280,43,1
275,39,1
255,44,1
277,24,1
265,48,1
264,44,1
264,14,1
271,16,1
285,17,1
255,40,1
284,35,1
284,39,1
266,26,1
265,20,1
246,16,1
262,11,1
259,36,1
269,49,1
268,28,1
252,12,1
257,46,1
285,22,1
249,27,1
244,19,1
256,14,1
251,17,1
260,15,1
265,41,1
252,20,1
271,40,1
242,33,1
262,35,1
243,36,1
286,25,1
272,20,1
248,42,1
268,39,1
249,39,1
251,36,1
241,29,1
251,43,1
246,19,1
255,32,1
251,38,1
277,14,1
264,49,1
281,10,1
267,2,1
276,29,1
278,30,1
255,19,1
280,38,1
283,33,1
246,19,1
287,17,1
283,9,1
276,13,1
283,28,1
281,10,1
256,38,1
250,15,1
278,42,1
279,14,1
249,39,1
261,33,1
253,19,1
282,23,1
265,1,1
279,29,1
266,13,1
252,18,1
281,23,1
254,22,1
271,32,1
272,22,1
279,38,1
260,7,1
267,31,1
250,36,1
271,26,1
243,29,1
265,3,1
257,2,1
266,10,1
262,32,1
273,20,1
257,38,1
244,20,1
266,48,1
248,36,1
260,39,1
257,15,1
265,14,1
268,1,1
272,42,1
282,26,1
250,26,1
271,14,1
273,43,1
270,42,1
261,41,1
283,21,1
270,3,1
258,27,1
282,8,1
281,38,1
271,39,1
286,20,1
288,21,1
267,11,1
249,26,1
259,23,1
264,14,1
258,43,1
257,26,1
251,41,1
242,19,1
247,8,1
275,29,1
282,18,1
254,40,1
258,30,1
280,22,1
261,40,1
280,44,1
269,12,1
259,34,1
274,16,1
277,21,1
270,34,1
276,32,1
262,9,1
276,33,1
287,28,1
272,38,1
285,25,1
245,27,1
263,42,1
254,42,1
258,12,1
279,21,1
264,9,1
277,29,1
257,13,1
250,38,1
257,3,1
287,28,1
263,5,1
246,13,1
283,14,1
273,4,1
283,34,1
280,31,1
269,30,1
274,15,1
275,6,1
249,32,1
257,29,1
250,38,1
247,28,1
257,24,1
256,14,1
259,22,1
254,14,1
256,30,1
264,32,1
283,31,1
279,36,1
276,23,1
254,33,1
261,47,1
258,15,1
243,31,1
265,38,1
266,38,1
266,15,1
268,15,1
259,5,1
258,49,1
278,12,1
264,15,1
259,26,1
241,29,1
263,47,1
281,24,1
246,34,1
244,13,1
258,26,1
285,27,1
270,20,1
281,19,1
263,39,1
259,21,1
272,17,1
255,31,1
266,49,1
279,29,1
254,41,1
257,7,1
253,39,1
280,26,1
285,26,1
270,7,1
271,18,1
241,18,1
272,6,1
284,11,1
255,19,1
251,13,1
282,22,1
276,26,1
253,25,1
