44,29,0
3,24,0
12,31,0
14,37,0
22,48,0
22,42,0
20,13,0
31,25,0
45,34,0
29,32,0
31,35,0
4,22,0
34,3,0
9,24,0
6,30,0
14,9,0
25,8,0
38,39,0
39,19,0
8,12,0
3,31,0
33,41,0
10,44,0
36,14,0
45,28,0
33,14,0
6,10,0
44,20,0
26,45,0
28,23,0
15,11,0
32,21,0
13,6,0
8,21,0
17,15,0
27,47,0
43,31,0
43,13,0
41,28,0
24,17,0
40,15,0
23,34,0
21,24,0
29,33,0
11,13,0
38,31,0
8,12,0
22,16,0
23,17,0
10,28,0
39,33,0
42,16,0
21,4,0
24,21,0
4,16,0
29,25,0
20,19,0
35,5,0
25,18,0
41,27,0
46,37,0
16,47,0
29,1,0
44,20,0
30,28,0
18,8,0
13,27,0
17,2,0
36,14,0
30,2,0
5,18,0
14,23,0
3,31,0
20,44,0
41,17,0
34,43,0
6,27,0
42,42,0
18,2,0
15,16,0
12,8,0
32,42,0
15,41,0
39,7,0
7,35,0
34,4,0
27,37,0
10,42,0
27,9,0
34,2,0
35,46,0
28,43,0
19,2,0
34,43,0
29,46,0
16,30,0
23,20,0
10,5,0
38,39,0
45,39,0
28,39,0
40,42,0
40,41,0
31,23,0
27,19,0
2,27,0
48,18,0
34,8,0
9,11,0
36,37,0
13,25,0
36,25,0
13,46,0
16,24,0
49,25,0
14,41,0
44,18,0
4,28,0
3,19,0
9,20,0
17,30,0
30,38,0
15,19,0
11,45,0
45,19,0
18,29,0
21,16,0
49,32,0
24,40,0
15,5,0
5,16,0
9,25,0
21,29,0
37,17,0
22,28,0
33,6,0
27,38,0
23,45,0
20,15,0
32,7,0
29,5,0
47,30,0
27,47,0
4,32,0
33,16,0
26,15,0
20,34,0
48,26,0
5,17,0
30,48,0
15,5,0
11,18,0
35,42,0
37,6,0
5,30,0
34,35,0
37,42,0
7,19,0
28,31,0
25,49,0
36,20,0
17,40,0
20,41,0
18,13,0
15,6,0
18,23,0
39,34,0
43,28,0
22,48,0
1,19,0
37,37,0
32,25,0
28,39,0
43,42,0
18,31,0
12,8,0
22,16,0
6,14,0
30,40,0
16,42,0
22,11,0
39,43,0
28,32,0
26,38,0
7,41,0
35,43,0
41,29,0
6,16,0
7,10,0
15,46,0
29,13,0
45,16,0
23,45,0
39,5,0
20,14,0
19,19,0
47,32,0
27,30,0
40,40,0
25,25,0
17,40,0
42,34,0
25,18,0
42,32,0
23,16,0
43,12,0
26,22,0
45,20,0
35,27,0
19,15,0
38,27,0
14,18,0
41,29,0
27,14,0
7,30,0
8,15,0
1,26,0
4,19,0
10,25,0
37,44,0
1,32,0
41,38,0
9,11,0
13,18,0
13,13,0
42,38,0
27,44,0
25,2,0
20,6,0
36,10,0
19,13,0
16,31,0
18,47,0
29,47,0
20,42,0
23,3,0
35,16,0
36,13,0
21,24,0
39,37,0
34,26,0
27,15,0
3,21,0
32,42,0
32,1,0
10,41,0
29,31,0
6,23,0
31,7,0
1,30,0
266,40,1
267,27,1
234,27,1
265,36,1
250,16,1
267,16,1
273,14,1
243,32,1
263,45,1
264,2,1
269,31,1
257,37,1
258,30,1
270,22,1
245,47,1
260,16,1
264,14,1
267,27,1
264,32,1
253,11,1
245,16,1
237,26,1
259,20,1
237,27,1
252,27,1
232,24,1
260,17,1
265,7,1
254,11,1
247,40,1
266,39,1
272,40,1
246,27,1
252,3,1
241,14,1
235,28,1
268,14,1
231,19,1
267,23,1
233,30,1
235,20,1
256,12,1
238,16,1
260,36,1
270,41,1
242,13,1
252,31,1
265,41,1
251,43,1
258,14,1
276,25,1
246,12,1
257,4,1
248,32,1
257,28,1
236,33,1
257,40,1
250,30,1
250,45,1
267,17,1
266,9,1
244,39,1
274,28,1
236,26,1
273,31,1
259,24,1
232,28,1
243,21,1
252,32,1
270,29,1
231,23,1
255,3,1
269,30,1
244,8,1
258,49,1
241,13,1
259,20,1
259,11,1
246,4,1
231,21,1
253,20,1
275,25,1
249,34,1
263,20,1
257,24,1
257,49,1
258,29,1
237,19,1
261,38,1
262,30,1
234,30,1
255,48,1
277,31,1
249,24,1
272,30,1
252,4,1
272,39,1
239,27,1
261,20,1
266,44,1
232,16,1
238,7,1
270,17,1
255,37,1
265,37,1
244,32,1
262,23,1
269,20,1
270,34,1
268,27,1
266,27,1
233,25,1
256,11,1
264,20,1
253,18,1
239,31,1
259,14,1
246,22,1
271,44,1
231,31,1
266,20,1
277,31,1
250,6,1
269,33,1
267,36,1
261,47,1
247,31,1
257,41,1
240,6,1
254,36,1
239,26,1
265,16,1
261,2,1
240,7,1
248,1,1
240,42,1
244,40,1
247,31,1
241,44,1
243,27,1
246,42,1
244,26,1
258,29,1
264,13,1
274,32,1
268,14,1
249,5,1
264,21,1
263,39,1
277,24,1
269,45,1
240,36,1
249,11,1
263,27,1
258,18,1
238,42,1
246,31,1
250,32,1
265,14,1
268,45,1
264,39,1
267,14,1
233,27,1
275,15,1
260,25,1
274,10,1
241,37,1
233,18,1
245,21,1
264,23,1
246,3,1
248,16,1
268,44,1
244,45,1
264,14,1
270,13,1
232,19,1
273,42,1
271,39,1
241,25,1
261,42,1
233,15,1
276,15,1
252,28,1
240,45,1
267,32,1
243,6,1
271,25,1
232,29,1
253,10,1
264,2,1
262,19,1
234,32,1
254,17,1
260,9,1
270,23,1
249,39,1
262,8,1
274,34,1
244,43,1
272,34,1
258,25,1
270,22,1
243,35,1
262,29,1
248,26,1
250,36,1
255,17,1
235,32,1
237,31,1
249,15,1
258,15,1
239,27,1
268,42,1
238,20,1
242,14,1
266,42,1
269,18,1
250,44,1
265,9,1
242,36,1
274,26,1
255,19,1
258,3,1
260,23,1
251,26,1
272,18,1
257,22,1
230,25,1
256,21,1
263,43,1
251,32,1
270,10,1
258,23,1
273,18,1
254,9,1
246,34,1
260,31,1
274,28,1
263,24,1
260,10,1
262,34,1
249,32,1
267,22,1
278,18,1
247,26,1
269,27,1
255,16,1
250,45,1
233,31,1
268,10,1
249,17,1
268,14,1
253,10,1
275,22,1
242,41,1
238,41,1
262,14,1
236,9,1
253,6,1
276,13,1
247,47,1
245,32,1
236,27,1
254,26,1
233,27,1
258,17,1
239,18,1
252,42,1
257,15,1
242,42,1
257,20,1
276,28,1
267,20,1
276,16,1
263,12,1
236,18,1
275,39,1
251,31,1
259,42,1
276,38,1
246,19,1
269,41,1
270,19,1
269,32,1
250,31,1
246,38,1
246,34,1
250,5,1
246,35,1
243,23,1
262,36,1
244,46,1
258,42,1
262,43,1
271,28,1
272,42,1
245,29,1
258,19,1
264,29,1
272,11,1
263,7,1
263,6,1
263,38,1
233,31,1
245,31,1
238,26,1
265,23,1
232,24,1
264,6,1
260,12,1
264,47,1
260,29,1
268,5,1
248,6,1
265,9,1
272,27,1
256,27,1
262,19,1
235,29,1
273,9,1
238,24,1
255,38,1
246,34,1
273,29,1
235,24,1
267,16,1
246,17,1
275,40,1
255,4,1
260,4,1
266,14,1
270,14,1
273,34,1
239,12,1
236,29,1
242,10,1
233,31,1
274,36,1
272,26,1
264,23,1
252,5,1
249,25,1
254,46,1
275,27,1
247,39,1
273,33,1
242,37,1
265,39,1
270,22,1
254,13,1
237,26,1
276,34,1
246,39,1
252,10,1
238,19,1
257,49,1
263,34,1
249,33,1
260,49,1
274,41,1
248,45,1
268,31,1
245,40,1
268,14,1
257,14,1
247,23,1
231,32,1
254,47,1
243,39,1
258,1,1
246,30,1
262,40,1
258,30,1
247,38,1
274,37,1
251,25,1
257,26,1
268,5,1
254,24,1
258,23,1
257,6,1
246,38,1
248,39,1
251,2,1
252,8,1
276,36,1
249,13,1
267,4,1
258,48,1
235,32,1
268,37,1
270,44,1
251,20,1
253,10,1
261,23,1
262,4,1
274,39,1
251,32,1
250,5,1
267,4,1
271,44,1
267,27,1
263,7,1
238,29,1
265,31,1
262,9,1
253,2,1
264,38,1
238,23,1
268,12,1
236,35,1
243,42,1
275,39,1
263,7,1
239,27,1
259,9,1
269,42,1
246,3,1
277,16,1
247,19,1
256,34,1
257,23,1
258,6,1
258,33,1
238,19,1
251,32,1
243,43,1
254,38,1
239,29,1
255,17,1
265,12,1
268,27,1
258,5,1
248,22,1
262,28,1
235,36,1
259,22,1
248,22,1
234,19,1
242,8,1
268,8,1
238,34,1
244,24,1
266,26,1
275,36,1
268,20,1
246,30,1
246,42,1
252,47,1
260,32,1
247,16,1
263,45,1
251,48,1
239,31,1
238,11,1
265,20,1
245,47,1
251,7,1
265,42,1
238,26,1
272,32,1
252,16,1
267,27,1
272,9,1
273,36,1
268,20,1
265,20,1
246,29,1
267,30,1
241,31,1
273,30,1
265,39,1
252,33,1
250,45,1
247,2,1
267,36,1
263,30,1
264,4,1
236,26,1
238,42,1
243,6,1
249,20,1
254,48,1
249,36,1
253,27,1
263,12,1
269,6,1
261,39,1
232,32,1
245,22,1
244,11,1
260,36,1
242,40,1
275,36,1
265,17,1
244,31,1
268,30,1
252,33,1
276,38,1
259,43,1
242,44,1
267,15,1
270,17,1
244,30,1
271,18,1
267,33,1
243,45,1
246,47,1
250,48,1
238,17,1
249,26,1
273,10,1
250,43,1
280,25,1
271,25,1
261,13,1
271,14,1
247,10,1
279,32,1
270,37,1
278,22,1
231,29,1
235,40,1
244,46,1
254,2,1
267,10,1
268,20,1
247,36,1
263,26,1
256,31,1
244,6,1
243,15,1
259,49,1
277,18,1
235,22,1
250,33,1
250,34,1
264,11,1
244,28,1
279,20,1
271,13,1
276,12,1
236,22,1
258,5,1
248,19,1
236,12,1
269,40,1
249,35,1
261,23,1
265,17,1
243,45,1
247,37,1
261,32,1
257,19,1
242,39,1
249,29,1
270,30,1
254,7,1
267,32,1
267,13,1
266,37,1
261,39,1
248,38,1
265,46,1
271,10,1
272,37,1
244,14,1
237,32,1
252,42,1
244,12,1
270,32,1
275,23,1
267,17,1
276,16,1
246,29,1
258,3,1
236,14,1
260,20,1
247,26,1
255,9,1
267,46,1
240,25,1
251,15,1
234,25,1
239,38,1
265,14,1
251,21,1
250,24,1
257,43,1
234,14,1
246,6,1
261,46,1
264,30,1
272,41,1
247,15,1
238,10,1
256,16,1
278,29,1
273,41,1
244,20,1
249,23,1
245,43,1
256,35,1
243,15,1
247,46,1
256,43,1
249,45,1
261,39,1
265,39,1
256,39,1
259,43,1
261,45,1
257,5,1
239,19,1
273,14,1
262,15,1
271,43,1
236,16,1
237,23,1
247,43,1
277,20,1
267,7,1
277,28,1
263,28,1
269,40,1
246,14,1
256,11,1
266,23,1
254,20,1
265,34,1
250,28,1
269,29,1
256,18,1
249,18,1
263,45,1
262,40,1
243,16,1
244,33,1
256,35,1
247,30,1
257,20,1
238,26,1
249,33,1
274,27,1
252,42,1
246,44,1
238,15,1
253,3,1
254,41,1
277,17,1
270,40,1
249,3,1
257,44,1
249,30,1
260,10,1
270,17,1
242,25,1
261,49,1
234,35,1
273,18,1
260,22,1
238,20,1
249,33,1
257,1,1
251,47,1
242,32,1
237,30,1
273,28,1
260,27,1
263,23,1
233,22,1
236,32,1
270,6,1
261,27,1
276,35,1
242,38,1
272,23,1
248,13,1
271,35,1
250,15,1
258,39,1
258,46,1
236,32,1
244,25,1
250,13,1
239,17,1
269,29,1
277,23,1
265,13,1
252,7,1
269,8,1
238,31,1
244,46,1
277,15,1
238,9,1
232,30,1
276,28,1
247,41,1
251,29,1
275,18,1
267,12,1
262,1,1
242,22,1
236,29,1
243,4,1
254,14,1
271,15,1
243,9,1
274,30,1
241,27,1
231,32,1
274,38,1
260,49,1
240,19,1
241,35,1
274,18,1
232,19,1
258,5,1
258,47,1
234,17,1
240,11,1
255,14,1
251,12,1
259,37,1
249,18,1
234,12,1
236,24,1
246,8,1
252,45,1
267,27,1
271,25,1
271,39,1
261,24,1
256,16,1
278,21,1
262,8,1
265,16,1
243,31,1
247,25,1
233,18,1
250,22,1
269,44,1
277,24,1
273,18,1
259,10,1
268,42,1
247,20,1
257,31,1
234,17,1
