18,34,0
36,23,0
12,31,0
22,34,0
15,30,0
43,16,0
26,38,0
23,46,0
20,15,0
2,22,0
30,17,0
14,28,0
19,34,0
39,29,0
29,32,0
17,16,0
20,45,0
13,8,0
15,37,0
21,32,0
36,23,0
23,47,0
19,47,0
40,37,0
43,19,0
3,34,0
10,40,0
10,13,0
23,17,0
26,36,0
39,28,0
20,16,0
44,15,0
17,32,0
41,44,0
33,47,0
11,31,0
39,8,0
8,39,0
48,25,0
45,39,0
21,6,0
30,2,0
20,20,0
42,12,0
34,17,0
41,13,0
40,34,0
34,23,0
40,35,0
39,14,0
39,42,0
29,21,0
13,43,0
13,43,0
28,29,0
15,30,0
45,11,0
31,45,0
41,37,0
11,9,0
41,38,0
13,23,0
6,14,0
7,27,0
14,34,0
3,33,0
6,28,0
24,25,0
45,27,0
39,36,0
32,22,0
13,32,0
43,8,0
37,19,0
21,40,0
39,34,0
39,22,0
24,44,0
9,21,0
20,9,0
6,32,0
18,44,0
19,16,0
10,36,0
9,23,0
21,6,0
41,13,0
32,16,0
42,28,0
10,8,0
35,14,0
5,31,0
20,9,0
32,30,0
42,27,0
40,23,0
10,31,0
46,21,0
39,36,0
40,37,0
28,42,0
31,18,0
6,25,0
38,5,0
10,18,0
21,37,0
3,17,0
8,38,0
33,16,0
29,21,0
38,11,0
33,37,0
38,30,0
28,45,0
10,16,0
26,19,0
43,10,0
20,13,0
22,10,0
3,33,0
19,32,0
12,20,0
12,17,0
12,14,0
17,22,0
21,28,0
14,37,0
5,13,0
19,49,0
39,32,0
12,46,0
35,26,0
34,7,0
20,8,0
27,40,0
20,30,0
36,9,0
20,39,0
22,27,0
18,17,0
9,44,0
6,23,0
21,30,0
18,45,0
47,36,0
34,25,0
29,38,0
31,25,0
16,14,0
30,18,0
6,14,0
6,32,0
33,46,0
20,22,0
45,36,0
34,4,0
22,48,0
36,6,0
15,13,0
44,16,0
25,31,0
6,11,0
5,29,0
34,11,0
43,20,0
32,48,0
49,23,0
41,35,0
14,10,0
27,32,0
25,1,0
7,9,0
22,21,0
25,4,0
16,23,0
34,8,0
47,32,0
8,14,0
6,40,0
22,8,0
35,24,0
36,5,0
5,33,0
10,45,0
13,35,0
25,3,0
41,19,0
7,35,0
48,18,0
40,22,0
12,12,0
42,12,0
26,17,0
34,44,0
40,42,0
39,22,0
43,18,0
2,31,0
0,25,0
14,19,0
6,22,0
40,35,0
23,43,0
25,31,0
39,10,0
33,29,0
28,30,0
43,24,0
42,41,0
28,48,0
8,32,0
37,31,0
12,21,0
38,19,0
37,29,0
12,5,0
32,30,0
32,20,0
19,26,0
24,48,0
8,7,0
24,10,0
39,12,0
31,13,0
27,13,0
19,42,0
43,42,0
26,6,0
10,36,0
7,8,0
9,44,0
45,35,0
43,39,0
47,28,0
45,40,0
22,44,0
31,1,0
36,16,0
30,21,0
36,10,0
9,8,0
8,22,0
41,35,0
34,36,0
25,38,0
16,47,0
26,20,0
13,14,0
18,10,0
251,47,1
256,18,1
266,38,1
253,5,1
249,22,1
246,37,1
255,15,1
259,6,1
243,33,1
255,26,1
258,38,1
278,25,1
237,12,1
247,33,1
235,29,1
241,27,1
236,23,1
240,20,1
243,33,1
269,10,1
256,4,1
273,23,1
237,24,1
250,25,1
250,41,1
271,38,1
267,10,1
249,33,1
255,46,1
243,37,1
260,10,1
254,19,1
269,43,1
267,32,1
249,25,1
271,13,1
247,44,1
257,41,1
263,37,1
279,22,1
248,5,1
251,43,1
246,3,1
250,33,1
261,12,1
274,40,1
272,27,1
249,11,1
265,34,1
252,3,1
250,37,1
265,11,1
266,3,1
259,44,1
238,20,1
244,12,1
257,42,1
265,32,1
261,27,1
245,16,1
269,5,1
257,7,1
260,43,1
231,27,1
256,14,1
256,2,1
262,2,1
261,12,1
254,3,1
255,44,1
251,47,1
268,38,1
244,14,1
269,6,1
255,14,1
264,15,1
235,35,1
259,11,1
246,42,1
244,42,1
277,26,1
239,42,1
239,12,1
251,20,1
247,3,1
255,7,1
233,30,1
248,49,1
253,41,1
233,15,1
277,35,1
252,3,1
241,42,1
252,21,1
250,48,1
238,9,1
273,21,1
258,48,1
274,25,1
251,14,1
279,26,1
270,6,1
268,23,1
269,13,1
247,22,1
274,41,1
245,16,1
247,18,1
265,43,1
265,9,1
247,6,1
258,20,1
277,33,1
250,49,1
258,2,1
272,19,1
272,9,1
245,23,1
241,24,1
259,44,1
263,4,1
245,26,1
232,19,1
258,11,1
269,21,1
236,17,1
241,5,1
267,10,1
260,40,1
270,15,1
261,49,1
259,12,1
246,15,1
258,15,1
252,45,1
253,47,1
248,16,1
248,49,1
264,18,1
246,6,1
243,14,1
237,34,1
259,22,1
262,38,1
272,16,1
267,6,1
274,24,1
264,24,1
278,25,1
269,32,1
269,21,1
270,29,1
240,19,1
259,44,1
249,23,1
258,40,1
249,34,1
267,28,1
239,17,1
251,3,1
261,40,1
257,22,1
274,26,1
250,36,1
233,36,1
245,26,1
273,25,1
260,22,1
256,35,1
232,21,1
260,21,1
276,31,1
244,34,1
232,18,1
263,23,1
266,34,1
246,4,1
256,43,1
255,48,1
247,47,1
272,34,1
251,45,1
268,16,1
274,35,1
255,0,1
272,22,1
264,14,1
242,32,1
266,13,1
244,15,1
251,1,1
245,19,1
255,23,1
257,23,1
271,9,1
273,35,1
261,21,1
266,5,1
247,28,1
272,38,1
253,33,1
261,10,1
244,21,1
248,1,1
255,39,1
250,33,1
234,25,1
271,28,1
263,42,1
251,2,1
241,9,1
271,28,1
246,20,1
264,34,1
237,10,1
244,37,1
240,22,1
257,4,1
237,22,1
239,25,1
260,38,1
245,17,1
250,44,1
251,19,1
249,17,1
275,14,1
262,29,1
235,34,1
236,38,1
265,23,1
268,11,1
234,16,1
237,21,1
277,27,1
256,35,1
247,10,1
273,41,1
250,18,1
242,25,1
261,13,1
274,30,1
259,14,1
253,20,1
261,40,1
243,40,1
266,10,1
246,13,1
269,33,1
260,18,1
249,24,1
240,25,1
274,37,1
247,34,1
244,15,1
246,35,1
276,37,1
241,11,1
275,28,1
244,43,1
246,29,1
258,3,1
252,16,1
260,19,1
243,32,1
273,17,1
236,34,1
244,42,1
276,26,1
258,20,1
246,35,1
242,7,1
270,45,1
264,28,1
247,27,1
242,16,1
241,38,1
259,43,1
237,30,1
237,14,1
242,11,1
255,9,1
238,38,1
276,17,1
252,40,1
260,15,1
255,6,1
244,26,1
258,28,1
237,10,1
275,38,1
270,44,1
257,34,1
236,19,1
245,39,1
253,45,1
272,23,1
258,17,1
268,21,1
238,32,1
265,18,1
254,8,1
271,15,1
266,39,1
272,15,1
247,24,1
241,17,1
254,46,1
251,7,1
241,42,1
259,23,1
270,23,1
268,37,1
272,40,1
261,31,1
245,16,1
240,7,1
243,12,1
270,17,1
265,24,1
265,26,1
264,22,1
246,38,1
246,48,1
261,40,1
263,43,1
239,11,1
245,42,1
276,19,1
258,18,1
243,42,1
245,16,1
255,0,1
272,40,1
274,21,1
273,31,1
265,24,1
273,42,1
271,31,1
270,19,1
254,21,1
246,28,1
254,36,1
256,32,1
273,41,1
249,33,1
232,20,1
261,7,1
238,34,1
253,29,1
249,13,1
237,17,1
239,25,1
270,28,1
276,13,1
278,18,1
272,34,1
235,25,1
253,4,1
252,3,1
244,11,1
248,16,1
275,26,1
245,5,1
241,17,1
253,45,1
237,9,1
257,45,1
234,17,1
259,46,1
278,26,1
238,35,1
245,11,1
262,39,1
249,8,1
246,37,1
256,4,1
265,44,1
247,29,1
273,38,1
251,47,1
262,40,1
259,20,1
259,37,1
255,7,1
267,4,1
244,44,1
262,15,1
277,34,1
271,12,1
237,12,1
257,28,1
253,24,1
238,19,1
265,24,1
278,25,1
256,2,1
258,37,1
249,22,1
262,8,1
258,7,1
264,16,1
239,20,1
262,26,1
262,6,1
255,15,1
260,14,1
257,2,1
251,38,1
277,33,1
239,14,1
244,26,1
248,5,1
237,39,1
233,36,1
237,11,1
251,32,1
270,29,1
251,43,1
268,42,1
251,42,1
260,5,1
276,33,1
253,27,1
241,23,1
266,35,1
254,11,1
247,35,1
260,21,1
256,20,1
248,15,1
239,42,1
265,42,1
249,8,1
240,17,1
266,45,1
271,32,1
233,14,1
238,16,1
248,41,1
270,9,1
276,34,1
251,25,1
258,27,1
253,43,1
236,21,1
241,42,1
252,8,1
261,30,1
259,49,1
255,34,1
237,18,1
261,31,1
239,19,1
241,33,1
273,30,1
259,10,1
246,41,1
253,23,1
245,23,1
232,26,1
259,6,1
269,9,1
243,30,1
242,8,1
244,44,1
247,16,1
257,19,1
241,13,1
251,42,1
241,40,1
241,21,1
270,20,1
244,19,1
237,31,1
254,49,1
277,33,1
248,40,1
260,37,1
240,27,1
246,38,1
261,20,1
263,48,1
261,42,1
241,28,1
245,12,1
241,6,1
258,43,1
261,17,1
264,4,1
245,37,1
239,12,1
264,7,1
271,22,1
245,34,1
268,43,1
270,27,1
238,12,1
236,10,1
245,37,1
278,34,1
272,15,1
246,5,1
274,31,1
261,49,1
231,25,1
249,6,1
263,4,1
247,41,1
247,44,1
269,16,1
234,21,1
259,41,1
231,23,1
254,23,1
269,42,1
250,24,1
266,11,1
241,24,1
260,27,1
257,44,1
268,16,1
274,32,1
251,29,1
270,30,1
259,13,1
269,23,1
250,17,1
267,11,1
250,27,1
231,27,1
269,18,1
263,41,1
261,40,1
234,26,1
235,32,1
254,7,1
254,30,1
262,47,1
240,31,1
262,39,1
239,24,1
264,33,1
240,10,1
259,25,1
237,30,1
260,4,1
262,1,1
262,27,1
236,34,1
244,41,1
235,21,1
265,28,1
252,19,1
235,36,1
269,20,1
262,38,1
233,28,1
235,29,1
260,27,1
251,36,1
274,41,1
273,20,1
266,41,1
264,40,1
262,4,1
259,31,1
264,30,1
257,28,1
234,21,1
232,19,1
273,24,1
241,22,1
261,4,1
260,2,1
255,17,1
275,14,1
266,45,1
261,42,1
271,27,1
236,37,1
248,22,1
279,22,1
256,13,1
256,33,1
240,23,1
257,5,1
242,43,1
246,5,1
268,19,1
258,36,1
249,25,1
246,30,1
253,4,1
250,37,1
273,27,1
263,8,1
266,8,1
267,44,1
259,44,1
244,21,1
261,5,1
266,23,1
267,8,1
249,49,1
251,12,1
241,18,1
262,44,1
255,29,1
231,27,1
237,8,1
259,5,1
242,45,1
234,26,1
258,28,1
255,5,1
256,15,1
253,45,1
232,18,1
255,13,1
260,47,1
236,31,1
245,3,1
263,43,1
279,19,1
253,25,1
247,16,1
240,18,1
272,8,1
264,37,1
251,46,1
255,29,1
261,1,1
263,25,1
243,36,1
253,42,1
232,29,1
260,37,1
274,40,1
275,25,1
274,10,1
266,34,1
271,34,1
249,8,1
272,11,1
264,22,1
269,41,1
267,5,1
274,13,1
269,38,1
262,32,1
244,38,1
261,42,1
268,26,1
264,3,1
250,44,1
240,11,1
260,39,1
270,25,1
255,37,1
265,5,1
240,39,1
277,34,1
266,10,1
249,5,1
260,37,1
253,14,1
243,14,1
255,14,1
274,37,1
271,16,1
232,31,1
263,35,1
253,29,1
268,38,1
279,26,1
253,26,1
242,34,1
242,38,1
279,28,1
262,6,1
254,22,1
266,32,1
276,38,1
269,20,1
271,16,1
237,21,1
247,35,1
261,20,1
243,6,1
250,43,1
279,28,1
249,46,1
260,47,1
258,23,1
276,26,1
271,15,1
268,15,1
242,8,1
262,22,1
247,43,1
270,13,1
273,28,1
254,29,1
236,37,1
237,38,1
257,3,1
273,37,1
262,6,1
245,42,1
266,37,1
271,36,1
257,21,1
262,28,1
247,30,1
241,34,1
264,5,1
256,15,1
274,25,1
247,33,1
257,21,1
254,33,1
232,19,1
254,22,1
266,8,1
247,20,1
243,45,1
276,12,1
273,28,1
253,17,1
266,28,1
273,16,1
261,26,1
248,32,1
267,20,1
268,27,1
268,28,1
265,46,1
254,5,1
248,16,1
268,10,1
270,34,1
254,37,1
253,1,1
240,21,1
235,11,1
273,23,1
234,19,1
241,29,1
253,38,1
233,18,1
