12,11,0
32,19,0
29,12,0
7,25,0
25,3,0
1,21,0
34,45,0
18,22,0
12,30,0
1,27,0
19,36,0
45,28,0
13,9,0
4,27,0
40,40,0
43,29,0
18,29,0
5,23,0
24,7,0
10,22,0
28,33,0
14,34,0
30,46,0
35,14,0
8,15,0
30,36,0
37,7,0
12,9,0
4,32,0
9,35,0
11,44,0
10,22,0
18,13,0
2,20,0
42,42,0
32,40,0
31,19,0
40,24,0
9,39,0
27,5,0
3,32,0
11,40,0
19,38,0
15,19,0
27,31,0
24,9,0
21,43,0
41,14,0
14,37,0
10,22,0
46,14,0
19,10,0
19,46,0
42,17,0
34,32,0
38,20,0
39,34,0
16,29,0
20,11,0
17,30,0
20,35,0
30,6,0
24,2,0
28,33,0
15,21,0
30,41,0
10,16,0
40,10,0
17,23,0
38,22,0
42,17,0
11,37,0
7,37,0
23,5,0
19,42,0
45,31,0
34,29,0
42,39,0
36,4,0
45,31,0
35,31,0
22,35,0
46,21,0
4,19,0
18,20,0
47,18,0
16,32,0
22,16,0
14,17,0
17,11,0
18,19,0
29,32,0
44,35,0
6,21,0
13,13,0
18,46,0
36,34,0
32,21,0
35,7,0
26,21,0
27,14,0
22,21,0
13,35,0
34,15,0
28,22,0
32,30,0
46,34,0
33,11,0
22,6,0
21,33,0
40,26,0
37,33,0
18,39,0
41,34,0
38,21,0
49,19,0
16,11,0
9,44,0
21,37,0
42,22,0
15,37,0
30,33,0
34,6,0
6,10,0
12,46,0
45,17,0
24,43,0
33,6,0
37,42,0
30,11,0
19,38,0
13,4,0
14,13,0
16,25,0
3,33,0
33,33,0
32,10,0
26,30,0
4,31,0
31,35,0
36,35,0
44,11,0
36,8,0
12,24,0
33,26,0
47,15,0
40,5,0
19,18,0
11,7,0
39,16,0
17,3,0
18,4,0
8,39,0
29,34,0
49,27,0
19,21,0
11,17,0
41,17,0
21,44,0
39,20,0
47,24,0
40,29,0
37,46,0
31,20,0
30,29,0
41,31,0
35,16,0
20,44,0
7,9,0
23,34,0
44,13,0
38,43,0
44,23,0
20,5,0
34,9,0
24,36,0
24,39,0
42,40,0
13,6,0
17,29,0
45,32,0
48,18,0
47,34,0
44,26,0
8,19,0
20,9,0
35,13,0
44,37,0
12,7,0
26,17,0
18,7,0
39,22,0
28,18,0
40,27,0
29,21,0
6,36,0
2,30,0
34,8,0
35,28,0
30,42,0
34,17,0
25,33,0
34,3,0
11,40,0
30,33,0
37,22,0
32,46,0
25,1,0
31,25,0
22,35,0
37,33,0
27,44,0
36,36,0
29,13,0
2,31,0
5,20,0
11,12,0
13,5,0
24,10,0
34,30,0
36,47,0
23,44,0
37,35,0
7,32,0
28,12,0
25,20,0
45,27,0
16,36,0
5,16,0
31,42,0
40,23,0
7,26,0
5,17,0
30,7,0
14,23,0
8,30,0
14,27,0
10,23,0
34,31,0
18,39,0
21,36,0
22,9,0
37,20,0
9,6,0
26,39,0
17,6,0
27,7,0
33,9,0
43,37,0
14,23,0
268,30,1
238,6,1
231,16,1
251,11,1
257,41,1
245,0,1
228,35,1
242,15,1
234,6,1
235,24,1
239,26,1
237,26,1
237,19,1
257,39,1
237,20,1
233,28,1
224,29,1
257,31,1
228,17,1
253,35,1
244,14,1
251,47,1
268,17,1
249,37,1
226,37,1
249,5,1
258,27,1
244,45,1
261,31,1
250,43,1
260,17,1
242,31,1
237,5,1
256,36,1
238,30,1
249,21,1
251,24,1
237,14,1
222,26,1
242,25,1
246,41,1
229,34,1
243,46,1
233,17,1
249,3,1
238,21,1
225,14,1
246,39,1
246,29,1
261,29,1
268,21,1
252,34,1
262,11,1
250,16,1
257,17,1
229,44,1
229,32,1
238,26,1
248,12,1
242,47,1
257,22,1
243,4,1
253,11,1
230,39,1
251,32,1
265,14,1
255,13,1
225,11,1
244,21,1
258,26,1
243,1,1
243,47,1
247,3,1
256,24,1
234,22,1
267,21,1
221,32,1
243,37,1
234,44,1
257,34,1
249,3,1
246,46,1
260,20,1
246,5,1
249,7,1
255,44,1
221,25,1
267,35,1
232,45,1
229,12,1
258,44,1
257,6,1
226,35,1
252,42,1
233,11,1
254,6,1
242,42,1
250,5,1
228,24,1
266,24,1
224,21,1
260,23,1
236,22,1
238,8,1
269,31,1
258,35,1
243,43,1
262,21,1
239,40,1
242,1,1
253,35,1
253,24,1
237,37,1
247,22,1
241,15,1
249,46,1
267,24,1
249,25,1
246,13,1
239,15,1
266,31,1
249,20,1
259,14,1
247,28,1
249,24,1
246,40,1
258,17,1
260,10,1
246,5,1
220,25,1
241,46,1
255,39,1
234,24,1
240,9,1
254,23,1
252,3,1
251,2,1
247,14,1
235,19,1
242,18,1
224,34,1
227,42,1
256,15,1
245,35,1
261,42,1
255,8,1
259,40,1
241,49,1
246,27,1
253,21,1
248,5,1
244,18,1
238,21,1
241,36,1
222,34,1
233,13,1
256,12,1
249,46,1
232,23,1
252,8,1
228,37,1
261,42,1
223,14,1
248,15,1
252,19,1
245,31,1
230,45,1
235,29,1
228,13,1
245,18,1
259,25,1
243,28,1
238,44,1
269,29,1
232,23,1
244,5,1
268,30,1
249,14,1
263,26,1
246,3,1
237,22,1
244,9,1
267,23,1
231,44,1
235,6,1
250,22,1
259,15,1
226,30,1
245,1,1
256,8,1
228,24,1
224,30,1
234,33,1
224,23,1
223,29,1
247,41,1
254,27,1
231,42,1
261,15,1
228,29,1
256,8,1
253,36,1
263,15,1
249,11,1
249,8,1
229,18,1
228,19,1
267,18,1
251,43,1
230,22,1
258,25,1
243,21,1
244,40,1
265,18,1
234,30,1
244,47,1
237,13,1
254,42,1
259,36,1
249,29,1
239,43,1
248,42,1
223,31,1
222,30,1
225,34,1
247,49,1
227,28,1
237,44,1
254,43,1
249,45,1
258,39,1
236,27,1
227,10,1
232,42,1
262,36,1
243,18,1
236,23,1
263,19,1
259,30,1
262,14,1
236,4,1
256,6,1
233,30,1
240,10,1
235,7,1
236,29,1
228,9,1
240,25,1
241,44,1
248,42,1
252,43,1
228,38,1
251,24,1
228,37,1
263,42,1
243,40,1
244,29,1
257,30,1
260,25,1
255,42,1
242,18,1
241,13,1
232,37,1
246,36,1
249,9,1
236,7,1
268,16,1
265,31,1
262,23,1
241,24,1
258,23,1
238,23,1
264,24,1
226,13,1
255,11,1
253,33,1
260,17,1
238,25,1
248,10,1
248,46,1
259,35,1
240,2,1
266,18,1
248,42,1
250,35,1
232,6,1
241,20,1
223,19,1
264,26,1
221,22,1
266,36,1
244,8,1
230,16,1
243,2,1
234,22,1
235,15,1
238,4,1
261,34,1
229,34,1
268,23,1
269,21,1
233,28,1
248,4,1
238,20,1
255,47,1
263,15,1
224,17,1
262,32,1
236,3,1
249,28,1
222,21,1
241,31,1
247,49,1
230,15,1
260,27,1
261,31,1
231,6,1
239,37,1
222,23,1
267,23,1
256,5,1
243,4,1
230,34,1
230,8,1
234,8,1
245,4,1
243,28,1
255,33,1
268,23,1
238,49,1
241,25,1
235,5,1
260,39,1
237,38,1
257,18,1
227,12,1
230,11,1
267,21,1
253,40,1
243,16,1
261,24,1
227,16,1
230,12,1
227,9,1
266,23,1
258,28,1
264,41,1
246,28,1
253,40,1
227,20,1
235,36,1
269,19,1
238,28,1
258,29,1
238,30,1
265,12,1
245,42,1
241,19,1
224,32,1
245,24,1
236,3,1
250,38,1
263,30,1
246,10,1
227,23,1
230,27,1
223,23,1
238,28,1
252,39,1
237,5,1
250,39,1
236,26,1
233,29,1
241,27,1
246,33,1
232,24,1
221,22,1
230,5,1
227,34,1
257,28,1
246,19,1
253,28,1
225,33,1
238,1,1
228,12,1
241,1,1
257,30,1
241,29,1
232,42,1
246,19,1
260,28,1
234,43,1
231,14,1
232,21,1
231,13,1
259,31,1
246,24,1
249,9,1
249,34,1
230,11,1
258,34,1
245,37,1
253,14,1
230,29,1
263,27,1
223,28,1
259,36,1
248,36,1
224,35,1
242,43,1
250,11,1
227,31,1
242,36,1
230,5,1
229,22,1
235,46,1
246,16,1
257,5,1
236,22,1
269,28,1
228,16,1
228,24,1
232,32,1
223,28,1
226,15,1
252,34,1
251,16,1
224,28,1
221,23,1
258,46,1
243,14,1
263,41,1
255,10,1
249,43,1
247,48,1
253,23,1
244,29,1
255,34,1
238,28,1
242,4,1
224,37,1
226,35,1
248,45,1
232,31,1
245,36,1
266,38,1
243,17,1
244,17,1
260,8,1
249,10,1
237,9,1
240,7,1
225,28,1
235,12,1
263,10,1
264,15,1
224,20,1
244,6,1
237,46,1
231,30,1
255,21,1
260,30,1
237,39,1
263,35,1
230,25,1
243,41,1
247,41,1
258,41,1
241,23,1
244,16,1
268,25,1
241,38,1
247,2,1
255,30,1
252,30,1
243,11,1
255,14,1
234,31,1
237,40,1
222,33,1
230,13,1
256,24,1
239,14,1
230,37,1
261,24,1
254,8,1
235,22,1
250,9,1
261,8,1
246,49,1
256,33,1
246,7,1
261,12,1
232,34,1
242,25,1
227,30,1
254,40,1
234,17,1
239,33,1
245,36,1
241,45,1
244,15,1
266,30,1
240,42,1
255,21,1
249,8,1
228,16,1
231,30,1
237,46,1
252,48,1
267,22,1
248,4,1
250,34,1
242,28,1
238,32,1
254,44,1
263,38,1
260,13,1
252,37,1
254,47,1
242,1,1
236,34,1
236,11,1
253,21,1
244,24,1
229,41,1
251,9,1
221,23,1
232,8,1
230,8,1
260,33,1
253,25,1
252,8,1
240,7,1
248,47,1
247,27,1
233,44,1
236,34,1
236,39,1
229,40,1
238,22,1
254,39,1
266,27,1
250,10,1
247,23,1
238,15,1
228,18,1
240,20,1
236,4,1
252,42,1
265,37,1
232,20,1
230,20,1
244,36,1
250,25,1
260,33,1
257,29,1
248,18,1
238,33,1
242,14,1
230,43,1
237,44,1
239,36,1
267,22,1
267,30,1
260,43,1
267,25,1
258,18,1
260,40,1
227,15,1
243,6,1
244,44,1
236,48,1
244,1,1
232,11,1
236,25,1
235,46,1
233,34,1
223,25,1
258,39,1
260,45,1
259,13,1
256,5,1
228,41,1
227,13,1
252,12,1
229,37,1
266,33,1
240,5,1
263,13,1
242,23,1
261,36,1
258,45,1
243,23,1
238,28,1
237,43,1
252,27,1
229,15,1
224,21,1
244,48,1
240,29,1
245,45,1
261,11,1
233,6,1
238,26,1
261,30,1
268,30,1
240,1,1
253,47,1
229,28,1
242,5,1
243,28,1
223,24,1
238,10,1
247,15,1
254,27,1
257,21,1
253,22,1
245,40,1
258,24,1
235,12,1
242,46,1
260,22,1
243,30,1
225,24,1
253,15,1
243,6,1
256,9,1
256,11,1
221,31,1
260,35,1
227,32,1
239,28,1
240,24,1
250,6,1
249,37,1
221,23,1
229,18,1
223,35,1
230,17,1
232,18,1
260,28,1
241,34,1
232,39,1
226,33,1
252,2,1
248,36,1
231,37,1
263,9,1
236,6,1
255,26,1
236,16,1
236,48,1
227,29,1
231,43,1
230,17,1
250,8,1
258,41,1
244,33,1
259,26,1
246,44,1
261,44,1
249,24,1
235,35,1
254,25,1
250,18,1
241,29,1
241,46,1
254,25,1
233,21,1
228,12,1
266,25,1
231,44,1
235,47,1
241,22,1
239,10,1
257,17,1
266,19,1
248,16,1
231,18,1
252,2,1
238,10,1
246,2,1
251,21,1
222,21,1
232,18,1
231,18,1
240,6,1
246,14,1
241,25,1
251,23,1
243,44,1
235,42,1
239,18,1
227,38,1
226,16,1
248,20,1
249,19,1
243,13,1
230,8,1
228,32,1
225,32,1
231,16,1
234,9,1
232,29,1
243,4,1
233,42,1
255,40,1
249,26,1
247,32,1
247,13,1
239,17,1
241,37,1
267,21,1
227,26,1
238,43,1
262,35,1
247,42,1
266,33,1
252,45,1
246,4,1
256,25,1
254,34,1
235,25,1
227,8,1
258,12,1
238,45,1
264,32,1
268,21,1
256,15,1
268,23,1
250,17,1
261,14,1
233,38,1
224,14,1
253,46,1
254,35,1
240,3,1
226,16,1
262,12,1
250,22,1
237,37,1
231,13,1
238,15,1
234,15,1
223,17,1
258,25,1
252,8,1
253,2,1
245,29,1
