11,40,0
43,31,0
15,47,0
36,36,0
17,43,0
26,19,0
30,5,0
14,43,0
38,23,0
25,23,0
33,39,0
41,13,0
26,37,0
39,16,0
39,35,0
28,11,0
38,36,0
29,20,0
4,35,0
32,45,0
49,18,0
23,14,0
39,11,0
37,20,0
14,39,0
18,25,0
22,45,0
48,17,0
2,34,0
17,37,0
20,11,0
17,9,0
28,47,0
48,18,0
36,17,0
46,24,0
40,10,0
19,13,0
22,44,0
39,22,0
31,2,0
8,12,0
12,28,0
12,15,0
19,45,0
23,40,0
19,35,0
7,32,0
24,41,0
47,18,0
32,31,0
8,9,0
21,21,0
24,17,0
28,14,0
40,14,0
6,31,0
16,29,0
24,44,0
5,38,0
30,23,0
13,29,0
33,9,0
25,6,0
16,3,0
23,15,0
44,22,0
44,20,0
6,25,0
20,26,0
25,28,0
11,25,0
3,22,0
18,11,0
11,27,0
17,33,0
5,16,0
44,21,0
23,15,0
12,9,0
19,43,0
18,5,0
17,30,0
8,32,0
29,16,0
47,34,0
31,23,0
42,21,0
25,19,0
30,10,0
34,40,0
16,34,0
17,24,0
22,9,0
15,29,0
18,2,0
43,17,0
15,6,0
6,31,0
22,23,0
7,38,0
18,5,0
24,36,0
30,2,0
8,30,0
30,46,0
35,35,0
43,23,0
17,46,0
46,28,0
18,21,0
20,42,0
40,36,0
44,10,0
48,18,0
37,31,0
39,42,0
17,41,0
34,18,0
49,24,0
28,6,0
35,30,0
26,48,0
25,39,0
17,11,0
1,30,0
16,34,0
9,8,0
16,7,0
49,31,0
29,21,0
10,19,0
5,19,0
37,25,0
18,23,0
36,11,0
17,6,0
36,24,0
17,2,0
15,21,0
32,30,0
29,19,0
12,10,0
29,10,0
25,31,0
37,15,0
4,26,0
47,21,0
38,12,0
20,48,0
13,44,0
10,35,0
38,19,0
47,34,0
5,31,0
4,28,0
17,11,0
23,1,0
21,31,0
16,12,0
14,20,0
48,21,0
2,24,0
22,12,0
23,18,0
19,2,0
31,47,0
7,22,0
47,31,0
19,2,0
31,41,0
46,27,0
20,11,0
29,19,0
19,22,0
34,31,0
14,24,0
37,44,0
34,41,0
36,47,0
21,24,0
23,35,0
19,19,0
7,38,0
35,13,0
39,40,0
32,39,0
23,34,0
32,5,0
3,31,0
15,5,0
28,11,0
41,16,0
2,33,0
16,38,0
19,47,0
35,15,0
33,39,0
37,37,0
10,45,0
12,43,0
21,34,0
29,40,0
27,10,0
40,41,0
32,27,0
1,21,0
39,43,0
20,11,0
12,16,0
41,40,0
13,15,0
33,4,0
15,30,0
36,41,0
29,49,0
8,25,0
24,27,0
24,49,0
29,46,0
25,28,0
24,4,0
43,13,0
36,13,0
17,31,0
41,26,0
23,46,0
39,45,0
25,5,0
6,31,0
17,37,0
37,6,0
8,29,0
16,6,0
3,31,0
8,16,0
43,31,0
10,10,0
33,31,0
3,14,0
28,32,0
39,31,0
21,16,0
12,14,0
6,30,0
17,44,0
19,47,0
34,19,0
1,32,0
17,35,0
246,17,1
263,42,1
240,19,1
234,20,1
248,26,1
223,24,1
246,36,1
228,14,1
260,30,1
237,28,1
246,47,1
244,20,1
223,32,1
255,28,1
246,23,1
263,24,1
230,33,1
257,17,1
233,33,1
232,24,1
252,1,1
267,35,1
229,36,1
249,26,1
230,17,1
262,20,1
257,34,1
253,32,1
261,22,1
225,16,1
265,13,1
234,30,1
236,35,1
248,30,1
242,29,1
255,8,1
236,35,1
234,13,1
263,29,1
244,22,1
229,24,1
262,21,1
224,23,1
231,31,1
236,8,1
223,17,1
227,19,1
231,22,1
238,27,1
251,42,1
249,6,1
257,30,1
239,43,1
255,31,1
247,5,1
237,30,1
238,27,1
234,24,1
247,28,1
265,28,1
229,13,1
256,4,1
238,45,1
242,10,1
246,20,1
264,40,1
246,24,1
228,11,1
252,30,1
247,38,1
245,4,1
245,20,1
237,20,1
241,43,1
237,45,1
246,25,1
245,25,1
233,12,1
245,15,1
248,29,1
226,9,1
225,35,1
243,47,1
244,2,1
236,7,1
262,8,1
244,11,1
226,23,1
254,37,1
256,38,1
241,34,1
249,25,1
248,45,1
224,32,1
236,35,1
253,16,1
259,14,1
236,3,1
249,40,1
263,31,1
241,1,1
240,28,1
244,41,1
250,20,1
227,27,1
245,44,1
232,15,1
226,39,1
264,16,1
249,26,1
229,31,1
250,29,1
221,31,1
251,6,1
234,29,1
251,28,1
233,13,1
221,28,1
248,11,1
230,42,1
236,30,1
238,45,1
228,39,1
246,42,1
247,4,1
241,1,1
265,34,1
238,21,1
225,25,1
247,24,1
261,27,1
260,37,1
260,5,1
263,42,1
247,9,1
236,14,1
253,27,1
235,32,1
245,25,1
261,44,1
248,15,1
247,47,1
259,24,1
260,41,1
237,22,1
240,49,1
236,4,1
243,22,1
259,45,1
259,45,1
259,33,1
262,20,1
235,31,1
232,25,1
253,35,1
260,16,1
257,39,1
237,47,1
249,49,1
242,21,1
250,34,1
250,3,1
260,19,1
237,24,1
236,24,1
266,33,1
222,22,1
248,42,1
240,47,1
257,4,1
260,14,1
242,34,1
242,39,1
255,11,1
225,13,1
247,1,1
258,29,1
227,20,1
246,8,1
236,21,1
251,27,1
261,9,1
236,25,1
268,23,1
252,11,1
234,24,1
226,13,1
259,37,1
254,3,1
265,38,1
259,11,1
225,27,1
228,41,1
255,37,1
224,21,1
240,15,1
236,4,1
259,18,1
233,10,1
227,34,1
254,35,1
241,28,1
230,36,1
239,35,1
268,20,1
228,36,1
257,28,1
261,38,1
225,25,1
226,18,1
253,6,1
244,9,1
248,33,1
246,36,1
245,31,1
248,26,1
248,7,1
241,1,1
247,31,1
249,9,1
253,10,1
236,5,1
260,11,1
239,16,1
257,18,1
236,5,1
235,32,1
235,30,1
259,43,1
239,42,1
232,16,1
258,6,1
243,27,1
243,30,1
249,27,1
267,21,1
244,27,1
258,35,1
227,41,1
260,38,1
256,17,1
237,45,1
267,18,1
250,8,1
239,29,1
241,40,1
228,23,1
237,12,1
230,39,1
255,24,1
244,23,1
249,22,1
259,11,1
248,41,1
240,21,1
235,38,1
229,41,1
251,31,1
222,25,1
250,41,1
243,1,1
250,37,1
245,33,1
269,30,1
255,6,1
244,38,1
259,28,1
225,21,1
252,19,1
242,43,1
248,47,1
222,23,1
243,48,1
263,25,1
262,12,1
227,24,1
231,24,1
243,36,1
235,46,1
261,20,1
263,18,1
244,35,1
249,29,1
231,8,1
246,38,1
257,28,1
244,28,1
263,24,1
263,33,1
267,16,1
251,21,1
239,22,1
254,24,1
222,27,1
231,17,1
259,33,1
247,17,1
251,42,1
237,25,1
251,47,1
258,24,1
258,20,1
244,6,1
269,27,1
243,35,1
231,13,1
223,19,1
260,39,1
241,33,1
268,19,1
256,8,1
269,22,1
263,22,1
258,11,1
235,12,1
249,18,1
224,28,1
257,22,1
244,49,1
241,1,1
229,19,1
243,31,1
226,12,1
259,32,1
231,20,1
249,48,1
228,23,1
240,29,1
242,13,1
263,32,1
253,15,1
250,16,1
257,13,1
264,10,1
227,34,1
234,17,1
261,39,1
265,16,1
268,32,1
244,42,1
235,35,1
247,12,1
253,35,1
227,24,1
254,42,1
265,31,1
249,43,1
239,21,1
249,6,1
248,3,1
242,13,1
265,16,1
244,3,1
241,3,1
267,31,1
244,44,1
255,40,1
235,33,1
227,22,1
261,25,1
244,45,1
227,38,1
244,40,1
226,22,1
263,24,1
251,48,1
247,39,1
263,33,1
230,12,1
232,21,1
233,7,1
228,7,1
258,11,1
254,8,1
248,15,1
234,33,1
252,48,1
259,32,1
236,41,1
236,41,1
238,23,1
235,34,1
251,28,1
227,8,1
256,32,1
251,31,1
242,6,1
255,24,1
225,35,1
261,8,1
264,24,1
230,20,1
248,49,1
238,40,1
235,5,1
239,1,1
237,27,1
251,31,1
256,37,1
232,25,1
246,9,1
254,44,1
258,32,1
225,28,1
249,9,1
267,19,1
267,30,1
253,20,1
241,48,1
249,10,1
240,16,1
241,19,1
264,26,1
244,2,1
244,18,1
225,19,1
251,9,1
260,29,1
263,21,1
244,32,1
263,24,1
228,11,1
243,48,1
265,28,1
231,22,1
231,37,1
239,29,1
253,48,1
256,27,1
235,14,1
242,28,1
234,44,1
261,21,1
236,25,1
246,21,1
245,34,1
240,12,1
259,33,1
241,12,1
221,24,1
269,29,1
223,24,1
257,30,1
225,27,1
235,27,1
248,40,1
245,11,1
236,28,1
255,17,1
245,41,1
253,26,1
253,17,1
241,21,1
239,43,1
232,28,1
247,35,1
245,43,1
247,40,1
229,29,1
241,18,1
243,30,1
247,28,1
243,28,1
254,30,1
243,35,1
252,18,1
238,12,1
232,39,1
230,41,1
228,37,1
245,30,1
258,34,1
259,24,1
256,33,1
234,4,1
242,44,1
234,10,1
233,32,1
257,19,1
250,31,1
238,2,1
253,43,1
245,29,1
244,14,1
228,33,1
262,38,1
259,35,1
231,31,1
251,3,1
229,42,1
268,27,1
249,19,1
231,30,1
256,42,1
268,24,1
252,25,1
235,12,1
240,33,1
262,27,1
244,45,1
233,28,1
224,21,1
259,9,1
243,19,1
245,14,1
242,10,1
254,42,1
247,24,1
228,28,1
226,36,1
244,30,1
243,33,1
239,19,1
222,33,1
264,39,1
244,37,1
234,11,1
269,27,1
227,8,1
265,11,1
225,21,1
227,24,1
253,21,1
248,46,1
250,2,1
254,20,1
239,49,1
232,28,1
249,20,1
245,14,1
255,44,1
224,14,1
226,15,1
240,19,1
240,21,1
230,18,1
260,17,1
235,27,1
246,21,1
241,29,1
255,26,1
255,21,1
226,22,1
246,23,1
255,12,1
240,43,1
238,2,1
228,24,1
235,31,1
233,25,1
230,31,1
234,18,1
254,20,1
262,20,1
254,31,1
253,10,1
240,12,1
241,3,1
252,23,1
248,5,1
229,18,1
266,17,1
232,34,1
242,24,1
264,39,1
250,3,1
246,36,1
253,27,1
258,10,1
243,26,1
257,30,1
246,8,1
234,3,1
250,11,1
243,6,1
253,10,1
268,18,1
223,16,1
243,2,1
257,44,1
254,38,1
239,40,1
255,44,1
256,20,1
243,9,1
250,44,1
259,24,1
251,42,1
237,14,1
246,1,1
236,48,1
227,34,1
225,24,1
232,43,1
264,21,1
231,18,1
230,7,1
264,32,1
223,36,1
225,21,1
223,24,1
254,47,1
263,35,1
242,30,1
253,27,1
261,21,1
258,19,1
234,9,1
262,41,1
251,3,1
250,7,1
231,43,1
263,36,1
252,3,1
256,33,1
230,30,1
231,18,1
230,14,1
239,27,1
250,10,1
230,27,1
247,22,1
265,11,1
269,19,1
252,46,1
253,7,1
259,27,1
233,24,1
248,26,1
245,33,1
262,23,1
224,17,1
265,12,1
266,23,1
230,22,1
245,11,1
236,11,1
223,18,1
234,32,1
262,31,1
262,22,1
259,42,1
248,47,1
254,27,1
230,37,1
232,13,1
223,23,1
247,46,1
233,22,1
236,29,1
248,4,1
266,20,1
257,16,1
237,27,1
239,37,1
224,19,1
259,27,1
237,27,1
243,6,1
265,36,1
252,10,1
247,23,1
246,12,1
254,36,1
240,16,1
257,19,1
265,33,1
242,40,1
254,40,1
232,13,1
241,28,1
237,9,1
258,22,1
258,32,1
248,35,1
230,22,1
257,13,1
233,29,1
229,15,1
264,30,1
252,29,1
250,4,1
246,24,1
235,29,1
242,44,1
224,22,1
267,18,1
259,26,1
257,33,1
258,15,1
252,43,1
256,16,1
237,36,1
230,11,1
246,48,1
250,17,1
261,43,1
231,19,1
246,17,1
245,30,1
268,21,1
226,39,1
224,28,1
226,25,1
234,10,1
233,32,1
227,23,1
230,6,1
255,25,1
245,25,1
225,15,1
256,32,1
265,10,1
230,41,1
248,27,1
229,18,1
232,10,1
260,42,1
234,24,1
244,29,1
223,15,1
248,20,1
224,15,1
242,49,1
243,36,1
249,16,1
247,19,1
244,22,1
265,18,1
230,34,1
258,33,1
248,6,1
268,32,1
266,17,1
225,16,1
262,35,1
251,6,1
263,38,1
232,28,1
247,49,1
245,19,1
241,31,1
263,40,1
253,47,1
236,15,1
239,33,1
246,43,1
250,43,1
263,36,1
248,42,1
