5,30,0
48,17,0
20,3,0
21,3,0
16,5,0
40,41,0
45,15,0
27,36,0
22,30,0
19,27,0
36,29,0
36,14,0
26,27,0
22,22,0
10,43,0
26,21,0
24,21,0
20,20,0
30,10,0
44,31,0
9,22,0
46,19,0
37,41,0
40,12,0
42,11,0
39,16,0
3,34,0
17,45,0
41,13,0
45,15,0
10,36,0
30,33,0
22,40,0
27,3,0
16,6,0
30,11,0
21,21,0
13,37,0
14,18,0
26,2,0
23,34,0
28,35,0
28,38,0
26,23,0
45,34,0
28,15,0
47,23,0
29,1,0
39,16,0
44,30,0
44,30,0
39,32,0
24,11,0
26,43,0
7,26,0
30,16,0
27,26,0
36,16,0
2,22,0
41,19,0
29,31,0
20,9,0
32,10,0
16,21,0
8,34,0
40,5,0
23,19,0
25,27,0
24,19,0
15,22,0
39,23,0
16,17,0
10,34,0
25,28,0
34,39,0
35,32,0
13,7,0
10,6,0
11,45,0
2,29,0
46,21,0
16,30,0
29,44,0
13,8,0
3,26,0
43,16,0
11,34,0
23,21,0
13,17,0
30,6,0
15,22,0
15,45,0
44,41,0
10,28,0
38,20,0
40,6,0
40,9,0
30,8,0
26,40,0
5,13,0
21,29,0
32,16,0
36,27,0
15,35,0
14,44,0
45,39,0
32,11,0
48,17,0
19,6,0
32,41,0
12,33,0
17,38,0
28,35,0
43,39,0
27,15,0
18,42,0
26,41,0
14,9,0
38,33,0
44,37,0
11,21,0
12,44,0
31,36,0
17,40,0
23,28,0
16,10,0
19,23,0
43,31,0
20,34,0
4,28,0
48,25,0
34,12,0
2,26,0
16,35,0
5,15,0
39,44,0
34,33,0
26,49,0
26,36,0
39,18,0
34,7,0
8,36,0
8,26,0
41,33,0
41,36,0
32,1,0
12,27,0
12,13,0
22,17,0
33,13,0
6,34,0
19,41,0
13,4,0
35,23,0
41,35,0
38,28,0
11,45,0
21,44,0
4,37,0
24,44,0
32,31,0
47,21,0
3,24,0
46,22,0
42,21,0
15,14,0
29,15,0
28,28,0
40,16,0
9,34,0
14,10,0
21,41,0
25,2,0
12,26,0
26,38,0
11,11,0
10,38,0
29,34,0
38,26,0
31,17,0
20,41,0
9,36,0
24,32,0
14,24,0
28,48,0
11,41,0
18,34,0
12,16,0
49,31,0
13,9,0
34,39,0
40,14,0
24,36,0
19,12,0
14,8,0
48,32,0
21,16,0
26,2,0
10,5,0
4,30,0
44,16,0
22,8,0
7,22,0
2,30,0
17,32,0
10,32,0
32,15,0
48,17,0
45,22,0
26,20,0
28,38,0
13,11,0
21,34,0
47,20,0
28,19,0
31,2,0
33,47,0
34,31,0
33,25,0
41,26,0
21,4,0
41,35,0
9,31,0
29,34,0
36,28,0
48,18,0
38,14,0
28,5,0
35,24,0
27,16,0
22,43,0
10,43,0
39,40,0
34,17,0
7,28,0
23,37,0
22,41,0
11,19,0
18,3,0
40,27,0
49,26,0
24,10,0
19,34,0
6,36,0
43,19,0
48,20,0
4,15,0
30,30,0
44,30,0
31,33,0
242,19,1
239,33,1
244,15,1
233,18,1
248,12,1
265,32,1
249,16,1
241,24,1
247,9,1
260,28,1
243,29,1
254,43,1
227,27,1
265,23,1
243,4,1
233,41,1
235,17,1
232,6,1
249,30,1
260,9,1
239,9,1
247,17,1
242,2,1
265,40,1
267,24,1
266,13,1
233,23,1
255,4,1
231,12,1
229,21,1
239,8,1
239,41,1
259,7,1
255,17,1
243,25,1
256,14,1
257,36,1
256,34,1
249,22,1
265,30,1
264,33,1
242,13,1
259,33,1
240,38,1
244,7,1
233,9,1
232,21,1
230,8,1
253,48,1
239,25,1
232,10,1
228,7,1
260,42,1
238,26,1
240,32,1
245,44,1
256,37,1
244,41,1
268,26,1
233,26,1
245,2,1
232,39,1
225,32,1
255,12,1
227,32,1
248,21,1
249,11,1
242,23,1
265,25,1
258,45,1
228,13,1
228,18,1
245,12,1
258,38,1
235,27,1
239,35,1
258,4,1
265,39,1
256,26,1
237,17,1
244,14,1
254,6,1
263,18,1
241,7,1
237,7,1
248,16,1
254,20,1
232,31,1
255,38,1
257,23,1
245,31,1
240,16,1
235,46,1
260,38,1
252,14,1
262,34,1
239,44,1
231,30,1
235,18,1
248,33,1
225,17,1
265,35,1
238,18,1
242,6,1
251,20,1
260,5,1
245,22,1
235,36,1
229,13,1
240,26,1
221,25,1
229,36,1
258,22,1
222,21,1
261,12,1
249,40,1
247,17,1
244,30,1
260,38,1
242,25,1
266,33,1
239,14,1
239,33,1
247,31,1
254,19,1
251,18,1
251,10,1
247,23,1
237,9,1
236,29,1
260,42,1
246,26,1
227,41,1
230,14,1
258,24,1
248,30,1
253,45,1
263,39,1
249,20,1
251,14,1
239,14,1
253,20,1
248,44,1
245,35,1
250,20,1
235,41,1
249,26,1
260,38,1
262,19,1
231,36,1
264,22,1
257,32,1
236,5,1
229,12,1
267,25,1
248,32,1
268,22,1
251,48,1
258,22,1
262,37,1
254,2,1
260,13,1
232,34,1
251,45,1
254,22,1
255,11,1
223,26,1
252,33,1
257,20,1
264,33,1
236,10,1
258,17,1
262,23,1
255,30,1
232,44,1
260,38,1
240,28,1
229,38,1
256,4,1
241,32,1
223,32,1
266,12,1
265,18,1
253,29,1
243,33,1
258,12,1
232,25,1
248,16,1
232,37,1
233,20,1
255,47,1
243,3,1
243,28,1
230,42,1
258,20,1
252,23,1
254,34,1
256,4,1
258,8,1
249,3,1
265,26,1
260,42,1
233,18,1
258,16,1
237,7,1
231,35,1
247,11,1
231,14,1
243,16,1
244,16,1
239,17,1
259,20,1
241,16,1
249,13,1
237,34,1
247,29,1
250,45,1
229,17,1
231,26,1
228,10,1
247,25,1
233,19,1
244,31,1
243,49,1
224,29,1
245,13,1
222,16,1
251,37,1
237,35,1
228,18,1
222,29,1
225,35,1
255,25,1
233,42,1
262,41,1
265,14,1
252,37,1
239,4,1
238,11,1
254,32,1
249,44,1
234,33,1
239,15,1
260,44,1
257,9,1
258,24,1
234,5,1
246,34,1
256,24,1
247,8,1
229,9,1
234,31,1
268,20,1
235,20,1
239,31,1
263,28,1
223,34,1
244,43,1
222,19,1
228,22,1
253,7,1
243,27,1
228,7,1
241,36,1
266,22,1
255,41,1
244,41,1
236,45,1
233,23,1
255,28,1
221,19,1
259,22,1
236,48,1
261,24,1
233,19,1
258,16,1
231,35,1
225,34,1
261,6,1
258,16,1
269,30,1
230,43,1
254,47,1
237,38,1
269,31,1
246,34,1
255,45,1
263,9,1
263,31,1
247,38,1
244,12,1
250,32,1
231,42,1
256,27,1
235,23,1
256,8,1
229,30,1
258,17,1
243,45,1
253,34,1
232,25,1
232,41,1
241,31,1
250,30,1
244,15,1
246,12,1
257,43,1
265,29,1
227,13,1
233,17,1
239,24,1
250,31,1
244,32,1
266,18,1
233,40,1
258,42,1
238,15,1
222,21,1
263,41,1
228,24,1
246,28,1
249,24,1
228,13,1
235,24,1
238,26,1
253,29,1
253,17,1
241,18,1
243,4,1
243,37,1
244,15,1
223,24,1
228,17,1
243,8,1
262,8,1
268,34,1
269,19,1
231,9,1
236,42,1
240,19,1
235,39,1
258,20,1
257,5,1
257,13,1
229,32,1
253,19,1
244,26,1
252,24,1
260,45,1
257,38,1
238,25,1
234,45,1
244,26,1
247,19,1
238,30,1
251,31,1
240,6,1
254,23,1
256,47,1
234,41,1
259,35,1
251,39,1
258,43,1
250,11,1
254,33,1
225,22,1
249,15,1
235,13,1
243,17,1
260,31,1
246,10,1
247,43,1
238,41,1
224,37,1
251,1,1
266,29,1
262,37,1
255,23,1
233,34,1
250,10,1
244,13,1
251,32,1
238,49,1
238,48,1
264,11,1
251,22,1
240,19,1
256,26,1
262,37,1
256,16,1
222,32,1
234,31,1
262,10,1
260,38,1
245,25,1
257,34,1
255,15,1
230,5,1
253,26,1
247,4,1
227,19,1
262,37,1
250,33,1
265,19,1
235,17,1
230,44,1
239,27,1
256,16,1
250,20,1
244,34,1
243,1,1
252,40,1
248,1,1
239,23,1
258,42,1
231,23,1
242,29,1
232,18,1
260,41,1
262,8,1
247,43,1
235,8,1
243,3,1
267,24,1
258,22,1
251,29,1
230,42,1
269,24,1
226,39,1
238,41,1
247,19,1
232,44,1
237,41,1
255,27,1
230,19,1
223,31,1
260,12,1
260,37,1
239,33,1
252,40,1
240,28,1
233,12,1
264,40,1
268,25,1
245,48,1
250,5,1
245,31,1
257,36,1
244,14,1
226,41,1
228,41,1
248,5,1
240,1,1
231,36,1
234,34,1
256,13,1
243,25,1
257,27,1
243,4,1
240,43,1
249,38,1
250,9,1
229,20,1
238,40,1
252,5,1
227,37,1
238,24,1
260,11,1
252,13,1
229,21,1
245,24,1
244,21,1
255,47,1
244,29,1
230,15,1
236,24,1
260,24,1
264,20,1
252,28,1
222,30,1
243,38,1
263,36,1
223,22,1
233,24,1
259,15,1
255,16,1
241,41,1
231,12,1
244,35,1
252,3,1
240,2,1
265,27,1
238,8,1
241,5,1
256,17,1
261,13,1
234,43,1
238,48,1
241,4,1
257,10,1
243,10,1
258,27,1
240,10,1
256,18,1
232,35,1
222,22,1
232,6,1
266,34,1
226,38,1
256,21,1
240,4,1
258,31,1
226,18,1
260,41,1
250,15,1
235,7,1
267,29,1
253,21,1
253,10,1
240,45,1
233,15,1
257,34,1
234,33,1
269,23,1
233,36,1
254,5,1
230,39,1
238,10,1
253,13,1
263,26,1
264,12,1
246,22,1
265,10,1
249,31,1
234,42,1
229,11,1
233,28,1
230,42,1
236,42,1
230,15,1
257,46,1
250,47,1
243,2,1
250,7,1
261,27,1
236,7,1
230,33,1
230,45,1
231,13,1
230,31,1
237,15,1
226,35,1
256,20,1
233,46,1
244,18,1
232,14,1
232,46,1
223,31,1
227,38,1
248,33,1
256,38,1
251,17,1
243,27,1
240,47,1
251,13,1
243,25,1
254,8,1
240,40,1
247,36,1
246,30,1
254,18,1
261,42,1
245,9,1
253,35,1
250,3,1
251,10,1
256,39,1
233,8,1
249,40,1
242,25,1
246,16,1
227,17,1
268,33,1
245,41,1
224,27,1
238,28,1
231,6,1
251,28,1
230,26,1
230,13,1
257,18,1
254,36,1
230,31,1
231,8,1
257,36,1
237,25,1
247,49,1
224,27,1
253,11,1
236,10,1
259,21,1
244,36,1
250,8,1
254,45,1
266,28,1
226,17,1
259,14,1
245,43,1
256,38,1
233,10,1
254,19,1
249,34,1
221,24,1
265,19,1
269,24,1
262,16,1
260,28,1
264,19,1
264,36,1
258,23,1
243,46,1
240,12,1
223,15,1
236,5,1
226,22,1
250,2,1
254,2,1
267,19,1
238,47,1
232,12,1
260,12,1
258,45,1
229,26,1
227,28,1
237,17,1
265,33,1
257,16,1
238,38,1
244,42,1
234,20,1
267,35,1
253,31,1
233,9,1
231,14,1
262,43,1
239,32,1
248,33,1
231,29,1
225,31,1
250,41,1
235,18,1
230,10,1
225,23,1
238,14,1
235,27,1
233,36,1
245,23,1
236,34,1
228,18,1
242,1,1
262,31,1
262,41,1
249,21,1
229,42,1
263,33,1
224,34,1
252,13,1
229,30,1
253,43,1
261,15,1
243,24,1
234,35,1
255,45,1
230,31,1
255,44,1
222,26,1
250,43,1
261,12,1
246,37,1
227,40,1
269,22,1
261,17,1
233,38,1
239,33,1
246,22,1
252,24,1
244,18,1
260,44,1
236,30,1
262,12,1
222,34,1
261,31,1
234,31,1
251,6,1
257,8,1
235,33,1
248,1,1
240,29,1
227,10,1
251,14,1
250,17,1
240,42,1
246,27,1
252,23,1
250,43,1
256,30,1
228,13,1
255,40,1
234,47,1
260,15,1
250,12,1
266,38,1
234,45,1
253,24,1
229,35,1
236,11,1
242,14,1
229,35,1
242,34,1
245,47,1
260,15,1
262,17,1
239,15,1
262,13,1
254,12,1
255,15,1
255,44,1
247,8,1
239,3,1
238,39,1
256,5,1
223,36,1
262,34,1
243,17,1
247,11,1
231,39,1
223,25,1
243,35,1
254,30,1
258,16,1
260,20,1
254,19,1
238,47,1
228,9,1
247,1,1
242,44,1
248,48,1
248,36,1
253,8,1
250,48,1
