28,43,0
13,43,0
40,38,0
5,17,0
33,36,0
10,24,0
34,28,0
45,37,0
42,36,0
6,22,0
40,39,0
19,28,0
37,39,0
17,45,0
5,10,0
33,35,0
22,19,0
10,31,0
23,46,0
19,42,0
9,10,0
33,31,0
7,40,0
15,3,0
36,33,0
31,35,0
36,15,0
31,14,0
29,31,0
25,1,0
4,18,0
8,33,0
36,18,0
9,35,0
9,16,0
22,42,0
9,13,0
33,23,0
26,31,0
23,29,0
32,21,0
34,8,0
30,6,0
28,47,0
21,31,0
20,40,0
10,23,0
30,18,0
36,38,0
13,10,0
38,24,0
28,20,0
33,10,0
14,36,0
34,12,0
21,23,0
10,32,0
20,19,0
7,21,0
5,10,0
16,9,0
12,38,0
29,25,0
6,20,0
22,3,0
32,10,0
35,10,0
6,13,0
1,19,0
11,32,0
32,27,0
28,32,0
23,10,0
25,18,0
38,23,0
40,5,0
13,44,0
14,34,0
32,44,0
34,11,0
4,15,0
19,24,0
28,15,0
15,31,0
38,21,0
39,30,0
44,30,0
43,15,0
36,7,0
18,5,0
41,32,0
37,35,0
37,19,0
15,23,0
25,23,0
25,12,0
30,10,0
25,24,0
6,15,0
9,14,0
8,32,0
45,37,0
37,37,0
10,36,0
12,43,0
19,46,0
27,13,0
29,2,0
44,35,0
43,30,0
32,16,0
21,12,0
33,45,0
42,7,0
24,47,0
20,37,0
19,42,0
31,37,0
30,13,0
3,18,0
8,26,0
40,37,0
36,25,0
14,47,0
35,3,0
19,44,0
23,44,0
14,40,0
43,23,0
14,8,0
27,19,0
9,9,0
26,11,0
34,19,0
33,47,0
40,41,0
46,18,0
7,26,0
44,31,0
36,41,0
46,30,0
46,37,0
47,24,0
15,9,0
19,16,0
15,39,0
22,47,0
47,29,0
26,29,0
39,7,0
49,26,0
24,18,0
44,19,0
37,9,0
27,25,0
35,36,0
34,22,0
48,27,0
28,11,0
34,25,0
38,8,0
20,4,0
23,36,0
7,13,0
30,44,0
16,35,0
32,9,0
14,39,0
13,5,0
28,38,0
26,32,0
25,4,0
4,18,0
22,20,0
18,15,0
20,41,0
26,9,0
18,11,0
49,30,0
18,46,0
41,8,0
31,34,0
39,5,0
29,2,0
41,17,0
18,29,0
29,34,0
24,1,0
16,45,0
16,12,0
28,48,0
17,7,0
30,16,0
23,42,0
41,37,0
6,27,0
23,42,0
26,34,0
13,28,0
16,15,0
17,7,0
16,22,0
21,48,0
5,15,0
45,25,0
9,29,0
39,41,0
19,35,0
21,7,0
42,38,0
36,36,0
37,9,0
39,16,0
4,12,0
45,40,0
37,43,0
43,38,0
13,7,0
47,17,0
32,16,0
40,16,0
27,30,0
41,14,0
27,10,0
23,36,0
25,34,0
19,9,0
32,40,0
46,26,0
24,3,0
21,37,0
31,45,0
12,41,0
39,38,0
28,5,0
14,3,0
41,22,0
28,21,0
12,25,0
36,14,0
38,24,0
6,19,0
17,24,0
32,40,0
22,9,0
25,14,0
13,46,0
23,30,0
48,30,0
25,26,0
233,47,1
232,5,1
205,19,1
206,25,1
211,32,1
223,3,1
231,13,1
210,21,1
217,13,1
243,31,1
213,33,1
217,33,1
234,28,1
216,34,1
230,2,1
246,25,1
236,33,1
220,43,1
223,48,1
220,42,1
239,12,1
225,24,1
237,22,1
236,32,1
248,21,1
236,44,1
207,8,1
221,12,1
217,42,1
225,42,1
228,27,1
247,17,1
213,37,1
206,29,1
212,46,1
231,37,1
240,30,1
222,22,1
238,24,1
217,46,1
226,22,1
201,26,1
244,35,1
218,35,1
228,5,1
226,18,1
237,43,1
214,40,1
225,39,1
219,36,1
241,41,1
231,33,1
213,46,1
223,15,1
221,24,1
246,36,1
224,36,1
245,30,1
204,17,1
219,25,1
220,29,1
223,8,1
231,48,1
201,30,1
223,31,1
232,47,1
207,39,1
231,44,1
209,30,1
240,36,1
233,31,1
217,27,1
209,25,1
242,8,1
243,13,1
238,8,1
229,10,1
222,49,1
228,31,1
212,33,1
214,21,1
210,10,1
233,30,1
224,20,1
247,24,1
214,39,1
214,17,1
225,31,1
202,28,1
208,42,1
231,30,1
201,25,1
233,41,1
209,33,1
212,46,1
231,14,1
214,40,1
234,13,1
214,28,1
231,12,1
225,46,1
206,37,1
202,16,1
219,48,1
226,48,1
243,20,1
238,40,1
242,14,1
231,2,1
236,14,1
222,4,1
234,17,1
208,24,1
210,33,1
213,7,1
243,27,1
218,5,1
236,34,1
217,33,1
218,30,1
225,14,1
210,23,1
230,6,1
233,43,1
240,41,1
213,28,1
239,32,1
246,16,1
239,42,1
236,7,1
243,41,1
244,26,1
228,47,1
208,11,1
224,19,1
224,14,1
233,33,1
222,18,1
230,4,1
205,23,1
249,32,1
232,12,1
206,17,1
222,11,1
235,44,1
234,5,1
236,22,1
243,34,1
230,18,1
240,16,1
213,7,1
204,15,1
222,22,1
234,43,1
211,43,1
213,37,1
225,9,1
247,26,1
235,24,1
238,34,1
213,30,1
230,35,1
221,41,1
216,30,1
245,34,1
214,32,1
233,39,1
247,31,1
240,31,1
235,20,1
222,34,1
244,30,1
211,23,1
235,30,1
228,26,1
220,46,1
216,37,1
238,22,1
202,26,1
242,34,1
228,29,1
217,38,1
237,40,1
220,41,1
226,18,1
244,34,1
228,36,1
218,32,1
221,27,1
250,25,1
206,39,1
212,34,1
216,15,1
231,46,1
233,37,1
231,49,1
231,35,1
233,6,1
225,20,1
215,11,1
216,27,1
246,26,1
226,31,1
237,45,1
241,17,1
229,37,1
218,23,1
214,6,1
208,39,1
238,42,1
232,17,1
236,18,1
214,38,1
222,7,1
239,9,1
216,27,1
229,18,1
210,20,1
218,7,1
235,20,1
222,27,1
240,6,1
206,18,1
215,35,1
232,45,1
229,18,1
222,12,1
236,41,1
233,29,1
224,46,1
224,42,1
225,47,1
232,32,1
232,18,1
229,42,1
221,30,1
230,22,1
225,17,1
214,34,1
243,18,1
223,32,1
229,6,1
220,44,1
244,15,1
238,31,1
240,45,1
202,24,1
230,45,1
219,1,1
212,29,1
206,21,1
207,33,1
242,28,1
237,31,1
223,32,1
226,19,1
231,45,1
214,10,1
204,23,1
208,16,1
231,16,1
222,29,1
242,32,1
205,23,1
207,34,1
216,32,1
243,29,1
223,40,1
246,36,1
239,24,1
243,25,1
223,43,1
222,41,1
212,21,1
210,9,1
211,8,1
219,45,1
231,31,1
214,28,1
229,2,1
203,25,1
223,26,1
237,17,1
211,26,1
223,38,1
246,30,1
210,17,1
230,25,1
216,19,1
213,20,1
221,3,1
231,16,1
202,31,1
220,14,1
211,21,1
226,40,1
233,27,1
208,20,1
222,43,1
239,7,1
227,26,1
233,43,1
206,39,1
246,38,1
218,5,1
213,10,1
218,29,1
237,41,1
241,17,1
249,30,1
238,15,1
233,48,1
217,7,1
231,3,1
208,21,1
212,40,1
219,24,1
236,29,1
240,13,1
208,31,1
209,21,1
237,28,1
230,5,1
234,15,1
249,30,1
218,17,1
242,32,1
239,7,1
223,13,1
232,46,1
246,13,1
223,3,1
202,33,1
217,2,1
210,39,1
213,17,1
209,24,1
238,16,1
230,5,1
243,17,1
230,14,1
223,46,1
215,11,1
205,39,1
245,11,1
236,28,1
213,26,1
205,29,1
230,42,1
225,4,1
233,4,1
209,44,1
249,21,1
230,20,1
221,44,1
212,45,1
208,34,1
249,20,1
203,29,1
223,14,1
231,13,1
221,15,1
218,26,1
214,8,1
208,27,1
216,6,1
214,36,1
223,8,1
221,22,1
225,6,1
246,23,1
248,19,1
219,43,1
205,30,1
226,20,1
224,41,1
219,15,1
241,14,1
225,10,1
245,10,1
224,21,1
232,29,1
225,41,1
214,43,1
206,30,1
234,5,1
244,36,1
238,19,1
243,36,1
233,38,1
214,27,1
214,7,1
236,39,1
221,6,1
221,34,1
205,34,1
245,23,1
242,32,1
247,15,1
249,22,1
225,22,1
244,19,1
228,9,1
244,26,1
217,32,1
225,33,1
224,45,1
235,8,1
240,24,1
216,48,1
208,20,1
217,47,1
220,41,1
247,17,1
204,29,1
240,6,1
241,36,1
249,22,1
220,43,1
211,40,1
222,23,1
231,34,1
214,25,1
241,41,1
211,15,1
210,32,1
208,16,1
223,42,1
229,10,1
231,33,1
220,2,1
234,6,1
214,13,1
237,24,1
245,28,1
229,30,1
236,12,1
248,16,1
219,10,1
232,21,1
227,33,1
224,48,1
242,28,1
221,38,1
213,16,1
241,42,1
227,8,1
213,9,1
218,25,1
214,26,1
235,14,1
218,40,1
210,35,1
245,39,1
241,13,1
210,23,1
223,16,1
226,30,1
216,23,1
234,5,1
229,37,1
237,13,1
226,37,1
224,23,1
218,32,1
228,9,1
219,9,1
217,13,1
220,7,1
223,26,1
232,42,1
240,40,1
231,19,1
217,27,1
213,29,1
203,29,1
219,8,1
229,34,1
214,19,1
219,32,1
235,36,1
240,28,1
226,30,1
211,42,1
215,22,1
214,29,1
238,24,1
240,45,1
248,25,1
238,40,1
232,23,1
248,30,1
242,36,1
221,32,1
247,32,1
246,22,1
220,13,1
218,44,1
238,8,1
203,14,1
240,33,1
230,22,1
217,26,1
238,43,1
229,41,1
205,32,1
210,43,1
208,39,1
246,13,1
215,13,1
240,38,1
232,3,1
232,24,1
210,13,1
212,13,1
230,30,1
246,30,1
241,41,1
222,23,1
222,41,1
242,24,1
227,1,1
217,9,1
212,4,1
242,12,1
209,30,1
222,39,1
233,20,1
216,5,1
240,30,1
217,36,1
226,36,1
223,23,1
228,36,1
242,13,1
205,37,1
212,25,1
234,39,1
231,25,1
246,33,1
204,24,1
218,2,1
218,24,1
204,27,1
218,21,1
205,27,1
205,31,1
230,9,1
221,7,1
219,44,1
244,11,1
236,8,1
243,24,1
217,36,1
249,32,1
207,26,1
239,28,1
248,34,1
213,44,1
237,39,1
221,13,1
245,40,1
238,36,1
211,26,1
204,13,1
216,27,1
242,41,1
215,43,1
226,25,1
227,37,1
247,30,1
219,3,1
222,6,1
227,37,1
240,27,1
232,18,1
216,17,1
211,29,1
221,41,1
230,34,1
212,9,1
231,44,1
221,47,1
243,31,1
212,38,1
236,13,1
239,18,1
244,12,1
235,6,1
220,3,1
212,15,1
221,30,1
211,20,1
204,22,1
231,18,1
218,2,1
240,31,1
221,42,1
219,46,1
237,24,1
237,25,1
242,10,1
220,17,1
233,44,1
235,15,1
249,20,1
225,28,1
237,30,1
247,18,1
240,9,1
236,27,1
205,35,1
226,10,1
242,40,1
241,22,1
214,17,1
232,30,1
213,24,1
246,29,1
216,24,1
240,40,1
235,7,1
232,40,1
222,48,1
228,27,1
236,4,1
232,47,1
226,27,1
214,27,1
212,26,1
227,5,1
239,35,1
243,31,1
236,14,1
210,14,1
249,26,1
226,31,1
232,20,1
218,35,1
244,18,1
239,15,1
230,38,1
229,49,1
215,22,1
246,21,1
238,32,1
219,38,1
235,11,1
218,37,1
221,7,1
243,13,1
225,4,1
215,4,1
244,26,1
235,15,1
240,16,1
237,19,1
202,16,1
232,13,1
202,17,1
226,2,1
235,23,1
212,24,1
231,23,1
205,22,1
208,21,1
224,6,1
219,38,1
228,21,1
225,3,1
206,10,1
217,43,1
238,34,1
230,17,1
210,12,1
208,36,1
214,24,1
224,3,1
233,44,1
245,20,1
209,30,1
207,36,1
242,18,1
235,46,1
234,24,1
227,35,1
246,22,1
242,20,1
231,17,1
222,7,1
224,39,1
203,15,1
246,29,1
217,12,1
228,14,1
231,28,1
222,39,1
246,38,1
222,20,1
216,11,1
242,14,1
207,13,1
233,48,1
222,28,1
244,24,1
223,18,1
243,12,1
222,31,1
227,5,1
222,42,1
215,19,1
215,22,1
218,10,1
210,33,1
235,19,1
224,29,1
211,7,1
231,9,1
231,39,1
241,30,1
208,29,1
218,25,1
226,30,1
213,8,1
220,20,1
215,45,1
214,24,1
217,44,1
216,35,1
231,21,1
210,5,1
248,18,1
214,46,1
205,13,1
236,27,1
223,18,1
201,22,1
229,42,1
215,37,1
217,20,1
242,35,1
233,23,1
223,18,1
233,45,1
229,47,1
211,39,1
240,12,1
246,21,1
217,37,1
243,25,1
