24,21,0
0,25,0
9,20,0
38,5,0
36,15,0
6,17,0
26,30,0
16,11,0
14,29,0
24,13,0
43,33,0
12,41,0
21,44,0
41,28,0
17,46,0
24,32,0
9,29,0
41,40,0
13,42,0
23,39,0
25,14,0
23,39,0
21,24,0
21,11,0
46,15,0
11,45,0
9,44,0
18,41,0
33,40,0
40,10,0
10,29,0
33,38,0
20,39,0
19,24,0
32,5,0
27,41,0
25,22,0
13,28,0
27,6,0
13,20,0
22,33,0
25,13,0
23,9,0
25,13,0
32,44,0
30,31,0
28,47,0
38,25,0
28,2,0
43,11,0
42,32,0
49,23,0
6,35,0
19,6,0
19,13,0
13,8,0
10,15,0
22,44,0
27,8,0
44,10,0
1,21,0
26,45,0
37,27,0
16,11,0
19,30,0
21,31,0
26,34,0
9,28,0
37,16,0
15,43,0
23,47,0
37,22,0
20,39,0
35,18,0
21,20,0
8,16,0
38,4,0
26,14,0
21,29,0
47,28,0
41,15,0
41,34,0
40,28,0
6,19,0
30,43,0
35,36,0
30,34,0
46,25,0
25,42,0
26,21,0
23,18,0
24,23,0
17,39,0
38,14,0
13,11,0
20,29,0
48,22,0
8,29,0
23,36,0
24,31,0
35,19,0
7,26,0
35,14,0
29,8,0
34,33,0
28,41,0
31,46,0
20,5,0
48,17,0
15,9,0
32,28,0
19,2,0
5,19,0
21,11,0
31,49,0
40,39,0
17,48,0
35,36,0
9,22,0
24,6,0
19,21,0
47,24,0
18,3,0
39,38,0
35,11,0
35,12,0
15,19,0
15,24,0
44,36,0
12,40,0
27,13,0
26,27,0
5,10,0
24,27,0
31,36,0
13,46,0
31,45,0
33,22,0
17,33,0
33,13,0
38,24,0
24,10,0
29,11,0
13,33,0
29,46,0
13,36,0
0,25,0
30,18,0
40,16,0
29,33,0
10,23,0
32,13,0
22,49,0
22,4,0
25,11,0
45,28,0
35,32,0
24,47,0
34,12,0
18,26,0
14,10,0
8,19,0
44,35,0
2,32,0
12,8,0
31,42,0
23,17,0
22,9,0
23,17,0
43,15,0
14,34,0
25,24,0
5,38,0
48,21,0
38,13,0
25,9,0
13,14,0
11,23,0
8,12,0
27,10,0
19,49,0
22,18,0
35,34,0
49,19,0
11,17,0
31,14,0
7,16,0
36,17,0
12,34,0
14,27,0
44,21,0
41,33,0
39,19,0
13,46,0
40,45,0
5,19,0
25,22,0
20,14,0
46,30,0
37,33,0
28,27,0
32,12,0
48,20,0
21,9,0
33,3,0
39,41,0
43,10,0
10,33,0
35,3,0
35,13,0
29,19,0
30,13,0
48,29,0
18,37,0
27,36,0
24,21,0
12,5,0
35,4,0
24,35,0
28,44,0
16,4,0
42,38,0
34,36,0
29,14,0
13,46,0
19,46,0
23,21,0
10,45,0
7,25,0
27,1,0
14,10,0
36,21,0
29,16,0
35,16,0
1,26,0
18,33,0
36,19,0
15,17,0
19,30,0
7,18,0
16,24,0
38,25,0
19,30,0
24,33,0
25,13,0
33,7,0
29,30,0
17,11,0
2,19,0
24,12,0
218,9,1
243,24,1
219,8,1
216,25,1
228,18,1
241,22,1
233,30,1
225,38,1
226,2,1
232,10,1
241,20,1
218,31,1
243,8,1
229,10,1
233,20,1
244,28,1
245,30,1
243,40,1
206,27,1
230,24,1
206,29,1
238,40,1
246,29,1
248,31,1
231,2,1
230,48,1
222,15,1
234,15,1
207,40,1
230,24,1
219,37,1
249,20,1
249,32,1
243,24,1
240,21,1
216,21,1
238,9,1
226,18,1
206,39,1
219,2,1
249,25,1
248,28,1
218,23,1
220,3,1
218,42,1
233,19,1
201,27,1
228,38,1
217,35,1
224,28,1
212,12,1
216,9,1
222,19,1
214,39,1
225,37,1
216,37,1
219,30,1
248,32,1
208,41,1
206,35,1
223,23,1
221,8,1
213,40,1
240,10,1
222,23,1
229,1,1
228,30,1
230,29,1
225,1,1
223,12,1
226,16,1
237,21,1
248,31,1
232,13,1
212,44,1
206,12,1
209,42,1
231,44,1
219,14,1
230,24,1
218,49,1
243,42,1
204,30,1
241,42,1
243,28,1
223,15,1
241,15,1
240,43,1
227,17,1
208,28,1
226,40,1
247,32,1
217,40,1
238,44,1
213,5,1
216,16,1
220,38,1
226,39,1
243,39,1
229,30,1
209,17,1
231,16,1
220,10,1
215,19,1
244,38,1
213,30,1
235,12,1
217,16,1
220,47,1
230,35,1
203,19,1
227,14,1
234,42,1
229,3,1
238,15,1
235,13,1
244,22,1
201,21,1
245,25,1
223,35,1
225,6,1
205,29,1
244,30,1
229,22,1
227,49,1
235,5,1
208,35,1
246,26,1
237,21,1
238,11,1
218,31,1
205,20,1
239,13,1
208,8,1
241,38,1
233,8,1
231,32,1
237,38,1
208,24,1
223,47,1
228,24,1
212,32,1
206,26,1
214,17,1
230,25,1
247,18,1
236,10,1
232,7,1
203,23,1
225,5,1
201,27,1
215,47,1
225,28,1
229,9,1
227,39,1
220,27,1
212,33,1
230,36,1
230,24,1
222,44,1
210,33,1
242,13,1
216,32,1
210,43,1
234,2,1
212,10,1
234,18,1
229,12,1
208,15,1
241,7,1
217,21,1
223,3,1
230,11,1
214,47,1
209,32,1
223,28,1
218,46,1
238,17,1
234,18,1
245,26,1
229,5,1
221,33,1
246,37,1
204,27,1
239,19,1
209,14,1
225,24,1
235,13,1
227,48,1
207,18,1
225,21,1
231,33,1
226,13,1
228,28,1
219,12,1
226,10,1
227,34,1
244,12,1
217,26,1
219,36,1
237,29,1
214,24,1
248,29,1
233,2,1
219,32,1
219,32,1
221,34,1
246,38,1
220,37,1
220,5,1
210,41,1
238,36,1
229,7,1
222,36,1
230,32,1
233,11,1
230,40,1
211,39,1
242,40,1
222,14,1
226,43,1
239,43,1
241,20,1
224,7,1
234,43,1
223,38,1
229,35,1
220,44,1
218,19,1
215,32,1
215,12,1
216,46,1
230,42,1
220,38,1
228,18,1
222,17,1
236,3,1
236,38,1
208,29,1
225,41,1
219,20,1
208,17,1
216,17,1
201,22,1
203,28,1
234,13,1
214,6,1
230,13,1
222,46,1
219,41,1
241,41,1
206,12,1
240,17,1
232,13,1
227,3,1
246,13,1
234,26,1
228,42,1
231,35,1
216,25,1
214,26,1
214,24,1
240,9,1
249,25,1
241,31,1
206,33,1
231,1,1
225,8,1
212,14,1
229,8,1
208,39,1
226,17,1
229,44,1
225,33,1
240,13,1
240,24,1
206,23,1
228,18,1
229,2,1
243,10,1
227,47,1
245,21,1
230,14,1
217,8,1
246,20,1
217,29,1
227,41,1
218,18,1
229,26,1
239,28,1
238,10,1
219,4,1
232,35,1
243,18,1
213,30,1
205,31,1
228,25,1
223,11,1
238,16,1
218,16,1
224,10,1
244,29,1
213,6,1
207,28,1
248,19,1
216,28,1
222,20,1
204,36,1
246,27,1
225,22,1
245,27,1
233,15,1
224,15,1
221,3,1
238,15,1
209,25,1
237,26,1
235,11,1
224,10,1
212,31,1
225,3,1
226,6,1
209,28,1
238,30,1
246,36,1
238,27,1
212,37,1
231,45,1
204,19,1
226,10,1
235,7,1
222,14,1
219,18,1
227,11,1
222,28,1
205,36,1
240,36,1
217,30,1
215,12,1
247,36,1
247,24,1
230,10,1
229,4,1
232,20,1
230,42,1
208,22,1
226,14,1
243,11,1
218,41,1
213,11,1
208,23,1
237,31,1
240,6,1
209,9,1
221,35,1
244,18,1
232,28,1
244,11,1
235,3,1
217,8,1
216,16,1
234,37,1
242,24,1
230,14,1
222,21,1
217,48,1
208,10,1
210,13,1
229,25,1
220,1,1
231,10,1
234,21,1
221,25,1
218,46,1
221,21,1
213,34,1
235,13,1
210,33,1
226,3,1
248,29,1
201,31,1
233,42,1
233,24,1
230,14,1
219,32,1
228,25,1
240,11,1
234,13,1
221,7,1
228,19,1
231,38,1
228,47,1
234,6,1
207,27,1
234,3,1
249,29,1
205,16,1
214,47,1
231,3,1
213,33,1
222,9,1
226,27,1
237,12,1
205,34,1
219,13,1
237,7,1
242,30,1
228,34,1
226,26,1
231,5,1
209,15,1
221,21,1
243,34,1
215,19,1
223,46,1
209,29,1
212,29,1
227,31,1
209,22,1
239,32,1
218,15,1
241,44,1
233,21,1
234,30,1
244,13,1
225,27,1
228,14,1
244,32,1
238,4,1
238,25,1
212,5,1
238,45,1
213,23,1
234,33,1
204,31,1
220,11,1
238,7,1
232,10,1
219,46,1
212,16,1
203,26,1
243,30,1
233,28,1
209,26,1
221,7,1
212,28,1
225,9,1
227,15,1
234,27,1
219,47,1
222,15,1
238,40,1
233,20,1
217,15,1
230,36,1
202,28,1
233,46,1
223,8,1
222,42,1
224,17,1
220,23,1
218,34,1
230,3,1
234,15,1
223,39,1
220,14,1
212,32,1
247,17,1
239,13,1
219,46,1
208,19,1
207,35,1
238,12,1
215,39,1
231,37,1
231,19,1
225,12,1
221,7,1
213,28,1
229,32,1
238,45,1
210,44,1
235,9,1
203,18,1
219,49,1
225,15,1
241,16,1
216,22,1
214,25,1
213,40,1
211,7,1
227,4,1
242,17,1
242,18,1
214,32,1
226,24,1
204,25,1
222,18,1
203,20,1
242,23,1
207,22,1
234,37,1
237,14,1
232,36,1
225,3,1
216,17,1
217,45,1
229,43,1
248,27,1
226,35,1
234,26,1
231,1,1
226,10,1
221,28,1
218,32,1
220,8,1
240,34,1
212,28,1
205,26,1
244,31,1
245,36,1
216,37,1
244,20,1
215,11,1
229,8,1
226,14,1
206,26,1
239,8,1
240,14,1
220,28,1
229,37,1
211,14,1
234,29,1
226,30,1
233,45,1
235,37,1
213,14,1
244,22,1
228,20,1
218,21,1
228,9,1
232,18,1
223,48,1
228,16,1
236,33,1
213,35,1
218,6,1
214,21,1
226,18,1
236,6,1
215,27,1
229,2,1
228,43,1
239,18,1
211,38,1
247,21,1
224,46,1
245,10,1
224,1,1
229,4,1
211,25,1
206,21,1
239,12,1
213,13,1
234,30,1
240,5,1
237,44,1
224,41,1
234,27,1
217,23,1
240,38,1
226,41,1
233,10,1
219,44,1
224,49,1
237,19,1
208,15,1
227,12,1
224,14,1
222,14,1
202,21,1
212,34,1
209,34,1
242,8,1
232,47,1
235,39,1
226,23,1
233,37,1
243,16,1
241,39,1
219,35,1
232,24,1
217,19,1
214,46,1
239,26,1
232,3,1
222,45,1
234,36,1
221,46,1
222,1,1
201,22,1
205,12,1
211,33,1
235,4,1
213,44,1
218,48,1
214,18,1
236,18,1
242,30,1
214,13,1
216,31,1
229,17,1
216,15,1
244,35,1
231,45,1
207,32,1
217,34,1
229,5,1
237,6,1
219,46,1
224,10,1
237,26,1
238,14,1
237,36,1
209,26,1
224,12,1
207,30,1
240,20,1
215,23,1
206,34,1
232,38,1
224,17,1
243,9,1
243,22,1
226,4,1
235,21,1
232,3,1
234,47,1
216,14,1
215,33,1
227,18,1
215,9,1
217,26,1
216,37,1
230,34,1
236,19,1
201,24,1
211,35,1
206,17,1
211,42,1
248,30,1
217,31,1
247,24,1
216,23,1
236,30,1
201,20,1
217,26,1
209,29,1
202,30,1
227,8,1
206,24,1
236,37,1
218,6,1
213,44,1
234,36,1
231,26,1
240,14,1
235,38,1
239,15,1
224,39,1
217,46,1
235,24,1
235,36,1
226,1,1
242,8,1
245,14,1
228,49,1
225,4,1
246,32,1
238,30,1
229,37,1
240,20,1
222,45,1
214,9,1
235,4,1
243,9,1
243,21,1
221,29,1
224,27,1
206,16,1
242,14,1
231,32,1
220,47,1
213,10,1
220,31,1
218,14,1
225,27,1
226,29,1
237,24,1
229,43,1
244,9,1
228,11,1
225,45,1
239,26,1
240,31,1
207,27,1
228,35,1
229,14,1
209,29,1
209,34,1
209,30,1
216,10,1
227,16,1
220,44,1
232,30,1
207,34,1
215,31,1
218,13,1
242,30,1
248,33,1
211,37,1
218,28,1
217,38,1
203,24,1
240,12,1
217,36,1
248,22,1
217,38,1
242,39,1
228,9,1
243,32,1
238,42,1
247,27,1
238,45,1
212,42,1
243,35,1
237,15,1
210,26,1
233,7,1
238,31,1
234,5,1
230,11,1
210,10,1
241,26,1
231,48,1
248,23,1
227,2,1
223,48,1
245,14,1
206,41,1
