29,49,0
1,29,0
13,38,0
47,29,0
27,6,0
22,16,0
15,4,0
22,9,0
8,15,0
22,45,0
18,40,0
29,25,0
7,23,0
49,26,0
39,24,0
33,7,0
17,47,0
10,10,0
21,7,0
20,19,0
26,7,0
41,16,0
36,25,0
17,18,0
30,49,0
17,14,0
14,45,0
20,2,0
14,29,0
37,19,0
9,10,0
46,32,0
44,37,0
17,18,0
12,11,0
31,15,0
19,30,0
38,29,0
8,10,0
44,36,0
30,10,0
42,14,0
28,10,0
17,15,0
45,32,0
30,45,0
32,45,0
46,38,0
36,32,0
3,27,0
31,32,0
36,44,0
25,41,0
37,37,0
3,30,0
2,29,0
6,20,0
24,49,0
21,2,0
30,22,0
20,8,0
31,39,0
17,22,0
28,49,0
15,6,0
34,45,0
28,39,0
23,36,0
22,28,0
29,10,0
5,28,0
39,37,0
21,5,0
25,26,0
41,13,0
43,8,0
34,45,0
14,30,0
14,8,0
9,41,0
15,45,0
20,40,0
19,17,0
28,11,0
21,19,0
17,15,0
4,23,0
28,35,0
25,20,0
36,39,0
20,45,0
5,28,0
26,7,0
38,15,0
37,46,0
19,31,0
47,17,0
8,43,0
19,33,0
30,12,0
40,13,0
34,8,0
43,42,0
31,17,0
37,26,0
24,47,0
9,26,0
16,33,0
19,36,0
47,18,0
38,43,0
19,21,0
15,19,0
23,38,0
1,21,0
7,35,0
25,16,0
21,42,0
29,2,0
33,2,0
36,41,0
24,5,0
18,2,0
43,23,0
25,21,0
34,13,0
36,11,0
7,37,0
23,16,0
22,39,0
38,18,0
31,32,0
37,28,0
30,23,0
21,41,0
20,4,0
22,9,0
18,11,0
8,39,0
12,31,0
35,35,0
32,7,0
15,11,0
25,6,0
40,13,0
44,19,0
26,35,0
45,18,0
8,40,0
16,40,0
48,17,0
6,18,0
28,9,0
10,26,0
45,19,0
7,35,0
17,3,0
22,3,0
37,8,0
22,35,0
2,30,0
30,24,0
35,3,0
3,31,0
34,44,0
10,29,0
37,12,0
27,17,0
33,16,0
9,25,0
42,38,0
21,9,0
26,12,0
14,3,0
35,40,0
19,35,0
3,18,0
6,17,0
14,45,0
11,7,0
11,21,0
18,25,0
19,11,0
26,43,0
27,10,0
10,8,0
23,26,0
32,31,0
43,41,0
24,42,0
40,28,0
39,15,0
18,30,0
28,47,0
22,4,0
17,34,0
45,28,0
25,23,0
7,9,0
43,35,0
8,21,0
17,43,0
23,49,0
34,45,0
6,26,0
10,23,0
36,37,0
39,35,0
34,21,0
49,25,0
25,38,0
12,4,0
8,7,0
22,22,0
15,16,0
27,42,0
44,36,0
39,24,0
14,23,0
16,13,0
11,20,0
6,9,0
49,20,0
18,12,0
21,46,0
44,35,0
13,31,0
32,39,0
42,12,0
4,35,0
23,33,0
20,34,0
37,12,0
35,4,0
1,19,0
13,12,0
30,25,0
14,5,0
23,25,0
44,35,0
31,18,0
50,25,0
17,21,0
28,12,0
3,26,0
28,32,0
21,8,0
22,4,0
2,24,0
40,37,0
328,45,1
310,10,1
320,36,1
329,5,1
323,23,1
308,23,1
323,30,1
321,37,1
325,24,1
331,30,1
328,30,1
337,24,1
307,32,1
321,44,1
312,25,1
310,21,1
313,34,1
330,26,1
313,42,1
300,40,1
336,30,1
323,41,1
300,19,1
318,18,1
315,32,1
304,28,1
297,21,1
313,28,1
317,5,1
326,19,1
318,23,1
326,30,1
320,32,1
302,40,1
293,17,1
294,22,1
299,10,1
326,19,1
329,21,1
308,40,1
334,35,1
326,5,1
317,46,1
299,36,1
305,32,1
335,11,1
303,31,1
297,13,1
331,19,1
293,21,1
317,1,1
307,46,1
315,5,1
306,38,1
312,17,1
320,1,1
326,17,1
320,45,1
310,34,1
308,3,1
311,43,1
328,19,1
323,36,1
318,2,1
322,23,1
334,38,1
304,47,1
314,29,1
331,43,1
293,25,1
318,25,1
330,26,1
323,38,1
321,42,1
321,20,1
322,4,1
313,13,1
335,40,1
333,9,1
326,13,1
328,36,1
298,20,1
321,23,1
313,3,1
297,14,1
317,12,1
327,4,1
300,9,1
332,41,1
312,23,1
323,19,1
318,35,1
321,42,1
327,22,1
296,9,1
315,40,1
325,36,1
303,18,1
300,18,1
297,28,1
312,45,1
338,32,1
307,13,1
297,12,1
312,15,1
303,36,1
315,10,1
293,15,1
317,20,1
335,12,1
312,23,1
329,45,1
327,5,1
297,18,1
298,19,1
300,6,1
322,1,1
315,12,1
309,45,1
299,22,1
328,4,1
310,40,1
309,10,1
311,8,1
337,31,1
332,11,1
327,22,1
314,15,1
301,27,1
326,8,1
310,18,1
317,3,1
335,32,1
335,36,1
300,22,1
310,21,1
324,18,1
319,27,1
318,39,1
315,23,1
316,46,1
321,11,1
304,20,1
298,31,1
338,32,1
321,16,1
326,42,1
304,13,1
307,45,1
321,32,1
292,19,1
335,16,1
323,39,1
314,7,1
338,34,1
330,21,1
292,34,1
320,21,1
320,36,1
332,30,1
331,33,1
314,27,1
323,39,1
328,34,1
319,22,1
296,41,1
296,40,1
316,38,1
322,7,1
301,6,1
327,41,1
332,41,1
325,8,1
298,16,1
332,16,1
298,9,1
318,47,1
323,34,1
330,17,1
307,5,1
326,5,1
296,27,1
305,24,1
297,16,1
312,38,1
312,27,1
304,26,1
300,41,1
322,34,1
324,35,1
299,17,1
316,15,1
322,6,1
312,44,1
312,16,1
316,35,1
316,37,1
308,1,1
314,8,1
333,26,1
315,37,1
302,11,1
316,34,1
310,46,1
326,34,1
334,24,1
315,28,1
338,33,1
322,1,1
331,16,1
301,33,1
315,18,1
298,41,1
311,41,1
332,14,1
319,29,1
330,6,1
315,5,1
315,41,1
304,39,1
298,32,1
297,25,1
314,16,1
331,38,1
323,16,1
306,18,1
296,9,1
325,24,1
307,12,1
303,7,1
334,29,1
306,21,1
313,15,1
316,25,1
310,35,1
307,32,1
320,37,1
300,8,1
319,18,1
320,16,1
309,1,1
314,18,1
296,33,1
323,4,1
306,16,1
312,12,1
294,34,1
295,15,1
310,11,1
295,38,1
301,28,1
299,34,1
294,27,1
324,10,1
329,35,1
298,16,1
315,15,1
311,2,1
296,25,1
329,21,1
314,26,1
321,36,1
299,6,1
298,9,1
318,45,1
312,8,1
335,20,1
305,31,1
330,34,1
295,23,1
324,11,1
314,41,1
296,31,1
307,43,1
325,9,1
301,36,1
310,13,1
319,9,1
307,6,1
333,10,1
332,8,1
336,34,1
310,30,1
309,27,1
310,1,1
319,41,1
325,40,1
330,40,1
291,28,1
332,22,1
326,32,1
322,41,1
319,21,1
317,37,1
315,43,1
325,3,1
307,39,1
337,25,1
308,36,1
298,24,1
312,15,1
309,40,1
316,36,1
296,35,1
306,35,1
298,39,1
307,45,1
292,18,1
326,27,1
331,44,1
299,34,1
324,23,1
293,19,1
325,7,1
327,35,1
324,40,1
295,14,1
314,7,1
319,19,1
338,32,1
296,13,1
319,3,1
325,40,1
320,14,1
301,12,1
330,14,1
308,39,1
299,27,1
330,28,1
318,43,1
329,20,1
318,34,1
318,48,1
330,17,1
301,30,1
321,15,1
310,15,1
313,41,1
307,6,1
305,3,1
338,26,1
330,38,1
335,31,1
337,20,1
311,29,1
339,30,1
324,27,1
304,10,1
303,21,1
295,25,1
301,37,1
307,25,1
321,27,1
333,14,1
323,28,1
293,29,1
304,44,1
337,35,1
332,35,1
320,14,1
295,27,1
318,34,1
336,17,1
295,21,1
309,22,1
318,5,1
308,27,1
320,26,1
328,44,1
296,10,1
301,41,1
298,8,1
326,24,1
313,37,1
299,31,1
318,25,1
315,50,1
308,33,1
325,8,1
334,26,1
313,32,1
317,18,1
329,16,1
302,6,1
294,22,1
301,36,1
305,18,1
310,13,1
297,21,1
324,32,1
327,20,1
326,46,1
306,34,1
301,7,1
311,36,1
296,27,1
308,23,1
327,22,1
323,40,1
308,15,1
295,20,1
324,29,1
313,9,1
333,27,1
332,43,1
315,16,1
303,16,1
298,23,1
332,19,1
302,27,1
323,28,1
311,11,1
312,8,1
296,36,1
305,3,1
302,36,1
302,21,1
325,43,1
311,48,1
307,30,1
319,44,1
297,20,1
314,29,1
310,5,1
308,43,1
332,31,1
332,37,1
306,35,1
337,35,1
335,34,1
311,17,1
331,21,1
327,39,1
311,17,1
331,40,1
323,43,1
338,21,1
305,42,1
336,35,1
312,34,1
332,36,1
325,44,1
306,43,1
297,21,1
306,24,1
332,36,1
301,39,1
326,6,1
332,22,1
310,25,1
336,28,1
313,31,1
320,34,1
311,37,1
315,36,1
309,31,1
307,42,1
330,25,1
297,37,1
339,18,1
298,40,1
317,32,1
312,23,1
330,37,1
308,22,1
305,7,1
312,24,1
312,20,1
305,27,1
298,22,1
303,27,1
313,5,1
332,27,1
299,39,1
306,39,1
311,4,1
316,32,1
320,3,1
332,36,1
325,25,1
323,3,1
294,18,1
312,27,1
291,26,1
330,43,1
316,41,1
302,20,1
309,48,1
324,25,1
291,26,1
332,33,1
332,17,1
320,11,1
304,18,1
306,7,1
334,21,1
302,17,1
318,4,1
318,24,1
327,39,1
332,27,1
327,16,1
332,42,1
298,19,1
323,15,1
338,26,1
327,10,1
333,38,1
304,42,1
326,19,1
328,16,1
309,13,1
324,36,1
301,35,1
311,16,1
312,45,1
295,12,1
311,8,1
329,24,1
324,16,1
318,20,1
325,46,1
326,34,1
292,27,1
329,26,1
319,21,1
322,28,1
313,49,1
312,42,1
316,12,1
293,24,1
313,3,1
302,8,1
306,21,1
330,25,1
309,43,1
331,21,1
305,30,1
298,21,1
326,37,1
321,47,1
294,23,1
333,39,1
301,35,1
320,19,1
294,38,1
328,36,1
317,22,1
337,19,1
307,18,1
314,43,1
312,18,1
331,36,1
317,34,1
325,4,1
292,16,1
316,42,1
313,38,1
298,29,1
331,37,1
323,45,1
298,13,1
337,33,1
316,8,1
307,43,1
319,33,1
330,20,1
295,23,1
311,31,1
331,18,1
311,7,1
308,15,1
324,32,1
321,30,1
307,46,1
308,25,1
319,49,1
324,41,1
309,9,1
295,23,1
316,47,1
336,23,1
317,24,1
322,5,1
327,46,1
295,18,1
308,16,1
301,40,1
308,4,1
293,17,1
303,10,1
305,34,1
316,38,1
332,33,1
312,19,1
326,41,1
320,28,1
306,15,1
322,22,1
315,16,1
305,14,1
335,12,1
322,11,1
315,24,1
299,40,1
324,40,1
309,34,1
306,46,1
302,16,1
322,48,1
306,43,1
316,29,1
322,1,1
308,37,1
296,30,1
326,27,1
321,31,1
302,11,1
320,33,1
317,39,1
325,38,1
299,29,1
301,30,1
327,33,1
320,26,1
330,31,1
318,19,1
317,16,1
322,48,1
317,37,1
318,23,1
299,23,1
320,8,1
292,20,1
339,18,1
305,45,1
291,32,1
308,45,1
321,21,1
306,37,1
297,20,1
315,41,1
335,27,1
296,23,1
313,40,1
325,11,1
317,41,1
304,10,1
308,19,1
301,12,1
332,36,1
334,34,1
300,8,1
297,12,1
319,16,1
304,42,1
308,46,1
322,6,1
306,35,1
326,45,1
302,21,1
307,27,1
308,30,1
329,34,1
324,48,1
300,23,1
318,23,1
310,30,1
296,14,1
322,12,1
321,21,1
306,7,1
339,27,1
314,15,1
336,17,1
301,14,1
300,32,1
313,33,1
336,17,1
307,42,1
301,13,1
315,13,1
306,32,1
329,20,1
313,19,1
301,25,1
313,26,1
331,20,1
312,19,1
314,28,1
332,26,1
296,35,1
326,6,1
295,26,1
329,41,1
334,34,1
331,19,1
302,32,1
317,8,1
331,9,1
321,31,1
297,36,1
333,32,1
338,31,1
329,23,1
318,35,1
301,19,1
303,22,1
297,30,1
328,11,1
335,21,1
302,18,1
326,32,1
314,10,1
317,45,1
318,40,1
305,23,1
314,44,1
329,32,1
303,43,1
323,10,1
327,35,1
316,21,1
336,16,1
329,39,1
306,21,1
321,32,1
323,35,1
300,25,1
305,36,1
313,10,1
329,19,1
321,45,1
323,39,1
324,25,1
328,31,1
320,27,1
307,48,1
319,27,1
293,31,1
309,18,1
306,41,1
337,14,1
303,14,1
313,21,1
308,12,1
320,7,1
317,34,1
301,6,1
304,33,1
