14,29,0
39,39,0
4,26,0
19,49,0
30,38,0
47,20,0
38,31,0
1,20,0
23,8,0
11,17,0
42,10,0
36,26,0
35,47,0
30,2,0
27,7,0
34,42,0
39,27,0
22,20,0
43,20,0
1,20,0
46,23,0
27,11,0
31,13,0
47,17,0
13,44,0
19,25,0
33,28,0
34,43,0
8,36,0
19,4,0
47,24,0
10,7,0
22,45,0
3,22,0
23,49,0
25,23,0
25,38,0
38,37,0
17,11,0
40,24,0
28,41,0
13,34,0
25,19,0
26,21,0
40,45,0
32,16,0
22,13,0
38,45,0
24,45,0
6,38,0
17,43,0
36,46,0
2,30,0
24,12,0
9,42,0
14,27,0
35,7,0
22,29,0
2,17,0
16,45,0
20,18,0
28,30,0
37,29,0
10,15,0
23,41,0
49,22,0
44,23,0
4,17,0
26,32,0
47,24,0
49,21,0
19,21,0
19,40,0
3,23,0
15,44,0
22,41,0
8,39,0
12,35,0
48,22,0
29,1,0
2,19,0
15,14,0
16,21,0
23,35,0
30,22,0
6,27,0
34,39,0
29,31,0
28,25,0
10,22,0
14,42,0
10,44,0
16,7,0
12,26,0
8,21,0
9,16,0
34,26,0
8,10,0
26,34,0
31,45,0
11,16,0
18,30,0
36,33,0
6,18,0
33,46,0
16,9,0
43,39,0
43,14,0
22,34,0
9,36,0
15,20,0
42,11,0
23,15,0
7,39,0
39,12,0
12,36,0
23,36,0
15,7,0
21,41,0
21,46,0
25,3,0
13,44,0
12,15,0
25,26,0
49,18,0
22,46,0
15,33,0
29,14,0
26,48,0
4,17,0
46,22,0
21,15,0
47,25,0
43,39,0
28,2,0
30,16,0
1,25,0
38,32,0
35,3,0
25,36,0
3,22,0
29,15,0
37,29,0
19,45,0
15,26,0
34,13,0
3,22,0
27,45,0
6,19,0
18,5,0
37,30,0
17,36,0
20,28,0
49,23,0
33,47,0
21,41,0
44,35,0
5,28,0
29,14,0
35,7,0
28,11,0
30,42,0
9,19,0
36,12,0
39,44,0
48,26,0
9,7,0
13,31,0
29,25,0
37,13,0
32,13,0
6,17,0
23,11,0
15,46,0
14,31,0
27,42,0
34,47,0
39,36,0
31,8,0
46,25,0
38,6,0
38,42,0
25,50,0
35,20,0
48,18,0
9,40,0
21,38,0
22,25,0
30,21,0
37,19,0
10,14,0
20,38,0
26,43,0
29,13,0
8,26,0
33,15,0
41,32,0
19,32,0
35,25,0
10,30,0
35,24,0
23,4,0
40,20,0
33,8,0
10,11,0
36,22,0
30,16,0
35,17,0
16,41,0
49,26,0
22,38,0
21,44,0
25,30,0
41,6,0
40,42,0
5,13,0
35,5,0
39,34,0
23,11,0
17,8,0
8,10,0
10,34,0
7,11,0
43,14,0
6,21,0
32,21,0
36,44,0
39,42,0
25,11,0
26,37,0
25,47,0
4,14,0
39,16,0
15,3,0
11,12,0
39,14,0
5,19,0
34,2,0
34,5,0
46,35,0
22,40,0
21,6,0
20,15,0
43,24,0
39,31,0
35,36,0
10,44,0
33,10,0
19,9,0
20,32,0
230,5,1
219,47,1
248,33,1
208,42,1
216,31,1
217,4,1
233,22,1
228,38,1
222,12,1
234,42,1
229,15,1
232,29,1
233,16,1
227,40,1
218,46,1
225,36,1
249,29,1
237,29,1
205,10,1
234,16,1
210,9,1
205,19,1
204,16,1
216,25,1
217,23,1
221,20,1
238,15,1
209,44,1
219,5,1
226,39,1
232,35,1
220,11,1
218,1,1
225,9,1
217,6,1
208,23,1
211,30,1
224,10,1
223,34,1
231,14,1
236,32,1
241,37,1
233,33,1
202,23,1
245,15,1
220,37,1
212,45,1
202,21,1
237,36,1
202,17,1
240,33,1
232,39,1
230,1,1
248,24,1
227,39,1
247,17,1
242,16,1
210,42,1
221,28,1
220,30,1
230,46,1
224,12,1
202,30,1
239,36,1
241,22,1
230,46,1
217,29,1
243,14,1
240,8,1
225,7,1
242,7,1
245,28,1
222,8,1
216,24,1
243,38,1
242,7,1
234,41,1
211,9,1
243,11,1
215,14,1
229,35,1
233,21,1
242,16,1
217,29,1
242,27,1
237,39,1
206,21,1
223,21,1
236,14,1
210,26,1
236,32,1
235,26,1
219,34,1
245,34,1
217,4,1
229,36,1
243,22,1
222,12,1
246,32,1
218,18,1
233,35,1
243,19,1
218,33,1
226,48,1
243,30,1
248,23,1
209,20,1
204,17,1
225,4,1
217,14,1
241,42,1
231,29,1
228,32,1
218,1,1
203,21,1
218,3,1
223,15,1
236,18,1
230,30,1
230,8,1
228,12,1
244,13,1
230,40,1
230,36,1
229,34,1
207,40,1
243,22,1
205,11,1
213,12,1
216,41,1
221,29,1
248,24,1
236,45,1
226,46,1
240,30,1
212,18,1
213,26,1
218,9,1
219,24,1
227,39,1
216,48,1
238,6,1
226,43,1
210,8,1
233,26,1
239,9,1
241,20,1
219,10,1
201,32,1
230,7,1
237,32,1
208,36,1
229,17,1
201,29,1
234,35,1
212,23,1
225,30,1
243,28,1
213,41,1
228,38,1
209,33,1
245,25,1
235,40,1
218,33,1
249,25,1
235,45,1
218,29,1
227,9,1
229,17,1
219,1,1
232,22,1
241,10,1
220,11,1
204,21,1
211,34,1
205,39,1
211,32,1
202,29,1
237,36,1
237,9,1
226,34,1
210,45,1
219,29,1
235,26,1
205,11,1
229,28,1
221,29,1
209,34,1
242,23,1
217,19,1
225,41,1
247,36,1
202,31,1
228,45,1
208,13,1
210,26,1
203,29,1
225,42,1
229,12,1
223,10,1
218,46,1
223,6,1
235,46,1
242,34,1
245,25,1
217,38,1
202,32,1
229,40,1
235,44,1
238,44,1
208,20,1
230,13,1
244,28,1
211,6,1
218,47,1
234,24,1
240,12,1
217,40,1
219,3,1
237,39,1
227,15,1
237,19,1
238,34,1
216,41,1
238,20,1
237,33,1
214,33,1
241,37,1
205,28,1
231,45,1
214,33,1
230,39,1
246,32,1
208,37,1
205,24,1
236,11,1
248,34,1
225,40,1
231,29,1
237,37,1
227,3,1
203,26,1
207,36,1
207,12,1
229,23,1
217,18,1
211,25,1
243,11,1
234,31,1
222,31,1
215,38,1
235,45,1
249,30,1
213,45,1
240,10,1
211,25,1
248,22,1
207,35,1
235,13,1
225,16,1
232,42,1
217,41,1
236,38,1
212,5,1
219,29,1
235,16,1
207,24,1
240,38,1
225,31,1
211,23,1
205,18,1
244,9,1
217,36,1
227,12,1
203,25,1
232,23,1
213,43,1
225,31,1
218,47,1
205,30,1
246,35,1
228,45,1
219,38,1
216,29,1
212,44,1
234,3,1
217,14,1
212,30,1
225,20,1
217,8,1
205,26,1
239,16,1
211,39,1
229,18,1
200,25,1
205,37,1
222,23,1
232,30,1
239,44,1
206,30,1
220,28,1
222,3,1
236,36,1
241,18,1
220,36,1
231,27,1
220,48,1
214,6,1
216,22,1
239,13,1
212,32,1
246,19,1
221,31,1
209,34,1
209,33,1
205,21,1
229,15,1
213,26,1
222,38,1
218,41,1
222,14,1
216,39,1
225,23,1
213,44,1
222,22,1
235,30,1
237,43,1
202,29,1
238,26,1
224,23,1
208,10,1
243,30,1
234,24,1
211,15,1
208,29,1
234,22,1
226,8,1
221,19,1
231,22,1
219,10,1
212,24,1
227,43,1
236,28,1
244,23,1
224,28,1
208,26,1
226,41,1
238,37,1
204,26,1
240,26,1
239,14,1
204,35,1
229,14,1
244,10,1
206,38,1
226,19,1
245,40,1
243,14,1
224,36,1
238,31,1
211,34,1
217,14,1
208,25,1
224,41,1
246,14,1
235,31,1
210,24,1
234,43,1
237,14,1
211,39,1
217,22,1
218,29,1
241,25,1
226,33,1
243,31,1
207,22,1
226,3,1
217,6,1
204,30,1
228,30,1
222,15,1
240,6,1
208,41,1
218,25,1
228,5,1
212,39,1
232,11,1
220,32,1
232,37,1
244,9,1
210,27,1
228,44,1
209,11,1
221,42,1
216,21,1
233,41,1
241,7,1
209,18,1
228,39,1
223,49,1
219,31,1
218,49,1
229,31,1
230,18,1
227,40,1
242,37,1
209,12,1
231,7,1
205,25,1
217,21,1
236,6,1
232,16,1
240,36,1
210,23,1
243,29,1
236,4,1
223,19,1
248,19,1
204,32,1
247,27,1
211,30,1
236,9,1
237,14,1
232,12,1
219,35,1
203,27,1
232,13,1
239,34,1
208,21,1
242,25,1
216,18,1
222,41,1
210,6,1
235,26,1
222,28,1
220,30,1
232,1,1
236,29,1
233,28,1
236,44,1
214,31,1
237,28,1
210,32,1
212,41,1
205,24,1
206,30,1
210,45,1
220,30,1
210,23,1
229,33,1
203,35,1
215,46,1
217,4,1
231,48,1
205,18,1
223,24,1
214,6,1
213,21,1
235,11,1
208,43,1
233,46,1
210,9,1
209,15,1
235,21,1
223,42,1
212,34,1
245,13,1
237,43,1
220,37,1
224,15,1
212,20,1
241,17,1
243,34,1
212,43,1
231,31,1
205,11,1
209,27,1
225,44,1
249,20,1
229,41,1
234,11,1
218,23,1
205,29,1
243,23,1
245,30,1
246,13,1
221,18,1
244,38,1
240,16,1
232,2,1
208,8,1
233,32,1
236,39,1
204,34,1
235,3,1
227,49,1
228,28,1
218,27,1
217,22,1
212,20,1
248,30,1
229,37,1
213,30,1
203,17,1
240,41,1
230,23,1
204,32,1
237,32,1
237,14,1
208,15,1
221,31,1
225,20,1
240,12,1
222,11,1
222,7,1
234,20,1
238,18,1
226,17,1
222,26,1
245,30,1
230,6,1
237,9,1
217,38,1
211,19,1
235,28,1
241,39,1
236,31,1
248,24,1
203,19,1
223,28,1
208,42,1
216,18,1
215,33,1
227,48,1
222,43,1
229,45,1
216,41,1
238,41,1
225,23,1
221,9,1
203,29,1
224,14,1
234,43,1
224,18,1
236,23,1
226,43,1
220,21,1
205,20,1
234,23,1
214,43,1
204,25,1
238,9,1
214,21,1
230,9,1
240,12,1
233,41,1
247,29,1
238,43,1
204,36,1
242,14,1
230,27,1
221,18,1
236,29,1
216,7,1
210,22,1
233,2,1
236,34,1
229,21,1
208,32,1
218,8,1
229,26,1
228,7,1
233,30,1
244,13,1
231,5,1
232,18,1
206,19,1
236,4,1
232,47,1
221,13,1
247,36,1
218,37,1
234,14,1
213,23,1
203,26,1
209,15,1
233,31,1
235,31,1
218,37,1
221,27,1
249,31,1
209,31,1
237,14,1
247,33,1
205,37,1
202,29,1
221,9,1
218,39,1
220,28,1
232,18,1
206,18,1
232,33,1
217,6,1
242,35,1
237,35,1
216,34,1
236,21,1
219,36,1
222,26,1
226,9,1
223,39,1
240,45,1
241,10,1
249,30,1
203,35,1
221,38,1
217,2,1
208,16,1
234,34,1
231,14,1
229,38,1
248,25,1
212,10,1
212,16,1
232,9,1
218,45,1
216,19,1
240,5,1
239,6,1
213,26,1
234,12,1
230,21,1
210,34,1
205,16,1
224,36,1
221,39,1
222,11,1
206,37,1
220,34,1
223,33,1
227,21,1
202,20,1
205,25,1
231,47,1
231,36,1
225,16,1
236,41,1
204,37,1
233,3,1
243,10,1
215,12,1
203,19,1
233,46,1
223,28,1
204,22,1
226,28,1
212,26,1
233,9,1
214,19,1
231,43,1
224,29,1
244,33,1
208,38,1
207,17,1
234,3,1
221,6,1
214,27,1
243,20,1
215,23,1
234,29,1
202,29,1
226,31,1
212,44,1
205,37,1
226,25,1
229,5,1
220,27,1
232,1,1
239,12,1
218,38,1
213,13,1
227,31,1
223,34,1
232,21,1
214,36,1
203,16,1
201,24,1
210,39,1
220,36,1
227,39,1
225,4,1
206,27,1
213,11,1
235,21,1
244,27,1
229,11,1
207,17,1
208,14,1
247,18,1
226,24,1
228,31,1
232,39,1
227,48,1
230,43,1
220,4,1
226,6,1
209,20,1
219,24,1
242,13,1
208,19,1
232,18,1
204,16,1
220,29,1
239,44,1
205,31,1
204,25,1
232,10,1
229,1,1
223,26,1
212,17,1
246,34,1
218,33,1
228,14,1
203,23,1
215,39,1
227,31,1
233,35,1
239,11,1
226,41,1
239,22,1
211,37,1
240,6,1
219,44,1
237,11,1
247,20,1
227,36,1
215,24,1
207,16,1
229,42,1
221,35,1
214,25,1
241,27,1
212,46,1
215,47,1
207,24,1
234,42,1
207,38,1
207,39,1
217,6,1
214,10,1
