29,4,0
29,4,0
33,28,0
15,8,0
20,32,0
39,29,0
22,49,0
37,34,0
15,41,0
47,33,0
32,1,0
34,40,0
40,35,0
41,35,0
11,18,0
5,15,0
19,1,0
12,21,0
4,12,0
20,8,0
16,42,0
47,22,0
21,5,0
19,17,0
19,40,0
10,28,0
18,20,0
43,11,0
18,40,0
39,11,0
16,32,0
25,23,0
9,6,0
28,24,0
44,25,0
40,18,0
38,39,0
44,34,0
5,11,0
40,14,0
10,42,0
35,17,0
24,18,0
36,5,0
26,21,0
31,23,0
25,26,0
40,18,0
29,30,0
29,44,0
45,13,0
14,4,0
10,9,0
15,15,0
8,33,0
7,9,0
23,49,0
12,37,0
7,16,0
15,14,0
14,16,0
36,47,0
6,36,0
43,16,0
35,43,0
41,10,0
16,7,0
26,46,0
28,41,0
9,30,0
43,26,0
28,5,0
23,19,0
17,25,0
33,17,0
16,35,0
38,16,0
9,21,0
29,40,0
18,32,0
23,19,0
27,11,0
27,47,0
31,19,0
37,28,0
33,40,0
42,9,0
42,34,0
30,11,0
17,36,0
18,12,0
10,21,0
23,22,0
9,37,0
14,43,0
28,4,0
10,27,0
22,46,0
11,40,0
26,21,0
27,22,0
29,45,0
28,49,0
30,11,0
33,3,0
12,8,0
13,8,0
44,26,0
29,42,0
26,26,0
17,44,0
22,37,0
33,2,0
19,23,0
3,33,0
6,9,0
31,15,0
18,15,0
17,20,0
37,4,0
19,32,0
46,20,0
14,12,0
5,39,0
10,31,0
19,21,0
19,3,0
44,22,0
23,29,0
19,11,0
4,22,0
30,25,0
32,27,0
16,43,0
21,21,0
23,29,0
23,33,0
41,11,0
23,43,0
24,9,0
40,39,0
45,34,0
18,48,0
12,28,0
24,12,0
15,8,0
40,20,0
7,14,0
39,31,0
28,44,0
34,39,0
14,32,0
21,37,0
22,44,0
13,33,0
8,12,0
5,11,0
34,19,0
29,3,0
13,16,0
48,28,0
15,26,0
17,23,0
21,28,0
11,15,0
14,43,0
15,3,0
31,9,0
12,17,0
46,22,0
12,18,0
6,41,0
16,32,0
5,18,0
14,21,0
17,25,0
47,20,0
27,17,0
10,8,0
19,1,0
20,22,0
1,31,0
12,38,0
11,10,0
31,45,0
15,46,0
21,48,0
25,41,0
25,31,0
19,29,0
22,35,0
28,21,0
24,37,0
33,27,0
44,13,0
47,23,0
14,18,0
21,32,0
20,1,0
41,35,0
28,22,0
41,31,0
47,30,0
30,10,0
28,40,0
18,21,0
32,8,0
22,31,0
24,2,0
34,5,0
49,26,0
40,16,0
4,12,0
8,31,0
8,8,0
15,12,0
4,19,0
45,24,0
35,5,0
18,10,0
13,45,0
30,49,0
36,16,0
38,39,0
22,37,0
25,2,0
16,23,0
36,38,0
20,29,0
3,22,0
26,14,0
19,28,0
14,9,0
47,20,0
28,27,0
4,23,0
32,33,0
10,14,0
2,20,0
17,21,0
17,34,0
40,10,0
39,40,0
24,15,0
17,23,0
41,20,0
5,38,0
32,31,0
24,3,0
15,11,0
202,35,1
212,4,1
225,28,1
220,11,1
209,27,1
202,22,1
210,21,1
216,40,1
217,23,1
207,38,1
220,24,1
213,4,1
220,40,1
211,33,1
202,43,1
209,21,1
229,45,1
202,6,1
201,22,1
235,38,1
225,6,1
221,5,1
229,25,1
224,23,1
234,38,1
210,38,1
203,34,1
239,25,1
218,41,1
225,30,1
206,43,1
232,16,1
239,23,1
234,16,1
232,28,1
235,18,1
232,20,1
220,11,1
197,15,1
223,8,1
235,18,1
233,37,1
232,35,1
229,18,1
217,12,1
212,17,1
217,48,1
221,6,1
228,9,1
199,34,1
220,18,1
199,7,1
201,17,1
209,4,1
205,21,1
193,33,1
196,21,1
205,3,1
221,21,1
230,23,1
229,20,1
198,32,1
230,40,1
197,33,1
229,10,1
202,9,1
221,6,1
211,11,1
217,43,1
218,42,1
207,6,1
221,18,1
202,15,1
222,48,1
237,17,1
225,43,1
222,39,1
193,24,1
223,16,1
220,43,1
197,35,1
222,17,1
222,22,1
206,48,1
203,21,1
201,19,1
210,19,1
220,33,1
207,22,1
213,30,1
230,45,1
203,46,1
208,10,1
208,22,1
195,29,1
201,30,1
226,34,1
220,37,1
211,45,1
238,33,1
219,21,1
210,13,1
224,11,1
198,10,1
234,29,1
229,23,1
215,34,1
227,27,1
236,18,1
221,25,1
206,35,1
224,23,1
222,5,1
204,47,1
206,12,1
215,37,1
213,16,1
215,31,1
235,19,1
210,17,1
217,9,1
232,29,1
233,34,1
194,17,1
218,34,1
196,22,1
221,24,1
195,18,1
220,12,1
205,7,1
224,19,1
218,48,1
217,14,1
224,25,1
213,42,1
226,18,1
215,4,1
193,30,1
206,5,1
199,15,1
199,23,1
214,17,1
222,47,1
229,26,1
195,14,1
198,37,1
214,36,1
216,25,1
212,7,1
226,39,1
220,9,1
203,7,1
198,24,1
213,2,1
220,46,1
208,28,1
229,19,1
212,39,1
228,35,1
216,10,1
222,7,1
223,30,1
225,29,1
204,16,1
227,23,1
216,34,1
234,12,1
232,8,1
236,26,1
213,7,1
207,8,1
199,16,1
236,16,1
228,9,1
213,2,1
229,22,1
207,5,1
199,15,1
223,16,1
232,35,1
199,43,1
223,6,1
193,23,1
218,12,1
195,21,1
205,37,1
221,34,1
210,35,1
214,3,1
193,22,1
218,27,1
213,41,1
197,12,1
196,22,1
236,22,1
232,10,1
220,9,1
228,32,1
222,40,1
208,28,1
210,29,1
207,10,1
237,25,1
193,27,1
225,11,1
225,35,1
220,26,1
208,33,1
227,46,1
231,8,1
223,12,1
198,38,1
234,16,1
229,12,1
220,45,1
211,13,1
195,40,1
234,26,1
231,24,1
204,22,1
196,20,1
200,32,1
211,5,1
195,36,1
217,9,1
209,17,1
214,1,1
219,13,1
214,48,1
215,19,1
195,39,1
200,17,1
195,36,1
212,32,1
226,23,1
237,17,1
208,42,1
212,5,1
191,24,1
233,13,1
201,9,1
199,19,1
196,15,1
209,2,1
210,42,1
199,24,1
216,6,1
218,32,1
229,26,1
230,45,1
218,17,1
222,47,1
203,21,1
211,25,1
225,19,1
203,25,1
194,24,1
198,30,1
226,40,1
228,13,1
227,18,1
210,8,1
198,21,1
222,29,1
201,42,1
215,11,1
210,6,1
206,3,1
210,11,1
236,18,1
222,30,1
213,6,1
231,20,1
194,13,1
228,21,1
223,10,1
235,17,1
223,3,1
223,34,1
221,1,1
212,33,1
232,42,1
207,41,1
222,13,1
231,27,1
226,36,1
191,32,1
209,21,1
223,26,1
219,5,1
213,2,1
196,38,1
235,15,1
206,40,1
207,45,1
199,9,1
237,28,1
207,41,1
235,23,1
231,21,1
222,15,1
228,24,1
205,26,1
231,28,1
229,28,1
222,40,1
226,35,1
224,20,1
225,45,1
208,6,1
204,34,1
221,45,1
208,43,1
232,23,1
204,24,1
218,26,1
199,13,1
196,19,1
217,31,1
228,16,1
208,23,1
224,7,1
223,25,1
207,7,1
200,28,1
201,14,1
221,3,1
213,35,1
228,21,1
224,3,1
236,16,1
222,6,1
229,18,1
231,6,1
204,47,1
191,18,1
231,6,1
200,8,1
222,46,1
193,17,1
201,10,1
207,26,1
229,36,1
206,20,1
223,17,1
220,14,1
233,25,1
218,29,1
228,39,1
211,40,1
225,43,1
217,38,1
229,25,1
195,19,1
197,12,1
199,32,1
200,32,1
221,18,1
206,10,1
211,33,1
209,45,1
221,23,1
227,36,1
202,19,1
203,25,1
196,31,1
222,23,1
196,40,1
236,12,1
217,1,1
205,46,1
211,43,1
208,14,1
207,40,1
226,10,1
207,40,1
218,29,1
196,22,1
235,34,1
224,34,1
202,24,1
200,45,1
220,13,1
205,47,1
228,31,1
223,46,1
191,31,1
215,7,1
200,30,1
197,9,1
207,46,1
199,43,1
207,41,1
212,7,1
211,44,1
194,25,1
208,48,1
204,18,1
211,47,1
217,48,1
212,34,1
227,43,1
210,30,1
222,16,1
228,32,1
200,34,1
216,12,1
233,15,1
204,46,1
211,4,1
237,17,1
229,17,1
201,45,1
218,20,1
204,21,1
232,30,1
211,27,1
192,31,1
228,16,1
212,36,1
195,12,1
218,29,1
232,38,1
203,18,1
213,14,1
213,43,1
221,27,1
223,33,1
209,6,1
232,9,1
203,13,1
211,46,1
234,24,1
211,4,1
205,36,1
209,48,1
216,41,1
209,17,1
208,44,1
207,32,1
233,14,1
205,46,1
229,26,1
202,16,1
232,19,1
209,23,1
215,0,1
219,43,1
194,28,1
214,28,1
208,34,1
207,32,1
209,29,1
236,38,1
239,27,1
212,29,1
231,12,1
196,28,1
221,41,1
209,13,1
235,22,1
192,18,1
214,16,1
228,27,1
237,26,1
196,20,1
228,22,1
228,22,1
197,9,1
225,4,1
223,27,1
210,28,1
229,25,1
222,18,1
192,34,1
216,12,1
210,2,1
203,30,1
228,44,1
213,43,1
213,27,1
236,19,1
194,34,1
233,41,1
221,6,1
227,25,1
192,30,1
216,10,1
216,49,1
211,34,1
203,24,1
192,18,1
214,33,1
228,14,1
235,32,1
197,12,1
191,18,1
208,10,1
214,10,1
196,9,1
200,43,1
236,13,1
197,38,1
209,38,1
221,40,1
207,4,1
217,43,1
211,45,1
228,36,1
207,24,1
209,43,1
215,0,1
226,15,1
230,10,1
208,48,1
225,30,1
227,5,1
207,8,1
198,32,1
198,33,1
200,8,1
239,20,1
203,42,1
219,33,1
232,30,1
219,14,1
214,47,1
218,13,1
220,46,1
209,43,1
215,0,1
219,38,1
206,13,1
237,28,1
197,25,1
221,6,1
221,4,1
229,7,1
195,11,1
223,40,1
221,2,1
210,37,1
211,13,1
206,8,1
235,35,1
201,23,1
211,44,1
215,20,1
221,18,1
218,9,1
200,15,1
196,31,1
206,43,1
234,23,1
214,11,1
223,3,1
202,13,1
213,27,1
222,11,1
201,9,1
210,26,1
231,42,1
192,17,1
207,9,1
214,11,1
226,5,1
219,47,1
207,4,1
235,17,1
229,32,1
201,31,1
228,12,1
209,19,1
230,44,1
203,29,1
225,30,1
237,35,1
213,28,1
217,19,1
202,9,1
212,16,1
200,6,1
236,37,1
224,9,1
218,34,1
213,11,1
235,35,1
215,25,1
232,25,1
225,44,1
230,32,1
219,44,1
215,6,1
229,43,1
218,18,1
227,27,1
226,43,1
223,45,1
208,7,1
212,47,1
195,10,1
206,16,1
200,33,1
227,35,1
220,34,1
228,24,1
226,19,1
192,22,1
212,16,1
214,31,1
193,28,1
209,22,1
210,17,1
235,18,1
223,31,1
237,28,1
204,22,1
238,16,1
230,12,1
235,39,1
197,29,1
199,23,1
226,45,1
228,19,1
226,40,1
197,40,1
196,16,1
235,17,1
217,12,1
201,16,1
218,22,1
202,21,1
196,16,1
223,24,1
237,35,1
212,7,1
227,14,1
203,46,1
211,48,1
210,6,1
204,27,1
200,10,1
200,17,1
215,9,1
201,31,1
197,42,1
211,9,1
213,37,1
224,13,1
201,5,1
228,31,1
214,31,1
194,13,1
221,4,1
219,4,1
211,12,1
192,28,1
199,36,1
220,1,1
218,3,1
234,11,1
211,4,1
205,17,1
200,22,1
224,9,1
207,16,1
206,26,1
210,11,1
230,14,1
222,12,1
217,44,1
197,27,1
238,21,1
214,41,1
206,37,1
217,5,1
201,18,1
225,45,1
194,16,1
196,38,1
209,49,1
229,28,1
220,30,1
191,30,1
214,49,1
233,41,1
214,20,1
230,42,1
214,27,1
205,47,1
209,24,1
208,27,1
215,49,1
220,44,1
234,22,1
213,43,1
229,39,1
213,31,1
205,22,1
209,48,1
209,28,1
220,45,1
229,23,1
208,30,1
214,8,1
196,35,1
219,46,1
224,31,1
196,20,1
215,14,1
213,17,1
219,47,1
223,22,1
226,24,1
210,4,1
234,33,1
196,19,1
216,14,1
221,3,1
223,23,1
199,28,1
206,31,1
229,27,1
222,1,1
217,49,1
230,44,1
221,13,1
227,16,1
237,23,1
210,37,1
194,36,1
220,6,1
206,25,1
209,32,1
228,16,1
236,25,1
219,14,1
197,26,1
200,38,1
221,35,1
228,19,1
231,17,1
217,12,1
237,25,1
202,9,1
228,8,1
218,47,1
213,31,1
233,34,1
215,28,1
