37,7,0
26,44,0
4,20,0
30,1,0
17,30,0
32,18,0
36,31,0
30,15,0
21,8,0
24,28,0
32,46,0
21,39,0
21,21,0
23,40,0
24,11,0
42,8,0
12,25,0
23,23,0
14,27,0
15,24,0
19,23,0
14,47,0
24,43,0
40,24,0
35,12,0
19,44,0
32,48,0
29,49,0
28,29,0
28,31,0
10,18,0
22,6,0
14,43,0
35,14,0
42,13,0
10,15,0
10,5,0
26,2,0
19,20,0
17,42,0
10,39,0
13,5,0
11,5,0
39,25,0
26,26,0
17,48,0
14,20,0
14,46,0
30,27,0
45,22,0
33,37,0
32,9,0
38,36,0
15,40,0
43,25,0
34,11,0
17,32,0
23,48,0
31,43,0
12,23,0
26,12,0
32,15,0
44,14,0
8,37,0
28,22,0
21,47,0
26,28,0
5,40,0
17,19,0
26,9,0
27,40,0
32,13,0
41,23,0
45,32,0
41,39,0
25,45,0
23,17,0
13,42,0
3,35,0
27,28,0
29,19,0
16,7,0
39,13,0
12,15,0
20,26,0
7,23,0
31,37,0
34,32,0
32,43,0
27,18,0
14,35,0
31,12,0
25,24,0
36,5,0
12,37,0
6,34,0
16,39,0
12,32,0
25,37,0
26,43,0
7,23,0
48,28,0
49,28,0
28,34,0
40,27,0
29,7,0
12,8,0
40,5,0
35,7,0
32,14,0
35,18,0
34,8,0
35,22,0
28,17,0
31,3,0
40,45,0
13,10,0
23,38,0
24,46,0
20,22,0
35,27,0
39,37,0
41,23,0
25,3,0
5,29,0
29,39,0
44,34,0
43,32,0
33,12,0
49,25,0
36,33,0
21,10,0
28,23,0
39,15,0
18,21,0
36,35,0
27,27,0
4,36,0
6,17,0
4,14,0
27,17,0
48,22,0
36,19,0
34,20,0
12,18,0
15,14,0
11,22,0
5,12,0
37,27,0
4,35,0
29,30,0
34,15,0
32,2,0
25,6,0
32,7,0
38,33,0
17,25,0
14,47,0
8,17,0
38,45,0
21,15,0
30,11,0
46,23,0
42,35,0
12,20,0
44,40,0
11,45,0
31,37,0
19,13,0
11,11,0
25,20,0
30,30,0
40,6,0
23,49,0
46,24,0
20,40,0
44,31,0
39,14,0
36,34,0
3,31,0
46,35,0
33,9,0
36,13,0
1,23,0
33,9,0
8,10,0
33,30,0
30,1,0
37,37,0
3,23,0
33,15,0
8,25,0
9,32,0
20,27,0
28,12,0
31,34,0
1,32,0
39,27,0
23,14,0
30,11,0
29,40,0
22,10,0
25,4,0
37,8,0
22,33,0
36,45,0
8,12,0
47,32,0
12,25,0
23,48,0
37,14,0
28,9,0
15,15,0
7,34,0
38,45,0
48,25,0
8,32,0
20,35,0
27,3,0
43,36,0
46,27,0
32,33,0
44,16,0
2,33,0
11,25,0
29,46,0
6,35,0
10,23,0
12,30,0
22,16,0
12,24,0
17,39,0
26,38,0
14,14,0
39,22,0
12,22,0
32,10,0
18,35,0
12,20,0
2,26,0
15,15,0
40,13,0
4,28,0
10,14,0
16,45,0
8,20,0
14,42,0
35,42,0
28,35,0
12,30,0
196,40,1
219,37,1
196,22,1
227,25,1
220,41,1
210,3,1
236,28,1
204,7,1
203,6,1
197,35,1
202,33,1
219,11,1
212,31,1
193,15,1
231,37,1
238,17,1
215,17,1
211,6,1
224,44,1
234,15,1
203,41,1
237,22,1
222,7,1
222,46,1
208,42,1
193,27,1
193,30,1
218,1,1
217,17,1
203,5,1
212,45,1
192,31,1
220,40,1
216,6,1
214,15,1
216,22,1
217,22,1
230,41,1
215,2,1
194,20,1
225,30,1
214,49,1
214,48,1
215,26,1
195,39,1
210,43,1
235,30,1
212,33,1
212,2,1
202,42,1
234,38,1
190,25,1
235,26,1
205,7,1
224,42,1
196,18,1
228,4,1
212,46,1
211,6,1
235,14,1
192,27,1
194,21,1
236,32,1
225,24,1
196,29,1
220,33,1
238,25,1
201,6,1
209,33,1
213,34,1
211,11,1
216,15,1
217,10,1
230,19,1
193,22,1
201,7,1
204,30,1
226,28,1
213,24,1
227,28,1
207,32,1
215,49,1
202,13,1
223,6,1
207,28,1
197,11,1
206,12,1
199,14,1
219,42,1
204,10,1
234,40,1
211,23,1
208,47,1
232,33,1
218,28,1
191,31,1
222,44,1
207,16,1
219,21,1
209,48,1
203,37,1
224,17,1
213,27,1
199,31,1
191,24,1
219,1,1
207,23,1
224,18,1
228,18,1
210,4,1
197,12,1
195,16,1
234,35,1
225,35,1
223,43,1
236,13,1
210,37,1
202,6,1
228,10,1
218,34,1
220,8,1
216,25,1
236,24,1
197,31,1
199,30,1
225,33,1
204,25,1
191,26,1
226,15,1
217,28,1
207,15,1
203,25,1
219,4,1
233,22,1
202,42,1
192,34,1
200,8,1
227,13,1
215,28,1
211,35,1
221,13,1
204,32,1
193,25,1
227,30,1
191,29,1
220,12,1
204,8,1
234,40,1
205,17,1
208,12,1
213,24,1
203,36,1
224,36,1
199,38,1
209,37,1
218,24,1
231,19,1
202,33,1
201,41,1
239,22,1
218,9,1
237,34,1
197,22,1
216,10,1
231,14,1
205,4,1
208,6,1
235,34,1
203,31,1
237,31,1
207,40,1
219,42,1
225,16,1
235,39,1
213,18,1
221,25,1
218,41,1
220,22,1
223,12,1
217,10,1
199,37,1
218,18,1
202,22,1
221,38,1
222,29,1
208,42,1
223,14,1
234,29,1
203,37,1
236,15,1
232,12,1
216,47,1
220,33,1
195,36,1
224,42,1
196,21,1
225,15,1
220,43,1
203,17,1
229,17,1
222,20,1
195,30,1
204,27,1
232,22,1
215,31,1
204,21,1
207,34,1
207,30,1
195,31,1
210,42,1
230,5,1
208,17,1
230,14,1
226,17,1
202,46,1
200,12,1
230,35,1
222,24,1
235,13,1
221,47,1
211,16,1
202,38,1
212,38,1
208,19,1
204,45,1
206,34,1
224,12,1
200,26,1
211,27,1
217,6,1
211,3,1
216,36,1
205,36,1
227,33,1
224,2,1
204,33,1
196,10,1
204,42,1
232,16,1
220,1,1
219,7,1
212,33,1
199,29,1
199,18,1
206,28,1
227,44,1
204,43,1
233,13,1
229,31,1
224,34,1
219,16,1
204,32,1
222,3,1
236,31,1
209,27,1
206,5,1
197,16,1
233,17,1
205,15,1
206,9,1
218,14,1
227,37,1
193,17,1
219,26,1
219,48,1
214,28,1
204,17,1
231,10,1
236,34,1
206,40,1
194,29,1
204,10,1
208,23,1
226,38,1
208,23,1
234,35,1
198,18,1
214,46,1
224,14,1
215,22,1
227,30,1
234,26,1
193,35,1
226,21,1
201,19,1
214,16,1
236,26,1
218,45,1
200,16,1
217,35,1
212,39,1
216,9,1
198,33,1
215,18,1
231,18,1
226,32,1
210,36,1
238,27,1
227,5,1
219,42,1
235,39,1
215,34,1
211,31,1
232,24,1
215,43,1
221,14,1
220,5,1
195,16,1
222,32,1
222,45,1
220,33,1
212,18,1
217,32,1
229,8,1
207,10,1
227,6,1
222,38,1
228,24,1
223,30,1
203,15,1
195,32,1
212,43,1
214,13,1
215,16,1
206,42,1
205,21,1
195,34,1
201,45,1
200,45,1
216,25,1
202,36,1
204,44,1
226,42,1
212,44,1
206,20,1
219,16,1
206,44,1
224,2,1
236,25,1
234,28,1
216,16,1
215,15,1
226,14,1
227,9,1
202,17,1
218,9,1
212,38,1
203,5,1
209,5,1
218,21,1
234,23,1
232,26,1
209,8,1
195,18,1
219,40,1
211,41,1
231,42,1
219,29,1
193,17,1
203,30,1
216,38,1
217,12,1
211,47,1
229,16,1
229,33,1
216,35,1
221,25,1
205,13,1
224,7,1
227,40,1
225,36,1
203,29,1
218,28,1
220,9,1
218,3,1
204,7,1
204,22,1
206,42,1
219,46,1
213,47,1
219,4,1
230,13,1
210,41,1
215,29,1
220,31,1
193,21,1
230,21,1
215,42,1
194,22,1
229,39,1
220,25,1
208,2,1
225,43,1
202,9,1
229,8,1
214,18,1
222,36,1
197,36,1
219,42,1
236,29,1
218,28,1
234,41,1
193,16,1
204,15,1
203,40,1
200,22,1
225,40,1
206,33,1
194,28,1
207,11,1
198,23,1
225,23,1
216,5,1
221,33,1
210,48,1
232,27,1
211,15,1
223,39,1
213,32,1
193,15,1
195,30,1
231,15,1
223,45,1
217,39,1
223,4,1
207,13,1
203,37,1
225,28,1
193,27,1
217,48,1
213,7,1
220,1,1
224,27,1
213,10,1
224,46,1
206,19,1
236,20,1
207,22,1
221,14,1
209,11,1
201,18,1
224,14,1
203,7,1
225,9,1
233,25,1
226,19,1
207,24,1
209,28,1
215,23,1
198,42,1
230,16,1
226,34,1
206,17,1
213,22,1
218,43,1
217,48,1
216,2,1
218,14,1
226,41,1
222,14,1
220,12,1
226,36,1
217,31,1
215,22,1
199,17,1
209,6,1
210,10,1
227,32,1
203,35,1
233,13,1
201,16,1
213,14,1
206,41,1
193,16,1
201,44,1
217,28,1
217,16,1
215,45,1
233,40,1
219,24,1
233,36,1
212,9,1
224,45,1
203,23,1
209,37,1
229,44,1
195,24,1
222,37,1
235,21,1
230,39,1
211,27,1
211,18,1
198,35,1
209,21,1
206,39,1
237,17,1
230,16,1
195,27,1
221,28,1
192,19,1
197,32,1
199,43,1
204,29,1
235,14,1
203,12,1
222,8,1
238,33,1
201,39,1
198,21,1
204,17,1
198,27,1
215,24,1
214,38,1
222,23,1
202,29,1
197,38,1
194,30,1
213,25,1
239,26,1
222,31,1
212,49,1
205,10,1
228,38,1
196,29,1
199,20,1
223,7,1
211,5,1
218,19,1
226,8,1
236,25,1
200,37,1
214,5,1
219,33,1
218,49,1
202,16,1
211,44,1
206,43,1
199,43,1
220,7,1
231,21,1
222,36,1
214,37,1
239,28,1
215,46,1
222,7,1
220,6,1
222,22,1
207,8,1
223,43,1
197,31,1
213,20,1
208,25,1
208,10,1
239,32,1
217,32,1
224,44,1
231,30,1
213,49,1
204,19,1
218,8,1
228,4,1
231,34,1
234,41,1
211,6,1
212,48,1
202,8,1
222,20,1
218,48,1
220,33,1
195,29,1
206,32,1
239,31,1
206,9,1
233,29,1
234,33,1
197,41,1
214,8,1
232,30,1
196,25,1
198,17,1
234,12,1
222,5,1
209,44,1
196,12,1
207,6,1
217,4,1
203,12,1
236,13,1
214,20,1
223,29,1
199,17,1
211,30,1
202,13,1
195,12,1
226,37,1
195,11,1
206,46,1
219,31,1
210,31,1
212,28,1
229,9,1
208,1,1
227,16,1
224,23,1
198,37,1
230,40,1
221,29,1
221,21,1
218,49,1
211,34,1
209,1,1
197,42,1
218,5,1
235,10,1
218,11,1
207,23,1
222,1,1
195,28,1
231,8,1
200,18,1
217,9,1
203,20,1
200,7,1
218,18,1
232,34,1
237,32,1
238,16,1
215,15,1
200,45,1
230,29,1
222,26,1
216,34,1
203,15,1
196,40,1
223,12,1
215,31,1
210,35,1
222,5,1
231,30,1
208,3,1
208,29,1
223,44,1
221,29,1
219,31,1
234,24,1
223,43,1
208,23,1
203,16,1
217,16,1
212,46,1
232,34,1
212,27,1
206,4,1
193,20,1
226,44,1
234,9,1
219,22,1
228,25,1
221,5,1
225,44,1
238,28,1
229,24,1
194,27,1
234,25,1
219,10,1
220,37,1
222,33,1
206,45,1
209,27,1
215,0,1
217,34,1
224,6,1
219,30,1
218,48,1
197,20,1
239,27,1
215,23,1
222,4,1
198,25,1
207,42,1
210,35,1
217,36,1
231,24,1
233,20,1
227,16,1
222,12,1
217,20,1
218,37,1
238,26,1
200,42,1
217,25,1
231,42,1
230,12,1
219,27,1
203,34,1
204,7,1
210,17,1
227,8,1
232,12,1
199,40,1
208,39,1
230,15,1
226,10,1
208,19,1
236,27,1
196,11,1
208,34,1
226,25,1
200,16,1
227,46,1
232,30,1
230,39,1
216,42,1
227,38,1
215,12,1
234,37,1
224,33,1
220,7,1
226,10,1
199,11,1
195,35,1
232,24,1
236,36,1
234,11,1
212,17,1
233,12,1
207,10,1
225,22,1
226,28,1
225,21,1
203,19,1
200,41,1
214,4,1
211,18,1
224,13,1
232,10,1
238,24,1
205,11,1
222,19,1
208,34,1
199,34,1
204,42,1
219,41,1
196,21,1
205,34,1
194,37,1
211,27,1
220,24,1
218,43,1
195,14,1
