38,19,0
5,38,0
38,27,0
34,2,0
17,33,0
15,20,0
26,38,0
43,42,0
31,49,0
46,26,0
29,37,0
17,38,0
29,21,0
40,13,0
16,43,0
31,12,0
30,46,0
25,15,0
6,30,0
32,37,0
19,13,0
31,27,0
14,27,0
26,14,0
13,35,0
20,18,0
15,25,0
26,10,0
25,2,0
47,17,0
33,36,0
37,12,0
44,29,0
44,22,0
16,17,0
18,19,0
2,31,0
28,25,0
17,2,0
28,30,0
28,23,0
26,42,0
45,33,0
26,21,0
46,18,0
7,40,0
31,21,0
15,32,0
37,7,0
24,17,0
7,8,0
8,22,0
38,19,0
12,30,0
29,4,0
7,42,0
34,41,0
32,20,0
18,29,0
24,14,0
44,22,0
22,18,0
14,24,0
23,4,0
33,15,0
24,45,0
7,24,0
14,17,0
29,9,0
4,18,0
8,21,0
38,30,0
15,37,0
35,22,0
39,44,0
8,12,0
36,3,0
21,1,0
26,23,0
20,19,0
9,32,0
33,47,0
12,6,0
26,6,0
38,17,0
14,36,0
43,42,0
8,36,0
12,18,0
32,26,0
46,12,0
34,6,0
42,11,0
43,32,0
40,11,0
12,28,0
27,14,0
48,30,0
8,7,0
9,23,0
6,34,0
16,31,0
16,33,0
42,10,0
22,36,0
21,18,0
21,41,0
35,22,0
21,43,0
16,22,0
22,41,0
45,12,0
14,27,0
33,13,0
26,34,0
18,37,0
20,14,0
28,28,0
26,4,0
28,42,0
41,12,0
35,37,0
16,5,0
24,40,0
15,7,0
21,28,0
21,27,0
14,6,0
33,14,0
24,35,0
34,45,0
24,24,0
8,30,0
22,48,0
20,24,0
19,8,0
27,12,0
18,42,0
12,11,0
29,11,0
16,10,0
21,31,0
27,15,0
8,23,0
33,21,0
7,24,0
19,39,0
3,36,0
46,36,0
26,2,0
22,42,0
19,32,0
2,21,0
31,27,0
14,11,0
45,24,0
32,23,0
12,20,0
8,30,0
13,41,0
16,16,0
9,44,0
6,30,0
1,29,0
43,10,0
18,26,0
14,26,0
1,29,0
8,39,0
37,10,0
41,8,0
38,17,0
25,6,0
16,16,0
17,15,0
44,20,0
48,30,0
20,16,0
30,12,0
27,31,0
41,15,0
5,35,0
9,9,0
20,1,0
35,46,0
30,28,0
33,8,0
17,45,0
29,19,0
7,20,0
33,4,0
9,26,0
48,18,0
16,3,0
6,31,0
22,38,0
29,14,0
34,47,0
24,45,0
20,39,0
30,46,0
33,30,0
9,38,0
8,13,0
29,23,0
30,12,0
28,14,0
34,12,0
3,25,0
39,31,0
2,25,0
18,13,0
1,25,0
39,14,0
3,30,0
32,48,0
31,1,0
25,15,0
17,13,0
17,17,0
40,17,0
35,31,0
28,48,0
25,17,0
32,38,0
9,17,0
44,27,0
35,3,0
36,45,0
25,29,0
39,36,0
15,8,0
7,10,0
46,20,0
28,3,0
26,1,0
14,45,0
45,35,0
3,24,0
31,17,0
22,45,0
33,11,0
38,40,0
48,34,0
34,42,0
43,22,0
21,46,0
16,41,0
32,15,0
8,27,0
210,49,1
213,24,1
218,12,1
215,42,1
191,23,1
205,16,1
212,29,1
213,19,1
197,13,1
214,48,1
206,46,1
191,29,1
206,20,1
216,46,1
221,15,1
199,30,1
212,20,1
208,15,1
214,26,1
221,38,1
216,1,1
228,5,1
201,15,1
210,28,1
203,4,1
202,25,1
230,43,1
206,6,1
203,32,1
204,43,1
204,6,1
202,5,1
208,25,1
220,20,1
224,25,1
194,19,1
222,5,1
238,33,1
231,16,1
221,25,1
210,41,1
232,39,1
221,31,1
206,30,1
227,38,1
196,36,1
198,15,1
199,39,1
234,20,1
214,28,1
227,14,1
219,2,1
229,29,1
229,7,1
208,25,1
206,17,1
218,40,1
225,35,1
193,29,1
207,25,1
234,18,1
208,24,1
238,31,1
212,13,1
221,15,1
204,46,1
219,17,1
230,37,1
208,25,1
232,32,1
220,40,1
223,2,1
231,18,1
209,19,1
206,9,1
192,19,1
204,22,1
236,36,1
217,18,1
197,29,1
234,17,1
197,35,1
231,34,1
202,16,1
220,29,1
208,6,1
221,39,1
210,29,1
207,27,1
194,17,1
201,34,1
234,10,1
211,33,1
213,13,1
209,22,1
228,35,1
207,44,1
235,15,1
218,33,1
194,24,1
229,8,1
200,25,1
223,26,1
225,47,1
228,14,1
209,25,1
229,33,1
230,10,1
219,4,1
197,22,1
211,23,1
211,28,1
207,4,1
219,7,1
220,8,1
196,26,1
197,42,1
198,29,1
202,14,1
192,25,1
211,9,1
221,11,1
203,18,1
199,43,1
203,25,1
224,33,1
210,13,1
203,15,1
213,37,1
234,21,1
208,28,1
212,25,1
213,47,1
200,30,1
192,19,1
222,25,1
200,36,1
220,31,1
203,44,1
237,14,1
193,29,1
192,24,1
226,24,1
224,33,1
216,15,1
210,9,1
230,10,1
216,24,1
232,7,1
205,40,1
218,43,1
236,28,1
206,38,1
215,27,1
201,9,1
202,36,1
217,32,1
226,5,1
219,41,1
224,35,1
213,48,1
212,1,1
227,13,1
224,43,1
195,24,1
199,7,1
222,47,1
206,13,1
204,45,1
235,18,1
200,30,1
228,40,1
209,14,1
195,32,1
213,41,1
214,4,1
224,41,1
227,21,1
192,21,1
215,14,1
196,11,1
223,26,1
208,38,1
211,43,1
197,12,1
201,7,1
218,29,1
207,40,1
230,29,1
224,38,1
191,28,1
213,39,1
236,37,1
234,31,1
203,18,1
200,39,1
217,3,1
216,19,1
207,14,1
215,11,1
211,18,1
197,26,1
233,26,1
198,9,1
219,3,1
214,24,1
224,11,1
210,34,1
220,14,1
199,21,1
208,32,1
212,36,1
198,31,1
231,41,1
224,27,1
224,27,1
209,49,1
207,28,1
225,43,1
232,19,1
236,17,1
234,15,1
195,15,1
209,46,1
217,45,1
234,22,1
222,26,1
219,8,1
204,7,1
218,48,1
225,10,1
218,25,1
227,12,1
222,18,1
215,15,1
208,46,1
202,16,1
231,29,1
193,35,1
195,15,1
219,38,1
208,27,1
214,13,1
235,10,1
202,15,1
197,12,1
217,33,1
201,45,1
205,7,1
225,8,1
234,21,1
193,28,1
213,41,1
198,8,1
211,5,1
207,33,1
230,35,1
230,8,1
237,34,1
205,38,1
222,47,1
194,19,1
234,14,1
228,26,1
196,19,1
228,30,1
235,26,1
206,31,1
214,38,1
221,37,1
223,44,1
193,31,1
204,37,1
237,27,1
217,21,1
210,14,1
206,7,1
214,43,1
213,46,1
223,41,1
200,22,1
229,43,1
198,31,1
213,27,1
208,6,1
201,14,1
202,9,1
203,45,1
228,8,1
203,44,1
195,22,1
226,6,1
225,41,1
233,23,1
235,16,1
229,6,1
211,38,1
208,8,1
193,18,1
202,14,1
238,33,1
232,30,1
230,31,1
195,22,1
229,19,1
230,13,1
207,22,1
200,33,1
221,15,1
217,38,1
234,32,1
197,42,1
220,12,1
221,11,1
207,4,1
228,19,1
233,35,1
227,34,1
222,37,1
231,17,1
193,16,1
218,35,1
222,28,1
209,49,1
208,21,1
195,31,1
214,22,1
206,20,1
210,46,1
216,38,1
231,34,1
207,17,1
209,10,1
236,37,1
193,27,1
216,29,1
237,32,1
211,34,1
235,38,1
204,46,1
235,32,1
215,0,1
205,43,1
225,11,1
212,26,1
205,18,1
213,15,1
209,28,1
200,39,1
218,25,1
206,24,1
202,8,1
196,31,1
204,6,1
214,19,1
202,9,1
234,15,1
201,9,1
202,38,1
222,36,1
208,30,1
199,38,1
210,46,1
210,39,1
235,21,1
236,20,1
217,9,1
191,26,1
236,30,1
218,35,1
212,25,1
239,24,1
234,22,1
218,31,1
204,20,1
193,17,1
203,6,1
220,35,1
215,7,1
211,17,1
217,21,1
209,14,1
225,6,1
234,36,1
222,35,1
230,14,1
204,32,1
231,22,1
228,44,1
192,23,1
230,30,1
214,13,1
232,21,1
224,43,1
225,4,1
209,19,1
209,10,1
208,44,1
209,21,1
216,23,1
220,47,1
234,29,1
231,43,1
206,3,1
201,22,1
234,17,1
199,44,1
209,21,1
226,6,1
213,7,1
224,9,1
208,32,1
238,17,1
214,17,1
206,5,1
204,16,1
202,33,1
224,27,1
232,36,1
215,24,1
230,40,1
206,8,1
199,40,1
210,49,1
196,36,1
199,33,1
232,8,1
195,16,1
226,18,1
216,35,1
212,2,1
219,7,1
220,31,1
222,20,1
197,22,1
204,39,1
239,23,1
212,17,1
204,30,1
211,14,1
196,10,1
210,11,1
229,30,1
210,22,1
196,9,1
210,18,1
225,19,1
236,34,1
226,22,1
233,14,1
203,4,1
237,34,1
230,16,1
206,16,1
199,28,1
217,12,1
234,39,1
225,35,1
199,16,1
213,8,1
239,21,1
230,34,1
206,16,1
210,6,1
213,24,1
233,18,1
220,18,1
218,38,1
217,22,1
230,11,1
207,24,1
229,26,1
220,43,1
229,34,1
209,33,1
220,1,1
208,44,1
193,30,1
202,19,1
204,22,1
211,48,1
207,37,1
200,10,1
224,40,1
231,30,1
235,21,1
218,40,1
211,12,1
235,28,1
238,31,1
228,21,1
199,17,1
198,26,1
203,5,1
210,1,1
232,12,1
219,35,1
203,36,1
212,12,1
204,15,1
236,36,1
226,30,1
230,5,1
208,10,1
219,15,1
211,30,1
217,16,1
228,43,1
230,10,1
219,13,1
205,41,1
237,16,1
209,15,1
209,23,1
218,9,1
224,19,1
211,48,1
211,19,1
225,9,1
232,35,1
196,39,1
238,17,1
196,14,1
219,36,1
196,26,1
231,18,1
204,17,1
209,38,1
200,8,1
223,28,1
198,17,1
226,46,1
233,26,1
197,22,1
220,45,1
216,3,1
210,30,1
216,6,1
193,33,1
210,11,1
216,44,1
226,39,1
238,20,1
206,22,1
202,10,1
228,38,1
230,14,1
220,26,1
210,9,1
209,40,1
203,11,1
212,29,1
221,33,1
229,43,1
205,7,1
207,25,1
215,33,1
229,32,1
214,15,1
217,29,1
211,1,1
215,22,1
231,38,1
227,20,1
213,41,1
200,12,1
197,38,1
238,27,1
221,36,1
212,44,1
193,35,1
212,34,1
238,34,1
219,43,1
224,14,1
201,44,1
218,39,1
205,39,1
213,11,1
214,49,1
234,16,1
218,35,1
226,39,1
231,12,1
218,3,1
198,38,1
204,34,1
195,36,1
211,12,1
223,8,1
215,21,1
195,15,1
236,29,1
225,6,1
239,22,1
200,11,1
194,12,1
228,6,1
218,2,1
218,21,1
217,28,1
210,18,1
203,18,1
220,36,1
205,10,1
196,12,1
219,5,1
228,13,1
211,46,1
230,37,1
221,3,1
197,28,1
213,11,1
195,11,1
226,31,1
220,9,1
229,31,1
216,49,1
226,32,1
221,14,1
219,34,1
212,24,1
220,28,1
209,11,1
237,23,1
197,18,1
227,11,1
216,34,1
200,18,1
228,15,1
199,39,1
208,29,1
207,39,1
219,35,1
207,10,1
228,6,1
214,40,1
214,35,1
238,17,1
222,44,1
201,6,1
210,18,1
225,11,1
216,46,1
201,36,1
219,12,1
221,4,1
196,20,1
222,39,1
195,10,1
203,24,1
219,5,1
217,23,1
237,33,1
239,27,1
234,40,1
233,12,1
205,12,1
225,21,1
223,33,1
237,29,1
211,18,1
237,15,1
191,30,1
203,34,1
222,33,1
195,29,1
227,7,1
212,44,1
210,43,1
216,6,1
218,39,1
236,38,1
211,23,1
214,33,1
203,26,1
211,38,1
193,19,1
201,15,1
225,19,1
218,28,1
208,24,1
220,34,1
224,21,1
237,31,1
202,40,1
225,31,1
206,36,1
203,45,1
235,29,1
231,35,1
232,14,1
204,31,1
217,30,1
221,4,1
192,21,1
201,19,1
224,42,1
227,14,1
197,21,1
206,3,1
230,17,1
205,28,1
228,46,1
214,29,1
191,27,1
213,30,1
215,13,1
208,39,1
221,44,1
201,32,1
195,21,1
228,27,1
211,10,1
207,45,1
213,39,1
211,35,1
199,44,1
239,18,1
233,23,1
215,8,1
210,49,1
229,13,1
200,10,1
204,13,1
212,4,1
224,3,1
219,19,1
231,27,1
227,27,1
199,29,1
210,11,1
230,41,1
211,6,1
208,24,1
219,21,1
232,42,1
205,4,1
229,38,1
215,32,1
218,38,1
214,32,1
214,24,1
225,17,1
216,21,1
231,22,1
205,47,1
233,31,1
230,25,1
206,38,1
