4,17,0
11,43,0
43,19,0
24,47,0
9,27,0
43,18,0
12,44,0
34,46,0
5,32,0
20,14,0
30,17,0
11,11,0
29,32,0
22,32,0
21,9,0
28,9,0
27,2,0
46,13,0
30,14,0
18,23,0
44,9,0
17,47,0
46,13,0
19,3,0
15,35,0
13,41,0
7,34,0
34,23,0
28,39,0
18,37,0
19,43,0
41,16,0
8,10,0
20,6,0
16,11,0
22,17,0
26,7,0
31,42,0
39,27,0
24,19,0
30,32,0
40,28,0
38,33,0
8,19,0
33,44,0
2,16,0
12,26,0
13,8,0
23,41,0
11,45,0
29,39,0
28,32,0
25,5,0
13,42,0
30,48,0
41,40,0
28,42,0
35,46,0
23,15,0
15,42,0
14,33,0
45,35,0
29,36,0
42,18,0
49,26,0
17,31,0
30,43,0
21,16,0
11,35,0
32,47,0
11,33,0
3,17,0
42,15,0
14,3,0
25,37,0
3,15,0
32,32,0
8,17,0
10,20,0
40,36,0
21,26,0
19,22,0
34,32,0
27,16,0
42,28,0
23,6,0
49,24,0
42,42,0
7,17,0
23,49,0
13,29,0
14,38,0
8,40,0
5,22,0
43,27,0
30,22,0
26,14,0
7,29,0
21,18,0
15,37,0
41,39,0
12,41,0
21,21,0
26,24,0
36,5,0
25,6,0
20,24,0
26,17,0
11,13,0
22,33,0
28,4,0
18,33,0
14,28,0
9,23,0
4,26,0
43,15,0
5,34,0
49,27,0
42,25,0
40,12,0
40,21,0
20,47,0
36,47,0
21,1,0
14,12,0
26,43,0
15,15,0
21,23,0
12,16,0
21,49,0
12,19,0
16,18,0
30,14,0
16,38,0
31,14,0
25,28,0
13,6,0
40,6,0
16,47,0
7,25,0
10,18,0
40,30,0
41,6,0
14,9,0
8,18,0
9,35,0
21,1,0
22,45,0
8,9,0
18,19,0
11,30,0
13,8,0
33,18,0
30,42,0
32,43,0
34,4,0
36,34,0
22,35,0
13,28,0
14,7,0
49,23,0
33,14,0
26,21,0
11,32,0
14,14,0
41,13,0
32,20,0
15,31,0
14,17,0
31,35,0
7,34,0
39,29,0
15,38,0
22,24,0
27,36,0
20,9,0
24,17,0
36,27,0
18,15,0
34,14,0
2,19,0
17,16,0
39,22,0
40,13,0
8,33,0
28,42,0
16,42,0
24,39,0
10,19,0
2,16,0
45,24,0
43,29,0
30,6,0
32,37,0
34,2,0
34,13,0
5,40,0
33,24,0
38,26,0
23,38,0
5,35,0
17,16,0
34,8,0
35,4,0
39,18,0
10,10,0
38,32,0
12,6,0
38,30,0
30,48,0
27,43,0
29,3,0
10,11,0
39,8,0
38,26,0
41,19,0
36,21,0
16,6,0
24,8,0
28,9,0
13,21,0
16,35,0
1,26,0
19,42,0
12,13,0
6,15,0
11,30,0
2,34,0
41,30,0
36,22,0
10,10,0
37,36,0
29,35,0
35,41,0
11,18,0
2,25,0
14,27,0
42,19,0
34,6,0
15,3,0
21,30,0
41,28,0
22,17,0
40,39,0
32,29,0
10,10,0
46,30,0
49,28,0
11,21,0
43,42,0
289,31,1
298,11,1
306,13,1
313,47,1
294,18,1
306,49,1
285,14,1
294,28,1
303,28,1
285,33,1
309,38,1
301,34,1
313,13,1
319,34,1
300,32,1
306,26,1
289,14,1
306,36,1
328,18,1
300,40,1
286,35,1
300,49,1
316,37,1
312,35,1
319,31,1
325,38,1
301,8,1
304,22,1
295,26,1
322,37,1
288,20,1
288,27,1
327,23,1
280,25,1
298,26,1
302,35,1
310,19,1
299,24,1
325,19,1
287,38,1
307,49,1
322,28,1
318,25,1
303,10,1
307,34,1
313,25,1
302,21,1
296,31,1
310,39,1
286,10,1
293,38,1
312,45,1
299,40,1
316,12,1
291,17,1
326,13,1
291,45,1
282,34,1
307,36,1
322,30,1
289,41,1
295,38,1
302,40,1
319,26,1
287,24,1
312,40,1
281,18,1
295,26,1
289,18,1
291,34,1
295,42,1
310,47,1
323,13,1
304,8,1
293,25,1
310,46,1
293,35,1
315,12,1
319,40,1
299,20,1
285,21,1
311,17,1
299,17,1
300,4,1
301,46,1
318,13,1
289,22,1
300,35,1
295,24,1
302,1,1
292,8,1
297,48,1
283,23,1
295,4,1
301,36,1
309,20,1
318,36,1
293,8,1
323,22,1
313,29,1
302,25,1
292,13,1
285,25,1
292,41,1
294,47,1
315,22,1
322,8,1
296,40,1
297,18,1
299,20,1
290,42,1
293,29,1
304,36,1
305,16,1
290,39,1
290,38,1
303,5,1
287,40,1
328,27,1
289,26,1
326,30,1
291,12,1
300,11,1
301,46,1
294,42,1
321,15,1
302,49,1
320,34,1
315,17,1
314,42,1
281,20,1
314,38,1
300,4,1
329,19,1
296,48,1
312,42,1
321,22,1
315,43,1
306,47,1
291,10,1
298,20,1
322,17,1
289,15,1
281,22,1
328,24,1
297,44,1
313,32,1
296,47,1
307,3,1
319,18,1
322,19,1
317,30,1
288,29,1
314,13,1
320,42,1
281,20,1
290,24,1
320,25,1
304,28,1
325,22,1
300,39,1
299,15,1
305,8,1
307,1,1
298,2,1
308,45,1
306,13,1
289,13,1
291,8,1
290,22,1
298,16,1
284,13,1
306,23,1
304,3,1
295,38,1
301,1,1
295,24,1
311,42,1
318,44,1
285,30,1
317,10,1
325,30,1
289,31,1
288,40,1
301,20,1
296,26,1
311,37,1
309,9,1
324,11,1
304,38,1
301,22,1
299,34,1
305,42,1
296,37,1
313,3,1
320,38,1
288,23,1
295,40,1
291,13,1
282,22,1
295,41,1
286,15,1
293,17,1
291,44,1
322,37,1
306,41,1
302,49,1
324,35,1
313,37,1
297,21,1
321,15,1
288,20,1
299,38,1
314,37,1
284,34,1
318,44,1
306,16,1
291,40,1
309,35,1
314,46,1
306,21,1
305,43,1
305,40,1
302,12,1
323,27,1
296,7,1
305,48,1
309,29,1
286,23,1
309,32,1
289,25,1
309,49,1
319,33,1
310,14,1
323,41,1
320,23,1
325,25,1
299,31,1
294,19,1
314,27,1
288,34,1
284,32,1
285,17,1
303,10,1
309,28,1
303,9,1
291,45,1
305,23,1
320,6,1
290,40,1
285,13,1
291,8,1
311,45,1
286,12,1
288,43,1
303,19,1
296,48,1
290,5,1
309,9,1
320,23,1
317,42,1
316,12,1
297,38,1
288,13,1
315,40,1
326,34,1
315,27,1
313,4,1
305,23,1
302,6,1
309,28,1
313,32,1
287,33,1
329,32,1
299,46,1
306,13,1
329,32,1
313,19,1
297,9,1
303,15,1
320,8,1
297,47,1
310,13,1
310,4,1
307,19,1
300,3,1
304,44,1
320,28,1
307,37,1
311,25,1
322,28,1
309,3,1
300,4,1
303,41,1
302,17,1
325,24,1
323,28,1
292,14,1
323,17,1
318,32,1
296,30,1
313,38,1
294,11,1
319,43,1
296,7,1
294,30,1
305,4,1
297,27,1
291,40,1
319,15,1
318,21,1
312,10,1
329,20,1
305,11,1
311,38,1
290,38,1
302,4,1
328,19,1
306,38,1
312,13,1
311,14,1
296,15,1
302,32,1
304,43,1
302,36,1
304,20,1
289,30,1
283,36,1
294,24,1
310,47,1
297,33,1
298,41,1
305,11,1
296,41,1
287,30,1
324,17,1
318,24,1
312,1,1
314,5,1
315,27,1
329,24,1
309,32,1
297,41,1
307,28,1
303,21,1
314,6,1
292,40,1
299,35,1
294,23,1
321,26,1
315,28,1
310,22,1
307,16,1
288,33,1
283,22,1
285,39,1
313,47,1
304,43,1
294,11,1
328,33,1
310,45,1
311,17,1
290,15,1
328,32,1
296,21,1
288,32,1
309,23,1
307,38,1
309,9,1
318,23,1
324,31,1
327,28,1
286,31,1
296,16,1
297,2,1
298,45,1
328,33,1
282,16,1
319,34,1
280,25,1
282,34,1
285,10,1
320,10,1
302,43,1
293,22,1
295,46,1
300,28,1
303,27,1
324,18,1
298,19,1
285,14,1
297,20,1
318,7,1
296,29,1
305,19,1
293,24,1
286,20,1
316,36,1
304,49,1
303,21,1
304,34,1
287,25,1
304,34,1
290,33,1
308,10,1
316,19,1
301,3,1
315,41,1
321,12,1
324,39,1
310,1,1
297,28,1
308,40,1
321,9,1
301,21,1
318,27,1
310,10,1
318,24,1
321,18,1
303,46,1
314,48,1
308,1,1
296,20,1
295,25,1
313,30,1
300,28,1
298,35,1
298,22,1
302,45,1
298,47,1
308,44,1
300,13,1
304,4,1
314,32,1
302,49,1
314,39,1
311,37,1
281,31,1
310,32,1
315,20,1
307,17,1
295,46,1
298,26,1
310,31,1
312,3,1
286,9,1
301,43,1
318,37,1
318,13,1
308,3,1
288,11,1
308,4,1
297,34,1
282,34,1
299,11,1
319,27,1
313,14,1
315,18,1
301,43,1
305,8,1
297,19,1
305,16,1
303,25,1
290,42,1
307,4,1
305,42,1
308,22,1
314,25,1
287,31,1
284,15,1
300,3,1
322,12,1
317,18,1
306,29,1
295,10,1
286,19,1
328,22,1
308,11,1
294,21,1
326,13,1
325,31,1
306,27,1
311,42,1
304,28,1
314,10,1
326,29,1
300,22,1
292,45,1
315,14,1
289,39,1
285,38,1
287,42,1
299,24,1
300,48,1
325,17,1
281,27,1
318,10,1
297,16,1
318,4,1
289,43,1
325,17,1
314,8,1
312,29,1
314,34,1
287,25,1
295,23,1
285,10,1
291,34,1
305,6,1
290,11,1
286,31,1
327,29,1
299,17,1
310,28,1
319,25,1
308,11,1
322,10,1
316,45,1
286,21,1
300,16,1
301,17,1
314,41,1
313,7,1
319,18,1
328,23,1
316,31,1
298,5,1
313,8,1
295,34,1
321,24,1
293,19,1
323,37,1
303,5,1
301,27,1
292,33,1
286,26,1
284,35,1
282,19,1
308,33,1
315,41,1
298,19,1
322,22,1
305,25,1
304,41,1
297,2,1
291,41,1
302,49,1
308,21,1
313,31,1
298,48,1
287,27,1
290,40,1
290,35,1
330,25,1
302,23,1
306,6,1
299,37,1
310,40,1
296,35,1
297,43,1
314,34,1
309,39,1
308,9,1
293,18,1
302,40,1
284,17,1
315,37,1
322,36,1
294,35,1
302,18,1
285,17,1
318,33,1
308,45,1
322,29,1
298,44,1
322,43,1
317,18,1
326,34,1
285,37,1
294,21,1
320,29,1
305,39,1
329,24,1
308,8,1
292,30,1
315,14,1
319,11,1
316,6,1
310,20,1
310,6,1
304,2,1
322,40,1
294,42,1
304,22,1
302,2,1
302,17,1
293,27,1
295,8,1
303,7,1
307,47,1
285,40,1
326,34,1
301,45,1
294,22,1
321,32,1
300,26,1
307,23,1
296,21,1
314,33,1
308,45,1
296,6,1
302,25,1
290,19,1
306,18,1
298,9,1
309,1,1
305,45,1
286,21,1
305,6,1
298,29,1
309,5,1
292,33,1
325,35,1
313,35,1
293,5,1
292,28,1
316,7,1
311,21,1
311,35,1
322,26,1
292,15,1
298,12,1
308,14,1
296,28,1
295,24,1
288,38,1
289,9,1
316,30,1
303,48,1
293,45,1
319,34,1
313,6,1
308,44,1
307,37,1
304,2,1
308,38,1
291,7,1
290,25,1
316,3,1
293,27,1
303,47,1
324,36,1
315,47,1
304,45,1
312,6,1
315,28,1
299,40,1
303,9,1
305,42,1
324,38,1
312,23,1
312,34,1
297,11,1
285,13,1
292,7,1
312,44,1
305,41,1
300,16,1
296,27,1
312,24,1
308,37,1
292,31,1
306,5,1
322,30,1
320,25,1
312,33,1
307,47,1
305,23,1
288,18,1
301,24,1
298,22,1
291,30,1
289,22,1
319,41,1
306,7,1
309,34,1
289,43,1
323,27,1
318,40,1
292,22,1
298,39,1
328,34,1
298,3,1
289,25,1
287,21,1
304,27,1
327,19,1
287,39,1
306,25,1
306,34,1
284,26,1
300,20,1
307,4,1
299,30,1
302,38,1
304,2,1
321,39,1
307,33,1
314,46,1
301,39,1
315,6,1
324,25,1
296,30,1
326,19,1
315,10,1
303,6,1
312,32,1
301,34,1
308,38,1
327,32,1
320,12,1
318,14,1
301,36,1
289,25,1
327,26,1
318,7,1
317,41,1
302,18,1
314,2,1
299,11,1
322,28,1
323,28,1
320,38,1
309,4,1
317,19,1
319,33,1
313,24,1
304,41,1
315,13,1
302,11,1
296,23,1
298,25,1
313,12,1
309,3,1
325,18,1
316,10,1
327,16,1
299,23,1
314,43,1
287,37,1
