11,38,0
8,39,0
49,27,0
40,42,0
34,43,0
4,12,0
49,22,0
47,33,0
24,35,0
25,42,0
30,44,0
29,27,0
16,26,0
38,7,0
30,41,0
26,11,0
14,6,0
36,4,0
13,22,0
34,6,0
41,34,0
39,12,0
33,22,0
47,36,0
30,17,0
7,38,0
40,41,0
22,34,0
19,40,0
20,45,0
26,13,0
13,20,0
12,39,0
45,23,0
42,7,0
18,17,0
33,8,0
21,26,0
23,22,0
46,19,0
47,33,0
29,16,0
19,29,0
11,35,0
35,19,0
26,17,0
21,16,0
6,21,0
18,39,0
39,11,0
20,36,0
42,20,0
26,44,0
24,35,0
28,9,0
43,9,0
28,8,0
38,23,0
46,35,0
35,29,0
43,34,0
14,43,0
20,27,0
5,36,0
2,27,0
16,16,0
29,1,0
12,25,0
18,49,0
25,18,0
29,8,0
13,9,0
15,13,0
32,18,0
19,47,0
2,31,0
49,32,0
38,15,0
28,8,0
17,9,0
21,33,0
24,32,0
43,24,0
11,43,0
21,41,0
7,15,0
35,38,0
13,42,0
24,29,0
30,17,0
26,21,0
8,38,0
25,16,0
14,25,0
25,36,0
16,37,0
47,19,0
30,4,0
19,4,0
16,24,0
37,13,0
38,43,0
14,30,0
33,10,0
2,30,0
45,14,0
21,32,0
7,26,0
39,42,0
13,26,0
30,20,0
30,12,0
10,14,0
26,19,0
40,18,0
17,27,0
43,36,0
23,28,0
35,21,0
45,19,0
47,27,0
44,22,0
48,19,0
16,3,0
28,21,0
16,30,0
40,29,0
25,23,0
5,40,0
12,23,0
15,11,0
21,37,0
45,16,0
48,25,0
18,19,0
30,22,0
27,44,0
17,26,0
26,18,0
28,36,0
22,17,0
33,13,0
16,48,0
12,22,0
18,19,0
25,38,0
37,13,0
36,30,0
18,17,0
6,35,0
26,17,0
47,21,0
11,45,0
29,19,0
41,35,0
21,33,0
42,20,0
17,21,0
29,29,0
37,4,0
28,20,0
49,18,0
43,21,0
25,34,0
45,30,0
30,36,0
35,7,0
11,7,0
37,39,0
25,9,0
22,42,0
11,10,0
34,14,0
23,47,0
8,40,0
16,5,0
29,12,0
8,42,0
3,31,0
24,40,0
1,26,0
20,46,0
26,17,0
37,43,0
18,42,0
25,16,0
17,18,0
13,15,0
10,14,0
35,27,0
10,32,0
18,34,0
25,40,0
21,13,0
9,34,0
11,9,0
16,16,0
26,30,0
30,25,0
37,17,0
12,20,0
43,24,0
23,16,0
15,7,0
20,19,0
32,7,0
36,15,0
25,11,0
38,31,0
29,41,0
45,20,0
37,20,0
13,27,0
25,38,0
23,18,0
40,29,0
32,24,0
8,9,0
37,43,0
16,44,0
39,8,0
26,6,0
37,39,0
14,6,0
50,25,0
15,42,0
27,8,0
21,33,0
3,31,0
46,14,0
19,38,0
42,15,0
37,26,0
26,36,0
20,12,0
20,39,0
34,18,0
38,18,0
41,24,0
40,13,0
46,34,0
11,18,0
13,38,0
9,27,0
2,19,0
7,12,0
37,5,0
8,13,0
34,46,0
25,28,0
197,29,1
194,33,1
207,40,1
215,40,1
213,19,1
202,32,1
219,28,1
191,33,1
198,49,1
185,18,1
191,16,1
216,3,1
217,24,1
203,42,1
209,33,1
188,27,1
216,45,1
204,17,1
208,21,1
189,36,1
186,9,1
217,21,1
206,10,1
210,22,1
225,17,1
222,20,1
221,23,1
223,32,1
210,21,1
209,25,1
215,23,1
195,44,1
211,24,1
222,33,1
198,43,1
211,40,1
209,48,1
204,21,1
209,2,1
195,44,1
189,21,1
194,9,1
190,5,1
217,44,1
217,13,1
204,49,1
205,3,1
212,42,1
218,15,1
205,41,1
227,26,1
188,23,1
193,21,1
228,23,1
194,7,1
206,6,1
205,25,1
215,11,1
200,40,1
198,5,1
193,27,1
183,20,1
207,39,1
219,45,1
194,31,1
217,40,1
203,15,1
208,35,1
226,27,1
216,31,1
209,29,1
204,46,1
197,18,1
211,5,1
186,34,1
212,15,1
190,19,1
194,29,1
207,41,1
206,9,1
217,41,1
224,25,1
205,17,1
221,42,1
211,49,1
219,7,1
198,11,1
209,6,1
215,14,1
188,43,1
201,6,1
220,28,1
216,18,1
219,6,1
193,12,1
215,9,1
199,27,1
208,46,1
208,25,1
197,7,1
205,48,1
210,6,1
214,35,1
225,25,1
193,31,1
209,32,1
198,22,1
201,45,1
201,37,1
216,23,1
186,18,1
200,35,1
217,8,1
220,42,1
185,38,1
218,42,1
192,6,1
188,17,1
193,42,1
219,44,1
213,38,1
203,3,1
200,38,1
214,31,1
217,5,1
193,20,1
223,30,1
193,11,1
207,9,1
195,44,1
208,24,1
217,20,1
204,15,1
212,35,1
199,17,1
219,25,1
197,21,1
182,28,1
196,41,1
220,34,1
203,39,1
210,3,1
198,30,1
215,3,1
228,30,1
197,35,1
204,33,1
215,41,1
184,15,1
195,4,1
186,12,1
222,22,1
223,22,1
193,25,1
213,17,1
203,42,1
214,21,1
210,43,1
202,15,1
203,47,1
211,3,1
222,7,1
197,8,1
203,17,1
209,29,1
185,34,1
193,41,1
189,7,1
209,47,1
207,23,1
210,39,1
191,32,1
228,25,1
219,44,1
214,42,1
181,30,1
209,28,1
196,41,1
208,48,1
214,21,1
210,21,1
202,11,1
187,28,1
201,39,1
199,2,1
227,33,1
204,13,1
189,11,1
197,34,1
197,41,1
215,24,1
203,16,1
228,18,1
211,13,1
212,29,1
216,13,1
224,17,1
197,14,1
203,35,1
215,34,1
219,39,1
223,19,1
200,4,1
196,8,1
198,18,1
217,19,1
193,39,1
218,27,1
225,29,1
201,7,1
195,21,1
203,49,1
196,32,1
208,29,1
204,21,1
228,20,1
193,12,1
212,6,1
223,19,1
208,6,1
205,32,1
207,14,1
206,9,1
206,28,1
218,33,1
225,16,1
205,34,1
196,39,1
217,19,1
218,42,1
217,17,1
222,8,1
220,18,1
218,13,1
182,29,1
217,35,1
210,4,1
181,31,1
209,5,1
210,33,1
214,2,1
199,21,1
197,23,1
185,23,1
206,32,1
190,9,1
202,36,1
185,32,1
209,44,1
204,40,1
212,47,1
214,28,1
185,14,1
215,12,1
186,15,1
227,22,1
216,42,1
205,50,1
225,27,1
197,11,1
195,18,1
199,40,1
192,33,1
192,38,1
198,36,1
211,42,1
202,28,1
205,4,1
182,32,1
226,24,1
186,13,1
227,24,1
204,38,1
206,29,1
194,17,1
215,38,1
208,35,1
204,11,1
215,10,1
190,24,1
185,13,1
185,39,1
190,7,1
201,37,1
197,6,1
222,13,1
192,5,1
214,13,1
187,39,1
181,23,1
201,27,1
214,15,1
191,6,1
206,17,1
210,29,1
192,18,1
187,14,1
208,13,1
218,12,1
200,36,1
198,40,1
196,2,1
227,18,1
199,21,1
203,49,1
214,24,1
197,9,1
204,1,1
192,8,1
190,37,1
221,18,1
206,39,1
226,17,1
209,16,1
207,22,1
226,25,1
183,14,1
225,15,1
186,24,1
226,24,1
184,14,1
229,29,1
220,39,1
205,19,1
202,18,1
214,9,1
223,8,1
188,32,1
201,23,1
205,3,1
193,23,1
204,37,1
213,18,1
206,36,1
206,6,1
193,20,1
214,36,1
185,12,1
199,25,1
188,14,1
214,28,1
197,27,1
203,2,1
203,47,1
208,38,1
187,13,1
226,26,1
209,41,1
190,9,1
192,46,1
213,16,1
204,46,1
207,35,1
212,11,1
219,37,1
199,41,1
187,34,1
216,45,1
189,42,1
210,42,1
219,25,1
203,19,1
211,43,1
222,18,1
191,42,1
200,44,1
202,39,1
185,34,1
204,43,1
186,33,1
209,40,1
199,25,1
184,29,1
193,42,1
196,47,1
199,44,1
217,21,1
201,47,1
228,17,1
206,12,1
195,29,1
190,18,1
212,48,1
198,9,1
222,17,1
190,40,1
204,11,1
182,33,1
222,14,1
207,1,1
200,9,1
190,13,1
207,42,1
207,28,1
197,35,1
191,16,1
194,30,1
190,6,1
191,34,1
226,25,1
192,9,1
204,23,1
222,36,1
219,41,1
212,24,1
217,27,1
193,44,1
187,27,1
209,40,1
219,37,1
199,37,1
183,16,1
192,16,1
209,43,1
190,12,1
218,20,1
222,17,1
203,38,1
218,12,1
198,9,1
184,21,1
217,18,1
186,33,1
217,16,1
189,15,1
202,30,1
201,19,1
197,24,1
201,46,1
217,5,1
195,22,1
213,3,1
202,7,1
214,39,1
192,46,1
189,14,1
215,5,1
214,9,1
199,46,1
212,27,1
202,4,1
221,43,1
216,13,1
220,44,1
193,39,1
208,32,1
199,1,1
211,23,1
215,4,1
211,6,1
190,26,1
227,33,1
184,18,1
196,32,1
228,29,1
213,44,1
205,28,1
181,24,1
214,34,1
207,9,1
187,13,1
181,24,1
203,29,1
204,27,1
222,18,1
209,29,1
192,37,1
189,7,1
203,42,1
182,26,1
205,9,1
215,25,1
195,33,1
211,30,1
220,34,1
193,24,1
215,5,1
215,38,1
216,26,1
224,28,1
185,30,1
217,5,1
194,34,1
196,18,1
202,34,1
225,23,1
204,30,1
216,22,1
219,35,1
192,4,1
209,36,1
210,16,1
185,25,1
185,21,1
221,27,1
206,14,1
201,36,1
202,31,1
181,27,1
213,7,1
225,13,1
185,25,1
215,29,1
228,29,1
215,9,1
198,15,1
212,27,1
217,22,1
192,16,1
224,18,1
200,44,1
202,24,1
192,26,1
197,3,1
199,32,1
199,15,1
199,8,1
183,21,1
206,28,1
205,15,1
211,15,1
185,32,1
207,18,1
211,9,1
194,41,1
192,8,1
202,33,1
216,3,1
200,40,1
210,18,1
192,22,1
197,44,1
184,21,1
202,16,1
184,30,1
194,19,1
191,7,1
210,47,1
217,5,1
190,18,1
195,6,1
218,7,1
216,32,1
210,32,1
207,31,1
209,43,1
188,12,1
213,33,1
184,15,1
208,2,1
201,3,1
207,41,1
194,14,1
198,8,1
221,33,1
219,26,1
205,10,1
186,39,1
219,44,1
196,14,1
187,19,1
205,3,1
193,27,1
183,36,1
209,28,1
229,28,1
207,6,1
191,20,1
218,23,1
220,36,1
201,24,1
221,14,1
221,29,1
218,37,1
197,2,1
215,20,1
215,37,1
227,36,1
197,15,1
215,33,1
199,47,1
225,29,1
211,45,1
202,37,1
198,13,1
194,39,1
201,43,1
216,39,1
203,38,1
209,31,1
184,22,1
221,11,1
192,44,1
190,16,1
201,23,1
208,23,1
194,26,1
216,38,1
216,5,1
191,33,1
199,44,1
213,5,1
221,36,1
208,16,1
190,7,1
209,11,1
211,48,1
212,14,1
187,25,1
200,9,1
219,21,1
204,27,1
216,41,1
192,32,1
189,21,1
219,37,1
207,37,1
211,35,1
220,43,1
201,46,1
204,15,1
182,29,1
213,17,1
229,25,1
208,32,1
213,15,1
200,8,1
194,10,1
205,27,1
189,31,1
215,3,1
206,20,1
192,11,1
210,41,1
221,25,1
215,20,1
199,12,1
189,20,1
197,30,1
211,2,1
211,30,1
195,7,1
199,6,1
182,28,1
224,39,1
206,18,1
222,15,1
204,17,1
195,18,1
188,39,1
203,32,1
198,38,1
211,15,1
220,33,1
184,38,1
189,20,1
192,10,1
193,11,1
197,44,1
221,17,1
188,24,1
215,5,1
229,32,1
193,7,1
214,23,1
190,30,1
192,7,1
188,37,1
188,31,1
189,31,1
212,5,1
209,28,1
195,31,1
221,25,1
196,11,1
217,46,1
206,33,1
185,32,1
228,32,1
189,24,1
191,36,1
208,6,1
201,6,1
192,28,1
205,24,1
225,12,1
197,33,1
221,28,1
201,28,1
221,20,1
214,5,1
196,30,1
204,3,1
216,16,1
201,41,1
209,33,1
218,35,1
194,30,1
191,15,1
223,31,1
184,21,1
203,46,1
197,47,1
182,20,1
197,48,1
198,39,1
214,16,1
227,26,1
188,14,1
207,33,1
199,16,1
198,21,1
200,34,1
184,19,1
204,17,1
194,13,1
216,5,1
206,16,1
198,31,1
212,48,1
197,33,1
214,12,1
201,32,1
201,26,1
216,13,1
195,22,1
220,36,1
222,38,1
207,40,1
205,20,1
192,16,1
229,19,1
208,42,1
200,2,1
217,18,1
194,35,1
224,33,1
227,30,1
199,1,1
202,38,1
204,37,1
192,7,1
199,27,1
220,36,1
203,7,1
221,12,1
181,31,1
222,39,1
181,28,1
215,28,1
