35,36,0
8,37,0
44,13,0
49,30,0
18,41,0
4,36,0
22,23,0
21,39,0
16,2,0
20,30,0
9,15,0
43,14,0
8,40,0
8,43,0
32,35,0
42,34,0
7,38,0
33,37,0
15,18,0
38,42,0
43,17,0
41,30,0
5,18,0
4,28,0
41,8,0
45,30,0
20,2,0
46,24,0
33,32,0
28,27,0
36,10,0
36,8,0
38,29,0
25,46,0
40,22,0
32,47,0
43,27,0
47,34,0
31,9,0
8,9,0
14,36,0
40,40,0
32,6,0
17,14,0
11,16,0
26,11,0
44,36,0
45,19,0
27,9,0
27,14,0
32,21,0
23,35,0
46,13,0
46,28,0
34,36,0
29,31,0
37,15,0
20,8,0
49,27,0
15,40,0
3,28,0
27,40,0
35,40,0
41,31,0
29,34,0
14,14,0
28,38,0
24,43,0
26,48,0
41,20,0
13,44,0
38,44,0
36,41,0
17,46,0
17,8,0
20,2,0
12,37,0
29,7,0
30,14,0
22,26,0
1,19,0
23,15,0
23,6,0
6,28,0
48,17,0
17,23,0
45,38,0
46,20,0
7,16,0
3,32,0
20,28,0
40,15,0
40,28,0
6,40,0
19,8,0
25,42,0
9,7,0
24,7,0
44,19,0
3,23,0
39,23,0
45,33,0
14,40,0
8,14,0
6,26,0
20,20,0
39,36,0
41,18,0
42,34,0
25,8,0
10,27,0
23,15,0
45,18,0
31,7,0
26,44,0
28,36,0
7,42,0
37,23,0
7,25,0
21,29,0
23,31,0
22,2,0
33,10,0
43,28,0
27,13,0
17,19,0
28,44,0
29,15,0
23,32,0
27,2,0
27,40,0
7,27,0
46,35,0
36,13,0
29,33,0
24,4,0
38,29,0
16,38,0
29,8,0
34,12,0
12,18,0
28,38,0
11,33,0
39,11,0
28,6,0
31,46,0
7,10,0
9,38,0
31,20,0
21,5,0
43,28,0
35,6,0
21,9,0
49,31,0
44,40,0
20,31,0
31,47,0
9,36,0
30,20,0
48,23,0
38,11,0
14,38,0
3,28,0
28,18,0
9,38,0
41,28,0
11,37,0
32,34,0
33,5,0
46,31,0
33,26,0
41,37,0
22,31,0
16,40,0
30,1,0
25,43,0
16,15,0
33,6,0
40,40,0
17,26,0
25,45,0
11,20,0
18,21,0
25,32,0
44,35,0
24,20,0
25,44,0
32,28,0
2,30,0
25,43,0
37,17,0
10,8,0
24,32,0
29,44,0
7,20,0
8,13,0
49,19,0
30,26,0
47,14,0
24,27,0
33,39,0
26,40,0
12,8,0
31,10,0
22,49,0
24,20,0
20,49,0
19,42,0
7,27,0
34,37,0
20,45,0
32,29,0
32,44,0
31,30,0
20,42,0
22,11,0
27,15,0
6,23,0
25,8,0
29,5,0
13,18,0
13,26,0
28,29,0
9,20,0
12,29,0
25,10,0
33,5,0
20,34,0
29,32,0
35,17,0
33,41,0
32,12,0
24,38,0
4,37,0
37,6,0
36,14,0
25,33,0
23,1,0
12,42,0
31,45,0
31,14,0
42,7,0
40,15,0
42,37,0
26,33,0
11,13,0
42,35,0
20,3,0
4,24,0
28,25,0
209,17,1
229,29,1
197,19,1
226,18,1
226,15,1
218,25,1
215,18,1
187,10,1
192,17,1
188,22,1
198,4,1
218,43,1
192,4,1
205,11,1
207,27,1
205,20,1
199,48,1
194,35,1
190,12,1
224,15,1
198,37,1
211,24,1
221,12,1
193,26,1
211,32,1
198,23,1
223,18,1
197,22,1
185,27,1
214,21,1
204,49,1
196,31,1
218,37,1
182,28,1
218,38,1
223,34,1
196,8,1
203,37,1
208,37,1
208,20,1
192,16,1
222,28,1
201,25,1
209,42,1
225,39,1
215,24,1
221,9,1
197,5,1
210,24,1
203,9,1
186,19,1
219,8,1
191,25,1
181,32,1
194,14,1
206,19,1
206,41,1
198,32,1
212,30,1
203,11,1
191,25,1
197,46,1
190,40,1
198,29,1
205,32,1
209,28,1
203,45,1
225,23,1
202,30,1
192,29,1
195,8,1
201,27,1
192,25,1
205,36,1
212,28,1
188,41,1
224,18,1
210,35,1
199,32,1
206,24,1
189,33,1
183,36,1
195,13,1
212,30,1
198,28,1
196,27,1
201,1,1
192,43,1
204,17,1
206,11,1
211,38,1
198,22,1
224,19,1
229,19,1
224,17,1
204,3,1
185,35,1
189,8,1
199,20,1
192,30,1
203,35,1
224,14,1
205,34,1
223,39,1
211,36,1
183,23,1
210,36,1
184,33,1
201,43,1
190,5,1
195,38,1
219,34,1
221,14,1
202,3,1
202,18,1
214,43,1
202,29,1
228,26,1
211,33,1
208,45,1
202,19,1
205,50,1
189,27,1
195,37,1
181,29,1
197,35,1
208,1,1
218,32,1
219,44,1
199,15,1
217,32,1
188,27,1
189,19,1
220,17,1
190,19,1
197,12,1
184,21,1
214,20,1
203,37,1
207,19,1
194,35,1
201,31,1
183,29,1
182,19,1
201,37,1
222,9,1
229,25,1
198,26,1
186,41,1
223,13,1
185,35,1
194,28,1
194,45,1
193,33,1
220,27,1
188,13,1
229,20,1
223,18,1
224,12,1
214,13,1
208,20,1
226,20,1
199,37,1
218,28,1
222,30,1
215,39,1
189,33,1
221,37,1
217,18,1
196,32,1
208,36,1
221,23,1
210,12,1
187,19,1
216,19,1
200,21,1
220,15,1
192,7,1
196,36,1
207,13,1
199,49,1
224,35,1
196,18,1
196,23,1
213,16,1
223,26,1
209,34,1
193,33,1
194,28,1
217,15,1
217,9,1
222,33,1
192,10,1
215,27,1
199,6,1
187,15,1
187,8,1
224,35,1
192,28,1
189,21,1
187,27,1
223,10,1
192,29,1
186,35,1
224,15,1
195,5,1
220,10,1
225,16,1
190,33,1
190,30,1
202,39,1
192,38,1
208,11,1
190,5,1
196,37,1
216,25,1
207,7,1
198,27,1
210,46,1
212,27,1
199,35,1
217,46,1
219,18,1
223,30,1
216,26,1
196,15,1
218,9,1
193,39,1
207,37,1
193,45,1
187,9,1
214,40,1
193,40,1
199,40,1
212,19,1
200,27,1
199,16,1
228,17,1
195,10,1
189,34,1
221,21,1
185,32,1
197,9,1
207,44,1
197,6,1
214,44,1
187,9,1
208,12,1
203,33,1
183,34,1
213,3,1
224,15,1
211,24,1
201,49,1
192,17,1
208,24,1
208,36,1
200,25,1
216,12,1
192,9,1
222,43,1
214,37,1
188,31,1
221,17,1
183,33,1
199,44,1
216,28,1
221,26,1
219,15,1
207,14,1
198,13,1
209,32,1
225,31,1
184,28,1
188,36,1
187,17,1
212,30,1
198,25,1
193,22,1
216,20,1
219,8,1
209,42,1
200,35,1
224,19,1
197,12,1
202,33,1
215,7,1
200,37,1
212,21,1
214,39,1
189,43,1
210,42,1
190,32,1
204,29,1
215,18,1
197,28,1
210,11,1
222,19,1
218,20,1
212,43,1
219,19,1
216,10,1
197,2,1
208,41,1
196,29,1
195,25,1
205,36,1
221,9,1
182,29,1
193,21,1
212,26,1
209,38,1
200,36,1
210,29,1
219,19,1
208,45,1
204,14,1
217,21,1
212,5,1
198,31,1
199,38,1
212,4,1
206,48,1
197,8,1
193,31,1
211,6,1
203,36,1
219,9,1
202,39,1
182,16,1
219,10,1
197,38,1
226,27,1
208,46,1
218,19,1
203,27,1
192,30,1
207,14,1
220,28,1
212,28,1
214,13,1
197,36,1
204,33,1
191,44,1
184,31,1
210,1,1
204,8,1
218,26,1
195,15,1
223,22,1
194,21,1
208,15,1
218,7,1
206,46,1
190,12,1
190,30,1
194,47,1
226,21,1
207,20,1
201,1,1
221,33,1
218,14,1
195,41,1
193,27,1
218,12,1
196,12,1
184,26,1
223,40,1
194,45,1
185,34,1
220,26,1
198,33,1
203,41,1
201,42,1
211,17,1
211,15,1
205,27,1
227,34,1
208,6,1
200,7,1
211,46,1
196,28,1
200,21,1
197,37,1
206,47,1
183,21,1
195,38,1
192,25,1
196,23,1
198,48,1
206,2,1
199,37,1
203,22,1
220,32,1
226,36,1
229,19,1
223,38,1
218,28,1
227,14,1
228,16,1
210,27,1
223,19,1
229,19,1
208,2,1
191,14,1
188,34,1
197,26,1
202,7,1
189,15,1
209,32,1
217,45,1
206,14,1
226,18,1
198,40,1
211,39,1
206,41,1
202,33,1
209,7,1
202,32,1
212,8,1
216,42,1
205,28,1
201,26,1
196,19,1
202,20,1
206,22,1
203,26,1
222,9,1
202,37,1
197,14,1
199,31,1
214,18,1
214,27,1
187,30,1
211,3,1
213,33,1
208,19,1
195,13,1
212,2,1
202,28,1
197,37,1
198,5,1
217,20,1
214,39,1
189,8,1
187,41,1
213,19,1
195,4,1
215,28,1
205,37,1
190,6,1
206,36,1
184,24,1
187,29,1
218,16,1
221,7,1
214,37,1
222,9,1
183,17,1
199,25,1
209,43,1
214,40,1
227,20,1
201,30,1
191,33,1
213,29,1
204,35,1
218,4,1
205,23,1
193,46,1
197,9,1
226,12,1
217,6,1
201,27,1
229,20,1
204,13,1
183,30,1
220,35,1
197,11,1
212,30,1
226,19,1
187,37,1
224,17,1
191,16,1
219,22,1
211,7,1
224,19,1
213,26,1
194,33,1
199,30,1
222,7,1
195,3,1
190,42,1
185,29,1
211,19,1
201,46,1
204,14,1
183,14,1
191,24,1
216,46,1
219,39,1
224,14,1
184,22,1
191,28,1
205,1,1
192,44,1
221,9,1
224,27,1
186,14,1
188,27,1
207,40,1
193,27,1
199,44,1
189,19,1
216,24,1
204,19,1
187,34,1
222,25,1
190,5,1
211,13,1
205,11,1
202,4,1
192,43,1
193,20,1
195,46,1
219,42,1
200,5,1
217,22,1
216,14,1
220,15,1
227,27,1
196,7,1
198,43,1
213,39,1
210,3,1
226,38,1
206,21,1
219,42,1
220,35,1
191,17,1
217,40,1
211,8,1
225,39,1
184,14,1
197,31,1
212,2,1
199,15,1
205,0,1
212,45,1
212,18,1
205,36,1
195,7,1
182,28,1
224,28,1
185,14,1
211,31,1
218,19,1
187,24,1
220,43,1
188,26,1
226,27,1
186,12,1
219,10,1
189,22,1
221,19,1
229,28,1
206,7,1
193,36,1
218,27,1
183,15,1
198,16,1
198,23,1
225,13,1
222,29,1
188,12,1
185,16,1
210,5,1
221,37,1
200,39,1
202,9,1
209,31,1
221,16,1
201,6,1
206,19,1
191,32,1
196,48,1
208,23,1
194,7,1
206,29,1
206,43,1
198,30,1
223,32,1
227,21,1
217,4,1
229,29,1
201,34,1
210,30,1
214,19,1
201,29,1
192,6,1
213,45,1
214,23,1
203,15,1
182,25,1
204,10,1
205,33,1
199,7,1
229,32,1
203,6,1
213,9,1
216,4,1
190,41,1
202,8,1
212,20,1
203,45,1
182,19,1
203,17,1
200,35,1
220,33,1
197,29,1
207,28,1
204,44,1
218,21,1
211,21,1
193,10,1
201,3,1
187,15,1
219,31,1
214,6,1
202,13,1
201,15,1
218,14,1
195,35,1
225,17,1
215,33,1
227,35,1
215,15,1
191,26,1
224,37,1
229,31,1
188,32,1
217,11,1
188,20,1
211,9,1
183,29,1
200,48,1
218,46,1
198,39,1
218,24,1
198,23,1
197,32,1
197,30,1
181,21,1
220,15,1
191,21,1
210,42,1
227,15,1
229,20,1
191,42,1
195,18,1
198,17,1
217,27,1
204,2,1
222,39,1
185,32,1
198,6,1
187,9,1
213,35,1
181,21,1
192,8,1
185,34,1
222,42,1
190,43,1
188,39,1
207,15,1
224,39,1
208,49,1
208,37,1
215,39,1
198,39,1
202,27,1
223,34,1
214,31,1
221,34,1
214,2,1
211,16,1
230,25,1
208,49,1
222,16,1
206,3,1
201,27,1
225,11,1
211,40,1
191,43,1
190,14,1
207,3,1
210,36,1
191,30,1
208,42,1
213,12,1
185,20,1
194,26,1
190,45,1
186,12,1
200,23,1
205,35,1
225,26,1
191,27,1
216,7,1
222,25,1
197,10,1
207,24,1
210,3,1
184,17,1
225,29,1
181,26,1
180,25,1
189,15,1
203,2,1
212,40,1
200,14,1
220,37,1
182,24,1
214,36,1
207,26,1
222,14,1
208,25,1
193,26,1
199,46,1
217,43,1
206,29,1
209,8,1
195,29,1
215,21,1
198,37,1
209,32,1
209,16,1
188,15,1
215,20,1
217,6,1
216,38,1
199,12,1
221,14,1
216,38,1
222,29,1
205,18,1
185,30,1
218,14,1
216,16,1
226,28,1
