6,10,0
8,37,0
36,26,0
34,3,0
37,35,0
47,35,0
35,36,0
36,11,0
10,35,0
11,44,0
46,35,0
9,10,0
18,4,0
32,47,0
17,5,0
36,15,0
29,21,0
44,22,0
38,18,0
36,16,0
11,17,0
23,35,0
18,14,0
33,48,0
16,33,0
41,14,0
28,34,0
11,41,0
38,22,0
38,33,0
47,20,0
24,7,0
31,17,0
22,24,0
1,26,0
10,11,0
14,17,0
49,27,0
23,36,0
15,44,0
43,27,0
38,21,0
4,32,0
3,22,0
9,12,0
17,14,0
22,39,0
12,31,0
42,38,0
20,40,0
14,18,0
44,14,0
24,30,0
9,33,0
43,31,0
13,31,0
9,41,0
21,23,0
40,19,0
9,19,0
17,17,0
3,17,0
9,43,0
20,13,0
44,12,0
42,43,0
32,10,0
25,35,0
21,36,0
7,18,0
20,23,0
1,27,0
27,25,0
39,45,0
9,32,0
35,9,0
34,44,0
38,40,0
19,37,0
44,16,0
5,22,0
16,29,0
43,27,0
15,43,0
6,16,0
12,33,0
21,46,0
8,31,0
44,34,0
38,19,0
21,19,0
29,12,0
20,18,0
24,43,0
8,37,0
28,14,0
39,23,0
46,28,0
2,25,0
11,13,0
32,24,0
5,30,0
37,42,0
18,36,0
37,35,0
14,31,0
31,41,0
27,26,0
45,33,0
20,2,0
37,43,0
20,32,0
34,45,0
29,39,0
34,19,0
34,29,0
24,49,0
35,6,0
45,26,0
25,12,0
1,27,0
26,34,0
13,9,0
37,27,0
34,9,0
34,11,0
46,13,0
32,11,0
5,34,0
32,5,0
14,19,0
9,38,0
41,25,0
11,21,0
28,42,0
28,4,0
30,7,0
16,5,0
27,17,0
26,24,0
23,19,0
42,29,0
8,26,0
22,40,0
26,1,0
19,20,0
38,43,0
21,41,0
30,30,0
20,10,0
16,2,0
25,50,0
33,30,0
40,11,0
25,4,0
23,21,0
7,34,0
48,23,0
15,26,0
41,20,0
13,14,0
41,33,0
36,32,0
31,26,0
17,10,0
12,35,0
29,47,0
21,40,0
35,41,0
20,29,0
30,9,0
33,13,0
11,30,0
33,33,0
35,33,0
15,23,0
23,2,0
38,42,0
26,27,0
8,34,0
35,25,0
19,28,0
20,1,0
47,14,0
42,11,0
42,16,0
10,44,0
18,48,0
34,4,0
20,30,0
24,42,0
16,35,0
43,33,0
6,27,0
14,40,0
23,13,0
26,20,0
34,8,0
43,27,0
25,43,0
26,19,0
16,11,0
43,27,0
49,24,0
40,10,0
7,31,0
15,39,0
24,19,0
32,21,0
37,11,0
17,7,0
31,47,0
5,33,0
19,37,0
18,7,0
7,9,0
49,23,0
46,25,0
9,12,0
22,27,0
4,19,0
10,35,0
21,11,0
14,33,0
28,45,0
22,27,0
8,30,0
39,35,0
39,11,0
36,39,0
42,24,0
2,18,0
38,40,0
30,5,0
9,21,0
36,38,0
10,19,0
18,39,0
45,15,0
40,25,0
13,17,0
33,35,0
47,35,0
27,19,0
32,3,0
25,17,0
35,15,0
27,5,0
2,27,0
12,12,0
227,19,1
210,4,1
227,34,1
206,17,1
207,35,1
187,33,1
200,13,1
227,30,1
199,25,1
188,40,1
199,12,1
210,17,1
213,35,1
182,24,1
202,3,1
190,16,1
212,37,1
205,26,1
212,36,1
186,38,1
202,10,1
207,16,1
209,5,1
223,36,1
186,33,1
208,41,1
203,21,1
215,43,1
228,32,1
218,16,1
210,18,1
193,14,1
193,7,1
207,47,1
200,25,1
184,23,1
220,18,1
224,13,1
219,38,1
197,41,1
206,47,1
188,42,1
227,21,1
209,46,1
224,22,1
202,2,1
194,45,1
210,18,1
214,17,1
201,5,1
217,43,1
186,37,1
207,8,1
219,29,1
207,21,1
226,37,1
219,5,1
191,40,1
203,11,1
209,19,1
189,32,1
221,20,1
220,21,1
183,29,1
203,45,1
204,46,1
210,37,1
221,40,1
214,13,1
182,29,1
217,15,1
220,37,1
209,15,1
202,39,1
223,11,1
193,28,1
213,5,1
204,24,1
214,14,1
199,20,1
202,10,1
201,48,1
195,45,1
199,7,1
194,13,1
222,11,1
210,49,1
185,25,1
189,25,1
190,45,1
212,48,1
219,5,1
215,35,1
224,9,1
190,41,1
200,22,1
197,23,1
196,4,1
203,49,1
196,12,1
204,5,1
202,29,1
208,14,1
190,44,1
224,34,1
190,8,1
196,16,1
220,44,1
215,20,1
220,42,1
190,5,1
224,37,1
224,31,1
210,18,1
185,23,1
186,37,1
209,12,1
182,32,1
211,37,1
212,32,1
214,11,1
206,47,1
207,37,1
212,34,1
211,41,1
216,33,1
199,11,1
192,27,1
201,44,1
196,25,1
223,24,1
201,12,1
225,11,1
192,37,1
182,26,1
200,46,1
191,12,1
188,27,1
208,21,1
223,17,1
226,15,1
188,43,1
193,46,1
195,10,1
226,15,1
210,44,1
202,25,1
207,37,1
183,17,1
196,36,1
198,42,1
186,12,1
196,31,1
214,35,1
186,28,1
187,40,1
214,3,1
198,31,1
224,39,1
224,21,1
221,11,1
196,26,1
196,42,1
200,8,1
220,35,1
190,22,1
209,15,1
206,44,1
210,23,1
187,14,1
208,40,1
206,32,1
214,22,1
194,26,1
225,27,1
189,9,1
206,4,1
206,38,1
209,13,1
211,8,1
226,38,1
207,13,1
188,26,1
197,4,1
193,13,1
212,26,1
211,33,1
193,45,1
187,24,1
225,39,1
205,18,1
181,30,1
190,40,1
195,46,1
201,34,1
192,35,1
209,27,1
193,4,1
186,40,1
203,33,1
197,25,1
193,5,1
196,35,1
219,38,1
196,36,1
216,9,1
201,19,1
209,32,1
194,16,1
219,17,1
195,24,1
229,26,1
195,13,1
196,6,1
181,22,1
202,31,1
227,34,1
197,17,1
183,17,1
226,29,1
203,42,1
199,2,1
187,22,1
214,41,1
211,45,1
205,44,1
220,26,1
208,13,1
213,9,1
193,27,1
184,37,1
224,15,1
193,10,1
200,7,1
222,29,1
204,19,1
220,35,1
196,35,1
201,36,1
200,46,1
208,28,1
208,19,1
216,26,1
212,13,1
195,7,1
224,36,1
191,8,1
215,26,1
195,42,1
228,33,1
202,9,1
216,7,1
199,40,1
222,17,1
209,23,1
190,44,1
201,48,1
222,20,1
188,32,1
216,18,1
189,36,1
216,45,1
187,38,1
191,36,1
182,23,1
209,39,1
202,45,1
191,9,1
207,48,1
188,42,1
186,40,1
195,32,1
229,20,1
187,39,1
215,21,1
190,21,1
225,35,1
199,41,1
198,24,1
228,20,1
212,36,1
223,20,1
215,8,1
206,38,1
213,21,1
208,43,1
197,48,1
193,33,1
196,46,1
188,33,1
224,9,1
227,18,1
214,45,1
217,34,1
227,30,1
199,4,1
201,6,1
202,33,1
211,9,1
194,17,1
204,16,1
204,18,1
223,30,1
191,10,1
203,3,1
204,46,1
182,17,1
199,5,1
204,3,1
209,22,1
181,27,1
206,49,1
221,16,1
195,37,1
207,49,1
218,9,1
185,31,1
194,42,1
186,14,1
209,43,1
196,23,1
207,34,1
209,9,1
201,31,1
208,15,1
214,14,1
186,12,1
199,32,1
186,38,1
211,18,1
196,26,1
215,18,1
207,39,1
195,16,1
184,34,1
205,34,1
206,44,1
215,31,1
222,42,1
218,29,1
206,24,1
224,18,1
204,34,1
197,21,1
215,35,1
190,5,1
205,44,1
200,37,1
225,33,1
205,47,1
204,30,1
193,5,1
202,6,1
228,30,1
207,12,1
210,37,1
184,28,1
182,25,1
193,4,1
197,21,1
184,21,1
189,33,1
205,36,1
184,13,1
195,13,1
209,39,1
210,36,1
210,40,1
185,28,1
214,22,1
211,12,1
190,8,1
214,21,1
186,31,1
222,36,1
215,42,1
214,33,1
191,13,1
213,37,1
193,6,1
208,17,1
224,12,1
210,44,1
215,28,1
198,23,1
208,48,1
187,17,1
209,20,1
218,32,1
207,31,1
197,36,1
227,35,1
214,13,1
186,31,1
201,45,1
217,9,1
223,8,1
225,10,1
222,36,1
217,37,1
197,17,1
202,46,1
197,42,1
199,16,1
205,41,1
202,10,1
224,19,1
198,15,1
199,2,1
191,23,1
211,31,1
187,26,1
184,13,1
225,26,1
205,43,1
227,32,1
212,43,1
195,6,1
217,22,1
182,31,1
194,38,1
211,22,1
197,24,1
190,24,1
186,9,1
202,21,1
217,27,1
214,44,1
195,36,1
204,27,1
197,33,1
202,28,1
205,3,1
216,38,1
209,28,1
216,32,1
199,18,1
225,26,1
201,5,1
217,25,1
201,29,1
224,40,1
199,47,1
222,11,1
185,32,1
216,6,1
214,41,1
229,21,1
219,40,1
205,17,1
193,12,1
195,36,1
212,3,1
186,12,1
182,17,1
219,17,1
205,11,1
218,41,1
207,16,1
201,23,1
204,16,1
217,14,1
200,42,1
196,28,1
217,21,1
207,37,1
223,8,1
206,47,1
213,10,1
207,24,1
202,34,1
220,40,1
196,29,1
206,24,1
199,36,1
202,10,1
214,33,1
199,15,1
221,24,1
189,22,1
187,37,1
187,20,1
208,18,1
212,3,1
200,13,1
206,48,1
187,21,1
212,33,1
215,32,1
190,44,1
185,35,1
190,43,1
186,23,1
192,10,1
209,29,1
208,3,1
213,12,1
195,23,1
202,30,1
225,34,1
207,19,1
208,34,1
197,8,1
210,30,1
199,29,1
199,18,1
208,38,1
189,24,1
206,12,1
217,17,1
197,43,1
199,1,1
192,19,1
216,18,1
206,19,1
229,32,1
200,10,1
184,13,1
213,21,1
220,41,1
225,22,1
205,30,1
196,7,1
217,9,1
192,24,1
218,29,1
213,21,1
201,31,1
221,37,1
211,14,1
217,5,1
209,23,1
204,21,1
212,9,1
197,40,1
218,17,1
211,44,1
196,21,1
189,16,1
221,35,1
209,8,1
183,17,1
225,15,1
200,13,1
191,24,1
215,16,1
189,16,1
186,27,1
210,29,1
184,14,1
194,23,1
190,17,1
223,39,1
202,31,1
199,47,1
209,39,1
216,15,1
205,17,1
218,28,1
193,38,1
220,35,1
214,25,1
189,23,1
201,30,1
200,47,1
181,18,1
206,20,1
217,34,1
193,32,1
221,37,1
187,37,1
219,26,1
221,32,1
199,29,1
195,41,1
198,27,1
212,48,1
193,17,1
228,20,1
205,17,1
213,23,1
207,21,1
209,43,1
216,39,1
192,26,1
213,24,1
188,40,1
192,11,1
195,7,1
209,23,1
187,40,1
217,38,1
190,23,1
187,31,1
210,22,1
216,27,1
190,5,1
216,29,1
201,42,1
211,36,1
223,29,1
181,25,1
219,19,1
197,25,1
225,30,1
188,31,1
196,13,1
218,38,1
229,18,1
206,27,1
209,16,1
219,28,1
214,36,1
207,9,1
218,21,1
214,5,1
218,39,1
196,8,1
202,30,1
187,9,1
197,7,1
208,34,1
192,6,1
212,29,1
187,19,1
218,30,1
209,12,1
226,27,1
198,1,1
219,44,1
229,31,1
206,48,1
187,20,1
195,16,1
223,34,1
193,39,1
195,36,1
220,33,1
214,13,1
195,35,1
198,17,1
197,25,1
190,5,1
220,25,1
201,37,1
205,18,1
222,14,1
186,41,1
189,19,1
210,36,1
205,43,1
215,30,1
211,30,1
216,46,1
217,11,1
220,25,1
214,41,1
201,13,1
191,15,1
213,22,1
196,13,1
216,17,1
190,34,1
209,5,1
211,26,1
214,14,1
209,34,1
188,27,1
224,26,1
185,29,1
186,14,1
183,14,1
202,9,1
183,19,1
194,44,1
193,33,1
211,34,1
193,46,1
214,41,1
224,17,1
194,21,1
198,48,1
213,15,1
196,44,1
227,17,1
195,21,1
217,42,1
222,19,1
193,4,1
221,23,1
224,26,1
212,48,1
213,23,1
222,18,1
199,2,1
227,15,1
224,29,1
205,25,1
181,18,1
195,31,1
202,10,1
195,29,1
210,26,1
204,17,1
180,25,1
215,30,1
195,36,1
196,25,1
218,35,1
192,6,1
199,15,1
201,8,1
197,21,1
215,23,1
193,38,1
210,37,1
189,32,1
188,14,1
209,42,1
206,4,1
220,33,1
184,33,1
227,24,1
184,21,1
221,34,1
225,14,1
203,25,1
218,33,1
229,30,1
210,46,1
211,16,1
202,44,1
191,25,1
211,23,1
227,30,1
219,42,1
200,14,1
216,30,1
206,24,1
209,36,1
191,10,1
205,19,1
202,31,1
189,12,1
193,39,1
206,37,1
221,15,1
219,33,1
215,26,1
197,39,1
