28,2,0
42,23,0
16,43,0
31,43,0
15,13,0
24,2,0
35,43,0
8,15,0
47,23,0
2,20,0
6,33,0
49,26,0
10,29,0
3,22,0
9,11,0
16,40,0
22,21,0
12,23,0
9,37,0
45,31,0
24,12,0
16,22,0
27,29,0
41,22,0
9,34,0
10,34,0
28,30,0
24,37,0
31,36,0
26,35,0
42,18,0
13,21,0
4,17,0
3,19,0
4,20,0
20,46,0
28,7,0
18,26,0
44,17,0
46,17,0
25,30,0
21,1,0
32,13,0
8,11,0
41,40,0
8,14,0
18,9,0
4,18,0
37,34,0
40,19,0
32,35,0
33,38,0
29,27,0
30,1,0
21,49,0
37,36,0
21,15,0
25,7,0
13,15,0
4,23,0
42,30,0
46,37,0
19,4,0
12,36,0
37,9,0
28,4,0
35,34,0
35,13,0
5,28,0
22,46,0
14,39,0
11,37,0
16,13,0
43,29,0
23,21,0
45,18,0
30,14,0
43,31,0
43,20,0
29,34,0
15,8,0
31,24,0
8,10,0
44,30,0
31,49,0
11,42,0
19,7,0
29,15,0
45,35,0
27,8,0
29,40,0
14,39,0
10,40,0
47,25,0
32,8,0
44,38,0
27,44,0
40,12,0
21,35,0
32,35,0
19,27,0
33,39,0
36,8,0
40,21,0
37,5,0
42,22,0
26,32,0
18,48,0
31,8,0
2,31,0
18,46,0
30,30,0
47,31,0
30,6,0
33,46,0
12,46,0
16,4,0
18,5,0
14,36,0
30,38,0
17,44,0
33,48,0
11,35,0
47,29,0
10,38,0
31,27,0
20,1,0
8,23,0
34,42,0
12,32,0
22,39,0
38,36,0
7,12,0
29,6,0
12,36,0
6,22,0
14,15,0
11,23,0
6,25,0
38,5,0
46,16,0
16,6,0
10,29,0
26,34,0
29,42,0
3,18,0
20,35,0
23,5,0
9,18,0
18,4,0
14,29,0
32,26,0
24,24,0
22,47,0
23,13,0
44,18,0
48,24,0
43,10,0
4,30,0
23,5,0
14,39,0
26,37,0
8,21,0
40,11,0
20,27,0
40,11,0
34,22,0
26,12,0
37,17,0
24,18,0
13,9,0
26,41,0
19,15,0
10,13,0
12,10,0
28,40,0
9,23,0
17,24,0
24,18,0
17,29,0
27,27,0
30,14,0
40,40,0
16,38,0
17,10,0
21,46,0
32,28,0
17,31,0
31,42,0
32,38,0
4,34,0
27,25,0
40,24,0
27,28,0
13,31,0
36,45,0
16,14,0
21,16,0
29,19,0
29,12,0
12,9,0
29,17,0
37,46,0
38,42,0
19,33,0
37,27,0
38,46,0
39,32,0
34,34,0
22,30,0
48,34,0
34,17,0
35,21,0
9,13,0
7,8,0
30,13,0
26,39,0
31,6,0
4,26,0
18,19,0
27,41,0
24,14,0
18,36,0
47,16,0
5,33,0
8,8,0
18,13,0
45,10,0
19,7,0
24,42,0
17,38,0
34,45,0
11,19,0
37,43,0
15,7,0
25,0,0
45,27,0
35,7,0
22,22,0
28,49,0
3,26,0
39,5,0
40,44,0
38,40,0
32,45,0
38,23,0
7,28,0
41,30,0
41,18,0
32,12,0
204,44,1
208,43,1
205,9,1
206,14,1
203,31,1
194,44,1
177,20,1
179,27,1
204,37,1
180,16,1
197,20,1
209,42,1
214,18,1
196,38,1
188,46,1
189,14,1
195,40,1
194,48,1
214,33,1
199,40,1
189,9,1
184,7,1
199,7,1
195,20,1
207,43,1
208,8,1
193,25,1
187,39,1
211,30,1
214,38,1
218,20,1
200,35,1
207,12,1
212,29,1
218,28,1
200,30,1
175,12,1
185,20,1
208,26,1
197,29,1
193,15,1
173,14,1
203,29,1
209,44,1
186,25,1
178,10,1
182,13,1
185,16,1
199,24,1
206,23,1
201,46,1
191,25,1
194,36,1
202,20,1
173,29,1
211,38,1
202,28,1
196,41,1
184,43,1
195,40,1
212,29,1
182,21,1
183,19,1
187,33,1
181,10,1
204,27,1
208,11,1
213,27,1
215,12,1
210,11,1
201,14,1
198,34,1
199,17,1
205,27,1
206,42,1
217,35,1
219,23,1
204,42,1
194,43,1
208,13,1
183,20,1
211,12,1
196,15,1
195,14,1
207,40,1
201,37,1
186,34,1
193,21,1
180,18,1
201,36,1
179,22,1
210,43,1
219,26,1
189,48,1
197,19,1
172,30,1
213,42,1
179,18,1
195,24,1
216,27,1
213,22,1
184,38,1
209,15,1
177,37,1
201,45,1
197,26,1
189,1,1
181,37,1
191,48,1
212,31,1
201,8,1
192,24,1
204,36,1
198,43,1
179,34,1
184,33,1
183,18,1
215,18,1
202,4,1
173,35,1
192,21,1
172,23,1
185,41,1
206,14,1
184,29,1
192,15,1
203,47,1
193,10,1
191,35,1
196,36,1
197,3,1
182,32,1
173,23,1
191,23,1
177,29,1
182,25,1
176,37,1
178,10,1
188,3,1
185,11,1
213,31,1
185,19,1
187,5,1
180,6,1
206,13,1
174,36,1
214,16,1
188,29,1
202,47,1
179,8,1
184,11,1
190,44,1
176,32,1
194,10,1
187,22,1
217,26,1
177,20,1
203,18,1
184,42,1
183,9,1
202,34,1
214,13,1
211,27,1
199,46,1
210,29,1
204,12,1
177,28,1
180,28,1
198,34,1
215,22,1
186,28,1
190,10,1
198,20,1
188,32,1
179,28,1
186,27,1
189,24,1
184,40,1
187,22,1
213,38,1
196,24,1
172,18,1
184,47,1
196,13,1
197,37,1
186,3,1
217,33,1
184,20,1
177,25,1
202,33,1
183,17,1
181,11,1
217,15,1
204,18,1
203,23,1
200,14,1
205,13,1
183,34,1
195,5,1
183,26,1
183,13,1
189,29,1
184,23,1
178,43,1
183,20,1
197,9,1
217,14,1
175,27,1
182,33,1
204,39,1
193,38,1
205,28,1
196,29,1
212,37,1
198,42,1
196,42,1
194,34,1
211,13,1
207,26,1
211,34,1
210,27,1
176,33,1
215,26,1
212,14,1
181,45,1
183,33,1
194,28,1
177,35,1
218,26,1
206,27,1
194,29,1
206,16,1
172,24,1
211,36,1
204,16,1
193,29,1
204,3,1
216,21,1
185,11,1
216,27,1
214,19,1
213,8,1
198,5,1
194,49,1
181,21,1
185,20,1
181,5,1
212,40,1
179,25,1
188,27,1
177,8,1
202,2,1
200,47,1
189,16,1
193,45,1
198,21,1
210,39,1
188,34,1
192,6,1
179,18,1
211,36,1
214,22,1
188,37,1
185,18,1
194,23,1
191,31,1
191,12,1
207,34,1
206,12,1
213,8,1
177,21,1
194,9,1
190,49,1
178,25,1
207,7,1
211,9,1
190,32,1
171,31,1
212,31,1
207,6,1
173,24,1
171,29,1
192,34,1
177,21,1
185,37,1
188,38,1
182,24,1
196,3,1
188,43,1
179,17,1
210,29,1
196,37,1
190,18,1
208,43,1
196,9,1
193,12,1
194,16,1
206,20,1
206,13,1
217,24,1
173,14,1
208,31,1
172,21,1
180,22,1
197,35,1
202,21,1
213,28,1
205,26,1
195,31,1
186,21,1
204,20,1
199,36,1
213,23,1
212,8,1
211,42,1
191,42,1
195,14,1
172,34,1
182,19,1
189,49,1
212,39,1
186,23,1
190,19,1
185,26,1
212,14,1
178,40,1
201,16,1
205,13,1
192,46,1
183,5,1
194,17,1
192,38,1
190,2,1
207,13,1
184,29,1
184,20,1
215,24,1
184,8,1
184,16,1
211,11,1
182,23,1
198,17,1
196,7,1
205,20,1
179,37,1
186,11,1
200,14,1
195,12,1
173,25,1
211,10,1
178,15,1
206,43,1
214,13,1
197,15,1
176,17,1
184,11,1
198,25,1
198,6,1
203,32,1
178,10,1
198,43,1
190,21,1
197,5,1
180,31,1
205,34,1
199,2,1
176,12,1
179,39,1
180,41,1
193,34,1
187,36,1
179,26,1
183,11,1
211,40,1
188,35,1
196,6,1
201,43,1
209,20,1
196,40,1
172,16,1
203,38,1
199,26,1
187,31,1
199,43,1
194,28,1
199,37,1
214,24,1
204,29,1
208,33,1
199,34,1
186,9,1
212,41,1
194,33,1
172,29,1
203,6,1
184,47,1
196,8,1
202,33,1
177,17,1
195,47,1
198,9,1
207,44,1
180,26,1
198,2,1
198,42,1
175,16,1
196,5,1
209,15,1
198,14,1
187,4,1
213,17,1
196,49,1
196,48,1
191,40,1
208,16,1
186,31,1
193,8,1
192,46,1
181,18,1
215,37,1
211,10,1
195,33,1
174,30,1
192,42,1
186,5,1
212,31,1
188,48,1
188,8,1
177,40,1
207,42,1
175,30,1
216,12,1
196,37,1
186,41,1
176,23,1
209,32,1
180,20,1
203,46,1
194,13,1
179,44,1
177,16,1
188,37,1
201,29,1
189,6,1
176,13,1
193,47,1
212,18,1
182,40,1
200,32,1
175,32,1
173,28,1
204,29,1
190,49,1
202,5,1
190,9,1
210,24,1
179,29,1
186,4,1
213,27,1
201,22,1
182,45,1
197,39,1
195,9,1
190,49,1
202,45,1
202,12,1
213,14,1
173,25,1
213,36,1
195,27,1
197,44,1
192,5,1
205,11,1
187,7,1
207,38,1
212,16,1
192,6,1
217,21,1
203,43,1
191,19,1
189,9,1
191,3,1
215,26,1
210,9,1
183,43,1
196,15,1
200,2,1
216,34,1
180,29,1
173,20,1
211,12,1
190,30,1
196,22,1
185,3,1
205,41,1
204,30,1
202,20,1
206,47,1
197,37,1
188,14,1
187,3,1
219,32,1
192,27,1
192,18,1
189,20,1
204,33,1
178,39,1
215,32,1
204,32,1
180,44,1
181,9,1
187,22,1
184,47,1
197,3,1
205,12,1
188,12,1
207,38,1
174,29,1
202,37,1
196,29,1
209,17,1
204,6,1
173,19,1
214,25,1
185,26,1
205,26,1
200,27,1
199,21,1
187,40,1
215,32,1
219,24,1
192,1,1
208,37,1
200,8,1
219,21,1
209,21,1
192,1,1
200,25,1
183,19,1
204,38,1
199,26,1
198,35,1
185,25,1
214,29,1
184,4,1
193,11,1
184,18,1
172,24,1
193,27,1
193,7,1
216,38,1
198,21,1
188,31,1
191,31,1
192,44,1
178,39,1
194,1,1
195,6,1
172,17,1
187,34,1
210,35,1
201,1,1
185,25,1
187,40,1
175,19,1
195,18,1
173,29,1
186,21,1
199,17,1
183,10,1
202,13,1
198,26,1
186,31,1
201,11,1
194,34,1
211,19,1
214,39,1
182,26,1
190,12,1
199,41,1
195,24,1
177,16,1
212,29,1
206,32,1
216,35,1
180,41,1
178,11,1
179,8,1
187,34,1
173,31,1
198,5,1
187,28,1
208,30,1
179,18,1
180,24,1
204,32,1
181,14,1
186,19,1
181,29,1
195,6,1
209,7,1
197,38,1
181,20,1
207,42,1
191,33,1
205,36,1
215,37,1
192,7,1
196,17,1
197,28,1
217,30,1
208,8,1
176,24,1
219,31,1
180,14,1
183,9,1
202,33,1
208,42,1
191,1,1
206,17,1
196,40,1
188,17,1
185,28,1
173,17,1
173,34,1
199,36,1
214,41,1
214,19,1
175,34,1
191,31,1
172,32,1
180,39,1
205,34,1
193,6,1
207,20,1
188,39,1
182,27,1
199,37,1
213,17,1
203,27,1
184,47,1
184,18,1
210,45,1
179,31,1
193,30,1
181,27,1
198,12,1
214,18,1
174,17,1
197,11,1
196,14,1
176,32,1
214,41,1
215,28,1
201,15,1
194,12,1
192,4,1
215,19,1
187,26,1
218,31,1
210,24,1
189,8,1
203,7,1
204,3,1
184,23,1
209,30,1
205,33,1
201,24,1
213,16,1
199,34,1
205,25,1
206,15,1
180,32,1
179,8,1
198,3,1
205,13,1
203,31,1
176,38,1
179,24,1
199,24,1
196,8,1
189,22,1
206,34,1
182,27,1
209,5,1
177,30,1
209,26,1
208,33,1
219,24,1
190,39,1
174,21,1
175,12,1
182,19,1
177,14,1
185,41,1
193,17,1
205,12,1
183,7,1
192,18,1
177,28,1
192,42,1
186,44,1
190,37,1
207,36,1
183,38,1
184,33,1
200,8,1
192,23,1
208,9,1
195,47,1
208,27,1
173,35,1
179,19,1
211,22,1
172,23,1
205,32,1
194,43,1
196,7,1
176,32,1
196,11,1
202,43,1
178,15,1
178,21,1
184,36,1
192,47,1
182,5,1
203,11,1
208,34,1
175,35,1
184,5,1
197,12,1
191,36,1
219,23,1
192,44,1
178,31,1
209,37,1
197,11,1
198,22,1
181,45,1
214,36,1
209,34,1
192,15,1
185,45,1
217,17,1
179,9,1
178,10,1
181,8,1
182,17,1
191,37,1
208,7,1
