39,28,0
34,11,0
19,47,0
15,6,0
39,7,0
17,45,0
23,21,0
34,12,0
4,37,0
30,6,0
18,31,0
28,40,0
19,9,0
29,20,0
37,41,0
45,19,0
10,44,0
25,29,0
16,40,0
19,29,0
40,36,0
19,39,0
22,42,0
19,31,0
47,32,0
10,41,0
34,18,0
25,38,0
29,18,0
45,26,0
19,41,0
32,44,0
12,24,0
47,16,0
8,32,0
7,26,0
45,13,0
29,45,0
6,10,0
15,32,0
33,38,0
21,36,0
14,6,0
28,30,0
10,40,0
2,29,0
18,1,0
41,29,0
39,8,0
5,11,0
15,6,0
25,46,0
31,29,0
36,13,0
31,9,0
19,3,0
31,37,0
26,27,0
30,12,0
36,46,0
4,33,0
22,46,0
2,28,0
24,20,0
49,31,0
18,32,0
25,10,0
16,39,0
43,18,0
34,11,0
30,39,0
25,15,0
38,40,0
34,24,0
7,12,0
40,43,0
11,10,0
34,6,0
48,16,0
21,5,0
9,10,0
9,42,0
34,31,0
41,35,0
14,43,0
16,33,0
9,17,0
36,33,0
21,45,0
20,1,0
14,42,0
39,23,0
18,33,0
39,24,0
32,25,0
41,7,0
21,5,0
45,40,0
22,13,0
22,13,0
35,12,0
21,31,0
37,21,0
9,15,0
47,18,0
22,6,0
6,17,0
28,8,0
26,23,0
23,29,0
35,43,0
28,42,0
21,27,0
36,38,0
37,6,0
11,15,0
23,30,0
9,23,0
18,39,0
44,28,0
47,29,0
27,19,0
27,20,0
25,23,0
38,13,0
20,10,0
42,18,0
36,30,0
13,46,0
25,31,0
11,9,0
39,8,0
24,20,0
26,5,0
31,27,0
49,32,0
24,38,0
28,48,0
5,39,0
21,11,0
20,6,0
37,23,0
39,16,0
45,18,0
23,3,0
13,6,0
24,24,0
23,14,0
34,2,0
11,15,0
12,35,0
24,31,0
15,25,0
21,4,0
5,36,0
16,8,0
23,28,0
35,17,0
35,11,0
21,10,0
39,17,0
21,5,0
20,47,0
42,35,0
18,36,0
38,28,0
30,5,0
12,38,0
7,26,0
17,35,0
30,35,0
13,8,0
18,46,0
44,21,0
44,20,0
1,18,0
18,46,0
8,42,0
24,39,0
40,22,0
30,25,0
27,17,0
22,5,0
11,43,0
21,32,0
5,24,0
36,36,0
19,44,0
21,8,0
35,7,0
3,20,0
33,38,0
44,18,0
25,17,0
42,23,0
15,36,0
22,4,0
29,26,0
28,21,0
33,41,0
42,22,0
34,11,0
22,1,0
13,8,0
29,45,0
37,30,0
21,12,0
43,19,0
11,36,0
12,28,0
45,23,0
25,48,0
35,42,0
31,27,0
31,23,0
9,28,0
4,14,0
42,35,0
30,4,0
28,48,0
34,36,0
15,27,0
23,13,0
41,30,0
25,16,0
20,29,0
25,24,0
37,35,0
2,27,0
42,13,0
43,19,0
15,12,0
22,10,0
15,40,0
8,38,0
22,31,0
24,24,0
42,20,0
6,17,0
15,27,0
26,45,0
13,31,0
20,13,0
32,3,0
11,19,0
27,31,0
5,24,0
23,30,0
41,16,0
25,41,0
200,38,1
175,30,1
205,45,1
196,1,1
196,16,1
193,31,1
194,45,1
204,48,1
198,8,1
182,22,1
198,23,1
195,22,1
193,18,1
194,14,1
185,5,1
194,28,1
195,18,1
213,8,1
217,23,1
205,29,1
182,30,1
203,26,1
199,47,1
211,26,1
191,25,1
195,6,1
193,37,1
214,12,1
195,46,1
190,10,1
197,15,1
182,7,1
189,48,1
179,41,1
202,1,1
215,12,1
188,22,1
190,20,1
179,24,1
198,5,1
187,47,1
175,36,1
202,18,1
176,9,1
194,33,1
174,38,1
207,15,1
190,7,1
200,9,1
202,19,1
217,26,1
176,19,1
177,28,1
188,11,1
215,23,1
188,32,1
208,35,1
186,14,1
199,22,1
200,38,1
173,19,1
208,29,1
217,15,1
193,31,1
195,23,1
187,6,1
173,17,1
203,44,1
177,17,1
181,9,1
195,45,1
208,15,1
192,39,1
181,40,1
202,9,1
182,35,1
196,13,1
186,9,1
195,44,1
176,27,1
188,8,1
193,18,1
203,21,1
187,17,1
185,45,1
214,24,1
195,35,1
178,17,1
182,37,1
190,49,1
178,14,1
194,38,1
178,40,1
208,32,1
216,16,1
196,6,1
202,24,1
206,30,1
199,12,1
197,6,1
205,32,1
208,4,1
210,36,1
211,15,1
212,39,1
198,2,1
196,13,1
184,47,1
215,36,1
183,9,1
204,6,1
205,38,1
174,31,1
216,27,1
215,25,1
176,13,1
205,4,1
196,34,1
200,37,1
197,29,1
198,17,1
207,42,1
213,10,1
208,22,1
191,37,1
201,43,1
193,43,1
208,30,1
205,21,1
191,8,1
208,35,1
212,7,1
182,24,1
204,8,1
195,33,1
202,47,1
183,11,1
176,12,1
210,26,1
192,47,1
210,23,1
182,6,1
177,32,1
204,48,1
195,20,1
213,41,1
201,6,1
216,12,1
196,27,1
216,13,1
179,26,1
180,19,1
175,17,1
197,29,1
173,16,1
181,35,1
180,19,1
179,19,1
202,19,1
184,4,1
196,29,1
215,29,1
195,14,1
182,13,1
217,29,1
173,18,1
198,43,1
171,18,1
188,24,1
183,4,1
187,23,1
180,17,1
214,33,1
204,27,1
192,3,1
193,19,1
188,25,1
172,16,1
174,38,1
204,25,1
205,32,1
189,42,1
209,5,1
203,30,1
189,46,1
191,34,1
209,15,1
174,26,1
203,12,1
211,36,1
215,18,1
194,8,1
215,31,1
193,30,1
215,20,1
189,31,1
191,29,1
206,32,1
187,15,1
207,6,1
173,30,1
206,6,1
210,26,1
215,25,1
200,22,1
198,13,1
183,17,1
174,14,1
202,39,1
196,30,1
196,47,1
185,32,1
185,22,1
203,42,1
204,25,1
197,13,1
210,24,1
202,19,1
203,33,1
181,28,1
204,3,1
198,23,1
180,17,1
212,21,1
197,4,1
212,14,1
217,24,1
198,46,1
173,25,1
177,17,1
205,34,1
188,43,1
184,43,1
188,5,1
184,30,1
216,32,1
192,40,1
213,33,1
205,23,1
192,4,1
180,43,1
195,28,1
195,38,1
190,46,1
211,42,1
208,17,1
186,40,1
176,20,1
199,15,1
182,10,1
204,29,1
183,24,1
181,6,1
204,45,1
196,24,1
181,5,1
191,6,1
214,37,1
176,38,1
181,22,1
183,13,1
171,32,1
189,26,1
195,32,1
198,30,1
180,10,1
185,9,1
200,36,1
177,27,1
181,28,1
177,12,1
177,24,1
202,1,1
176,17,1
185,26,1
182,42,1
218,27,1
182,23,1
208,36,1
204,44,1
213,39,1
183,17,1
203,21,1
191,38,1
201,10,1
177,18,1
185,23,1
185,31,1
210,44,1
173,15,1
201,2,1
201,42,1
196,6,1
191,26,1
205,22,1
191,20,1
191,4,1
190,18,1
190,31,1
171,28,1
201,40,1
174,13,1
188,16,1
191,5,1
202,22,1
203,36,1
173,15,1
206,20,1
201,40,1
195,29,1
176,15,1
179,33,1
207,33,1
199,49,1
218,30,1
176,13,1
196,7,1
176,9,1
205,32,1
190,34,1
191,5,1
193,27,1
188,8,1
187,23,1
206,34,1
188,2,1
209,8,1
185,7,1
191,9,1
180,6,1
178,33,1
209,31,1
198,24,1
186,8,1
186,37,1
184,42,1
183,8,1
204,37,1
196,26,1
209,14,1
177,28,1
214,20,1
180,43,1
192,27,1
208,25,1
209,33,1
218,34,1
194,18,1
212,24,1
183,15,1
190,30,1
196,49,1
196,7,1
179,20,1
193,38,1
209,17,1
188,2,1
184,47,1
196,28,1
215,15,1
183,39,1
179,27,1
201,41,1
208,22,1
200,6,1
192,4,1
177,8,1
171,23,1
201,1,1
199,21,1
209,20,1
188,46,1
214,25,1
198,47,1
212,16,1
197,14,1
211,42,1
208,32,1
203,16,1
184,47,1
193,5,1
214,21,1
189,28,1
201,34,1
202,44,1
181,21,1
204,46,1
201,37,1
197,13,1
198,17,1
179,7,1
184,9,1
193,17,1
176,21,1
188,11,1
201,32,1
216,18,1
193,23,1
197,6,1
197,16,1
195,34,1
209,21,1
192,16,1
194,40,1
216,32,1
202,24,1
217,28,1
205,34,1
199,43,1
173,16,1
171,18,1
172,23,1
194,6,1
190,22,1
184,17,1
175,23,1
186,8,1
190,39,1
216,29,1
201,13,1
184,21,1
186,10,1
193,7,1
191,19,1
187,41,1
216,37,1
187,14,1
178,39,1
209,30,1
173,29,1
205,22,1
179,14,1
199,22,1
179,13,1
186,40,1
198,38,1
207,31,1
196,43,1
179,18,1
173,36,1
201,42,1
189,28,1
200,9,1
192,17,1
183,16,1
208,8,1
201,22,1
211,12,1
214,34,1
189,23,1
184,39,1
213,25,1
194,7,1
210,23,1
215,23,1
201,41,1
216,29,1
173,19,1
201,16,1
212,34,1
203,40,1
180,13,1
203,27,1
195,48,1
218,27,1
217,27,1
179,28,1
183,30,1
188,15,1
199,1,1
212,29,1
192,38,1
184,9,1
202,12,1
184,4,1
177,29,1
209,22,1
201,15,1
179,23,1
213,26,1
208,14,1
201,43,1
185,33,1
188,45,1
218,33,1
193,24,1
202,6,1
201,24,1
194,33,1
191,34,1
200,41,1
206,38,1
191,6,1
200,44,1
200,22,1
200,40,1
201,10,1
179,29,1
180,17,1
218,19,1
211,11,1
183,5,1
179,10,1
217,29,1
211,9,1
219,29,1
180,22,1
181,38,1
215,15,1
182,40,1
188,18,1
210,5,1
193,49,1
188,26,1
206,41,1
205,34,1
211,15,1
198,46,1
188,13,1
198,20,1
174,31,1
218,26,1
201,46,1
214,37,1
201,4,1
209,45,1
199,40,1
173,22,1
204,22,1
183,17,1
192,14,1
203,27,1
211,6,1
180,27,1
188,25,1
179,22,1
182,18,1
173,28,1
200,25,1
187,48,1
185,40,1
198,35,1
199,37,1
212,25,1
218,28,1
174,18,1
188,2,1
212,26,1
185,12,1
207,26,1
209,23,1
208,40,1
173,14,1
185,41,1
199,48,1
186,46,1
211,20,1
200,45,1
201,36,1
175,15,1
212,40,1
200,10,1
188,5,1
178,18,1
191,26,1
212,23,1
195,27,1
193,7,1
197,32,1
201,39,1
215,19,1
189,9,1
190,22,1
200,25,1
174,20,1
183,24,1
192,46,1
213,28,1
185,12,1
204,12,1
198,38,1
208,26,1
186,14,1
180,40,1
179,36,1
206,19,1
196,9,1
211,10,1
202,30,1
193,3,1
182,24,1
202,18,1
200,23,1
196,14,1
203,39,1
198,10,1
213,12,1
188,17,1
202,13,1
177,14,1
214,15,1
195,25,1
214,18,1
182,31,1
188,8,1
200,16,1
186,5,1
216,36,1
199,16,1
185,33,1
187,46,1
196,7,1
202,36,1
207,28,1
186,35,1
206,23,1
187,11,1
174,38,1
185,4,1
203,40,1
189,26,1
178,26,1
204,24,1
214,33,1
178,18,1
199,31,1
174,21,1
211,22,1
211,36,1
202,13,1
205,16,1
218,16,1
177,26,1
205,46,1
201,39,1
176,27,1
200,4,1
203,5,1
175,13,1
196,32,1
197,30,1
175,39,1
212,34,1
182,42,1
200,26,1
202,2,1
172,33,1
195,22,1
210,28,1
199,41,1
188,28,1
212,21,1
214,38,1
207,25,1
197,42,1
184,19,1
209,16,1
175,16,1
195,7,1
200,12,1
210,6,1
190,28,1
176,23,1
197,13,1
171,20,1
191,24,1
188,26,1
172,16,1
203,41,1
173,36,1
186,43,1
196,29,1
196,8,1
218,28,1
190,14,1
204,45,1
213,15,1
200,38,1
178,27,1
184,33,1
203,33,1
193,48,1
184,29,1
181,29,1
211,21,1
211,17,1
205,7,1
175,35,1
206,40,1
189,38,1
188,11,1
187,14,1
218,19,1
193,17,1
179,35,1
202,39,1
198,44,1
184,15,1
190,13,1
184,4,1
190,44,1
198,35,1
180,43,1
189,24,1
179,23,1
181,25,1
194,41,1
189,35,1
192,36,1
182,41,1
196,10,1
191,40,1
209,26,1
192,28,1
202,42,1
186,20,1
195,7,1
203,46,1
192,29,1
200,23,1
216,30,1
205,4,1
187,41,1
176,36,1
200,2,1
182,9,1
211,34,1
190,44,1
184,40,1
178,43,1
194,11,1
186,19,1
196,45,1
183,5,1
208,45,1
192,33,1
193,45,1
179,26,1
183,24,1
201,18,1
214,21,1
217,14,1
219,29,1
200,6,1
183,24,1
186,46,1
197,37,1
190,19,1
212,36,1
193,42,1
