34,16,0
18,43,0
41,36,0
18,4,0
32,11,0
28,15,0
31,11,0
37,30,0
11,37,0
37,36,0
18,1,0
22,5,0
16,28,0
6,30,0
19,30,0
18,19,0
45,27,0
27,33,0
5,35,0
13,37,0
33,3,0
36,10,0
33,41,0
12,7,0
32,47,0
27,9,0
8,12,0
24,38,0
35,42,0
17,46,0
8,27,0
14,21,0
9,14,0
21,37,0
14,4,0
23,39,0
25,36,0
37,7,0
17,45,0
40,19,0
33,13,0
17,41,0
39,39,0
35,10,0
28,23,0
7,18,0
15,15,0
23,14,0
20,30,0
20,12,0
8,19,0
22,25,0
35,31,0
4,33,0
37,32,0
28,35,0
4,29,0
39,27,0
29,42,0
27,29,0
6,21,0
14,31,0
30,43,0
9,28,0
29,17,0
38,28,0
38,31,0
13,36,0
31,49,0
33,13,0
24,18,0
17,23,0
22,48,0
39,7,0
6,18,0
30,16,0
11,14,0
37,23,0
35,29,0
33,10,0
29,1,0
11,29,0
40,26,0
37,6,0
22,25,0
9,28,0
43,37,0
22,37,0
9,20,0
4,26,0
14,44,0
25,39,0
42,13,0
36,3,0
23,26,0
34,5,0
8,41,0
31,27,0
18,26,0
21,12,0
26,28,0
11,32,0
3,28,0
36,11,0
17,2,0
46,22,0
32,38,0
25,25,0
45,23,0
3,30,0
17,13,0
45,26,0
32,18,0
24,37,0
10,14,0
19,43,0
29,10,0
35,10,0
32,46,0
37,12,0
2,29,0
16,7,0
35,45,0
44,18,0
21,40,0
6,24,0
6,28,0
7,17,0
18,31,0
35,27,0
26,35,0
29,33,0
41,34,0
28,19,0
41,16,0
8,12,0
30,4,0
39,11,0
42,42,0
40,20,0
20,23,0
41,22,0
39,19,0
38,7,0
17,43,0
4,29,0
48,24,0
48,26,0
2,24,0
30,15,0
45,28,0
2,27,0
28,1,0
36,5,0
12,7,0
27,4,0
42,42,0
40,10,0
19,22,0
37,34,0
6,31,0
14,3,0
32,7,0
38,27,0
16,21,0
26,22,0
20,1,0
40,28,0
42,14,0
6,15,0
34,3,0
40,17,0
32,17,0
20,4,0
17,18,0
35,10,0
35,3,0
48,31,0
12,36,0
34,9,0
19,30,0
9,28,0
8,19,0
6,12,0
12,42,0
20,32,0
19,47,0
44,22,0
18,44,0
3,32,0
24,36,0
14,44,0
37,42,0
15,3,0
15,13,0
36,41,0
5,13,0
24,40,0
9,24,0
18,16,0
21,40,0
39,18,0
19,6,0
22,21,0
43,14,0
48,25,0
39,13,0
23,29,0
14,31,0
14,34,0
21,20,0
22,22,0
21,18,0
23,29,0
42,8,0
38,21,0
44,40,0
46,31,0
20,34,0
28,15,0
4,27,0
15,16,0
25,45,0
20,40,0
34,18,0
22,1,0
35,15,0
25,4,0
21,15,0
8,27,0
22,34,0
42,16,0
33,43,0
31,40,0
13,32,0
48,33,0
32,45,0
25,47,0
4,25,0
41,11,0
45,20,0
37,21,0
28,45,0
41,34,0
49,27,0
6,24,0
43,34,0
41,18,0
17,25,0
28,10,0
176,9,1
208,8,1
176,23,1
173,28,1
175,11,1
183,35,1
218,34,1
214,12,1
186,9,1
209,16,1
200,3,1
214,30,1
215,10,1
197,14,1
174,27,1
187,30,1
188,37,1
213,24,1
192,3,1
177,15,1
201,42,1
212,11,1
213,40,1
211,9,1
178,14,1
185,17,1
193,39,1
212,33,1
189,42,1
196,2,1
193,23,1
179,9,1
172,21,1
199,48,1
214,39,1
179,42,1
174,16,1
204,43,1
201,20,1
207,34,1
191,49,1
193,19,1
216,23,1
209,15,1
198,38,1
204,35,1
208,4,1
184,36,1
214,35,1
216,32,1
219,18,1
198,32,1
184,45,1
194,49,1
185,44,1
209,9,1
207,6,1
200,8,1
218,23,1
204,4,1
191,39,1
200,10,1
198,45,1
184,24,1
202,39,1
189,14,1
202,6,1
190,4,1
204,43,1
172,24,1
173,21,1
216,31,1
207,27,1
175,17,1
206,41,1
172,16,1
193,12,1
191,23,1
198,47,1
213,26,1
176,34,1
181,27,1
188,16,1
182,7,1
197,13,1
198,3,1
193,14,1
177,19,1
189,2,1
182,28,1
205,3,1
199,13,1
181,10,1
176,26,1
194,47,1
173,19,1
217,23,1
211,9,1
207,39,1
188,49,1
194,34,1
210,43,1
190,15,1
197,32,1
203,12,1
183,11,1
199,47,1
214,19,1
208,14,1
187,38,1
198,33,1
197,39,1
191,10,1
180,16,1
212,37,1
184,43,1
199,25,1
215,19,1
200,37,1
177,24,1
199,37,1
208,38,1
192,41,1
212,10,1
183,24,1
216,31,1
208,8,1
182,8,1
211,6,1
195,42,1
201,40,1
203,37,1
185,38,1
184,17,1
176,33,1
203,39,1
200,22,1
186,19,1
197,20,1
172,16,1
176,20,1
204,45,1
196,31,1
171,28,1
184,32,1
180,10,1
197,37,1
200,9,1
188,15,1
177,18,1
210,45,1
187,42,1
193,43,1
196,4,1
195,19,1
193,24,1
195,8,1
184,37,1
180,44,1
203,20,1
207,18,1
186,26,1
212,13,1
196,40,1
193,33,1
189,40,1
189,36,1
199,47,1
177,10,1
209,11,1
191,23,1
195,8,1
180,18,1
199,4,1
188,38,1
183,8,1
178,31,1
187,11,1
211,31,1
193,29,1
180,7,1
204,47,1
212,35,1
203,31,1
196,35,1
176,37,1
209,7,1
197,20,1
203,42,1
205,3,1
195,31,1
178,43,1
178,12,1
217,36,1
202,47,1
188,36,1
176,15,1
174,33,1
181,22,1
178,31,1
213,22,1
189,15,1
204,20,1
173,16,1
192,12,1
208,8,1
191,30,1
184,47,1
210,38,1
203,15,1
189,14,1
205,23,1
189,20,1
198,27,1
176,24,1
201,29,1
175,21,1
206,17,1
188,25,1
177,8,1
186,34,1
198,9,1
205,5,1
212,9,1
186,28,1
186,39,1
200,2,1
207,19,1
182,31,1
176,38,1
197,39,1
211,24,1
200,16,1
214,24,1
216,33,1
210,5,1
217,32,1
181,28,1
205,11,1
200,27,1
182,26,1
178,37,1
177,17,1
185,38,1
203,40,1
183,29,1
205,14,1
182,34,1
179,42,1
187,48,1
213,8,1
187,24,1
205,19,1
206,32,1
177,23,1
180,33,1
193,44,1
173,28,1
200,18,1
211,32,1
203,29,1
184,19,1
179,15,1
207,24,1
213,9,1
204,10,1
178,29,1
213,36,1
176,41,1
213,33,1
188,13,1
188,24,1
202,26,1
198,17,1
212,12,1
198,40,1
172,18,1
216,38,1
190,26,1
188,39,1
198,9,1
202,48,1
183,8,1
207,28,1
206,25,1
184,10,1
182,39,1
210,18,1
192,18,1
190,44,1
182,35,1
207,24,1
177,25,1
210,14,1
180,12,1
202,46,1
195,0,1
206,8,1
192,38,1
209,9,1
182,46,1
187,2,1
206,8,1
203,27,1
201,33,1
213,36,1
196,40,1
201,44,1
180,44,1
180,22,1
174,22,1
191,31,1
193,5,1
202,15,1
192,4,1
210,16,1
177,14,1
184,36,1
200,19,1
201,32,1
198,40,1
217,24,1
211,30,1
179,23,1
190,7,1
177,14,1
191,24,1
209,10,1
184,40,1
179,13,1
191,42,1
193,32,1
189,12,1
208,22,1
193,20,1
199,47,1
205,9,1
212,16,1
200,2,1
200,37,1
193,22,1
207,44,1
186,41,1
181,17,1
187,26,1
192,13,1
190,36,1
185,22,1
180,29,1
207,19,1
184,14,1
209,44,1
187,19,1
194,23,1
204,20,1
174,19,1
181,13,1
196,8,1
182,42,1
176,12,1
212,36,1
198,11,1
179,33,1
199,25,1
192,22,1
175,19,1
202,2,1
181,10,1
206,3,1
205,19,1
202,44,1
177,36,1
198,31,1
187,13,1
201,14,1
186,45,1
202,7,1
179,25,1
191,43,1
186,43,1
204,8,1
190,37,1
190,16,1
180,38,1
195,33,1
184,33,1
201,19,1
202,25,1
175,32,1
195,27,1
202,10,1
206,39,1
209,32,1
174,29,1
197,39,1
181,43,1
204,6,1
204,25,1
200,49,1
203,26,1
211,29,1
186,4,1
195,15,1
195,27,1
193,19,1
194,35,1
189,3,1
177,38,1
185,11,1
212,22,1
188,15,1
200,9,1
183,11,1
180,35,1
206,11,1
213,39,1
209,13,1
198,44,1
190,28,1
207,40,1
212,43,1
202,20,1
194,36,1
199,23,1
210,19,1
189,10,1
196,30,1
203,25,1
187,17,1
204,15,1
199,10,1
178,20,1
173,27,1
178,36,1
176,22,1
206,35,1
190,33,1
184,39,1
178,27,1
191,9,1
202,26,1
201,31,1
203,40,1
174,38,1
210,10,1
181,31,1
193,12,1
215,28,1
210,35,1
175,12,1
212,9,1
197,42,1
206,19,1
193,22,1
213,20,1
187,11,1
212,18,1
219,30,1
187,16,1
208,32,1
206,5,1
177,11,1
181,25,1
204,19,1
204,23,1
203,21,1
213,42,1
180,29,1
195,1,1
214,35,1
194,43,1
195,24,1
206,17,1
189,45,1
184,21,1
202,40,1
175,35,1
175,19,1
178,43,1
205,37,1
210,32,1
202,24,1
174,31,1
195,43,1
209,8,1
203,25,1
171,23,1
193,6,1
176,28,1
219,21,1
180,32,1
183,19,1
185,41,1
211,19,1
215,16,1
212,7,1
176,21,1
206,40,1
199,7,1
203,45,1
182,27,1
186,2,1
212,42,1
175,15,1
215,35,1
179,18,1
177,23,1
205,19,1
211,30,1
193,25,1
209,41,1
204,11,1
193,15,1
213,18,1
207,12,1
205,9,1
206,8,1
196,2,1
201,1,1
207,4,1
203,21,1
197,9,1
178,22,1
209,9,1
184,18,1
177,36,1
184,13,1
175,33,1
211,20,1
207,11,1
188,45,1
215,39,1
178,16,1
202,5,1
199,41,1
177,16,1
219,27,1
187,32,1
192,29,1
193,43,1
201,36,1
172,32,1
187,19,1
193,18,1
181,37,1
188,30,1
204,48,1
195,23,1
198,36,1
203,25,1
204,26,1
208,46,1
174,19,1
191,12,1
195,5,1
213,19,1
209,42,1
211,23,1
188,27,1
209,21,1
193,31,1
207,45,1
214,41,1
193,47,1
203,12,1
215,12,1
188,47,1
209,6,1
175,22,1
195,17,1
184,39,1
175,37,1
190,44,1
210,29,1
203,15,1
196,25,1
197,7,1
203,7,1
180,13,1
175,27,1
209,44,1
183,18,1
194,34,1
182,26,1
198,33,1
201,26,1
214,29,1
199,10,1
196,30,1
195,27,1
181,27,1
200,38,1
193,15,1
201,23,1
183,46,1
198,9,1
176,31,1
197,47,1
209,17,1
178,23,1
209,43,1
210,40,1
204,42,1
206,40,1
191,32,1
190,30,1
200,48,1
190,44,1
188,46,1
204,14,1
179,34,1
189,31,1
174,12,1
198,15,1
209,15,1
205,38,1
210,22,1
183,16,1
206,40,1
187,13,1
180,17,1
203,4,1
180,35,1
193,37,1
195,30,1
199,29,1
189,46,1
202,5,1
217,15,1
192,45,1
202,15,1
198,11,1
199,22,1
180,26,1
203,20,1
202,36,1
211,26,1
204,10,1
184,14,1
202,3,1
182,11,1
203,38,1
191,25,1
192,6,1
184,25,1
182,20,1
211,10,1
184,40,1
215,14,1
217,28,1
203,25,1
173,24,1
192,22,1
209,40,1
183,29,1
206,17,1
198,46,1
204,21,1
202,30,1
206,46,1
200,16,1
180,24,1
178,27,1
189,25,1
184,27,1
197,11,1
205,43,1
216,30,1
207,6,1
192,45,1
207,37,1
209,25,1
196,4,1
192,34,1
216,15,1
202,48,1
186,18,1
204,15,1
209,17,1
207,41,1
214,30,1
211,22,1
191,4,1
200,21,1
179,8,1
201,24,1
195,19,1
191,32,1
201,33,1
180,36,1
176,26,1
183,46,1
193,2,1
198,32,1
211,26,1
181,11,1
195,22,1
183,45,1
204,40,1
186,31,1
215,12,1
215,15,1
211,26,1
187,6,1
185,26,1
191,33,1
203,45,1
192,5,1
190,31,1
185,27,1
217,28,1
187,12,1
217,21,1
213,32,1
201,42,1
214,23,1
215,28,1
189,40,1
206,23,1
178,30,1
181,27,1
176,19,1
182,36,1
186,29,1
204,22,1
205,36,1
196,38,1
196,33,1
201,23,1
216,12,1
211,8,1
181,31,1
205,4,1
195,29,1
206,39,1
196,9,1
216,12,1
184,47,1
218,30,1
197,33,1
206,22,1
215,39,1
214,21,1
186,27,1
214,20,1
175,22,1
209,28,1
184,33,1
203,29,1
176,36,1
