29,7,0
24,5,0
25,0,0
12,31,0
22,10,0
43,12,0
40,25,0
28,32,0
36,10,0
10,34,0
46,34,0
38,17,0
28,12,0
31,49,0
39,30,0
41,38,0
36,14,0
30,32,0
19,8,0
22,25,0
5,11,0
35,26,0
40,15,0
36,46,0
19,26,0
11,13,0
27,14,0
25,31,0
29,23,0
31,31,0
3,17,0
44,31,0
31,23,0
42,29,0
28,27,0
21,23,0
22,9,0
20,24,0
12,7,0
25,27,0
24,48,0
44,26,0
6,22,0
24,1,0
20,15,0
19,6,0
2,21,0
45,23,0
18,29,0
1,30,0
39,9,0
17,20,0
9,23,0
25,8,0
26,37,0
28,9,0
36,4,0
11,45,0
24,20,0
8,16,0
17,45,0
36,16,0
14,12,0
20,23,0
45,34,0
30,39,0
18,30,0
32,13,0
46,37,0
7,23,0
9,37,0
27,47,0
30,1,0
27,47,0
26,19,0
29,8,0
11,8,0
19,24,0
4,26,0
14,16,0
35,46,0
11,44,0
35,36,0
36,22,0
19,27,0
19,15,0
25,6,0
45,39,0
36,26,0
12,24,0
42,17,0
14,45,0
4,18,0
16,41,0
17,41,0
11,35,0
16,6,0
48,31,0
31,15,0
26,14,0
44,17,0
8,14,0
30,2,0
44,24,0
30,48,0
29,40,0
44,25,0
39,33,0
40,6,0
20,32,0
9,30,0
36,29,0
23,13,0
11,36,0
22,7,0
32,28,0
44,25,0
11,5,0
20,48,0
17,12,0
32,36,0
19,30,0
33,20,0
31,3,0
17,4,0
1,32,0
6,36,0
40,7,0
6,23,0
29,25,0
15,41,0
25,19,0
23,43,0
12,19,0
12,30,0
35,23,0
6,31,0
38,10,0
30,2,0
22,48,0
22,13,0
33,15,0
18,11,0
22,38,0
25,24,0
27,17,0
11,31,0
39,36,0
7,38,0
26,15,0
4,30,0
23,16,0
25,43,0
17,36,0
41,26,0
5,35,0
35,30,0
44,40,0
32,14,0
22,39,0
12,27,0
17,41,0
34,13,0
19,19,0
40,23,0
15,20,0
38,46,0
15,25,0
20,4,0
17,22,0
23,48,0
24,11,0
27,26,0
43,11,0
25,23,0
3,27,0
29,23,0
32,7,0
41,38,0
14,46,0
39,10,0
9,43,0
30,49,0
27,14,0
20,32,0
30,30,0
26,1,0
33,36,0
11,32,0
37,44,0
7,18,0
5,10,0
26,3,0
27,36,0
34,41,0
16,37,0
22,29,0
18,21,0
43,38,0
22,8,0
6,36,0
32,20,0
4,38,0
34,13,0
40,10,0
17,37,0
30,34,0
36,38,0
40,26,0
23,21,0
2,24,0
18,21,0
25,15,0
28,31,0
43,41,0
28,29,0
43,10,0
33,12,0
36,43,0
18,9,0
35,22,0
18,49,0
21,39,0
27,29,0
22,26,0
7,29,0
13,15,0
17,9,0
6,27,0
29,40,0
9,6,0
43,12,0
38,17,0
38,40,0
44,30,0
33,26,0
34,16,0
42,11,0
33,23,0
38,6,0
20,19,0
24,49,0
25,47,0
25,3,0
31,33,0
45,17,0
31,10,0
10,38,0
38,18,0
19,8,0
185,18,1
198,18,1
179,36,1
211,25,1
203,37,1
178,31,1
174,29,1
210,38,1
209,20,1
176,38,1
195,27,1
208,13,1
203,19,1
213,39,1
200,9,1
177,22,1
197,10,1
207,23,1
212,42,1
184,25,1
195,18,1
189,37,1
215,12,1
213,21,1
207,43,1
192,3,1
193,18,1
186,27,1
189,13,1
189,45,1
210,33,1
191,38,1
183,15,1
209,45,1
184,5,1
176,29,1
218,16,1
201,48,1
204,42,1
207,6,1
182,44,1
215,25,1
198,25,1
204,25,1
207,31,1
194,32,1
196,26,1
206,22,1
209,44,1
186,9,1
180,22,1
175,28,1
212,13,1
217,28,1
199,39,1
193,40,1
205,39,1
194,27,1
200,9,1
187,20,1
208,27,1
202,5,1
193,33,1
211,17,1
196,41,1
183,16,1
205,41,1
209,40,1
207,19,1
206,36,1
197,4,1
194,21,1
213,35,1
204,47,1
213,23,1
197,12,1
218,26,1
182,16,1
183,34,1
191,1,1
202,30,1
203,3,1
196,36,1
183,25,1
206,4,1
207,34,1
207,46,1
186,8,1
202,31,1
180,37,1
180,35,1
189,4,1
202,38,1
205,43,1
214,25,1
203,11,1
211,19,1
192,45,1
209,8,1
209,35,1
175,13,1
184,5,1
179,38,1
186,45,1
185,46,1
202,19,1
196,5,1
201,30,1
211,26,1
206,6,1
206,20,1
193,27,1
214,15,1
190,16,1
184,8,1
194,10,1
200,29,1
204,4,1
188,41,1
190,34,1
174,25,1
207,6,1
201,37,1
220,25,1
190,34,1
198,24,1
191,31,1
203,40,1
186,9,1
213,37,1
218,29,1
203,44,1
175,12,1
194,27,1
186,30,1
191,2,1
194,2,1
182,22,1
194,38,1
193,43,1
197,49,1
201,3,1
174,32,1
205,42,1
200,12,1
200,43,1
193,28,1
214,35,1
187,18,1
197,39,1
179,9,1
206,7,1
180,6,1
175,16,1
197,27,1
178,42,1
170,25,1
209,12,1
175,16,1
205,41,1
191,25,1
175,33,1
201,26,1
212,25,1
174,19,1
175,12,1
188,35,1
179,38,1
185,23,1
172,34,1
202,8,1
200,22,1
191,30,1
182,31,1
203,39,1
183,36,1
193,9,1
208,44,1
204,17,1
187,44,1
204,32,1
190,13,1
202,43,1
210,43,1
209,28,1
204,7,1
210,29,1
202,41,1
184,25,1
190,1,1
202,28,1
214,32,1
212,22,1
199,38,1
200,4,1
207,20,1
215,21,1
192,20,1
206,40,1
209,28,1
192,36,1
216,30,1
202,27,1
209,42,1
212,38,1
194,33,1
211,33,1
193,7,1
184,25,1
216,34,1
211,18,1
184,22,1
189,34,1
218,24,1
183,11,1
216,17,1
194,36,1
192,15,1
201,47,1
179,11,1
208,41,1
194,17,1
178,27,1
193,13,1
185,35,1
217,21,1
205,41,1
200,19,1
209,35,1
184,10,1
207,34,1
173,27,1
199,47,1
215,36,1
178,26,1
203,42,1
207,45,1
196,27,1
214,31,1
212,10,1
208,25,1
215,35,1
207,38,1
178,24,1
206,34,1
184,32,1
199,35,1
192,3,1
197,19,1
186,15,1
200,45,1
181,28,1
183,35,1
217,16,1
183,29,1
179,17,1
177,33,1
211,18,1
190,17,1
212,10,1
189,38,1
195,8,1
182,36,1
178,14,1
172,32,1
192,37,1
205,36,1
214,28,1
192,4,1
196,31,1
194,17,1
180,11,1
214,32,1
182,45,1
191,49,1
197,27,1
186,30,1
197,13,1
183,9,1
173,22,1
218,30,1
198,3,1
198,38,1
178,21,1
203,44,1
180,7,1
209,33,1
203,24,1
182,14,1
189,27,1
185,8,1
184,7,1
176,24,1
174,31,1
199,5,1
205,38,1
199,48,1
175,37,1
196,37,1
187,45,1
179,44,1
179,44,1
198,44,1
186,28,1
197,22,1
175,38,1
192,11,1
198,43,1
175,20,1
193,42,1
194,33,1
187,6,1
200,11,1
200,42,1
208,31,1
209,45,1
204,5,1
178,14,1
194,31,1
188,30,1
183,20,1
212,12,1
191,38,1
180,28,1
173,22,1
203,8,1
196,5,1
213,37,1
197,45,1
177,18,1
191,21,1
176,22,1
202,14,1
185,39,1
199,18,1
203,26,1
207,43,1
207,21,1
197,8,1
193,28,1
177,36,1
210,10,1
185,43,1
212,23,1
191,11,1
187,30,1
194,18,1
204,34,1
182,9,1
212,12,1
191,39,1
180,13,1
210,20,1
199,6,1
198,26,1
186,46,1
196,39,1
188,27,1
194,28,1
192,28,1
187,38,1
188,28,1
175,34,1
185,31,1
180,45,1
187,35,1
201,11,1
187,33,1
199,28,1
200,28,1
214,40,1
212,14,1
191,32,1
186,42,1
180,37,1
192,8,1
217,33,1
201,37,1
194,37,1
205,30,1
178,32,1
200,30,1
203,18,1
203,29,1
172,29,1
218,33,1
185,38,1
174,29,1
185,27,1
208,35,1
202,43,1
200,43,1
199,3,1
193,11,1
183,22,1
173,23,1
178,9,1
207,16,1
194,37,1
208,25,1
204,17,1
207,40,1
204,34,1
200,4,1
190,27,1
200,49,1
184,10,1
199,39,1
210,26,1
183,45,1
213,26,1
208,45,1
187,45,1
205,43,1
188,20,1
204,40,1
185,22,1
196,29,1
190,41,1
181,32,1
206,8,1
210,6,1
215,12,1
198,14,1
177,23,1
205,40,1
203,14,1
176,11,1
193,46,1
202,36,1
183,30,1
194,7,1
193,16,1
194,12,1
174,35,1
215,20,1
183,10,1
173,21,1
178,21,1
211,8,1
201,21,1
211,26,1
185,47,1
190,22,1
181,25,1
189,8,1
218,24,1
182,15,1
199,20,1
215,39,1
185,41,1
195,17,1
175,16,1
210,5,1
189,40,1
211,10,1
215,20,1
194,49,1
180,45,1
213,28,1
202,4,1
202,2,1
194,12,1
195,25,1
217,20,1
191,9,1
201,42,1
194,34,1
194,6,1
186,8,1
214,22,1
219,27,1
182,25,1
181,35,1
203,42,1
183,29,1
190,38,1
176,31,1
193,4,1
214,15,1
205,31,1
213,28,1
216,18,1
198,21,1
203,39,1
203,4,1
196,28,1
182,25,1
209,12,1
205,27,1
172,29,1
202,6,1
213,19,1
209,24,1
203,37,1
190,33,1
214,31,1
183,29,1
214,16,1
182,15,1
201,32,1
198,42,1
194,40,1
210,22,1
179,28,1
204,39,1
186,28,1
217,29,1
212,33,1
203,36,1
209,14,1
192,34,1
211,44,1
202,9,1
183,9,1
206,30,1
178,29,1
201,19,1
188,40,1
189,32,1
192,48,1
189,23,1
210,36,1
183,45,1
214,38,1
182,25,1
181,8,1
190,49,1
207,37,1
184,39,1
214,27,1
200,32,1
192,47,1
212,13,1
191,47,1
176,16,1
185,10,1
181,27,1
180,30,1
214,14,1
201,44,1
193,43,1
189,37,1
216,19,1
191,39,1
209,22,1
198,44,1
192,48,1
188,29,1
190,48,1
173,25,1
181,27,1
215,13,1
191,11,1
199,47,1
193,16,1
198,10,1
207,41,1
205,3,1
217,16,1
180,15,1
192,32,1
191,49,1
217,18,1
184,25,1
183,35,1
212,40,1
214,17,1
184,19,1
192,2,1
180,7,1
211,16,1
184,29,1
179,18,1
209,28,1
219,20,1
219,30,1
207,7,1
216,19,1
182,26,1
174,16,1
178,22,1
212,40,1
183,9,1
201,21,1
186,30,1
196,31,1
171,26,1
176,10,1
210,45,1
206,7,1
198,29,1
219,24,1
197,28,1
206,14,1
190,14,1
191,32,1
211,43,1
172,19,1
188,15,1
194,4,1
188,33,1
210,40,1
182,15,1
207,12,1
200,45,1
180,34,1
173,16,1
172,27,1
203,4,1
188,19,1
180,11,1
217,25,1
179,44,1
192,28,1
201,12,1
184,21,1
180,35,1
192,40,1
179,26,1
181,36,1
212,42,1
217,14,1
182,35,1
179,43,1
180,23,1
189,37,1
183,5,1
211,21,1
186,19,1
181,38,1
200,17,1
199,10,1
187,39,1
176,31,1
210,31,1
199,49,1
218,32,1
206,17,1
195,33,1
190,30,1
205,23,1
217,35,1
207,14,1
196,35,1
211,20,1
212,19,1
216,20,1
216,15,1
184,42,1
195,15,1
205,11,1
174,35,1
200,28,1
181,35,1
183,28,1
193,5,1
203,8,1
188,35,1
195,25,1
183,20,1
204,22,1
211,39,1
205,45,1
212,39,1
173,26,1
198,22,1
182,44,1
194,30,1
185,11,1
213,31,1
182,21,1
183,19,1
190,10,1
215,20,1
202,35,1
189,9,1
193,44,1
184,6,1
201,31,1
214,17,1
213,16,1
199,31,1
180,31,1
215,11,1
202,48,1
210,43,1
188,15,1
203,32,1
204,35,1
215,10,1
205,25,1
201,40,1
194,49,1
218,32,1
173,24,1
179,25,1
206,33,1
174,23,1
186,27,1
199,36,1
205,47,1
183,38,1
208,19,1
215,21,1
185,29,1
208,13,1
210,23,1
201,49,1
177,20,1
210,45,1
202,19,1
185,3,1
185,17,1
176,37,1
214,28,1
211,43,1
195,9,1
208,7,1
201,22,1
194,35,1
207,34,1
181,44,1
196,49,1
186,6,1
204,37,1
182,34,1
179,35,1
200,40,1
187,16,1
172,26,1
201,37,1
197,23,1
201,30,1
206,26,1
198,18,1
186,17,1
201,33,1
214,23,1
183,7,1
219,23,1
175,21,1
208,9,1
202,27,1
193,38,1
204,46,1
206,28,1
194,15,1
216,18,1
215,39,1
