17,2,0
16,23,0
30,11,0
19,37,0
29,41,0
15,43,0
35,11,0
33,28,0
16,14,0
41,31,0
29,42,0
41,31,0
10,30,0
3,16,0
30,13,0
27,38,0
36,5,0
31,32,0
41,44,0
33,4,0
20,36,0
23,25,0
17,17,0
2,23,0
23,29,0
40,39,0
27,21,0
21,34,0
27,48,0
18,8,0
44,10,0
29,14,0
8,26,0
23,12,0
28,39,0
24,12,0
14,43,0
23,28,0
6,24,0
7,22,0
14,5,0
7,36,0
19,6,0
32,28,0
4,13,0
32,38,0
35,7,0
20,39,0
15,47,0
33,47,0
21,19,0
7,35,0
29,22,0
38,40,0
35,27,0
3,21,0
8,42,0
32,12,0
35,32,0
20,42,0
34,26,0
8,43,0
12,14,0
43,17,0
38,21,0
28,40,0
38,37,0
31,32,0
43,40,0
25,14,0
46,33,0
25,29,0
18,10,0
25,0,0
45,23,0
24,25,0
16,37,0
13,16,0
13,46,0
39,33,0
18,11,0
46,24,0
22,26,0
24,11,0
18,22,0
18,14,0
34,22,0
2,16,0
12,21,0
5,21,0
26,43,0
43,33,0
12,38,0
6,20,0
42,10,0
42,25,0
16,16,0
26,31,0
34,45,0
8,36,0
30,22,0
40,7,0
36,3,0
46,18,0
12,32,0
17,47,0
1,21,0
29,32,0
7,18,0
23,28,0
25,13,0
17,23,0
37,17,0
43,12,0
48,17,0
23,20,0
16,7,0
42,34,0
18,2,0
46,37,0
12,40,0
7,11,0
20,37,0
18,28,0
33,14,0
15,34,0
18,32,0
33,39,0
19,1,0
22,37,0
26,38,0
28,11,0
12,25,0
2,28,0
26,37,0
4,23,0
23,48,0
18,4,0
10,41,0
18,13,0
24,3,0
26,44,0
41,26,0
17,39,0
28,36,0
28,47,0
36,6,0
13,27,0
3,25,0
44,36,0
25,40,0
1,18,0
31,15,0
15,6,0
16,44,0
5,21,0
9,32,0
48,27,0
10,17,0
44,23,0
27,5,0
36,41,0
38,34,0
29,43,0
8,9,0
5,18,0
9,18,0
36,27,0
43,34,0
34,42,0
34,4,0
34,30,0
20,43,0
5,36,0
12,16,0
39,17,0
7,32,0
3,33,0
29,26,0
31,13,0
13,32,0
46,13,0
33,36,0
38,13,0
4,23,0
40,6,0
34,39,0
10,29,0
28,29,0
31,43,0
20,15,0
18,1,0
35,3,0
33,10,0
44,34,0
21,8,0
26,22,0
19,17,0
48,22,0
7,39,0
44,29,0
39,14,0
17,43,0
33,30,0
24,16,0
27,35,0
26,49,0
15,25,0
44,18,0
35,33,0
23,24,0
12,24,0
34,18,0
14,19,0
48,31,0
25,23,0
17,27,0
22,23,0
18,34,0
28,12,0
1,29,0
23,30,0
7,38,0
25,45,0
16,12,0
25,10,0
14,37,0
28,9,0
21,47,0
34,46,0
39,8,0
20,27,0
12,13,0
24,11,0
30,37,0
17,7,0
26,26,0
14,32,0
21,38,0
4,25,0
22,35,0
16,19,0
33,34,0
32,40,0
41,44,0
49,28,0
20,43,0
21,44,0
44,17,0
23,37,0
169,38,1
175,31,1
203,34,1
202,15,1
172,39,1
186,43,1
177,21,1
192,44,1
204,25,1
204,11,1
188,49,1
181,40,1
169,17,1
182,33,1
198,25,1
204,29,1
183,11,1
201,27,1
177,33,1
206,13,1
166,25,1
199,31,1
179,14,1
181,32,1
175,39,1
184,33,1
188,48,1
173,18,1
180,15,1
182,40,1
191,49,1
203,14,1
197,15,1
198,5,1
183,8,1
205,30,1
189,16,1
178,12,1
175,31,1
186,33,1
199,19,1
193,19,1
202,11,1
193,2,1
171,30,1
185,44,1
174,42,1
202,21,1
166,27,1
194,11,1
192,34,1
176,38,1
200,14,1
183,23,1
195,42,1
197,45,1
173,22,1
165,28,1
204,26,1
167,19,1
162,24,1
173,27,1
183,44,1
173,39,1
170,9,1
201,23,1
193,17,1
190,42,1
174,11,1
170,7,1
188,28,1
166,26,1
170,21,1
181,4,1
197,4,1
174,29,1
176,36,1
167,39,1
178,8,1
172,18,1
176,41,1
196,12,1
175,18,1
197,14,1
194,35,1
165,39,1
194,4,1
170,36,1
184,19,1
172,37,1
196,44,1
204,29,1
199,8,1
168,34,1
191,11,1
204,36,1
170,5,1
197,23,1
172,25,1
196,5,1
200,12,1
185,27,1
196,10,1
167,18,1
201,14,1
204,23,1
188,16,1
176,26,1
192,46,1
174,13,1
198,42,1
171,21,1
174,7,1
200,36,1
196,45,1
176,38,1
171,10,1
193,16,1
177,41,1
195,27,1
176,24,1
204,23,1
176,43,1
165,18,1
188,35,1
179,22,1
164,32,1
182,10,1
187,16,1
173,45,1
182,28,1
202,9,1
179,12,1
178,36,1
185,9,1
172,38,1
184,34,1
168,20,1
167,12,1
182,9,1
181,33,1
164,15,1
173,13,1
176,9,1
193,48,1
198,6,1
206,16,1
189,33,1
175,12,1
183,5,1
198,30,1
184,44,1
177,20,1
169,32,1
179,42,1
182,33,1
190,45,1
174,35,1
186,33,1
205,20,1
193,9,1
196,3,1
192,27,1
208,26,1
163,36,1
191,19,1
169,29,1
177,3,1
183,19,1
174,3,1
198,9,1
185,31,1
182,26,1
171,23,1
199,16,1
181,10,1
202,43,1
172,12,1
186,15,1
199,35,1
170,42,1
184,20,1
200,6,1
207,23,1
169,21,1
199,26,1
192,37,1
184,21,1
167,30,1
209,18,1
190,9,1
198,44,1
177,30,1
168,33,1
205,24,1
195,26,1
188,21,1
193,37,1
185,49,1
197,5,1
167,11,1
173,42,1
169,14,1
183,25,1
177,36,1
188,3,1
202,14,1
181,22,1
180,30,1
165,29,1
172,37,1
169,38,1
162,28,1
167,34,1
183,18,1
168,28,1
201,9,1
194,44,1
189,7,1
189,11,1
197,13,1
191,35,1
203,11,1
200,31,1
175,40,1
192,47,1
181,8,1
199,26,1
191,38,1
172,26,1
168,24,1
161,31,1
196,22,1
174,44,1
179,3,1
189,34,1
182,48,1
205,27,1
200,18,1
189,13,1
184,9,1
170,30,1
200,15,1
172,10,1
193,47,1
187,2,1
164,15,1
204,32,1
207,15,1
203,36,1
182,46,1
162,33,1
197,24,1
177,6,1
162,23,1
163,32,1
193,16,1
178,37,1
187,22,1
198,41,1
203,15,1
165,19,1
183,24,1
201,34,1
195,30,1
199,24,1
180,3,1
172,16,1
181,30,1
169,19,1
193,46,1
166,35,1
195,18,1
173,17,1
171,24,1
165,18,1
183,26,1
193,46,1
196,7,1
207,36,1
180,45,1
179,34,1
161,20,1
190,38,1
196,44,1
199,15,1
185,21,1
187,24,1
205,23,1
198,20,1
172,43,1
192,1,1
173,43,1
178,4,1
202,40,1
171,36,1
168,27,1
182,19,1
183,1,1
200,30,1
200,18,1
173,13,1
172,9,1
169,12,1
178,11,1
171,36,1
176,10,1
161,21,1
163,22,1
178,27,1
171,18,1
195,12,1
202,7,1
201,42,1
209,30,1
178,33,1
173,5,1
198,10,1
203,14,1
192,19,1
196,35,1
163,36,1
192,38,1
182,31,1
192,13,1
206,33,1
185,25,1
180,22,1
177,45,1
167,27,1
200,41,1
164,26,1
166,24,1
198,37,1
177,8,1
185,24,1
188,35,1
193,21,1
205,38,1
205,29,1
187,28,1
204,22,1
176,23,1
201,16,1
171,28,1
165,30,1
193,12,1
165,22,1
185,46,1
198,28,1
191,5,1
168,40,1
203,8,1
173,39,1
196,37,1
192,45,1
201,28,1
166,19,1
172,24,1
164,24,1
196,27,1
185,25,1
208,23,1
185,19,1
207,14,1
166,10,1
180,24,1
172,16,1
178,24,1
165,28,1
169,11,1
173,27,1
180,21,1
194,48,1
164,12,1
205,36,1
187,32,1
199,34,1
186,1,1
200,38,1
198,20,1
177,7,1
171,21,1
181,17,1
170,5,1
207,20,1
179,20,1
175,22,1
166,29,1
202,20,1
186,43,1
176,5,1
173,41,1
192,26,1
179,25,1
198,18,1
203,28,1
165,25,1
206,17,1
169,14,1
189,34,1
181,42,1
180,42,1
175,30,1
195,21,1
193,35,1
186,40,1
190,49,1
184,15,1
186,29,1
163,18,1
201,17,1
207,23,1
197,19,1
198,13,1
166,23,1
169,8,1
193,23,1
171,9,1
178,27,1
199,39,1
183,26,1
206,33,1
184,15,1
164,15,1
197,41,1
160,25,1
185,32,1
209,27,1
180,46,1
170,17,1
182,19,1
192,38,1
203,32,1
185,17,1
186,41,1
165,39,1
182,21,1
200,40,1
191,28,1
172,24,1
185,8,1
183,48,1
202,39,1
175,21,1
192,20,1
181,33,1
179,24,1
191,29,1
197,44,1
168,21,1
191,33,1
181,18,1
181,28,1
165,15,1
192,40,1
196,31,1
176,29,1
177,30,1
187,22,1
170,10,1
184,21,1
176,19,1
186,33,1
188,34,1
173,22,1
186,29,1
173,6,1
198,15,1
174,36,1
196,25,1
192,29,1
200,8,1
192,7,1
190,43,1
193,46,1
169,26,1
204,12,1
177,16,1
173,31,1
197,14,1
201,34,1
169,39,1
188,5,1
190,18,1
181,29,1
182,37,1
189,34,1
165,32,1
166,11,1
161,24,1
189,5,1
198,18,1
170,30,1
181,24,1
165,34,1
187,21,1
194,12,1
161,27,1
188,41,1
209,22,1
186,48,1
167,28,1
178,9,1
186,26,1
203,34,1
185,10,1
179,1,1
186,28,1
172,27,1
170,41,1
185,13,1
167,42,1
201,31,1
176,48,1
192,13,1
177,13,1
167,16,1
185,43,1
194,21,1
200,42,1
184,24,1
173,42,1
170,26,1
200,5,1
191,2,1
192,42,1
177,7,1
168,30,1
196,44,1
172,34,1
208,21,1
184,43,1
172,16,1
193,44,1
197,10,1
168,22,1
176,25,1
177,12,1
198,11,1
165,16,1
189,9,1
177,24,1
196,24,1
195,29,1
176,20,1
177,22,1
191,4,1
169,10,1
175,40,1
186,16,1
198,24,1
186,46,1
192,33,1
178,14,1
189,25,1
208,26,1
195,10,1
185,15,1
178,45,1
180,17,1
193,13,1
203,28,1
165,32,1
170,32,1
179,46,1
170,37,1
169,33,1
186,4,1
173,4,1
173,31,1
181,5,1
208,31,1
197,29,1
196,13,1
198,21,1
194,40,1
175,37,1
186,38,1
206,26,1
187,28,1
173,23,1
209,19,1
176,2,1
172,43,1
191,41,1
173,41,1
167,23,1
176,47,1
174,29,1
165,12,1
164,22,1
199,16,1
202,42,1
179,25,1
168,10,1
185,39,1
204,27,1
166,36,1
205,14,1
205,24,1
174,27,1
168,21,1
179,28,1
167,11,1
176,23,1
185,25,1
206,17,1
197,14,1
196,22,1
171,36,1
201,28,1
189,10,1
206,18,1
173,16,1
194,19,1
174,4,1
201,26,1
205,23,1
206,12,1
171,10,1
194,8,1
187,14,1
171,21,1
203,20,1
178,7,1
177,16,1
192,48,1
205,20,1
168,41,1
202,10,1
188,15,1
196,47,1
173,28,1
199,37,1
185,37,1
205,23,1
171,21,1
177,45,1
179,18,1
187,35,1
171,30,1
193,28,1
183,25,1
169,20,1
162,32,1
162,27,1
196,27,1
172,9,1
184,23,1
180,34,1
165,35,1
173,9,1
192,38,1
178,39,1
198,23,1
209,21,1
203,25,1
170,10,1
198,23,1
176,35,1
193,21,1
186,49,1
202,20,1
203,14,1
191,9,1
176,20,1
194,4,1
204,32,1
170,16,1
161,21,1
193,4,1
182,33,1
166,41,1
182,12,1
170,40,1
170,42,1
194,45,1
202,31,1
173,24,1
183,22,1
178,28,1
194,6,1
169,39,1
176,13,1
184,12,1
183,13,1
189,31,1
206,24,1
201,23,1
180,40,1
177,16,1
205,39,1
179,16,1
183,38,1
192,1,1
169,15,1
204,32,1
205,32,1
198,38,1
193,13,1
201,17,1
192,15,1
190,27,1
187,45,1
163,18,1
183,46,1
167,8,1
191,28,1
175,20,1
169,23,1
170,43,1
179,15,1
182,18,1
167,29,1
166,38,1
193,31,1
192,37,1
205,17,1
176,39,1
202,24,1
193,8,1
197,30,1
198,44,1
200,38,1
168,21,1
161,32,1
189,31,1
182,35,1
192,36,1
181,34,1
200,24,1
203,25,1
160,25,1
180,46,1
182,2,1
166,25,1
171,24,1
183,49,1
192,2,1
169,41,1
196,3,1
194,4,1
196,28,1
183,23,1
173,7,1
173,45,1
187,5,1
164,18,1
194,24,1
