2,30,0
8,42,0
39,39,0
33,33,0
8,34,0
28,39,0
40,19,0
1,23,0
32,25,0
18,47,0
30,8,0
22,31,0
25,6,0
5,14,0
10,45,0
25,22,0
19,2,0
32,48,0
31,39,0
33,20,0
46,15,0
28,33,0
20,16,0
18,37,0
31,13,0
21,22,0
33,22,0
31,44,0
20,19,0
43,13,0
32,38,0
22,26,0
23,2,0
48,28,0
33,33,0
38,43,0
10,23,0
17,26,0
24,43,0
10,8,0
35,39,0
46,35,0
2,16,0
31,25,0
20,42,0
6,14,0
44,16,0
33,40,0
9,13,0
4,33,0
32,24,0
14,5,0
40,33,0
29,32,0
39,31,0
16,35,0
12,35,0
17,4,0
21,48,0
35,41,0
23,28,0
36,19,0
18,31,0
8,36,0
34,8,0
10,16,0
14,26,0
35,40,0
41,32,0
4,31,0
14,7,0
17,17,0
34,18,0
33,6,0
28,11,0
18,35,0
43,14,0
21,20,0
30,6,0
26,46,0
29,29,0
16,31,0
30,25,0
38,6,0
1,29,0
35,40,0
23,18,0
35,27,0
28,39,0
31,4,0
36,8,0
22,37,0
18,8,0
13,40,0
45,15,0
14,9,0
44,32,0
22,27,0
12,8,0
25,42,0
24,7,0
25,47,0
37,34,0
24,4,0
33,18,0
35,21,0
27,9,0
26,44,0
42,16,0
26,30,0
14,20,0
23,22,0
40,24,0
33,4,0
16,22,0
35,8,0
15,4,0
6,33,0
12,22,0
10,32,0
33,12,0
38,44,0
41,35,0
23,20,0
41,32,0
31,8,0
5,16,0
34,43,0
23,13,0
20,11,0
26,24,0
25,30,0
23,28,0
24,49,0
41,35,0
10,19,0
30,36,0
4,32,0
24,30,0
7,13,0
3,35,0
33,29,0
20,20,0
44,37,0
14,36,0
30,34,0
30,45,0
21,26,0
12,31,0
36,36,0
30,14,0
16,4,0
25,39,0
46,38,0
32,44,0
5,31,0
23,48,0
23,41,0
41,17,0
45,34,0
3,19,0
41,34,0
12,24,0
47,17,0
7,36,0
33,44,0
12,21,0
3,15,0
39,25,0
15,8,0
40,7,0
23,28,0
6,29,0
28,10,0
5,35,0
30,16,0
40,40,0
22,24,0
35,12,0
43,17,0
36,12,0
20,48,0
12,28,0
27,39,0
10,41,0
26,43,0
26,49,0
7,17,0
45,23,0
3,15,0
7,42,0
24,18,0
8,29,0
14,21,0
37,17,0
5,11,0
22,16,0
28,11,0
11,18,0
11,11,0
39,15,0
12,7,0
35,38,0
30,23,0
48,26,0
9,37,0
34,15,0
21,40,0
12,29,0
34,2,0
34,15,0
7,36,0
4,36,0
9,12,0
2,31,0
34,4,0
14,43,0
46,14,0
39,12,0
45,37,0
12,23,0
15,43,0
15,5,0
34,17,0
18,33,0
20,40,0
16,45,0
33,3,0
47,27,0
26,36,0
15,3,0
39,19,0
35,34,0
13,20,0
4,32,0
26,48,0
45,28,0
43,42,0
33,36,0
35,36,0
43,38,0
44,9,0
32,34,0
14,33,0
5,27,0
1,20,0
34,25,0
35,29,0
26,36,0
49,24,0
177,5,1
167,17,1
207,34,1
172,37,1
182,5,1
193,25,1
208,27,1
181,19,1
204,19,1
188,38,1
176,32,1
181,26,1
191,29,1
169,34,1
184,34,1
190,48,1
207,20,1
178,41,1
176,11,1
181,29,1
192,45,1
194,14,1
186,30,1
209,26,1
197,11,1
182,3,1
175,11,1
177,41,1
182,15,1
179,44,1
171,13,1
186,13,1
199,6,1
201,21,1
186,48,1
162,19,1
162,17,1
194,48,1
180,38,1
167,39,1
199,36,1
192,44,1
190,27,1
175,24,1
182,44,1
188,45,1
174,30,1
199,42,1
207,33,1
204,24,1
187,48,1
205,22,1
181,33,1
203,37,1
173,45,1
182,36,1
166,13,1
207,25,1
197,18,1
182,40,1
177,26,1
199,15,1
174,13,1
199,35,1
190,10,1
188,31,1
169,28,1
199,27,1
165,27,1
170,24,1
179,11,1
207,16,1
167,34,1
167,17,1
162,25,1
202,27,1
194,22,1
192,14,1
187,27,1
169,18,1
180,26,1
194,45,1
171,20,1
175,31,1
209,23,1
195,33,1
198,35,1
208,17,1
169,11,1
168,24,1
196,19,1
191,30,1
184,27,1
182,7,1
178,16,1
177,47,1
168,11,1
176,38,1
180,19,1
196,42,1
184,45,1
200,19,1
193,29,1
173,5,1
181,24,1
206,14,1
182,6,1
196,14,1
180,44,1
181,8,1
162,20,1
178,7,1
191,42,1
186,8,1
195,13,1
187,23,1
168,9,1
191,25,1
192,2,1
163,19,1
179,3,1
176,7,1
178,36,1
167,13,1
187,11,1
174,44,1
183,8,1
177,4,1
207,33,1
171,25,1
182,24,1
200,10,1
169,27,1
177,48,1
203,23,1
170,36,1
191,19,1
187,21,1
196,25,1
174,23,1
187,40,1
180,33,1
197,34,1
172,11,1
193,44,1
174,18,1
165,13,1
192,7,1
166,32,1
201,7,1
205,24,1
185,6,1
180,25,1
168,13,1
193,2,1
188,21,1
177,31,1
198,9,1
193,47,1
175,16,1
199,39,1
192,48,1
170,20,1
203,21,1
178,34,1
181,11,1
170,11,1
190,13,1
168,12,1
172,10,1
179,20,1
206,14,1
176,42,1
183,17,1
172,18,1
165,19,1
176,45,1
170,34,1
180,31,1
198,26,1
192,12,1
170,25,1
205,30,1
184,34,1
185,50,1
192,34,1
185,2,1
178,6,1
200,33,1
177,13,1
172,11,1
161,24,1
198,43,1
177,41,1
173,42,1
188,25,1
172,45,1
208,31,1
200,31,1
194,10,1
188,5,1
197,16,1
164,15,1
202,18,1
199,45,1
192,40,1
167,15,1
192,24,1
195,19,1
203,25,1
191,10,1
166,25,1
191,44,1
206,14,1
198,18,1
163,32,1
190,26,1
165,38,1
193,6,1
205,12,1
186,43,1
178,30,1
170,25,1
178,21,1
190,8,1
199,6,1
169,19,1
206,35,1
186,9,1
182,13,1
175,27,1
188,33,1
197,9,1
191,41,1
185,2,1
185,35,1
172,32,1
189,16,1
183,43,1
184,40,1
168,24,1
165,14,1
164,27,1
179,49,1
184,29,1
187,15,1
182,23,1
177,14,1
202,7,1
207,21,1
188,49,1
186,27,1
164,17,1
165,14,1
181,41,1
182,17,1
182,12,1
171,38,1
173,5,1
177,15,1
205,21,1
166,26,1
174,4,1
183,35,1
177,2,1
182,46,1
196,47,1
190,21,1
203,41,1
170,13,1
189,19,1
190,43,1
173,39,1
179,11,1
170,6,1
200,43,1
173,11,1
203,15,1
182,43,1
181,21,1
202,14,1
171,20,1
186,45,1
185,27,1
175,24,1
177,23,1
169,8,1
178,14,1
193,8,1
185,21,1
164,14,1
171,12,1
185,22,1
175,36,1
185,11,1
187,15,1
185,25,1
181,4,1
165,15,1
190,20,1
191,14,1
164,19,1
183,39,1
185,39,1
198,6,1
170,10,1
179,26,1
187,2,1
177,8,1
204,24,1
182,27,1
203,20,1
178,5,1
181,35,1
165,26,1
203,11,1
169,13,1
187,26,1
187,27,1
200,26,1
208,18,1
198,38,1
166,38,1
172,5,1
194,44,1
170,43,1
179,30,1
167,8,1
183,32,1
193,37,1
187,17,1
164,34,1
189,28,1
165,38,1
174,24,1
196,16,1
171,26,1
187,24,1
189,49,1
193,13,1
177,15,1
178,22,1
168,37,1
169,11,1
195,44,1
193,32,1
205,13,1
165,15,1
195,21,1
182,11,1
182,6,1
179,4,1
199,9,1
202,20,1
206,24,1
187,19,1
175,25,1
168,33,1
166,34,1
197,19,1
206,12,1
206,15,1
173,21,1
202,29,1
161,29,1
190,26,1
162,17,1
202,16,1
195,34,1
183,9,1
163,15,1
184,41,1
208,21,1
170,22,1
177,28,1
184,39,1
198,44,1
171,33,1
176,34,1
172,46,1
193,48,1
171,32,1
175,21,1
193,13,1
175,20,1
204,39,1
205,19,1
179,39,1
202,19,1
186,42,1
179,15,1
200,40,1
195,25,1
163,30,1
174,33,1
197,10,1
181,21,1
171,38,1
202,17,1
194,41,1
162,30,1
167,15,1
200,18,1
182,16,1
181,42,1
175,9,1
170,16,1
177,26,1
198,38,1
187,19,1
171,6,1
169,25,1
209,21,1
185,50,1
188,25,1
209,27,1
190,12,1
169,23,1
184,38,1
195,44,1
179,49,1
203,11,1
170,21,1
196,37,1
195,9,1
207,26,1
198,32,1
177,31,1
173,7,1
166,38,1
162,26,1
201,7,1
185,1,1
187,40,1
175,5,1
162,21,1
190,2,1
174,44,1
186,12,1
191,9,1
177,42,1
204,9,1
194,39,1
176,8,1
164,25,1
174,14,1
190,3,1
199,29,1
167,13,1
172,35,1
187,35,1
200,28,1
193,36,1
175,8,1
195,31,1
192,5,1
187,46,1
199,20,1
174,12,1
206,15,1
171,8,1
194,26,1
168,30,1
184,1,1
190,48,1
183,24,1
201,38,1
173,11,1
193,32,1
162,21,1
179,3,1
193,8,1
185,1,1
195,25,1
198,44,1
195,27,1
200,42,1
194,46,1
197,41,1
171,27,1
197,32,1
180,33,1
176,4,1
206,37,1
191,28,1
201,18,1
180,41,1
184,46,1
191,41,1
201,7,1
182,21,1
198,15,1
186,6,1
198,4,1
195,33,1
190,33,1
199,15,1
187,42,1
200,21,1
183,14,1
187,49,1
202,34,1
204,40,1
194,10,1
187,27,1
172,24,1
186,5,1
175,47,1
186,43,1
181,28,1
201,30,1
170,25,1
203,36,1
189,47,1
189,48,1
185,43,1
175,40,1
180,42,1
199,35,1
169,11,1
184,40,1
184,23,1
171,42,1
174,4,1
189,45,1
179,3,1
168,20,1
205,25,1
166,27,1
194,15,1
191,15,1
189,19,1
177,34,1
162,29,1
173,35,1
181,31,1
198,10,1
202,34,1
190,49,1
204,9,1
179,30,1
178,3,1
192,21,1
195,13,1
188,23,1
194,7,1
194,45,1
173,31,1
163,14,1
174,29,1
198,46,1
162,33,1
197,24,1
161,31,1
169,11,1
181,5,1
185,27,1
207,21,1
204,12,1
190,48,1
203,34,1
198,5,1
199,10,1
175,31,1
195,40,1
190,6,1
184,26,1
193,43,1
174,7,1
194,24,1
176,42,1
177,36,1
179,17,1
161,26,1
190,1,1
170,38,1
200,34,1
187,41,1
167,32,1
197,45,1
196,13,1
191,1,1
193,44,1
165,14,1
185,6,1
196,25,1
181,41,1
186,48,1
174,10,1
186,39,1
183,15,1
198,41,1
174,36,1
174,40,1
191,39,1
189,3,1
184,39,1
176,35,1
174,10,1
187,19,1
198,43,1
194,9,1
187,30,1
168,32,1
184,38,1
196,34,1
167,31,1
173,41,1
183,10,1
186,8,1
202,43,1
205,29,1
183,7,1
179,3,1
181,40,1
175,3,1
183,23,1
182,12,1
174,17,1
175,14,1
187,30,1
166,28,1
207,18,1
189,44,1
185,3,1
205,31,1
171,36,1
177,3,1
172,16,1
194,48,1
190,16,1
188,48,1
195,43,1
169,32,1
178,49,1
164,13,1
177,10,1
192,11,1
184,42,1
165,10,1
172,7,1
197,24,1
197,34,1
193,38,1
187,17,1
163,14,1
187,39,1
201,32,1
197,23,1
183,25,1
208,34,1
175,22,1
192,1,1
180,15,1
174,34,1
198,16,1
189,42,1
207,29,1
198,8,1
182,47,1
163,32,1
177,27,1
202,17,1
167,27,1
178,15,1
179,11,1
170,42,1
171,28,1
206,12,1
184,45,1
169,28,1
209,21,1
179,2,1
195,25,1
191,4,1
177,29,1
183,20,1
179,14,1
184,13,1
187,33,1
164,17,1
176,15,1
182,41,1
194,12,1
206,20,1
185,49,1
197,12,1
194,8,1
205,17,1
207,31,1
190,26,1
164,29,1
207,25,1
191,19,1
182,24,1
198,23,1
201,21,1
170,37,1
177,25,1
166,17,1
178,33,1
194,23,1
190,14,1
196,44,1
174,28,1
207,27,1
185,37,1
165,40,1
187,17,1
207,29,1
201,21,1
178,11,1
177,17,1
167,31,1
186,43,1
162,17,1
177,16,1
190,18,1
199,12,1
171,41,1
203,33,1
171,9,1
161,22,1
200,7,1
174,44,1
201,31,1
161,29,1
191,4,1
189,16,1
164,33,1
204,15,1
198,12,1
188,33,1
177,21,1
165,35,1
182,33,1
181,38,1
179,2,1
194,29,1
188,4,1
199,24,1
175,38,1
169,13,1
185,8,1
179,32,1
199,22,1
179,26,1
209,30,1
196,47,1
170,16,1
