11,13,0
24,29,0
4,21,0
14,23,0
25,22,0
39,36,0
7,23,0
44,10,0
35,41,0
4,20,0
10,9,0
36,47,0
30,29,0
19,48,0
42,24,0
10,6,0
10,20,0
5,17,0
39,34,0
32,15,0
28,25,0
44,18,0
35,13,0
1,24,0
10,21,0
31,44,0
11,34,0
32,49,0
25,39,0
10,26,0
32,40,0
39,43,0
46,24,0
39,19,0
12,4,0
29,33,0
19,28,0
18,49,0
6,32,0
33,10,0
8,9,0
37,32,0
42,17,0
14,40,0
39,13,0
22,34,0
18,39,0
48,25,0
34,28,0
31,2,0
9,44,0
19,35,0
25,0,0
14,33,0
8,10,0
25,1,0
40,28,0
26,24,0
19,36,0
11,34,0
11,20,0
25,16,0
14,45,0
41,37,0
4,15,0
12,9,0
11,31,0
48,32,0
43,34,0
21,11,0
11,11,0
23,12,0
19,23,0
13,7,0
21,30,0
5,31,0
40,14,0
47,36,0
42,30,0
11,37,0
20,24,0
33,19,0
3,18,0
27,39,0
24,2,0
19,16,0
45,10,0
34,47,0
34,16,0
32,1,0
14,47,0
10,30,0
14,24,0
12,45,0
40,37,0
29,19,0
38,23,0
18,25,0
36,11,0
35,21,0
10,24,0
3,17,0
15,45,0
35,20,0
31,40,0
17,9,0
14,37,0
30,32,0
33,3,0
32,27,0
36,17,0
3,20,0
20,4,0
28,49,0
25,39,0
7,32,0
33,27,0
22,5,0
13,39,0
28,33,0
33,48,0
32,30,0
4,29,0
27,19,0
29,26,0
47,22,0
46,37,0
28,9,0
9,11,0
12,5,0
9,16,0
41,39,0
40,10,0
14,32,0
33,9,0
34,9,0
37,12,0
6,25,0
3,16,0
24,18,0
40,28,0
40,45,0
9,9,0
46,27,0
6,11,0
27,27,0
31,2,0
33,43,0
28,28,0
18,43,0
41,42,0
19,49,0
9,34,0
33,36,0
32,48,0
21,14,0
21,25,0
39,45,0
49,30,0
16,19,0
38,21,0
2,19,0
36,24,0
29,31,0
39,21,0
13,4,0
4,23,0
12,6,0
29,26,0
44,10,0
14,3,0
17,33,0
23,40,0
19,5,0
22,23,0
18,30,0
19,2,0
28,27,0
14,15,0
11,18,0
33,36,0
45,40,0
24,34,0
23,10,0
42,16,0
34,38,0
17,5,0
21,30,0
21,43,0
31,23,0
22,3,0
17,29,0
29,18,0
15,24,0
30,18,0
32,35,0
46,36,0
35,16,0
35,29,0
42,13,0
34,47,0
25,1,0
40,19,0
26,44,0
21,37,0
43,13,0
44,36,0
34,39,0
32,24,0
17,12,0
15,37,0
10,5,0
41,37,0
46,22,0
41,37,0
4,31,0
27,5,0
18,30,0
17,26,0
33,13,0
17,47,0
25,34,0
12,44,0
26,42,0
37,13,0
12,14,0
9,40,0
13,46,0
34,41,0
24,8,0
27,48,0
5,17,0
10,29,0
23,48,0
10,23,0
42,9,0
21,14,0
31,13,0
35,45,0
7,13,0
7,16,0
45,35,0
30,21,0
42,28,0
16,31,0
26,12,0
21,41,0
23,26,0
32,46,0
34,30,0
180,46,1
165,20,1
201,36,1
183,5,1
204,27,1
200,6,1
203,10,1
177,2,1
207,35,1
178,27,1
184,48,1
180,37,1
192,17,1
182,33,1
206,28,1
192,28,1
190,9,1
196,12,1
197,10,1
182,41,1
196,3,1
188,20,1
180,49,1
201,39,1
184,19,1
186,4,1
188,12,1
175,6,1
186,27,1
202,39,1
194,10,1
183,29,1
198,32,1
200,19,1
185,28,1
172,36,1
188,47,1
179,19,1
198,31,1
182,45,1
171,8,1
179,27,1
178,4,1
183,15,1
200,22,1
189,31,1
169,24,1
202,32,1
179,12,1
191,7,1
167,8,1
196,34,1
165,26,1
164,38,1
196,47,1
208,31,1
201,26,1
208,34,1
190,8,1
172,29,1
190,31,1
178,34,1
181,23,1
182,6,1
174,45,1
180,28,1
196,35,1
195,33,1
179,22,1
187,1,1
198,28,1
178,13,1
170,13,1
180,31,1
198,14,1
185,24,1
201,18,1
177,16,1
187,27,1
176,32,1
208,27,1
170,6,1
192,26,1
194,36,1
187,45,1
180,4,1
187,5,1
185,29,1
182,44,1
167,22,1
199,27,1
205,38,1
187,26,1
191,2,1
176,4,1
182,37,1
201,37,1
174,37,1
197,18,1
202,31,1
186,32,1
183,27,1
172,39,1
185,50,1
165,37,1
171,24,1
168,12,1
200,12,1
175,45,1
190,16,1
203,14,1
178,24,1
194,40,1
179,12,1
202,23,1
164,26,1
182,13,1
173,10,1
191,8,1
207,24,1
184,42,1
189,23,1
191,30,1
180,6,1
183,21,1
167,22,1
187,20,1
170,37,1
190,32,1
203,40,1
185,14,1
178,4,1
180,23,1
203,9,1
203,30,1
179,8,1
166,40,1
167,24,1
189,35,1
178,8,1
195,42,1
180,14,1
185,18,1
198,40,1
190,12,1
194,28,1
175,7,1
160,25,1
183,40,1
189,36,1
183,1,1
182,1,1
186,9,1
170,36,1
172,5,1
179,25,1
175,41,1
170,44,1
201,19,1
169,11,1
167,38,1
203,15,1
172,38,1
199,43,1
206,24,1
193,40,1
174,28,1
165,26,1
165,16,1
183,4,1
185,41,1
202,30,1
191,42,1
180,43,1
200,21,1
195,40,1
167,18,1
200,41,1
173,10,1
176,22,1
195,25,1
206,13,1
171,37,1
198,11,1
193,33,1
189,48,1
182,24,1
203,16,1
206,29,1
205,27,1
169,11,1
163,16,1
196,39,1
185,45,1
185,26,1
190,22,1
182,45,1
165,23,1
191,1,1
194,5,1
207,15,1
193,26,1
184,2,1
180,20,1
187,1,1
197,32,1
185,29,1
189,36,1
190,35,1
182,10,1
205,33,1
202,27,1
161,23,1
173,41,1
170,7,1
172,16,1
181,10,1
191,34,1
173,11,1
184,9,1
162,18,1
169,8,1
196,17,1
188,21,1
205,32,1
176,33,1
196,20,1
182,41,1
197,36,1
177,41,1
167,38,1
177,19,1
170,28,1
183,22,1
193,45,1
198,12,1
192,45,1
196,5,1
187,10,1
187,16,1
177,44,1
202,7,1
167,27,1
190,34,1
169,42,1
206,24,1
200,22,1
163,36,1
193,30,1
190,46,1
186,15,1
177,28,1
204,29,1
197,13,1
185,19,1
165,39,1
174,35,1
202,41,1
193,36,1
174,3,1
161,27,1
187,20,1
187,35,1
169,21,1
169,21,1
197,10,1
189,4,1
182,6,1
206,31,1
162,23,1
177,5,1
182,41,1
178,33,1
176,48,1
181,20,1
176,17,1
169,41,1
171,40,1
176,3,1
197,23,1
185,49,1
189,5,1
193,19,1
180,6,1
181,7,1
201,44,1
201,29,1
194,13,1
177,40,1
162,17,1
206,23,1
199,10,1
183,10,1
169,44,1
177,21,1
173,19,1
173,23,1
171,38,1
202,22,1
181,23,1
173,46,1
180,3,1
179,46,1
207,33,1
203,9,1
177,32,1
207,30,1
168,34,1
176,43,1
198,10,1
174,24,1
203,27,1
178,10,1
178,18,1
198,46,1
188,1,1
207,31,1
193,32,1
192,23,1
189,1,1
183,1,1
196,5,1
172,27,1
169,38,1
172,42,1
171,14,1
180,39,1
197,35,1
183,40,1
208,34,1
197,41,1
177,46,1
186,1,1
199,10,1
200,28,1
192,2,1
162,21,1
194,4,1
200,37,1
193,11,1
193,27,1
168,21,1
176,8,1
206,13,1
183,14,1
183,26,1
203,33,1
188,39,1
194,4,1
188,31,1
196,13,1
169,41,1
193,40,1
188,37,1
200,7,1
200,33,1
170,17,1
202,27,1
192,35,1
182,4,1
183,34,1
195,44,1
179,16,1
193,39,1
170,11,1
178,30,1
203,12,1
174,41,1
202,11,1
180,1,1
190,31,1
170,29,1
201,36,1
202,42,1
172,35,1
188,7,1
177,24,1
188,39,1
173,8,1
200,33,1
196,13,1
170,14,1
176,34,1
200,28,1
164,23,1
193,28,1
181,4,1
188,42,1
169,19,1
172,44,1
169,20,1
191,48,1
172,32,1
198,15,1
198,19,1
205,22,1
189,11,1
197,10,1
171,32,1
170,19,1
188,24,1
185,7,1
169,40,1
174,12,1
198,4,1
189,39,1
205,26,1
205,34,1
173,7,1
180,45,1
189,1,1
179,14,1
180,49,1
172,24,1
206,22,1
194,37,1
167,28,1
189,18,1
177,44,1
190,11,1
202,8,1
175,25,1
192,43,1
173,36,1
179,1,1
193,45,1
198,11,1
177,42,1
197,6,1
195,44,1
168,20,1
168,9,1
196,9,1
171,21,1
199,45,1
191,24,1
205,12,1
194,14,1
178,34,1
188,3,1
208,19,1
183,28,1
178,17,1
191,11,1
178,19,1
203,40,1
180,2,1
196,33,1
194,37,1
165,12,1
203,27,1
176,40,1
191,10,1
178,46,1
190,49,1
180,7,1
191,7,1
169,34,1
202,9,1
182,28,1
181,44,1
198,8,1
201,24,1
180,47,1
192,13,1
169,12,1
189,32,1
177,46,1
180,1,1
179,11,1
199,7,1
182,6,1
186,27,1
182,24,1
208,24,1
170,17,1
170,24,1
199,40,1
199,31,1
174,31,1
183,23,1
181,39,1
173,40,1
193,21,1
195,28,1
166,13,1
164,38,1
192,42,1
174,47,1
197,21,1
209,20,1
197,30,1
163,19,1
167,20,1
180,24,1
178,13,1
197,33,1
177,18,1
200,33,1
193,26,1
196,39,1
174,19,1
197,34,1
187,43,1
193,28,1
175,18,1
207,17,1
198,46,1
193,38,1
175,8,1
166,21,1
174,38,1
178,30,1
184,12,1
172,18,1
203,33,1
172,37,1
201,36,1
187,33,1
188,39,1
200,21,1
203,10,1
186,43,1
195,25,1
190,10,1
195,33,1
169,19,1
203,17,1
171,35,1
189,34,1
200,33,1
181,33,1
188,32,1
164,12,1
180,33,1
189,20,1
201,44,1
188,15,1
171,40,1
204,28,1
195,4,1
193,42,1
176,29,1
172,4,1
181,48,1
187,40,1
184,6,1
175,5,1
201,17,1
185,49,1
196,29,1
184,14,1
195,43,1
195,29,1
179,16,1
200,29,1
175,42,1
195,11,1
176,30,1
160,25,1
183,6,1
206,31,1
163,28,1
203,33,1
178,31,1
195,39,1
183,21,1
177,11,1
165,19,1
171,29,1
178,43,1
204,37,1
196,13,1
203,21,1
184,44,1
201,14,1
203,8,1
198,39,1
188,14,1
175,17,1
188,7,1
170,36,1
188,47,1
186,5,1
178,42,1
175,24,1
191,12,1
186,19,1
183,32,1
196,18,1
178,37,1
167,11,1
182,45,1
185,10,1
172,20,1
177,20,1
186,10,1
195,33,1
182,46,1
187,11,1
207,35,1
192,6,1
204,24,1
195,21,1
186,31,1
167,32,1
190,39,1
187,47,1
185,5,1
201,23,1
197,44,1
206,20,1
186,26,1
193,28,1
188,14,1
201,35,1
178,40,1
200,35,1
178,1,1
171,11,1
161,21,1
199,41,1
169,37,1
179,12,1
179,22,1
183,14,1
199,12,1
182,12,1
190,42,1
175,8,1
172,20,1
203,27,1
172,26,1
186,20,1
189,24,1
177,17,1
182,13,1
190,14,1
194,48,1
181,18,1
188,29,1
195,35,1
182,26,1
171,5,1
178,26,1
202,40,1
205,24,1
185,21,1
193,38,1
175,38,1
192,10,1
168,28,1
175,30,1
172,42,1
176,32,1
197,6,1
164,18,1
163,21,1
179,46,1
183,11,1
171,37,1
197,15,1
195,24,1
185,29,1
181,45,1
178,14,1
189,2,1
164,18,1
177,34,1
183,23,1
179,29,1
184,48,1
201,15,1
193,40,1
181,7,1
180,24,1
182,5,1
187,16,1
200,30,1
185,39,1
169,41,1
168,33,1
170,9,1
189,1,1
185,42,1
205,40,1
180,36,1
178,12,1
164,32,1
193,45,1
173,23,1
187,31,1
201,35,1
191,22,1
183,19,1
167,9,1
202,33,1
193,37,1
174,13,1
196,9,1
175,30,1
203,28,1
180,49,1
181,42,1
204,14,1
170,44,1
177,27,1
196,43,1
190,45,1
187,28,1
163,19,1
181,33,1
189,25,1
179,28,1
169,44,1
207,30,1
201,36,1
178,43,1
175,44,1
171,14,1
162,17,1
201,9,1
189,10,1
203,11,1
178,1,1
192,24,1
197,21,1
181,9,1
200,44,1
200,21,1
161,29,1
195,44,1
195,25,1
168,37,1
175,7,1
190,34,1
178,41,1
204,20,1
198,18,1
178,12,1
196,25,1
169,11,1
192,37,1
181,15,1
194,24,1
188,17,1
201,38,1
194,39,1
176,28,1
198,21,1
