22,48,0
29,22,0
34,17,0
37,15,0
29,1,0
43,30,0
18,36,0
26,21,0
29,39,0
19,25,0
9,37,0
22,18,0
25,33,0
6,10,0
18,14,0
37,35,0
24,37,0
13,32,0
7,37,0
31,21,0
48,20,0
8,17,0
25,18,0
34,4,0
15,10,0
16,43,0
22,34,0
37,7,0
27,3,0
13,28,0
6,30,0
25,39,0
31,11,0
44,27,0
40,37,0
31,27,0
3,17,0
16,41,0
45,12,0
46,20,0
8,22,0
12,37,0
16,18,0
40,18,0
21,6,0
21,40,0
10,6,0
28,42,0
30,47,0
29,48,0
13,13,0
11,22,0
6,21,0
34,26,0
23,39,0
7,14,0
5,24,0
34,43,0
36,11,0
4,21,0
20,28,0
3,28,0
18,45,0
11,24,0
37,29,0
17,33,0
30,15,0
41,17,0
40,13,0
33,40,0
17,23,0
29,12,0
34,32,0
40,20,0
13,8,0
44,37,0
42,8,0
15,38,0
19,5,0
23,31,0
28,35,0
18,20,0
16,8,0
22,37,0
39,25,0
30,29,0
32,6,0
22,3,0
26,8,0
40,6,0
43,16,0
45,22,0
25,29,0
37,37,0
30,45,0
43,30,0
17,17,0
14,5,0
5,32,0
28,20,0
28,42,0
37,20,0
21,15,0
13,20,0
12,40,0
38,24,0
22,6,0
12,28,0
8,8,0
22,10,0
35,34,0
11,31,0
37,22,0
45,23,0
20,45,0
27,33,0
22,27,0
34,45,0
6,39,0
25,10,0
21,44,0
46,22,0
43,40,0
21,34,0
28,44,0
18,15,0
4,12,0
17,25,0
38,44,0
16,48,0
23,18,0
21,47,0
17,12,0
20,35,0
23,47,0
17,16,0
34,40,0
2,28,0
19,35,0
21,35,0
30,21,0
38,41,0
33,23,0
17,22,0
20,45,0
20,47,0
36,46,0
35,45,0
17,15,0
29,41,0
15,6,0
44,38,0
16,25,0
23,28,0
18,9,0
4,33,0
39,37,0
8,38,0
30,35,0
28,10,0
18,22,0
35,22,0
31,39,0
35,3,0
23,33,0
3,25,0
35,23,0
29,31,0
41,27,0
15,37,0
13,30,0
25,39,0
10,42,0
9,42,0
42,31,0
3,34,0
29,2,0
19,21,0
26,4,0
22,23,0
17,6,0
4,13,0
32,47,0
17,24,0
19,34,0
25,34,0
35,41,0
42,32,0
39,14,0
32,27,0
2,22,0
35,14,0
20,23,0
12,19,0
34,25,0
21,9,0
6,40,0
34,18,0
25,46,0
18,45,0
12,39,0
49,29,0
18,40,0
2,25,0
13,6,0
37,25,0
39,17,0
30,19,0
32,33,0
12,35,0
45,17,0
3,24,0
45,24,0
26,11,0
29,17,0
35,9,0
38,15,0
35,45,0
29,31,0
34,7,0
6,30,0
10,10,0
14,45,0
17,18,0
41,34,0
29,7,0
15,22,0
31,6,0
6,27,0
28,12,0
6,27,0
39,19,0
37,30,0
44,20,0
45,23,0
42,41,0
15,19,0
13,29,0
10,33,0
27,2,0
9,29,0
16,36,0
36,23,0
26,9,0
41,11,0
22,2,0
5,32,0
39,41,0
21,21,0
13,44,0
180,15,1
178,28,1
179,43,1
180,26,1
206,24,1
186,43,1
174,38,1
193,39,1
170,24,1
195,27,1
173,11,1
188,39,1
191,19,1
173,14,1
178,7,1
201,38,1
184,15,1
182,49,1
186,46,1
194,9,1
181,44,1
198,10,1
178,38,1
174,38,1
192,12,1
186,21,1
191,35,1
197,13,1
189,36,1
204,39,1
171,39,1
173,29,1
181,13,1
188,11,1
173,14,1
201,32,1
170,39,1
205,22,1
170,31,1
185,45,1
181,1,1
174,24,1
182,18,1
174,16,1
181,12,1
190,11,1
170,42,1
206,30,1
190,49,1
207,36,1
190,32,1
184,8,1
170,26,1
175,38,1
195,24,1
194,2,1
179,43,1
201,18,1
181,32,1
195,17,1
189,3,1
192,44,1
204,16,1
178,31,1
198,21,1
188,38,1
176,6,1
187,29,1
175,29,1
177,4,1
208,30,1
183,7,1
187,21,1
177,41,1
185,26,1
183,45,1
176,12,1
171,27,1
179,26,1
170,16,1
162,25,1
188,19,1
194,7,1
184,45,1
202,41,1
190,4,1
176,36,1
194,27,1
170,6,1
199,7,1
199,42,1
165,38,1
199,23,1
194,22,1
177,35,1
161,24,1
203,15,1
179,22,1
190,9,1
164,38,1
206,26,1
182,21,1
203,10,1
193,7,1
176,29,1
172,25,1
176,35,1
174,18,1
171,19,1
198,5,1
184,6,1
169,27,1
170,32,1
197,8,1
195,15,1
202,7,1
201,37,1
190,26,1
192,38,1
180,46,1
164,36,1
191,2,1
168,29,1
170,5,1
206,13,1
175,34,1
196,26,1
203,32,1
188,1,1
185,44,1
176,25,1
175,19,1
173,44,1
170,32,1
203,37,1
170,30,1
182,38,1
170,20,1
171,41,1
176,23,1
172,18,1
185,50,1
172,32,1
165,38,1
183,42,1
194,9,1
164,22,1
208,26,1
176,23,1
188,11,1
181,45,1
193,40,1
200,41,1
180,23,1
202,26,1
209,21,1
176,4,1
190,49,1
193,11,1
186,32,1
186,47,1
186,40,1
187,40,1
177,22,1
200,28,1
182,37,1
193,25,1
186,28,1
209,26,1
162,29,1
202,35,1
193,27,1
197,40,1
209,23,1
196,18,1
168,19,1
182,16,1
199,18,1
204,25,1
172,33,1
182,41,1
174,28,1
193,16,1
163,25,1
181,36,1
184,46,1
196,29,1
197,42,1
184,7,1
173,41,1
208,30,1
197,24,1
172,30,1
176,30,1
174,20,1
172,31,1
202,24,1
194,20,1
187,46,1
186,11,1
165,12,1
189,5,1
192,32,1
191,41,1
196,15,1
182,15,1
196,28,1
201,29,1
173,25,1
200,19,1
174,29,1
168,34,1
176,48,1
198,34,1
170,21,1
199,35,1
194,17,1
179,35,1
193,24,1
163,15,1
205,17,1
181,28,1
176,43,1
164,17,1
164,20,1
197,24,1
173,27,1
191,16,1
178,12,1
200,9,1
186,11,1
169,16,1
172,45,1
171,16,1
172,41,1
174,19,1
185,37,1
187,1,1
203,23,1
193,24,1
186,10,1
176,45,1
169,33,1
166,38,1
165,17,1
173,16,1
187,41,1
180,27,1
198,32,1
170,41,1
194,18,1
179,7,1
192,10,1
171,9,1
172,26,1
168,8,1
185,39,1
172,13,1
204,24,1
183,17,1
196,28,1
166,10,1
208,17,1
167,32,1
200,34,1
199,24,1
203,37,1
189,8,1
170,32,1
185,31,1
203,24,1
162,30,1
195,22,1
191,49,1
192,12,1
196,17,1
168,17,1
164,30,1
181,20,1
181,32,1
169,16,1
184,17,1
186,36,1
186,24,1
178,32,1
204,29,1
190,18,1
190,45,1
195,5,1
190,38,1
169,17,1
173,18,1
163,19,1
187,20,1
164,37,1
206,34,1
164,14,1
199,34,1
182,13,1
202,7,1
182,41,1
162,16,1
184,12,1
169,37,1
178,32,1
205,36,1
177,31,1
172,46,1
189,17,1
195,9,1
176,9,1
192,17,1
196,9,1
170,19,1
173,34,1
201,30,1
208,18,1
194,8,1
207,23,1
196,14,1
167,25,1
176,44,1
178,2,1
184,33,1
165,29,1
188,45,1
191,33,1
188,45,1
191,20,1
179,20,1
197,10,1
199,17,1
182,24,1
178,20,1
162,17,1
181,36,1
169,42,1
162,23,1
166,9,1
195,42,1
166,14,1
200,19,1
178,40,1
186,39,1
185,31,1
180,4,1
184,35,1
193,42,1
195,32,1
197,6,1
206,38,1
178,30,1
188,30,1
196,24,1
196,32,1
196,33,1
193,11,1
168,17,1
186,19,1
178,21,1
185,19,1
208,23,1
164,22,1
165,29,1
164,20,1
201,7,1
205,32,1
205,14,1
173,5,1
179,16,1
195,37,1
199,19,1
191,43,1
191,28,1
178,44,1
192,40,1
172,44,1
169,44,1
163,23,1
171,10,1
190,43,1
199,44,1
171,42,1
207,35,1
187,45,1
180,22,1
203,36,1
165,35,1
191,22,1
174,18,1
187,23,1
181,20,1
196,4,1
203,12,1
189,13,1
197,23,1
165,26,1
184,39,1
171,15,1
166,37,1
194,30,1
189,33,1
164,38,1
173,4,1
185,18,1
183,3,1
174,10,1
176,33,1
174,28,1
181,17,1
176,25,1
187,46,1
200,32,1
169,25,1
179,40,1
184,22,1
177,32,1
196,36,1
204,15,1
173,25,1
199,24,1
195,21,1
202,25,1
170,5,1
178,9,1
188,24,1
206,33,1
181,10,1
204,30,1
193,22,1
178,10,1
171,5,1
171,23,1
183,21,1
181,32,1
171,36,1
197,27,1
205,10,1
162,17,1
173,7,1
170,26,1
174,16,1
183,27,1
179,32,1
181,44,1
207,28,1
179,10,1
171,39,1
207,32,1
173,34,1
187,20,1
193,9,1
190,4,1
184,14,1
189,16,1
177,19,1
201,34,1
165,17,1
168,8,1
169,10,1
190,38,1
204,32,1
197,43,1
195,5,1
162,21,1
209,26,1
195,47,1
187,14,1
202,15,1
191,29,1
172,22,1
163,28,1
191,3,1
189,7,1
196,39,1
176,36,1
175,44,1
166,19,1
175,6,1
201,18,1
175,38,1
190,19,1
198,10,1
192,32,1
204,30,1
183,38,1
199,16,1
190,44,1
178,46,1
185,47,1
194,2,1
190,48,1
180,23,1
207,36,1
187,5,1
170,23,1
198,10,1
194,2,1
178,43,1
195,17,1
183,4,1
164,28,1
166,16,1
191,29,1
206,19,1
168,10,1
205,33,1
179,41,1
194,15,1
204,34,1
189,4,1
194,31,1
175,16,1
198,4,1
167,42,1
198,31,1
174,26,1
162,27,1
203,32,1
174,19,1
205,40,1
195,27,1
170,36,1
185,31,1
205,11,1
203,8,1
196,46,1
188,21,1
184,2,1
195,4,1
181,21,1
178,42,1
168,34,1
209,26,1
196,39,1
170,37,1
192,7,1
177,36,1
168,22,1
163,29,1
190,23,1
187,9,1
203,31,1
208,28,1
192,25,1
168,23,1
162,17,1
180,1,1
180,12,1
182,38,1
195,9,1
186,49,1
204,25,1
183,30,1
177,33,1
187,31,1
197,36,1
204,13,1
185,19,1
195,32,1
186,43,1
189,37,1
193,32,1
198,13,1
185,12,1
198,14,1
173,9,1
200,14,1
203,42,1
189,29,1
197,18,1
164,18,1
169,43,1
181,2,1
194,37,1
208,21,1
171,31,1
170,33,1
179,40,1
192,2,1
169,22,1
166,35,1
171,33,1
169,15,1
187,4,1
192,46,1
194,31,1
183,6,1
172,8,1
197,28,1
166,13,1
173,45,1
185,29,1
185,50,1
204,17,1
161,18,1
195,9,1
172,5,1
164,15,1
183,38,1
181,40,1
170,19,1
168,16,1
166,13,1
177,48,1
171,44,1
189,36,1
195,45,1
174,4,1
206,19,1
188,18,1
172,38,1
168,7,1
172,26,1
187,14,1
173,18,1
188,34,1
162,28,1
176,2,1
179,42,1
179,8,1
196,36,1
173,15,1
169,42,1
183,37,1
180,46,1
177,40,1
206,38,1
203,20,1
173,37,1
167,12,1
170,28,1
172,25,1
178,31,1
186,27,1
176,31,1
180,24,1
188,49,1
186,3,1
203,34,1
194,36,1
170,19,1
167,23,1
209,23,1
178,33,1
164,12,1
190,36,1
190,27,1
202,41,1
160,25,1
188,22,1
171,20,1
165,33,1
194,38,1
208,21,1
169,18,1
166,18,1
176,35,1
187,26,1
186,8,1
178,17,1
167,42,1
179,33,1
177,9,1
196,43,1
178,16,1
171,29,1
183,43,1
205,31,1
185,19,1
172,36,1
191,24,1
163,31,1
199,14,1
172,8,1
185,26,1
192,9,1
204,41,1
190,37,1
163,15,1
202,40,1
171,11,1
170,21,1
162,29,1
201,22,1
168,36,1
187,14,1
195,36,1
182,25,1
192,48,1
179,30,1
198,46,1
206,26,1
188,30,1
169,14,1
184,22,1
163,36,1
194,20,1
175,45,1
191,38,1
203,26,1
194,24,1
170,27,1
182,4,1
180,6,1
176,45,1
188,33,1
198,31,1
190,32,1
177,19,1
178,7,1
168,29,1
192,34,1
186,28,1
185,25,1
181,12,1
204,22,1
201,11,1
202,23,1
177,4,1
192,33,1
209,18,1
191,1,1
167,36,1
183,47,1
179,37,1
164,15,1
165,16,1
164,30,1
182,23,1
202,9,1
182,12,1
192,29,1
199,7,1
201,6,1
204,23,1
199,31,1
166,22,1
208,34,1
171,19,1
186,34,1
192,23,1
173,38,1
209,20,1
189,28,1
193,19,1
169,28,1
188,34,1
201,18,1
171,37,1
