12,11,0
7,28,0
38,10,0
39,22,0
6,10,0
3,21,0
34,8,0
46,26,0
7,21,0
37,7,0
31,26,0
11,41,0
39,19,0
28,41,0
26,20,0
31,34,0
21,1,0
16,31,0
11,9,0
21,5,0
20,4,0
19,2,0
20,28,0
34,42,0
5,39,0
37,37,0
16,17,0
27,18,0
32,14,0
13,8,0
39,12,0
28,24,0
17,44,0
8,10,0
37,11,0
30,16,0
7,29,0
35,9,0
11,13,0
18,45,0
15,20,0
16,30,0
21,34,0
13,38,0
11,31,0
18,20,0
37,33,0
40,45,0
27,49,0
43,30,0
42,39,0
3,29,0
10,38,0
48,28,0
15,5,0
39,16,0
29,15,0
19,48,0
26,15,0
15,42,0
16,26,0
24,19,0
27,34,0
11,18,0
23,23,0
40,6,0
23,29,0
31,27,0
24,6,0
1,23,0
19,7,0
21,30,0
11,22,0
24,41,0
23,37,0
13,4,0
33,37,0
32,30,0
34,47,0
45,21,0
37,19,0
26,46,0
46,15,0
9,15,0
31,31,0
17,20,0
19,45,0
8,42,0
27,13,0
12,10,0
33,42,0
36,45,0
34,16,0
39,22,0
22,3,0
20,17,0
37,38,0
9,31,0
11,20,0
32,28,0
16,31,0
27,37,0
5,23,0
19,28,0
28,10,0
27,25,0
24,31,0
7,16,0
21,39,0
42,32,0
46,34,0
11,10,0
18,31,0
26,29,0
48,31,0
12,19,0
32,42,0
32,13,0
14,36,0
34,22,0
23,45,0
10,13,0
17,29,0
7,24,0
31,15,0
28,10,0
31,21,0
26,18,0
9,41,0
29,20,0
27,18,0
34,14,0
29,44,0
18,35,0
9,18,0
11,20,0
8,39,0
42,21,0
28,17,0
18,22,0
13,14,0
38,44,0
14,38,0
20,47,0
35,11,0
29,11,0
40,15,0
26,33,0
8,35,0
25,39,0
45,19,0
12,8,0
43,18,0
32,32,0
27,28,0
27,15,0
29,22,0
49,27,0
14,24,0
23,49,0
39,41,0
1,30,0
42,16,0
36,13,0
22,4,0
34,17,0
26,36,0
45,21,0
7,20,0
3,29,0
22,21,0
35,11,0
41,29,0
21,30,0
3,24,0
32,32,0
19,46,0
45,22,0
10,26,0
24,15,0
42,28,0
17,20,0
18,49,0
20,11,0
14,40,0
11,5,0
42,40,0
14,31,0
24,19,0
14,22,0
32,13,0
37,44,0
37,46,0
24,19,0
29,44,0
32,26,0
38,46,0
31,30,0
36,44,0
10,5,0
28,26,0
41,29,0
36,43,0
33,26,0
44,19,0
16,10,0
7,20,0
19,44,0
48,20,0
3,19,0
31,4,0
22,2,0
25,32,0
13,36,0
23,49,0
8,32,0
32,44,0
10,36,0
45,34,0
16,3,0
14,19,0
8,31,0
30,40,0
42,29,0
12,12,0
9,29,0
26,6,0
25,50,0
33,14,0
12,44,0
6,39,0
37,26,0
19,8,0
32,31,0
7,23,0
46,28,0
40,8,0
13,17,0
29,30,0
5,15,0
38,21,0
20,21,0
32,46,0
46,32,0
24,11,0
7,17,0
43,24,0
44,17,0
40,11,0
14,35,0
197,13,1
183,21,1
175,41,1
174,13,1
200,5,1
197,44,1
189,27,1
180,18,1
205,29,1
179,38,1
202,11,1
207,16,1
182,1,1
170,12,1
169,32,1
178,43,1
184,25,1
173,45,1
184,20,1
189,2,1
182,46,1
185,28,1
187,44,1
199,23,1
165,23,1
186,27,1
190,34,1
201,21,1
196,10,1
197,20,1
189,8,1
171,36,1
167,11,1
189,12,1
173,10,1
203,18,1
201,15,1
178,2,1
200,20,1
162,19,1
182,47,1
176,30,1
170,28,1
180,9,1
204,31,1
187,41,1
202,27,1
184,20,1
166,10,1
171,25,1
181,18,1
207,14,1
181,15,1
170,19,1
196,16,1
194,34,1
179,17,1
175,11,1
171,10,1
182,35,1
198,38,1
173,25,1
184,14,1
196,39,1
195,15,1
171,31,1
200,7,1
169,30,1
207,29,1
164,36,1
192,34,1
189,20,1
162,24,1
189,44,1
198,28,1
203,25,1
200,29,1
189,31,1
173,37,1
172,12,1
171,39,1
174,38,1
165,22,1
191,28,1
190,40,1
202,12,1
182,23,1
167,35,1
201,32,1
166,25,1
177,22,1
200,38,1
184,20,1
209,20,1
182,42,1
190,30,1
196,10,1
183,22,1
192,43,1
196,40,1
199,43,1
166,14,1
189,39,1
179,30,1
184,12,1
202,29,1
180,37,1
171,13,1
199,45,1
166,17,1
173,6,1
175,38,1
163,30,1
187,2,1
175,7,1
193,11,1
168,24,1
165,17,1
170,36,1
200,41,1
176,15,1
170,38,1
209,32,1
192,19,1
164,29,1
178,22,1
197,12,1
208,19,1
194,5,1
184,28,1
174,28,1
178,28,1
199,29,1
198,39,1
195,19,1
187,43,1
195,24,1
162,26,1
178,17,1
166,22,1
179,33,1
187,36,1
182,3,1
196,37,1
209,29,1
176,38,1
181,10,1
186,49,1
165,25,1
175,47,1
198,4,1
209,26,1
173,17,1
171,45,1
189,31,1
190,34,1
171,23,1
191,19,1
180,31,1
191,10,1
181,30,1
165,33,1
194,22,1
164,37,1
198,42,1
179,29,1
178,42,1
182,38,1
189,4,1
195,30,1
188,43,1
201,34,1
170,41,1
184,5,1
196,33,1
205,24,1
177,26,1
209,31,1
174,34,1
171,11,1
201,8,1
196,8,1
174,6,1
183,8,1
202,14,1
207,23,1
196,7,1
171,21,1
180,47,1
165,39,1
199,5,1
188,43,1
197,13,1
191,7,1
167,21,1
172,8,1
183,44,1
199,45,1
183,29,1
193,7,1
174,29,1
178,49,1
182,42,1
186,1,1
208,16,1
181,22,1
168,25,1
173,37,1
198,13,1
187,28,1
206,27,1
181,30,1
191,14,1
201,21,1
198,42,1
186,41,1
177,25,1
165,11,1
188,4,1
182,36,1
165,17,1
207,36,1
181,33,1
165,12,1
186,35,1
177,27,1
196,31,1
201,34,1
201,32,1
195,12,1
163,30,1
180,28,1
181,12,1
164,14,1
193,28,1
187,31,1
200,40,1
182,46,1
174,32,1
166,28,1
189,9,1
207,31,1
171,43,1
186,17,1
197,7,1
203,13,1
175,9,1
163,17,1
190,23,1
198,20,1
177,26,1
184,33,1
179,42,1
179,10,1
197,31,1
192,3,1
176,11,1
199,35,1
169,17,1
187,28,1
179,38,1
206,25,1
195,17,1
189,4,1
195,31,1
189,28,1
161,26,1
194,15,1
178,9,1
201,28,1
203,32,1
207,14,1
166,39,1
188,12,1
185,17,1
202,29,1
196,38,1
194,16,1
178,16,1
185,35,1
191,25,1
189,49,1
191,34,1
200,44,1
194,5,1
203,14,1
183,21,1
167,41,1
202,41,1
182,48,1
194,13,1
162,26,1
203,11,1
176,44,1
170,26,1
177,14,1
198,23,1
197,13,1
199,37,1
171,28,1
174,23,1
184,37,1
167,23,1
192,4,1
196,40,1
208,33,1
181,20,1
177,37,1
196,15,1
191,21,1
165,14,1
170,40,1
204,23,1
185,42,1
185,12,1
196,37,1
195,30,1
204,14,1
198,45,1
172,6,1
199,34,1
171,34,1
165,10,1
179,3,1
177,7,1
175,4,1
203,18,1
205,32,1
190,1,1
166,13,1
183,4,1
192,46,1
176,10,1
197,11,1
187,1,1
170,36,1
204,35,1
193,40,1
184,13,1
194,34,1
170,37,1
166,14,1
180,47,1
173,26,1
169,9,1
183,32,1
176,34,1
176,37,1
199,27,1
196,6,1
197,39,1
201,41,1
196,27,1
178,41,1
173,46,1
185,44,1
199,33,1
170,7,1
170,27,1
189,31,1
177,9,1
171,6,1
184,37,1
196,4,1
205,22,1
176,4,1
202,43,1
201,39,1
175,14,1
202,29,1
192,39,1
195,30,1
188,7,1
176,12,1
185,36,1
161,23,1
201,16,1
192,20,1
194,12,1
191,45,1
197,32,1
166,38,1
174,34,1
192,43,1
189,19,1
197,20,1
176,45,1
167,14,1
190,37,1
175,37,1
181,36,1
162,17,1
183,39,1
176,7,1
166,19,1
170,23,1
193,4,1
175,40,1
161,31,1
174,47,1
176,2,1
188,30,1
170,41,1
204,27,1
187,3,1
172,24,1
185,1,1
188,28,1
187,34,1
171,8,1
183,39,1
163,33,1
192,21,1
200,18,1
175,14,1
188,18,1
162,33,1
182,43,1
208,30,1
190,26,1
171,40,1
180,7,1
195,41,1
184,2,1
188,28,1
180,24,1
180,40,1
173,19,1
180,18,1
209,26,1
180,24,1
195,29,1
189,20,1
182,4,1
194,38,1
172,9,1
202,31,1
183,38,1
201,40,1
190,24,1
177,15,1
196,47,1
161,24,1
180,13,1
180,10,1
178,16,1
167,38,1
199,30,1
187,30,1
191,29,1
186,26,1
183,35,1
198,43,1
196,6,1
194,30,1
192,38,1
189,28,1
194,39,1
200,12,1
166,12,1
169,42,1
166,34,1
180,41,1
205,17,1
190,37,1
205,21,1
177,7,1
172,40,1
178,17,1
168,7,1
175,18,1
168,14,1
201,21,1
198,35,1
193,44,1
180,26,1
196,17,1
175,13,1
181,40,1
193,44,1
193,9,1
204,18,1
194,28,1
199,24,1
172,23,1
170,28,1
195,36,1
199,15,1
169,44,1
171,20,1
174,27,1
179,30,1
185,1,1
166,38,1
179,43,1
174,25,1
192,28,1
188,22,1
190,35,1
186,35,1
196,37,1
184,17,1
188,18,1
182,4,1
199,41,1
192,17,1
168,35,1
171,5,1
189,31,1
166,41,1
168,29,1
201,24,1
179,32,1
189,21,1
173,46,1
166,39,1
168,22,1
179,9,1
188,18,1
189,6,1
184,39,1
184,24,1
172,11,1
199,22,1
187,6,1
208,29,1
193,6,1
170,13,1
193,37,1
171,27,1
182,8,1
190,27,1
207,22,1
202,17,1
176,19,1
203,25,1
177,34,1
169,32,1
197,41,1
177,23,1
169,6,1
189,45,1
196,37,1
178,10,1
164,38,1
185,11,1
171,13,1
191,26,1
170,17,1
194,7,1
191,27,1
182,22,1
192,24,1
168,19,1
180,2,1
205,29,1
186,31,1
172,15,1
203,19,1
202,16,1
192,21,1
205,27,1
169,41,1
175,11,1
204,22,1
178,25,1
168,41,1
198,23,1
199,38,1
170,27,1
197,18,1
174,33,1
185,10,1
186,42,1
200,9,1
176,37,1
202,10,1
204,34,1
166,15,1
192,40,1
193,4,1
203,40,1
195,39,1
208,17,1
194,47,1
195,13,1
192,26,1
175,46,1
166,17,1
204,36,1
183,31,1
178,5,1
185,14,1
189,32,1
185,0,1
163,33,1
170,18,1
180,47,1
199,30,1
206,31,1
176,35,1
186,43,1
176,30,1
204,30,1
208,31,1
169,15,1
195,39,1
204,29,1
202,33,1
178,1,1
190,27,1
180,27,1
171,31,1
171,7,1
162,34,1
173,9,1
182,48,1
174,36,1
199,12,1
181,20,1
177,31,1
200,45,1
189,4,1
184,28,1
185,40,1
191,1,1
181,47,1
194,21,1
199,33,1
169,23,1
191,43,1
204,38,1
185,21,1
175,41,1
197,18,1
206,23,1
171,10,1
169,40,1
181,16,1
173,30,1
180,40,1
206,29,1
175,22,1
194,21,1
164,13,1
171,31,1
192,29,1
192,7,1
161,19,1
179,20,1
205,30,1
181,11,1
185,18,1
185,24,1
186,7,1
202,15,1
180,44,1
180,20,1
201,21,1
167,14,1
191,6,1
206,28,1
179,19,1
199,36,1
183,3,1
178,28,1
191,27,1
167,16,1
166,36,1
191,28,1
173,15,1
163,20,1
185,50,1
208,32,1
184,3,1
203,39,1
197,9,1
175,43,1
189,45,1
201,17,1
193,10,1
177,11,1
169,9,1
177,17,1
202,19,1
192,4,1
180,49,1
205,11,1
181,16,1
183,5,1
191,45,1
197,33,1
205,14,1
193,33,1
208,23,1
187,29,1
182,8,1
198,42,1
180,6,1
171,45,1
172,26,1
184,22,1
171,34,1
180,23,1
175,40,1
163,30,1
174,46,1
189,26,1
188,14,1
168,18,1
207,19,1
201,34,1
165,12,1
187,34,1
192,23,1
207,30,1
199,24,1
192,17,1
198,5,1
182,8,1
201,44,1
190,16,1
164,14,1
168,16,1
198,11,1
196,15,1
187,4,1
183,18,1
185,50,1
173,26,1
179,32,1
187,30,1
170,41,1
186,48,1
198,9,1
179,1,1
199,41,1
164,19,1
182,28,1
202,13,1
186,16,1
208,32,1
180,23,1
198,28,1
199,31,1
184,14,1
184,39,1
195,35,1
192,42,1
172,9,1
