11,20,0
37,13,0
10,23,0
13,28,0
24,16,0
3,22,0
48,20,0
16,42,0
42,33,0
43,9,0
37,27,0
35,47,0
10,18,0
18,13,0
28,8,0
25,17,0
37,16,0
22,29,0
20,38,0
15,25,0
22,1,0
44,20,0
19,31,0
33,9,0
45,35,0
42,37,0
2,20,0
1,30,0
41,32,0
8,31,0
7,24,0
12,44,0
11,44,0
49,21,0
34,11,0
46,22,0
2,20,0
32,21,0
9,32,0
43,18,0
47,22,0
24,36,0
26,35,0
32,2,0
21,49,0
40,12,0
46,23,0
40,40,0
22,35,0
33,31,0
38,42,0
12,36,0
19,42,0
8,34,0
26,43,0
25,47,0
4,37,0
19,19,0
37,25,0
10,16,0
41,26,0
20,34,0
17,6,0
31,7,0
24,7,0
24,27,0
25,1,0
2,25,0
37,26,0
3,25,0
31,27,0
22,19,0
21,9,0
8,25,0
18,49,0
1,28,0
47,23,0
32,28,0
10,36,0
14,33,0
43,26,0
27,43,0
41,11,0
49,21,0
41,26,0
30,32,0
31,12,0
38,36,0
48,29,0
5,13,0
19,18,0
42,25,0
21,11,0
8,10,0
35,33,0
19,36,0
15,38,0
25,10,0
39,23,0
29,35,0
32,4,0
35,43,0
21,39,0
15,12,0
45,26,0
32,6,0
12,19,0
14,10,0
27,44,0
21,6,0
21,12,0
33,10,0
13,24,0
17,25,0
19,47,0
17,32,0
9,25,0
40,33,0
21,21,0
10,17,0
19,47,0
42,35,0
3,28,0
38,28,0
13,37,0
36,11,0
17,24,0
4,28,0
45,10,0
38,21,0
37,38,0
8,40,0
28,18,0
9,28,0
10,43,0
23,25,0
4,16,0
31,21,0
26,39,0
26,47,0
10,36,0
39,36,0
31,8,0
36,18,0
38,10,0
41,13,0
43,8,0
18,27,0
33,27,0
31,2,0
3,24,0
48,28,0
40,29,0
31,22,0
43,31,0
15,14,0
25,21,0
35,46,0
16,30,0
25,49,0
43,36,0
25,39,0
25,21,0
26,47,0
9,12,0
9,25,0
7,37,0
25,46,0
31,19,0
27,17,0
19,45,0
26,36,0
23,31,0
30,48,0
17,18,0
8,12,0
13,15,0
40,21,0
26,42,0
26,29,0
34,39,0
12,24,0
39,39,0
17,17,0
13,24,0
42,29,0
42,15,0
44,22,0
18,35,0
44,10,0
42,12,0
14,21,0
31,24,0
26,29,0
14,41,0
39,34,0
37,39,0
34,28,0
19,34,0
7,22,0
28,26,0
19,33,0
2,32,0
26,42,0
27,36,0
42,18,0
34,22,0
27,45,0
46,19,0
36,35,0
17,34,0
47,23,0
13,4,0
19,38,0
4,32,0
13,37,0
22,21,0
33,19,0
31,3,0
25,6,0
25,0,0
21,29,0
41,38,0
42,25,0
20,27,0
28,19,0
32,39,0
39,31,0
24,15,0
41,22,0
38,22,0
20,12,0
8,24,0
34,31,0
26,34,0
38,12,0
6,24,0
42,18,0
30,19,0
32,39,0
31,21,0
15,24,0
9,15,0
7,17,0
33,4,0
25,46,0
48,32,0
17,25,0
17,29,0
34,18,0
169,42,1
198,22,1
177,41,1
153,32,1
156,25,1
156,40,1
165,40,1
173,40,1
163,9,1
192,15,1
163,25,1
158,28,1
152,18,1
176,15,1
180,49,1
190,22,1
184,4,1
170,16,1
182,9,1
198,23,1
162,44,1
153,32,1
159,42,1
188,34,1
187,24,1
152,17,1
176,2,1
163,22,1
189,31,1
180,24,1
161,13,1
187,36,1
169,38,1
162,35,1
177,37,1
198,19,1
185,47,1
156,27,1
199,31,1
154,21,1
168,27,1
180,11,1
155,39,1
176,30,1
165,34,1
169,39,1
194,37,1
189,30,1
153,32,1
174,35,1
160,25,1
175,2,1
171,6,1
158,18,1
197,16,1
184,21,1
161,24,1
189,9,1
182,35,1
172,31,1
176,39,1
155,34,1
182,17,1
176,32,1
182,34,1
156,17,1
163,23,1
189,12,1
176,47,1
188,34,1
172,28,1
158,32,1
178,26,1
168,49,1
168,4,1
178,1,1
184,45,1
188,32,1
168,49,1
161,28,1
179,44,1
154,24,1
167,10,1
187,43,1
159,36,1
191,13,1
192,25,1
176,10,1
164,31,1
154,32,1
183,47,1
156,40,1
172,35,1
155,15,1
196,23,1
189,27,1
178,30,1
152,33,1
171,40,1
169,14,1
162,32,1
177,12,1
184,39,1
169,38,1
190,5,1
176,42,1
196,20,1
175,44,1
177,39,1
179,6,1
158,19,1
164,38,1
161,11,1
160,14,1
176,10,1
191,33,1
177,22,1
176,17,1
171,10,1
177,16,1
190,38,1
186,22,1
173,15,1
171,27,1
179,1,1
184,31,1
158,23,1
187,29,1
162,34,1
189,20,1
188,44,1
170,43,1
197,33,1
193,24,1
176,17,1
177,9,1
159,9,1
167,26,1
189,25,1
166,48,1
190,38,1
160,29,1
175,20,1
187,22,1
180,9,1
170,23,1
172,24,1
159,11,1
198,28,1
167,38,1
198,32,1
167,46,1
172,7,1
187,30,1
173,18,1
192,8,1
161,44,1
170,39,1
182,5,1
182,11,1
199,22,1
154,21,1
158,28,1
159,37,1
152,22,1
179,2,1
177,16,1
185,47,1
160,45,1
156,18,1
167,14,1
188,17,1
158,39,1
171,36,1
194,27,1
182,21,1
159,24,1
195,40,1
168,6,1
180,40,1
194,23,1
179,26,1
180,17,1
168,42,1
192,9,1
191,30,1
194,31,1
186,3,1
159,10,1
159,43,1
185,6,1
156,30,1
168,3,1
179,33,1
194,35,1
159,42,1
179,49,1
174,45,1
189,7,1
166,36,1
159,24,1
186,7,1
166,2,1
153,19,1
171,27,1
187,15,1
191,41,1
179,48,1
169,42,1
163,23,1
189,31,1
154,13,1
181,30,1
192,41,1
181,12,1
199,21,1
178,22,1
173,42,1
168,33,1
176,8,1
158,35,1
174,5,1
154,28,1
169,44,1
168,45,1
159,7,1
188,38,1
194,21,1
180,16,1
171,17,1
162,7,1
173,21,1
184,29,1
165,9,1
188,17,1
171,6,1
174,46,1
162,36,1
187,7,1
177,22,1
184,35,1
192,20,1
177,40,1
160,23,1
182,45,1
188,11,1
176,43,1
172,10,1
179,21,1
161,16,1
164,18,1
186,10,1
193,11,1
185,22,1
176,49,1
180,42,1
174,46,1
185,6,1
160,26,1
185,21,1
170,40,1
195,37,1
167,42,1
176,28,1
164,4,1
188,31,1
188,12,1
188,41,1
152,24,1
159,16,1
168,11,1
166,38,1
183,25,1
193,8,1
199,25,1
157,31,1
184,10,1
152,28,1
154,21,1
158,18,1
169,33,1
167,18,1
169,49,1
156,40,1
188,29,1
163,21,1
177,40,1
183,5,1
191,34,1
167,14,1
174,26,1
166,14,1
160,40,1
157,29,1
159,32,1
156,41,1
159,25,1
184,9,1
153,35,1
159,12,1
194,17,1
180,3,1
172,45,1
170,22,1
190,22,1
197,22,1
187,12,1
173,27,1
176,45,1
180,32,1
166,4,1
179,16,1
197,22,1
185,6,1
194,32,1
184,30,1
162,15,1
177,44,1
171,48,1
175,44,1
168,14,1
188,5,1
183,29,1
197,35,1
188,13,1
199,18,1
175,10,1
190,6,1
177,37,1
172,22,1
154,26,1
182,49,1
174,40,1
161,6,1
190,25,1
196,25,1
174,40,1
159,21,1
167,3,1
182,49,1
198,17,1
155,14,1
177,33,1
165,16,1
163,31,1
177,11,1
174,44,1
195,20,1
193,17,1
176,19,1
168,40,1
160,12,1
164,45,1
162,14,1
197,22,1
194,14,1
183,4,1
168,18,1
170,47,1
163,14,1
197,20,1
179,17,1
180,26,1
186,30,1
193,11,1
188,33,1
185,8,1
164,30,1
158,9,1
162,29,1
166,12,1
176,3,1
169,12,1
176,28,1
161,18,1
168,8,1
173,47,1
175,29,1
157,14,1
170,38,1
192,25,1
184,30,1
187,17,1
162,43,1
175,19,1
156,17,1
192,18,1
168,26,1
155,16,1
189,24,1
160,15,1
170,30,1
183,11,1
154,29,1
186,10,1
157,39,1
154,15,1
189,9,1
171,23,1
194,34,1
178,18,1
164,33,1
160,45,1
173,27,1
173,27,1
195,12,1
189,38,1
169,6,1
186,8,1
173,40,1
162,46,1
162,4,1
185,40,1
155,11,1
193,14,1
168,35,1
176,28,1
183,47,1
157,11,1
174,44,1
173,42,1
191,44,1
194,15,1
196,33,1
187,34,1
169,16,1
160,33,1
186,21,1
176,15,1
158,38,1
175,2,1
164,21,1
190,42,1
170,41,1
190,23,1
175,33,1
162,36,1
157,30,1
184,2,1
174,37,1
173,43,1
165,47,1
161,40,1
198,22,1
180,23,1
165,9,1
170,22,1
196,17,1
183,44,1
159,28,1
157,35,1
191,17,1
181,38,1
190,43,1
161,15,1
163,24,1
169,29,1
186,10,1
168,48,1
187,37,1
179,6,1
171,42,1
171,47,1
181,9,1
175,37,1
188,4,1
191,39,1
164,9,1
169,40,1
199,31,1
174,34,1
188,23,1
182,36,1
188,41,1
157,19,1
173,49,1
190,21,1
160,9,1
178,30,1
187,39,1
161,21,1
163,45,1
194,23,1
177,34,1
162,4,1
194,36,1
160,30,1
158,15,1
187,8,1
188,22,1
195,31,1
162,9,1
189,36,1
193,19,1
173,30,1
174,36,1
178,24,1
188,22,1
180,6,1
161,40,1
182,2,1
162,34,1
164,37,1
185,26,1
196,30,1
192,11,1
185,39,1
158,24,1
160,37,1
169,16,1
174,34,1
161,29,1
181,23,1
168,12,1
180,2,1
186,23,1
192,32,1
182,22,1
170,5,1
179,8,1
155,11,1
164,32,1
151,24,1
165,20,1
152,27,1
181,21,1
166,43,1
177,49,1
170,3,1
194,22,1
156,36,1
163,33,1
162,28,1
183,42,1
177,45,1
165,15,1
191,35,1
193,20,1
157,37,1
196,28,1
190,18,1
199,22,1
162,27,1
192,39,1
185,20,1
183,17,1
165,19,1
160,34,1
158,18,1
164,38,1
197,31,1
153,24,1
180,1,1
182,40,1
173,13,1
156,29,1
161,37,1
160,8,1
183,3,1
163,43,1
156,29,1
173,19,1
165,11,1
181,17,1
160,38,1
174,27,1
184,10,1
173,8,1
170,6,1
155,25,1
165,38,1
184,19,1
153,20,1
177,1,1
196,14,1
173,2,1
196,32,1
188,4,1
187,44,1
176,4,1
194,20,1
162,10,1
186,6,1
151,25,1
164,44,1
171,29,1
176,49,1
162,8,1
168,6,1
175,28,1
172,20,1
185,24,1
180,35,1
192,35,1
195,37,1
159,43,1
174,34,1
166,23,1
190,27,1
176,32,1
158,16,1
199,23,1
169,49,1
188,41,1
166,37,1
191,12,1
170,36,1
162,7,1
169,31,1
173,20,1
177,12,1
195,12,1
172,14,1
153,15,1
191,30,1
180,46,1
195,21,1
198,24,1
164,42,1
177,21,1
180,27,1
173,4,1
168,10,1
185,47,1
180,39,1
167,8,1
183,6,1
194,19,1
156,39,1
171,21,1
174,11,1
197,28,1
179,10,1
154,35,1
167,2,1
183,20,1
166,2,1
167,27,1
191,10,1
198,26,1
173,22,1
158,21,1
198,30,1
163,4,1
176,25,1
188,18,1
168,19,1
172,3,1
163,19,1
165,5,1
152,33,1
175,13,1
168,32,1
192,38,1
168,8,1
176,4,1
159,10,1
165,16,1
182,40,1
182,24,1
156,16,1
195,17,1
176,5,1
185,31,1
187,17,1
169,20,1
160,30,1
173,45,1
186,4,1
174,34,1
174,32,1
166,2,1
165,34,1
158,38,1
172,10,1
151,31,1
177,3,1
165,37,1
195,39,1
164,4,1
175,50,1
180,41,1
162,28,1
172,24,1
152,27,1
161,23,1
193,23,1
189,28,1
186,21,1
157,42,1
161,39,1
185,22,1
176,46,1
195,30,1
179,7,1
195,11,1
151,32,1
175,27,1
167,26,1
164,38,1
159,20,1
180,35,1
161,26,1
162,43,1
167,2,1
189,30,1
155,13,1
190,8,1
188,17,1
160,41,1
193,32,1
190,45,1
174,48,1
196,17,1
169,29,1
171,19,1
176,30,1
173,33,1
181,39,1
178,49,1
181,10,1
196,18,1
192,16,1
172,27,1
174,20,1
155,34,1
178,18,1
194,29,1
185,27,1
180,25,1
166,47,1
177,43,1
158,14,1
157,27,1
179,15,1
190,8,1
167,37,1
174,11,1
182,13,1
175,10,1
197,20,1
198,16,1
191,33,1
159,27,1
183,16,1
173,23,1
154,31,1
185,46,1
177,9,1
175,11,1
