12,21,0
15,28,0
34,38,0
9,43,0
23,34,0
27,15,0
16,47,0
32,46,0
15,42,0
41,7,0
18,9,0
23,34,0
16,29,0
30,17,0
32,4,0
39,39,0
13,8,0
13,11,0
16,17,0
29,49,0
6,20,0
26,29,0
19,14,0
7,21,0
5,24,0
31,28,0
14,16,0
9,17,0
29,3,0
27,40,0
17,20,0
17,43,0
43,29,0
9,40,0
4,12,0
43,21,0
22,31,0
13,8,0
21,31,0
40,14,0
29,26,0
7,11,0
50,25,0
45,28,0
38,16,0
38,31,0
11,9,0
6,27,0
44,37,0
46,23,0
23,39,0
15,33,0
28,2,0
42,15,0
43,33,0
27,23,0
27,10,0
18,32,0
23,28,0
14,47,0
22,42,0
5,13,0
29,9,0
38,27,0
24,6,0
30,48,0
15,47,0
11,21,0
43,38,0
27,45,0
16,43,0
10,26,0
30,20,0
14,18,0
7,17,0
45,13,0
23,44,0
20,42,0
4,13,0
45,22,0
32,33,0
30,40,0
27,5,0
42,30,0
27,30,0
9,22,0
18,28,0
17,28,0
47,14,0
34,17,0
25,43,0
11,43,0
47,30,0
34,20,0
22,6,0
9,37,0
40,19,0
39,13,0
36,34,0
24,1,0
41,15,0
43,40,0
28,6,0
18,6,0
14,41,0
33,41,0
16,25,0
16,29,0
23,32,0
17,18,0
21,43,0
43,26,0
19,29,0
21,49,0
23,7,0
29,45,0
30,5,0
44,29,0
20,29,0
20,1,0
48,32,0
44,14,0
48,16,0
38,33,0
29,32,0
39,14,0
37,41,0
9,7,0
29,31,0
20,40,0
4,19,0
27,38,0
16,6,0
25,40,0
9,26,0
14,3,0
17,6,0
49,19,0
43,38,0
25,15,0
42,26,0
21,29,0
5,29,0
45,20,0
26,27,0
27,25,0
28,25,0
4,36,0
48,21,0
34,25,0
25,14,0
43,10,0
25,29,0
29,8,0
40,14,0
22,26,0
45,21,0
33,16,0
9,13,0
27,24,0
21,42,0
20,9,0
45,21,0
11,30,0
9,17,0
22,22,0
31,47,0
36,30,0
31,18,0
18,48,0
21,18,0
46,26,0
4,30,0
30,5,0
32,34,0
40,7,0
22,13,0
31,11,0
37,30,0
37,11,0
20,41,0
29,29,0
42,21,0
31,49,0
10,12,0
15,19,0
36,8,0
22,41,0
46,14,0
17,12,0
13,39,0
1,29,0
41,31,0
23,35,0
4,26,0
36,35,0
15,44,0
5,30,0
7,26,0
23,29,0
47,28,0
9,29,0
8,8,0
3,26,0
42,14,0
17,12,0
12,27,0
1,21,0
19,12,0
18,31,0
39,26,0
22,9,0
17,2,0
22,19,0
33,35,0
37,41,0
18,30,0
16,8,0
33,45,0
18,34,0
45,31,0
21,40,0
35,46,0
23,34,0
38,19,0
28,32,0
43,25,0
36,5,0
9,44,0
28,2,0
18,23,0
19,18,0
21,34,0
40,24,0
8,40,0
40,21,0
39,6,0
33,42,0
20,13,0
29,46,0
28,8,0
4,19,0
17,42,0
18,17,0
40,20,0
15,3,0
34,11,0
30,24,0
27,31,0
32,42,0
168,9,1
162,9,1
177,46,1
178,5,1
176,32,1
167,3,1
173,49,1
167,46,1
181,16,1
169,38,1
159,17,1
174,32,1
181,35,1
174,49,1
164,39,1
172,20,1
158,42,1
172,26,1
177,16,1
184,25,1
179,10,1
167,7,1
178,35,1
154,38,1
165,34,1
155,29,1
171,36,1
172,30,1
196,32,1
169,28,1
176,34,1
172,1,1
176,41,1
153,16,1
172,44,1
160,43,1
184,7,1
187,38,1
175,41,1
177,12,1
156,18,1
170,45,1
166,13,1
195,31,1
154,35,1
181,42,1
191,20,1
178,28,1
156,39,1
181,8,1
174,30,1
179,21,1
168,23,1
195,14,1
173,16,1
187,7,1
158,12,1
182,31,1
171,1,1
174,31,1
185,24,1
195,20,1
188,27,1
187,15,1
167,46,1
174,7,1
172,47,1
195,39,1
163,11,1
187,38,1
175,6,1
151,23,1
151,26,1
188,39,1
184,40,1
172,34,1
169,46,1
195,37,1
177,33,1
155,32,1
188,21,1
169,28,1
160,19,1
185,6,1
168,12,1
189,6,1
157,20,1
187,20,1
198,22,1
181,11,1
180,2,1
180,18,1
168,46,1
165,46,1
176,30,1
178,20,1
186,8,1
162,16,1
192,31,1
176,11,1
160,41,1
168,48,1
194,30,1
178,35,1
179,34,1
172,8,1
160,25,1
187,36,1
181,6,1
189,16,1
162,40,1
181,6,1
157,19,1
165,9,1
154,27,1
195,37,1
156,15,1
180,7,1
177,43,1
192,35,1
177,26,1
186,10,1
161,36,1
156,23,1
156,22,1
200,25,1
167,23,1
196,20,1
153,25,1
180,40,1
183,18,1
179,47,1
193,12,1
170,40,1
155,28,1
180,32,1
193,12,1
163,14,1
168,2,1
188,16,1
166,10,1
174,27,1
186,27,1
168,48,1
173,17,1
181,42,1
175,6,1
196,13,1
157,20,1
175,14,1
170,19,1
158,36,1
164,21,1
190,23,1
167,23,1
185,12,1
156,23,1
194,14,1
186,23,1
179,4,1
190,12,1
179,9,1
164,18,1
164,13,1
153,29,1
156,27,1
185,43,1
191,44,1
176,35,1
164,27,1
161,20,1
181,24,1
157,24,1
173,6,1
182,39,1
161,36,1
174,29,1
160,25,1
172,12,1
157,22,1
175,28,1
154,21,1
174,25,1
192,17,1
177,33,1
165,43,1
193,20,1
174,35,1
177,47,1
161,33,1
180,46,1
188,5,1
173,34,1
155,35,1
195,34,1
169,31,1
179,17,1
193,32,1
181,11,1
166,19,1
192,39,1
184,43,1
154,17,1
194,19,1
183,2,1
182,49,1
180,2,1
187,12,1
169,43,1
157,39,1
176,48,1
186,35,1
174,2,1
175,9,1
157,19,1
177,13,1
165,19,1
155,36,1
160,39,1
167,29,1
177,49,1
178,42,1
177,31,1
162,44,1
170,25,1
182,28,1
159,41,1
155,18,1
199,27,1
174,22,1
168,11,1
170,5,1
176,28,1
163,37,1
198,17,1
165,31,1
175,21,1
167,48,1
186,14,1
174,1,1
179,29,1
193,15,1
194,41,1
158,40,1
178,24,1
188,8,1
170,12,1
178,16,1
168,25,1
179,20,1
181,3,1
182,20,1
191,42,1
187,35,1
177,48,1
180,12,1
175,31,1
168,14,1
171,21,1
162,46,1
180,44,1
193,30,1
185,19,1
153,35,1
156,26,1
173,28,1
155,31,1
198,19,1
172,10,1
158,24,1
168,13,1
165,31,1
183,6,1
182,41,1
174,41,1
162,17,1
160,21,1
197,26,1
181,18,1
163,15,1
182,26,1
182,27,1
181,48,1
196,25,1
193,23,1
191,30,1
186,36,1
175,40,1
153,24,1
181,13,1
170,37,1
185,42,1
166,8,1
182,40,1
174,8,1
193,28,1
171,20,1
186,38,1
187,42,1
169,32,1
167,8,1
161,25,1
162,35,1
158,21,1
180,16,1
166,44,1
176,32,1
168,2,1
180,19,1
180,24,1
165,16,1
172,39,1
174,22,1
167,34,1
181,40,1
196,12,1
160,16,1
167,34,1
183,39,1
169,27,1
170,2,1
190,19,1
179,4,1
160,18,1
173,2,1
191,22,1
166,16,1
174,33,1
184,35,1
199,18,1
193,35,1
166,26,1
163,26,1
158,29,1
188,38,1
177,26,1
186,27,1
162,32,1
189,8,1
175,35,1
159,23,1
195,36,1
172,16,1
175,46,1
167,24,1
170,48,1
182,35,1
166,48,1
166,30,1
176,45,1
167,3,1
174,12,1
162,23,1
166,14,1
160,15,1
173,36,1
178,49,1
171,48,1
160,13,1
169,20,1
198,32,1
186,34,1
187,20,1
170,12,1
165,35,1
174,36,1
170,32,1
162,13,1
175,35,1
191,44,1
159,26,1
158,16,1
170,43,1
195,22,1
169,21,1
155,29,1
176,35,1
159,27,1
180,46,1
196,31,1
192,17,1
168,31,1
183,30,1
164,18,1
188,16,1
154,18,1
173,12,1
163,43,1
169,7,1
183,26,1
177,13,1
187,27,1
183,33,1
188,40,1
163,13,1
187,28,1
186,47,1
156,21,1
183,14,1
177,34,1
160,13,1
170,9,1
179,48,1
187,5,1
156,26,1
199,19,1
177,43,1
173,26,1
153,32,1
157,36,1
196,32,1
192,18,1
167,37,1
195,23,1
194,20,1
186,37,1
160,22,1
171,19,1
169,33,1
176,16,1
153,35,1
192,42,1
162,37,1
191,33,1
184,22,1
191,25,1
167,8,1
173,33,1
182,44,1
187,10,1
185,34,1
158,11,1
191,21,1
197,30,1
174,45,1
177,20,1
188,34,1
183,20,1
188,46,1
190,37,1
190,33,1
168,38,1
185,32,1
183,26,1
165,41,1
175,2,1
178,47,1
153,14,1
166,42,1
181,13,1
157,24,1
158,35,1
179,41,1
176,18,1
174,2,1
159,36,1
170,29,1
195,13,1
191,39,1
190,30,1
179,42,1
173,32,1
160,15,1
155,29,1
172,33,1
167,21,1
173,26,1
158,24,1
195,29,1
158,39,1
164,33,1
188,18,1
161,9,1
163,23,1
155,22,1
157,14,1
177,15,1
183,35,1
177,45,1
183,39,1
165,16,1
179,9,1
153,14,1
190,34,1
155,30,1
194,14,1
171,22,1
191,23,1
167,32,1
165,40,1
191,38,1
188,42,1
186,44,1
157,16,1
182,37,1
179,9,1
154,29,1
197,24,1
172,18,1
186,4,1
159,34,1
191,20,1
196,13,1
169,43,1
180,20,1
190,26,1
153,27,1
178,25,1
173,42,1
163,39,1
189,5,1
167,25,1
172,45,1
187,42,1
167,23,1
172,21,1
167,33,1
197,30,1
162,35,1
157,32,1
181,47,1
182,3,1
161,40,1
167,4,1
164,19,1
170,33,1
162,9,1
195,33,1
176,6,1
177,34,1
153,28,1
160,40,1
160,44,1
178,38,1
199,19,1
164,3,1
183,17,1
179,45,1
195,25,1
182,24,1
154,29,1
168,40,1
185,9,1
166,18,1
188,26,1
175,14,1
174,39,1
180,1,1
166,37,1
182,37,1
194,30,1
152,19,1
163,42,1
157,16,1
187,32,1
159,10,1
191,37,1
192,29,1
165,40,1
196,30,1
168,18,1
170,39,1
177,31,1
167,27,1
153,16,1
194,33,1
159,13,1
176,13,1
191,10,1
186,16,1
192,18,1
168,25,1
166,8,1
195,32,1
173,12,1
185,45,1
169,36,1
194,21,1
178,39,1
170,34,1
180,36,1
161,45,1
163,11,1
190,45,1
161,17,1
167,44,1
164,13,1
167,47,1
176,17,1
175,33,1
164,30,1
165,36,1
185,31,1
175,17,1
159,7,1
189,25,1
163,13,1
191,42,1
190,38,1
170,36,1
171,45,1
173,11,1
167,26,1
182,7,1
157,26,1
189,29,1
188,36,1
165,17,1
169,30,1
173,36,1
171,49,1
199,25,1
179,7,1
173,31,1
168,9,1
158,31,1
157,29,1
196,36,1
165,27,1
178,11,1
190,44,1
159,28,1
161,13,1
165,47,1
176,26,1
164,11,1
181,31,1
168,33,1
168,48,1
166,32,1
190,12,1
166,17,1
171,3,1
184,42,1
151,24,1
157,20,1
187,45,1
196,35,1
169,7,1
186,46,1
178,35,1
181,30,1
192,22,1
167,5,1
172,28,1
186,38,1
151,22,1
177,29,1
198,22,1
181,23,1
183,31,1
155,11,1
179,34,1
168,21,1
176,44,1
194,24,1
190,11,1
167,28,1
196,37,1
162,24,1
162,21,1
167,20,1
172,43,1
171,9,1
164,22,1
169,45,1
181,5,1
161,18,1
188,9,1
166,34,1
174,14,1
180,12,1
166,18,1
192,28,1
198,32,1
167,29,1
188,32,1
184,36,1
181,44,1
168,15,1
167,19,1
187,16,1
192,27,1
176,44,1
175,2,1
165,32,1
182,30,1
193,42,1
173,38,1
165,22,1
168,1,1
156,32,1
175,33,1
166,20,1
180,2,1
181,24,1
169,23,1
185,24,1
165,15,1
158,34,1
193,14,1
166,44,1
159,41,1
175,16,1
170,36,1
185,21,1
186,19,1
154,36,1
167,17,1
167,38,1
154,17,1
178,26,1
198,16,1
185,25,1
195,33,1
193,24,1
186,10,1
153,24,1
172,26,1
164,36,1
174,47,1
165,29,1
185,15,1
180,34,1
194,36,1
189,12,1
158,20,1
187,17,1
167,45,1
181,49,1
197,32,1
176,42,1
164,26,1
180,22,1
164,33,1
162,35,1
196,23,1
171,22,1
183,7,1
164,19,1
181,3,1
164,27,1
171,41,1
154,28,1
168,22,1
165,17,1
159,22,1
182,30,1
189,36,1
166,18,1
