24,5,0
29,15,0
17,12,0
24,39,0
40,7,0
45,29,0
43,32,0
19,13,0
5,39,0
38,5,0
18,33,0
32,17,0
16,2,0
29,9,0
2,20,0
38,25,0
16,44,0
23,41,0
37,6,0
40,12,0
31,38,0
10,43,0
30,22,0
26,39,0
20,9,0
8,13,0
17,42,0
33,5,0
6,37,0
34,9,0
47,17,0
19,24,0
11,20,0
32,37,0
5,30,0
24,34,0
24,2,0
38,27,0
16,23,0
3,22,0
49,19,0
45,20,0
10,40,0
31,26,0
34,32,0
5,21,0
3,27,0
25,49,0
6,23,0
5,21,0
44,39,0
1,32,0
16,10,0
30,33,0
37,35,0
38,28,0
29,23,0
38,42,0
11,9,0
31,26,0
36,47,0
32,4,0
8,34,0
2,20,0
2,18,0
9,41,0
31,14,0
23,33,0
13,21,0
13,21,0
18,32,0
42,11,0
35,19,0
16,9,0
22,38,0
25,5,0
24,18,0
4,31,0
18,33,0
31,13,0
22,5,0
37,24,0
35,27,0
39,36,0
20,36,0
21,48,0
29,3,0
22,49,0
12,37,0
17,6,0
12,21,0
40,7,0
16,47,0
31,45,0
1,18,0
12,35,0
28,38,0
33,45,0
19,30,0
6,32,0
33,40,0
8,8,0
1,26,0
33,44,0
19,2,0
43,36,0
29,14,0
10,8,0
41,27,0
32,44,0
33,8,0
5,25,0
16,10,0
30,21,0
46,23,0
28,2,0
42,29,0
22,43,0
24,7,0
22,34,0
15,45,0
14,20,0
18,37,0
13,20,0
34,16,0
4,19,0
15,35,0
33,41,0
32,9,0
29,46,0
26,43,0
21,18,0
25,29,0
9,33,0
13,13,0
7,40,0
21,25,0
28,11,0
2,33,0
35,40,0
37,15,0
17,47,0
30,30,0
38,43,0
3,19,0
17,30,0
14,9,0
7,23,0
25,7,0
12,19,0
45,27,0
41,16,0
42,25,0
36,18,0
30,9,0
34,35,0
17,12,0
33,30,0
17,43,0
29,35,0
43,11,0
11,21,0
33,7,0
48,28,0
27,6,0
9,8,0
11,14,0
41,15,0
23,31,0
17,48,0
16,20,0
29,10,0
17,42,0
8,10,0
27,31,0
47,29,0
32,34,0
29,21,0
48,16,0
33,12,0
28,2,0
29,6,0
29,24,0
40,15,0
34,35,0
20,38,0
26,15,0
19,20,0
10,38,0
12,4,0
24,13,0
17,34,0
4,23,0
12,9,0
42,37,0
40,28,0
35,10,0
45,17,0
18,38,0
8,8,0
26,19,0
19,39,0
37,15,0
35,32,0
17,36,0
21,12,0
39,37,0
42,10,0
41,33,0
24,41,0
17,31,0
30,22,0
17,29,0
5,21,0
11,31,0
23,23,0
49,31,0
34,47,0
2,20,0
39,29,0
29,47,0
17,7,0
23,42,0
23,34,0
11,20,0
28,9,0
46,14,0
23,40,0
17,11,0
17,41,0
5,17,0
19,36,0
17,23,0
20,36,0
38,46,0
37,38,0
45,37,0
12,23,0
32,36,0
21,13,0
23,26,0
30,3,0
7,19,0
36,16,0
41,42,0
39,20,0
4,35,0
25,42,0
17,26,0
14,9,0
190,23,1
156,21,1
174,36,1
180,45,1
173,30,1
160,34,1
169,4,1
163,18,1
164,45,1
190,31,1
188,16,1
176,13,1
190,33,1
187,18,1
189,26,1
165,3,1
176,38,1
160,35,1
153,15,1
184,23,1
196,17,1
193,31,1
166,14,1
166,10,1
170,10,1
196,38,1
193,17,1
157,26,1
177,4,1
183,20,1
193,29,1
175,35,1
195,31,1
160,33,1
191,22,1
170,25,1
183,34,1
160,9,1
188,36,1
199,27,1
177,36,1
185,46,1
186,35,1
188,7,1
183,32,1
174,44,1
166,34,1
168,44,1
177,14,1
164,19,1
186,22,1
179,6,1
156,12,1
170,32,1
168,22,1
165,29,1
154,28,1
198,31,1
190,21,1
179,27,1
179,40,1
166,2,1
191,38,1
158,26,1
192,19,1
167,18,1
192,13,1
192,35,1
194,37,1
167,21,1
173,14,1
184,15,1
182,41,1
156,29,1
170,27,1
153,19,1
169,14,1
181,38,1
184,14,1
189,45,1
191,41,1
176,23,1
175,14,1
156,38,1
170,34,1
162,6,1
180,14,1
158,18,1
184,42,1
161,24,1
155,17,1
161,24,1
153,29,1
188,40,1
166,4,1
186,45,1
157,41,1
151,29,1
194,26,1
165,24,1
157,41,1
173,24,1
158,39,1
192,39,1
158,33,1
191,25,1
196,26,1
183,32,1
198,34,1
187,4,1
158,36,1
178,41,1
195,40,1
192,30,1
164,19,1
173,11,1
169,3,1
178,30,1
165,14,1
158,43,1
192,39,1
185,39,1
191,40,1
172,7,1
166,20,1
168,29,1
158,17,1
175,40,1
187,29,1
163,24,1
164,25,1
180,42,1
190,5,1
186,32,1
185,46,1
182,27,1
166,16,1
159,42,1
196,30,1
174,46,1
175,11,1
165,15,1
174,9,1
190,36,1
171,28,1
192,20,1
162,34,1
190,32,1
151,22,1
195,16,1
181,35,1
188,25,1
164,23,1
160,20,1
198,23,1
172,25,1
180,34,1
155,17,1
173,18,1
193,11,1
171,2,1
159,42,1
175,50,1
178,15,1
164,44,1
163,16,1
188,27,1
196,18,1
169,22,1
194,35,1
195,13,1
197,33,1
153,29,1
170,8,1
190,25,1
196,24,1
175,19,1
155,32,1
172,18,1
171,30,1
168,15,1
155,10,1
191,14,1
185,18,1
189,26,1
187,4,1
199,25,1
184,14,1
162,44,1
152,21,1
183,29,1
186,9,1
161,18,1
175,25,1
165,46,1
170,10,1
176,32,1
168,16,1
177,21,1
173,38,1
175,14,1
191,15,1
185,46,1
165,6,1
195,24,1
181,23,1
159,38,1
177,15,1
183,14,1
172,19,1
185,40,1
154,23,1
194,33,1
156,9,1
197,27,1
174,7,1
165,44,1
191,21,1
162,30,1
158,25,1
185,28,1
165,15,1
172,23,1
153,23,1
198,33,1
192,41,1
186,23,1
182,35,1
161,44,1
154,36,1
173,22,1
165,39,1
180,14,1
187,5,1
163,19,1
154,30,1
158,28,1
190,44,1
196,31,1
189,45,1
197,23,1
177,34,1
184,34,1
178,42,1
161,45,1
191,29,1
183,25,1
162,8,1
156,9,1
164,21,1
184,40,1
164,14,1
177,18,1
189,31,1
171,3,1
191,12,1
189,14,1
198,24,1
175,8,1
172,29,1
197,21,1
181,44,1
171,17,1
189,8,1
167,18,1
165,13,1
181,29,1
173,43,1
173,8,1
174,48,1
151,26,1
173,44,1
187,35,1
159,21,1
183,37,1
186,43,1
162,21,1
160,37,1
162,38,1
181,45,1
183,14,1
196,33,1
182,26,1
194,34,1
184,35,1
190,36,1
157,26,1
186,36,1
189,12,1
191,31,1
168,14,1
195,36,1
186,17,1
168,5,1
160,26,1
169,38,1
186,24,1
166,36,1
173,22,1
166,2,1
175,35,1
176,22,1
175,39,1
190,26,1
162,13,1
158,35,1
183,24,1
161,11,1
173,44,1
190,14,1
198,31,1
163,24,1
195,36,1
176,15,1
191,28,1
188,41,1
159,19,1
168,24,1
195,23,1
168,21,1
177,41,1
184,43,1
176,38,1
158,41,1
192,36,1
187,41,1
184,2,1
192,22,1
172,38,1
194,26,1
191,16,1
174,28,1
159,10,1
187,43,1
178,13,1
183,39,1
161,43,1
168,36,1
156,21,1
169,12,1
190,23,1
158,22,1
176,42,1
161,44,1
169,5,1
190,8,1
158,27,1
192,19,1
183,9,1
170,33,1
199,26,1
193,25,1
189,20,1
156,33,1
186,14,1
173,18,1
188,37,1
193,38,1
163,39,1
153,19,1
191,10,1
172,36,1
167,34,1
179,28,1
186,7,1
190,41,1
185,20,1
181,11,1
161,31,1
155,11,1
181,40,1
188,12,1
192,40,1
180,36,1
167,20,1
165,40,1
180,30,1
176,4,1
193,15,1
188,42,1
176,43,1
197,15,1
160,37,1
165,30,1
157,14,1
190,18,1
175,42,1
167,35,1
191,35,1
181,4,1
173,24,1
193,34,1
176,40,1
179,1,1
167,43,1
198,25,1
173,1,1
165,32,1
192,8,1
165,37,1
162,7,1
161,30,1
172,15,1
190,34,1
166,26,1
152,25,1
189,27,1
163,33,1
163,11,1
181,42,1
160,13,1
174,49,1
157,31,1
198,25,1
188,39,1
175,35,1
172,20,1
171,25,1
170,29,1
190,9,1
183,21,1
183,29,1
171,17,1
185,21,1
199,22,1
163,40,1
153,24,1
171,47,1
166,36,1
170,2,1
187,39,1
199,28,1
177,42,1
188,13,1
165,29,1
154,20,1
151,29,1
159,32,1
169,13,1
163,29,1
162,12,1
193,18,1
196,34,1
164,21,1
178,15,1
176,24,1
192,30,1
171,30,1
196,17,1
185,47,1
153,14,1
186,7,1
194,21,1
180,43,1
197,36,1
157,42,1
172,44,1
157,34,1
158,7,1
180,46,1
163,22,1
185,46,1
167,30,1
199,25,1
196,27,1
178,2,1
163,5,1
178,24,1
194,23,1
181,39,1
176,38,1
189,23,1
185,40,1
180,16,1
171,43,1
189,39,1
192,35,1
175,49,1
166,6,1
192,40,1
171,20,1
186,46,1
177,38,1
196,15,1
182,9,1
163,18,1
174,8,1
170,36,1
156,31,1
180,41,1
169,4,1
166,44,1
178,49,1
172,37,1
161,16,1
194,13,1
164,33,1
163,26,1
165,41,1
153,29,1
180,7,1
169,44,1
182,12,1
171,44,1
190,31,1
158,41,1
165,45,1
186,35,1
160,25,1
155,40,1
160,27,1
184,9,1
186,46,1
176,49,1
168,4,1
182,9,1
199,19,1
197,27,1
184,48,1
194,28,1
190,18,1
164,41,1
183,10,1
157,32,1
168,30,1
171,30,1
194,26,1
163,27,1
190,12,1
200,25,1
191,14,1
199,26,1
166,5,1
197,19,1
159,41,1
182,47,1
179,7,1
188,18,1
176,29,1
167,35,1
178,6,1
168,29,1
171,47,1
174,44,1
163,13,1
162,16,1
184,20,1
181,14,1
179,2,1
176,39,1
179,31,1
173,30,1
189,38,1
191,16,1
156,14,1
168,16,1
161,39,1
174,4,1
156,24,1
183,42,1
192,43,1
187,34,1
168,37,1
173,41,1
171,2,1
161,44,1
168,7,1
171,31,1
163,38,1
159,32,1
177,42,1
174,48,1
196,23,1
180,11,1
190,35,1
187,25,1
166,24,1
198,31,1
183,28,1
154,23,1
162,4,1
172,17,1
186,10,1
176,23,1
164,17,1
156,31,1
181,22,1
191,43,1
162,8,1
167,2,1
167,40,1
171,10,1
180,1,1
153,27,1
190,44,1
182,37,1
176,37,1
179,23,1
165,37,1
174,15,1
190,8,1
179,1,1
174,45,1
169,29,1
189,23,1
163,22,1
157,32,1
167,21,1
176,48,1
166,9,1
194,28,1
187,9,1
184,37,1
180,11,1
184,30,1
162,22,1
183,32,1
199,19,1
155,16,1
164,7,1
186,24,1
196,27,1
193,30,1
170,38,1
169,43,1
185,6,1
172,30,1
173,4,1
171,27,1
171,45,1
185,32,1
168,39,1
193,18,1
160,20,1
167,42,1
174,41,1
183,22,1
156,17,1
184,24,1
183,32,1
158,39,1
198,31,1
196,24,1
182,26,1
169,9,1
180,20,1
180,28,1
190,11,1
194,40,1
183,41,1
165,31,1
192,27,1
168,20,1
180,13,1
153,22,1
180,17,1
198,29,1
174,23,1
158,17,1
161,24,1
171,48,1
165,20,1
184,6,1
190,32,1
175,0,1
195,32,1
191,8,1
169,16,1
157,36,1
163,21,1
192,40,1
172,13,1
175,24,1
182,8,1
157,15,1
155,31,1
163,41,1
190,22,1
162,11,1
167,2,1
169,49,1
167,33,1
195,24,1
154,15,1
189,24,1
175,19,1
157,39,1
189,30,1
155,19,1
152,24,1
179,22,1
193,39,1
191,27,1
174,32,1
198,33,1
156,21,1
184,16,1
193,11,1
168,40,1
158,23,1
178,13,1
192,18,1
153,33,1
186,24,1
165,12,1
165,36,1
181,17,1
178,36,1
163,5,1
187,12,1
198,34,1
160,26,1
195,28,1
188,6,1
184,24,1
178,6,1
178,34,1
196,12,1
162,19,1
174,18,1
186,19,1
176,2,1
162,24,1
166,8,1
177,17,1
196,21,1
184,4,1
171,38,1
197,27,1
170,37,1
183,26,1
155,32,1
194,33,1
157,19,1
178,19,1
163,45,1
177,5,1
168,21,1
158,24,1
180,19,1
157,20,1
198,28,1
178,39,1
167,28,1
175,43,1
168,31,1
180,39,1
176,8,1
167,13,1
169,48,1
