15,44,0
48,27,0
16,27,0
9,14,0
7,32,0
21,5,0
37,20,0
30,41,0
17,10,0
32,16,0
23,4,0
25,6,0
24,19,0
8,8,0
30,32,0
31,32,0
15,14,0
23,8,0
23,16,0
22,12,0
11,24,0
38,28,0
42,10,0
36,15,0
33,8,0
37,20,0
7,35,0
8,17,0
14,35,0
9,21,0
40,42,0
10,24,0
23,18,0
12,19,0
15,17,0
14,3,0
30,42,0
30,1,0
1,18,0
37,45,0
4,32,0
3,31,0
5,23,0
8,25,0
34,15,0
8,25,0
3,33,0
39,20,0
15,21,0
16,17,0
25,50,0
27,23,0
23,16,0
3,26,0
14,45,0
8,30,0
31,29,0
2,31,0
33,10,0
42,29,0
30,8,0
20,20,0
26,11,0
8,25,0
32,5,0
17,42,0
28,37,0
27,31,0
17,29,0
14,15,0
13,42,0
45,31,0
27,12,0
44,21,0
37,27,0
40,20,0
2,22,0
18,48,0
13,37,0
41,11,0
16,18,0
44,32,0
36,12,0
38,25,0
28,15,0
8,7,0
20,25,0
34,25,0
15,15,0
41,31,0
40,45,0
15,38,0
10,38,0
17,15,0
22,23,0
40,15,0
6,33,0
7,19,0
10,26,0
40,34,0
16,6,0
18,34,0
1,24,0
26,26,0
20,12,0
26,25,0
20,14,0
4,38,0
30,8,0
7,30,0
21,24,0
34,16,0
9,38,0
11,7,0
15,6,0
6,32,0
22,11,0
27,9,0
20,49,0
2,32,0
15,36,0
21,3,0
26,45,0
42,27,0
19,33,0
30,8,0
37,38,0
40,12,0
25,12,0
46,32,0
4,32,0
4,17,0
8,39,0
35,5,0
10,13,0
38,6,0
4,31,0
7,13,0
33,14,0
12,9,0
38,36,0
28,48,0
40,42,0
9,20,0
17,17,0
31,7,0
8,14,0
17,44,0
19,49,0
7,41,0
38,29,0
14,16,0
42,34,0
28,33,0
5,40,0
47,31,0
40,38,0
27,45,0
25,18,0
12,44,0
5,10,0
1,29,0
24,45,0
36,46,0
22,3,0
49,28,0
27,15,0
25,21,0
3,17,0
16,32,0
16,20,0
15,6,0
11,6,0
24,23,0
31,4,0
33,19,0
15,6,0
22,43,0
38,39,0
22,1,0
31,14,0
44,31,0
45,23,0
18,21,0
28,39,0
11,19,0
19,14,0
30,39,0
30,21,0
46,21,0
42,38,0
11,28,0
27,18,0
37,11,0
46,32,0
11,26,0
13,41,0
29,46,0
32,44,0
22,49,0
25,17,0
16,5,0
3,18,0
19,19,0
40,21,0
24,46,0
16,4,0
45,39,0
34,7,0
19,41,0
30,49,0
8,36,0
20,8,0
13,4,0
38,27,0
11,15,0
35,28,0
29,42,0
22,39,0
12,37,0
45,11,0
37,29,0
40,6,0
48,18,0
43,13,0
46,22,0
13,46,0
29,48,0
4,12,0
12,38,0
35,43,0
22,17,0
8,26,0
42,22,0
26,48,0
47,32,0
40,35,0
47,36,0
7,27,0
27,36,0
30,44,0
33,22,0
12,8,0
39,21,0
17,37,0
1,22,0
39,26,0
28,48,0
7,27,0
44,10,0
175,31,1
167,48,1
171,40,1
191,10,1
165,3,1
161,42,1
188,35,1
162,34,1
193,23,1
176,5,1
195,11,1
172,47,1
183,35,1
192,15,1
156,28,1
171,22,1
191,14,1
190,42,1
173,34,1
178,46,1
182,29,1
188,7,1
170,30,1
186,27,1
169,14,1
162,14,1
193,32,1
191,13,1
196,25,1
167,8,1
160,17,1
151,25,1
157,19,1
171,47,1
173,4,1
169,23,1
173,13,1
154,35,1
185,33,1
184,3,1
181,4,1
182,21,1
177,45,1
187,10,1
168,6,1
195,21,1
165,25,1
199,20,1
192,38,1
183,21,1
191,34,1
193,9,1
152,18,1
177,4,1
178,37,1
157,25,1
172,32,1
166,19,1
171,7,1
158,27,1
180,2,1
151,19,1
199,24,1
184,12,1
163,5,1
169,7,1
180,7,1
187,31,1
186,41,1
186,16,1
175,24,1
167,39,1
166,26,1
179,23,1
164,38,1
196,23,1
164,6,1
158,15,1
172,1,1
179,37,1
159,21,1
169,19,1
158,29,1
183,25,1
171,44,1
173,47,1
173,39,1
163,14,1
186,23,1
186,24,1
187,38,1
172,41,1
176,5,1
174,35,1
189,20,1
182,35,1
193,21,1
188,45,1
160,44,1
185,26,1
166,17,1
189,43,1
180,37,1
194,34,1
167,23,1
165,20,1
165,23,1
199,32,1
198,27,1
164,34,1
170,17,1
176,33,1
154,28,1
153,27,1
159,26,1
164,34,1
182,45,1
153,32,1
169,44,1
199,19,1
189,31,1
153,34,1
162,37,1
160,13,1
175,40,1
181,12,1
174,10,1
180,41,1
179,6,1
158,36,1
161,13,1
193,42,1
179,25,1
186,39,1
193,13,1
169,27,1
156,40,1
195,32,1
182,44,1
178,22,1
193,11,1
191,40,1
196,37,1
181,16,1
184,17,1
164,29,1
188,38,1
155,19,1
186,36,1
155,36,1
177,27,1
178,45,1
168,47,1
193,14,1
193,12,1
194,10,1
173,4,1
185,8,1
185,45,1
166,12,1
159,22,1
180,16,1
173,16,1
182,37,1
175,25,1
169,16,1
168,16,1
166,44,1
184,4,1
170,23,1
156,30,1
160,12,1
170,2,1
168,34,1
167,44,1
181,44,1
172,42,1
191,38,1
195,30,1
152,21,1
182,48,1
161,9,1
177,42,1
176,1,1
167,16,1
181,39,1
182,17,1
197,22,1
185,27,1
171,35,1
183,48,1
192,24,1
173,33,1
162,30,1
199,19,1
167,32,1
193,39,1
170,22,1
183,38,1
175,6,1
187,7,1
175,42,1
166,3,1
153,19,1
151,26,1
176,40,1
164,3,1
193,8,1
179,27,1
194,35,1
194,20,1
184,35,1
156,25,1
154,16,1
194,28,1
175,9,1
163,16,1
173,13,1
176,12,1
189,44,1
185,31,1
164,46,1
191,7,1
168,39,1
174,26,1
183,32,1
192,18,1
178,6,1
162,8,1
171,48,1
172,43,1
186,40,1
192,40,1
196,15,1
159,8,1
184,25,1
177,9,1
166,4,1
151,30,1
167,34,1
163,23,1
171,10,1
200,25,1
160,12,1
194,16,1
185,17,1
183,37,1
188,45,1
163,31,1
193,15,1
188,8,1
180,11,1
189,28,1
160,45,1
166,48,1
187,30,1
190,39,1
165,32,1
182,19,1
153,19,1
181,36,1
176,41,1
195,34,1
174,38,1
174,43,1
164,13,1
177,48,1
164,20,1
165,42,1
172,24,1
179,28,1
168,42,1
158,34,1
184,14,1
160,13,1
163,26,1
161,38,1
189,21,1
188,11,1
193,41,1
192,9,1
181,35,1
188,20,1
172,22,1
156,15,1
162,42,1
180,27,1
167,19,1
172,21,1
190,29,1
173,29,1
170,26,1
159,22,1
191,27,1
170,27,1
192,43,1
191,22,1
163,46,1
178,25,1
170,4,1
187,33,1
181,32,1
188,39,1
190,37,1
197,34,1
169,49,1
175,16,1
166,20,1
182,28,1
197,20,1
192,22,1
162,39,1
172,16,1
178,9,1
183,5,1
178,4,1
183,15,1
155,16,1
172,17,1
199,20,1
186,24,1
159,13,1
196,17,1
194,14,1
158,16,1
173,37,1
163,15,1
189,10,1
196,15,1
198,33,1
192,19,1
169,26,1
154,22,1
170,41,1
200,25,1
176,19,1
199,22,1
188,4,1
164,14,1
160,20,1
193,8,1
161,15,1
151,21,1
176,14,1
188,5,1
186,24,1
183,10,1
178,31,1
184,27,1
186,18,1
185,45,1
172,2,1
172,15,1
157,41,1
171,17,1
193,14,1
191,37,1
180,45,1
161,37,1
183,32,1
179,6,1
175,48,1
164,26,1
176,47,1
165,5,1
156,32,1
167,2,1
194,12,1
167,25,1
176,18,1
193,26,1
198,27,1
165,29,1
191,14,1
185,22,1
186,26,1
174,25,1
179,1,1
161,16,1
174,26,1
166,17,1
173,33,1
160,34,1
188,44,1
187,13,1
170,46,1
167,43,1
168,47,1
193,27,1
167,22,1
160,5,1
165,45,1
171,36,1
162,35,1
177,10,1
187,15,1
166,39,1
162,32,1
192,40,1
183,7,1
196,15,1
178,31,1
186,30,1
158,11,1
165,31,1
172,16,1
183,45,1
172,39,1
182,12,1
176,15,1
174,25,1
195,40,1
155,15,1
167,21,1
178,7,1
172,39,1
193,29,1
173,43,1
198,30,1
193,8,1
175,15,1
166,4,1
165,17,1
167,12,1
172,11,1
187,7,1
161,19,1
174,22,1
177,39,1
190,37,1
168,16,1
176,30,1
166,45,1
172,34,1
178,46,1
187,29,1
158,37,1
193,11,1
176,12,1
186,22,1
161,5,1
183,25,1
170,16,1
162,29,1
167,27,1
170,15,1
168,24,1
193,27,1
159,31,1
180,23,1
175,30,1
168,46,1
190,33,1
173,28,1
177,26,1
180,31,1
166,6,1
196,28,1
152,19,1
194,16,1
177,49,1
160,7,1
175,40,1
172,17,1
177,12,1
168,44,1
163,11,1
167,8,1
175,21,1
182,20,1
189,33,1
168,48,1
187,39,1
171,48,1
168,8,1
172,25,1
179,19,1
177,24,1
168,21,1
182,33,1
175,25,1
154,15,1
167,47,1
169,43,1
154,31,1
156,28,1
163,29,1
175,34,1
170,37,1
160,26,1
160,9,1
167,48,1
177,4,1
159,41,1
170,22,1
152,32,1
176,29,1
159,29,1
160,26,1
191,37,1
170,16,1
184,34,1
184,29,1
174,8,1
161,35,1
156,17,1
156,35,1
171,8,1
172,30,1
155,20,1
181,18,1
155,19,1
175,39,1
167,44,1
169,28,1
164,18,1
184,11,1
197,18,1
196,24,1
162,43,1
173,2,1
169,18,1
151,30,1
170,33,1
184,2,1
160,12,1
170,44,1
185,4,1
197,24,1
190,23,1
175,2,1
160,7,1
159,42,1
184,15,1
166,11,1
180,23,1
189,13,1
170,15,1
159,26,1
181,31,1
170,9,1
170,43,1
179,20,1
174,11,1
187,45,1
165,36,1
168,8,1
191,25,1
173,6,1
166,44,1
155,19,1
192,23,1
165,24,1
191,25,1
171,15,1
194,34,1
155,22,1
175,35,1
187,21,1
190,15,1
167,23,1
175,13,1
151,19,1
188,15,1
188,13,1
198,25,1
186,15,1
180,2,1
176,32,1
164,37,1
161,40,1
158,35,1
185,12,1
190,20,1
179,44,1
163,37,1
197,14,1
155,37,1
157,16,1
186,12,1
168,26,1
181,44,1
165,43,1
181,39,1
158,36,1
173,8,1
163,5,1
178,20,1
170,19,1
159,36,1
192,9,1
176,13,1
180,33,1
161,41,1
173,40,1
170,1,1
177,13,1
182,15,1
156,15,1
165,10,1
157,28,1
166,28,1
183,35,1
168,23,1
163,29,1
166,11,1
182,36,1
160,37,1
165,10,1
190,45,1
196,23,1
183,24,1
186,28,1
172,1,1
163,42,1
173,44,1
161,22,1
195,36,1
158,24,1
177,22,1
156,12,1
186,47,1
172,17,1
162,6,1
173,25,1
174,40,1
171,17,1
161,20,1
162,46,1
166,39,1
174,2,1
173,33,1
190,34,1
152,16,1
187,11,1
173,29,1
177,22,1
194,15,1
174,18,1
182,45,1
195,21,1
199,31,1
194,22,1
176,23,1
196,16,1
184,13,1
178,9,1
168,17,1
162,10,1
195,23,1
152,28,1
161,17,1
170,32,1
163,26,1
165,12,1
171,37,1
178,15,1
165,18,1
176,37,1
196,24,1
168,25,1
162,14,1
162,7,1
198,24,1
153,34,1
171,45,1
162,20,1
177,33,1
191,34,1
171,31,1
193,10,1
191,23,1
168,33,1
166,26,1
171,8,1
160,38,1
176,31,1
185,37,1
179,21,1
166,39,1
155,10,1
166,36,1
188,44,1
156,40,1
198,20,1
151,27,1
167,6,1
172,48,1
181,4,1
176,13,1
156,32,1
186,10,1
171,49,1
196,38,1
162,45,1
180,15,1
163,7,1
162,5,1
184,44,1
157,41,1
179,17,1
181,10,1
176,39,1
172,17,1
179,30,1
196,35,1
179,13,1
180,3,1
168,5,1
172,14,1
190,9,1
166,33,1
191,7,1
188,27,1
160,14,1
175,8,1
153,21,1
160,12,1
168,25,1
169,25,1
161,9,1
160,36,1
162,38,1
175,0,1
198,34,1
196,30,1
154,18,1
158,17,1
163,19,1
182,31,1
169,5,1
163,18,1
161,37,1
187,16,1
170,26,1
192,20,1
162,20,1
188,32,1
166,39,1
197,35,1
193,33,1
193,26,1
154,21,1
176,25,1
190,19,1
165,46,1
176,15,1
156,38,1
173,29,1
189,11,1
