11,41,0
16,18,0
44,28,0
35,20,0
3,22,0
33,47,0
27,34,0
26,35,0
41,20,0
18,34,0
16,16,0
35,6,0
40,15,0
27,25,0
33,3,0
30,4,0
18,33,0
37,29,0
27,7,0
18,38,0
37,43,0
30,31,0
31,38,0
40,21,0
35,29,0
41,7,0
28,23,0
10,35,0
13,19,0
4,32,0
40,20,0
3,15,0
32,22,0
38,14,0
37,28,0
21,13,0
33,16,0
38,37,0
43,27,0
34,31,0
36,30,0
40,16,0
29,36,0
29,9,0
6,33,0
22,23,0
30,5,0
38,23,0
31,19,0
18,25,0
26,36,0
21,4,0
35,14,0
24,23,0
35,11,0
45,40,0
14,26,0
38,35,0
11,23,0
29,32,0
39,44,0
18,6,0
19,39,0
37,22,0
22,28,0
22,26,0
43,28,0
20,36,0
28,23,0
7,28,0
31,12,0
25,40,0
41,11,0
36,23,0
36,41,0
38,43,0
43,21,0
37,43,0
13,28,0
33,23,0
14,20,0
39,43,0
38,44,0
6,21,0
2,21,0
39,36,0
20,48,0
37,30,0
8,14,0
25,16,0
5,15,0
8,27,0
19,15,0
46,27,0
18,31,0
28,48,0
27,9,0
26,48,0
28,49,0
18,18,0
25,8,0
34,3,0
16,2,0
9,43,0
27,46,0
29,38,0
26,5,0
32,36,0
19,19,0
35,7,0
26,37,0
45,28,0
40,29,0
29,42,0
48,18,0
28,46,0
41,9,0
17,46,0
11,26,0
36,47,0
22,33,0
33,31,0
40,13,0
20,12,0
18,10,0
39,44,0
10,20,0
34,43,0
6,37,0
7,17,0
22,11,0
18,8,0
9,35,0
49,25,0
17,27,0
24,9,0
15,35,0
37,21,0
10,43,0
25,46,0
21,29,0
13,7,0
34,7,0
28,42,0
6,39,0
3,25,0
48,28,0
38,28,0
25,41,0
23,27,0
25,20,0
25,39,0
14,26,0
44,41,0
8,9,0
49,27,0
23,3,0
31,47,0
23,2,0
40,14,0
30,14,0
17,35,0
40,38,0
43,15,0
15,13,0
47,31,0
23,8,0
42,28,0
6,11,0
14,6,0
42,31,0
43,32,0
37,8,0
21,25,0
19,39,0
21,46,0
25,37,0
28,10,0
21,43,0
15,27,0
32,7,0
22,33,0
39,22,0
10,34,0
7,33,0
41,27,0
33,3,0
4,22,0
40,6,0
37,31,0
28,32,0
35,40,0
5,16,0
41,12,0
37,10,0
22,19,0
17,6,0
48,23,0
37,42,0
36,14,0
34,27,0
28,5,0
23,36,0
41,23,0
21,2,0
9,29,0
45,18,0
31,42,0
23,46,0
41,14,0
41,23,0
45,30,0
26,11,0
33,29,0
45,40,0
37,34,0
12,6,0
31,17,0
31,21,0
20,37,0
29,29,0
39,15,0
38,8,0
38,7,0
45,27,0
31,44,0
24,9,0
42,10,0
23,1,0
39,37,0
44,32,0
30,39,0
42,17,0
26,49,0
42,36,0
11,9,0
44,22,0
7,23,0
24,37,0
19,3,0
11,7,0
14,17,0
48,27,0
25,6,0
30,17,0
7,31,0
17,5,0
30,21,0
33,6,0
3,19,0
167,24,1
156,12,1
166,26,1
186,6,1
183,3,1
183,27,1
199,31,1
162,11,1
164,44,1
184,17,1
191,17,1
157,37,1
166,5,1
189,35,1
177,11,1
165,34,1
158,43,1
198,33,1
192,34,1
164,6,1
166,24,1
154,19,1
172,5,1
174,21,1
165,14,1
164,10,1
164,18,1
172,37,1
169,11,1
183,2,1
155,17,1
181,17,1
151,25,1
167,37,1
191,22,1
177,38,1
174,43,1
193,37,1
166,39,1
179,40,1
158,36,1
188,41,1
183,18,1
155,14,1
153,19,1
192,30,1
197,36,1
163,40,1
177,29,1
167,22,1
186,24,1
180,6,1
177,29,1
176,40,1
188,27,1
185,22,1
180,40,1
170,9,1
178,41,1
162,21,1
181,44,1
190,34,1
151,25,1
176,39,1
181,33,1
184,7,1
181,9,1
171,42,1
188,5,1
199,31,1
172,27,1
187,5,1
177,15,1
158,11,1
191,14,1
174,41,1
174,15,1
176,14,1
160,19,1
182,27,1
179,36,1
179,47,1
166,41,1
183,45,1
159,18,1
192,22,1
187,19,1
169,35,1
157,30,1
190,21,1
164,26,1
179,16,1
180,44,1
174,49,1
186,13,1
191,9,1
178,3,1
165,41,1
161,38,1
170,26,1
168,8,1
195,21,1
187,39,1
160,20,1
161,26,1
160,34,1
159,20,1
184,13,1
184,48,1
173,47,1
174,29,1
190,15,1
170,22,1
170,33,1
183,32,1
164,46,1
188,40,1
186,37,1
192,36,1
170,14,1
155,34,1
174,38,1
187,7,1
163,15,1
168,46,1
156,30,1
173,29,1
154,29,1
190,40,1
167,23,1
171,45,1
184,29,1
171,16,1
161,39,1
174,40,1
162,11,1
192,17,1
158,43,1
163,38,1
177,10,1
166,6,1
189,7,1
188,32,1
165,11,1
165,46,1
180,12,1
191,15,1
189,30,1
155,24,1
179,16,1
190,5,1
194,16,1
199,30,1
174,17,1
159,15,1
188,45,1
197,17,1
165,16,1
159,12,1
154,34,1
174,47,1
183,28,1
165,30,1
187,29,1
187,27,1
159,29,1
156,38,1
163,4,1
184,39,1
152,32,1
183,42,1
162,31,1
181,32,1
177,28,1
162,4,1
192,35,1
195,32,1
177,46,1
176,13,1
182,25,1
167,16,1
159,17,1
177,39,1
185,17,1
174,43,1
167,6,1
159,20,1
190,20,1
194,41,1
192,12,1
194,35,1
188,10,1
153,33,1
180,45,1
164,3,1
181,10,1
162,43,1
176,44,1
187,39,1
156,17,1
190,15,1
170,28,1
162,25,1
188,5,1
188,40,1
164,25,1
158,15,1
163,12,1
173,35,1
195,40,1
153,15,1
176,42,1
190,21,1
182,20,1
168,2,1
181,27,1
190,33,1
187,17,1
198,17,1
151,25,1
163,30,1
189,45,1
167,44,1
170,23,1
151,27,1
179,4,1
165,12,1
190,6,1
194,19,1
165,12,1
192,31,1
194,9,1
162,6,1
185,26,1
178,32,1
157,21,1
193,19,1
155,27,1
180,47,1
157,12,1
169,48,1
182,32,1
168,32,1
165,11,1
171,2,1
176,20,1
190,38,1
195,28,1
177,14,1
174,43,1
183,21,1
161,21,1
176,44,1
181,14,1
190,36,1
188,14,1
158,29,1
188,21,1
168,15,1
177,15,1
177,24,1
199,32,1
180,40,1
156,29,1
186,4,1
175,24,1
168,9,1
176,1,1
188,33,1
184,41,1
196,15,1
174,3,1
183,17,1
185,8,1
187,29,1
195,33,1
170,34,1
171,27,1
191,43,1
166,24,1
162,29,1
164,8,1
182,17,1
171,31,1
176,22,1
176,41,1
160,14,1
163,8,1
183,47,1
188,6,1
154,27,1
166,17,1
167,40,1
161,27,1
163,10,1
157,38,1
183,18,1
154,27,1
169,36,1
177,29,1
186,20,1
176,12,1
158,23,1
189,21,1
173,18,1
162,33,1
160,30,1
168,42,1
164,47,1
179,25,1
190,35,1
174,16,1
172,7,1
191,27,1
191,42,1
183,16,1
166,31,1
193,8,1
175,15,1
187,6,1
172,5,1
186,10,1
182,45,1
177,20,1
175,18,1
161,5,1
161,40,1
166,23,1
169,9,1
172,32,1
165,13,1
158,17,1
179,45,1
169,9,1
193,10,1
187,17,1
183,41,1
164,41,1
167,38,1
158,28,1
174,19,1
182,1,1
167,31,1
179,17,1
169,32,1
173,8,1
198,22,1
168,36,1
183,37,1
179,1,1
164,43,1
172,21,1
181,19,1
193,23,1
163,22,1
184,25,1
162,33,1
188,40,1
182,7,1
187,25,1
182,25,1
184,44,1
168,28,1
191,30,1
173,8,1
185,9,1
155,24,1
186,14,1
175,10,1
158,30,1
174,5,1
195,26,1
178,29,1
174,33,1
160,7,1
174,13,1
179,43,1
191,35,1
160,45,1
174,6,1
174,24,1
154,14,1
152,29,1
178,17,1
176,19,1
192,42,1
181,5,1
168,31,1
191,35,1
187,30,1
184,24,1
193,15,1
183,16,1
178,3,1
171,14,1
177,12,1
154,33,1
181,25,1
185,21,1
177,14,1
179,28,1
184,33,1
199,29,1
182,13,1
176,11,1
170,37,1
190,25,1
185,5,1
164,30,1
179,46,1
164,26,1
159,17,1
167,11,1
167,36,1
173,2,1
194,13,1
188,6,1
154,35,1
173,1,1
197,14,1
157,12,1
153,15,1
171,46,1
196,26,1
171,6,1
197,22,1
172,32,1
169,9,1
193,27,1
193,10,1
177,1,1
169,7,1
170,16,1
154,31,1
194,31,1
179,45,1
162,25,1
170,8,1
177,30,1
172,47,1
181,11,1
153,16,1
175,26,1
186,33,1
153,36,1
167,44,1
172,46,1
157,23,1
170,14,1
189,30,1
184,47,1
171,12,1
166,16,1
156,35,1
192,43,1
195,17,1
182,43,1
175,38,1
184,19,1
177,32,1
171,38,1
182,44,1
177,2,1
155,34,1
180,31,1
176,33,1
174,43,1
194,15,1
181,42,1
184,15,1
169,46,1
171,11,1
195,35,1
187,15,1
179,12,1
153,20,1
182,17,1
178,18,1
176,33,1
191,41,1
194,12,1
160,10,1
192,37,1
186,23,1
174,11,1
160,42,1
154,13,1
182,44,1
162,44,1
163,44,1
167,37,1
185,16,1
179,9,1
194,20,1
171,16,1
186,12,1
188,6,1
177,18,1
173,43,1
159,32,1
160,19,1
150,25,1
171,49,1
176,9,1
179,29,1
166,13,1
173,12,1
168,46,1
165,15,1
186,21,1
170,44,1
191,41,1
172,6,1
155,10,1
187,38,1
198,16,1
163,42,1
173,44,1
183,16,1
195,10,1
183,32,1
197,35,1
169,18,1
165,32,1
181,42,1
187,34,1
180,31,1
178,23,1
182,10,1
168,13,1
197,30,1
168,39,1
198,27,1
165,16,1
172,19,1
158,22,1
191,31,1
184,22,1
180,32,1
169,35,1
166,37,1
158,14,1
177,11,1
164,8,1
171,4,1
175,16,1
177,36,1
191,17,1
186,40,1
169,23,1
152,18,1
160,33,1
156,28,1
180,27,1
194,24,1
172,12,1
185,8,1
161,5,1
190,20,1
197,16,1
157,17,1
152,25,1
189,35,1
163,37,1
162,41,1
157,40,1
163,5,1
168,14,1
164,33,1
185,6,1
181,14,1
159,18,1
165,23,1
186,31,1
152,17,1
182,14,1
161,41,1
154,38,1
173,9,1
194,14,1
160,25,1
175,11,1
169,17,1
176,9,1
180,33,1
181,16,1
186,29,1
177,5,1
198,31,1
193,21,1
158,13,1
167,10,1
197,29,1
174,39,1
184,2,1
173,41,1
163,26,1
183,4,1
175,43,1
164,42,1
162,44,1
168,23,1
188,4,1
197,28,1
176,25,1
160,28,1
166,19,1
193,21,1
176,23,1
184,48,1
168,45,1
178,2,1
179,26,1
191,32,1
156,27,1
177,24,1
196,36,1
183,37,1
167,23,1
161,6,1
193,30,1
164,42,1
188,7,1
182,14,1
198,31,1
158,21,1
166,17,1
181,15,1
162,28,1
156,12,1
179,17,1
160,7,1
153,24,1
171,38,1
177,19,1
175,15,1
165,24,1
171,39,1
191,39,1
174,27,1
165,24,1
168,36,1
179,33,1
176,27,1
157,19,1
169,9,1
156,10,1
155,11,1
169,29,1
184,4,1
196,32,1
190,31,1
158,14,1
162,4,1
178,3,1
153,23,1
188,18,1
181,11,1
164,10,1
154,37,1
171,17,1
162,23,1
163,34,1
183,2,1
151,32,1
187,12,1
189,8,1
172,1,1
165,25,1
166,32,1
156,34,1
189,42,1
168,39,1
161,33,1
179,29,1
151,20,1
180,19,1
175,40,1
178,42,1
195,29,1
183,34,1
174,13,1
165,26,1
163,12,1
160,11,1
165,19,1
190,36,1
161,12,1
166,11,1
170,13,1
173,34,1
167,39,1
151,28,1
157,8,1
154,14,1
168,39,1
187,39,1
179,38,1
180,31,1
189,8,1
170,37,1
176,45,1
160,15,1
156,26,1
172,17,1
165,46,1
164,6,1
188,22,1
171,17,1
182,41,1
175,11,1
164,31,1
168,21,1
197,17,1
185,14,1
170,6,1
188,41,1
190,16,1
191,40,1
168,7,1
177,24,1
171,19,1
179,15,1
172,10,1
176,39,1
177,26,1
156,17,1
169,39,1
166,39,1
166,4,1
152,16,1
180,43,1
181,38,1
157,35,1
172,41,1
167,46,1
183,9,1
155,24,1
162,42,1
159,44,1
184,18,1
173,32,1
167,23,1
166,22,1
164,33,1
161,40,1
164,33,1
184,7,1
173,15,1
178,29,1
