14,14,0
25,24,0
16,29,0
40,25,0
41,11,0
36,14,0
40,44,0
17,25,0
6,25,0
18,47,0
20,13,0
35,18,0
20,1,0
33,34,0
24,39,0
33,2,0
34,6,0
24,9,0
35,14,0
49,30,0
40,39,0
16,37,0
42,12,0
34,41,0
40,23,0
26,19,0
13,14,0
29,2,0
41,40,0
19,8,0
19,39,0
11,43,0
16,5,0
16,32,0
24,17,0
23,14,0
22,45,0
7,11,0
3,35,0
6,17,0
29,21,0
6,19,0
7,33,0
27,17,0
2,16,0
11,13,0
19,2,0
28,28,0
5,23,0
41,29,0
32,12,0
17,29,0
37,5,0
41,10,0
7,40,0
13,5,0
12,30,0
36,37,0
37,18,0
3,23,0
15,46,0
39,22,0
18,21,0
45,25,0
44,27,0
23,45,0
45,28,0
26,46,0
21,39,0
44,40,0
48,20,0
24,36,0
29,40,0
38,26,0
43,24,0
28,35,0
27,22,0
32,35,0
5,12,0
36,14,0
27,18,0
17,9,0
29,3,0
18,8,0
24,45,0
15,11,0
27,23,0
24,41,0
12,10,0
23,2,0
29,5,0
28,18,0
30,21,0
28,13,0
32,1,0
36,11,0
47,36,0
24,23,0
30,15,0
19,18,0
20,42,0
14,44,0
17,32,0
35,6,0
40,15,0
10,22,0
35,32,0
26,1,0
24,16,0
32,21,0
14,44,0
26,13,0
25,44,0
5,13,0
17,41,0
12,33,0
30,17,0
35,21,0
32,36,0
18,8,0
20,15,0
6,38,0
26,42,0
21,48,0
5,30,0
3,25,0
17,46,0
22,37,0
41,8,0
16,23,0
30,16,0
9,44,0
23,28,0
34,19,0
20,21,0
19,1,0
39,36,0
20,33,0
33,29,0
35,9,0
19,38,0
34,32,0
24,42,0
2,30,0
23,27,0
15,7,0
20,14,0
45,30,0
19,9,0
32,25,0
27,3,0
19,39,0
27,12,0
36,42,0
9,8,0
12,19,0
48,20,0
27,39,0
36,41,0
14,42,0
37,29,0
12,19,0
15,46,0
15,39,0
14,34,0
41,40,0
28,21,0
35,13,0
28,12,0
19,24,0
14,29,0
21,38,0
11,15,0
47,17,0
7,38,0
27,32,0
4,27,0
35,28,0
43,38,0
4,34,0
44,29,0
27,29,0
15,39,0
40,37,0
28,20,0
16,45,0
14,20,0
2,19,0
9,11,0
8,27,0
26,40,0
22,37,0
16,41,0
25,3,0
23,20,0
7,32,0
45,19,0
37,17,0
21,4,0
8,9,0
7,20,0
31,7,0
39,41,0
13,29,0
33,30,0
28,18,0
16,20,0
27,45,0
4,38,0
9,19,0
39,6,0
33,23,0
14,47,0
15,12,0
18,8,0
21,10,0
39,23,0
42,21,0
30,6,0
3,23,0
26,34,0
47,24,0
27,38,0
16,44,0
32,24,0
46,12,0
22,12,0
32,17,0
29,30,0
41,22,0
3,34,0
21,30,0
13,18,0
9,26,0
31,24,0
25,20,0
15,34,0
31,21,0
46,22,0
43,9,0
19,15,0
15,19,0
21,47,0
31,17,0
41,30,0
14,9,0
10,5,0
30,37,0
43,42,0
23,25,0
183,40,1
163,41,1
173,4,1
166,40,1
153,17,1
165,42,1
163,19,1
165,22,1
178,15,1
169,20,1
171,45,1
179,31,1
180,27,1
183,15,1
185,15,1
172,42,1
153,29,1
149,8,1
165,40,1
152,7,1
186,21,1
145,12,1
163,9,1
160,6,1
145,11,1
153,18,1
172,48,1
164,14,1
158,16,1
167,45,1
149,7,1
151,39,1
174,4,1
143,20,1
143,20,1
165,23,1
167,48,1
158,23,1
152,13,1
155,24,1
170,48,1
171,21,1
169,10,1
175,30,1
178,9,1
174,33,1
174,24,1
171,1,1
167,3,1
174,22,1
158,37,1
176,44,1
172,15,1
145,38,1
172,7,1
172,17,1
175,38,1
181,23,1
168,19,1
180,5,1
144,27,1
153,19,1
175,31,1
165,37,1
159,4,1
142,30,1
154,24,1
154,36,1
148,25,1
148,42,1
153,35,1
154,7,1
188,29,1
158,34,1
173,8,1
189,24,1
155,17,1
156,25,1
172,26,1
173,38,1
148,33,1
166,4,1
148,7,1
168,27,1
158,32,1
177,37,1
165,29,1
178,21,1
181,13,1
163,40,1
185,30,1
162,32,1
166,19,1
162,13,1
165,30,1
172,42,1
162,20,1
161,28,1
142,30,1
150,39,1
171,41,1
183,37,1
150,27,1
170,17,1
171,17,1
177,32,1
185,33,1
172,49,1
155,38,1
149,43,1
184,19,1
155,5,1
161,41,1
162,32,1
181,29,1
152,12,1
178,9,1
150,34,1
163,28,1
182,37,1
152,45,1
151,42,1
150,28,1
185,26,1
149,6,1
166,10,1
181,16,1
184,24,1
176,40,1
159,42,1
155,35,1
170,46,1
155,13,1
144,27,1
184,28,1
182,34,1
171,7,1
179,32,1
149,25,1
167,24,1
170,45,1
159,37,1
164,29,1
186,15,1
175,20,1
147,10,1
167,25,1
181,36,1
167,36,1
147,10,1
164,42,1
176,9,1
187,36,1
163,9,1
147,33,1
145,15,1
158,13,1
187,28,1
176,13,1
162,40,1
167,41,1
176,30,1
155,24,1
178,5,1
173,6,1
177,17,1
188,32,1
156,31,1
154,46,1
163,4,1
152,31,1
170,48,1
184,37,1
174,24,1
175,12,1
172,9,1
147,41,1
156,17,1
182,8,1
164,3,1
150,44,1
179,8,1
163,8,1
181,19,1
170,29,1
157,37,1
157,8,1
167,34,1
161,26,1
172,5,1
159,49,1
153,34,1
178,26,1
175,44,1
168,15,1
154,40,1
160,19,1
165,20,1
172,35,1
179,40,1
172,8,1
147,39,1
174,39,1
151,29,1
164,20,1
145,37,1
179,42,1
173,39,1
172,33,1
167,28,1
183,10,1
183,21,1
188,28,1
177,44,1
150,41,1
166,44,1
157,11,1
149,7,1
183,28,1
149,14,1
173,41,1
184,24,1
157,8,1
188,33,1
150,37,1
152,43,1
179,45,1
181,8,1
162,45,1
156,19,1
155,40,1
163,40,1
164,49,1
158,30,1
154,7,1
157,46,1
156,25,1
159,30,1
152,10,1
181,7,1
150,32,1
186,21,1
159,21,1
164,17,1
165,17,1
143,33,1
189,19,1
154,47,1
175,28,1
166,27,1
148,29,1
178,21,1
183,40,1
181,27,1
183,10,1
169,10,1
149,44,1
163,31,1
158,48,1
166,34,1
178,25,1
150,33,1
144,17,1
161,21,1
164,13,1
184,34,1
168,40,1
177,5,1
176,45,1
179,20,1
180,19,1
156,40,1
155,21,1
145,19,1
171,32,1
186,38,1
162,4,1
174,48,1
176,12,1
142,33,1
174,36,1
174,14,1
164,26,1
179,16,1
145,38,1
148,30,1
178,7,1
167,36,1
148,20,1
155,40,1
179,18,1
142,33,1
160,33,1
149,27,1
172,24,1
167,46,1
162,10,1
169,34,1
162,22,1
172,20,1
160,33,1
166,14,1
172,23,1
179,44,1
168,10,1
151,7,1
150,33,1
182,33,1
175,21,1
155,32,1
161,19,1
169,11,1
158,26,1
141,32,1
168,13,1
175,13,1
177,9,1
146,20,1
176,43,1
181,23,1
184,28,1
158,34,1
158,40,1
188,17,1
181,11,1
152,39,1
170,48,1
162,43,1
156,5,1
183,40,1
185,28,1
155,30,1
150,42,1
154,36,1
173,30,1
184,22,1
153,5,1
171,36,1
157,26,1
161,13,1
168,6,1
146,10,1
148,12,1
145,14,1
166,25,1
159,5,1
164,27,1
156,19,1
145,27,1
156,27,1
169,17,1
147,19,1
163,21,1
165,9,1
183,25,1
146,39,1
143,34,1
149,28,1
158,49,1
154,42,1
171,36,1
145,12,1
149,28,1
179,7,1
148,43,1
167,30,1
167,11,1
157,36,1
148,24,1
173,25,1
167,11,1
157,27,1
176,40,1
142,24,1
155,40,1
189,26,1
153,28,1
164,46,1
149,32,1
150,11,1
177,11,1
162,24,1
144,20,1
157,34,1
161,34,1
187,35,1
169,27,1
166,8,1
175,9,1
175,10,1
161,43,1
164,28,1
158,7,1
150,5,1
157,41,1
161,25,1
179,39,1
161,35,1
170,39,1
157,16,1
147,31,1
185,26,1
146,40,1
170,27,1
168,5,1
177,13,1
164,32,1
166,35,1
161,23,1
169,29,1
174,19,1
145,23,1
153,36,1
155,37,1
169,48,1
181,24,1
144,17,1
153,39,1
160,25,1
180,9,1
185,17,1
167,14,1
149,9,1
178,11,1
169,28,1
141,24,1
182,17,1
167,7,1
158,19,1
146,11,1
179,14,1
180,10,1
177,41,1
176,8,1
180,21,1
157,24,1
167,9,1
169,24,1
146,10,1
142,16,1
163,1,1
165,35,1
187,16,1
183,28,1
168,16,1
175,26,1
188,21,1
157,23,1
169,17,1
161,45,1
172,18,1
152,4,1
155,41,1
181,26,1
177,9,1
161,21,1
187,21,1
176,38,1
159,15,1
144,12,1
177,23,1
166,36,1
150,36,1
165,27,1
154,35,1
179,23,1
184,11,1
161,22,1
178,41,1
180,11,1
171,44,1
167,16,1
171,13,1
155,11,1
159,20,1
170,38,1
176,23,1
159,6,1
170,24,1
166,33,1
165,13,1
174,36,1
150,16,1
167,31,1
154,31,1
154,47,1
184,34,1
150,24,1
152,15,1
186,25,1
155,20,1
179,22,1
187,15,1
186,26,1
174,31,1
179,19,1
165,4,1
171,42,1
178,16,1
160,29,1
158,40,1
157,19,1
159,5,1
166,44,1
173,8,1
169,28,1
177,22,1
182,34,1
186,38,1
143,15,1
171,14,1
185,15,1
150,13,1
157,12,1
178,11,1
146,30,1
171,32,1
176,11,1
160,19,1
175,19,1
181,28,1
180,45,1
178,43,1
174,21,1
176,34,1
147,33,1
171,19,1
164,19,1
149,38,1
150,44,1
148,18,1
179,22,1
157,35,1
187,18,1
177,39,1
182,13,1
155,37,1
180,39,1
154,5,1
162,15,1
154,22,1
157,29,1
148,35,1
170,29,1
183,26,1
175,24,1
156,35,1
174,22,1
150,18,1
179,14,1
159,33,1
161,36,1
159,30,1
184,24,1
185,22,1
151,28,1
168,40,1
174,45,1
180,15,1
156,32,1
181,13,1
160,38,1
177,18,1
149,14,1
171,36,1
164,23,1
178,12,1
164,29,1
174,11,1
186,24,1
170,32,1
158,29,1
148,37,1
154,45,1
164,12,1
174,8,1
166,23,1
158,41,1
150,23,1
159,44,1
174,20,1
175,26,1
145,16,1
158,27,1
152,12,1
157,24,1
184,41,1
157,12,1
157,48,1
172,7,1
164,20,1
168,46,1
181,39,1
179,31,1
157,18,1
152,37,1
171,17,1
169,2,1
158,27,1
186,30,1
169,13,1
183,37,1
159,45,1
179,33,1
163,14,1
170,19,1
179,21,1
164,23,1
152,23,1
159,2,1
163,9,1
161,9,1
144,25,1
159,3,1
162,2,1
180,11,1
168,3,1
170,6,1
186,30,1
148,15,1
166,32,1
182,9,1
156,21,1
150,21,1
155,15,1
178,41,1
144,23,1
179,44,1
164,10,1
176,41,1
156,3,1
171,12,1
180,36,1
154,8,1
153,9,1
156,41,1
189,32,1
158,47,1
160,5,1
178,23,1
142,30,1
168,3,1
174,38,1
164,32,1
174,35,1
177,20,1
164,23,1
156,20,1
166,46,1
165,15,1
178,36,1
165,40,1
177,45,1
165,45,1
166,31,1
186,26,1
146,35,1
171,43,1
158,3,1
180,20,1
156,39,1
158,13,1
167,5,1
154,31,1
178,19,1
170,21,1
160,38,1
169,46,1
164,8,1
183,29,1
169,6,1
174,26,1
173,41,1
172,29,1
185,32,1
168,3,1
176,27,1
164,21,1
144,22,1
168,14,1
162,25,1
178,41,1
173,37,1
157,22,1
155,7,1
168,28,1
186,16,1
163,29,1
176,3,1
150,22,1
166,1,1
148,25,1
161,20,1
168,10,1
150,8,1
161,9,1
159,42,1
170,13,1
170,11,1
141,28,1
169,44,1
154,14,1
169,11,1
175,7,1
148,15,1
149,43,1
177,17,1
146,31,1
161,34,1
170,43,1
175,38,1
162,14,1
172,3,1
146,36,1
179,26,1
156,6,1
150,32,1
157,10,1
172,18,1
178,32,1
168,38,1
186,15,1
176,14,1
153,7,1
153,18,1
162,30,1
156,8,1
167,8,1
172,45,1
173,47,1
164,26,1
169,9,1
164,6,1
187,29,1
156,30,1
162,7,1
144,14,1
150,38,1
147,12,1
170,20,1
157,35,1
165,28,1
186,26,1
145,30,1
173,10,1
160,4,1
166,37,1
151,7,1
180,33,1
154,32,1
