21,15,0
7,13,0
49,31,0
27,10,0
45,34,0
42,38,0
25,2,0
41,38,0
5,35,0
44,31,0
30,29,0
22,28,0
42,13,0
21,28,0
22,47,0
40,35,0
26,33,0
34,31,0
8,29,0
35,16,0
45,28,0
34,3,0
17,8,0
4,13,0
28,36,0
23,4,0
25,5,0
41,22,0
42,18,0
39,44,0
22,15,0
5,21,0
6,38,0
28,32,0
18,17,0
29,20,0
35,47,0
32,14,0
11,5,0
18,42,0
43,40,0
43,10,0
46,23,0
26,40,0
24,45,0
38,38,0
35,20,0
14,44,0
49,23,0
26,25,0
16,9,0
5,12,0
7,28,0
46,25,0
16,36,0
36,33,0
36,23,0
17,6,0
20,33,0
47,21,0
39,8,0
18,30,0
37,16,0
32,35,0
21,4,0
30,17,0
28,18,0
19,25,0
10,5,0
35,27,0
18,35,0
1,32,0
31,14,0
41,20,0
43,34,0
10,18,0
18,2,0
21,1,0
45,20,0
43,26,0
39,9,0
41,12,0
12,14,0
32,1,0
14,32,0
11,24,0
16,5,0
24,36,0
10,17,0
15,40,0
22,45,0
25,35,0
8,12,0
18,37,0
12,6,0
46,18,0
13,28,0
38,13,0
9,33,0
44,26,0
27,46,0
3,24,0
22,4,0
23,28,0
10,6,0
45,13,0
24,2,0
12,44,0
3,22,0
21,6,0
44,25,0
41,14,0
39,21,0
41,42,0
27,31,0
13,4,0
34,41,0
25,26,0
28,44,0
31,39,0
32,3,0
24,49,0
12,34,0
45,24,0
7,18,0
42,39,0
37,37,0
7,19,0
37,20,0
1,30,0
23,21,0
25,29,0
15,21,0
16,13,0
10,43,0
27,17,0
40,36,0
17,11,0
33,24,0
29,38,0
39,9,0
25,23,0
4,31,0
9,38,0
22,12,0
35,32,0
41,12,0
11,35,0
6,13,0
10,16,0
25,15,0
26,8,0
44,39,0
14,36,0
37,22,0
15,21,0
32,47,0
9,34,0
27,46,0
21,30,0
19,6,0
47,25,0
48,24,0
48,17,0
46,18,0
26,18,0
15,43,0
40,43,0
26,34,0
21,5,0
19,13,0
4,19,0
32,18,0
36,17,0
44,22,0
33,26,0
21,10,0
21,18,0
6,23,0
32,26,0
32,38,0
5,33,0
1,27,0
36,19,0
13,20,0
26,2,0
24,24,0
43,39,0
15,37,0
14,10,0
17,35,0
10,38,0
44,40,0
33,10,0
15,34,0
5,32,0
30,43,0
33,25,0
25,8,0
30,14,0
26,16,0
20,48,0
33,37,0
40,44,0
3,30,0
45,11,0
18,3,0
37,37,0
26,25,0
39,40,0
26,14,0
34,31,0
34,43,0
20,6,0
41,7,0
16,27,0
43,15,0
23,47,0
20,18,0
43,14,0
9,19,0
35,23,0
42,25,0
6,22,0
41,32,0
24,30,0
22,4,0
33,31,0
26,40,0
24,44,0
18,19,0
23,32,0
11,15,0
30,12,0
43,22,0
32,30,0
33,21,0
45,12,0
34,3,0
18,23,0
24,3,0
17,35,0
5,24,0
31,43,0
17,9,0
32,37,0
36,25,0
36,43,0
35,10,0
33,10,0
176,23,1
139,31,1
137,16,1
154,29,1
179,20,1
157,26,1
163,18,1
133,33,1
172,39,1
154,6,1
167,6,1
166,41,1
150,18,1
133,21,1
141,42,1
139,26,1
143,35,1
156,46,1
156,23,1
136,17,1
163,18,1
161,18,1
177,14,1
149,12,1
175,30,1
146,35,1
165,19,1
148,30,1
141,29,1
179,26,1
139,7,1
159,25,1
163,8,1
173,21,1
136,16,1
162,39,1
155,15,1
162,29,1
158,14,1
144,45,1
133,29,1
139,22,1
178,18,1
145,34,1
159,26,1
161,42,1
157,42,1
167,24,1
161,30,1
142,40,1
148,20,1
178,26,1
175,23,1
155,31,1
138,24,1
153,12,1
146,48,1
159,48,1
138,38,1
152,43,1
155,11,1
154,8,1
140,22,1
162,36,1
155,31,1
155,43,1
148,18,1
140,31,1
160,4,1
141,17,1
150,24,1
149,15,1
149,5,1
165,35,1
171,36,1
141,14,1
148,21,1
142,45,1
159,33,1
149,34,1
155,9,1
167,20,1
151,37,1
142,11,1
161,21,1
143,26,1
152,42,1
142,28,1
148,9,1
147,47,1
159,48,1
144,28,1
177,26,1
153,33,1
158,31,1
165,7,1
166,28,1
162,25,1
168,43,1
144,22,1
148,3,1
165,26,1
157,41,1
140,26,1
151,12,1
167,13,1
138,39,1
134,28,1
159,36,1
148,34,1
151,17,1
160,22,1
142,11,1
141,6,1
165,43,1
136,10,1
163,7,1
166,16,1
137,24,1
160,41,1
168,31,1
133,21,1
169,33,1
165,6,1
133,28,1
149,29,1
176,33,1
147,30,1
172,30,1
146,29,1
166,28,1
163,29,1
156,19,1
152,24,1
147,11,1
165,21,1
151,46,1
169,40,1
158,33,1
177,17,1
153,10,1
168,44,1
153,47,1
140,36,1
152,19,1
145,7,1
159,25,1
171,38,1
149,5,1
144,20,1
163,16,1
167,32,1
162,3,1
162,7,1
167,5,1
163,21,1
166,16,1
145,40,1
151,10,1
151,8,1
171,14,1
155,47,1
170,42,1
164,38,1
169,6,1
175,35,1
166,3,1
151,16,1
158,32,1
172,16,1
158,43,1
163,15,1
165,32,1
156,38,1
167,45,1
145,39,1
172,39,1
156,15,1
162,47,1
138,38,1
163,11,1
139,20,1
143,16,1
159,33,1
161,28,1
167,15,1
145,27,1
150,22,1
145,17,1
139,22,1
160,41,1
150,14,1
136,18,1
165,28,1
175,34,1
167,46,1
144,12,1
137,33,1
153,14,1
153,2,1
156,31,1
164,9,1
171,30,1
145,7,1
142,20,1
158,30,1
166,5,1
147,7,1
138,24,1
133,21,1
144,4,1
137,10,1
167,23,1
132,28,1
159,11,1
179,29,1
134,32,1
147,8,1
157,41,1
168,14,1
166,42,1
162,35,1
146,44,1
137,39,1
170,29,1
171,33,1
141,26,1
143,30,1
176,37,1
147,27,1
146,11,1
151,41,1
153,32,1
144,6,1
178,30,1
145,12,1
134,16,1
158,41,1
145,5,1
147,42,1
144,23,1
159,29,1
177,15,1
159,25,1
147,31,1
166,9,1
175,19,1
151,42,1
165,34,1
166,17,1
141,34,1
141,24,1
172,27,1
151,24,1
167,35,1
132,25,1
158,45,1
150,6,1
142,35,1
139,17,1
141,35,1
170,41,1
179,24,1
144,36,1
149,21,1
161,46,1
141,40,1
164,10,1
162,43,1
169,7,1
174,31,1
163,46,1
159,39,1
160,44,1
158,17,1
143,36,1
159,32,1
138,27,1
150,23,1
166,40,1
156,14,1
156,4,1
173,39,1
153,30,1
177,18,1
161,13,1
146,45,1
148,33,1
157,9,1
139,40,1
172,24,1
161,18,1
165,11,1
145,39,1
149,13,1
137,23,1
149,22,1
156,30,1
137,19,1
146,41,1
144,22,1
176,15,1
154,9,1
153,12,1
148,38,1
163,17,1
164,31,1
145,12,1
167,11,1
173,8,1
139,37,1
170,45,1
162,16,1
143,27,1
140,15,1
157,22,1
142,35,1
152,40,1
169,8,1
162,6,1
162,26,1
151,1,1
173,41,1
135,35,1
146,25,1
149,35,1
153,23,1
155,36,1
154,37,1
161,12,1
153,8,1
165,11,1
139,7,1
132,28,1
147,13,1
147,41,1
164,47,1
158,7,1
132,22,1
131,18,1
139,22,1
167,43,1
136,15,1
146,20,1
160,6,1
150,26,1
136,26,1
156,24,1
156,18,1
162,3,1
141,38,1
166,8,1
179,23,1
169,19,1
154,22,1
148,21,1
141,31,1
139,21,1
158,42,1
144,18,1
179,25,1
154,12,1
160,27,1
142,8,1
142,24,1
169,25,1
147,18,1
146,9,1
176,16,1
130,25,1
168,43,1
163,29,1
148,27,1
161,48,1
159,9,1
161,20,1
142,6,1
155,12,1
154,26,1
140,34,1
171,39,1
169,17,1
151,45,1
173,26,1
163,38,1
153,43,1
165,7,1
153,7,1
143,15,1
135,20,1
132,30,1
143,42,1
148,32,1
167,14,1
145,17,1
153,11,1
157,13,1
134,28,1
134,35,1
145,25,1
168,34,1
169,16,1
171,32,1
149,8,1
177,27,1
160,47,1
154,24,1
144,24,1
174,12,1
144,15,1
174,18,1
139,30,1
164,21,1
171,23,1
164,17,1
145,33,1
160,47,1
141,23,1
145,15,1
164,48,1
138,29,1
151,12,1
152,11,1
152,37,1
150,25,1
177,28,1
150,33,1
134,32,1
172,28,1
158,37,1
166,14,1
146,29,1
131,30,1
131,24,1
167,30,1
170,18,1
173,37,1
158,35,1
149,33,1
155,3,1
157,5,1
167,15,1
147,17,1
149,19,1
143,32,1
134,34,1
171,14,1
157,12,1
149,9,1
161,30,1
160,34,1
157,45,1
164,23,1
152,17,1
137,16,1
166,40,1
142,13,1
149,36,1
170,25,1
175,32,1
161,39,1
146,11,1
160,12,1
173,10,1
171,11,1
146,36,1
139,23,1
149,35,1
178,21,1
146,38,1
158,43,1
171,44,1
145,42,1
157,14,1
143,4,1
167,6,1
154,8,1
160,46,1
155,0,1
162,28,1
149,43,1
160,8,1
160,42,1
168,21,1
177,26,1
144,25,1
171,36,1
139,8,1
169,33,1
154,38,1
139,37,1
167,35,1
171,15,1
144,10,1
179,31,1
166,18,1
134,33,1
150,36,1
171,10,1
152,41,1
136,39,1
160,13,1
167,16,1
166,5,1
142,31,1
151,13,1
161,17,1
156,36,1
151,1,1
132,23,1
154,28,1
138,32,1
149,35,1
139,38,1
163,38,1
136,31,1
168,38,1
145,45,1
167,21,1
139,13,1
150,9,1
143,21,1
153,12,1
171,36,1
169,20,1
141,40,1
165,12,1
143,18,1
149,20,1
161,48,1
174,10,1
158,3,1
132,22,1
174,28,1
161,25,1
149,5,1
163,3,1
133,32,1
144,6,1
133,31,1
139,6,1
157,9,1
140,19,1
143,41,1
174,10,1
168,7,1
157,11,1
167,45,1
168,11,1
134,14,1
163,44,1
156,30,1
155,17,1
139,32,1
151,35,1
177,34,1
174,13,1
149,33,1
161,48,1
154,14,1
159,48,1
145,38,1
168,31,1
138,9,1
167,35,1
175,26,1
161,43,1
176,19,1
173,42,1
166,47,1
132,22,1
143,11,1
157,45,1
150,12,1
158,8,1
144,17,1
140,26,1
152,8,1
163,18,1
148,18,1
165,9,1
159,42,1
144,36,1
170,10,1
174,19,1
161,38,1
168,17,1
175,37,1
136,32,1
169,43,1
142,9,1
177,16,1
159,24,1
153,47,1
158,22,1
172,39,1
143,21,1
163,30,1
176,20,1
164,38,1
158,40,1
142,20,1
170,41,1
162,6,1
159,38,1
139,16,1
169,45,1
141,35,1
156,30,1
151,5,1
172,14,1
141,26,1
166,5,1
149,6,1
175,27,1
132,19,1
173,14,1
173,22,1
172,40,1
152,15,1
149,48,1
141,5,1
135,17,1
138,22,1
173,27,1
158,12,1
174,28,1
139,39,1
159,49,1
140,18,1
174,10,1
163,44,1
160,46,1
164,28,1
152,17,1
150,41,1
179,24,1
169,15,1
171,41,1
150,31,1
144,27,1
149,28,1
160,36,1
170,36,1
154,49,1
157,25,1
150,1,1
134,27,1
134,25,1
147,28,1
155,43,1
168,36,1
155,13,1
156,27,1
149,43,1
144,25,1
166,11,1
152,33,1
145,3,1
168,7,1
134,13,1
160,9,1
161,48,1
149,24,1
158,8,1
155,22,1
166,21,1
164,43,1
133,18,1
144,47,1
173,21,1
152,34,1
167,37,1
140,6,1
170,41,1
152,26,1
169,35,1
131,20,1
155,32,1
169,23,1
141,7,1
155,10,1
135,34,1
148,41,1
160,42,1
145,18,1
144,10,1
157,16,1
147,25,1
176,21,1
145,47,1
158,15,1
146,19,1
154,37,1
155,36,1
153,36,1
158,19,1
167,30,1
135,31,1
134,26,1
174,19,1
160,45,1
134,21,1
145,30,1
153,29,1
170,16,1
135,28,1
151,49,1
154,45,1
161,35,1
154,47,1
176,31,1
142,12,1
138,32,1
167,12,1
145,29,1
158,34,1
160,42,1
144,25,1
152,14,1
173,38,1
177,16,1
159,13,1
146,22,1
169,10,1
144,5,1
167,12,1
150,21,1
150,37,1
132,28,1
169,9,1
156,11,1
179,19,1
163,36,1
171,23,1
139,15,1
169,40,1
155,6,1
154,35,1
133,14,1
155,27,1
158,19,1
154,6,1
139,33,1
142,14,1
172,40,1
141,38,1
149,4,1
172,10,1
154,14,1
