22,18,0
17,18,0
44,37,0
8,25,0
26,25,0
34,32,0
29,26,0
40,8,0
34,2,0
3,23,0
36,10,0
34,40,0
21,14,0
11,32,0
6,36,0
35,44,0
23,39,0
22,36,0
29,37,0
12,44,0
26,46,0
42,39,0
11,25,0
14,21,0
15,3,0
35,35,0
46,22,0
21,24,0
33,32,0
25,11,0
46,38,0
6,41,0
49,27,0
28,25,0
43,39,0
23,38,0
34,35,0
44,22,0
26,43,0
6,28,0
17,5,0
24,21,0
8,40,0
41,6,0
49,24,0
10,21,0
8,35,0
25,33,0
11,6,0
42,18,0
32,40,0
31,10,0
22,4,0
15,9,0
37,23,0
34,38,0
36,12,0
7,21,0
18,16,0
38,42,0
34,28,0
27,24,0
16,11,0
38,14,0
41,8,0
27,2,0
8,41,0
27,8,0
17,27,0
23,11,0
31,20,0
30,14,0
36,8,0
36,21,0
18,4,0
43,9,0
28,38,0
22,2,0
44,33,0
12,43,0
38,24,0
7,30,0
4,25,0
26,24,0
30,44,0
47,24,0
33,6,0
29,5,0
48,21,0
10,15,0
37,4,0
31,10,0
7,28,0
31,33,0
36,34,0
25,43,0
8,11,0
29,11,0
31,7,0
42,10,0
6,25,0
21,14,0
37,31,0
10,18,0
28,2,0
17,32,0
19,5,0
17,45,0
32,5,0
41,39,0
18,44,0
45,32,0
4,25,0
27,24,0
29,44,0
41,34,0
49,23,0
31,12,0
45,11,0
24,21,0
31,33,0
26,29,0
43,28,0
20,9,0
31,9,0
6,31,0
40,40,0
21,28,0
12,11,0
26,4,0
39,9,0
15,17,0
40,43,0
29,14,0
13,11,0
27,37,0
6,34,0
8,20,0
41,40,0
32,47,0
9,21,0
21,36,0
17,33,0
41,15,0
4,26,0
29,19,0
8,41,0
24,8,0
17,22,0
35,17,0
32,21,0
10,23,0
17,41,0
11,36,0
20,39,0
39,20,0
31,10,0
39,44,0
35,26,0
29,21,0
25,16,0
31,8,0
25,31,0
10,14,0
33,18,0
31,32,0
40,34,0
23,34,0
38,5,0
27,29,0
17,40,0
9,16,0
48,28,0
19,38,0
6,29,0
20,30,0
24,5,0
42,8,0
24,28,0
36,35,0
40,13,0
42,40,0
26,34,0
9,40,0
9,10,0
21,48,0
9,9,0
26,14,0
9,16,0
1,22,0
13,17,0
31,30,0
39,35,0
38,26,0
5,24,0
34,15,0
15,19,0
31,42,0
34,48,0
21,16,0
18,38,0
19,20,0
18,18,0
15,11,0
21,22,0
29,9,0
44,11,0
5,17,0
32,29,0
28,12,0
23,20,0
42,23,0
7,36,0
30,12,0
19,5,0
33,34,0
35,45,0
14,28,0
24,24,0
32,22,0
18,29,0
38,43,0
44,40,0
8,40,0
3,29,0
34,24,0
29,8,0
43,15,0
27,29,0
30,19,0
22,28,0
34,25,0
22,48,0
13,36,0
33,31,0
10,39,0
4,33,0
37,19,0
13,35,0
11,5,0
5,18,0
36,26,0
38,31,0
35,28,0
40,13,0
26,45,0
33,34,0
35,5,0
26,25,0
5,40,0
161,29,1
142,46,1
157,26,1
130,38,1
122,22,1
124,16,1
135,41,1
134,10,1
133,25,1
153,32,1
144,29,1
125,26,1
152,22,1
157,14,1
135,26,1
169,21,1
130,11,1
142,20,1
134,11,1
157,4,1
155,6,1
155,28,1
125,26,1
144,47,1
138,33,1
166,34,1
156,19,1
163,23,1
136,35,1
136,39,1
142,20,1
129,12,1
127,23,1
163,20,1
129,33,1
138,34,1
142,15,1
123,34,1
148,29,1
140,36,1
132,45,1
140,7,1
142,5,1
141,12,1
158,30,1
136,48,1
132,36,1
135,10,1
148,37,1
135,9,1
145,38,1
170,25,1
139,13,1
129,44,1
164,31,1
159,25,1
165,34,1
147,20,1
134,9,1
131,13,1
150,6,1
144,33,1
134,26,1
139,15,1
133,9,1
151,23,1
133,32,1
161,17,1
152,31,1
139,18,1
144,45,1
137,8,1
136,47,1
152,22,1
139,12,1
138,13,1
144,7,1
156,42,1
161,12,1
138,48,1
141,35,1
159,44,1
157,20,1
148,44,1
126,23,1
155,47,1
163,18,1
145,34,1
139,25,1
157,34,1
140,32,1
152,2,1
147,24,1
138,35,1
148,14,1
134,12,1
147,40,1
133,21,1
151,25,1
149,46,1
157,19,1
159,33,1
161,41,1
161,17,1
130,9,1
134,34,1
157,7,1
140,14,1
149,25,1
131,28,1
147,15,1
163,10,1
151,39,1
134,9,1
139,15,1
150,22,1
157,33,1
147,18,1
134,16,1
166,35,1
139,8,1
125,26,1
153,3,1
136,3,1
143,37,1
150,26,1
134,10,1
153,47,1
125,29,1
154,18,1
137,47,1
129,24,1
123,26,1
129,30,1
167,22,1
164,22,1
154,34,1
160,35,1
150,32,1
147,26,1
164,32,1
148,43,1
155,29,1
146,12,1
141,8,1
156,25,1
143,31,1
141,3,1
139,8,1
143,12,1
165,21,1
160,25,1
159,21,1
143,34,1
167,25,1
151,35,1
135,23,1
144,31,1
138,36,1
156,14,1
157,40,1
152,25,1
146,32,1
145,29,1
124,22,1
149,1,1
149,37,1
146,12,1
164,35,1
145,40,1
126,35,1
146,47,1
141,12,1
167,27,1
156,37,1
126,13,1
146,25,1
145,8,1
149,23,1
157,11,1
143,21,1
159,12,1
121,26,1
164,18,1
140,2,1
124,26,1
146,27,1
144,37,1
154,45,1
167,34,1
161,32,1
155,15,1
132,31,1
168,34,1
150,18,1
165,17,1
150,22,1
141,34,1
125,27,1
140,49,1
142,29,1
134,46,1
145,27,1
125,25,1
157,4,1
158,43,1
165,14,1
136,2,1
135,10,1
150,20,1
156,3,1
139,26,1
159,33,1
139,27,1
145,12,1
137,3,1
137,35,1
155,33,1
138,42,1
150,28,1
135,40,1
148,11,1
123,17,1
154,22,1
153,15,1
124,24,1
156,24,1
164,38,1
131,26,1
149,44,1
145,43,1
149,27,1
125,33,1
163,21,1
152,49,1
147,11,1
141,38,1
146,26,1
148,25,1
131,5,1
124,34,1
152,14,1
141,3,1
150,29,1
160,25,1
136,8,1
145,22,1
149,48,1
145,27,1
143,12,1
159,35,1
128,40,1
148,33,1
155,8,1
140,19,1
148,44,1
141,17,1
145,3,1
136,12,1
155,5,1
137,21,1
143,30,1
155,34,1
143,30,1
142,9,1
132,26,1
140,35,1
128,32,1
137,36,1
127,42,1
141,8,1
138,45,1
135,31,1
158,22,1
135,22,1
152,5,1
151,28,1
149,46,1
160,20,1
158,45,1
148,40,1
148,29,1
153,17,1
133,7,1
133,44,1
124,15,1
140,46,1
144,25,1
147,41,1
155,44,1
157,34,1
132,7,1
130,34,1
162,15,1
144,16,1
145,44,1
148,8,1
137,7,1
130,7,1
147,20,1
130,21,1
146,8,1
130,18,1
125,19,1
128,29,1
139,18,1
125,35,1
141,15,1
136,28,1
147,27,1
169,26,1
147,38,1
167,26,1
139,12,1
128,42,1
144,10,1
161,22,1
127,28,1
124,33,1
166,22,1
153,14,1
130,14,1
122,27,1
159,19,1
151,48,1
134,35,1
139,47,1
160,8,1
139,11,1
126,13,1
160,29,1
149,15,1
127,27,1
148,35,1
123,32,1
125,34,1
130,14,1
154,34,1
140,47,1
160,18,1
153,11,1
155,24,1
163,34,1
149,1,1
157,45,1
134,10,1
152,22,1
126,34,1
135,41,1
131,26,1
147,8,1
161,14,1
159,40,1
155,37,1
166,28,1
142,31,1
126,30,1
139,41,1
145,0,1
159,44,1
155,8,1
142,15,1
135,32,1
164,21,1
143,15,1
145,33,1
148,38,1
152,46,1
139,44,1
161,6,1
148,41,1
156,7,1
148,44,1
142,20,1
160,28,1
159,13,1
152,43,1
125,15,1
138,27,1
144,3,1
129,10,1
129,30,1
154,4,1
158,13,1
153,31,1
149,33,1
159,6,1
146,32,1
148,46,1
156,39,1
165,17,1
126,17,1
146,12,1
128,18,1
136,10,1
137,36,1
141,42,1
121,26,1
124,23,1
158,37,1
125,21,1
137,34,1
138,45,1
131,21,1
134,10,1
163,12,1
157,23,1
142,8,1
139,29,1
130,38,1
128,39,1
157,34,1
158,15,1
137,35,1
131,26,1
144,8,1
138,23,1
129,15,1
137,33,1
139,20,1
159,41,1
159,25,1
140,35,1
159,27,1
129,21,1
147,11,1
148,15,1
153,5,1
141,18,1
163,38,1
144,28,1
121,31,1
131,29,1
165,23,1
138,4,1
149,28,1
129,10,1
155,32,1
136,20,1
130,33,1
140,34,1
151,30,1
147,32,1
158,12,1
157,14,1
165,20,1
140,30,1
161,13,1
134,33,1
152,35,1
145,8,1
137,11,1
130,44,1
158,45,1
150,24,1
150,4,1
144,5,1
147,24,1
168,17,1
154,44,1
140,45,1
150,33,1
132,18,1
133,44,1
142,8,1
145,28,1
141,28,1
142,34,1
158,38,1
152,12,1
162,18,1
145,37,1
146,43,1
165,26,1
136,9,1
157,32,1
130,12,1
128,35,1
124,28,1
147,46,1
127,24,1
126,34,1
168,16,1
145,39,1
151,22,1
128,40,1
153,42,1
133,36,1
148,19,1
150,1,1
152,40,1
132,40,1
143,2,1
147,46,1
145,20,1
149,25,1
159,39,1
150,40,1
156,17,1
148,37,1
135,33,1
166,37,1
131,42,1
125,39,1
125,37,1
153,13,1
155,26,1
151,32,1
133,42,1
158,27,1
162,36,1
130,44,1
130,42,1
160,24,1
167,21,1
159,44,1
139,43,1
145,30,1
137,21,1
157,35,1
128,27,1
139,22,1
152,33,1
121,20,1
148,47,1
122,23,1
143,23,1
155,29,1
137,15,1
126,40,1
135,37,1
160,10,1
134,42,1
168,21,1
130,42,1
140,25,1
134,18,1
150,18,1
164,41,1
126,25,1
153,30,1
149,28,1
155,9,1
130,32,1
144,3,1
155,33,1
146,46,1
154,27,1
161,33,1
147,32,1
133,7,1
155,24,1
157,40,1
124,32,1
153,37,1
151,35,1
141,6,1
127,25,1
154,46,1
144,38,1
142,41,1
164,28,1
136,12,1
141,21,1
163,41,1
157,45,1
149,44,1
130,14,1
139,13,1
134,20,1
148,49,1
167,36,1
137,46,1
167,31,1
138,37,1
156,39,1
144,12,1
154,5,1
128,14,1
142,48,1
137,12,1
139,17,1
154,3,1
148,7,1
141,26,1
157,20,1
167,14,1
166,25,1
164,32,1
140,35,1
141,43,1
133,5,1
150,2,1
130,33,1
134,45,1
133,23,1
154,39,1
146,11,1
150,34,1
162,28,1
141,38,1
143,3,1
157,12,1
158,23,1
155,10,1
146,44,1
142,21,1
128,40,1
131,14,1
161,44,1
165,35,1
144,40,1
128,31,1
141,44,1
150,35,1
147,23,1
136,10,1
151,43,1
144,3,1
149,47,1
157,17,1
143,16,1
128,10,1
123,34,1
133,22,1
131,10,1
125,19,1
145,49,1
160,16,1
161,13,1
122,22,1
124,24,1
152,45,1
143,40,1
132,9,1
161,18,1
160,18,1
129,30,1
160,23,1
121,27,1
150,29,1
137,46,1
167,24,1
168,22,1
162,40,1
144,44,1
138,47,1
154,33,1
135,23,1
141,49,1
152,36,1
143,13,1
164,19,1
164,30,1
147,38,1
162,7,1
138,48,1
150,43,1
141,24,1
124,31,1
162,21,1
164,9,1
122,23,1
149,5,1
141,39,1
129,43,1
155,34,1
131,25,1
140,13,1
140,16,1
159,31,1
141,23,1
138,11,1
147,11,1
167,35,1
129,11,1
140,44,1
136,15,1
143,36,1
121,23,1
141,49,1
125,36,1
135,31,1
164,10,1
137,26,1
124,27,1
128,22,1
149,46,1
128,19,1
133,24,1
166,22,1
125,37,1
140,35,1
136,20,1
146,48,1
145,19,1
138,37,1
123,34,1
140,5,1
163,35,1
143,29,1
142,1,1
148,36,1
132,14,1
125,36,1
134,29,1
133,27,1
141,23,1
145,11,1
125,39,1
158,20,1
144,6,1
134,46,1
141,40,1
132,35,1
138,26,1
168,17,1
130,39,1
120,25,1
132,12,1
138,31,1
133,30,1
133,6,1
154,39,1
155,19,1
160,36,1
133,8,1
136,47,1
143,5,1
123,20,1
162,27,1
142,21,1
146,46,1
161,26,1
162,24,1
127,29,1
165,21,1
129,19,1
158,28,1
153,46,1
139,35,1
152,33,1
140,7,1
155,11,1
165,22,1
142,9,1
132,13,1
160,20,1
152,42,1
137,6,1
