38,22,0
31,39,0
37,9,0
14,44,0
34,8,0
41,36,0
33,11,0
35,46,0
21,22,0
43,41,0
23,33,0
42,36,0
28,1,0
39,15,0
34,28,0
34,46,0
12,32,0
7,36,0
37,14,0
24,27,0
36,42,0
45,35,0
44,39,0
31,25,0
25,29,0
11,38,0
20,31,0
30,2,0
21,27,0
1,18,0
21,48,0
44,11,0
2,34,0
10,40,0
8,33,0
15,9,0
38,14,0
23,48,0
39,37,0
40,11,0
47,21,0
26,40,0
25,46,0
34,16,0
7,29,0
24,12,0
24,15,0
15,8,0
49,21,0
34,3,0
29,34,0
21,18,0
32,41,0
30,5,0
37,17,0
31,25,0
8,25,0
12,20,0
12,14,0
48,31,0
12,5,0
45,12,0
10,17,0
14,39,0
20,45,0
10,13,0
7,13,0
40,40,0
36,18,0
14,29,0
21,45,0
25,44,0
46,35,0
38,23,0
27,31,0
5,36,0
44,10,0
42,28,0
13,36,0
34,10,0
32,26,0
15,41,0
25,16,0
18,43,0
38,7,0
4,24,0
26,12,0
10,32,0
43,36,0
22,36,0
21,40,0
24,18,0
14,25,0
1,31,0
36,20,0
8,30,0
24,4,0
13,34,0
30,37,0
41,37,0
2,25,0
47,17,0
20,13,0
7,36,0
28,16,0
2,16,0
23,24,0
13,23,0
33,13,0
13,35,0
43,37,0
37,25,0
20,17,0
38,17,0
15,45,0
11,24,0
16,5,0
11,44,0
19,11,0
8,14,0
11,38,0
36,5,0
11,37,0
10,32,0
22,40,0
10,34,0
19,48,0
8,33,0
29,1,0
14,37,0
48,16,0
8,26,0
41,28,0
17,34,0
8,26,0
43,23,0
40,30,0
18,17,0
46,32,0
42,9,0
36,11,0
32,1,0
40,16,0
19,23,0
10,6,0
37,45,0
22,20,0
6,22,0
4,25,0
30,27,0
46,22,0
42,18,0
13,23,0
12,31,0
40,36,0
2,24,0
3,29,0
18,43,0
36,19,0
32,6,0
9,43,0
26,11,0
13,19,0
3,36,0
5,14,0
30,1,0
28,15,0
15,43,0
32,44,0
41,35,0
12,9,0
29,27,0
42,12,0
25,42,0
25,48,0
23,11,0
16,45,0
10,10,0
15,7,0
17,40,0
22,6,0
21,27,0
32,36,0
20,32,0
35,32,0
41,30,0
30,33,0
24,26,0
7,24,0
31,47,0
35,5,0
3,31,0
18,28,0
19,31,0
31,19,0
15,44,0
38,7,0
30,29,0
37,10,0
29,29,0
31,21,0
7,41,0
9,30,0
10,41,0
18,24,0
8,14,0
40,17,0
27,13,0
39,20,0
20,23,0
23,36,0
28,2,0
26,38,0
2,27,0
18,1,0
37,24,0
47,30,0
25,47,0
49,18,0
18,10,0
35,7,0
11,27,0
45,24,0
38,4,0
30,7,0
22,1,0
38,42,0
39,15,0
28,19,0
43,23,0
26,46,0
23,42,0
42,17,0
6,23,0
29,12,0
19,4,0
13,14,0
43,24,0
16,25,0
7,42,0
33,35,0
29,24,0
33,36,0
43,40,0
25,3,0
22,45,0
35,43,0
12,21,0
24,8,0
13,44,0
149,7,1
137,31,1
150,27,1
153,15,1
122,16,1
145,12,1
135,7,1
121,23,1
151,31,1
148,31,1
126,31,1
125,25,1
143,48,1
161,34,1
139,44,1
168,30,1
151,23,1
163,23,1
144,10,1
148,33,1
162,15,1
160,25,1
146,22,1
152,46,1
128,36,1
130,26,1
147,29,1
162,22,1
163,21,1
150,16,1
142,34,1
150,13,1
166,18,1
161,25,1
144,11,1
134,27,1
148,44,1
151,41,1
153,9,1
158,39,1
136,36,1
146,4,1
151,24,1
127,37,1
167,28,1
124,26,1
155,28,1
145,26,1
141,10,1
148,28,1
151,9,1
158,24,1
162,33,1
131,31,1
152,14,1
158,29,1
138,10,1
167,25,1
128,24,1
137,25,1
143,23,1
143,48,1
126,11,1
131,9,1
165,34,1
138,44,1
124,15,1
148,20,1
141,16,1
150,7,1
164,26,1
156,19,1
160,37,1
144,27,1
142,46,1
138,19,1
143,16,1
151,35,1
135,18,1
150,41,1
151,44,1
161,24,1
135,36,1
149,7,1
144,18,1
152,34,1
150,41,1
164,35,1
128,26,1
150,5,1
160,32,1
169,22,1
148,30,1
139,21,1
146,11,1
155,47,1
157,28,1
136,40,1
133,29,1
139,43,1
152,18,1
154,46,1
141,49,1
145,14,1
131,7,1
160,38,1
147,49,1
143,27,1
163,27,1
153,48,1
155,38,1
160,18,1
128,41,1
132,14,1
141,7,1
136,34,1
134,11,1
140,36,1
143,28,1
122,21,1
168,29,1
156,14,1
133,20,1
139,45,1
164,26,1
168,28,1
147,7,1
158,34,1
133,26,1
129,27,1
168,17,1
144,45,1
139,25,1
126,20,1
161,6,1
130,39,1
152,24,1
163,29,1
140,5,1
146,4,1
138,1,1
162,28,1
160,39,1
164,24,1
142,7,1
124,14,1
132,46,1
165,36,1
145,50,1
141,14,1
159,27,1
127,33,1
139,38,1
161,24,1
153,47,1
161,40,1
158,23,1
159,12,1
145,11,1
127,19,1
150,49,1
151,12,1
141,32,1
148,9,1
151,23,1
161,10,1
131,24,1
154,37,1
149,14,1
146,31,1
161,37,1
146,17,1
157,28,1
131,32,1
123,15,1
147,46,1
151,45,1
135,38,1
153,12,1
124,32,1
124,20,1
139,34,1
133,6,1
154,3,1
163,19,1
161,21,1
151,19,1
145,9,1
155,21,1
135,32,1
148,10,1
146,9,1
158,21,1
166,21,1
137,20,1
169,21,1
161,6,1
142,28,1
132,8,1
152,18,1
145,21,1
131,6,1
151,23,1
135,46,1
138,3,1
141,13,1
135,39,1
141,38,1
139,32,1
159,14,1
150,32,1
125,40,1
138,6,1
123,24,1
154,33,1
157,10,1
155,42,1
150,13,1
165,25,1
134,45,1
136,16,1
149,33,1
134,29,1
138,20,1
135,28,1
161,24,1
166,26,1
147,28,1
126,30,1
156,9,1
127,30,1
127,32,1
127,39,1
145,7,1
142,28,1
145,34,1
156,27,1
142,26,1
130,21,1
153,23,1
147,36,1
133,38,1
141,3,1
150,20,1
126,17,1
168,19,1
149,17,1
137,25,1
142,2,1
136,2,1
158,38,1
159,19,1
166,32,1
155,36,1
134,20,1
121,28,1
140,22,1
142,28,1
134,42,1
162,28,1
146,46,1
130,43,1
123,15,1
130,29,1
163,32,1
145,8,1
156,41,1
125,24,1
156,21,1
167,35,1
162,25,1
133,5,1
133,34,1
146,44,1
132,43,1
146,49,1
157,38,1
158,7,1
122,33,1
151,15,1
158,24,1
152,33,1
139,9,1
153,4,1
140,10,1
135,30,1
146,34,1
125,15,1
138,23,1
132,26,1
167,30,1
126,39,1
130,42,1
164,23,1
123,20,1
132,28,1
167,16,1
143,14,1
145,16,1
139,7,1
161,10,1
162,13,1
128,12,1
162,23,1
143,30,1
125,40,1
143,3,1
153,43,1
147,39,1
163,20,1
139,37,1
141,21,1
136,24,1
165,36,1
130,17,1
142,17,1
141,15,1
149,27,1
164,23,1
148,22,1
149,36,1
149,11,1
149,10,1
129,27,1
127,30,1
158,45,1
154,7,1
148,4,1
132,39,1
125,12,1
146,33,1
136,4,1
142,4,1
137,22,1
148,41,1
136,2,1
143,17,1
161,10,1
157,43,1
140,41,1
134,14,1
137,19,1
147,19,1
147,18,1
150,36,1
152,33,1
148,48,1
145,22,1
161,14,1
142,27,1
127,37,1
150,48,1
153,16,1
139,24,1
142,16,1
164,36,1
152,47,1
158,10,1
146,45,1
150,22,1
148,4,1
140,47,1
121,28,1
157,15,1
154,45,1
148,11,1
155,44,1
162,9,1
158,41,1
132,40,1
139,5,1
148,35,1
168,16,1
130,9,1
122,24,1
137,18,1
167,21,1
130,10,1
133,19,1
150,32,1
145,42,1
127,22,1
133,23,1
144,3,1
154,7,1
146,11,1
138,39,1
158,29,1
152,5,1
160,7,1
149,6,1
165,25,1
146,23,1
166,24,1
128,20,1
150,24,1
137,19,1
141,2,1
155,26,1
156,31,1
165,26,1
143,35,1
136,13,1
145,22,1
155,21,1
142,28,1
155,21,1
147,9,1
127,21,1
136,31,1
139,38,1
129,34,1
132,46,1
130,12,1
144,37,1
145,23,1
128,25,1
135,9,1
156,3,1
128,39,1
139,44,1
134,16,1
159,20,1
134,24,1
158,22,1
147,35,1
132,5,1
159,20,1
144,48,1
154,31,1
140,25,1
145,26,1
165,35,1
136,24,1
137,44,1
151,31,1
152,10,1
158,42,1
141,6,1
155,34,1
131,17,1
158,35,1
152,1,1
153,41,1
131,25,1
152,35,1
167,26,1
153,20,1
143,2,1
150,37,1
136,26,1
123,22,1
162,33,1
141,10,1
162,41,1
144,45,1
150,38,1
159,25,1
154,45,1
131,19,1
159,20,1
162,39,1
153,22,1
151,28,1
159,17,1
153,35,1
124,21,1
134,7,1
151,28,1
124,15,1
139,44,1
135,11,1
153,19,1
142,35,1
132,29,1
146,4,1
128,37,1
157,15,1
130,17,1
136,30,1
146,28,1
151,49,1
167,33,1
134,9,1
157,32,1
156,9,1
157,35,1
135,25,1
149,36,1
139,35,1
137,16,1
151,45,1
160,5,1
157,34,1
139,14,1
128,33,1
135,18,1
158,19,1
159,5,1
157,37,1
147,30,1
142,47,1
130,18,1
146,41,1
147,23,1
141,3,1
160,44,1
159,24,1
146,2,1
152,34,1
146,35,1
153,39,1
123,19,1
128,35,1
168,28,1
141,31,1
132,6,1
161,32,1
146,35,1
130,27,1
159,16,1
160,24,1
161,16,1
143,46,1
124,29,1
137,15,1
165,26,1
138,3,1
126,16,1
150,37,1
131,44,1
143,28,1
135,14,1
156,19,1
151,11,1
158,42,1
162,40,1
156,39,1
121,32,1
167,14,1
162,14,1
140,32,1
136,19,1
157,18,1
123,34,1
144,17,1
144,45,1
154,20,1
137,27,1
133,34,1
142,8,1
133,27,1
132,9,1
148,47,1
127,34,1
129,19,1
130,32,1
141,20,1
138,42,1
150,14,1
160,40,1
165,17,1
143,4,1
129,20,1
145,45,1
123,15,1
152,21,1
132,33,1
154,41,1
125,26,1
162,14,1
149,17,1
136,26,1
166,15,1
137,29,1
149,15,1
143,5,1
149,15,1
136,3,1
165,18,1
158,39,1
149,44,1
124,15,1
147,2,1
156,9,1
129,26,1
135,21,1
140,30,1
136,19,1
144,30,1
136,16,1
150,11,1
157,29,1
123,24,1
157,31,1
152,31,1
156,18,1
137,41,1
126,39,1
155,6,1
152,32,1
146,43,1
143,37,1
155,32,1
142,19,1
140,46,1
150,32,1
138,6,1
140,19,1
135,39,1
135,37,1
128,32,1
142,16,1
144,48,1
153,21,1
150,38,1
147,34,1
131,13,1
154,26,1
154,19,1
166,33,1
152,43,1
152,27,1
151,1,1
149,15,1
166,38,1
137,26,1
154,4,1
134,5,1
125,15,1
132,23,1
158,9,1
143,35,1
135,5,1
133,42,1
164,40,1
139,48,1
168,24,1
141,17,1
131,10,1
124,24,1
169,21,1
133,42,1
154,9,1
160,8,1
144,31,1
165,12,1
144,31,1
166,38,1
125,39,1
132,7,1
159,41,1
133,32,1
137,23,1
141,40,1
165,33,1
145,31,1
144,24,1
156,46,1
162,25,1
163,8,1
169,27,1
129,22,1
142,7,1
163,20,1
159,41,1
123,31,1
136,17,1
157,43,1
143,36,1
161,30,1
165,21,1
125,32,1
128,14,1
153,2,1
158,29,1
159,39,1
148,5,1
169,31,1
130,31,1
159,15,1
138,27,1
148,21,1
158,23,1
124,16,1
151,18,1
143,22,1
121,30,1
164,11,1
141,48,1
156,10,1
136,40,1
138,7,1
168,34,1
137,19,1
140,35,1
162,37,1
149,15,1
140,12,1
142,11,1
143,20,1
155,41,1
147,41,1
136,20,1
143,33,1
163,17,1
148,49,1
156,16,1
135,11,1
143,4,1
142,48,1
131,42,1
148,11,1
152,30,1
152,36,1
146,13,1
140,6,1
160,10,1
153,4,1
129,23,1
146,2,1
152,29,1
163,10,1
152,49,1
164,19,1
136,48,1
126,18,1
154,5,1
148,34,1
122,19,1
132,8,1
158,40,1
165,26,1
151,3,1
141,17,1
165,20,1
146,11,1
162,20,1
151,1,1
127,9,1
144,13,1
158,41,1
129,40,1
162,22,1
130,36,1
139,3,1
143,24,1
143,22,1
164,17,1
168,16,1
