27,34,0
11,11,0
8,42,0
15,31,0
45,39,0
7,36,0
12,26,0
34,41,0
18,15,0
16,2,0
16,12,0
40,37,0
30,9,0
24,34,0
7,37,0
8,32,0
19,17,0
20,16,0
26,47,0
11,28,0
16,24,0
33,24,0
27,12,0
23,23,0
44,40,0
28,8,0
35,33,0
23,11,0
17,35,0
39,8,0
26,9,0
21,44,0
8,26,0
47,26,0
27,41,0
29,18,0
9,9,0
23,30,0
24,46,0
41,30,0
35,36,0
49,22,0
17,30,0
37,15,0
41,25,0
44,12,0
18,11,0
40,36,0
30,35,0
22,33,0
41,13,0
19,2,0
44,14,0
22,4,0
22,4,0
7,25,0
44,29,0
3,22,0
32,20,0
17,42,0
13,4,0
13,9,0
45,11,0
12,31,0
2,18,0
4,18,0
9,23,0
23,22,0
32,23,0
25,43,0
12,36,0
22,1,0
30,16,0
30,17,0
40,39,0
13,9,0
9,39,0
25,36,0
11,15,0
4,20,0
10,28,0
29,34,0
15,13,0
32,9,0
44,23,0
14,46,0
49,31,0
34,15,0
36,45,0
7,32,0
26,46,0
26,10,0
40,22,0
16,14,0
35,27,0
32,44,0
24,27,0
12,26,0
36,22,0
47,27,0
12,34,0
47,32,0
29,22,0
28,30,0
31,40,0
44,21,0
42,43,0
27,28,0
5,33,0
23,21,0
30,16,0
29,12,0
41,28,0
32,26,0
34,36,0
20,39,0
19,40,0
35,36,0
39,26,0
23,49,0
45,18,0
24,16,0
45,32,0
49,19,0
11,27,0
31,6,0
19,18,0
16,14,0
46,37,0
25,11,0
24,6,0
3,35,0
28,12,0
10,25,0
43,38,0
25,48,0
35,12,0
21,49,0
27,18,0
10,32,0
12,40,0
20,45,0
32,27,0
22,25,0
25,29,0
32,44,0
20,36,0
18,25,0
44,17,0
19,25,0
10,11,0
16,12,0
18,29,0
44,12,0
21,31,0
25,40,0
33,28,0
12,31,0
27,45,0
17,2,0
39,33,0
11,10,0
26,19,0
19,21,0
37,33,0
25,21,0
46,22,0
45,34,0
43,42,0
35,5,0
45,15,0
28,31,0
7,26,0
28,3,0
28,12,0
7,17,0
12,6,0
14,15,0
27,9,0
31,19,0
8,30,0
15,7,0
14,44,0
19,40,0
43,34,0
17,43,0
22,48,0
46,35,0
22,34,0
47,34,0
41,23,0
31,21,0
15,3,0
26,43,0
42,27,0
48,31,0
36,37,0
25,18,0
30,48,0
29,37,0
15,28,0
45,38,0
42,10,0
32,10,0
4,17,0
42,32,0
7,33,0
10,10,0
20,42,0
19,5,0
32,12,0
23,18,0
38,5,0
32,14,0
35,4,0
18,28,0
3,31,0
35,4,0
31,18,0
1,26,0
46,32,0
26,43,0
2,24,0
32,32,0
13,45,0
21,8,0
47,32,0
16,31,0
6,37,0
20,28,0
12,13,0
11,14,0
34,2,0
41,21,0
27,27,0
34,6,0
26,25,0
13,8,0
33,34,0
12,24,0
48,23,0
39,25,0
20,44,0
18,32,0
6,14,0
21,10,0
23,38,0
43,20,0
8,39,0
9,19,0
144,24,1
166,12,1
153,7,1
143,1,1
143,13,1
139,44,1
137,31,1
143,48,1
126,27,1
129,6,1
164,12,1
159,45,1
148,25,1
157,43,1
154,34,1
157,34,1
142,13,1
134,33,1
165,39,1
137,39,1
148,40,1
129,18,1
127,41,1
128,22,1
154,13,1
154,19,1
154,14,1
136,27,1
128,12,1
158,16,1
166,30,1
139,26,1
162,29,1
148,31,1
139,20,1
155,22,1
137,47,1
156,47,1
160,34,1
142,15,1
161,9,1
160,11,1
138,10,1
135,26,1
153,27,1
124,24,1
136,4,1
136,25,1
124,38,1
161,17,1
154,24,1
159,36,1
149,2,1
122,17,1
155,39,1
151,16,1
146,9,1
143,8,1
162,40,1
122,20,1
158,45,1
122,33,1
127,21,1
143,24,1
152,30,1
156,16,1
129,24,1
126,30,1
159,12,1
130,27,1
153,6,1
134,47,1
155,22,1
144,28,1
136,45,1
161,40,1
162,7,1
169,26,1
133,9,1
132,23,1
148,20,1
129,19,1
129,13,1
133,19,1
154,35,1
133,46,1
138,15,1
149,48,1
149,46,1
154,3,1
154,8,1
148,9,1
126,9,1
164,21,1
142,30,1
126,10,1
146,40,1
146,1,1
133,40,1
137,43,1
169,19,1
125,12,1
142,38,1
144,25,1
156,37,1
148,44,1
144,38,1
150,16,1
167,25,1
129,33,1
150,12,1
131,24,1
133,46,1
134,41,1
137,15,1
133,11,1
134,3,1
148,44,1
129,8,1
121,19,1
133,25,1
136,45,1
158,22,1
163,29,1
134,18,1
165,38,1
143,29,1
152,36,1
155,35,1
147,36,1
152,28,1
129,31,1
141,13,1
143,36,1
142,36,1
150,14,1
140,40,1
162,9,1
124,34,1
133,18,1
161,35,1
129,21,1
154,27,1
157,12,1
154,19,1
135,41,1
134,8,1
153,10,1
146,20,1
128,13,1
138,6,1
128,42,1
158,44,1
147,11,1
129,36,1
129,28,1
139,14,1
130,13,1
142,17,1
137,48,1
134,15,1
133,19,1
138,40,1
132,24,1
165,30,1
136,14,1
138,32,1
157,21,1
125,10,1
154,5,1
133,5,1
136,22,1
122,21,1
158,22,1
130,7,1
149,31,1
159,45,1
160,31,1
158,40,1
142,44,1
133,28,1
137,11,1
166,28,1
169,23,1
148,10,1
131,5,1
143,9,1
146,2,1
166,34,1
146,49,1
163,37,1
128,17,1
153,6,1
137,43,1
132,19,1
142,28,1
150,35,1
126,41,1
136,48,1
147,25,1
147,8,1
147,24,1
151,5,1
139,46,1
141,44,1
155,10,1
124,22,1
139,21,1
140,23,1
146,48,1
145,50,1
145,4,1
147,23,1
139,2,1
155,20,1
162,37,1
134,29,1
153,33,1
127,38,1
134,4,1
168,30,1
140,27,1
149,24,1
143,49,1
156,12,1
151,47,1
140,19,1
154,29,1
130,19,1
126,18,1
166,21,1
165,40,1
156,6,1
161,21,1
144,21,1
158,14,1
169,19,1
162,17,1
124,18,1
135,30,1
148,26,1
149,39,1
150,42,1
133,18,1
135,44,1
133,41,1
133,13,1
164,13,1
139,8,1
142,2,1
133,18,1
140,40,1
141,6,1
157,27,1
155,26,1
164,36,1
142,27,1
160,32,1
168,31,1
135,37,1
164,11,1
161,7,1
143,36,1
136,22,1
144,19,1
134,9,1
163,31,1
142,35,1
128,7,1
147,21,1
122,29,1
161,22,1
164,37,1
121,22,1
161,24,1
164,35,1
134,3,1
134,41,1
147,7,1
140,13,1
132,17,1
123,16,1
160,34,1
158,24,1
139,1,1
160,23,1
129,28,1
152,32,1
148,10,1
146,32,1
137,42,1
162,25,1
142,9,1
153,9,1
165,14,1
131,5,1
165,31,1
144,4,1
134,22,1
129,33,1
141,39,1
152,38,1
164,26,1
148,45,1
159,44,1
129,37,1
160,33,1
131,29,1
137,28,1
167,32,1
133,4,1
151,39,1
149,32,1
148,37,1
137,25,1
121,25,1
140,43,1
152,36,1
144,15,1
163,35,1
134,13,1
129,41,1
137,32,1
147,4,1
147,34,1
139,25,1
149,27,1
145,34,1
157,4,1
162,34,1
151,21,1
165,39,1
145,12,1
125,27,1
130,44,1
141,19,1
139,25,1
128,39,1
144,25,1
152,12,1
130,36,1
161,18,1
147,20,1
126,12,1
139,6,1
155,22,1
149,11,1
148,26,1
143,32,1
168,20,1
139,21,1
153,2,1
151,3,1
133,19,1
164,14,1
146,13,1
134,15,1
135,19,1
159,43,1
157,5,1
152,28,1
124,24,1
135,24,1
128,41,1
131,29,1
126,41,1
157,24,1
166,17,1
139,9,1
154,41,1
165,40,1
126,15,1
135,43,1
160,40,1
142,23,1
138,17,1
132,10,1
168,20,1
160,5,1
157,20,1
144,3,1
167,30,1
160,19,1
131,19,1
159,28,1
162,43,1
134,30,1
164,25,1
144,33,1
130,8,1
144,33,1
138,27,1
129,18,1
127,25,1
143,41,1
157,23,1
132,22,1
142,37,1
133,4,1
135,47,1
123,19,1
131,43,1
157,30,1
152,9,1
130,29,1
168,29,1
153,35,1
132,34,1
136,10,1
162,38,1
137,33,1
127,39,1
141,32,1
122,29,1
138,38,1
155,44,1
131,44,1
147,38,1
138,30,1
152,20,1
141,13,1
151,46,1
154,26,1
158,26,1
131,9,1
154,25,1
146,37,1
156,20,1
144,7,1
158,29,1
147,45,1
122,31,1
158,7,1
133,10,1
157,41,1
150,14,1
137,38,1
133,20,1
140,8,1
151,7,1
156,13,1
160,12,1
128,32,1
164,17,1
157,24,1
129,21,1
146,39,1
131,14,1
153,7,1
165,28,1
155,23,1
151,16,1
143,12,1
155,19,1
126,37,1
134,25,1
135,16,1
122,27,1
146,45,1
133,20,1
153,37,1
156,29,1
132,10,1
125,10,1
140,10,1
155,40,1
131,36,1
150,38,1
128,32,1
158,41,1
161,39,1
144,16,1
128,11,1
129,35,1
150,26,1
136,25,1
142,22,1
136,18,1
158,33,1
136,35,1
148,43,1
124,26,1
151,42,1
125,16,1
143,13,1
136,14,1
146,12,1
157,14,1
166,38,1
128,14,1
138,22,1
155,20,1
153,30,1
160,26,1
134,21,1
162,8,1
156,35,1
137,4,1
145,17,1
168,25,1
168,21,1
163,22,1
145,2,1
159,12,1
141,47,1
153,12,1
144,40,1
138,23,1
169,28,1
132,40,1
133,22,1
152,27,1
145,23,1
137,48,1
167,20,1
132,43,1
127,18,1
132,26,1
132,42,1
163,11,1
157,19,1
133,5,1
162,41,1
125,12,1
152,34,1
163,25,1
141,6,1
168,24,1
167,15,1
160,11,1
151,9,1
160,26,1
157,15,1
131,39,1
135,5,1
148,11,1
151,6,1
159,38,1
141,32,1
140,42,1
156,41,1
130,13,1
153,29,1
148,25,1
141,34,1
158,10,1
169,19,1
154,18,1
142,19,1
150,22,1
133,42,1
150,19,1
144,44,1
140,10,1
135,29,1
138,26,1
142,48,1
162,42,1
122,19,1
129,40,1
131,42,1
126,13,1
135,18,1
150,43,1
147,34,1
154,45,1
151,11,1
164,39,1
142,41,1
133,10,1
162,14,1
153,16,1
131,27,1
142,16,1
125,16,1
136,3,1
139,16,1
141,49,1
142,26,1
124,14,1
126,10,1
159,5,1
129,24,1
159,5,1
157,25,1
133,31,1
133,21,1
150,46,1
138,6,1
156,19,1
156,27,1
139,49,1
154,30,1
142,42,1
129,34,1
154,5,1
132,6,1
154,19,1
150,26,1
144,7,1
151,13,1
133,25,1
134,28,1
129,26,1
158,6,1
123,29,1
134,16,1
161,36,1
148,39,1
156,5,1
140,49,1
167,35,1
127,29,1
131,20,1
167,20,1
161,41,1
121,26,1
128,41,1
148,21,1
157,43,1
162,29,1
147,23,1
163,31,1
128,39,1
156,34,1
157,8,1
134,43,1
152,15,1
139,45,1
127,28,1
124,37,1
133,34,1
157,29,1
124,24,1
142,40,1
142,36,1
152,41,1
145,34,1
138,49,1
145,45,1
164,28,1
137,22,1
142,39,1
147,7,1
153,40,1
128,30,1
166,19,1
168,17,1
145,45,1
134,27,1
130,26,1
147,3,1
124,13,1
168,32,1
142,8,1
134,40,1
130,39,1
162,43,1
132,31,1
135,38,1
138,3,1
159,34,1
140,34,1
138,22,1
151,22,1
155,5,1
157,7,1
144,1,1
138,22,1
148,1,1
124,18,1
127,20,1
135,30,1
156,5,1
140,3,1
167,31,1
124,12,1
159,38,1
157,25,1
157,33,1
151,49,1
135,46,1
131,10,1
160,22,1
127,11,1
154,36,1
160,12,1
129,33,1
159,14,1
146,47,1
166,15,1
157,25,1
133,21,1
150,46,1
167,16,1
145,47,1
147,38,1
130,16,1
124,19,1
149,17,1
125,11,1
160,18,1
127,35,1
159,28,1
163,37,1
129,26,1
166,22,1
168,22,1
157,19,1
161,44,1
164,18,1
124,37,1
127,37,1
122,25,1
147,41,1
140,1,1
129,8,1
135,23,1
155,43,1
157,16,1
140,36,1
150,33,1
141,8,1
150,33,1
167,21,1
127,13,1
127,34,1
137,16,1
136,42,1
140,6,1
157,15,1
158,40,1
156,4,1
140,13,1
160,28,1
156,34,1
142,35,1
152,33,1
128,33,1
136,24,1
127,8,1
162,31,1
122,18,1
152,3,1
166,22,1
148,3,1
156,43,1
155,41,1
122,19,1
161,14,1
