16,48,0
16,38,0
32,48,0
12,45,0
12,14,0
25,16,0
15,43,0
10,8,0
21,13,0
9,15,0
7,32,0
25,33,0
32,45,0
4,33,0
9,39,0
40,17,0
25,4,0
14,33,0
33,40,0
13,41,0
8,23,0
9,28,0
19,32,0
43,18,0
39,21,0
24,47,0
30,1,0
35,26,0
42,12,0
34,46,0
18,43,0
37,21,0
20,24,0
22,29,0
28,43,0
15,24,0
11,39,0
12,44,0
19,26,0
33,36,0
10,24,0
38,5,0
45,33,0
39,15,0
24,44,0
49,21,0
20,43,0
38,8,0
20,11,0
29,20,0
12,35,0
28,8,0
9,12,0
12,28,0
44,22,0
25,22,0
23,13,0
20,14,0
33,13,0
48,31,0
25,10,0
31,45,0
13,8,0
20,23,0
4,14,0
44,37,0
7,11,0
28,44,0
22,3,0
6,38,0
20,42,0
19,14,0
13,28,0
18,21,0
17,45,0
17,12,0
3,22,0
22,47,0
26,38,0
4,15,0
15,33,0
12,21,0
10,19,0
35,6,0
26,16,0
25,5,0
34,17,0
28,2,0
13,30,0
23,41,0
32,14,0
12,20,0
3,23,0
7,15,0
26,22,0
24,42,0
10,22,0
17,40,0
1,31,0
25,49,0
7,19,0
18,17,0
47,24,0
1,19,0
34,14,0
30,20,0
37,20,0
9,40,0
5,33,0
29,45,0
38,20,0
21,33,0
33,47,0
47,32,0
14,29,0
28,6,0
19,16,0
33,11,0
42,22,0
38,38,0
3,17,0
27,49,0
30,11,0
25,35,0
36,32,0
10,29,0
15,16,0
19,47,0
19,48,0
5,38,0
40,7,0
20,14,0
18,37,0
31,12,0
35,40,0
23,23,0
26,23,0
30,35,0
35,31,0
10,28,0
20,36,0
35,22,0
6,18,0
31,31,0
40,26,0
7,24,0
43,18,0
3,26,0
47,27,0
11,10,0
27,21,0
28,49,0
38,36,0
35,47,0
9,41,0
25,8,0
37,19,0
33,5,0
34,15,0
37,27,0
29,39,0
42,32,0
27,17,0
39,33,0
32,40,0
17,15,0
47,16,0
9,10,0
27,30,0
12,6,0
25,46,0
13,19,0
20,4,0
30,48,0
14,41,0
32,18,0
27,24,0
22,47,0
29,22,0
12,13,0
6,35,0
24,13,0
6,22,0
5,33,0
18,44,0
41,18,0
41,16,0
36,20,0
21,33,0
4,31,0
20,30,0
49,23,0
20,47,0
40,5,0
5,19,0
41,22,0
29,26,0
42,15,0
32,11,0
31,39,0
42,8,0
27,41,0
15,16,0
40,19,0
19,12,0
23,10,0
41,39,0
11,43,0
26,43,0
24,41,0
34,3,0
34,35,0
40,34,0
24,46,0
25,28,0
43,9,0
28,3,0
34,4,0
22,35,0
41,33,0
38,16,0
15,3,0
30,38,0
8,27,0
29,44,0
34,9,0
11,11,0
32,43,0
16,17,0
1,18,0
13,36,0
46,18,0
32,12,0
18,18,0
23,22,0
33,18,0
4,17,0
23,5,0
39,30,0
27,34,0
22,11,0
18,49,0
40,22,0
24,23,0
25,16,0
10,18,0
23,17,0
40,12,0
13,12,0
20,29,0
148,45,1
126,20,1
129,42,1
129,23,1
157,26,1
131,30,1
132,4,1
125,38,1
150,40,1
153,9,1
149,36,1
134,15,1
153,13,1
139,43,1
149,48,1
155,6,1
150,22,1
160,23,1
138,8,1
144,36,1
153,40,1
154,9,1
151,8,1
147,34,1
160,26,1
144,6,1
121,32,1
149,17,1
128,9,1
144,15,1
131,18,1
155,38,1
155,3,1
139,17,1
152,7,1
129,10,1
148,39,1
137,15,1
163,17,1
133,4,1
163,35,1
158,22,1
152,22,1
166,31,1
138,28,1
134,15,1
122,22,1
142,16,1
123,19,1
122,22,1
134,21,1
132,5,1
159,29,1
148,39,1
152,16,1
127,11,1
125,34,1
161,14,1
127,12,1
153,26,1
136,24,1
127,35,1
145,23,1
135,28,1
130,5,1
152,26,1
153,48,1
161,11,1
129,41,1
138,35,1
145,24,1
145,48,1
159,42,1
166,37,1
125,14,1
132,29,1
155,46,1
131,41,1
137,33,1
154,4,1
131,18,1
165,14,1
159,27,1
153,42,1
147,17,1
147,48,1
169,20,1
157,24,1
123,35,1
147,22,1
141,26,1
158,30,1
120,25,1
129,21,1
134,5,1
123,25,1
136,22,1
157,5,1
152,41,1
136,19,1
153,42,1
127,22,1
151,7,1
124,25,1
153,23,1
155,17,1
156,45,1
137,27,1
130,8,1
165,35,1
126,16,1
168,24,1
161,17,1
126,29,1
138,18,1
164,23,1
159,5,1
165,40,1
153,13,1
165,27,1
146,35,1
137,36,1
131,24,1
136,28,1
154,26,1
151,48,1
155,11,1
130,29,1
147,48,1
151,33,1
135,36,1
148,32,1
154,30,1
153,18,1
144,17,1
156,44,1
138,23,1
144,18,1
125,35,1
131,20,1
152,45,1
140,16,1
146,38,1
141,34,1
127,21,1
144,43,1
145,42,1
136,36,1
142,9,1
154,14,1
169,26,1
130,29,1
157,8,1
150,34,1
129,16,1
145,2,1
163,36,1
154,21,1
133,25,1
158,31,1
143,49,1
166,32,1
149,14,1
135,31,1
127,33,1
133,25,1
169,22,1
156,40,1
164,24,1
167,25,1
140,17,1
161,43,1
131,17,1
149,44,1
136,38,1
129,24,1
155,36,1
126,20,1
124,33,1
151,16,1
150,9,1
156,46,1
167,20,1
141,41,1
157,13,1
162,27,1
139,24,1
154,43,1
152,18,1
159,42,1
158,21,1
143,30,1
165,16,1
131,39,1
139,37,1
126,13,1
136,34,1
156,12,1
153,33,1
146,43,1
131,42,1
146,6,1
152,38,1
153,44,1
125,39,1
135,31,1
129,11,1
159,10,1
149,44,1
135,38,1
163,37,1
146,25,1
142,3,1
147,36,1
132,7,1
138,28,1
135,43,1
125,23,1
161,6,1
153,21,1
125,39,1
140,32,1
161,10,1
143,22,1
127,29,1
160,43,1
151,7,1
158,11,1
147,30,1
128,24,1
141,20,1
121,21,1
141,15,1
147,26,1
134,8,1
144,35,1
130,9,1
123,19,1
125,38,1
138,28,1
122,19,1
143,13,1
125,39,1
153,41,1
121,32,1
154,23,1
155,36,1
125,17,1
141,15,1
156,35,1
128,19,1
138,14,1
148,17,1
133,36,1
127,36,1
147,16,1
137,44,1
167,20,1
150,25,1
160,6,1
131,12,1
170,25,1
151,7,1
132,40,1
142,41,1
131,29,1
161,23,1
169,23,1
159,39,1
148,2,1
126,11,1
144,47,1
164,14,1
162,8,1
143,14,1
135,13,1
137,40,1
133,6,1
162,16,1
139,21,1
135,5,1
135,42,1
155,11,1
148,20,1
142,46,1
127,25,1
129,22,1
134,40,1
147,25,1
148,8,1
125,20,1
132,25,1
145,12,1
146,2,1
147,2,1
154,40,1
162,32,1
149,39,1
154,40,1
144,42,1
148,40,1
153,39,1
127,40,1
140,25,1
150,14,1
132,43,1
164,30,1
167,20,1
154,2,1
162,28,1
152,23,1
149,32,1
140,16,1
149,22,1
153,42,1
156,42,1
154,5,1
157,30,1
169,30,1
131,7,1
121,28,1
160,24,1
141,46,1
138,16,1
168,18,1
131,17,1
164,9,1
164,23,1
136,47,1
165,11,1
144,23,1
165,19,1
160,40,1
146,44,1
149,40,1
153,27,1
164,14,1
136,32,1
132,29,1
140,3,1
162,23,1
161,39,1
152,13,1
134,24,1
153,8,1
138,22,1
143,48,1
123,18,1
128,13,1
154,47,1
144,23,1
150,48,1
153,33,1
162,10,1
149,27,1
133,5,1
147,2,1
146,21,1
157,39,1
153,43,1
152,10,1
154,25,1
129,25,1
141,3,1
138,19,1
131,26,1
132,29,1
153,30,1
164,38,1
132,38,1
156,17,1
157,31,1
154,35,1
147,32,1
148,2,1
163,23,1
146,5,1
147,19,1
162,27,1
160,45,1
141,43,1
133,14,1
133,35,1
132,26,1
153,17,1
129,19,1
166,12,1
158,28,1
125,33,1
142,16,1
127,30,1
127,40,1
149,16,1
141,3,1
130,15,1
149,14,1
133,35,1
154,6,1
122,18,1
157,45,1
156,16,1
140,18,1
129,32,1
169,21,1
121,21,1
132,46,1
128,21,1
155,8,1
146,5,1
165,32,1
168,26,1
138,5,1
131,12,1
130,13,1
141,4,1
124,35,1
139,46,1
163,8,1
148,20,1
168,30,1
133,41,1
128,33,1
153,25,1
166,27,1
167,35,1
133,41,1
159,16,1
146,40,1
159,25,1
144,19,1
165,29,1
156,39,1
148,30,1
133,12,1
152,18,1
133,15,1
129,24,1
145,5,1
145,46,1
131,28,1
152,36,1
140,5,1
140,35,1
123,34,1
157,34,1
151,28,1
146,14,1
121,31,1
140,49,1
147,43,1
143,32,1
152,33,1
135,4,1
142,12,1
132,25,1
127,21,1
150,29,1
138,39,1
141,24,1
131,29,1
165,15,1
130,23,1
144,13,1
143,18,1
151,11,1
132,8,1
160,26,1
162,21,1
160,27,1
125,37,1
149,1,1
152,24,1
148,18,1
145,25,1
132,16,1
144,48,1
168,33,1
138,8,1
158,15,1
129,33,1
144,33,1
146,26,1
137,20,1
125,11,1
137,2,1
140,33,1
157,44,1
133,31,1
146,16,1
138,39,1
133,23,1
160,24,1
140,25,1
135,11,1
127,12,1
123,36,1
157,44,1
136,17,1
157,4,1
150,7,1
135,27,1
136,20,1
129,25,1
155,33,1
121,28,1
161,37,1
159,40,1
149,20,1
162,8,1
151,4,1
126,31,1
149,28,1
157,19,1
155,10,1
129,34,1
134,4,1
163,38,1
128,15,1
133,33,1
124,26,1
165,33,1
133,11,1
154,42,1
144,23,1
143,17,1
150,34,1
154,13,1
162,16,1
148,33,1
134,41,1
143,9,1
139,16,1
154,28,1
152,13,1
163,13,1
160,43,1
138,43,1
142,40,1
137,2,1
128,33,1
153,35,1
133,24,1
141,31,1
158,32,1
135,16,1
149,19,1
162,21,1
153,43,1
149,4,1
127,41,1
141,31,1
134,21,1
129,18,1
129,28,1
165,11,1
140,38,1
164,11,1
167,23,1
155,3,1
140,12,1
143,28,1
133,27,1
124,36,1
126,13,1
164,13,1
126,40,1
156,30,1
133,8,1
145,7,1
144,3,1
146,6,1
128,10,1
166,26,1
157,45,1
158,26,1
141,24,1
139,19,1
139,43,1
157,42,1
132,29,1
124,32,1
144,43,1
141,26,1
120,25,1
147,45,1
140,32,1
132,22,1
130,5,1
158,11,1
150,25,1
122,16,1
125,13,1
136,12,1
151,42,1
147,36,1
152,47,1
130,41,1
156,18,1
140,22,1
138,15,1
153,3,1
135,14,1
140,3,1
150,26,1
166,30,1
137,8,1
162,25,1
164,14,1
154,35,1
167,31,1
138,31,1
167,22,1
132,10,1
163,19,1
137,46,1
123,25,1
159,31,1
149,35,1
135,9,1
162,35,1
134,36,1
164,33,1
126,40,1
146,37,1
133,38,1
159,27,1
136,38,1
135,25,1
128,39,1
130,14,1
151,8,1
143,16,1
132,11,1
137,5,1
168,32,1
167,33,1
156,21,1
135,3,1
151,5,1
152,8,1
131,26,1
135,22,1
158,9,1
124,38,1
138,2,1
162,25,1
159,17,1
162,17,1
159,5,1
127,41,1
142,14,1
134,16,1
122,25,1
127,15,1
138,16,1
127,11,1
164,25,1
149,2,1
133,19,1
123,14,1
133,4,1
131,33,1
145,15,1
156,17,1
134,29,1
167,26,1
158,14,1
149,35,1
146,35,1
141,49,1
129,7,1
152,4,1
145,50,1
134,47,1
121,31,1
134,31,1
125,24,1
164,20,1
158,20,1
141,26,1
158,30,1
165,40,1
141,4,1
152,7,1
126,38,1
151,18,1
160,25,1
124,19,1
156,33,1
131,7,1
144,19,1
162,11,1
129,28,1
139,28,1
149,20,1
131,34,1
142,38,1
136,20,1
127,18,1
160,20,1
147,6,1
162,36,1
154,16,1
164,15,1
135,20,1
127,18,1
127,42,1
157,40,1
157,5,1
139,37,1
134,34,1
132,40,1
166,19,1
144,25,1
133,19,1
155,30,1
128,9,1
163,22,1
159,14,1
142,4,1
169,19,1
159,28,1
158,40,1
153,35,1
141,33,1
129,7,1
137,25,1
143,5,1
139,34,1
153,29,1
153,29,1
162,39,1
143,3,1
129,8,1
143,36,1
155,33,1
137,18,1
130,16,1
126,41,1
134,18,1
144,4,1
155,20,1
135,6,1
130,38,1
135,24,1
145,42,1
132,34,1
139,1,1
141,25,1
148,27,1
