39,10,0
27,43,0
44,27,0
19,44,0
37,45,0
15,29,0
41,30,0
32,27,0
45,33,0
11,14,0
35,37,0
27,47,0
31,5,0
27,6,0
36,44,0
43,39,0
19,34,0
6,39,0
2,16,0
33,32,0
28,47,0
16,20,0
31,33,0
20,26,0
22,7,0
34,47,0
21,37,0
23,44,0
24,3,0
8,39,0
40,35,0
33,14,0
46,34,0
26,40,0
13,32,0
15,11,0
7,20,0
5,38,0
22,1,0
18,28,0
41,31,0
18,12,0
16,33,0
19,28,0
43,42,0
41,13,0
11,28,0
17,5,0
47,16,0
13,7,0
47,32,0
44,9,0
16,33,0
42,12,0
42,22,0
20,33,0
41,42,0
8,18,0
9,23,0
3,18,0
36,13,0
43,22,0
4,35,0
12,43,0
13,20,0
45,25,0
36,13,0
12,33,0
34,16,0
12,26,0
7,30,0
43,31,0
17,40,0
40,45,0
23,7,0
44,19,0
18,14,0
12,11,0
40,39,0
33,34,0
4,29,0
43,22,0
7,24,0
26,35,0
24,8,0
43,26,0
45,25,0
4,26,0
29,29,0
17,24,0
11,44,0
35,17,0
24,27,0
11,39,0
20,11,0
21,11,0
34,47,0
39,15,0
20,13,0
22,28,0
13,30,0
26,37,0
33,8,0
2,27,0
48,31,0
40,24,0
46,37,0
5,27,0
49,22,0
21,22,0
48,21,0
38,24,0
39,43,0
9,34,0
24,14,0
26,21,0
30,4,0
14,47,0
40,40,0
7,26,0
8,20,0
20,22,0
45,36,0
24,6,0
43,16,0
27,41,0
35,24,0
32,2,0
30,29,0
31,40,0
21,38,0
9,40,0
18,1,0
48,20,0
45,14,0
21,9,0
47,26,0
10,13,0
26,29,0
31,2,0
19,46,0
3,30,0
16,23,0
28,4,0
37,12,0
7,40,0
23,26,0
49,24,0
45,36,0
39,10,0
33,44,0
4,29,0
37,15,0
1,25,0
32,11,0
42,7,0
15,12,0
9,6,0
29,25,0
9,11,0
46,17,0
24,3,0
6,15,0
48,31,0
12,33,0
9,21,0
33,48,0
48,28,0
37,27,0
20,45,0
5,30,0
15,41,0
31,34,0
9,20,0
23,27,0
27,43,0
19,5,0
28,29,0
14,8,0
4,15,0
27,38,0
17,20,0
42,19,0
2,30,0
30,12,0
24,15,0
11,5,0
25,31,0
49,22,0
35,43,0
15,31,0
31,49,0
23,19,0
33,48,0
48,31,0
44,28,0
29,5,0
35,10,0
34,38,0
2,19,0
45,37,0
33,38,0
42,36,0
13,45,0
36,9,0
15,14,0
27,6,0
11,10,0
14,12,0
34,32,0
49,18,0
39,12,0
25,0,0
35,3,0
11,31,0
22,27,0
30,46,0
45,32,0
6,12,0
11,36,0
33,9,0
18,23,0
26,12,0
38,4,0
28,16,0
6,20,0
18,28,0
41,17,0
24,9,0
36,9,0
11,12,0
10,32,0
34,42,0
2,18,0
41,28,0
34,25,0
12,32,0
27,26,0
25,33,0
14,11,0
27,30,0
21,43,0
25,16,0
31,46,0
4,37,0
10,12,0
49,30,0
24,47,0
38,22,0
49,31,0
166,31,1
161,14,1
126,20,1
130,7,1
157,18,1
154,10,1
148,7,1
138,42,1
141,18,1
164,38,1
145,5,1
132,17,1
168,19,1
153,43,1
160,38,1
157,35,1
151,34,1
138,35,1
162,43,1
127,31,1
124,24,1
150,10,1
145,49,1
152,39,1
156,12,1
135,7,1
153,2,1
152,21,1
143,14,1
154,24,1
162,15,1
155,24,1
145,30,1
150,39,1
145,43,1
149,5,1
146,18,1
133,29,1
149,19,1
164,13,1
135,5,1
164,29,1
138,27,1
156,26,1
163,21,1
125,29,1
153,16,1
137,45,1
125,19,1
154,18,1
143,28,1
146,41,1
158,7,1
155,23,1
162,24,1
160,7,1
158,22,1
125,14,1
148,18,1
122,34,1
128,29,1
152,12,1
150,26,1
160,42,1
146,20,1
165,28,1
126,16,1
153,28,1
133,21,1
157,15,1
167,33,1
136,29,1
144,35,1
133,42,1
142,15,1
145,14,1
139,21,1
153,6,1
130,36,1
153,24,1
158,16,1
130,12,1
159,39,1
143,12,1
148,39,1
153,21,1
123,15,1
153,25,1
159,39,1
164,17,1
150,21,1
148,22,1
168,16,1
143,3,1
144,9,1
168,16,1
136,41,1
151,27,1
130,31,1
138,5,1
139,15,1
167,19,1
151,21,1
167,15,1
127,8,1
138,20,1
159,16,1
140,10,1
128,13,1
128,19,1
152,4,1
152,42,1
164,23,1
146,25,1
125,29,1
141,36,1
139,12,1
154,15,1
151,24,1
153,39,1
157,30,1
161,22,1
153,24,1
140,42,1
148,33,1
157,40,1
140,48,1
150,33,1
132,22,1
138,26,1
155,45,1
133,27,1
150,7,1
127,29,1
129,43,1
168,32,1
140,2,1
132,45,1
160,8,1
147,32,1
148,40,1
149,5,1
162,41,1
157,15,1
137,44,1
155,23,1
152,28,1
145,23,1
156,41,1
145,47,1
163,39,1
144,36,1
139,14,1
150,13,1
150,39,1
164,27,1
143,49,1
156,16,1
126,34,1
134,10,1
143,38,1
126,16,1
129,32,1
150,40,1
139,27,1
157,27,1
149,27,1
150,25,1
167,29,1
145,43,1
135,8,1
132,14,1
165,20,1
127,17,1
126,16,1
125,16,1
132,43,1
143,39,1
142,32,1
122,32,1
156,20,1
135,36,1
136,15,1
136,26,1
137,29,1
162,27,1
121,20,1
168,29,1
126,24,1
140,38,1
150,5,1
132,23,1
151,17,1
148,35,1
147,27,1
161,19,1
149,46,1
161,13,1
137,2,1
157,14,1
136,21,1
150,49,1
146,3,1
164,13,1
123,16,1
161,30,1
146,33,1
144,40,1
145,40,1
157,9,1
150,15,1
158,39,1
142,1,1
124,14,1
136,28,1
150,9,1
155,18,1
139,47,1
153,37,1
157,43,1
126,41,1
131,45,1
133,10,1
135,23,1
153,9,1
156,22,1
162,40,1
143,41,1
139,12,1
140,48,1
127,39,1
127,21,1
144,25,1
160,29,1
131,13,1
148,23,1
142,38,1
143,30,1
144,36,1
133,25,1
157,39,1
168,34,1
137,45,1
142,36,1
147,21,1
154,16,1
159,37,1
142,47,1
145,25,1
129,29,1
136,41,1
137,28,1
150,31,1
142,28,1
132,33,1
156,17,1
125,25,1
122,26,1
135,32,1
122,27,1
141,12,1
132,45,1
145,15,1
133,46,1
147,42,1
146,39,1
168,21,1
130,37,1
144,18,1
137,37,1
157,4,1
137,39,1
163,39,1
143,3,1
155,46,1
161,23,1
162,24,1
138,5,1
151,34,1
165,37,1
153,4,1
139,5,1
151,10,1
131,14,1
159,34,1
154,38,1
134,26,1
146,9,1
130,43,1
148,18,1
153,43,1
146,41,1
168,22,1
164,38,1
144,7,1
131,33,1
156,13,1
140,24,1
143,42,1
132,8,1
152,23,1
141,5,1
159,31,1
142,16,1
159,41,1
125,16,1
149,31,1
139,1,1
153,17,1
168,20,1
134,41,1
127,21,1
134,47,1
159,45,1
144,28,1
162,12,1
145,43,1
153,26,1
166,30,1
148,45,1
128,24,1
137,11,1
151,12,1
149,21,1
129,19,1
126,36,1
152,6,1
138,16,1
146,18,1
132,33,1
131,36,1
129,26,1
161,36,1
148,36,1
153,46,1
140,27,1
145,32,1
160,36,1
168,17,1
150,21,1
143,10,1
126,29,1
161,26,1
153,32,1
134,35,1
158,37,1
136,47,1
154,7,1
139,16,1
155,44,1
147,16,1
165,35,1
145,19,1
136,35,1
122,33,1
155,16,1
144,13,1
125,33,1
138,5,1
161,29,1
132,31,1
145,8,1
124,12,1
132,28,1
146,39,1
125,40,1
130,19,1
162,35,1
131,36,1
154,46,1
154,17,1
153,15,1
162,23,1
124,24,1
152,34,1
124,17,1
127,27,1
155,8,1
131,32,1
149,42,1
145,31,1
135,42,1
154,39,1
147,15,1
145,44,1
143,33,1
158,46,1
146,15,1
136,15,1
143,33,1
164,9,1
134,9,1
137,17,1
153,47,1
158,13,1
165,26,1
141,31,1
140,38,1
144,21,1
135,29,1
139,36,1
143,33,1
132,10,1
146,43,1
138,41,1
122,24,1
161,27,1
128,23,1
137,10,1
124,21,1
121,28,1
155,18,1
163,32,1
162,22,1
164,37,1
143,18,1
127,24,1
144,33,1
157,33,1
138,23,1
134,13,1
161,42,1
121,29,1
169,29,1
165,23,1
129,34,1
156,21,1
147,29,1
158,31,1
132,45,1
127,27,1
146,2,1
169,26,1
143,24,1
126,36,1
146,32,1
149,43,1
133,12,1
151,10,1
154,22,1
126,23,1
146,2,1
130,14,1
153,39,1
163,41,1
136,16,1
145,26,1
159,14,1
135,16,1
133,43,1
150,46,1
142,37,1
165,17,1
152,48,1
161,14,1
154,38,1
136,26,1
150,47,1
134,6,1
123,31,1
149,6,1
131,11,1
150,29,1
144,48,1
139,36,1
133,27,1
126,27,1
138,47,1
161,14,1
148,21,1
152,44,1
157,30,1
147,34,1
156,44,1
166,33,1
149,49,1
139,12,1
160,39,1
144,36,1
160,18,1
140,49,1
144,20,1
147,33,1
129,32,1
165,39,1
167,22,1
158,11,1
148,8,1
141,3,1
152,6,1
156,26,1
158,16,1
138,46,1
138,8,1
132,41,1
136,28,1
157,11,1
160,37,1
138,12,1
136,48,1
143,14,1
150,11,1
131,44,1
163,21,1
125,29,1
137,36,1
160,27,1
161,24,1
154,16,1
153,15,1
139,20,1
127,34,1
129,21,1
129,30,1
150,27,1
121,32,1
153,8,1
155,46,1
138,25,1
139,30,1
140,15,1
144,1,1
152,18,1
139,22,1
125,16,1
136,44,1
137,18,1
137,27,1
134,18,1
146,22,1
137,24,1
157,15,1
131,31,1
127,10,1
144,37,1
129,14,1
135,36,1
155,47,1
160,16,1
123,17,1
144,31,1
139,2,1
163,30,1
161,17,1
161,9,1
160,31,1
137,16,1
143,4,1
164,18,1
142,22,1
150,31,1
164,33,1
143,38,1
123,21,1
156,28,1
149,12,1
159,42,1
159,37,1
146,15,1
152,11,1
128,40,1
143,45,1
139,16,1
161,19,1
137,7,1
153,39,1
136,44,1
159,15,1
132,15,1
128,19,1
154,15,1
148,22,1
167,24,1
130,35,1
130,15,1
138,14,1
130,12,1
154,25,1
154,22,1
122,32,1
139,46,1
147,26,1
140,2,1
138,43,1
156,4,1
130,35,1
134,42,1
156,38,1
169,20,1
149,8,1
134,46,1
166,17,1
147,17,1
162,15,1
124,27,1
151,33,1
131,36,1
144,9,1
128,43,1
141,38,1
126,36,1
125,24,1
165,29,1
141,29,1
147,1,1
149,21,1
134,33,1
122,22,1
140,16,1
142,34,1
160,26,1
148,38,1
148,33,1
141,4,1
146,11,1
166,26,1
163,34,1
138,13,1
146,14,1
160,42,1
136,42,1
147,14,1
132,10,1
148,38,1
148,24,1
125,21,1
151,15,1
138,24,1
145,36,1
137,29,1
146,48,1
133,32,1
168,23,1
147,30,1
164,20,1
143,41,1
155,10,1
139,19,1
131,44,1
127,15,1
149,3,1
132,44,1
149,10,1
155,14,1
155,22,1
151,14,1
162,42,1
158,29,1
168,21,1
158,4,1
133,7,1
156,9,1
132,41,1
122,33,1
162,7,1
136,24,1
135,44,1
148,25,1
163,33,1
153,2,1
133,13,1
126,21,1
136,34,1
159,39,1
154,10,1
127,11,1
163,28,1
138,35,1
165,30,1
123,36,1
143,5,1
154,20,1
125,17,1
139,10,1
145,43,1
156,45,1
154,4,1
149,41,1
139,43,1
122,17,1
153,34,1
128,13,1
147,29,1
152,23,1
164,29,1
147,30,1
147,3,1
157,31,1
167,30,1
153,9,1
129,22,1
131,33,1
124,16,1
153,33,1
132,24,1
151,5,1
131,18,1
135,36,1
160,36,1
144,40,1
169,20,1
134,20,1
137,5,1
152,36,1
155,16,1
139,48,1
152,17,1
129,25,1
168,32,1
137,37,1
131,21,1
124,17,1
124,24,1
139,1,1
144,42,1
123,27,1
156,38,1
169,21,1
155,40,1
127,18,1
162,36,1
140,16,1
153,35,1
139,28,1
156,26,1
146,45,1
157,7,1
156,19,1
142,47,1
148,46,1
124,22,1
146,3,1
139,5,1
121,30,1
153,12,1
126,18,1
159,38,1
167,27,1
155,18,1
141,16,1
140,48,1
132,38,1
140,37,1
142,20,1
133,44,1
150,23,1
163,16,1
158,33,1
159,43,1
150,8,1
