16,23,0
40,45,0
43,22,0
15,39,0
13,46,0
2,19,0
31,49,0
24,7,0
35,20,0
39,25,0
17,15,0
29,23,0
13,28,0
19,29,0
22,15,0
12,44,0
32,1,0
44,14,0
13,45,0
6,31,0
40,23,0
3,24,0
42,16,0
19,26,0
47,15,0
1,25,0
36,45,0
5,35,0
18,23,0
40,9,0
5,15,0
36,19,0
41,10,0
22,21,0
12,42,0
24,20,0
20,31,0
24,21,0
16,46,0
34,21,0
35,36,0
32,22,0
21,49,0
11,42,0
41,41,0
41,42,0
23,32,0
20,15,0
14,35,0
23,34,0
47,30,0
49,24,0
22,44,0
46,33,0
29,11,0
6,10,0
27,47,0
43,32,0
37,37,0
18,41,0
21,45,0
15,24,0
23,46,0
34,24,0
25,17,0
36,9,0
36,22,0
14,16,0
12,38,0
24,24,0
37,24,0
11,27,0
16,13,0
35,42,0
39,39,0
22,45,0
8,21,0
33,43,0
38,5,0
30,18,0
14,30,0
30,11,0
33,33,0
14,46,0
12,27,0
24,22,0
30,3,0
13,27,0
28,33,0
29,1,0
23,13,0
18,37,0
42,32,0
36,31,0
18,3,0
12,12,0
31,7,0
29,41,0
14,12,0
8,42,0
24,3,0
42,16,0
9,14,0
20,33,0
15,10,0
37,17,0
11,30,0
17,34,0
24,41,0
30,29,0
27,45,0
39,45,0
41,33,0
37,7,0
19,30,0
24,35,0
40,9,0
30,46,0
20,12,0
9,13,0
30,4,0
48,20,0
24,15,0
22,47,0
29,36,0
11,27,0
47,19,0
49,29,0
6,10,0
32,13,0
8,37,0
18,22,0
37,22,0
38,44,0
19,36,0
40,32,0
29,19,0
10,45,0
23,44,0
45,30,0
1,25,0
41,28,0
14,33,0
44,32,0
32,22,0
18,39,0
38,44,0
46,18,0
23,45,0
23,43,0
29,35,0
4,15,0
37,34,0
30,41,0
48,16,0
9,9,0
28,45,0
36,35,0
27,28,0
29,3,0
26,21,0
27,39,0
20,24,0
12,27,0
11,25,0
28,14,0
5,36,0
21,7,0
22,10,0
7,42,0
5,31,0
21,35,0
30,45,0
2,26,0
11,31,0
15,43,0
28,6,0
7,26,0
36,47,0
12,22,0
39,10,0
21,40,0
39,33,0
9,41,0
31,9,0
48,22,0
27,17,0
13,19,0
38,4,0
31,44,0
8,38,0
13,14,0
11,30,0
19,43,0
8,23,0
24,47,0
38,43,0
1,19,0
31,6,0
15,24,0
7,9,0
23,4,0
1,21,0
19,25,0
35,33,0
29,16,0
30,17,0
28,49,0
27,45,0
4,19,0
48,20,0
44,11,0
12,8,0
23,48,0
10,17,0
28,13,0
32,48,0
36,16,0
34,36,0
45,37,0
31,42,0
31,29,0
10,14,0
17,33,0
1,23,0
48,34,0
38,33,0
21,44,0
35,21,0
29,29,0
40,30,0
18,5,0
24,24,0
35,45,0
32,17,0
26,1,0
11,37,0
16,8,0
27,35,0
10,36,0
45,32,0
32,33,0
32,7,0
6,22,0
3,23,0
17,23,0
37,14,0
3,35,0
11,41,0
13,46,0
122,7,1
142,25,1
151,6,1
127,46,1
120,21,1
156,23,1
145,29,1
156,28,1
148,36,1
116,40,1
150,13,1
149,31,1
117,13,1
148,20,1
115,15,1
128,10,1
137,31,1
130,6,1
130,7,1
148,18,1
125,3,1
117,16,1
119,44,1
144,48,1
129,26,1
148,36,1
158,21,1
136,39,1
142,40,1
118,8,1
130,25,1
119,39,1
128,16,1
113,18,1
124,40,1
112,25,1
129,13,1
134,14,1
114,19,1
154,33,1
120,27,1
141,18,1
139,37,1
153,34,1
122,40,1
127,25,1
153,31,1
137,46,1
147,25,1
131,43,1
150,25,1
151,20,1
125,15,1
136,24,1
118,31,1
150,28,1
129,45,1
138,21,1
151,7,1
146,46,1
132,32,1
111,30,1
130,31,1
136,5,1
144,24,1
129,29,1
118,28,1
158,34,1
123,40,1
156,18,1
135,12,1
141,24,1
157,16,1
134,46,1
131,4,1
140,40,1
120,21,1
144,38,1
134,35,1
111,30,1
127,11,1
137,41,1
137,36,1
119,14,1
132,19,1
113,32,1
135,2,1
144,6,1
117,35,1
120,32,1
133,2,1
136,6,1
131,29,1
153,39,1
130,40,1
118,33,1
129,37,1
115,33,1
142,25,1
120,15,1
136,38,1
117,24,1
148,33,1
154,11,1
131,30,1
127,19,1
128,31,1
143,5,1
132,2,1
143,37,1
127,13,1
149,16,1
145,8,1
148,15,1
151,24,1
136,12,1
143,24,1
157,14,1
121,10,1
128,24,1
150,37,1
132,46,1
128,6,1
120,21,1
149,26,1
153,36,1
111,24,1
146,39,1
143,48,1
130,11,1
138,32,1
141,27,1
126,12,1
151,28,1
143,22,1
111,29,1
142,39,1
123,6,1
118,28,1
145,30,1
117,31,1
147,40,1
149,10,1
122,36,1
150,13,1
113,26,1
126,27,1
149,7,1
119,36,1
133,6,1
127,46,1
146,29,1
146,35,1
149,38,1
151,13,1
120,6,1
132,27,1
116,34,1
118,29,1
114,35,1
153,26,1
137,12,1
123,38,1
118,41,1
150,38,1
126,10,1
123,19,1
143,10,1
121,41,1
145,33,1
115,33,1
154,37,1
118,40,1
145,35,1
113,18,1
137,21,1
111,30,1
156,20,1
133,43,1
120,33,1
138,42,1
139,23,1
123,10,1
120,35,1
114,35,1
150,23,1
134,7,1
144,25,1
154,26,1
144,22,1
134,47,1
135,1,1
136,49,1
129,42,1
141,29,1
155,29,1
130,3,1
130,12,1
147,39,1
120,27,1
149,7,1
141,21,1
154,34,1
144,41,1
148,32,1
135,30,1
151,13,1
130,13,1
115,26,1
143,12,1
139,9,1
156,25,1
117,26,1
121,17,1
116,33,1
132,26,1
157,30,1
139,26,1
124,11,1
149,38,1
154,24,1
141,9,1
147,14,1
129,32,1
115,17,1
137,35,1
136,2,1
145,39,1
147,14,1
130,5,1
117,35,1
117,40,1
114,12,1
128,41,1
119,26,1
152,40,1
121,35,1
138,48,1
148,14,1
155,28,1
143,30,1
132,15,1
122,28,1
138,17,1
122,23,1
156,38,1
157,36,1
140,29,1
146,6,1
131,7,1
131,18,1
132,33,1
158,28,1
145,41,1
150,41,1
121,21,1
115,39,1
119,41,1
118,35,1
154,26,1
145,21,1
156,23,1
142,25,1
131,31,1
133,27,1
148,34,1
144,26,1
157,29,1
119,11,1
134,11,1
129,22,1
144,18,1
154,26,1
120,24,1
140,6,1
141,48,1
140,21,1
138,9,1
152,13,1
141,33,1
123,12,1
144,34,1
151,40,1
131,42,1
134,1,1
113,34,1
140,30,1
159,31,1
150,6,1
113,25,1
137,11,1
150,23,1
149,27,1
131,3,1
123,39,1
128,46,1
136,1,1
115,35,1
117,24,1
144,3,1
118,8,1
158,29,1
126,12,1
118,34,1
155,30,1
120,38,1
124,31,1
122,42,1
133,37,1
115,35,1
129,13,1
130,4,1
144,43,1
143,31,1
133,4,1
124,12,1
110,25,1
153,26,1
119,27,1
136,32,1
114,31,1
119,6,1
148,40,1
119,26,1
140,7,1
125,33,1
120,13,1
127,13,1
151,41,1
123,27,1
128,13,1
119,8,1
145,25,1
112,25,1
150,22,1
151,30,1
144,27,1
136,36,1
135,22,1
138,31,1
152,20,1
130,8,1
141,20,1
143,22,1
152,31,1
128,29,1
127,33,1
146,10,1
153,20,1
145,47,1
136,9,1
121,15,1
117,9,1
141,6,1
143,2,1
153,19,1
124,18,1
151,23,1
136,26,1
141,33,1
152,17,1
114,37,1
144,45,1
150,15,1
150,34,1
135,4,1
122,5,1
135,18,1
139,47,1
159,30,1
135,10,1
140,38,1
115,26,1
134,29,1
133,14,1
133,47,1
156,38,1
126,13,1
118,21,1
112,21,1
112,19,1
117,17,1
144,17,1
147,35,1
139,17,1
156,14,1
128,19,1
155,16,1
155,21,1
124,35,1
151,16,1
154,11,1
158,20,1
150,23,1
130,17,1
149,15,1
129,46,1
136,33,1
124,25,1
123,32,1
128,13,1
112,19,1
145,35,1
123,45,1
115,20,1
150,27,1
130,10,1
152,20,1
145,45,1
143,17,1
155,34,1
148,39,1
122,43,1
132,34,1
140,24,1
129,26,1
151,39,1
119,27,1
130,32,1
132,37,1
113,20,1
151,35,1
140,22,1
149,12,1
153,41,1
141,47,1
128,3,1
141,30,1
147,39,1
148,5,1
149,30,1
136,6,1
131,25,1
140,12,1
123,32,1
116,11,1
130,39,1
135,31,1
120,6,1
121,43,1
139,30,1
130,18,1
148,38,1
147,42,1
126,40,1
119,8,1
138,38,1
134,34,1
130,7,1
151,43,1
139,30,1
141,34,1
131,26,1
114,18,1
137,36,1
143,37,1
146,18,1
116,24,1
116,41,1
151,30,1
137,30,1
117,16,1
142,39,1
114,28,1
124,35,1
152,18,1
116,14,1
135,15,1
128,26,1
131,9,1
147,37,1
115,13,1
143,19,1
139,27,1
122,20,1
155,14,1
149,32,1
154,13,1
123,35,1
120,8,1
158,22,1
156,26,1
131,49,1
123,21,1
141,3,1
130,41,1
139,48,1
141,19,1
121,26,1
145,16,1
154,18,1
135,32,1
137,17,1
138,32,1
129,20,1
120,31,1
135,21,1
141,29,1
122,42,1
155,18,1
148,20,1
113,33,1
122,5,1
115,29,1
124,34,1
121,19,1
158,28,1
146,19,1
139,13,1
148,21,1
141,31,1
133,48,1
137,12,1
122,37,1
155,38,1
131,18,1
128,3,1
158,22,1
148,23,1
114,37,1
121,39,1
153,38,1
149,37,1
142,43,1
150,5,1
143,22,1
140,49,1
134,48,1
130,45,1
149,35,1
117,19,1
113,26,1
144,38,1
128,30,1
136,29,1
135,5,1
133,8,1
148,44,1
139,8,1
136,34,1
113,20,1
126,5,1
142,17,1
124,13,1
129,22,1
134,9,1
116,33,1
146,39,1
123,4,1
135,12,1
135,39,1
136,48,1
152,26,1
154,31,1
124,8,1
154,17,1
127,45,1
143,8,1
121,31,1
151,23,1
146,14,1
129,35,1
134,49,1
133,31,1
119,41,1
150,43,1
152,10,1
150,37,1
131,35,1
129,22,1
149,19,1
136,42,1
145,33,1
153,19,1
147,19,1
133,4,1
144,10,1
145,21,1
143,34,1
142,48,1
131,40,1
114,33,1
152,32,1
133,18,1
151,32,1
135,26,1
131,18,1
135,39,1
151,9,1
128,7,1
120,28,1
141,5,1
123,37,1
113,29,1
159,31,1
140,24,1
124,6,1
145,25,1
150,12,1
127,7,1
128,41,1
151,35,1
122,28,1
149,32,1
116,35,1
132,32,1
111,25,1
154,15,1
128,31,1
145,14,1
140,36,1
150,7,1
130,29,1
117,21,1
143,36,1
150,7,1
126,44,1
145,29,1
119,37,1
120,24,1
129,30,1
130,14,1
132,42,1
147,45,1
156,38,1
121,15,1
124,4,1
140,28,1
131,4,1
138,32,1
132,33,1
135,45,1
157,25,1
141,13,1
159,26,1
131,26,1
134,1,1
145,25,1
155,17,1
151,38,1
118,31,1
124,13,1
134,31,1
149,36,1
134,5,1
142,5,1
133,41,1
152,22,1
129,18,1
143,10,1
121,28,1
129,19,1
130,27,1
148,20,1
132,2,1
148,44,1
124,16,1
144,14,1
129,9,1
138,19,1
115,19,1
140,39,1
122,25,1
132,35,1
128,31,1
147,34,1
139,29,1
146,44,1
140,38,1
133,46,1
113,34,1
133,23,1
133,9,1
145,34,1
152,21,1
132,30,1
142,27,1
156,27,1
152,18,1
143,12,1
120,26,1
132,21,1
122,16,1
144,12,1
149,22,1
142,49,1
113,32,1
147,4,1
118,23,1
132,48,1
114,14,1
156,34,1
137,18,1
151,16,1
154,40,1
158,22,1
122,23,1
123,14,1
138,14,1
114,18,1
150,26,1
114,13,1
115,20,1
142,38,1
149,37,1
157,20,1
122,42,1
133,2,1
139,34,1
152,36,1
143,45,1
153,13,1
119,37,1
154,24,1
126,44,1
118,42,1
137,4,1
129,48,1
127,39,1
144,28,1
151,33,1
142,17,1
150,28,1
112,28,1
132,24,1
137,29,1
123,43,1
114,17,1
115,23,1
134,49,1
144,21,1
133,11,1
127,5,1
122,12,1
123,15,1
134,37,1
142,23,1
111,19,1
121,21,1
128,10,1
154,34,1
117,12,1
151,13,1
151,30,1
139,34,1
152,24,1
140,7,1
120,17,1
134,3,1
135,50,1
