4,12,0
24,20,0
12,33,0
29,15,0
43,8,0
42,19,0
33,41,0
38,18,0
48,26,0
34,17,0
33,27,0
35,14,0
21,5,0
30,7,0
14,38,0
36,37,0
38,15,0
37,21,0
40,34,0
23,44,0
4,15,0
46,26,0
31,4,0
29,23,0
40,36,0
47,34,0
10,11,0
10,27,0
21,4,0
3,16,0
17,29,0
12,42,0
33,27,0
24,13,0
39,26,0
22,42,0
35,46,0
12,43,0
6,38,0
20,36,0
44,15,0
12,37,0
4,33,0
43,32,0
46,38,0
50,25,0
36,45,0
32,22,0
10,12,0
19,40,0
27,25,0
47,19,0
39,43,0
29,22,0
35,40,0
29,49,0
8,36,0
35,44,0
45,29,0
17,17,0
11,30,0
47,14,0
35,25,0
20,1,0
26,16,0
17,5,0
12,14,0
40,36,0
41,40,0
10,24,0
6,33,0
41,16,0
32,28,0
39,23,0
42,11,0
16,43,0
40,26,0
31,14,0
32,31,0
30,42,0
24,18,0
46,18,0
29,48,0
41,9,0
36,23,0
6,23,0
12,44,0
28,33,0
34,38,0
42,13,0
17,20,0
34,2,0
11,10,0
28,40,0
11,22,0
39,14,0
15,19,0
31,7,0
28,4,0
24,20,0
17,43,0
29,39,0
4,20,0
11,9,0
41,40,0
36,14,0
38,22,0
42,33,0
31,37,0
36,34,0
23,39,0
11,32,0
42,21,0
47,15,0
44,36,0
10,27,0
42,38,0
6,38,0
17,43,0
8,24,0
43,26,0
42,38,0
23,39,0
8,39,0
14,12,0
17,10,0
36,17,0
45,25,0
10,6,0
12,28,0
21,2,0
14,26,0
44,17,0
30,28,0
17,15,0
45,38,0
45,29,0
26,43,0
32,42,0
26,9,0
41,39,0
39,11,0
12,30,0
42,43,0
39,16,0
19,3,0
20,39,0
46,31,0
4,33,0
37,29,0
27,47,0
20,14,0
36,10,0
31,15,0
10,18,0
27,35,0
9,22,0
11,33,0
7,33,0
31,28,0
35,20,0
13,21,0
29,38,0
25,39,0
38,16,0
46,36,0
21,31,0
21,4,0
11,26,0
20,28,0
15,37,0
41,15,0
24,23,0
45,21,0
39,28,0
3,19,0
33,40,0
8,36,0
37,44,0
10,38,0
11,42,0
44,35,0
17,34,0
36,23,0
33,37,0
12,39,0
28,4,0
31,32,0
34,9,0
26,39,0
25,5,0
31,11,0
24,18,0
8,41,0
24,49,0
19,25,0
45,21,0
11,5,0
48,29,0
15,43,0
9,21,0
32,12,0
43,22,0
44,23,0
25,33,0
25,6,0
23,49,0
32,46,0
2,23,0
32,21,0
15,31,0
21,13,0
21,1,0
21,37,0
18,24,0
42,41,0
15,47,0
26,48,0
17,43,0
38,8,0
28,10,0
15,32,0
24,31,0
28,33,0
10,26,0
29,37,0
3,20,0
29,22,0
32,31,0
20,44,0
24,4,0
33,43,0
8,24,0
16,25,0
17,40,0
37,37,0
22,33,0
7,10,0
12,7,0
19,14,0
35,25,0
21,26,0
15,11,0
24,49,0
20,30,0
20,46,0
45,23,0
14,11,0
22,12,0
1,22,0
136,6,1
115,32,1
132,44,1
147,9,1
130,2,1
122,41,1
153,16,1
117,40,1
133,18,1
138,7,1
115,27,1
149,29,1
145,4,1
141,8,1
147,9,1
146,3,1
142,14,1
151,24,1
145,30,1
128,19,1
146,27,1
127,40,1
135,16,1
157,22,1
127,15,1
145,13,1
137,2,1
143,23,1
140,43,1
135,7,1
129,7,1
122,13,1
137,45,1
152,14,1
139,7,1
151,21,1
141,42,1
145,32,1
136,24,1
139,38,1
159,22,1
121,9,1
136,30,1
131,39,1
153,34,1
159,31,1
127,23,1
150,42,1
137,18,1
155,40,1
132,32,1
115,39,1
153,19,1
124,29,1
150,39,1
139,27,1
127,47,1
138,38,1
136,35,1
141,34,1
125,21,1
128,44,1
147,22,1
118,18,1
157,34,1
119,18,1
138,2,1
123,13,1
138,18,1
147,11,1
124,15,1
119,33,1
115,23,1
146,8,1
123,36,1
119,23,1
150,14,1
130,6,1
149,5,1
133,13,1
129,9,1
113,34,1
114,32,1
144,18,1
128,6,1
127,20,1
135,39,1
129,33,1
117,37,1
125,20,1
129,9,1
122,35,1
147,8,1
125,3,1
113,15,1
138,33,1
123,35,1
147,27,1
139,30,1
135,18,1
144,35,1
137,46,1
154,10,1
125,41,1
117,42,1
150,14,1
141,30,1
130,24,1
118,26,1
143,40,1
149,37,1
150,30,1
144,10,1
127,11,1
151,25,1
157,15,1
150,8,1
138,7,1
146,27,1
147,16,1
151,37,1
117,24,1
133,13,1
126,13,1
139,42,1
146,15,1
149,23,1
145,18,1
134,3,1
141,12,1
123,27,1
129,41,1
137,21,1
121,21,1
130,49,1
134,44,1
149,9,1
155,25,1
139,27,1
141,2,1
138,14,1
145,15,1
147,12,1
127,23,1
125,7,1
135,5,1
131,15,1
136,40,1
139,22,1
138,12,1
137,18,1
117,41,1
150,10,1
150,11,1
132,36,1
149,5,1
140,45,1
133,42,1
124,43,1
149,25,1
119,28,1
131,44,1
114,28,1
158,17,1
150,6,1
140,9,1
119,23,1
156,27,1
125,20,1
121,17,1
142,19,1
124,22,1
120,32,1
118,23,1
147,28,1
116,21,1
143,12,1
138,35,1
133,16,1
131,36,1
141,26,1
116,38,1
113,33,1
125,24,1
141,2,1
146,10,1
141,45,1
153,39,1
119,38,1
117,16,1
148,28,1
116,41,1
142,31,1
130,36,1
135,37,1
158,29,1
153,18,1
154,17,1
120,34,1
150,35,1
114,22,1
151,32,1
125,26,1
128,40,1
113,22,1
129,21,1
119,14,1
143,3,1
128,14,1
115,17,1
124,12,1
114,17,1
137,43,1
137,27,1
124,41,1
149,28,1
119,13,1
139,37,1
144,16,1
120,44,1
117,31,1
124,45,1
148,43,1
143,2,1
137,28,1
149,37,1
148,10,1
140,9,1
121,35,1
124,18,1
143,16,1
122,42,1
125,21,1
132,6,1
154,12,1
113,19,1
117,28,1
130,37,1
148,42,1
129,17,1
131,19,1
134,19,1
153,35,1
156,27,1
118,27,1
114,12,1
130,32,1
120,35,1
135,9,1
120,30,1
152,36,1
146,11,1
125,19,1
134,34,1
156,30,1
158,34,1
139,37,1
146,26,1
129,13,1
125,39,1
117,16,1
127,43,1
123,40,1
141,48,1
127,5,1
122,11,1
146,25,1
141,18,1
124,6,1
147,29,1
131,21,1
135,26,1
145,9,1
133,14,1
148,20,1
135,3,1
129,11,1
125,30,1
136,10,1
137,44,1
145,42,1
111,27,1
127,43,1
138,4,1
113,29,1
139,15,1
132,48,1
134,1,1
151,14,1
150,24,1
157,33,1
139,14,1
115,26,1
149,23,1
150,31,1
133,34,1
125,32,1
144,24,1
125,44,1
157,29,1
159,20,1
139,9,1
155,21,1
131,35,1
155,30,1
150,14,1
138,24,1
135,16,1
119,35,1
127,3,1
132,13,1
151,17,1
133,37,1
156,37,1
137,42,1
133,24,1
123,20,1
151,26,1
150,23,1
144,25,1
158,22,1
119,9,1
124,25,1
131,4,1
139,5,1
114,35,1
115,20,1
127,9,1
137,48,1
148,17,1
153,38,1
147,43,1
132,36,1
136,35,1
114,36,1
125,37,1
118,25,1
127,7,1
154,32,1
150,11,1
154,38,1
153,17,1
120,8,1
149,38,1
123,44,1
150,13,1
139,2,1
135,9,1
115,18,1
131,45,1
151,30,1
142,42,1
129,31,1
140,5,1
138,7,1
152,40,1
116,20,1
124,40,1
133,3,1
145,11,1
117,37,1
152,30,1
135,37,1
156,21,1
125,42,1
136,35,1
125,44,1
127,44,1
133,16,1
131,46,1
120,43,1
146,36,1
124,39,1
142,13,1
139,12,1
146,3,1
157,29,1
130,29,1
130,34,1
138,44,1
112,21,1
155,39,1
125,40,1
122,9,1
136,27,1
127,38,1
111,24,1
133,42,1
131,12,1
117,31,1
137,17,1
137,7,1
117,11,1
117,22,1
113,17,1
112,34,1
113,16,1
149,25,1
120,38,1
120,34,1
127,9,1
152,10,1
120,36,1
144,16,1
136,45,1
148,26,1
129,5,1
122,19,1
113,17,1
139,1,1
129,26,1
151,30,1
119,29,1
141,11,1
153,28,1
150,35,1
133,35,1
151,35,1
124,45,1
137,38,1
157,23,1
157,26,1
117,27,1
144,48,1
119,36,1
153,12,1
125,35,1
151,17,1
127,17,1
130,49,1
117,41,1
135,2,1
122,7,1
115,30,1
138,5,1
159,29,1
136,28,1
134,23,1
136,37,1
118,35,1
131,38,1
127,19,1
132,7,1
151,10,1
144,27,1
144,11,1
158,19,1
126,13,1
153,14,1
118,41,1
131,3,1
117,8,1
136,48,1
134,32,1
128,18,1
129,38,1
153,15,1
128,27,1
127,23,1
154,17,1
135,1,1
143,14,1
124,24,1
120,31,1
122,7,1
153,39,1
135,39,1
127,6,1
133,36,1
130,29,1
142,15,1
117,37,1
127,40,1
129,17,1
132,47,1
138,27,1
154,30,1
152,10,1
138,46,1
142,16,1
134,48,1
158,28,1
117,10,1
126,47,1
142,12,1
126,31,1
135,15,1
131,33,1
131,37,1
150,10,1
140,16,1
115,10,1
117,32,1
119,14,1
142,27,1
139,22,1
133,1,1
140,34,1
134,48,1
151,14,1
138,48,1
132,6,1
144,36,1
128,12,1
145,18,1
129,38,1
128,37,1
147,5,1
153,37,1
137,25,1
133,18,1
141,33,1
125,21,1
120,22,1
144,15,1
122,10,1
147,31,1
124,19,1
144,36,1
138,49,1
142,31,1
138,18,1
152,32,1
138,17,1
143,46,1
137,39,1
116,36,1
156,30,1
128,6,1
139,9,1
130,15,1
116,40,1
115,36,1
118,16,1
146,14,1
116,13,1
140,25,1
149,18,1
155,13,1
159,21,1
139,25,1
146,4,1
158,20,1
131,1,1
158,24,1
122,22,1
116,26,1
115,40,1
136,12,1
135,29,1
124,18,1
127,22,1
148,11,1
117,18,1
121,31,1
154,31,1
123,33,1
141,22,1
159,30,1
149,30,1
145,46,1
133,13,1
114,31,1
125,35,1
156,20,1
138,31,1
121,43,1
142,14,1
141,18,1
148,11,1
113,17,1
152,14,1
119,41,1
131,31,1
121,8,1
125,39,1
123,7,1
127,5,1
144,40,1
149,22,1
114,25,1
129,34,1
116,15,1
151,21,1
135,24,1
152,32,1
139,43,1
137,19,1
112,18,1
127,3,1
119,34,1
147,38,1
140,41,1
122,32,1
115,26,1
149,6,1
146,23,1
114,20,1
130,37,1
134,1,1
147,9,1
133,17,1
129,27,1
143,5,1
126,48,1
131,19,1
125,21,1
139,5,1
131,46,1
118,19,1
115,37,1
129,27,1
119,34,1
136,17,1
138,15,1
143,45,1
128,43,1
128,21,1
140,36,1
117,18,1
119,10,1
133,39,1
137,44,1
124,24,1
136,48,1
131,32,1
143,45,1
140,20,1
132,30,1
141,40,1
145,21,1
141,27,1
121,41,1
125,34,1
116,19,1
128,5,1
135,17,1
147,41,1
148,45,1
122,29,1
137,43,1
133,22,1
122,41,1
145,37,1
134,10,1
125,25,1
125,12,1
133,33,1
138,4,1
156,12,1
130,27,1
151,26,1
135,28,1
138,19,1
117,35,1
129,28,1
143,26,1
122,29,1
139,40,1
145,24,1
120,38,1
116,38,1
129,30,1
137,39,1
139,44,1
126,42,1
131,7,1
136,18,1
118,19,1
151,15,1
129,19,1
138,28,1
148,15,1
129,27,1
117,25,1
132,27,1
150,28,1
152,14,1
157,19,1
130,1,1
153,16,1
136,16,1
148,46,1
117,37,1
134,49,1
153,38,1
139,45,1
153,24,1
117,32,1
145,13,1
132,48,1
137,48,1
156,16,1
140,43,1
151,8,1
149,16,1
148,11,1
154,25,1
152,38,1
149,22,1
122,37,1
159,22,1
158,18,1
122,21,1
145,14,1
144,45,1
149,27,1
142,35,1
141,31,1
131,45,1
120,45,1
141,42,1
142,41,1
138,27,1
154,9,1
146,10,1
125,21,1
136,34,1
136,40,1
143,32,1
121,24,1
120,8,1
117,33,1
128,1,1
122,16,1
136,10,1
123,41,1
116,25,1
126,23,1
135,18,1
111,19,1
141,45,1
156,26,1
157,36,1
124,43,1
122,4,1
131,35,1
118,31,1
141,2,1
129,10,1
129,11,1
119,43,1
137,36,1
124,38,1
148,27,1
141,19,1
123,42,1
132,12,1
121,39,1
135,10,1
