39,17,0
37,31,0
43,10,0
31,13,0
42,23,0
12,31,0
38,24,0
12,46,0
42,26,0
35,39,0
38,6,0
36,39,0
32,22,0
26,12,0
4,12,0
31,28,0
18,17,0
19,42,0
31,19,0
25,36,0
44,35,0
10,39,0
33,36,0
29,13,0
40,8,0
38,7,0
44,30,0
30,47,0
41,20,0
11,37,0
23,27,0
18,23,0
23,21,0
16,26,0
29,22,0
38,4,0
42,22,0
39,25,0
2,16,0
5,21,0
36,3,0
22,42,0
22,1,0
30,24,0
28,8,0
9,34,0
40,12,0
18,9,0
29,13,0
36,17,0
27,8,0
20,47,0
29,39,0
18,5,0
24,11,0
40,20,0
34,17,0
43,14,0
41,23,0
33,2,0
15,35,0
22,47,0
23,28,0
23,17,0
21,3,0
19,44,0
33,38,0
40,7,0
27,24,0
14,30,0
19,23,0
34,3,0
29,10,0
9,37,0
17,25,0
11,10,0
40,16,0
35,7,0
49,29,0
21,9,0
18,8,0
14,35,0
25,28,0
10,8,0
10,43,0
9,37,0
25,1,0
21,40,0
11,6,0
3,27,0
4,15,0
18,35,0
35,26,0
27,19,0
43,42,0
41,14,0
34,28,0
20,35,0
23,44,0
30,49,0
34,7,0
46,20,0
41,43,0
8,7,0
10,8,0
35,34,0
37,25,0
9,16,0
38,11,0
19,46,0
6,25,0
27,9,0
21,26,0
28,20,0
43,42,0
4,34,0
28,22,0
36,46,0
11,33,0
17,46,0
26,46,0
23,40,0
8,15,0
24,20,0
38,13,0
41,39,0
13,14,0
43,12,0
8,14,0
18,49,0
9,41,0
26,49,0
17,23,0
31,33,0
25,3,0
25,29,0
13,21,0
25,41,0
24,15,0
17,11,0
33,4,0
39,31,0
38,46,0
36,25,0
49,27,0
30,48,0
45,25,0
21,19,0
3,25,0
29,40,0
34,24,0
28,9,0
12,46,0
7,35,0
29,4,0
10,9,0
39,14,0
33,24,0
27,46,0
43,41,0
10,39,0
44,12,0
11,9,0
23,44,0
42,12,0
14,42,0
14,28,0
34,10,0
17,45,0
21,2,0
26,8,0
22,14,0
36,37,0
47,35,0
24,8,0
37,35,0
35,35,0
44,33,0
35,4,0
32,31,0
43,17,0
39,39,0
18,16,0
10,28,0
6,35,0
20,43,0
26,14,0
25,11,0
23,30,0
13,37,0
34,36,0
30,32,0
5,10,0
23,43,0
38,17,0
45,17,0
34,32,0
39,31,0
17,28,0
33,45,0
34,3,0
24,28,0
45,31,0
13,45,0
41,25,0
27,31,0
42,15,0
16,30,0
30,24,0
21,14,0
30,35,0
42,23,0
27,33,0
33,2,0
32,41,0
26,43,0
19,9,0
27,37,0
21,48,0
12,40,0
7,18,0
32,22,0
42,27,0
37,41,0
40,26,0
16,42,0
36,9,0
17,37,0
18,9,0
22,24,0
32,7,0
30,19,0
33,46,0
16,40,0
30,24,0
14,11,0
45,32,0
5,16,0
4,25,0
46,13,0
41,39,0
25,6,0
31,43,0
20,2,0
27,39,0
42,41,0
16,26,0
12,16,0
2,32,0
22,36,0
133,47,1
145,21,1
124,48,1
134,38,1
128,15,1
136,11,1
116,40,1
109,29,1
122,31,1
119,37,1
146,16,1
126,49,1
125,45,1
141,14,1
103,30,1
124,8,1
143,20,1
106,11,1
134,32,1
111,17,1
132,6,1
112,12,1
113,5,1
107,18,1
123,16,1
116,4,1
111,26,1
108,42,1
126,28,1
128,12,1
137,13,1
112,18,1
137,34,1
113,44,1
142,15,1
109,11,1
148,30,1
135,41,1
109,17,1
138,42,1
145,35,1
129,6,1
141,29,1
103,28,1
109,23,1
141,11,1
103,15,1
136,18,1
121,14,1
147,25,1
137,30,1
140,26,1
140,5,1
139,26,1
129,5,1
138,30,1
136,22,1
114,34,1
107,18,1
109,19,1
138,42,1
141,33,1
121,10,1
112,40,1
140,6,1
132,10,1
123,19,1
137,24,1
122,14,1
140,22,1
143,41,1
125,26,1
125,41,1
119,49,1
116,25,1
131,20,1
134,21,1
129,38,1
149,26,1
130,13,1
138,29,1
132,10,1
127,28,1
139,37,1
138,21,1
144,11,1
102,20,1
144,40,1
113,4,1
123,39,1
143,15,1
115,26,1
124,12,1
116,26,1
103,27,1
126,29,1
132,44,1
130,14,1
110,42,1
131,37,1
127,2,1
129,7,1
110,18,1
125,17,1
140,14,1
139,24,1
111,23,1
127,45,1
115,40,1
102,34,1
132,8,1
103,18,1
112,8,1
144,30,1
114,14,1
136,31,1
126,14,1
126,26,1
113,32,1
143,28,1
131,25,1
146,26,1
114,3,1
118,22,1
135,25,1
142,34,1
120,49,1
125,45,1
144,21,1
138,5,1
131,30,1
131,41,1
130,12,1
134,41,1
129,5,1
132,42,1
121,26,1
134,33,1
115,45,1
128,35,1
108,8,1
142,14,1
111,43,1
125,46,1
106,25,1
113,6,1
138,31,1
137,30,1
115,24,1
108,33,1
130,30,1
119,13,1
135,32,1
113,26,1
139,23,1
117,6,1
122,38,1
135,37,1
116,23,1
137,45,1
103,30,1
136,32,1
146,15,1
110,9,1
140,28,1
137,21,1
128,9,1
137,23,1
112,28,1
129,17,1
112,7,1
123,34,1
142,21,1
105,16,1
134,14,1
110,13,1
105,26,1
128,30,1
134,9,1
102,23,1
119,6,1
109,8,1
122,40,1
118,1,1
129,26,1
137,38,1
138,21,1
111,5,1
124,47,1
136,35,1
107,23,1
103,26,1
118,8,1
136,9,1
135,33,1
123,36,1
139,13,1
144,30,1
103,17,1
117,12,1
134,35,1
111,19,1
134,11,1
109,43,1
124,24,1
120,45,1
127,34,1
147,25,1
134,19,1
135,31,1
134,9,1
116,2,1
123,21,1
108,27,1
118,16,1
138,46,1
135,40,1
123,20,1
135,43,1
136,12,1
121,19,1
132,25,1
121,1,1
104,16,1
119,35,1
126,32,1
121,18,1
108,8,1
149,19,1
145,37,1
140,16,1
145,39,1
104,38,1
120,1,1
115,44,1
130,6,1
134,24,1
121,18,1
113,31,1
119,17,1
124,47,1
107,39,1
136,30,1
119,7,1
137,4,1
121,47,1
123,45,1
126,38,1
114,47,1
141,41,1
107,34,1
118,40,1
110,34,1
113,41,1
141,23,1
105,40,1
148,16,1
139,42,1
141,44,1
147,22,1
101,32,1
108,22,1
103,15,1
147,20,1
140,31,1
140,36,1
109,22,1
125,2,1
124,26,1
124,3,1
127,43,1
143,19,1
138,20,1
103,25,1
112,13,1
104,26,1
123,23,1
132,25,1
129,49,1
106,27,1
108,23,1
133,30,1
127,45,1
137,44,1
111,32,1
113,12,1
116,31,1
108,35,1
105,28,1
143,37,1
138,31,1
117,2,1
113,24,1
124,43,1
137,13,1
124,10,1
107,16,1
118,47,1
105,22,1
125,49,1
141,26,1
115,31,1
133,21,1
148,22,1
105,38,1
105,28,1
139,32,1
104,32,1
133,15,1
133,3,1
141,9,1
120,34,1
109,37,1
139,16,1
112,12,1
145,22,1
130,29,1
122,11,1
115,38,1
109,43,1
149,29,1
106,37,1
111,34,1
111,36,1
122,29,1
106,10,1
129,13,1
115,13,1
144,9,1
123,14,1
101,19,1
118,28,1
133,44,1
109,6,1
140,34,1
148,16,1
122,47,1
123,28,1
120,49,1
148,28,1
140,35,1
125,41,1
107,28,1
111,9,1
117,33,1
110,17,1
107,32,1
133,36,1
127,41,1
128,47,1
126,45,1
124,43,1
134,33,1
143,16,1
140,28,1
118,30,1
106,25,1
126,27,1
137,32,1
114,21,1
104,35,1
148,17,1
116,7,1
128,23,1
111,9,1
119,3,1
147,21,1
125,42,1
143,22,1
118,24,1
141,11,1
142,41,1
131,42,1
135,43,1
148,25,1
114,29,1
110,34,1
109,11,1
103,23,1
102,29,1
126,7,1
101,22,1
149,31,1
129,31,1
136,23,1
134,20,1
132,7,1
130,1,1
118,34,1
118,42,1
143,8,1
136,26,1
143,35,1
118,40,1
143,21,1
114,18,1
138,12,1
122,40,1
127,48,1
138,10,1
114,5,1
117,7,1
143,8,1
129,37,1
133,39,1
143,40,1
141,7,1
142,43,1
118,25,1
125,37,1
131,13,1
101,32,1
135,19,1
128,29,1
125,19,1
110,21,1
119,23,1
134,27,1
118,3,1
126,32,1
116,41,1
102,26,1
145,30,1
139,27,1
143,39,1
128,1,1
117,45,1
120,29,1
148,28,1
111,28,1
120,10,1
110,16,1
143,33,1
140,8,1
109,30,1
128,21,1
111,16,1
120,41,1
102,19,1
137,40,1
146,24,1
113,36,1
132,37,1
134,6,1
142,25,1
112,6,1
133,8,1
110,27,1
146,30,1
119,39,1
104,34,1
138,37,1
128,49,1
120,16,1
119,46,1
118,9,1
138,32,1
147,26,1
138,42,1
128,24,1
146,14,1
105,35,1
125,11,1
130,43,1
120,28,1
109,28,1
122,12,1
115,21,1
136,41,1
128,3,1
129,17,1
108,34,1
108,13,1
141,42,1
128,3,1
117,27,1
112,41,1
131,21,1
108,25,1
102,25,1
126,40,1
135,22,1
130,17,1
109,20,1
113,37,1
114,25,1
131,30,1
107,28,1
144,27,1
143,31,1
114,46,1
126,6,1
127,6,1
121,27,1
144,34,1
111,12,1
141,44,1
146,27,1
125,10,1
119,32,1
119,31,1
115,23,1
133,4,1
119,34,1
144,31,1
117,19,1
114,14,1
116,5,1
123,31,1
109,33,1
126,27,1
112,22,1
105,19,1
148,17,1
115,23,1
117,2,1
137,27,1
108,12,1
118,41,1
132,46,1
141,7,1
112,46,1
116,35,1
123,31,1
120,48,1
143,23,1
121,2,1
128,20,1
115,29,1
124,39,1
110,42,1
117,34,1
126,26,1
118,44,1
122,48,1
144,32,1
117,5,1
139,35,1
143,35,1
122,9,1
133,30,1
112,18,1
114,28,1
113,21,1
121,35,1
112,17,1
105,13,1
113,23,1
118,37,1
132,42,1
128,46,1
112,42,1
132,22,1
146,33,1
131,8,1
114,42,1
143,26,1
128,44,1
134,24,1
138,38,1
125,29,1
138,29,1
133,41,1
134,16,1
102,30,1
138,45,1
120,47,1
115,30,1
122,21,1
121,9,1
146,27,1
110,35,1
121,6,1
136,13,1
133,22,1
103,20,1
126,42,1
133,23,1
141,16,1
137,42,1
148,32,1
144,40,1
107,30,1
105,11,1
137,37,1
135,21,1
129,19,1
142,36,1
123,45,1
109,35,1
130,3,1
107,31,1
112,29,1
117,7,1
122,43,1
139,41,1
117,18,1
121,25,1
131,37,1
134,6,1
109,36,1
107,31,1
122,7,1
126,38,1
124,31,1
122,49,1
145,29,1
135,18,1
128,10,1
134,6,1
126,21,1
103,29,1
119,25,1
143,20,1
108,22,1
126,40,1
141,39,1
133,19,1
142,16,1
125,21,1
122,23,1
119,25,1
116,25,1
113,6,1
123,46,1
117,17,1
116,33,1
132,42,1
124,32,1
117,31,1
125,36,1
127,19,1
120,15,1
145,16,1
133,4,1
138,31,1
133,8,1
130,6,1
117,33,1
122,37,1
135,35,1
133,35,1
119,46,1
135,16,1
132,13,1
129,28,1
120,18,1
119,29,1
135,17,1
121,2,1
139,41,1
115,25,1
108,41,1
124,29,1
108,7,1
109,27,1
121,47,1
130,48,1
124,1,1
139,16,1
116,20,1
112,4,1
139,44,1
113,35,1
121,42,1
135,34,1
129,33,1
133,5,1
111,16,1
114,17,1
133,45,1
113,13,1
136,43,1
147,32,1
118,22,1
117,46,1
137,40,1
131,45,1
148,20,1
147,31,1
148,32,1
121,1,1
115,10,1
129,30,1
107,22,1
116,46,1
111,7,1
140,13,1
108,29,1
131,13,1
127,14,1
134,42,1
116,13,1
143,9,1
139,23,1
131,48,1
126,29,1
128,3,1
115,11,1
124,25,1
131,48,1
138,31,1
115,19,1
134,35,1
141,40,1
116,5,1
115,45,1
132,31,1
128,29,1
129,29,1
117,39,1
124,9,1
126,1,1
115,39,1
109,18,1
106,15,1
108,19,1
106,18,1
149,23,1
139,21,1
128,19,1
124,27,1
136,42,1
123,39,1
145,40,1
144,33,1
143,27,1
142,33,1
144,40,1
114,8,1
147,18,1
141,20,1
114,26,1
106,9,1
125,30,1
118,18,1
108,25,1
131,21,1
147,29,1
118,5,1
132,17,1
130,11,1
126,24,1
140,23,1
118,33,1
119,3,1
142,24,1
122,41,1
113,30,1
103,14,1
