21,44,0
22,10,0
26,38,0
20,17,0
23,11,0
25,44,0
16,38,0
47,20,0
29,23,0
40,40,0
43,19,0
19,41,0
32,3,0
19,2,0
11,29,0
5,18,0
8,16,0
36,15,0
44,35,0
24,49,0
7,32,0
34,25,0
9,27,0
14,45,0
13,46,0
21,16,0
22,49,0
16,26,0
7,19,0
21,14,0
12,40,0
36,34,0
22,30,0
11,20,0
34,22,0
19,46,0
39,9,0
22,8,0
10,27,0
31,47,0
30,31,0
28,39,0
10,34,0
2,16,0
24,4,0
39,29,0
18,45,0
24,16,0
24,19,0
31,49,0
37,8,0
7,11,0
9,44,0
8,26,0
36,24,0
16,36,0
30,19,0
16,17,0
18,37,0
16,2,0
10,13,0
44,26,0
16,20,0
9,24,0
11,39,0
48,22,0
30,21,0
45,16,0
4,37,0
29,45,0
28,23,0
30,29,0
20,20,0
20,41,0
45,12,0
38,28,0
38,26,0
12,32,0
45,14,0
45,21,0
15,28,0
28,21,0
10,22,0
33,24,0
40,36,0
29,16,0
2,16,0
43,25,0
24,28,0
34,35,0
22,27,0
23,19,0
40,16,0
14,4,0
3,33,0
26,2,0
9,23,0
22,1,0
26,34,0
29,15,0
22,37,0
10,28,0
39,8,0
10,6,0
28,44,0
26,33,0
12,14,0
7,26,0
43,16,0
39,15,0
12,31,0
13,13,0
17,26,0
18,38,0
19,20,0
7,39,0
37,26,0
29,47,0
42,10,0
47,18,0
16,32,0
39,28,0
6,16,0
28,26,0
39,42,0
43,40,0
23,48,0
7,33,0
14,43,0
39,18,0
44,28,0
14,21,0
26,20,0
8,29,0
14,10,0
36,5,0
28,2,0
23,40,0
3,14,0
2,19,0
24,6,0
11,17,0
39,15,0
26,10,0
10,19,0
42,35,0
17,44,0
24,13,0
44,16,0
5,30,0
46,34,0
16,5,0
21,4,0
6,16,0
17,10,0
47,32,0
33,15,0
9,30,0
24,30,0
36,41,0
38,41,0
13,40,0
19,35,0
26,45,0
45,37,0
18,26,0
37,11,0
6,31,0
43,16,0
47,35,0
12,9,0
12,42,0
13,18,0
46,38,0
15,20,0
49,21,0
20,3,0
19,43,0
12,22,0
22,15,0
29,14,0
12,7,0
13,39,0
23,4,0
5,37,0
36,28,0
18,47,0
16,15,0
24,2,0
20,33,0
5,34,0
13,4,0
45,11,0
13,36,0
32,44,0
46,25,0
28,32,0
44,11,0
11,25,0
36,6,0
2,33,0
46,30,0
22,34,0
9,7,0
23,15,0
17,38,0
25,3,0
47,15,0
7,21,0
5,22,0
20,38,0
48,33,0
16,37,0
21,5,0
16,33,0
39,23,0
30,1,0
28,11,0
46,26,0
8,27,0
42,7,0
36,4,0
21,3,0
3,34,0
26,6,0
7,25,0
45,17,0
39,41,0
33,41,0
19,4,0
15,12,0
37,18,0
29,6,0
25,50,0
12,30,0
14,17,0
31,46,0
13,13,0
12,37,0
43,13,0
7,40,0
8,40,0
11,7,0
15,15,0
24,25,0
47,35,0
12,23,0
34,27,0
40,7,0
13,29,0
131,26,1
122,49,1
124,5,1
117,10,1
126,45,1
120,21,1
136,17,1
133,28,1
100,30,1
127,32,1
105,23,1
135,23,1
138,27,1
120,7,1
114,8,1
100,7,1
114,2,1
121,28,1
132,27,1
128,9,1
135,12,1
119,45,1
111,48,1
115,32,1
127,39,1
114,15,1
97,22,1
102,9,1
95,31,1
127,28,1
130,16,1
106,4,1
104,9,1
112,43,1
135,25,1
129,15,1
128,5,1
114,14,1
108,22,1
102,41,1
115,11,1
113,19,1
113,11,1
117,47,1
110,41,1
103,5,1
125,23,1
128,41,1
118,30,1
108,16,1
113,43,1
115,0,1
100,36,1
131,30,1
122,38,1
130,9,1
128,16,1
126,26,1
132,41,1
136,29,1
119,13,1
91,32,1
92,22,1
105,46,1
120,6,1
113,43,1
121,38,1
106,37,1
112,24,1
135,34,1
113,1,1
104,29,1
100,15,1
105,30,1
120,28,1
123,8,1
108,40,1
136,13,1
129,31,1
111,28,1
99,42,1
120,15,1
139,26,1
119,3,1
96,14,1
112,17,1
124,7,1
108,38,1
121,8,1
129,43,1
100,40,1
101,27,1
104,4,1
127,27,1
123,47,1
133,25,1
111,39,1
107,15,1
102,14,1
123,36,1
131,36,1
97,10,1
122,29,1
132,36,1
122,49,1
123,20,1
139,26,1
111,7,1
137,33,1
99,27,1
138,34,1
112,29,1
119,10,1
130,5,1
120,30,1
101,42,1
115,16,1
109,21,1
115,30,1
116,29,1
126,9,1
108,40,1
127,9,1
126,12,1
106,42,1
114,23,1
131,41,1
102,27,1
116,39,1
113,30,1
120,26,1
108,11,1
128,28,1
97,26,1
106,5,1
110,16,1
105,34,1
94,13,1
130,10,1
101,33,1
105,11,1
123,25,1
120,46,1
123,32,1
97,36,1
131,16,1
102,41,1
92,27,1
121,34,1
130,45,1
130,21,1
112,26,1
131,33,1
98,13,1
124,48,1
122,29,1
115,42,1
99,16,1
134,27,1
93,23,1
101,11,1
134,26,1
123,31,1
115,37,1
98,15,1
130,17,1
124,42,1
106,17,1
118,11,1
111,18,1
101,30,1
105,5,1
108,36,1
98,32,1
128,7,1
105,18,1
108,31,1
105,33,1
134,15,1
112,1,1
112,25,1
104,6,1
112,33,1
115,50,1
133,38,1
92,25,1
115,50,1
139,32,1
126,40,1
131,19,1
101,27,1
123,18,1
97,40,1
118,29,1
91,31,1
131,39,1
122,43,1
92,21,1
135,23,1
122,34,1
110,5,1
116,45,1
138,28,1
120,11,1
95,23,1
109,30,1
108,12,1
130,31,1
138,22,1
115,15,1
116,25,1
126,23,1
114,47,1
97,20,1
93,28,1
119,44,1
109,3,1
103,5,1
116,7,1
125,40,1
130,42,1
100,32,1
131,8,1
107,42,1
122,18,1
116,46,1
115,18,1
110,1,1
105,40,1
104,35,1
98,28,1
127,34,1
124,14,1
117,1,1
122,47,1
132,19,1
111,28,1
114,18,1
138,27,1
118,18,1
139,20,1
124,17,1
134,40,1
101,5,1
128,30,1
131,44,1
91,31,1
115,20,1
120,11,1
101,14,1
122,48,1
108,14,1
119,41,1
99,39,1
91,32,1
114,45,1
106,37,1
117,16,1
138,22,1
118,10,1
114,3,1
100,15,1
95,14,1
96,39,1
129,13,1
110,42,1
97,14,1
127,39,1
121,19,1
109,26,1
100,20,1
94,25,1
106,44,1
127,22,1
120,48,1
102,37,1
130,44,1
108,24,1
136,24,1
109,28,1
108,37,1
101,31,1
116,25,1
111,28,1
122,2,1
124,35,1
120,38,1
101,16,1
115,18,1
135,15,1
113,35,1
121,30,1
102,28,1
111,12,1
136,26,1
106,26,1
133,31,1
130,10,1
126,24,1
130,7,1
97,19,1
105,26,1
105,13,1
115,33,1
96,36,1
103,23,1
134,36,1
102,26,1
103,28,1
131,33,1
132,29,1
111,10,1
115,43,1
96,22,1
109,32,1
136,20,1
117,16,1
100,15,1
139,18,1
124,18,1
121,13,1
122,7,1
119,3,1
125,23,1
114,30,1
111,41,1
109,6,1
124,22,1
108,1,1
92,22,1
124,2,1
91,21,1
102,30,1
135,13,1
115,39,1
112,13,1
124,24,1
110,49,1
114,13,1
109,25,1
124,25,1
137,35,1
104,37,1
118,48,1
115,18,1
124,29,1
107,2,1
105,4,1
129,14,1
126,43,1
105,44,1
118,6,1
120,29,1
106,2,1
115,25,1
122,16,1
110,5,1
121,19,1
122,37,1
123,20,1
107,16,1
102,12,1
109,34,1
118,39,1
123,14,1
119,6,1
117,49,1
115,50,1
117,8,1
124,38,1
117,28,1
115,34,1
116,31,1
126,11,1
98,18,1
134,38,1
109,17,1
129,30,1
114,23,1
120,13,1
102,37,1
111,13,1
114,38,1
118,2,1
133,16,1
103,40,1
126,30,1
115,27,1
132,41,1
124,19,1
100,17,1
111,9,1
139,31,1
129,33,1
105,45,1
134,36,1
122,30,1
119,13,1
93,14,1
119,1,1
104,29,1
98,28,1
110,43,1
102,6,1
126,24,1
131,14,1
91,26,1
125,37,1
123,39,1
116,27,1
130,42,1
113,21,1
112,27,1
129,29,1
117,32,1
104,47,1
96,32,1
128,29,1
140,25,1
138,32,1
124,21,1
114,27,1
107,19,1
106,18,1
119,20,1
100,39,1
119,9,1
120,11,1
99,19,1
118,3,1
124,5,1
98,28,1
118,11,1
124,6,1
128,44,1
113,10,1
137,14,1
122,21,1
97,21,1
123,24,1
120,45,1
95,21,1
105,25,1
110,35,1
113,17,1
116,32,1
108,23,1
98,32,1
110,13,1
115,40,1
128,7,1
120,1,1
98,22,1
111,16,1
100,12,1
105,27,1
104,18,1
134,19,1
94,25,1
118,37,1
106,46,1
129,37,1
118,5,1
95,11,1
127,46,1
116,6,1
110,18,1
117,39,1
102,36,1
108,13,1
133,23,1
127,5,1
98,33,1
125,24,1
111,49,1
123,25,1
107,43,1
104,35,1
120,16,1
110,38,1
116,9,1
133,42,1
104,25,1
105,46,1
103,46,1
104,11,1
110,16,1
111,47,1
121,27,1
116,27,1
130,15,1
102,29,1
99,7,1
101,20,1
120,6,1
133,31,1
137,31,1
115,32,1
128,42,1
98,20,1
107,36,1
102,12,1
96,40,1
98,13,1
104,7,1
124,43,1
107,22,1
103,12,1
94,16,1
94,13,1
96,40,1
113,48,1
112,2,1
112,49,1
131,44,1
120,12,1
130,11,1
103,37,1
106,26,1
133,8,1
119,35,1
121,32,1
111,38,1
110,44,1
109,36,1
95,27,1
109,10,1
102,31,1
128,29,1
131,6,1
95,24,1
139,23,1
123,3,1
130,8,1
115,7,1
92,22,1
99,30,1
122,19,1
135,22,1
117,46,1
114,26,1
112,15,1
113,39,1
124,31,1
122,35,1
129,18,1
100,5,1
136,16,1
123,20,1
106,45,1
104,19,1
130,5,1
139,24,1
139,32,1
99,17,1
121,12,1
102,46,1
109,13,1
119,31,1
129,37,1
112,32,1
134,40,1
105,19,1
111,24,1
101,13,1
104,21,1
99,37,1
92,28,1
122,33,1
112,22,1
102,16,1
111,40,1
111,36,1
91,32,1
126,22,1
108,44,1
107,42,1
111,14,1
113,35,1
92,17,1
94,30,1
129,19,1
135,36,1
129,10,1
106,2,1
99,7,1
129,17,1
123,15,1
130,36,1
122,19,1
108,2,1
124,44,1
106,3,1
122,20,1
125,12,1
138,17,1
105,14,1
128,46,1
112,4,1
120,36,1
136,23,1
107,39,1
123,23,1
112,45,1
94,13,1
113,49,1
129,19,1
104,35,1
130,13,1
105,37,1
116,37,1
112,27,1
90,25,1
110,29,1
137,36,1
120,3,1
131,33,1
121,15,1
107,12,1
124,31,1
132,32,1
101,40,1
115,0,1
117,49,1
125,34,1
93,14,1
119,47,1
118,31,1
120,8,1
116,25,1
117,12,1
100,15,1
96,31,1
115,47,1
103,18,1
93,26,1
117,6,1
109,31,1
93,32,1
122,45,1
133,36,1
112,38,1
118,2,1
108,35,1
97,27,1
129,29,1
126,25,1
102,19,1
132,9,1
126,36,1
104,17,1
133,25,1
129,41,1
98,36,1
110,36,1
109,39,1
98,17,1
123,24,1
122,11,1
103,23,1
116,13,1
121,46,1
131,10,1
130,42,1
105,8,1
131,10,1
119,5,1
125,26,1
126,8,1
121,12,1
121,25,1
134,39,1
112,26,1
113,11,1
104,8,1
101,44,1
102,18,1
136,24,1
101,15,1
119,46,1
101,37,1
118,27,1
111,14,1
120,5,1
95,27,1
114,43,1
127,34,1
124,28,1
95,38,1
124,4,1
106,33,1
100,7,1
109,12,1
100,19,1
120,32,1
135,21,1
99,9,1
138,30,1
134,37,1
139,20,1
121,46,1
102,39,1
111,43,1
121,3,1
119,19,1
118,42,1
123,30,1
105,10,1
116,22,1
119,6,1
131,7,1
128,20,1
117,11,1
114,8,1
125,36,1
104,13,1
131,20,1
129,23,1
112,5,1
115,36,1
125,4,1
101,27,1
137,30,1
107,33,1
134,29,1
103,45,1
109,38,1
130,24,1
113,19,1
109,34,1
108,13,1
102,14,1
111,10,1
126,21,1
116,3,1
93,18,1
99,6,1
131,6,1
104,37,1
124,2,1
125,21,1
106,3,1
92,23,1
134,38,1
106,5,1
112,40,1
125,41,1
123,11,1
129,39,1
115,23,1
