11,19,0
33,20,0
18,48,0
27,22,0
45,39,0
20,21,0
8,27,0
26,40,0
24,38,0
27,17,0
31,36,0
16,48,0
11,33,0
34,24,0
16,13,0
45,11,0
11,18,0
42,34,0
31,19,0
2,33,0
20,32,0
22,23,0
1,25,0
34,39,0
7,10,0
12,32,0
36,27,0
47,30,0
10,15,0
18,49,0
35,7,0
34,28,0
17,38,0
2,20,0
48,30,0
27,27,0
8,16,0
45,20,0
39,13,0
15,40,0
39,42,0
41,33,0
17,34,0
29,41,0
2,18,0
7,39,0
19,21,0
36,32,0
29,12,0
31,34,0
15,36,0
37,28,0
27,40,0
13,41,0
2,23,0
6,14,0
6,41,0
24,12,0
9,41,0
11,22,0
35,19,0
47,15,0
10,41,0
22,38,0
32,17,0
23,43,0
10,12,0
21,23,0
16,14,0
34,2,0
3,25,0
15,33,0
20,30,0
25,5,0
34,27,0
34,8,0
20,28,0
26,44,0
42,39,0
27,4,0
47,28,0
11,9,0
12,42,0
30,48,0
15,11,0
4,13,0
31,33,0
30,14,0
13,19,0
28,41,0
38,42,0
30,9,0
11,29,0
43,24,0
34,47,0
40,31,0
40,7,0
16,34,0
11,38,0
23,29,0
37,45,0
30,19,0
30,43,0
21,33,0
9,23,0
22,35,0
20,17,0
21,21,0
3,30,0
22,3,0
22,15,0
27,32,0
25,32,0
38,13,0
3,26,0
19,38,0
10,11,0
41,31,0
12,39,0
14,27,0
6,38,0
10,10,0
21,47,0
23,31,0
32,2,0
23,30,0
33,39,0
31,42,0
4,19,0
26,7,0
19,42,0
31,15,0
33,41,0
37,35,0
35,28,0
36,33,0
2,24,0
9,18,0
20,25,0
19,3,0
28,45,0
41,30,0
6,22,0
27,21,0
36,35,0
39,16,0
12,32,0
5,12,0
11,20,0
29,40,0
42,27,0
39,9,0
46,24,0
12,21,0
21,35,0
4,19,0
6,34,0
33,27,0
26,42,0
39,39,0
15,17,0
35,30,0
47,33,0
12,24,0
41,6,0
32,21,0
25,0,0
28,36,0
32,2,0
37,41,0
12,6,0
32,17,0
45,33,0
14,31,0
21,13,0
28,47,0
29,40,0
13,14,0
38,14,0
34,43,0
35,34,0
30,23,0
45,26,0
11,41,0
27,3,0
22,48,0
11,29,0
21,14,0
43,11,0
20,48,0
28,11,0
22,27,0
42,30,0
30,20,0
14,41,0
5,26,0
20,28,0
30,24,0
18,45,0
37,29,0
41,29,0
10,30,0
11,10,0
46,29,0
25,33,0
10,16,0
29,27,0
22,1,0
43,13,0
47,36,0
32,43,0
35,47,0
16,11,0
42,29,0
41,8,0
44,14,0
11,10,0
28,23,0
24,11,0
1,32,0
17,43,0
22,18,0
21,18,0
43,22,0
22,39,0
32,19,0
37,29,0
44,17,0
28,2,0
15,26,0
29,27,0
19,6,0
7,38,0
27,31,0
48,24,0
39,18,0
38,14,0
24,7,0
35,44,0
13,12,0
34,11,0
18,36,0
32,47,0
24,36,0
27,40,0
25,32,0
22,3,0
12,36,0
45,30,0
22,40,0
110,35,1
135,31,1
129,40,1
118,25,1
94,13,1
102,36,1
135,18,1
133,29,1
121,24,1
92,17,1
95,21,1
99,22,1
138,20,1
110,23,1
113,2,1
128,34,1
137,25,1
129,38,1
128,37,1
95,30,1
120,20,1
121,28,1
122,42,1
106,3,1
127,40,1
123,35,1
115,33,1
132,29,1
120,30,1
102,8,1
120,47,1
117,13,1
98,39,1
124,35,1
114,20,1
116,36,1
127,24,1
109,22,1
99,7,1
119,30,1
100,33,1
109,27,1
106,21,1
96,38,1
131,42,1
117,44,1
132,38,1
116,26,1
122,9,1
101,32,1
102,32,1
102,35,1
106,38,1
138,33,1
123,5,1
134,33,1
122,14,1
112,14,1
108,47,1
94,25,1
115,18,1
120,38,1
124,40,1
123,12,1
104,36,1
104,4,1
100,24,1
106,38,1
114,43,1
128,27,1
115,5,1
133,12,1
100,44,1
113,21,1
114,26,1
114,11,1
118,10,1
110,24,1
116,19,1
126,10,1
119,13,1
113,46,1
130,32,1
123,40,1
96,22,1
131,8,1
129,30,1
127,32,1
132,19,1
98,18,1
112,42,1
107,3,1
116,16,1
111,23,1
126,33,1
115,40,1
118,20,1
118,23,1
127,38,1
102,8,1
112,36,1
92,29,1
105,46,1
108,45,1
104,20,1
114,27,1
111,33,1
93,17,1
121,19,1
116,25,1
131,25,1
134,24,1
103,45,1
119,2,1
124,44,1
135,24,1
107,26,1
99,31,1
111,35,1
124,3,1
125,42,1
114,38,1
108,13,1
108,9,1
105,22,1
118,4,1
134,12,1
108,12,1
110,28,1
133,19,1
105,9,1
118,18,1
105,41,1
118,19,1
117,35,1
127,35,1
102,15,1
98,31,1
108,26,1
111,2,1
134,23,1
108,24,1
93,30,1
114,29,1
96,9,1
96,40,1
102,6,1
106,33,1
101,30,1
115,39,1
134,16,1
132,17,1
115,6,1
119,48,1
101,26,1
120,19,1
139,19,1
99,6,1
103,20,1
104,36,1
101,38,1
106,5,1
121,42,1
115,38,1
125,3,1
124,39,1
115,38,1
114,46,1
119,25,1
107,13,1
119,5,1
95,36,1
126,25,1
97,27,1
109,14,1
130,5,1
109,24,1
119,39,1
109,24,1
114,7,1
99,44,1
117,25,1
97,41,1
136,31,1
110,34,1
136,33,1
110,36,1
129,34,1
129,36,1
115,41,1
127,16,1
103,12,1
102,30,1
105,24,1
123,28,1
135,38,1
116,36,1
110,26,1
120,45,1
95,33,1
118,48,1
124,26,1
122,41,1
124,19,1
100,19,1
119,40,1
105,26,1
109,35,1
116,37,1
124,22,1
128,31,1
111,30,1
123,41,1
97,27,1
118,39,1
116,49,1
91,22,1
134,38,1
106,17,1
107,30,1
132,24,1
135,15,1
133,40,1
100,6,1
135,37,1
96,20,1
134,26,1
124,5,1
115,15,1
116,11,1
120,27,1
126,47,1
105,24,1
127,40,1
108,9,1
97,20,1
129,9,1
124,44,1
138,18,1
122,44,1
111,9,1
128,24,1
116,17,1
105,43,1
109,44,1
108,32,1
110,36,1
127,14,1
105,30,1
102,28,1
121,30,1
132,22,1
139,27,1
126,15,1
131,43,1
117,18,1
103,29,1
122,14,1
109,43,1
122,47,1
122,8,1
111,35,1
110,10,1
117,10,1
118,29,1
110,27,1
96,25,1
102,5,1
110,10,1
125,13,1
133,34,1
105,42,1
126,33,1
97,21,1
128,18,1
135,13,1
128,19,1
98,22,1
97,34,1
105,41,1
114,8,1
111,34,1
103,29,1
103,5,1
138,33,1
128,33,1
96,12,1
121,44,1
116,29,1
126,37,1
122,2,1
111,45,1
130,31,1
127,15,1
114,5,1
95,13,1
131,17,1
110,10,1
119,32,1
128,33,1
122,14,1
95,23,1
102,31,1
124,8,1
93,24,1
103,14,1
134,26,1
107,19,1
104,36,1
121,14,1
134,36,1
107,46,1
108,3,1
129,28,1
108,32,1
122,14,1
107,2,1
94,37,1
107,2,1
117,39,1
130,35,1
113,17,1
111,18,1
121,28,1
117,19,1
90,25,1
119,43,1
120,17,1
100,33,1
127,16,1
110,35,1
126,22,1
96,17,1
102,35,1
135,21,1
104,4,1
99,27,1
93,30,1
119,4,1
99,12,1
105,21,1
132,11,1
125,43,1
134,31,1
108,35,1
127,39,1
129,16,1
122,15,1
115,34,1
132,39,1
94,28,1
125,26,1
109,48,1
122,44,1
136,25,1
102,12,1
103,9,1
110,10,1
91,22,1
119,28,1
112,5,1
96,34,1
96,21,1
91,20,1
132,31,1
119,39,1
131,33,1
112,44,1
103,35,1
114,45,1
128,44,1
127,20,1
132,15,1
126,8,1
122,29,1
98,38,1
100,43,1
126,32,1
92,24,1
133,20,1
107,19,1
108,30,1
105,34,1
105,46,1
116,22,1
134,29,1
115,33,1
106,47,1
118,3,1
117,33,1
135,14,1
111,28,1
117,24,1
99,43,1
114,39,1
131,22,1
96,31,1
122,12,1
104,46,1
107,3,1
92,17,1
131,41,1
104,46,1
100,18,1
128,24,1
119,16,1
130,37,1
109,38,1
135,35,1
109,36,1
102,46,1
132,19,1
115,40,1
107,32,1
130,40,1
106,24,1
106,22,1
104,35,1
115,20,1
130,7,1
104,9,1
100,6,1
125,17,1
131,19,1
92,20,1
112,12,1
121,30,1
112,48,1
95,39,1
124,11,1
122,21,1
92,23,1
102,13,1
135,31,1
128,16,1
108,28,1
119,15,1
136,25,1
122,31,1
124,18,1
106,32,1
101,41,1
119,41,1
101,23,1
122,15,1
136,38,1
109,17,1
117,39,1
119,37,1
109,11,1
109,39,1
115,25,1
100,21,1
130,32,1
95,22,1
99,15,1
128,26,1
126,37,1
121,49,1
134,39,1
138,26,1
101,29,1
103,46,1
120,10,1
122,24,1
124,40,1
130,17,1
122,31,1
117,39,1
94,25,1
137,29,1
122,31,1
131,40,1
94,38,1
128,7,1
126,22,1
139,28,1
95,28,1
109,15,1
99,17,1
101,5,1
122,6,1
124,17,1
99,30,1
96,30,1
113,28,1
134,40,1
119,29,1
117,46,1
101,29,1
100,11,1
118,2,1
125,33,1
118,27,1
126,29,1
136,27,1
120,36,1
107,16,1
108,26,1
136,34,1
101,11,1
103,43,1
98,21,1
138,30,1
129,44,1
118,23,1
127,36,1
126,12,1
129,19,1
136,20,1
109,29,1
129,32,1
102,41,1
109,38,1
124,13,1
112,1,1
112,19,1
91,24,1
105,15,1
108,35,1
123,44,1
125,47,1
101,20,1
106,27,1
119,8,1
114,5,1
98,43,1
94,18,1
120,9,1
118,20,1
120,44,1
117,31,1
133,26,1
134,14,1
94,24,1
103,35,1
105,22,1
121,4,1
130,29,1
135,27,1
109,9,1
111,28,1
113,4,1
99,20,1
104,11,1
137,19,1
122,5,1
131,27,1
123,5,1
125,7,1
114,4,1
121,43,1
102,35,1
94,37,1
132,40,1
128,18,1
94,29,1
110,17,1
102,39,1
98,26,1
105,30,1
110,27,1
103,26,1
135,13,1
136,17,1
123,17,1
122,24,1
114,48,1
95,34,1
134,24,1
98,11,1
98,18,1
94,32,1
97,36,1
98,15,1
124,27,1
124,21,1
113,34,1
110,13,1
129,29,1
102,40,1
124,6,1
111,42,1
93,31,1
95,27,1
95,19,1
123,40,1
103,12,1
126,20,1
111,11,1
104,7,1
125,38,1
110,27,1
124,27,1
107,28,1
125,22,1
130,44,1
130,22,1
124,41,1
137,26,1
124,39,1
96,26,1
104,16,1
110,4,1
104,10,1
112,41,1
98,9,1
123,33,1
128,31,1
101,9,1
133,20,1
101,40,1
107,26,1
97,33,1
104,30,1
118,10,1
131,7,1
133,42,1
131,38,1
108,28,1
93,14,1
108,2,1
95,37,1
116,2,1
107,8,1
120,34,1
122,39,1
124,20,1
120,44,1
104,44,1
132,43,1
96,20,1
125,5,1
128,32,1
109,32,1
94,20,1
99,27,1
119,32,1
116,46,1
123,22,1
131,41,1
119,22,1
117,39,1
118,37,1
125,45,1
114,29,1
106,21,1
109,34,1
94,28,1
133,34,1
119,3,1
95,10,1
123,29,1
117,34,1
118,19,1
112,37,1
109,25,1
131,44,1
96,40,1
128,25,1
113,33,1
113,28,1
127,25,1
109,24,1
115,33,1
95,22,1
105,22,1
134,24,1
119,32,1
111,24,1
91,21,1
131,17,1
113,40,1
113,42,1
120,35,1
92,22,1
135,24,1
117,12,1
115,38,1
100,38,1
97,18,1
109,17,1
94,19,1
130,10,1
119,40,1
96,22,1
129,45,1
100,43,1
101,40,1
93,14,1
108,34,1
105,45,1
125,10,1
101,30,1
124,25,1
104,39,1
134,17,1
96,21,1
106,33,1
99,30,1
104,3,1
107,25,1
128,41,1
129,42,1
96,38,1
124,37,1
132,36,1
99,34,1
118,10,1
113,47,1
109,37,1
127,36,1
127,37,1
97,8,1
115,15,1
118,20,1
135,14,1
129,28,1
125,36,1
104,22,1
129,24,1
123,42,1
108,24,1
116,8,1
107,4,1
111,42,1
92,16,1
95,19,1
107,12,1
117,38,1
107,25,1
96,28,1
113,3,1
123,4,1
123,39,1
119,32,1
110,48,1
121,34,1
124,29,1
124,30,1
114,34,1
105,18,1
132,32,1
97,11,1
135,19,1
114,24,1
126,29,1
126,4,1
134,41,1
137,25,1
