28,42,0
28,37,0
41,22,0
21,13,0
14,42,0
28,38,0
19,34,0
3,28,0
23,6,0
41,29,0
43,23,0
34,42,0
17,22,0
37,8,0
34,33,0
9,15,0
6,35,0
13,16,0
47,20,0
22,32,0
30,14,0
12,15,0
4,36,0
40,9,0
31,10,0
28,30,0
15,42,0
12,5,0
42,15,0
37,45,0
12,19,0
26,29,0
33,41,0
39,13,0
42,25,0
30,19,0
43,9,0
5,29,0
30,25,0
32,19,0
18,11,0
18,19,0
34,23,0
35,6,0
34,27,0
21,8,0
20,8,0
16,38,0
36,34,0
49,29,0
20,20,0
45,40,0
30,23,0
17,10,0
20,42,0
41,23,0
33,15,0
7,29,0
43,15,0
45,27,0
47,30,0
2,17,0
7,8,0
5,40,0
37,9,0
11,6,0
8,22,0
15,9,0
11,26,0
11,26,0
10,38,0
40,42,0
9,36,0
25,47,0
49,23,0
4,32,0
16,27,0
19,16,0
29,3,0
17,16,0
15,22,0
43,15,0
34,38,0
16,26,0
30,22,0
44,14,0
26,7,0
29,34,0
17,9,0
8,15,0
42,21,0
26,45,0
35,31,0
16,23,0
10,19,0
15,25,0
48,20,0
15,8,0
12,11,0
10,36,0
4,36,0
45,14,0
21,17,0
27,33,0
7,22,0
48,19,0
43,8,0
24,3,0
17,2,0
24,28,0
27,29,0
17,44,0
16,48,0
38,5,0
42,12,0
15,12,0
16,24,0
33,34,0
44,14,0
30,20,0
18,46,0
14,11,0
14,40,0
38,15,0
12,36,0
35,5,0
18,32,0
22,4,0
13,27,0
32,39,0
39,27,0
46,17,0
20,19,0
23,48,0
47,35,0
10,14,0
8,7,0
23,7,0
3,23,0
4,26,0
18,15,0
28,30,0
2,18,0
44,19,0
28,17,0
33,8,0
1,22,0
31,9,0
42,10,0
16,36,0
28,14,0
41,31,0
44,28,0
20,5,0
13,13,0
42,13,0
41,14,0
35,30,0
4,20,0
40,22,0
13,5,0
43,17,0
12,28,0
15,10,0
46,38,0
7,10,0
27,15,0
22,3,0
25,7,0
5,39,0
21,20,0
34,37,0
5,39,0
8,37,0
2,18,0
13,16,0
1,24,0
31,31,0
44,17,0
22,5,0
38,28,0
28,33,0
10,34,0
11,17,0
32,28,0
22,33,0
12,34,0
12,19,0
33,35,0
20,35,0
40,44,0
32,43,0
25,15,0
16,2,0
5,26,0
8,10,0
11,12,0
21,45,0
45,17,0
17,24,0
42,11,0
25,32,0
6,17,0
26,15,0
19,48,0
43,12,0
37,33,0
19,30,0
10,43,0
26,44,0
24,35,0
32,28,0
2,25,0
32,33,0
7,10,0
8,27,0
6,15,0
29,21,0
42,33,0
15,41,0
22,10,0
1,26,0
18,44,0
1,24,0
45,28,0
46,15,0
7,8,0
21,26,0
23,6,0
42,41,0
22,38,0
25,1,0
29,12,0
32,15,0
25,8,0
42,41,0
13,32,0
39,41,0
23,24,0
32,12,0
14,19,0
39,29,0
33,36,0
11,29,0
6,11,0
24,24,0
21,30,0
32,7,0
23,10,0
24,23,0
113,39,1
115,41,1
96,26,1
100,39,1
138,21,1
129,8,1
137,21,1
91,23,1
115,14,1
115,1,1
131,28,1
123,34,1
133,11,1
112,20,1
99,18,1
122,9,1
107,7,1
112,23,1
102,39,1
100,42,1
108,20,1
104,20,1
124,24,1
104,37,1
104,13,1
102,39,1
106,34,1
118,36,1
134,37,1
126,29,1
121,33,1
115,48,1
115,8,1
106,25,1
111,3,1
130,22,1
115,17,1
124,17,1
105,7,1
119,3,1
114,4,1
98,40,1
112,43,1
96,38,1
125,40,1
126,32,1
109,29,1
108,45,1
128,6,1
113,4,1
118,16,1
99,7,1
118,13,1
118,41,1
113,34,1
93,28,1
138,30,1
96,33,1
126,13,1
102,44,1
102,27,1
111,6,1
98,39,1
122,22,1
102,27,1
131,7,1
114,21,1
93,33,1
132,36,1
101,39,1
99,35,1
95,32,1
133,30,1
118,13,1
138,28,1
100,14,1
126,45,1
122,30,1
94,34,1
110,2,1
106,22,1
100,31,1
114,31,1
112,14,1
129,10,1
98,36,1
111,38,1
111,12,1
95,33,1
91,24,1
115,0,1
114,12,1
115,5,1
109,49,1
121,33,1
102,31,1
121,41,1
91,20,1
134,22,1
118,24,1
123,38,1
105,15,1
111,8,1
116,18,1
97,12,1
102,31,1
121,49,1
114,49,1
113,43,1
123,12,1
122,8,1
130,15,1
118,44,1
93,33,1
95,30,1
115,42,1
133,17,1
128,36,1
91,26,1
100,40,1
113,31,1
127,19,1
97,39,1
117,36,1
101,15,1
127,34,1
93,21,1
115,15,1
127,27,1
139,18,1
124,21,1
119,42,1
110,2,1
126,21,1
134,29,1
124,41,1
139,28,1
97,17,1
117,19,1
100,14,1
104,38,1
122,14,1
139,22,1
94,23,1
137,28,1
127,46,1
122,16,1
93,21,1
126,45,1
103,16,1
114,13,1
110,13,1
123,24,1
123,3,1
124,28,1
114,3,1
105,35,1
126,32,1
119,2,1
98,19,1
131,33,1
105,4,1
91,23,1
96,34,1
130,29,1
111,46,1
112,15,1
108,28,1
114,38,1
126,23,1
121,32,1
123,19,1
93,23,1
137,26,1
94,16,1
93,27,1
127,9,1
130,37,1
97,25,1
109,42,1
119,24,1
123,6,1
93,21,1
103,40,1
139,23,1
114,17,1
128,17,1
116,8,1
132,43,1
127,35,1
133,14,1
118,21,1
113,24,1
108,43,1
106,7,1
105,3,1
124,11,1
134,28,1
103,18,1
124,33,1
105,37,1
134,28,1
113,2,1
110,39,1
123,12,1
129,30,1
128,12,1
100,7,1
105,20,1
104,41,1
109,2,1
128,12,1
133,28,1
104,29,1
95,26,1
137,16,1
119,32,1
98,27,1
123,32,1
116,33,1
94,38,1
111,5,1
124,39,1
94,31,1
91,32,1
131,33,1
117,1,1
107,6,1
124,3,1
123,42,1
117,8,1
99,22,1
133,8,1
118,41,1
118,34,1
110,37,1
131,43,1
123,7,1
138,28,1
113,11,1
125,6,1
133,34,1
114,16,1
116,32,1
126,23,1
130,26,1
120,34,1
108,43,1
135,39,1
118,27,1
115,35,1
91,23,1
137,18,1
110,8,1
130,8,1
120,23,1
109,48,1
124,26,1
131,14,1
127,8,1
111,39,1
119,25,1
92,24,1
97,30,1
107,14,1
113,49,1
91,29,1
135,31,1
103,43,1
123,44,1
117,7,1
129,10,1
133,27,1
106,29,1
131,12,1
116,25,1
138,22,1
111,11,1
124,2,1
104,45,1
118,15,1
121,3,1
108,16,1
134,17,1
114,8,1
110,8,1
102,4,1
130,22,1
103,28,1
105,7,1
102,7,1
108,3,1
97,29,1
121,11,1
112,45,1
119,19,1
120,28,1
119,2,1
107,18,1
98,34,1
120,1,1
133,36,1
117,48,1
123,48,1
103,11,1
92,22,1
122,20,1
102,24,1
135,35,1
115,24,1
133,24,1
121,12,1
136,37,1
103,44,1
95,19,1
120,12,1
118,21,1
123,42,1
121,35,1
122,5,1
124,8,1
100,27,1
131,15,1
122,41,1
107,32,1
107,15,1
131,30,1
123,42,1
134,27,1
120,41,1
119,38,1
123,22,1
106,27,1
128,11,1
137,36,1
98,34,1
104,29,1
115,19,1
100,14,1
134,33,1
92,27,1
123,36,1
124,8,1
97,25,1
126,32,1
93,18,1
126,5,1
107,36,1
123,13,1
107,46,1
131,15,1
116,26,1
113,37,1
100,12,1
130,6,1
130,33,1
102,8,1
97,36,1
120,29,1
94,29,1
108,1,1
119,25,1
127,15,1
106,43,1
129,8,1
134,18,1
113,48,1
121,41,1
114,35,1
109,13,1
133,37,1
123,44,1
99,40,1
117,3,1
106,33,1
134,22,1
130,5,1
127,11,1
96,29,1
129,24,1
131,7,1
139,23,1
102,23,1
137,23,1
104,34,1
133,21,1
110,2,1
106,28,1
101,35,1
118,7,1
124,27,1
101,19,1
116,5,1
123,5,1
103,7,1
115,48,1
135,37,1
113,33,1
104,4,1
101,45,1
126,30,1
126,31,1
98,17,1
124,21,1
112,39,1
122,10,1
98,22,1
103,24,1
123,7,1
112,28,1
102,6,1
132,31,1
135,25,1
107,20,1
125,39,1
125,14,1
116,47,1
115,35,1
97,31,1
119,37,1
121,39,1
103,31,1
106,18,1
99,16,1
133,21,1
94,26,1
110,15,1
137,19,1
127,35,1
97,12,1
117,41,1
135,16,1
123,30,1
101,31,1
124,30,1
121,34,1
121,2,1
124,39,1
96,39,1
103,12,1
98,11,1
110,48,1
108,20,1
94,32,1
121,16,1
118,42,1
117,9,1
117,38,1
113,33,1
109,41,1
108,46,1
104,36,1
124,34,1
92,20,1
97,10,1
132,40,1
125,9,1
126,27,1
110,21,1
106,46,1
99,25,1
109,7,1
112,1,1
113,24,1
130,7,1
112,32,1
108,5,1
130,20,1
115,6,1
111,21,1
131,32,1
111,7,1
137,20,1
94,12,1
104,12,1
135,23,1
136,37,1
91,21,1
105,32,1
131,28,1
106,24,1
114,33,1
106,32,1
100,22,1
130,39,1
134,31,1
102,23,1
125,12,1
108,44,1
114,46,1
118,8,1
118,11,1
135,35,1
129,10,1
108,6,1
114,26,1
134,30,1
119,15,1
134,10,1
116,11,1
91,30,1
121,38,1
115,31,1
115,50,1
100,45,1
131,15,1
98,22,1
101,14,1
136,33,1
107,9,1
132,10,1
124,25,1
115,35,1
111,1,1
105,10,1
123,36,1
112,13,1
124,39,1
109,13,1
100,27,1
95,31,1
98,36,1
129,28,1
104,27,1
117,33,1
125,14,1
127,20,1
118,13,1
110,14,1
127,44,1
96,21,1
107,26,1
111,14,1
94,30,1
107,32,1
113,28,1
99,23,1
98,40,1
119,42,1
122,9,1
94,17,1
108,3,1
136,38,1
134,25,1
105,10,1
111,26,1
123,21,1
92,30,1
106,22,1
104,8,1
109,30,1
119,29,1
94,17,1
107,16,1
129,17,1
128,22,1
104,14,1
123,27,1
113,9,1
124,25,1
119,34,1
96,11,1
102,28,1
99,43,1
123,26,1
129,22,1
94,35,1
122,16,1
131,37,1
111,33,1
125,15,1
123,19,1
111,35,1
123,27,1
125,32,1
123,23,1
94,16,1
104,3,1
125,46,1
113,2,1
92,30,1
97,25,1
110,1,1
138,22,1
110,39,1
130,9,1
115,30,1
124,21,1
123,32,1
106,42,1
99,35,1
138,29,1
122,28,1
96,14,1
138,21,1
113,17,1
94,37,1
97,34,1
94,28,1
131,26,1
110,5,1
131,36,1
109,42,1
108,29,1
133,33,1
123,6,1
139,32,1
118,5,1
110,7,1
93,17,1
112,32,1
129,7,1
123,2,1
122,49,1
124,16,1
105,21,1
94,36,1
117,13,1
114,14,1
134,24,1
130,13,1
116,27,1
97,31,1
124,13,1
112,7,1
137,32,1
130,45,1
131,9,1
96,30,1
125,16,1
121,18,1
114,12,1
102,31,1
117,4,1
130,35,1
112,32,1
118,33,1
121,38,1
129,40,1
132,26,1
126,44,1
91,28,1
138,28,1
137,22,1
110,26,1
96,20,1
117,27,1
99,33,1
101,32,1
128,30,1
125,3,1
134,10,1
120,13,1
133,34,1
115,36,1
139,31,1
98,40,1
123,15,1
114,11,1
107,15,1
99,24,1
113,24,1
105,46,1
139,31,1
114,30,1
131,37,1
98,27,1
106,6,1
101,40,1
116,18,1
93,34,1
101,24,1
110,41,1
106,14,1
91,23,1
130,27,1
107,19,1
95,25,1
123,11,1
102,10,1
122,27,1
122,49,1
138,18,1
103,8,1
126,3,1
134,10,1
118,23,1
118,17,1
111,41,1
115,38,1
112,47,1
115,50,1
116,24,1
98,38,1
136,30,1
99,39,1
102,33,1
132,34,1
101,24,1
99,17,1
120,14,1
120,46,1
96,31,1
95,34,1
107,35,1
124,43,1
134,41,1
104,44,1
99,14,1
117,2,1
104,16,1
135,10,1
117,24,1
116,22,1
103,18,1
128,28,1
131,17,1
101,5,1
135,39,1
101,30,1
114,20,1
103,43,1
103,23,1
101,16,1
103,24,1
138,32,1
105,15,1
121,19,1
118,39,1
131,9,1
98,16,1
115,39,1
115,13,1
128,37,1
95,25,1
93,22,1
122,45,1
116,42,1
127,44,1
106,44,1
111,29,1
121,48,1
131,40,1
92,34,1
133,38,1
134,9,1
92,28,1
121,34,1
126,32,1
119,5,1
