44,14,0
33,18,0
10,6,0
19,12,0
26,1,0
16,20,0
35,35,0
41,20,0
30,23,0
17,39,0
24,18,0
43,18,0
5,21,0
26,41,0
23,41,0
10,24,0
5,20,0
42,38,0
17,13,0
17,25,0
22,40,0
26,28,0
26,30,0
22,4,0
31,28,0
1,26,0
11,43,0
34,31,0
25,0,0
32,14,0
12,43,0
33,35,0
26,26,0
31,6,0
7,25,0
24,29,0
41,9,0
2,32,0
10,42,0
24,36,0
28,28,0
30,23,0
36,38,0
47,23,0
30,43,0
33,17,0
31,2,0
17,9,0
10,30,0
25,5,0
32,8,0
34,9,0
34,29,0
19,27,0
26,21,0
38,36,0
20,49,0
11,21,0
33,12,0
4,25,0
45,39,0
32,29,0
23,28,0
15,9,0
17,44,0
22,34,0
10,14,0
46,33,0
9,30,0
11,18,0
39,7,0
13,40,0
35,45,0
11,29,0
16,18,0
2,29,0
41,21,0
28,15,0
10,27,0
36,28,0
40,35,0
26,25,0
21,36,0
33,16,0
2,26,0
49,31,0
19,2,0
45,25,0
20,36,0
40,42,0
27,40,0
37,34,0
20,49,0
37,38,0
10,28,0
10,14,0
29,36,0
29,20,0
24,38,0
46,25,0
16,42,0
24,7,0
18,30,0
12,10,0
18,27,0
23,32,0
10,20,0
10,42,0
40,31,0
13,35,0
29,40,0
22,28,0
32,43,0
27,26,0
25,18,0
15,25,0
36,46,0
18,40,0
40,40,0
26,15,0
41,44,0
8,43,0
29,49,0
24,34,0
18,40,0
23,30,0
22,46,0
34,32,0
17,19,0
18,29,0
26,46,0
31,30,0
39,31,0
1,29,0
33,40,0
3,22,0
21,17,0
28,25,0
33,34,0
41,34,0
31,34,0
22,24,0
15,23,0
31,24,0
33,12,0
31,6,0
43,42,0
4,12,0
1,32,0
30,1,0
19,7,0
12,27,0
30,29,0
29,18,0
27,3,0
20,42,0
22,26,0
15,37,0
24,30,0
15,28,0
35,42,0
34,45,0
20,40,0
45,11,0
12,29,0
22,8,0
15,35,0
37,14,0
4,25,0
29,12,0
18,31,0
17,12,0
15,18,0
20,41,0
23,2,0
13,21,0
39,31,0
41,6,0
5,36,0
31,11,0
48,31,0
49,20,0
27,47,0
33,22,0
16,24,0
49,23,0
15,7,0
46,38,0
42,33,0
41,21,0
17,5,0
44,29,0
35,47,0
42,43,0
34,42,0
42,20,0
34,34,0
41,39,0
31,26,0
33,38,0
16,48,0
40,17,0
17,23,0
25,48,0
17,20,0
32,7,0
26,14,0
22,35,0
27,1,0
10,20,0
14,18,0
30,13,0
30,3,0
20,41,0
45,32,0
34,45,0
25,2,0
1,22,0
36,25,0
29,11,0
33,45,0
9,36,0
12,12,0
32,49,0
11,29,0
42,9,0
43,18,0
6,22,0
40,18,0
28,45,0
8,11,0
31,17,0
28,25,0
22,39,0
36,5,0
41,23,0
20,1,0
5,14,0
19,18,0
42,39,0
23,30,0
48,20,0
35,3,0
16,18,0
15,28,0
16,46,0
33,6,0
32,28,0
42,29,0
37,46,0
135,10,1
113,13,1
98,33,1
125,10,1
131,22,1
116,30,1
105,8,1
114,7,1
139,21,1
105,30,1
108,10,1
129,20,1
119,14,1
118,2,1
121,10,1
102,25,1
120,17,1
115,39,1
96,33,1
135,35,1
108,42,1
122,3,1
113,8,1
102,26,1
108,9,1
106,42,1
117,10,1
116,22,1
129,9,1
106,8,1
128,29,1
121,43,1
100,29,1
99,32,1
121,5,1
126,3,1
116,15,1
118,34,1
133,38,1
124,28,1
99,27,1
119,24,1
106,39,1
106,47,1
114,27,1
108,30,1
98,41,1
104,31,1
133,22,1
91,28,1
116,25,1
119,17,1
119,39,1
127,28,1
134,23,1
112,35,1
115,49,1
105,30,1
117,44,1
115,4,1
125,15,1
97,22,1
97,12,1
111,35,1
137,22,1
104,21,1
125,16,1
125,46,1
114,36,1
127,43,1
104,39,1
127,22,1
120,12,1
125,21,1
111,34,1
113,45,1
136,25,1
133,21,1
115,41,1
110,46,1
120,33,1
115,21,1
105,23,1
94,22,1
112,2,1
92,27,1
96,10,1
112,40,1
123,20,1
125,6,1
125,45,1
106,26,1
118,1,1
136,25,1
115,12,1
116,18,1
111,40,1
121,49,1
102,19,1
94,33,1
115,24,1
126,28,1
109,26,1
99,42,1
138,30,1
123,16,1
93,15,1
92,23,1
113,32,1
115,50,1
100,29,1
132,12,1
135,16,1
99,28,1
91,26,1
120,48,1
117,45,1
100,33,1
99,36,1
114,16,1
124,42,1
138,25,1
100,37,1
106,11,1
105,31,1
104,37,1
96,32,1
134,36,1
100,16,1
113,16,1
132,41,1
91,32,1
121,1,1
104,14,1
102,12,1
130,6,1
120,14,1
117,6,1
131,9,1
127,13,1
116,35,1
106,8,1
108,12,1
94,38,1
115,19,1
93,29,1
95,10,1
105,44,1
107,29,1
121,38,1
110,48,1
111,23,1
133,9,1
131,18,1
100,18,1
113,1,1
103,46,1
112,13,1
116,9,1
120,35,1
116,32,1
134,35,1
119,37,1
98,25,1
101,15,1
116,23,1
122,7,1
106,47,1
123,23,1
103,31,1
129,35,1
121,35,1
132,36,1
128,33,1
132,37,1
114,36,1
128,28,1
97,26,1
138,20,1
109,42,1
124,40,1
111,25,1
101,21,1
121,18,1
127,8,1
134,16,1
120,8,1
126,7,1
108,25,1
123,10,1
130,10,1
96,19,1
113,28,1
130,44,1
125,31,1
126,36,1
112,2,1
123,6,1
102,39,1
103,25,1
132,33,1
115,22,1
114,25,1
116,1,1
124,37,1
106,27,1
93,25,1
137,23,1
115,42,1
111,12,1
124,44,1
104,6,1
124,23,1
129,30,1
117,5,1
124,45,1
124,29,1
117,42,1
134,25,1
93,30,1
119,48,1
110,11,1
136,14,1
134,39,1
135,32,1
131,33,1
132,20,1
129,20,1
122,16,1
135,15,1
99,31,1
120,28,1
96,21,1
111,27,1
103,27,1
119,36,1
132,29,1
122,25,1
116,27,1
108,7,1
109,46,1
103,23,1
128,37,1
106,33,1
125,13,1
110,2,1
115,10,1
97,21,1
108,44,1
129,18,1
99,33,1
112,46,1
98,33,1
108,30,1
136,37,1
127,27,1
108,25,1
130,41,1
119,15,1
118,2,1
123,46,1
98,18,1
129,15,1
123,10,1
124,29,1
124,27,1
107,4,1
127,12,1
132,20,1
135,23,1
128,4,1
107,36,1
108,10,1
123,12,1
114,10,1
103,39,1
100,8,1
121,17,1
136,25,1
123,2,1
118,43,1
115,2,1
100,45,1
118,3,1
118,5,1
109,8,1
113,47,1
100,23,1
124,36,1
119,24,1
134,31,1
128,5,1
123,7,1
119,43,1
110,19,1
125,14,1
122,25,1
122,12,1
100,5,1
127,11,1
109,3,1
100,36,1
114,30,1
97,30,1
128,10,1
132,35,1
109,5,1
136,19,1
91,22,1
121,1,1
136,28,1
137,22,1
109,37,1
109,2,1
116,8,1
126,46,1
108,49,1
115,44,1
108,8,1
109,5,1
129,25,1
111,34,1
127,32,1
129,9,1
102,26,1
118,33,1
93,28,1
123,20,1
117,46,1
121,40,1
95,12,1
107,25,1
95,27,1
97,18,1
112,31,1
95,19,1
122,12,1
110,34,1
108,16,1
97,33,1
98,11,1
133,10,1
109,21,1
96,32,1
105,9,1
118,32,1
110,32,1
115,41,1
116,37,1
127,27,1
98,28,1
113,36,1
114,3,1
98,17,1
123,28,1
135,28,1
111,39,1
115,50,1
128,7,1
130,43,1
102,37,1
120,19,1
124,15,1
110,26,1
131,25,1
130,42,1
134,11,1
101,27,1
110,38,1
112,20,1
115,6,1
126,43,1
127,35,1
104,40,1
96,27,1
115,19,1
100,45,1
128,7,1
118,24,1
115,31,1
94,37,1
128,40,1
118,4,1
116,16,1
133,31,1
116,6,1
128,14,1
102,26,1
101,14,1
106,17,1
134,37,1
110,31,1
119,47,1
131,37,1
111,13,1
125,44,1
108,38,1
113,16,1
135,28,1
95,19,1
114,1,1
125,39,1
112,10,1
118,4,1
116,36,1
135,33,1
118,22,1
118,13,1
128,36,1
116,2,1
134,38,1
120,6,1
96,31,1
101,10,1
102,33,1
125,44,1
91,23,1
106,11,1
99,23,1
131,22,1
138,22,1
121,40,1
133,27,1
94,38,1
110,3,1
101,33,1
91,30,1
117,9,1
107,11,1
132,31,1
125,38,1
109,13,1
111,8,1
104,43,1
129,18,1
114,48,1
100,36,1
117,48,1
112,35,1
99,23,1
102,32,1
114,4,1
97,17,1
110,35,1
118,14,1
111,12,1
120,34,1
117,17,1
119,22,1
127,45,1
101,41,1
124,2,1
114,37,1
139,22,1
99,35,1
106,43,1
127,39,1
116,12,1
109,49,1
114,43,1
126,4,1
100,45,1
110,22,1
104,9,1
108,37,1
116,15,1
120,25,1
107,25,1
126,8,1
107,20,1
107,5,1
132,35,1
95,40,1
105,39,1
114,17,1
110,47,1
131,15,1
132,12,1
103,37,1
98,14,1
122,26,1
127,10,1
96,21,1
110,42,1
96,18,1
131,41,1
109,18,1
124,39,1
110,11,1
123,10,1
134,34,1
97,30,1
105,36,1
127,44,1
136,35,1
132,32,1
97,13,1
95,18,1
123,27,1
120,5,1
108,21,1
98,43,1
137,34,1
98,39,1
112,28,1
110,46,1
135,13,1
117,17,1
96,17,1
104,21,1
127,38,1
131,30,1
111,9,1
119,28,1
108,11,1
112,29,1
121,2,1
106,33,1
104,19,1
114,17,1
126,16,1
105,41,1
122,25,1
131,17,1
109,6,1
106,42,1
107,48,1
123,15,1
101,18,1
105,22,1
98,23,1
119,32,1
130,16,1
105,47,1
132,42,1
101,30,1
129,44,1
135,24,1
114,1,1
136,38,1
108,13,1
103,22,1
95,40,1
124,29,1
134,38,1
99,44,1
127,27,1
135,22,1
137,22,1
126,17,1
115,43,1
128,28,1
128,41,1
112,49,1
93,30,1
110,37,1
119,8,1
131,22,1
103,11,1
133,20,1
121,11,1
124,43,1
127,35,1
101,28,1
118,6,1
110,8,1
119,42,1
131,24,1
97,24,1
132,42,1
110,48,1
120,13,1
103,15,1
96,26,1
130,16,1
122,9,1
138,18,1
117,48,1
106,36,1
106,32,1
124,3,1
92,18,1
134,29,1
116,8,1
111,15,1
104,43,1
130,37,1
104,30,1
135,23,1
135,30,1
113,4,1
119,7,1
125,24,1
97,31,1
118,17,1
116,11,1
130,21,1
115,46,1
134,40,1
117,41,1
112,28,1
119,21,1
98,25,1
114,36,1
111,43,1
116,9,1
112,38,1
104,6,1
111,2,1
136,21,1
97,10,1
114,48,1
104,44,1
113,29,1
121,22,1
113,3,1
134,16,1
115,20,1
115,28,1
107,25,1
95,21,1
119,46,1
119,33,1
123,13,1
113,24,1
123,8,1
113,40,1
125,17,1
128,10,1
110,48,1
122,42,1
102,20,1
125,47,1
99,17,1
124,38,1
123,38,1
138,21,1
121,21,1
133,19,1
105,7,1
108,21,1
122,14,1
131,21,1
123,39,1
105,29,1
97,28,1
108,4,1
117,37,1
112,30,1
120,40,1
91,20,1
125,47,1
106,21,1
102,33,1
126,18,1
96,31,1
118,48,1
91,21,1
115,28,1
124,23,1
116,45,1
108,2,1
112,38,1
114,42,1
117,39,1
127,6,1
110,1,1
100,19,1
135,16,1
97,29,1
118,46,1
105,21,1
116,9,1
134,26,1
120,33,1
105,45,1
122,47,1
103,19,1
99,17,1
119,12,1
130,8,1
116,21,1
120,25,1
104,3,1
115,29,1
124,31,1
133,12,1
128,45,1
104,11,1
99,20,1
130,22,1
99,43,1
100,42,1
138,30,1
106,42,1
91,32,1
95,15,1
134,40,1
111,2,1
98,13,1
125,14,1
93,20,1
112,35,1
107,19,1
94,13,1
111,6,1
129,28,1
105,44,1
115,3,1
119,15,1
123,43,1
122,30,1
123,15,1
105,42,1
109,28,1
99,20,1
137,21,1
103,29,1
123,19,1
117,40,1
112,20,1
116,32,1
126,23,1
108,40,1
103,9,1
104,8,1
118,26,1
123,20,1
117,34,1
123,34,1
116,25,1
117,31,1
101,7,1
117,40,1
120,23,1
136,28,1
128,6,1
106,27,1
110,36,1
104,3,1
92,24,1
95,36,1
132,19,1
127,4,1
104,39,1
115,19,1
98,16,1
122,29,1
117,5,1
124,13,1
