22,46,0
34,17,0
36,41,0
32,37,0
30,37,0
36,40,0
34,24,0
35,27,0
22,40,0
36,8,0
15,12,0
9,8,0
19,49,0
36,23,0
28,17,0
21,13,0
43,13,0
34,29,0
49,21,0
24,37,0
26,33,0
37,4,0
34,3,0
8,28,0
8,24,0
35,18,0
4,16,0
38,45,0
26,34,0
46,21,0
22,19,0
2,34,0
31,40,0
32,30,0
15,26,0
15,28,0
1,19,0
32,16,0
38,24,0
5,13,0
38,33,0
16,20,0
12,33,0
36,18,0
39,12,0
46,16,0
26,25,0
6,15,0
18,30,0
32,30,0
33,48,0
49,26,0
11,11,0
10,16,0
16,29,0
9,10,0
22,15,0
34,22,0
11,17,0
20,21,0
42,25,0
6,36,0
22,30,0
37,32,0
17,9,0
7,20,0
46,34,0
33,22,0
22,35,0
45,39,0
26,5,0
8,23,0
35,27,0
20,22,0
30,9,0
31,26,0
14,31,0
37,35,0
39,16,0
11,38,0
11,8,0
19,19,0
38,42,0
42,21,0
15,25,0
28,28,0
21,12,0
24,26,0
13,11,0
28,22,0
23,45,0
31,33,0
15,46,0
21,46,0
24,12,0
29,33,0
42,15,0
29,35,0
13,37,0
27,33,0
11,23,0
41,35,0
45,15,0
36,43,0
6,34,0
33,47,0
22,27,0
43,19,0
10,45,0
37,16,0
17,3,0
28,20,0
38,27,0
47,20,0
31,22,0
11,5,0
15,43,0
35,31,0
36,23,0
42,29,0
38,26,0
15,19,0
8,40,0
42,18,0
30,9,0
25,21,0
25,19,0
19,15,0
22,16,0
11,45,0
9,14,0
19,7,0
9,6,0
40,14,0
6,40,0
19,29,0
31,4,0
7,31,0
36,37,0
20,37,0
22,12,0
35,17,0
39,29,0
1,32,0
29,4,0
26,22,0
12,35,0
14,41,0
16,17,0
14,10,0
31,16,0
6,39,0
7,35,0
12,6,0
28,36,0
4,13,0
4,15,0
46,15,0
28,39,0
32,42,0
15,13,0
7,13,0
35,23,0
12,8,0
26,7,0
29,49,0
44,39,0
8,21,0
46,17,0
26,18,0
22,46,0
44,25,0
29,44,0
23,16,0
33,13,0
5,26,0
29,39,0
14,35,0
48,21,0
15,33,0
41,40,0
2,23,0
24,1,0
14,47,0
28,35,0
19,20,0
7,25,0
3,29,0
13,32,0
28,15,0
42,14,0
20,22,0
26,39,0
5,19,0
18,17,0
45,34,0
33,42,0
25,22,0
14,37,0
34,25,0
2,32,0
13,5,0
41,14,0
18,1,0
46,14,0
7,18,0
43,8,0
23,23,0
16,14,0
16,44,0
25,10,0
28,40,0
42,19,0
16,10,0
8,34,0
2,20,0
23,21,0
24,20,0
35,27,0
6,31,0
27,28,0
1,20,0
39,29,0
11,29,0
37,19,0
16,26,0
33,44,0
26,49,0
44,30,0
39,38,0
30,15,0
4,15,0
8,27,0
8,43,0
42,41,0
47,15,0
28,22,0
14,8,0
42,38,0
22,11,0
18,36,0
43,34,0
24,29,0
4,37,0
4,27,0
26,49,0
36,33,0
34,41,0
30,5,0
23,38,0
114,22,1
89,8,1
103,9,1
93,30,1
120,42,1
111,38,1
105,4,1
114,8,1
116,12,1
110,32,1
86,36,1
102,49,1
122,39,1
94,22,1
104,19,1
111,34,1
115,42,1
82,30,1
126,25,1
114,22,1
117,12,1
107,31,1
95,38,1
105,14,1
92,44,1
107,46,1
87,10,1
123,24,1
91,22,1
98,12,1
88,42,1
125,36,1
87,18,1
105,13,1
95,31,1
89,19,1
118,21,1
96,44,1
105,50,1
125,19,1
125,28,1
107,24,1
87,12,1
100,41,1
95,25,1
89,9,1
102,49,1
89,21,1
120,27,1
111,6,1
97,40,1
104,40,1
94,25,1
99,6,1
96,48,1
96,30,1
120,11,1
127,19,1
91,43,1
123,41,1
90,30,1
103,47,1
87,25,1
102,26,1
119,18,1
102,5,1
90,34,1
103,14,1
96,47,1
120,29,1
123,20,1
109,29,1
97,25,1
98,34,1
95,45,1
116,41,1
111,1,1
108,16,1
119,45,1
103,3,1
120,35,1
97,6,1
97,28,1
88,12,1
89,43,1
110,1,1
99,10,1
114,3,1
101,48,1
120,15,1
107,44,1
127,30,1
101,37,1
88,34,1
113,23,1
121,9,1
108,47,1
109,36,1
109,30,1
100,12,1
105,24,1
121,10,1
85,38,1
95,34,1
106,10,1
96,7,1
98,14,1
90,13,1
109,12,1
107,1,1
95,44,1
108,32,1
81,27,1
87,17,1
87,38,1
89,40,1
95,35,1
107,23,1
122,19,1
95,20,1
82,27,1
124,39,1
87,41,1
114,15,1
104,35,1
94,40,1
109,37,1
84,16,1
87,21,1
97,14,1
86,16,1
101,13,1
112,16,1
81,29,1
104,42,1
108,18,1
114,10,1
97,13,1
99,14,1
124,36,1
97,48,1
112,19,1
107,14,1
90,38,1
105,44,1
120,42,1
85,32,1
101,34,1
99,4,1
104,49,1
107,27,1
98,15,1
90,19,1
119,5,1
103,7,1
112,39,1
102,21,1
102,24,1
121,39,1
98,21,1
95,41,1
115,38,1
113,44,1
129,20,1
116,27,1
111,33,1
95,14,1
81,29,1
121,14,1
127,32,1
102,30,1
123,33,1
120,23,1
99,19,1
114,41,1
102,36,1
96,41,1
107,39,1
125,27,1
107,25,1
109,8,1
106,24,1
110,6,1
86,11,1
90,22,1
103,44,1
84,38,1
91,13,1
116,25,1
114,13,1
94,15,1
90,18,1
107,2,1
110,1,1
125,25,1
122,32,1
107,48,1
100,47,1
115,16,1
100,4,1
101,26,1
123,23,1
99,17,1
116,33,1
87,24,1
114,48,1
121,29,1
114,16,1
84,24,1
88,26,1
106,37,1
100,40,1
114,31,1
95,11,1
119,18,1
120,44,1
115,21,1
86,41,1
109,39,1
85,23,1
123,31,1
111,46,1
106,18,1
117,37,1
86,29,1
113,12,1
110,37,1
99,5,1
103,17,1
106,8,1
89,18,1
107,4,1
124,37,1
106,1,1
91,30,1
107,40,1
103,27,1
107,17,1
108,5,1
90,30,1
123,20,1
125,13,1
119,36,1
92,29,1
120,35,1
98,18,1
116,31,1
103,45,1
104,14,1
117,44,1
89,11,1
101,18,1
81,30,1
111,22,1
116,36,1
106,19,1
112,7,1
112,6,1
100,7,1
96,23,1
91,6,1
98,48,1
97,28,1
106,10,1
99,2,1
91,6,1
109,13,1
83,21,1
86,29,1
112,40,1
112,23,1
110,39,1
119,17,1
105,23,1
113,24,1
82,18,1
81,21,1
96,36,1
89,35,1
104,45,1
106,28,1
101,42,1
118,30,1
101,42,1
84,27,1
126,37,1
111,17,1
112,25,1
129,26,1
103,29,1
114,24,1
86,22,1
87,29,1
111,33,1
112,17,1
114,9,1
92,12,1
98,30,1
104,36,1
95,35,1
109,24,1
85,35,1
98,17,1
112,40,1
119,43,1
110,22,1
118,26,1
84,24,1
94,3,1
117,24,1
86,27,1
122,28,1
88,24,1
102,1,1
120,12,1
113,35,1
89,35,1
94,17,1
108,28,1
118,27,1
108,45,1
98,46,1
121,42,1
90,34,1
103,40,1
120,41,1
92,27,1
89,28,1
104,40,1
122,15,1
95,19,1
99,10,1
95,14,1
91,19,1
106,26,1
113,43,1
117,28,1
118,11,1
100,47,1
94,11,1
104,22,1
115,28,1
116,33,1
108,19,1
127,25,1
121,30,1
89,7,1
115,20,1
108,23,1
116,12,1
97,30,1
81,22,1
84,26,1
119,13,1
117,8,1
89,13,1
85,33,1
116,45,1
123,26,1
109,10,1
125,15,1
115,45,1
112,40,1
91,42,1
104,12,1
92,31,1
81,21,1
98,26,1
124,10,1
121,35,1
81,27,1
125,22,1
92,36,1
84,37,1
110,44,1
100,40,1
98,36,1
103,24,1
123,16,1
90,25,1
105,11,1
102,35,1
116,14,1
119,26,1
111,38,1
97,17,1
109,24,1
123,34,1
105,50,1
127,33,1
107,48,1
89,32,1
108,5,1
89,11,1
120,15,1
93,8,1
87,39,1
114,22,1
101,29,1
124,24,1
89,30,1
98,14,1
100,3,1
98,23,1
87,36,1
100,6,1
123,16,1
112,9,1
105,39,1
101,22,1
94,22,1
123,27,1
93,18,1
127,27,1
101,25,1
108,24,1
88,15,1
94,32,1
93,22,1
86,17,1
84,12,1
123,14,1
110,21,1
100,28,1
109,17,1
103,40,1
99,19,1
111,40,1
115,32,1
127,29,1
87,15,1
119,18,1
81,22,1
98,38,1
121,34,1
115,9,1
103,31,1
104,25,1
87,28,1
109,32,1
98,25,1
114,45,1
96,38,1
99,2,1
104,6,1
124,27,1
92,31,1
124,22,1
95,29,1
81,25,1
115,28,1
91,15,1
121,13,1
111,14,1
104,30,1
121,14,1
120,33,1
88,12,1
102,28,1
93,17,1
124,35,1
107,36,1
105,45,1
93,41,1
110,30,1
96,34,1
107,1,1
124,10,1
104,8,1
104,45,1
110,26,1
109,8,1
113,46,1
118,43,1
92,7,1
102,47,1
102,27,1
91,21,1
113,16,1
106,36,1
87,39,1
89,9,1
123,21,1
100,30,1
96,16,1
111,48,1
91,40,1
104,13,1
92,34,1
110,44,1
110,29,1
110,32,1
107,9,1
122,24,1
97,31,1
128,21,1
98,19,1
104,6,1
127,33,1
84,38,1
87,35,1
96,24,1
86,11,1
114,42,1
97,36,1
99,30,1
108,37,1
129,25,1
95,41,1
93,5,1
91,6,1
128,33,1
99,38,1
124,12,1
89,27,1
119,24,1
103,33,1
104,18,1
112,48,1
102,40,1
101,8,1
89,20,1
111,23,1
103,45,1
114,17,1
97,40,1
120,22,1
85,10,1
82,31,1
84,29,1
105,28,1
109,49,1
112,15,1
110,2,1
97,8,1
107,37,1
101,33,1
113,37,1
114,32,1
90,19,1
111,4,1
93,7,1
113,3,1
99,31,1
109,35,1
100,34,1
92,39,1
102,12,1
110,10,1
108,12,1
112,15,1
112,42,1
89,23,1
84,22,1
85,18,1
96,30,1
87,35,1
104,3,1
116,27,1
106,5,1
105,0,1
123,35,1
95,30,1
89,35,1
101,19,1
126,37,1
103,11,1
106,34,1
124,35,1
114,15,1
82,27,1
104,23,1
95,6,1
121,32,1
93,20,1
84,32,1
112,23,1
83,24,1
121,38,1
97,42,1
107,41,1
119,35,1
125,14,1
85,38,1
89,39,1
87,22,1
109,6,1
116,8,1
97,46,1
114,3,1
89,16,1
86,23,1
97,16,1
129,27,1
106,37,1
127,14,1
129,23,1
91,8,1
107,46,1
104,37,1
100,35,1
90,34,1
107,14,1
109,37,1
98,5,1
96,35,1
100,38,1
84,25,1
125,13,1
120,11,1
88,34,1
87,37,1
84,36,1
105,30,1
83,14,1
110,43,1
91,38,1
123,22,1
91,27,1
107,48,1
121,30,1
121,17,1
109,14,1
83,27,1
107,23,1
98,43,1
105,32,1
101,10,1
102,4,1
112,38,1
126,13,1
121,24,1
116,10,1
129,22,1
116,4,1
95,9,1
92,23,1
113,41,1
122,16,1
118,17,1
97,22,1
112,49,1
106,3,1
88,18,1
85,18,1
96,47,1
91,32,1
93,12,1
94,24,1
93,40,1
102,6,1
103,4,1
112,43,1
128,26,1
101,42,1
113,43,1
107,7,1
124,35,1
109,36,1
109,5,1
91,29,1
94,3,1
105,46,1
100,43,1
99,44,1
111,3,1
122,11,1
94,23,1
126,32,1
118,40,1
94,3,1
106,22,1
120,24,1
101,46,1
122,43,1
112,1,1
93,20,1
118,31,1
87,22,1
86,23,1
124,40,1
104,31,1
98,19,1
120,28,1
124,20,1
120,30,1
88,42,1
104,33,1
105,7,1
92,13,1
129,19,1
91,36,1
115,24,1
116,27,1
107,7,1
113,36,1
129,27,1
125,32,1
88,18,1
100,7,1
114,30,1
109,1,1
111,6,1
82,19,1
102,39,1
90,12,1
85,19,1
102,23,1
117,12,1
101,28,1
92,9,1
95,29,1
98,13,1
107,37,1
111,40,1
122,20,1
117,22,1
118,12,1
88,9,1
86,30,1
109,48,1
105,15,1
105,50,1
115,23,1
122,27,1
107,29,1
85,21,1
98,19,1
116,5,1
96,7,1
103,18,1
92,11,1
97,42,1
98,11,1
95,33,1
81,23,1
104,2,1
86,29,1
100,26,1
108,32,1
107,9,1
108,14,1
84,21,1
120,31,1
97,11,1
127,16,1
121,27,1
97,12,1
102,47,1
123,17,1
