22,34,0
10,9,0
4,12,0
20,13,0
46,36,0
47,23,0
10,38,0
25,3,0
25,9,0
24,36,0
19,36,0
8,24,0
30,29,0
15,24,0
36,37,0
6,27,0
16,23,0
12,8,0
48,16,0
18,18,0
17,16,0
32,4,0
43,32,0
28,18,0
30,13,0
48,29,0
37,40,0
17,24,0
23,13,0
29,25,0
25,38,0
35,41,0
27,30,0
32,29,0
24,20,0
45,27,0
8,7,0
21,49,0
14,9,0
8,26,0
25,44,0
27,35,0
30,31,0
29,13,0
10,40,0
15,36,0
28,12,0
4,16,0
38,31,0
44,33,0
4,13,0
15,39,0
25,28,0
20,45,0
31,42,0
22,4,0
14,39,0
15,31,0
47,27,0
17,2,0
40,37,0
7,8,0
34,35,0
10,18,0
5,31,0
39,28,0
45,38,0
10,34,0
31,46,0
19,1,0
31,8,0
6,37,0
6,35,0
13,12,0
28,10,0
12,17,0
46,38,0
13,24,0
2,23,0
16,9,0
28,19,0
23,13,0
6,10,0
30,39,0
47,20,0
35,43,0
8,26,0
27,45,0
40,33,0
1,24,0
15,36,0
33,48,0
22,1,0
44,21,0
19,29,0
35,5,0
33,43,0
35,8,0
26,27,0
30,32,0
7,37,0
17,20,0
16,37,0
2,34,0
9,7,0
44,24,0
5,23,0
23,49,0
10,8,0
7,17,0
29,4,0
20,31,0
13,19,0
32,40,0
3,22,0
36,39,0
21,35,0
35,45,0
30,36,0
16,34,0
31,27,0
20,41,0
34,38,0
34,6,0
24,24,0
7,8,0
31,20,0
5,33,0
7,9,0
14,3,0
39,9,0
47,18,0
26,33,0
11,20,0
40,18,0
43,13,0
31,36,0
25,46,0
43,18,0
7,13,0
22,16,0
40,14,0
46,37,0
42,39,0
42,36,0
32,4,0
40,17,0
35,44,0
44,24,0
47,29,0
20,26,0
21,15,0
5,34,0
23,44,0
3,15,0
15,36,0
19,36,0
13,20,0
20,33,0
27,31,0
5,26,0
31,2,0
29,47,0
29,6,0
1,20,0
15,9,0
32,33,0
41,26,0
21,16,0
22,15,0
32,31,0
47,36,0
11,41,0
16,47,0
24,22,0
2,17,0
30,3,0
30,34,0
45,40,0
28,46,0
9,38,0
40,15,0
37,31,0
41,30,0
34,11,0
14,12,0
47,30,0
20,27,0
8,36,0
23,22,0
13,28,0
11,12,0
15,16,0
32,1,0
26,43,0
12,27,0
40,38,0
43,23,0
25,31,0
33,11,0
42,17,0
3,15,0
41,29,0
8,20,0
7,18,0
34,32,0
42,43,0
31,32,0
26,45,0
2,28,0
17,26,0
15,17,0
14,45,0
29,10,0
35,44,0
43,11,0
30,21,0
5,13,0
17,13,0
6,35,0
36,17,0
24,33,0
12,41,0
5,23,0
10,26,0
19,9,0
13,13,0
36,24,0
25,2,0
17,24,0
6,36,0
35,10,0
13,35,0
29,25,0
36,6,0
25,46,0
19,48,0
2,31,0
1,32,0
35,35,0
20,32,0
40,9,0
33,6,0
10,23,0
42,36,0
42,18,0
21,35,0
32,22,0
23,19,0
21,44,0
106,42,1
94,12,1
101,39,1
111,32,1
87,42,1
106,6,1
110,15,1
118,35,1
114,25,1
86,28,1
101,15,1
94,46,1
92,28,1
105,1,1
99,26,1
111,32,1
86,29,1
94,26,1
118,33,1
122,42,1
114,15,1
89,33,1
109,9,1
107,23,1
105,6,1
113,13,1
98,47,1
115,14,1
117,25,1
113,12,1
94,25,1
104,37,1
97,21,1
90,26,1
87,24,1
117,19,1
119,16,1
116,13,1
103,40,1
86,17,1
125,40,1
113,41,1
104,12,1
114,4,1
116,30,1
107,18,1
119,25,1
91,12,1
106,36,1
125,35,1
93,42,1
114,24,1
112,36,1
115,19,1
113,44,1
100,32,1
109,22,1
122,29,1
110,38,1
89,21,1
105,39,1
126,31,1
87,25,1
117,32,1
95,38,1
95,20,1
124,11,1
115,32,1
90,27,1
105,21,1
94,44,1
102,21,1
112,19,1
88,39,1
109,19,1
86,15,1
89,24,1
88,15,1
83,19,1
91,14,1
92,14,1
107,38,1
108,41,1
98,38,1
112,49,1
122,42,1
98,24,1
108,7,1
86,32,1
81,21,1
102,11,1
103,32,1
91,9,1
99,47,1
98,2,1
100,40,1
114,34,1
87,9,1
93,14,1
89,16,1
122,36,1
115,45,1
102,35,1
112,3,1
89,35,1
100,45,1
115,9,1
85,13,1
98,8,1
111,7,1
108,15,1
126,21,1
110,39,1
100,9,1
115,32,1
107,48,1
94,24,1
87,25,1
96,28,1
95,41,1
113,41,1
96,7,1
86,15,1
88,17,1
100,3,1
87,29,1
121,43,1
80,25,1
87,17,1
94,20,1
129,30,1
120,8,1
97,45,1
96,46,1
112,7,1
93,14,1
108,31,1
118,9,1
129,18,1
102,47,1
124,11,1
94,11,1
110,5,1
111,46,1
115,4,1
114,20,1
128,28,1
102,38,1
101,20,1
106,38,1
115,44,1
90,44,1
127,27,1
114,40,1
86,36,1
113,6,1
117,39,1
115,8,1
98,27,1
112,11,1
109,34,1
111,3,1
108,33,1
105,20,1
87,17,1
109,44,1
126,25,1
94,34,1
88,8,1
96,13,1
85,35,1
99,48,1
117,26,1
100,48,1
109,37,1
84,22,1
87,40,1
99,8,1
123,19,1
104,24,1
104,30,1
88,31,1
99,22,1
116,27,1
98,15,1
129,27,1
124,32,1
127,29,1
120,41,1
115,37,1
117,41,1
120,31,1
115,24,1
120,33,1
114,2,1
119,25,1
95,24,1
116,11,1
119,20,1
103,28,1
91,17,1
89,35,1
111,31,1
98,23,1
126,35,1
92,25,1
103,4,1
86,27,1
100,5,1
110,12,1
129,21,1
95,40,1
95,17,1
118,12,1
125,36,1
105,27,1
96,24,1
87,42,1
118,25,1
111,32,1
110,20,1
121,23,1
98,39,1
104,45,1
112,13,1
89,24,1
82,30,1
115,24,1
107,21,1
95,38,1
104,32,1
111,33,1
89,35,1
98,22,1
93,27,1
125,26,1
114,22,1
110,3,1
91,13,1
101,17,1
102,16,1
92,21,1
121,25,1
114,12,1
104,46,1
92,33,1
89,26,1
124,35,1
118,27,1
111,46,1
100,30,1
118,21,1
124,16,1
93,36,1
99,33,1
128,23,1
90,5,1
101,5,1
106,49,1
127,26,1
118,9,1
124,26,1
102,45,1
123,25,1
121,7,1
128,27,1
91,29,1
110,49,1
104,29,1
82,16,1
83,14,1
109,3,1
108,33,1
95,34,1
117,19,1
100,49,1
116,19,1
85,14,1
99,37,1
123,17,1
101,19,1
121,28,1
119,44,1
96,7,1
87,31,1
85,13,1
97,48,1
116,8,1
107,46,1
92,4,1
127,32,1
112,1,1
84,13,1
96,24,1
101,34,1
111,28,1
96,9,1
104,45,1
111,47,1
112,9,1
109,39,1
98,21,1
105,1,1
94,33,1
110,7,1
108,11,1
101,22,1
110,4,1
90,18,1
117,8,1
120,9,1
100,20,1
105,49,1
102,19,1
125,22,1
81,28,1
117,20,1
87,11,1
96,12,1
123,23,1
91,9,1
101,23,1
93,14,1
117,18,1
107,11,1
100,47,1
115,19,1
117,36,1
126,25,1
114,45,1
95,28,1
99,11,1
93,31,1
104,28,1
94,31,1
110,42,1
87,38,1
105,34,1
93,23,1
103,23,1
124,31,1
112,43,1
124,34,1
124,12,1
121,18,1
112,12,1
93,25,1
119,12,1
106,37,1
113,11,1
116,43,1
82,33,1
82,21,1
85,21,1
114,29,1
89,29,1
97,34,1
122,23,1
111,33,1
107,48,1
111,17,1
83,31,1
94,8,1
104,12,1
94,27,1
123,18,1
84,16,1
129,22,1
93,35,1
99,17,1
98,24,1
103,5,1
99,25,1
124,33,1
109,17,1
109,5,1
119,42,1
127,29,1
106,39,1
119,13,1
92,27,1
121,42,1
94,20,1
90,45,1
122,39,1
127,36,1
93,11,1
94,42,1
113,25,1
85,40,1
109,24,1
119,39,1
108,2,1
106,21,1
119,41,1
121,19,1
95,21,1
108,38,1
88,43,1
109,18,1
98,35,1
117,16,1
98,19,1
102,6,1
117,19,1
90,42,1
128,21,1
92,35,1
125,28,1
104,14,1
110,29,1
96,38,1
116,34,1
106,46,1
93,19,1
101,7,1
81,28,1
89,30,1
99,40,1
117,35,1
86,26,1
94,37,1
106,37,1
107,35,1
86,13,1
93,30,1
102,32,1
84,29,1
94,28,1
117,37,1
112,34,1
97,4,1
101,25,1
106,30,1
89,32,1
105,23,1
128,24,1
81,26,1
107,43,1
89,41,1
89,35,1
110,42,1
85,12,1
119,40,1
111,17,1
101,27,1
90,25,1
84,27,1
114,46,1
95,6,1
110,22,1
114,17,1
94,4,1
112,30,1
103,34,1
126,38,1
87,27,1
102,42,1
88,37,1
96,3,1
88,20,1
82,32,1
129,27,1
112,44,1
86,41,1
99,13,1
112,49,1
115,5,1
100,34,1
92,9,1
98,18,1
93,9,1
125,29,1
108,42,1
103,49,1
111,21,1
90,27,1
84,35,1
103,44,1
97,5,1
120,12,1
113,18,1
117,32,1
104,20,1
95,45,1
97,14,1
92,16,1
107,49,1
83,24,1
105,19,1
119,22,1
123,39,1
92,15,1
100,43,1
102,34,1
117,38,1
127,22,1
118,14,1
91,6,1
109,8,1
114,3,1
95,9,1
100,42,1
101,21,1
109,25,1
115,8,1
91,45,1
128,23,1
111,28,1
120,5,1
88,27,1
100,49,1
83,14,1
87,30,1
102,23,1
119,17,1
110,38,1
115,34,1
100,43,1
120,14,1
98,27,1
89,21,1
114,44,1
124,25,1
122,28,1
88,14,1
102,7,1
124,29,1
99,8,1
106,5,1
127,17,1
113,14,1
119,27,1
117,45,1
111,47,1
127,36,1
98,14,1
99,13,1
114,33,1
107,34,1
97,2,1
89,12,1
96,47,1
114,42,1
105,25,1
85,30,1
90,10,1
121,28,1
97,31,1
120,16,1
112,43,1
100,23,1
88,18,1
117,23,1
97,37,1
112,40,1
102,39,1
83,33,1
112,31,1
106,23,1
86,32,1
93,19,1
124,18,1
129,23,1
110,4,1
89,26,1
113,20,1
123,9,1
88,31,1
102,33,1
99,17,1
109,29,1
90,15,1
109,48,1
91,45,1
110,44,1
106,40,1
119,15,1
113,7,1
117,38,1
129,28,1
95,22,1
111,29,1
81,27,1
112,6,1
109,28,1
104,49,1
127,25,1
98,30,1
91,28,1
94,15,1
123,11,1
101,39,1
115,19,1
128,24,1
93,43,1
124,24,1
97,41,1
107,32,1
110,2,1
121,9,1
106,27,1
127,19,1
119,19,1
92,31,1
89,25,1
128,18,1
89,13,1
108,15,1
99,43,1
103,33,1
81,26,1
107,20,1
102,37,1
122,15,1
102,34,1
109,28,1
112,23,1
121,22,1
105,38,1
107,8,1
83,17,1
100,37,1
121,23,1
109,35,1
104,1,1
120,36,1
98,2,1
125,12,1
103,39,1
103,27,1
111,12,1
90,13,1
110,29,1
113,41,1
108,1,1
103,42,1
95,7,1
119,7,1
83,33,1
85,40,1
108,48,1
106,18,1
113,24,1
114,41,1
112,25,1
95,45,1
86,35,1
92,28,1
130,25,1
114,30,1
87,39,1
95,21,1
123,42,1
92,30,1
86,32,1
110,43,1
108,34,1
82,33,1
106,45,1
116,5,1
109,44,1
101,8,1
122,37,1
120,30,1
97,10,1
110,36,1
125,15,1
99,6,1
113,42,1
92,36,1
100,11,1
117,43,1
89,22,1
104,2,1
91,21,1
119,30,1
115,45,1
85,29,1
98,38,1
109,24,1
126,26,1
91,37,1
98,32,1
89,18,1
97,4,1
129,19,1
116,20,1
117,27,1
118,26,1
124,20,1
118,18,1
122,31,1
123,27,1
108,18,1
88,17,1
94,17,1
91,9,1
105,11,1
105,47,1
109,28,1
111,24,1
94,21,1
115,4,1
98,26,1
122,17,1
89,8,1
123,26,1
91,34,1
96,23,1
103,3,1
112,15,1
111,22,1
108,38,1
86,30,1
107,31,1
96,3,1
103,32,1
105,17,1
100,30,1
109,4,1
85,15,1
111,38,1
111,23,1
113,46,1
97,25,1
120,13,1
105,4,1
109,39,1
106,19,1
116,14,1
109,31,1
86,16,1
106,15,1
104,6,1
112,21,1
92,17,1
104,16,1
94,6,1
106,21,1
107,18,1
107,26,1
89,20,1
110,47,1
119,27,1
113,8,1
124,22,1
94,32,1
91,44,1
115,12,1
