22,10,0
15,46,0
26,31,0
37,10,0
30,39,0
1,25,0
10,9,0
20,20,0
39,41,0
6,36,0
20,23,0
32,41,0
23,30,0
13,13,0
38,9,0
16,32,0
48,33,0
5,15,0
32,45,0
41,12,0
42,40,0
23,30,0
45,25,0
7,31,0
25,44,0
21,39,0
6,18,0
9,40,0
9,30,0
6,35,0
30,26,0
47,15,0
47,34,0
23,19,0
31,30,0
46,17,0
31,25,0
33,8,0
25,16,0
1,19,0
21,4,0
47,24,0
29,7,0
36,10,0
26,37,0
32,13,0
39,29,0
24,3,0
40,35,0
38,5,0
2,34,0
29,40,0
11,27,0
18,44,0
34,2,0
7,25,0
17,41,0
5,11,0
28,14,0
1,20,0
43,11,0
17,30,0
25,3,0
33,25,0
27,34,0
10,13,0
26,6,0
31,26,0
40,26,0
35,17,0
36,20,0
44,16,0
45,21,0
34,19,0
35,27,0
20,49,0
6,35,0
25,49,0
34,33,0
20,43,0
18,37,0
47,36,0
15,13,0
39,29,0
23,38,0
26,48,0
36,6,0
44,14,0
35,11,0
13,40,0
29,38,0
41,43,0
18,12,0
45,24,0
20,14,0
40,13,0
25,23,0
27,34,0
16,10,0
48,30,0
38,43,0
35,27,0
18,43,0
35,25,0
14,35,0
30,29,0
44,10,0
33,6,0
13,35,0
32,12,0
10,33,0
23,2,0
14,15,0
36,28,0
10,14,0
26,33,0
48,18,0
35,17,0
27,13,0
41,27,0
10,29,0
8,42,0
42,20,0
20,29,0
36,31,0
26,2,0
35,11,0
29,12,0
28,5,0
42,21,0
17,43,0
44,34,0
33,9,0
35,30,0
30,11,0
26,12,0
20,10,0
39,27,0
28,11,0
32,41,0
36,6,0
28,32,0
14,20,0
33,42,0
23,41,0
38,29,0
29,19,0
30,22,0
7,12,0
5,15,0
22,13,0
11,22,0
29,23,0
31,47,0
34,14,0
39,22,0
41,14,0
44,30,0
33,40,0
32,11,0
17,46,0
24,29,0
13,35,0
16,43,0
9,21,0
46,36,0
13,35,0
29,1,0
27,17,0
30,21,0
5,27,0
14,24,0
34,34,0
23,21,0
22,4,0
25,23,0
47,26,0
29,45,0
18,16,0
11,19,0
6,34,0
29,23,0
16,26,0
27,16,0
41,22,0
26,19,0
34,23,0
32,1,0
5,17,0
36,45,0
18,22,0
26,28,0
7,8,0
41,8,0
4,37,0
16,41,0
35,27,0
33,3,0
10,16,0
26,31,0
28,46,0
33,25,0
19,12,0
26,43,0
20,7,0
30,41,0
20,22,0
44,29,0
4,29,0
44,37,0
17,46,0
20,29,0
26,21,0
10,36,0
8,17,0
12,21,0
20,34,0
12,26,0
23,1,0
13,30,0
6,9,0
27,31,0
26,22,0
47,17,0
30,46,0
14,3,0
25,10,0
39,42,0
42,15,0
29,48,0
5,27,0
39,10,0
30,1,0
48,31,0
2,17,0
11,7,0
28,31,0
21,29,0
17,21,0
21,1,0
32,49,0
22,49,0
34,25,0
24,32,0
38,16,0
15,20,0
34,43,0
31,5,0
34,44,0
28,44,0
121,39,1
98,46,1
99,8,1
98,48,1
111,48,1
115,7,1
108,33,1
117,31,1
119,22,1
94,38,1
99,41,1
95,39,1
119,15,1
101,24,1
112,38,1
94,44,1
100,13,1
127,25,1
101,29,1
109,36,1
123,26,1
96,32,1
99,27,1
85,40,1
119,37,1
83,27,1
121,43,1
99,36,1
89,31,1
122,13,1
87,39,1
107,39,1
116,32,1
105,17,1
116,29,1
116,5,1
106,11,1
99,35,1
129,23,1
129,29,1
119,38,1
106,19,1
128,21,1
102,26,1
107,23,1
97,17,1
122,19,1
113,27,1
105,19,1
106,42,1
120,9,1
84,29,1
101,47,1
103,25,1
106,2,1
105,11,1
108,21,1
92,23,1
110,31,1
110,44,1
127,16,1
91,30,1
94,10,1
124,28,1
86,15,1
108,24,1
127,18,1
113,11,1
95,24,1
83,27,1
104,27,1
86,32,1
119,44,1
96,4,1
96,8,1
87,37,1
125,17,1
96,32,1
121,10,1
127,14,1
82,32,1
87,19,1
127,32,1
126,12,1
88,39,1
128,33,1
111,26,1
96,28,1
89,39,1
107,3,1
116,29,1
124,17,1
116,21,1
127,28,1
90,35,1
87,20,1
96,10,1
107,33,1
96,39,1
88,14,1
93,5,1
102,47,1
115,30,1
129,30,1
124,23,1
90,26,1
96,46,1
80,25,1
120,35,1
115,47,1
98,9,1
113,10,1
92,41,1
119,23,1
97,34,1
110,13,1
114,11,1
120,17,1
120,11,1
109,4,1
113,41,1
83,29,1
122,30,1
114,18,1
105,39,1
120,19,1
82,30,1
119,14,1
97,45,1
87,29,1
128,34,1
100,24,1
100,7,1
123,30,1
101,46,1
111,39,1
85,33,1
124,37,1
91,9,1
111,10,1
109,17,1
103,30,1
101,44,1
103,3,1
124,25,1
109,1,1
92,19,1
94,47,1
123,11,1
114,30,1
86,14,1
91,17,1
82,22,1
126,31,1
101,39,1
115,15,1
90,30,1
106,45,1
94,47,1
91,31,1
90,29,1
107,10,1
117,25,1
91,34,1
107,36,1
86,25,1
82,26,1
82,31,1
124,40,1
95,15,1
88,12,1
109,42,1
119,26,1
90,28,1
105,13,1
102,2,1
117,25,1
111,43,1
89,33,1
97,2,1
81,30,1
119,5,1
88,34,1
111,27,1
93,38,1
105,17,1
93,24,1
124,31,1
105,6,1
102,7,1
102,13,1
116,22,1
109,42,1
89,24,1
111,24,1
98,1,1
129,19,1
99,13,1
121,23,1
99,22,1
90,33,1
117,21,1
121,31,1
86,23,1
126,23,1
83,21,1
101,23,1
85,10,1
105,9,1
117,36,1
124,19,1
118,11,1
96,35,1
95,5,1
83,30,1
84,16,1
106,33,1
86,13,1
86,16,1
115,43,1
115,26,1
91,34,1
111,13,1
90,13,1
118,24,1
114,17,1
104,43,1
93,17,1
89,6,1
96,5,1
105,28,1
103,15,1
110,10,1
115,39,1
105,19,1
97,6,1
90,7,1
106,33,1
112,4,1
127,33,1
115,22,1
93,24,1
102,12,1
126,29,1
90,45,1
106,31,1
121,38,1
123,35,1
106,32,1
93,6,1
111,32,1
112,37,1
92,38,1
125,21,1
100,46,1
112,36,1
84,34,1
110,2,1
111,31,1
120,6,1
86,39,1
112,15,1
104,3,1
104,45,1
109,7,1
86,13,1
82,33,1
116,24,1
107,38,1
103,10,1
98,26,1
115,41,1
109,16,1
98,29,1
104,47,1
117,28,1
102,44,1
100,47,1
85,30,1
102,11,1
110,46,1
91,8,1
105,19,1
115,38,1
90,38,1
106,43,1
94,43,1
110,31,1
120,44,1
112,48,1
129,27,1
94,37,1
129,21,1
109,11,1
117,19,1
100,5,1
111,45,1
99,45,1
93,9,1
108,39,1
112,20,1
82,34,1
91,18,1
89,40,1
118,7,1
96,27,1
102,6,1
117,27,1
101,47,1
130,25,1
92,8,1
122,14,1
102,13,1
108,34,1
92,22,1
87,11,1
109,14,1
112,38,1
121,20,1
108,47,1
92,45,1
97,5,1
119,18,1
100,2,1
96,34,1
110,43,1
118,36,1
122,28,1
112,34,1
117,37,1
106,11,1
123,27,1
108,11,1
101,31,1
110,37,1
110,11,1
119,32,1
84,27,1
102,19,1
87,42,1
107,1,1
101,19,1
87,33,1
98,31,1
95,46,1
95,3,1
114,10,1
105,14,1
89,10,1
85,39,1
95,37,1
100,24,1
112,20,1
110,8,1
106,25,1
110,43,1
102,48,1
109,27,1
122,15,1
93,38,1
114,7,1
118,15,1
111,14,1
91,10,1
122,42,1
110,26,1
107,39,1
123,42,1
94,13,1
114,45,1
107,46,1
125,25,1
94,5,1
126,15,1
97,31,1
115,5,1
83,16,1
95,33,1
103,14,1
118,14,1
111,30,1
114,30,1
85,25,1
114,42,1
85,19,1
113,25,1
99,10,1
96,38,1
123,14,1
102,21,1
120,13,1
93,31,1
94,31,1
119,20,1
89,19,1
122,23,1
86,21,1
93,45,1
91,27,1
103,20,1
126,33,1
81,22,1
107,20,1
81,20,1
126,29,1
116,39,1
121,7,1
95,3,1
103,27,1
114,18,1
99,43,1
121,35,1
114,23,1
123,23,1
85,27,1
123,27,1
122,40,1
110,22,1
92,13,1
104,14,1
82,25,1
104,13,1
111,44,1
102,39,1
94,11,1
98,14,1
84,34,1
105,12,1
92,36,1
113,3,1
107,37,1
98,38,1
115,10,1
110,38,1
123,34,1
113,5,1
112,19,1
95,33,1
120,44,1
89,17,1
93,25,1
90,22,1
101,13,1
97,11,1
122,26,1
105,29,1
103,18,1
101,5,1
83,32,1
94,8,1
93,16,1
92,12,1
109,15,1
99,19,1
88,16,1
87,35,1
116,9,1
95,5,1
111,22,1
95,37,1
85,26,1
102,48,1
102,11,1
86,23,1
115,23,1
105,38,1
100,5,1
97,40,1
122,31,1
89,41,1
99,25,1
111,19,1
106,28,1
106,8,1
90,8,1
121,40,1
96,2,1
123,16,1
86,11,1
103,42,1
86,41,1
111,9,1
110,36,1
97,36,1
87,33,1
93,34,1
92,36,1
107,43,1
93,21,1
108,10,1
119,24,1
121,39,1
83,18,1
97,37,1
100,9,1
98,5,1
125,15,1
109,18,1
113,33,1
93,26,1
109,11,1
94,46,1
124,30,1
97,34,1
100,22,1
103,27,1
124,39,1
120,44,1
97,11,1
104,32,1
92,44,1
92,23,1
98,15,1
98,35,1
111,39,1
101,10,1
104,21,1
117,23,1
101,19,1
122,8,1
91,15,1
114,14,1
117,12,1
122,18,1
123,22,1
109,9,1
87,38,1
84,38,1
110,14,1
129,30,1
89,11,1
104,7,1
85,16,1
118,12,1
110,44,1
119,20,1
95,5,1
119,38,1
114,7,1
100,5,1
114,12,1
82,33,1
92,33,1
104,41,1
84,33,1
105,2,1
110,21,1
113,37,1
113,15,1
114,36,1
100,36,1
98,11,1
116,25,1
100,24,1
100,39,1
125,39,1
100,18,1
123,31,1
94,32,1
91,13,1
121,13,1
125,25,1
107,19,1
95,45,1
114,34,1
92,14,1
110,45,1
120,21,1
118,46,1
121,10,1
94,10,1
90,20,1
89,16,1
112,10,1
97,15,1
112,21,1
102,13,1
90,27,1
117,5,1
126,36,1
109,33,1
117,38,1
95,40,1
94,12,1
100,48,1
94,27,1
116,29,1
102,40,1
126,28,1
115,16,1
96,37,1
125,22,1
113,14,1
123,12,1
101,12,1
116,19,1
124,24,1
92,36,1
92,25,1
85,22,1
100,43,1
105,5,1
103,12,1
127,18,1
121,10,1
107,25,1
110,35,1
95,17,1
89,31,1
110,36,1
102,23,1
105,3,1
103,17,1
103,16,1
116,20,1
125,28,1
93,45,1
103,48,1
116,38,1
127,33,1
110,21,1
116,7,1
112,2,1
126,18,1
86,35,1
91,18,1
105,50,1
104,19,1
114,46,1
88,23,1
93,43,1
95,20,1
117,12,1
105,42,1
120,14,1
105,2,1
125,14,1
86,9,1
108,13,1
127,23,1
126,29,1
83,27,1
107,4,1
88,12,1
106,49,1
128,26,1
104,22,1
107,46,1
91,12,1
97,13,1
110,4,1
125,22,1
104,31,1
111,13,1
126,29,1
120,13,1
93,11,1
128,16,1
89,19,1
114,2,1
117,38,1
122,33,1
130,25,1
106,29,1
128,31,1
91,40,1
118,32,1
116,33,1
123,10,1
99,6,1
97,8,1
114,17,1
125,29,1
98,4,1
96,7,1
111,18,1
111,33,1
87,14,1
92,31,1
90,16,1
95,47,1
105,10,1
94,13,1
86,22,1
124,11,1
108,19,1
107,27,1
96,21,1
116,3,1
99,19,1
109,10,1
89,37,1
115,6,1
106,35,1
101,8,1
115,5,1
125,36,1
98,2,1
119,40,1
95,18,1
115,37,1
113,35,1
128,19,1
124,17,1
100,16,1
113,4,1
126,25,1
118,4,1
111,39,1
83,34,1
104,17,1
106,30,1
103,32,1
91,11,1
127,31,1
92,38,1
98,36,1
127,29,1
95,35,1
107,18,1
103,17,1
94,19,1
99,15,1
104,40,1
100,29,1
95,40,1
107,32,1
87,19,1
123,13,1
108,27,1
112,9,1
95,25,1
84,26,1
129,20,1
106,41,1
98,34,1
126,31,1
102,5,1
99,17,1
110,34,1
90,13,1
96,15,1
90,22,1
117,39,1
113,46,1
106,20,1
105,48,1
90,7,1
116,30,1
96,16,1
