46,19,0
17,27,0
33,6,0
23,19,0
35,37,0
44,32,0
4,13,0
17,41,0
36,26,0
18,13,0
10,19,0
26,19,0
15,42,0
24,12,0
30,21,0
46,36,0
10,6,0
37,34,0
12,37,0
7,12,0
29,1,0
11,33,0
9,9,0
33,32,0
13,14,0
33,3,0
14,6,0
19,14,0
14,35,0
14,16,0
38,36,0
6,10,0
21,41,0
21,31,0
21,31,0
32,39,0
31,36,0
33,29,0
17,37,0
32,4,0
30,5,0
12,43,0
4,13,0
12,29,0
38,9,0
48,26,0
34,20,0
45,26,0
21,32,0
25,37,0
27,48,0
44,30,0
27,17,0
45,10,0
10,6,0
45,22,0
46,19,0
26,37,0
5,38,0
16,36,0
11,34,0
39,24,0
42,25,0
14,8,0
44,26,0
22,29,0
22,49,0
20,42,0
13,30,0
29,3,0
9,17,0
26,48,0
10,18,0
43,30,0
22,22,0
29,16,0
31,40,0
47,15,0
17,6,0
35,25,0
8,20,0
26,38,0
36,12,0
28,7,0
46,33,0
21,5,0
17,22,0
5,12,0
7,11,0
26,36,0
16,48,0
40,5,0
8,12,0
6,41,0
40,35,0
38,46,0
10,27,0
23,30,0
41,12,0
31,30,0
21,47,0
14,5,0
17,15,0
30,13,0
9,27,0
18,25,0
43,37,0
47,24,0
28,9,0
31,36,0
20,13,0
14,35,0
10,37,0
6,9,0
12,32,0
15,6,0
28,6,0
3,20,0
20,43,0
18,46,0
6,38,0
15,12,0
10,19,0
11,30,0
35,7,0
44,25,0
21,21,0
23,28,0
33,3,0
43,36,0
36,45,0
37,15,0
13,44,0
23,48,0
45,26,0
24,20,0
39,5,0
39,28,0
8,42,0
29,35,0
3,31,0
26,22,0
23,17,0
30,32,0
16,21,0
2,31,0
29,27,0
32,34,0
8,37,0
41,30,0
14,45,0
10,40,0
22,38,0
36,15,0
8,33,0
33,43,0
22,6,0
2,23,0
24,43,0
38,12,0
47,20,0
8,14,0
29,45,0
10,12,0
9,40,0
25,40,0
44,38,0
37,4,0
1,30,0
35,32,0
34,38,0
47,35,0
31,21,0
11,7,0
31,43,0
39,6,0
34,15,0
6,29,0
42,27,0
10,16,0
28,39,0
32,22,0
40,8,0
46,31,0
33,27,0
6,12,0
32,6,0
6,35,0
5,34,0
44,29,0
17,14,0
25,34,0
35,27,0
29,24,0
21,8,0
45,27,0
12,28,0
36,30,0
27,36,0
37,10,0
24,25,0
26,3,0
12,41,0
24,25,0
44,20,0
37,33,0
11,42,0
10,41,0
20,37,0
20,32,0
46,29,0
31,26,0
24,49,0
6,20,0
21,46,0
47,22,0
32,28,0
45,26,0
6,21,0
27,9,0
47,26,0
14,25,0
17,24,0
17,39,0
28,24,0
27,46,0
22,20,0
33,18,0
7,11,0
31,31,0
10,19,0
19,39,0
6,12,0
40,20,0
42,13,0
40,26,0
24,33,0
21,15,0
44,23,0
38,9,0
28,30,0
5,29,0
10,26,0
45,17,0
11,11,0
42,16,0
23,6,0
31,28,0
9,12,0
21,17,0
82,36,1
89,16,1
96,8,1
112,14,1
91,13,1
91,10,1
107,46,1
89,11,1
98,11,1
91,35,1
84,30,1
108,4,1
77,25,1
86,42,1
75,28,1
106,41,1
101,34,1
75,39,1
86,2,1
105,11,1
110,27,1
104,13,1
99,18,1
104,46,1
95,28,1
109,11,1
82,30,1
100,19,1
100,30,1
85,26,1
88,10,1
97,24,1
119,22,1
80,14,1
86,20,1
87,39,1
117,19,1
78,27,1
109,19,1
73,24,1
104,26,1
112,36,1
100,12,1
106,35,1
85,9,1
89,14,1
73,30,1
99,6,1
108,9,1
71,32,1
112,11,1
115,21,1
106,30,1
119,19,1
101,14,1
90,45,1
113,9,1
90,36,1
79,13,1
116,24,1
89,30,1
117,28,1
87,20,1
74,31,1
78,37,1
81,30,1
92,26,1
111,33,1
81,8,1
84,10,1
116,33,1
109,25,1
81,43,1
82,18,1
93,20,1
109,16,1
96,2,1
109,45,1
90,25,1
91,7,1
85,43,1
111,21,1
82,28,1
93,30,1
97,47,1
116,34,1
108,21,1
109,25,1
88,22,1
75,40,1
114,13,1
79,30,1
104,17,1
94,26,1
96,11,1
105,27,1
113,32,1
109,6,1
88,49,1
102,3,1
120,25,1
81,42,1
103,23,1
102,46,1
104,40,1
91,13,1
85,3,1
99,20,1
81,41,1
78,32,1
95,50,1
80,39,1
108,14,1
110,5,1
105,17,1
112,10,1
110,7,1
102,27,1
89,13,1
82,15,1
72,34,1
88,13,1
109,21,1
88,4,1
108,10,1
109,9,1
118,19,1
113,23,1
104,24,1
106,5,1
85,24,1
105,3,1
93,42,1
96,15,1
104,28,1
104,7,1
75,32,1
88,14,1
105,40,1
89,3,1
104,33,1
84,25,1
80,30,1
103,41,1
89,16,1
83,21,1
92,30,1
113,12,1
101,24,1
106,30,1
82,23,1
100,2,1
83,25,1
109,5,1
84,5,1
93,45,1
81,38,1
93,47,1
110,43,1
97,20,1
102,1,1
115,31,1
77,25,1
83,22,1
91,6,1
111,17,1
96,5,1
86,29,1
100,36,1
75,16,1
106,7,1
87,22,1
102,7,1
96,23,1
77,16,1
107,10,1
98,2,1
103,13,1
77,12,1
98,8,1
82,31,1
88,35,1
97,21,1
110,25,1
109,45,1
93,24,1
98,30,1
72,32,1
84,38,1
79,6,1
103,13,1
114,15,1
114,18,1
77,19,1
82,21,1
79,25,1
118,34,1
94,31,1
111,31,1
93,13,1
78,22,1
96,26,1
110,9,1
87,15,1
107,17,1
100,13,1
107,31,1
77,40,1
116,20,1
91,37,1
106,10,1
111,27,1
108,40,1
82,32,1
108,13,1
100,28,1
78,17,1
115,38,1
81,27,1
89,46,1
94,3,1
88,3,1
75,17,1
113,22,1
99,22,1
114,19,1
105,40,1
104,39,1
88,31,1
72,27,1
89,1,1
87,36,1
87,39,1
98,40,1
116,19,1
103,5,1
117,33,1
73,33,1
98,35,1
81,20,1
76,23,1
102,6,1
79,36,1
112,25,1
81,9,1
79,32,1
76,21,1
87,13,1
111,41,1
114,25,1
116,20,1
84,18,1
80,18,1
79,23,1
108,38,1
81,38,1
119,26,1
104,31,1
96,14,1
73,16,1
93,37,1
105,25,1
75,32,1
91,10,1
96,2,1
95,23,1
97,40,1
100,44,1
86,14,1
83,43,1
90,28,1
78,24,1
77,12,1
80,25,1
76,9,1
75,29,1
92,48,1
110,41,1
108,26,1
79,22,1
77,27,1
89,28,1
91,21,1
99,45,1
111,12,1
75,34,1
80,18,1
83,22,1
96,43,1
77,36,1
89,24,1
88,9,1
97,14,1
74,17,1
115,35,1
95,13,1
106,11,1
110,42,1
94,42,1
80,41,1
73,15,1
101,22,1
100,36,1
108,35,1
96,15,1
107,42,1
117,24,1
92,49,1
95,15,1
104,15,1
108,16,1
103,6,1
103,21,1
111,40,1
78,37,1
109,40,1
103,14,1
76,40,1
110,44,1
98,18,1
88,37,1
110,26,1
110,17,1
106,37,1
107,39,1
96,22,1
77,39,1
103,30,1
91,40,1
93,14,1
78,16,1
111,11,1
88,12,1
76,18,1
98,32,1
110,17,1
92,44,1
92,6,1
73,27,1
110,35,1
111,7,1
86,45,1
87,30,1
116,33,1
103,12,1
95,12,1
117,23,1
90,48,1
98,44,1
96,22,1
86,3,1
85,4,1
84,11,1
113,10,1
119,25,1
89,27,1
113,28,1
114,37,1
92,29,1
95,22,1
81,12,1
111,14,1
104,32,1
79,43,1
100,19,1
71,26,1
94,12,1
77,29,1
81,37,1
114,10,1
103,27,1
93,31,1
99,10,1
111,14,1
98,34,1
96,24,1
72,25,1
75,25,1
108,45,1
78,29,1
104,48,1
96,20,1
77,40,1
96,31,1
92,1,1
92,13,1
84,11,1
114,9,1
102,27,1
75,11,1
106,27,1
77,30,1
99,45,1
76,12,1
98,45,1
83,28,1
94,12,1
117,14,1
93,12,1
101,11,1
110,14,1
86,29,1
82,20,1
78,27,1
100,10,1
91,10,1
109,40,1
108,6,1
97,12,1
98,45,1
110,36,1
90,32,1
113,30,1
113,35,1
106,20,1
82,13,1
109,36,1
93,36,1
77,15,1
105,21,1
103,29,1
77,27,1
103,36,1
110,39,1
107,17,1
81,15,1
86,30,1
111,31,1
91,23,1
100,11,1
107,27,1
93,48,1
112,16,1
98,20,1
81,10,1
111,17,1
81,26,1
95,4,1
87,46,1
109,7,1
112,40,1
81,44,1
106,7,1
108,40,1
98,37,1
118,20,1
92,28,1
82,27,1
99,29,1
74,28,1
115,35,1
78,35,1
95,25,1
110,19,1
91,19,1
96,34,1
92,2,1
94,21,1
95,45,1
105,11,1
102,21,1
86,48,1
97,1,1
88,36,1
93,13,1
82,20,1
76,9,1
97,30,1
77,40,1
79,40,1
109,41,1
89,4,1
113,8,1
96,1,1
103,10,1
92,44,1
78,42,1
105,47,1
92,12,1
82,28,1
119,26,1
84,17,1
73,24,1
78,33,1
101,5,1
103,14,1
80,45,1
104,36,1
93,31,1
89,15,1
93,38,1
115,24,1
105,17,1
110,40,1
106,19,1
118,18,1
102,31,1
98,34,1
108,29,1
109,8,1
109,5,1
78,38,1
110,16,1
86,41,1
86,25,1
84,40,1
92,29,1
103,2,1
76,15,1
73,17,1
76,25,1
102,37,1
85,38,1
96,47,1
96,8,1
81,25,1
104,36,1
111,32,1
105,22,1
84,18,1
105,40,1
116,36,1
98,37,1
91,33,1
110,23,1
110,13,1
113,23,1
83,9,1
80,11,1
91,14,1
110,22,1
82,41,1
78,22,1
115,23,1
87,29,1
96,1,1
80,45,1
85,14,1
108,39,1
96,14,1
118,26,1
91,18,1
79,37,1
89,38,1
114,23,1
111,19,1
98,44,1
107,4,1
114,12,1
100,42,1
85,23,1
95,12,1
88,23,1
93,5,1
81,29,1
90,1,1
90,46,1
87,30,1
88,10,1
86,21,1
102,7,1
92,22,1
101,25,1
91,26,1
114,32,1
92,29,1
102,15,1
82,12,1
94,39,1
86,40,1
97,9,1
91,43,1
91,45,1
92,34,1
87,9,1
75,36,1
106,17,1
82,33,1
102,46,1
99,33,1
81,45,1
118,23,1
113,37,1
90,3,1
115,25,1
90,4,1
108,4,1
102,6,1
91,43,1
82,39,1
88,25,1
101,41,1
87,40,1
94,42,1
84,3,1
81,23,1
116,28,1
103,17,1
104,4,1
71,18,1
95,34,1
98,47,1
85,14,1
71,22,1
101,43,1
113,20,1
97,12,1
101,44,1
82,15,1
119,29,1
103,22,1
115,26,1
73,32,1
89,47,1
107,38,1
115,13,1
86,33,1
84,9,1
73,19,1
104,19,1
106,33,1
108,44,1
117,23,1
89,6,1
109,30,1
88,48,1
88,38,1
102,44,1
109,19,1
95,1,1
82,36,1
115,23,1
75,16,1
101,30,1
91,43,1
96,37,1
110,9,1
83,35,1
73,34,1
77,34,1
96,5,1
95,4,1
111,33,1
77,19,1
100,4,1
77,11,1
113,22,1
90,24,1
112,32,1
104,20,1
87,40,1
102,6,1
89,33,1
74,24,1
85,43,1
97,15,1
83,4,1
102,49,1
119,31,1
107,15,1
95,47,1
87,17,1
86,28,1
75,33,1
105,34,1
96,38,1
79,41,1
107,29,1
84,8,1
99,27,1
74,17,1
110,12,1
97,5,1
114,31,1
103,23,1
78,28,1
86,17,1
86,28,1
114,16,1
103,20,1
117,14,1
111,32,1
89,40,1
73,28,1
84,42,1
94,16,1
83,45,1
104,45,1
103,9,1
75,37,1
101,22,1
106,32,1
83,20,1
76,32,1
99,44,1
115,36,1
97,5,1
88,36,1
81,16,1
77,39,1
99,30,1
74,27,1
117,24,1
116,30,1
78,28,1
107,11,1
89,23,1
98,36,1
97,14,1
114,16,1
104,30,1
98,10,1
98,18,1
78,16,1
97,40,1
102,29,1
96,25,1
97,23,1
96,46,1
108,36,1
98,9,1
93,6,1
101,5,1
108,39,1
96,32,1
101,45,1
109,8,1
78,33,1
110,19,1
76,39,1
96,27,1
114,38,1
85,16,1
99,17,1
112,11,1
98,31,1
97,16,1
75,24,1
117,17,1
98,40,1
83,20,1
85,24,1
86,45,1
72,34,1
95,40,1
106,45,1
89,23,1
85,20,1
85,21,1
112,35,1
