40,9,0
18,48,0
35,19,0
36,13,0
19,49,0
48,27,0
32,15,0
37,21,0
25,39,0
2,34,0
6,19,0
24,39,0
44,12,0
10,20,0
27,19,0
36,34,0
37,16,0
4,20,0
16,6,0
18,7,0
11,34,0
28,37,0
15,3,0
23,21,0
32,19,0
15,6,0
27,39,0
28,36,0
12,9,0
13,25,0
15,25,0
1,27,0
24,1,0
40,41,0
4,20,0
28,28,0
14,36,0
38,8,0
5,28,0
34,30,0
10,38,0
16,25,0
11,43,0
7,27,0
37,44,0
19,14,0
22,12,0
18,46,0
20,39,0
13,33,0
4,20,0
37,38,0
36,31,0
13,25,0
6,24,0
41,24,0
34,29,0
13,39,0
42,20,0
27,48,0
16,39,0
7,29,0
15,32,0
4,23,0
22,30,0
30,13,0
27,27,0
37,19,0
31,44,0
25,35,0
40,28,0
34,35,0
40,13,0
21,2,0
40,35,0
35,14,0
18,20,0
23,1,0
6,11,0
10,41,0
48,30,0
6,30,0
4,38,0
17,23,0
47,29,0
22,8,0
28,38,0
9,13,0
45,34,0
25,27,0
28,32,0
42,42,0
1,31,0
35,20,0
28,10,0
26,22,0
16,45,0
33,23,0
19,18,0
21,29,0
30,32,0
18,49,0
10,9,0
11,23,0
20,33,0
27,1,0
25,37,0
2,18,0
43,36,0
49,29,0
10,16,0
16,40,0
38,5,0
9,36,0
9,32,0
20,49,0
46,38,0
19,29,0
21,38,0
31,4,0
9,24,0
20,27,0
28,34,0
28,35,0
24,41,0
38,26,0
38,5,0
14,40,0
30,9,0
22,3,0
20,29,0
24,11,0
40,5,0
33,41,0
10,23,0
42,37,0
16,13,0
18,9,0
34,32,0
36,13,0
31,14,0
18,44,0
38,10,0
5,10,0
48,17,0
16,23,0
39,26,0
2,23,0
23,32,0
31,10,0
43,39,0
13,8,0
27,7,0
31,18,0
10,31,0
39,32,0
39,15,0
5,23,0
4,26,0
9,37,0
19,9,0
30,17,0
23,30,0
8,31,0
11,39,0
11,14,0
11,11,0
27,30,0
27,26,0
21,40,0
33,8,0
45,25,0
37,6,0
48,33,0
46,19,0
25,38,0
43,38,0
19,15,0
17,23,0
32,38,0
41,30,0
18,35,0
5,37,0
32,7,0
48,23,0
6,32,0
45,37,0
42,21,0
33,32,0
30,41,0
12,38,0
34,12,0
7,23,0
21,34,0
10,27,0
20,1,0
12,21,0
24,14,0
38,34,0
37,21,0
36,17,0
2,21,0
43,13,0
36,24,0
42,41,0
19,19,0
40,29,0
9,42,0
22,26,0
26,25,0
10,20,0
27,33,0
41,15,0
36,24,0
40,28,0
44,40,0
14,14,0
35,11,0
4,30,0
17,20,0
18,47,0
40,13,0
35,21,0
28,7,0
30,42,0
46,26,0
22,18,0
4,23,0
32,46,0
12,34,0
29,25,0
7,16,0
27,46,0
20,6,0
6,35,0
39,15,0
16,9,0
24,39,0
25,48,0
31,46,0
19,21,0
23,26,0
23,3,0
33,40,0
19,20,0
39,18,0
24,5,0
26,3,0
38,25,0
20,12,0
85,47,1
75,36,1
73,32,1
92,33,1
107,21,1
91,39,1
70,43,1
84,10,1
103,24,1
103,38,1
68,25,1
94,26,1
109,31,1
83,49,1
63,27,1
84,5,1
87,5,1
81,46,1
85,31,1
106,25,1
75,19,1
89,7,1
86,30,1
79,42,1
85,50,1
98,34,1
108,32,1
91,17,1
68,38,1
95,23,1
97,41,1
105,40,1
86,32,1
71,43,1
99,23,1
71,8,1
73,28,1
68,35,1
97,17,1
84,37,1
85,36,1
73,32,1
101,7,1
101,44,1
84,38,1
99,20,1
101,37,1
84,25,1
86,40,1
103,31,1
97,9,1
97,33,1
97,32,1
91,37,1
86,37,1
86,35,1
70,30,1
109,29,1
100,36,1
86,15,1
98,39,1
76,31,1
80,40,1
67,36,1
87,7,1
67,32,1
82,41,1
103,23,1
108,21,1
71,26,1
91,25,1
78,34,1
98,14,1
76,38,1
91,42,1
84,41,1
96,26,1
73,5,1
96,18,1
64,17,1
81,28,1
83,31,1
85,33,1
86,15,1
93,21,1
97,9,1
96,8,1
67,40,1
88,28,1
94,32,1
79,35,1
95,5,1
70,10,1
71,28,1
63,23,1
109,26,1
69,33,1
95,41,1
105,32,1
84,22,1
92,34,1
68,40,1
86,16,1
95,4,1
77,42,1
87,22,1
64,37,1
91,16,1
92,3,1
93,30,1
82,9,1
86,46,1
95,10,1
77,17,1
84,21,1
100,34,1
73,10,1
96,42,1
80,2,1
100,13,1
97,23,1
80,28,1
94,34,1
87,15,1
75,46,1
106,30,1
72,46,1
103,35,1
108,33,1
102,30,1
79,12,1
67,31,1
94,5,1
91,5,1
92,40,1
89,15,1
101,24,1
90,30,1
109,18,1
74,38,1
106,14,1
87,17,1
83,27,1
74,44,1
102,11,1
102,28,1
79,39,1
82,4,1
75,20,1
64,30,1
68,28,1
81,29,1
93,38,1
90,2,1
93,23,1
106,27,1
84,24,1
67,33,1
78,40,1
74,6,1
97,17,1
81,18,1
90,32,1
72,11,1
85,43,1
91,40,1
71,31,1
91,46,1
97,42,1
70,43,1
66,15,1
67,18,1
80,49,1
92,6,1
65,27,1
102,28,1
64,20,1
92,39,1
84,38,1
67,21,1
98,42,1
75,26,1
102,31,1
74,18,1
96,42,1
89,9,1
107,24,1
77,27,1
87,16,1
77,38,1
91,16,1
100,13,1
85,6,1
88,30,1
80,42,1
103,15,1
87,34,1
86,25,1
84,17,1
78,18,1
68,17,1
88,45,1
86,46,1
103,42,1
72,4,1
99,16,1
88,27,1
74,17,1
70,18,1
97,44,1
90,5,1
96,42,1
69,21,1
68,28,1
92,36,1
91,10,1
107,34,1
68,23,1
94,48,1
108,32,1
87,17,1
75,47,1
90,16,1
77,41,1
75,28,1
103,21,1
77,35,1
65,37,1
62,22,1
87,47,1
84,13,1
98,29,1
100,39,1
87,28,1
82,25,1
72,44,1
102,43,1
100,6,1
82,21,1
65,17,1
106,18,1
69,18,1
75,13,1
70,11,1
93,40,1
70,36,1
66,40,1
79,36,1
92,16,1
70,37,1
71,38,1
89,14,1
75,33,1
80,2,1
70,21,1
100,35,1
80,48,1
79,17,1
88,29,1
88,22,1
93,29,1
78,33,1
83,45,1
86,12,1
79,29,1
73,18,1
103,22,1
109,22,1
96,29,1
64,27,1
84,24,1
69,33,1
93,5,1
68,42,1
70,31,1
98,5,1
108,25,1
89,28,1
101,14,1
71,5,1
99,24,1
104,24,1
83,35,1
99,40,1
80,18,1
92,47,1
74,38,1
81,46,1
89,6,1
102,9,1
76,40,1
90,35,1
106,24,1
78,12,1
103,20,1
71,28,1
75,44,1
102,19,1
94,47,1
93,34,1
104,27,1
73,42,1
70,27,1
105,13,1
76,27,1
78,17,1
78,13,1
82,28,1
87,8,1
71,13,1
87,24,1
85,29,1
77,41,1
77,33,1
73,22,1
74,41,1
79,48,1
105,34,1
88,37,1
77,35,1
89,4,1
105,11,1
71,19,1
83,20,1
101,21,1
91,8,1
102,8,1
101,24,1
92,16,1
95,15,1
96,12,1
88,45,1
75,12,1
101,10,1
69,10,1
97,8,1
74,43,1
85,24,1
89,8,1
106,37,1
102,21,1
91,20,1
78,11,1
98,26,1
70,32,1
78,46,1
72,28,1
79,22,1
97,31,1
93,17,1
84,32,1
92,12,1
73,7,1
104,30,1
100,6,1
94,42,1
109,19,1
78,27,1
83,42,1
92,4,1
105,30,1
81,18,1
109,29,1
60,25,1
79,33,1
78,7,1
99,6,1
71,39,1
71,19,1
81,43,1
85,42,1
106,27,1
97,12,1
67,11,1
66,36,1
65,17,1
75,11,1
88,11,1
77,39,1
77,27,1
81,49,1
62,26,1
86,38,1
77,32,1
100,8,1
81,12,1
75,8,1
82,20,1
94,41,1
98,27,1
89,10,1
91,14,1
69,12,1
88,17,1
76,38,1
73,16,1
96,43,1
80,44,1
76,31,1
97,9,1
76,19,1
103,22,1
92,24,1
89,32,1
70,10,1
98,14,1
100,35,1
73,41,1
79,48,1
65,10,1
87,6,1
95,8,1
73,13,1
96,10,1
93,46,1
85,8,1
92,34,1
94,39,1
95,6,1
86,34,1
106,23,1
106,29,1
93,39,1
66,34,1
101,43,1
83,19,1
108,33,1
89,48,1
76,32,1
66,22,1
68,8,1
89,7,1
87,20,1
77,28,1
102,12,1
84,4,1
67,32,1
84,10,1
90,10,1
77,41,1
64,17,1
63,35,1
103,35,1
91,31,1
78,28,1
90,29,1
83,32,1
92,12,1
92,46,1
101,22,1
68,21,1
74,38,1
97,34,1
86,27,1
82,39,1
109,20,1
66,17,1
84,41,1
86,49,1
62,17,1
98,31,1
77,47,1
69,26,1
92,1,1
85,27,1
72,10,1
79,33,1
74,16,1
73,21,1
78,16,1
107,16,1
72,16,1
90,11,1
87,37,1
67,9,1
98,42,1
95,41,1
64,17,1
84,21,1
80,1,1
100,36,1
62,30,1
71,12,1
66,13,1
78,44,1
101,8,1
92,48,1
81,49,1
75,32,1
89,23,1
87,21,1
70,45,1
106,18,1
77,31,1
104,12,1
88,43,1
68,33,1
96,46,1
102,22,1
84,40,1
78,40,1
67,15,1
81,27,1
87,5,1
104,13,1
101,30,1
96,13,1
98,21,1
95,13,1
89,41,1
75,22,1
70,5,1
106,34,1
100,33,1
74,35,1
104,24,1
100,7,1
65,36,1
80,9,1
94,39,1
92,16,1
91,22,1
80,29,1
107,24,1
74,40,1
75,47,1
75,24,1
101,8,1
103,28,1
77,47,1
70,11,1
74,39,1
109,22,1
98,40,1
82,30,1
107,22,1
99,12,1
75,26,1
89,11,1
94,26,1
68,36,1
86,49,1
77,14,1
67,11,1
84,24,1
101,16,1
73,12,1
75,37,1
101,9,1
62,27,1
102,26,1
87,46,1
85,13,1
73,13,1
74,4,1
96,44,1
83,27,1
84,32,1
102,23,1
98,20,1
81,37,1
99,40,1
93,18,1
73,7,1
89,28,1
89,21,1
94,35,1
76,38,1
94,41,1
105,34,1
85,46,1
76,21,1
91,44,1
79,13,1
85,36,1
66,18,1
75,42,1
98,45,1
83,26,1
106,33,1
92,33,1
96,27,1
79,30,1
71,40,1
71,38,1
63,26,1
104,17,1
83,21,1
83,45,1
90,15,1
71,5,1
97,40,1
74,40,1
96,38,1
88,18,1
100,34,1
80,48,1
92,1,1
97,23,1
67,18,1
78,8,1
68,34,1
98,6,1
82,20,1
85,17,1
75,18,1
92,30,1
76,32,1
103,30,1
90,49,1
90,20,1
88,25,1
75,31,1
101,8,1
69,37,1
96,29,1
97,42,1
74,27,1
78,7,1
92,4,1
76,38,1
92,21,1
74,7,1
82,24,1
109,26,1
86,25,1
109,23,1
94,13,1
94,19,1
103,18,1
74,19,1
78,48,1
94,9,1
68,11,1
107,30,1
66,30,1
92,38,1
65,32,1
104,26,1
67,34,1
82,38,1
73,17,1
86,31,1
99,25,1
82,7,1
100,8,1
77,36,1
91,14,1
76,4,1
91,46,1
95,29,1
68,33,1
78,15,1
94,18,1
88,1,1
105,12,1
71,11,1
105,12,1
100,30,1
105,28,1
82,26,1
74,22,1
66,17,1
63,21,1
101,23,1
80,37,1
99,34,1
94,15,1
81,13,1
80,23,1
96,30,1
64,17,1
91,40,1
92,29,1
107,33,1
107,30,1
99,6,1
84,14,1
62,18,1
63,30,1
81,20,1
73,21,1
87,13,1
78,18,1
84,8,1
93,22,1
71,35,1
71,33,1
97,34,1
94,34,1
89,41,1
82,44,1
95,20,1
77,19,1
69,42,1
86,30,1
91,22,1
74,6,1
72,6,1
81,22,1
93,26,1
102,30,1
87,47,1
101,13,1
77,45,1
72,30,1
91,5,1
88,11,1
88,38,1
100,31,1
103,26,1
109,32,1
76,35,1
101,36,1
89,23,1
73,22,1
85,11,1
77,44,1
87,24,1
96,19,1
92,13,1
86,34,1
108,18,1
83,15,1
73,35,1
93,21,1
97,39,1
70,35,1
84,5,1
79,12,1
75,23,1
97,9,1
62,32,1
81,20,1
93,34,1
70,32,1
71,36,1
98,22,1
101,14,1
83,5,1
107,31,1
89,13,1
102,12,1
94,37,1
79,10,1
78,16,1
101,34,1
106,36,1
73,9,1
100,24,1
