22,8,0
25,7,0
14,31,0
26,44,0
19,32,0
20,38,0
47,36,0
11,20,0
40,45,0
36,23,0
47,24,0
48,22,0
22,7,0
29,7,0
21,49,0
31,30,0
45,26,0
43,33,0
38,15,0
19,34,0
39,31,0
42,22,0
22,38,0
11,26,0
29,24,0
31,12,0
13,40,0
42,7,0
23,26,0
26,7,0
23,28,0
22,48,0
18,21,0
49,18,0
44,14,0
29,14,0
30,20,0
35,4,0
15,4,0
32,26,0
19,45,0
24,2,0
16,35,0
17,32,0
20,12,0
13,40,0
34,21,0
13,7,0
35,39,0
37,8,0
19,19,0
3,26,0
27,20,0
15,8,0
31,1,0
15,37,0
7,40,0
17,6,0
35,14,0
36,11,0
33,30,0
11,9,0
17,45,0
40,45,0
21,25,0
46,35,0
27,31,0
35,40,0
26,26,0
12,26,0
23,13,0
8,7,0
22,39,0
29,24,0
40,45,0
39,13,0
39,14,0
41,9,0
16,41,0
48,27,0
13,4,0
31,27,0
13,32,0
32,10,0
39,33,0
33,26,0
30,31,0
47,34,0
32,7,0
11,17,0
24,6,0
30,24,0
13,37,0
38,13,0
24,9,0
46,22,0
4,23,0
8,30,0
28,44,0
48,33,0
16,12,0
24,42,0
40,16,0
42,34,0
49,27,0
13,16,0
41,38,0
23,16,0
20,5,0
27,13,0
41,28,0
6,13,0
24,15,0
3,23,0
11,17,0
6,20,0
40,12,0
41,31,0
14,5,0
39,36,0
24,33,0
35,47,0
14,46,0
31,31,0
15,3,0
12,41,0
18,7,0
37,40,0
20,12,0
19,49,0
29,15,0
45,15,0
14,5,0
28,1,0
35,39,0
20,49,0
32,2,0
40,45,0
22,47,0
21,27,0
10,11,0
29,13,0
43,9,0
20,23,0
27,32,0
22,36,0
37,11,0
17,31,0
12,25,0
21,9,0
37,10,0
21,37,0
14,18,0
10,36,0
37,46,0
35,3,0
13,40,0
30,29,0
33,33,0
2,19,0
6,18,0
34,46,0
42,42,0
17,26,0
17,13,0
29,14,0
40,17,0
20,20,0
21,24,0
13,6,0
25,34,0
34,40,0
6,11,0
34,8,0
14,7,0
16,11,0
14,5,0
41,37,0
10,16,0
17,12,0
30,49,0
48,30,0
42,34,0
9,32,0
8,20,0
25,34,0
45,30,0
12,8,0
13,46,0
35,21,0
29,29,0
32,8,0
45,19,0
42,11,0
31,14,0
24,37,0
19,44,0
17,31,0
27,14,0
30,6,0
27,28,0
21,23,0
46,18,0
35,27,0
30,17,0
31,4,0
30,38,0
15,10,0
34,28,0
32,12,0
16,34,0
32,29,0
21,38,0
22,2,0
43,11,0
15,8,0
29,4,0
45,38,0
19,4,0
31,39,0
46,35,0
34,35,0
32,38,0
17,6,0
8,11,0
45,32,0
19,38,0
46,18,0
21,10,0
6,10,0
42,37,0
41,38,0
13,11,0
39,29,0
12,18,0
22,46,0
43,41,0
27,31,0
11,21,0
28,47,0
7,8,0
39,32,0
40,33,0
16,19,0
23,23,0
47,23,0
17,25,0
19,22,0
32,23,0
29,18,0
79,49,1
67,14,1
102,12,1
80,42,1
103,42,1
65,32,1
77,44,1
78,12,1
75,30,1
62,33,1
92,23,1
97,43,1
82,31,1
94,10,1
71,15,1
73,27,1
87,30,1
86,38,1
72,45,1
84,20,1
101,11,1
77,10,1
83,47,1
70,43,1
68,34,1
93,12,1
108,18,1
76,22,1
108,25,1
66,37,1
63,34,1
82,13,1
61,31,1
93,25,1
83,9,1
85,10,1
94,37,1
87,45,1
79,28,1
95,41,1
79,6,1
78,40,1
76,32,1
74,26,1
89,40,1
97,10,1
91,28,1
107,24,1
92,49,1
75,21,1
89,40,1
83,45,1
90,48,1
78,17,1
74,41,1
79,42,1
91,20,1
97,21,1
84,39,1
91,37,1
100,40,1
95,3,1
92,36,1
89,32,1
67,35,1
84,8,1
99,16,1
62,16,1
65,17,1
76,48,1
72,25,1
90,37,1
74,21,1
83,26,1
94,7,1
92,12,1
84,40,1
87,31,1
78,9,1
91,2,1
83,7,1
96,18,1
71,13,1
64,13,1
87,24,1
78,31,1
75,7,1
70,38,1
85,21,1
92,44,1
104,41,1
64,31,1
86,46,1
81,46,1
92,44,1
80,5,1
104,9,1
91,38,1
63,16,1
74,11,1
82,25,1
107,24,1
84,23,1
98,38,1
90,30,1
73,42,1
92,3,1
102,27,1
79,29,1
95,20,1
100,29,1
97,21,1
92,39,1
91,18,1
100,45,1
86,43,1
79,8,1
97,6,1
80,16,1
78,9,1
69,29,1
65,14,1
103,16,1
88,35,1
92,36,1
105,34,1
84,9,1
82,30,1
96,39,1
63,33,1
84,36,1
60,25,1
107,35,1
98,36,1
92,9,1
76,24,1
81,20,1
85,32,1
77,23,1
100,34,1
101,35,1
97,42,1
88,39,1
104,39,1
101,16,1
91,29,1
88,30,1
80,9,1
91,18,1
76,18,1
73,17,1
74,41,1
97,45,1
109,31,1
74,17,1
96,46,1
98,37,1
81,42,1
87,28,1
92,37,1
79,26,1
86,6,1
101,28,1
94,44,1
105,36,1
93,27,1
83,3,1
83,39,1
75,20,1
73,37,1
77,27,1
68,14,1
109,22,1
93,4,1
79,11,1
100,20,1
77,26,1
66,26,1
87,46,1
80,37,1
83,43,1
80,27,1
93,13,1
82,33,1
106,33,1
84,23,1
101,17,1
105,22,1
76,12,1
98,7,1
71,36,1
89,5,1
93,6,1
78,39,1
107,29,1
76,11,1
92,23,1
77,8,1
74,14,1
66,14,1
109,25,1
91,22,1
99,14,1
82,49,1
90,40,1
73,8,1
100,21,1
67,14,1
95,27,1
92,31,1
80,41,1
101,12,1
80,4,1
60,25,1
72,30,1
91,14,1
88,1,1
70,24,1
83,6,1
81,7,1
88,29,1
108,18,1
72,35,1
85,22,1
68,34,1
69,11,1
78,14,1
90,21,1
80,24,1
81,18,1
91,8,1
80,13,1
106,27,1
75,31,1
89,46,1
73,11,1
89,32,1
101,19,1
79,22,1
64,22,1
109,19,1
92,37,1
74,36,1
93,12,1
79,12,1
64,34,1
81,38,1
93,28,1
89,26,1
69,33,1
97,13,1
62,30,1
64,14,1
88,33,1
86,44,1
97,26,1
76,40,1
78,14,1
107,36,1
81,28,1
73,42,1
70,39,1
74,33,1
79,31,1
90,24,1
103,25,1
77,22,1
106,33,1
78,7,1
100,11,1
84,41,1
90,36,1
86,21,1
90,24,1
84,23,1
96,29,1
93,13,1
78,2,1
77,25,1
85,24,1
80,28,1
69,11,1
77,9,1
93,16,1
108,33,1
105,33,1
101,21,1
85,14,1
87,20,1
92,2,1
90,28,1
82,32,1
63,33,1
78,36,1
82,17,1
106,29,1
83,15,1
90,11,1
100,34,1
64,32,1
73,8,1
101,40,1
95,28,1
85,6,1
75,6,1
88,43,1
81,29,1
82,35,1
90,13,1
88,22,1
85,12,1
85,5,1
82,44,1
93,8,1
68,9,1
95,28,1
91,11,1
95,19,1
79,3,1
66,38,1
91,27,1
79,29,1
108,17,1
92,10,1
70,43,1
99,32,1
79,12,1
76,29,1
106,13,1
81,40,1
93,26,1
86,28,1
82,29,1
90,30,1
79,41,1
104,16,1
103,36,1
84,31,1
68,43,1
67,34,1
100,22,1
100,24,1
99,35,1
99,29,1
79,32,1
104,16,1
106,38,1
64,24,1
66,11,1
85,43,1
73,24,1
61,29,1
67,35,1
63,22,1
75,47,1
91,40,1
100,35,1
98,8,1
106,30,1
86,33,1
110,25,1
106,35,1
103,41,1
101,19,1
82,11,1
76,9,1
89,6,1
85,41,1
92,12,1
82,42,1
78,40,1
101,12,1
92,46,1
81,9,1
85,35,1
86,16,1
70,35,1
100,20,1
80,23,1
74,47,1
62,25,1
87,5,1
90,46,1
86,19,1
99,13,1
80,42,1
97,42,1
87,33,1
68,26,1
83,26,1
103,41,1
80,6,1
100,19,1
99,18,1
75,14,1
76,29,1
71,20,1
107,33,1
101,29,1
87,20,1
85,21,1
102,30,1
74,33,1
94,17,1
108,19,1
81,26,1
90,28,1
104,41,1
84,25,1
81,39,1
90,11,1
79,21,1
73,17,1
83,34,1
71,35,1
69,38,1
83,22,1
63,26,1
76,22,1
90,10,1
74,37,1
78,22,1
71,44,1
89,28,1
66,17,1
81,26,1
95,8,1
67,16,1
76,12,1
101,9,1
80,15,1
68,35,1
91,23,1
81,23,1
93,37,1
92,44,1
70,31,1
96,28,1
101,11,1
81,15,1
84,13,1
88,2,1
94,34,1
79,19,1
76,30,1
74,45,1
97,15,1
81,19,1
105,12,1
72,4,1
61,28,1
81,17,1
67,10,1
105,12,1
96,40,1
94,14,1
90,39,1
77,42,1
95,24,1
99,21,1
80,45,1
88,7,1
72,28,1
107,25,1
93,3,1
91,49,1
89,26,1
82,20,1
94,3,1
89,6,1
83,20,1
64,23,1
70,28,1
90,47,1
92,25,1
94,45,1
72,7,1
104,26,1
101,6,1
84,6,1
70,45,1
88,15,1
102,17,1
71,14,1
73,12,1
62,24,1
77,20,1
107,32,1
94,26,1
90,26,1
104,25,1
80,9,1
75,39,1
105,14,1
88,15,1
92,6,1
102,35,1
97,42,1
97,22,1
94,40,1
64,33,1
74,31,1
67,15,1
92,9,1
94,3,1
93,18,1
73,33,1
66,21,1
88,23,1
70,11,1
92,44,1
90,12,1
68,15,1
68,9,1
92,28,1
77,8,1
70,25,1
106,27,1
77,26,1
78,9,1
64,31,1
78,43,1
70,10,1
93,27,1
98,43,1
93,40,1
72,39,1
90,41,1
92,29,1
85,18,1
97,7,1
95,15,1
106,16,1
89,3,1
82,46,1
86,23,1
106,13,1
88,20,1
82,14,1
94,7,1
72,11,1
87,30,1
92,17,1
66,18,1
78,2,1
100,11,1
74,18,1
98,10,1
71,37,1
88,29,1
70,9,1
103,8,1
88,28,1
98,26,1
92,18,1
96,24,1
106,35,1
89,43,1
103,15,1
102,12,1
89,9,1
67,12,1
102,35,1
66,19,1
107,28,1
90,34,1
96,36,1
81,15,1
90,27,1
83,39,1
88,43,1
80,15,1
69,31,1
102,15,1
106,28,1
77,33,1
66,25,1
88,3,1
99,39,1
103,18,1
85,14,1
66,40,1
86,45,1
66,40,1
88,27,1
67,21,1
92,21,1
80,4,1
102,18,1
77,6,1
65,38,1
92,39,1
68,21,1
63,15,1
77,10,1
95,6,1
98,44,1
94,39,1
105,19,1
73,8,1
91,8,1
68,13,1
61,27,1
84,9,1
96,33,1
88,1,1
65,13,1
96,20,1
99,35,1
69,8,1
105,35,1
106,28,1
107,35,1
75,44,1
71,40,1
71,17,1
65,13,1
61,18,1
64,17,1
91,2,1
95,13,1
68,9,1
96,10,1
76,17,1
69,25,1
90,7,1
93,6,1
98,25,1
100,7,1
73,12,1
86,25,1
104,21,1
101,42,1
64,18,1
87,12,1
65,24,1
96,45,1
84,7,1
85,16,1
81,10,1
93,48,1
83,36,1
107,26,1
106,19,1
90,37,1
90,22,1
93,9,1
101,20,1
81,22,1
95,35,1
65,34,1
78,40,1
109,23,1
85,44,1
72,22,1
76,20,1
67,38,1
81,41,1
85,27,1
108,21,1
65,27,1
77,27,1
85,4,1
95,23,1
61,25,1
77,14,1
63,24,1
102,11,1
83,45,1
101,19,1
68,35,1
71,16,1
67,22,1
81,4,1
88,34,1
82,29,1
101,9,1
104,35,1
96,46,1
83,20,1
96,7,1
94,15,1
91,17,1
109,32,1
80,38,1
73,31,1
93,11,1
77,27,1
90,43,1
85,30,1
93,44,1
78,5,1
79,46,1
75,37,1
67,12,1
81,46,1
88,22,1
101,38,1
74,25,1
75,21,1
94,22,1
106,38,1
100,19,1
75,29,1
97,24,1
75,22,1
82,8,1
85,27,1
66,14,1
102,12,1
93,31,1
78,30,1
89,9,1
85,43,1
91,5,1
89,32,1
93,36,1
78,22,1
75,46,1
96,14,1
88,42,1
82,3,1
89,43,1
77,4,1
86,30,1
87,9,1
68,21,1
80,37,1
91,28,1
93,33,1
93,19,1
78,29,1
93,33,1
99,36,1
76,31,1
80,14,1
67,16,1
71,40,1
103,14,1
70,31,1
69,6,1
73,46,1
109,23,1
93,18,1
96,4,1
82,10,1
85,12,1
79,44,1
99,23,1
67,14,1
