31,11,0
44,25,0
23,32,0
19,34,0
14,19,0
18,21,0
15,28,0
14,14,0
26,44,0
15,9,0
28,10,0
19,5,0
32,16,0
13,27,0
21,11,0
27,28,0
4,26,0
5,21,0
41,38,0
35,31,0
49,29,0
35,28,0
6,41,0
36,23,0
37,43,0
21,22,0
45,29,0
19,6,0
37,31,0
25,17,0
24,6,0
15,5,0
22,25,0
47,15,0
25,33,0
32,22,0
12,15,0
24,3,0
6,32,0
14,30,0
11,38,0
34,10,0
21,8,0
13,7,0
21,49,0
13,43,0
19,11,0
13,44,0
16,4,0
6,29,0
49,24,0
12,29,0
23,16,0
28,16,0
5,10,0
11,15,0
20,28,0
25,6,0
15,31,0
47,25,0
29,20,0
33,17,0
13,13,0
8,24,0
10,33,0
12,9,0
12,16,0
24,43,0
8,34,0
41,25,0
20,2,0
47,24,0
6,21,0
34,40,0
45,24,0
34,28,0
36,9,0
24,7,0
31,10,0
29,3,0
23,22,0
38,36,0
45,23,0
35,22,0
27,29,0
19,30,0
4,27,0
48,29,0
35,25,0
16,6,0
34,12,0
32,10,0
15,10,0
4,36,0
46,16,0
22,2,0
40,13,0
30,28,0
24,31,0
19,37,0
13,16,0
19,42,0
24,41,0
8,33,0
36,18,0
38,39,0
21,38,0
23,43,0
38,46,0
18,32,0
36,33,0
39,13,0
43,15,0
16,7,0
21,44,0
2,19,0
8,14,0
7,41,0
36,35,0
26,12,0
17,48,0
45,36,0
6,16,0
39,44,0
23,23,0
38,25,0
36,28,0
43,33,0
30,25,0
16,6,0
12,21,0
23,12,0
5,27,0
49,30,0
43,29,0
10,31,0
11,41,0
9,41,0
17,37,0
11,5,0
36,38,0
41,15,0
17,46,0
17,2,0
19,33,0
46,34,0
36,4,0
37,21,0
11,15,0
5,10,0
40,30,0
26,5,0
19,13,0
43,35,0
49,20,0
23,14,0
6,22,0
34,15,0
44,19,0
27,37,0
34,13,0
25,15,0
24,36,0
30,49,0
32,22,0
5,40,0
40,31,0
23,37,0
32,39,0
39,22,0
40,15,0
3,14,0
14,40,0
30,3,0
14,17,0
32,4,0
27,41,0
12,34,0
21,21,0
30,16,0
9,22,0
31,35,0
33,38,0
10,40,0
16,28,0
30,43,0
29,45,0
23,2,0
28,6,0
44,16,0
12,27,0
16,36,0
18,6,0
45,40,0
3,29,0
31,28,0
30,20,0
20,48,0
13,6,0
36,9,0
18,2,0
14,21,0
12,6,0
26,10,0
15,23,0
15,43,0
44,28,0
29,28,0
29,7,0
28,44,0
34,6,0
15,13,0
24,8,0
8,43,0
29,5,0
44,13,0
23,3,0
2,16,0
31,27,0
26,19,0
14,32,0
23,46,0
19,35,0
48,26,0
21,6,0
39,18,0
26,2,0
25,21,0
34,39,0
8,27,0
27,17,0
16,6,0
14,11,0
33,43,0
17,28,0
12,20,0
45,25,0
10,17,0
38,22,0
15,10,0
10,10,0
33,2,0
9,39,0
18,10,0
40,29,0
36,17,0
25,49,0
16,9,0
36,33,0
28,26,0
65,14,1
82,26,1
87,23,1
72,31,1
76,35,1
57,42,1
72,5,1
73,9,1
64,22,1
70,19,1
95,19,1
66,27,1
65,32,1
72,15,1
73,47,1
58,8,1
85,25,1
98,19,1
79,4,1
65,45,1
79,17,1
63,35,1
67,17,1
79,34,1
73,1,1
85,47,1
75,30,1
66,28,1
61,25,1
55,35,1
59,40,1
66,37,1
77,26,1
75,25,1
67,21,1
62,45,1
77,9,1
63,33,1
89,5,1
88,20,1
64,8,1
94,14,1
70,44,1
81,46,1
71,26,1
75,5,1
75,26,1
86,40,1
89,11,1
96,36,1
73,26,1
81,40,1
68,29,1
96,12,1
75,4,1
87,44,1
74,44,1
88,13,1
56,28,1
74,33,1
78,42,1
59,22,1
97,14,1
88,7,1
60,33,1
62,41,1
92,11,1
84,45,1
60,25,1
80,5,1
60,21,1
63,30,1
82,45,1
57,26,1
92,39,1
52,16,1
59,37,1
88,7,1
79,24,1
63,40,1
71,34,1
71,34,1
72,5,1
77,35,1
72,46,1
71,32,1
69,29,1
80,36,1
54,34,1
78,38,1
56,22,1
58,13,1
93,34,1
96,21,1
94,22,1
82,46,1
62,31,1
72,43,1
56,29,1
99,28,1
68,44,1
82,34,1
89,11,1
87,10,1
78,37,1
87,29,1
80,16,1
83,8,1
77,29,1
91,13,1
71,36,1
72,49,1
64,38,1
60,5,1
89,34,1
83,11,1
61,32,1
67,19,1
75,40,1
78,5,1
83,22,1
70,45,1
89,24,1
63,14,1
60,14,1
66,36,1
95,27,1
51,19,1
79,1,1
56,28,1
65,46,1
86,4,1
58,30,1
63,39,1
83,8,1
76,31,1
79,25,1
92,9,1
83,20,1
83,22,1
69,26,1
91,44,1
74,1,1
59,42,1
91,15,1
55,18,1
98,25,1
57,39,1
85,29,1
68,37,1
85,38,1
61,13,1
74,48,1
97,35,1
75,0,1
78,41,1
76,25,1
93,35,1
78,31,1
63,12,1
74,31,1
85,18,1
82,46,1
64,16,1
60,29,1
82,35,1
63,8,1
85,43,1
64,14,1
82,20,1
59,28,1
72,5,1
65,25,1
76,27,1
83,10,1
87,34,1
78,5,1
64,43,1
76,23,1
70,18,1
83,14,1
60,25,1
54,33,1
73,48,1
83,39,1
65,5,1
98,17,1
92,11,1
67,17,1
74,47,1
86,29,1
86,11,1
61,6,1
73,36,1
86,4,1
86,19,1
87,14,1
67,43,1
53,24,1
59,38,1
75,33,1
58,15,1
53,18,1
63,25,1
71,7,1
56,25,1
74,12,1
87,26,1
77,32,1
57,36,1
84,44,1
70,8,1
77,18,1
85,41,1
54,23,1
95,37,1
72,23,1
75,36,1
55,27,1
57,34,1
73,10,1
84,29,1
66,8,1
91,41,1
92,34,1
89,21,1
88,36,1
54,24,1
71,36,1
65,3,1
65,45,1
86,40,1
65,18,1
66,32,1
52,28,1
59,36,1
62,19,1
84,11,1
51,26,1
73,47,1
77,1,1
98,29,1
86,23,1
83,34,1
68,4,1
68,48,1
81,18,1
85,27,1
91,11,1
85,13,1
95,36,1
63,41,1
84,31,1
51,26,1
84,11,1
78,7,1
76,44,1
64,9,1
69,24,1
65,44,1
75,41,1
76,31,1
83,17,1
86,32,1
73,43,1
68,22,1
92,39,1
70,14,1
96,22,1
92,34,1
89,34,1
72,45,1
68,16,1
67,15,1
66,40,1
59,35,1
97,17,1
67,18,1
63,35,1
88,27,1
65,23,1
88,8,1
71,23,1
67,26,1
75,38,1
74,49,1
80,29,1
89,20,1
89,17,1
76,5,1
80,40,1
80,16,1
59,33,1
53,35,1
66,34,1
88,33,1
85,35,1
76,16,1
74,41,1
71,11,1
61,33,1
68,19,1
75,38,1
99,28,1
72,49,1
94,30,1
70,21,1
78,1,1
90,24,1
74,35,1
79,7,1
64,41,1
62,15,1
62,34,1
84,42,1
79,27,1
75,46,1
87,43,1
97,20,1
97,16,1
95,17,1
59,42,1
54,32,1
83,47,1
83,24,1
63,28,1
82,22,1
53,33,1
81,17,1
96,17,1
61,7,1
78,24,1
67,23,1
82,49,1
53,20,1
62,17,1
69,36,1
70,31,1
95,13,1
78,2,1
91,7,1
55,11,1
68,39,1
55,18,1
74,48,1
70,14,1
85,23,1
99,25,1
98,29,1
57,16,1
57,39,1
76,39,1
62,12,1
92,34,1
67,20,1
66,4,1
81,16,1
82,7,1
63,37,1
88,21,1
77,42,1
78,37,1
65,26,1
69,7,1
75,37,1
82,19,1
56,30,1
91,25,1
67,9,1
55,38,1
89,21,1
82,16,1
74,39,1
65,45,1
63,16,1
96,18,1
67,39,1
61,20,1
94,14,1
61,31,1
87,16,1
58,19,1
59,17,1
77,44,1
57,40,1
70,30,1
63,38,1
71,28,1
86,6,1
66,3,1
67,37,1
85,43,1
68,28,1
59,35,1
68,44,1
79,47,1
82,24,1
64,14,1
91,35,1
73,20,1
90,43,1
62,39,1
76,17,1
64,3,1
90,43,1
68,6,1
67,26,1
61,34,1
85,9,1
85,29,1
84,37,1
86,18,1
60,19,1
58,37,1
65,45,1
63,20,1
94,38,1
84,17,1
63,35,1
78,25,1
59,21,1
62,6,1
57,41,1
59,22,1
75,49,1
85,25,1
67,31,1
76,37,1
53,20,1
84,42,1
61,26,1
76,46,1
84,37,1
74,30,1
81,22,1
59,26,1
71,44,1
62,26,1
83,26,1
82,30,1
93,9,1
86,43,1
97,27,1
73,35,1
82,42,1
69,37,1
84,19,1
64,8,1
53,34,1
75,6,1
97,32,1
75,35,1
85,22,1
64,10,1
92,21,1
53,21,1
92,22,1
94,31,1
91,11,1
67,23,1
97,36,1
56,23,1
89,44,1
84,40,1
91,31,1
95,38,1
85,15,1
73,11,1
79,15,1
73,7,1
73,8,1
93,15,1
82,21,1
88,6,1
95,11,1
75,27,1
94,30,1
55,11,1
73,23,1
67,17,1
77,1,1
60,5,1
77,2,1
64,30,1
58,7,1
56,24,1
75,27,1
86,24,1
77,10,1
68,15,1
82,3,1
81,14,1
74,17,1
99,21,1
63,4,1
91,7,1
70,39,1
86,45,1
61,13,1
53,30,1
71,3,1
82,24,1
67,23,1
86,13,1
88,43,1
92,10,1
66,19,1
99,26,1
85,18,1
65,8,1
69,35,1
86,23,1
51,19,1
75,38,1
85,16,1
85,4,1
72,43,1
68,1,1
63,19,1
64,18,1
59,43,1
63,29,1
92,10,1
80,37,1
64,15,1
81,45,1
70,22,1
61,25,1
60,24,1
98,29,1
88,23,1
72,24,1
78,4,1
76,15,1
75,35,1
73,17,1
74,7,1
53,35,1
79,49,1
63,27,1
78,16,1
56,17,1
83,5,1
87,15,1
88,11,1
86,34,1
79,18,1
82,47,1
94,16,1
53,18,1
75,31,1
91,30,1
87,6,1
94,24,1
74,43,1
97,34,1
94,37,1
78,3,1
77,16,1
88,4,1
63,14,1
59,41,1
52,31,1
95,31,1
88,22,1
60,35,1
67,43,1
90,23,1
51,22,1
94,27,1
89,34,1
89,14,1
92,28,1
87,29,1
56,12,1
93,11,1
70,49,1
76,27,1
92,22,1
56,11,1
84,17,1
96,23,1
93,8,1
87,28,1
87,23,1
81,10,1
60,39,1
70,49,1
67,35,1
66,30,1
56,33,1
70,28,1
82,41,1
74,32,1
84,3,1
82,34,1
71,43,1
56,31,1
62,24,1
70,17,1
58,33,1
77,10,1
59,35,1
85,6,1
62,23,1
71,2,1
56,20,1
61,6,1
75,10,1
87,27,1
92,40,1
95,13,1
71,45,1
73,20,1
77,17,1
52,19,1
94,23,1
70,33,1
88,37,1
88,27,1
79,44,1
91,9,1
74,38,1
93,19,1
63,33,1
93,22,1
93,14,1
76,4,1
67,43,1
82,27,1
92,38,1
83,33,1
61,11,1
64,9,1
73,10,1
79,30,1
58,15,1
88,40,1
60,13,1
88,9,1
90,35,1
84,10,1
60,35,1
71,44,1
75,30,1
71,36,1
97,20,1
77,42,1
79,33,1
91,38,1
93,26,1
76,2,1
72,35,1
91,20,1
65,18,1
63,18,1
53,17,1
57,8,1
77,14,1
66,8,1
60,13,1
55,35,1
86,21,1
95,23,1
65,14,1
53,36,1
85,38,1
60,23,1
70,33,1
82,48,1
80,9,1
83,21,1
72,20,1
59,36,1
93,32,1
53,30,1
78,47,1
81,15,1
61,43,1
74,43,1
74,34,1
87,12,1
97,24,1
53,35,1
92,11,1
85,41,1
84,4,1
88,5,1
83,13,1
94,31,1
77,16,1
77,32,1
76,19,1
78,31,1
86,6,1
68,27,1
90,30,1
92,25,1
70,18,1
67,38,1
53,32,1
74,2,1
69,17,1
61,21,1
83,16,1
89,7,1
60,23,1
68,38,1
57,22,1
85,23,1
71,30,1
80,35,1
81,23,1
90,30,1
85,8,1
59,15,1
59,30,1
77,35,1
84,31,1
63,13,1
55,32,1
79,29,1
90,17,1
98,18,1
93,17,1
96,37,1
61,38,1
57,29,1
74,18,1
95,34,1
56,21,1
71,5,1
55,28,1
71,1,1
53,22,1
59,12,1
94,17,1
87,20,1
94,39,1
90,17,1
78,19,1
78,5,1
69,16,1
88,29,1
71,49,1
67,33,1
70,19,1
83,23,1
60,43,1
76,14,1
