45,23,0
28,24,0
29,10,0
29,40,0
27,15,0
2,19,0
33,39,0
16,8,0
26,31,0
34,24,0
3,34,0
22,47,0
24,33,0
15,20,0
29,4,0
23,32,0
14,26,0
10,11,0
42,26,0
25,18,0
14,42,0
15,10,0
6,12,0
8,12,0
15,25,0
22,41,0
6,41,0
34,15,0
39,29,0
13,45,0
12,7,0
1,25,0
13,45,0
41,33,0
25,6,0
29,4,0
45,18,0
13,39,0
14,41,0
33,35,0
43,31,0
2,24,0
30,38,0
11,31,0
27,37,0
30,4,0
36,24,0
8,22,0
23,30,0
18,13,0
25,8,0
6,23,0
10,8,0
8,7,0
28,41,0
41,10,0
14,37,0
14,46,0
43,19,0
16,48,0
18,32,0
18,46,0
19,15,0
30,19,0
30,30,0
22,17,0
45,37,0
38,38,0
20,2,0
25,44,0
10,14,0
6,40,0
39,33,0
13,27,0
26,34,0
12,21,0
28,40,0
3,22,0
22,43,0
27,11,0
13,28,0
21,41,0
35,9,0
38,16,0
22,33,0
29,43,0
46,32,0
6,35,0
11,21,0
3,18,0
18,41,0
34,5,0
18,32,0
3,30,0
25,26,0
43,13,0
32,30,0
47,20,0
44,34,0
28,35,0
24,15,0
7,14,0
4,25,0
21,18,0
4,33,0
29,25,0
28,37,0
19,28,0
39,33,0
15,30,0
16,20,0
43,41,0
36,25,0
31,15,0
18,40,0
30,19,0
8,33,0
38,40,0
32,4,0
16,4,0
7,37,0
19,32,0
19,46,0
41,38,0
34,26,0
37,32,0
27,37,0
33,34,0
22,27,0
9,41,0
41,18,0
19,40,0
31,19,0
28,41,0
26,48,0
22,14,0
16,29,0
30,14,0
38,5,0
4,36,0
46,32,0
15,14,0
23,45,0
35,12,0
2,23,0
14,40,0
38,7,0
5,16,0
24,17,0
39,8,0
27,4,0
46,16,0
7,30,0
15,3,0
41,22,0
26,17,0
6,15,0
34,48,0
44,15,0
36,22,0
2,30,0
31,21,0
24,28,0
16,32,0
20,35,0
46,16,0
28,5,0
38,41,0
29,30,0
20,16,0
7,39,0
25,12,0
29,39,0
46,29,0
30,8,0
34,19,0
31,20,0
1,30,0
25,28,0
4,29,0
31,48,0
33,38,0
35,9,0
32,20,0
40,31,0
12,6,0
1,21,0
11,20,0
13,27,0
33,19,0
19,24,0
43,38,0
45,10,0
14,23,0
21,47,0
19,31,0
11,16,0
15,20,0
29,34,0
7,12,0
22,30,0
18,33,0
3,26,0
15,36,0
14,9,0
19,8,0
30,46,0
23,38,0
48,30,0
42,35,0
36,39,0
40,16,0
47,27,0
34,16,0
30,8,0
30,11,0
26,43,0
27,48,0
35,33,0
35,32,0
32,30,0
33,44,0
24,26,0
24,47,0
21,19,0
46,18,0
21,10,0
41,22,0
25,11,0
17,38,0
24,44,0
37,21,0
3,25,0
43,15,0
11,37,0
41,20,0
22,25,0
34,9,0
29,30,0
33,40,0
30,22,0
17,28,0
25,39,0
34,12,0
34,12,0
3,19,0
8,33,0
13,42,0
33,13,0
6,16,0
76,34,1
52,16,1
66,41,1
61,44,1
93,35,1
67,43,1
65,16,1
79,11,1
91,29,1
56,22,1
78,11,1
62,27,1
97,24,1
76,4,1
80,33,1
73,47,1
71,13,1
94,20,1
72,48,1
91,14,1
85,17,1
71,2,1
78,34,1
53,34,1
87,43,1
59,25,1
85,7,1
65,10,1
69,40,1
52,29,1
80,48,1
69,18,1
68,7,1
92,13,1
81,14,1
61,34,1
76,22,1
70,12,1
89,41,1
61,7,1
77,3,1
91,28,1
59,34,1
76,42,1
72,18,1
79,12,1
75,14,1
67,34,1
53,23,1
95,39,1
63,35,1
90,26,1
71,3,1
91,19,1
61,42,1
69,3,1
90,28,1
61,27,1
80,29,1
63,37,1
97,26,1
99,23,1
87,45,1
68,29,1
54,15,1
77,11,1
60,14,1
66,13,1
85,11,1
80,49,1
77,23,1
75,43,1
73,44,1
86,18,1
68,25,1
79,3,1
82,3,1
83,6,1
97,14,1
66,15,1
67,19,1
62,31,1
82,20,1
78,49,1
89,25,1
64,25,1
71,13,1
71,5,1
59,14,1
65,38,1
67,33,1
68,35,1
93,15,1
91,32,1
77,28,1
74,45,1
64,44,1
61,32,1
75,28,1
61,32,1
80,27,1
66,28,1
75,32,1
66,4,1
75,32,1
53,29,1
63,14,1
72,22,1
52,20,1
61,41,1
93,25,1
57,40,1
62,45,1
79,31,1
78,21,1
79,12,1
93,13,1
82,14,1
76,42,1
68,44,1
94,24,1
66,17,1
69,25,1
61,36,1
59,26,1
73,38,1
61,29,1
75,36,1
77,29,1
94,16,1
65,23,1
64,42,1
90,27,1
75,0,1
70,19,1
52,18,1
70,33,1
79,19,1
54,29,1
68,4,1
76,36,1
80,1,1
83,6,1
88,21,1
66,2,1
73,19,1
64,6,1
76,45,1
62,8,1
85,39,1
95,15,1
81,45,1
75,5,1
94,19,1
54,13,1
97,27,1
93,10,1
89,32,1
70,44,1
60,25,1
89,11,1
61,43,1
75,5,1
76,45,1
57,21,1
67,43,1
73,26,1
96,20,1
60,30,1
89,8,1
90,14,1
64,3,1
97,31,1
96,38,1
89,18,1
78,30,1
64,18,1
72,24,1
74,48,1
74,12,1
90,26,1
58,34,1
84,40,1
56,34,1
88,13,1
63,33,1
90,37,1
92,11,1
75,18,1
75,22,1
57,14,1
66,38,1
92,14,1
81,1,1
76,8,1
52,18,1
67,21,1
83,3,1
71,18,1
95,32,1
52,25,1
90,39,1
70,48,1
58,17,1
66,6,1
79,17,1
85,34,1
62,14,1
77,9,1
56,10,1
66,24,1
99,31,1
71,40,1
82,29,1
71,12,1
84,29,1
71,42,1
91,43,1
93,23,1
79,45,1
94,32,1
69,9,1
87,44,1
73,22,1
58,7,1
90,6,1
86,5,1
95,23,1
83,14,1
61,10,1
74,43,1
72,47,1
77,6,1
81,32,1
54,20,1
69,34,1
99,28,1
61,43,1
56,27,1
88,7,1
62,38,1
64,22,1
55,37,1
82,5,1
55,40,1
87,16,1
82,14,1
64,17,1
63,24,1
55,10,1
72,33,1
75,22,1
68,14,1
84,48,1
60,34,1
73,35,1
97,26,1
64,27,1
72,7,1
84,25,1
59,21,1
71,23,1
80,24,1
82,30,1
78,44,1
68,5,1
84,43,1
77,45,1
62,13,1
93,9,1
61,41,1
93,10,1
75,31,1
84,10,1
64,4,1
96,37,1
72,29,1
78,38,1
56,31,1
58,39,1
61,12,1
94,22,1
84,9,1
95,39,1
66,27,1
55,10,1
52,30,1
89,7,1
81,25,1
67,38,1
88,36,1
93,27,1
66,23,1
95,25,1
65,27,1
72,1,1
56,9,1
57,35,1
84,2,1
59,9,1
75,21,1
91,44,1
73,9,1
86,6,1
52,32,1
59,9,1
54,20,1
77,4,1
77,8,1
82,21,1
66,3,1
59,16,1
72,5,1
86,44,1
78,1,1
61,19,1
93,37,1
80,15,1
59,9,1
77,9,1
85,35,1
90,16,1
94,20,1
92,36,1
69,10,1
73,10,1
86,4,1
77,8,1
95,35,1
55,12,1
66,47,1
63,24,1
96,16,1
79,44,1
85,36,1
84,36,1
78,42,1
80,43,1
82,23,1
84,38,1
83,17,1
75,13,1
80,8,1
66,40,1
71,22,1
63,15,1
75,41,1
69,43,1
90,9,1
92,21,1
78,21,1
71,13,1
88,40,1
88,8,1
73,47,1
66,20,1
71,44,1
77,20,1
76,25,1
92,40,1
92,10,1
78,35,1
51,32,1
71,21,1
67,4,1
70,40,1
95,19,1
87,45,1
53,14,1
87,9,1
86,14,1
72,14,1
67,42,1
63,44,1
53,23,1
85,37,1
77,17,1
90,42,1
83,12,1
67,34,1
94,35,1
98,20,1
59,43,1
66,17,1
71,4,1
67,29,1
76,2,1
55,25,1
72,44,1
81,34,1
85,28,1
66,25,1
82,12,1
65,34,1
52,33,1
73,16,1
63,36,1
65,6,1
93,28,1
77,40,1
72,47,1
75,39,1
83,23,1
69,29,1
68,35,1
97,19,1
93,32,1
57,42,1
66,41,1
72,2,1
81,22,1
80,30,1
84,9,1
72,33,1
86,31,1
56,15,1
99,24,1
70,27,1
53,31,1
81,18,1
92,20,1
72,38,1
67,37,1
73,3,1
82,14,1
62,43,1
98,26,1
64,36,1
63,5,1
63,12,1
93,12,1
54,36,1
63,40,1
70,40,1
79,36,1
59,8,1
80,6,1
86,34,1
87,28,1
97,26,1
65,5,1
94,15,1
58,41,1
53,29,1
80,12,1
83,6,1
97,30,1
74,39,1
75,29,1
57,28,1
97,21,1
60,10,1
54,14,1
77,26,1
84,2,1
78,6,1
58,30,1
80,21,1
88,7,1
55,10,1
65,8,1
80,25,1
64,24,1
72,1,1
91,31,1
60,41,1
72,28,1
82,7,1
63,39,1
78,44,1
91,41,1
69,32,1
71,30,1
58,22,1
56,36,1
75,1,1
58,24,1
94,19,1
78,1,1
80,10,1
56,13,1
70,4,1
61,6,1
91,25,1
72,3,1
92,24,1
63,38,1
76,10,1
75,5,1
95,32,1
82,27,1
78,28,1
52,17,1
69,22,1
83,16,1
64,21,1
91,9,1
85,3,1
87,31,1
52,32,1
82,5,1
63,26,1
64,40,1
88,31,1
69,22,1
74,31,1
61,32,1
71,22,1
87,43,1
77,2,1
72,25,1
83,37,1
96,22,1
68,17,1
66,26,1
88,4,1
94,12,1
88,9,1
79,19,1
60,24,1
88,25,1
88,5,1
99,31,1
87,37,1
70,13,1
75,4,1
92,38,1
73,46,1
85,3,1
86,28,1
56,19,1
53,34,1
79,29,1
87,8,1
71,2,1
81,26,1
75,4,1
60,23,1
86,10,1
52,21,1
91,41,1
91,8,1
86,34,1
70,2,1
51,31,1
67,48,1
88,31,1
68,7,1
92,33,1
85,28,1
79,27,1
81,38,1
90,29,1
78,17,1
85,41,1
75,10,1
97,29,1
77,33,1
73,8,1
74,5,1
84,36,1
91,30,1
71,34,1
57,33,1
55,33,1
88,28,1
66,3,1
96,23,1
65,8,1
55,31,1
93,19,1
72,43,1
68,8,1
58,26,1
63,4,1
64,14,1
56,18,1
82,49,1
99,29,1
91,15,1
74,11,1
85,25,1
66,33,1
53,17,1
97,29,1
86,34,1
67,40,1
62,17,1
79,36,1
81,22,1
63,38,1
65,38,1
93,10,1
74,26,1
98,16,1
78,10,1
70,30,1
79,13,1
58,29,1
64,29,1
82,34,1
92,20,1
58,20,1
75,10,1
69,18,1
68,48,1
66,33,1
84,41,1
61,32,1
88,42,1
76,12,1
67,36,1
70,16,1
69,17,1
88,46,1
63,41,1
67,22,1
76,11,1
67,43,1
94,39,1
67,20,1
66,26,1
79,22,1
83,17,1
58,24,1
96,37,1
63,36,1
76,41,1
58,21,1
67,43,1
55,22,1
61,24,1
62,11,1
89,19,1
54,17,1
89,25,1
87,4,1
95,33,1
80,23,1
57,23,1
92,23,1
67,38,1
76,11,1
59,39,1
69,25,1
78,40,1
72,1,1
57,17,1
96,27,1
58,25,1
55,10,1
97,15,1
73,20,1
70,20,1
62,10,1
67,26,1
83,11,1
81,29,1
67,36,1
97,18,1
85,7,1
60,45,1
70,49,1
71,45,1
70,23,1
84,9,1
67,46,1
71,43,1
62,10,1
75,6,1
54,37,1
54,19,1
72,33,1
68,48,1
81,5,1
88,10,1
57,26,1
75,47,1
56,20,1
63,14,1
57,24,1
58,13,1
67,8,1
55,40,1
86,13,1
70,25,1
90,6,1
62,43,1
63,31,1
64,36,1
66,28,1
70,36,1
83,41,1
64,46,1
66,32,1
60,36,1
64,38,1
72,2,1
71,41,1
61,19,1
61,9,1
68,9,1
75,16,1
76,25,1
60,11,1
71,10,1
94,26,1
71,37,1
96,24,1
77,27,1
62,29,1
52,28,1
73,22,1
58,24,1
84,37,1
96,18,1
62,30,1
75,17,1
86,12,1
55,24,1
92,33,1
66,6,1
89,31,1
79,2,1
79,49,1
95,22,1
68,35,1
75,40,1
67,20,1
71,15,1
94,15,1
83,24,1
88,18,1
87,31,1
67,14,1
85,40,1
79,22,1
65,28,1
74,42,1
61,38,1
68,22,1
60,39,1
90,25,1
76,17,1
72,20,1
60,8,1
64,7,1
59,36,1
76,13,1
80,47,1
