27,8,0
34,12,0
22,14,0
26,30,0
5,21,0
18,7,0
38,12,0
39,24,0
39,20,0
42,8,0
34,29,0
41,23,0
15,43,0
36,16,0
15,33,0
9,15,0
43,28,0
14,12,0
30,36,0
39,36,0
30,7,0
28,19,0
27,18,0
36,11,0
41,12,0
30,1,0
25,19,0
34,13,0
43,41,0
14,25,0
16,20,0
12,34,0
22,3,0
25,45,0
19,16,0
46,18,0
38,43,0
16,10,0
30,38,0
3,31,0
49,27,0
21,4,0
25,13,0
26,3,0
21,40,0
5,18,0
43,22,0
40,43,0
6,28,0
14,25,0
30,30,0
12,45,0
5,26,0
6,41,0
16,19,0
43,36,0
12,33,0
7,23,0
30,21,0
16,33,0
32,20,0
31,11,0
20,31,0
16,10,0
37,18,0
8,11,0
12,21,0
32,34,0
34,21,0
16,12,0
23,44,0
19,4,0
5,23,0
18,14,0
5,19,0
7,24,0
20,12,0
4,14,0
25,46,0
12,40,0
15,21,0
8,41,0
16,26,0
16,21,0
9,40,0
22,19,0
22,25,0
39,24,0
45,31,0
41,31,0
49,23,0
25,10,0
25,18,0
23,44,0
29,4,0
41,23,0
24,27,0
46,28,0
20,47,0
40,10,0
18,47,0
20,29,0
29,41,0
40,21,0
26,46,0
41,28,0
21,38,0
18,46,0
29,42,0
15,31,0
49,27,0
21,47,0
28,9,0
18,21,0
33,35,0
11,13,0
21,21,0
31,18,0
37,14,0
13,36,0
28,1,0
43,9,0
35,25,0
12,22,0
10,5,0
26,35,0
33,48,0
37,8,0
8,16,0
45,18,0
25,23,0
23,14,0
7,35,0
32,14,0
15,32,0
49,26,0
38,16,0
10,31,0
18,49,0
38,38,0
22,46,0
12,42,0
33,26,0
21,10,0
27,12,0
21,12,0
36,14,0
7,39,0
42,22,0
35,46,0
39,45,0
19,4,0
6,35,0
3,24,0
6,34,0
26,6,0
26,38,0
13,42,0
37,40,0
30,19,0
49,21,0
19,31,0
36,30,0
35,8,0
29,48,0
9,39,0
32,2,0
29,4,0
37,29,0
10,32,0
21,12,0
47,16,0
38,5,0
13,15,0
18,39,0
14,19,0
31,39,0
22,10,0
39,31,0
22,29,0
34,11,0
31,4,0
43,24,0
21,41,0
33,44,0
42,28,0
22,11,0
35,18,0
33,9,0
14,38,0
11,29,0
24,13,0
15,45,0
40,34,0
19,42,0
23,23,0
10,16,0
35,4,0
36,11,0
35,12,0
15,5,0
34,41,0
22,27,0
20,31,0
33,45,0
17,29,0
42,15,0
27,3,0
36,43,0
42,11,0
5,13,0
28,35,0
35,15,0
41,12,0
25,30,0
27,24,0
21,47,0
36,3,0
10,38,0
43,32,0
27,37,0
33,47,0
9,19,0
21,33,0
22,3,0
26,41,0
20,9,0
13,46,0
18,19,0
9,19,0
17,36,0
10,40,0
18,37,0
26,48,0
47,31,0
15,31,0
35,6,0
41,15,0
13,5,0
18,15,0
19,14,0
15,13,0
42,24,0
11,23,0
29,38,0
14,46,0
9,28,0
29,21,0
16,25,0
8,12,0
42,22,1
41,30,1
32,31,1
50,36,1
51,39,1
41,18,1
71,19,1
49,35,1
48,11,1
45,17,1
74,33,1
63,13,1
69,39,1
55,24,1
50,17,1
69,30,1
67,25,1
33,22,1
36,9,1
51,10,1
59,47,1
69,6,1
38,7,1
76,32,1
46,31,1
54,45,1
67,17,1
67,20,1
57,8,1
48,5,1
63,20,1
52,13,1
50,39,1
59,9,1
50,40,1
62,43,1
47,28,1
55,42,1
52,33,1
37,30,1
75,25,1
76,32,1
44,28,1
69,27,1
78,32,1
57,36,1
79,25,1
65,14,1
67,20,1
61,33,1
57,4,1
60,29,1
61,19,1
79,22,1
65,35,1
79,23,1
72,30,1
39,10,1
45,5,1
44,47,1
61,9,1
49,31,1
42,41,1
73,10,1
49,38,1
47,5,1
61,35,1
34,17,1
45,15,1
52,42,1
34,16,1
76,15,1
46,12,1
44,9,1
56,21,1
55,7,1
63,12,1
58,38,1
55,18,1
60,12,1
59,9,1
59,28,1
54,29,1
46,48,1
69,7,1
69,14,1
48,29,1
57,43,1
43,17,1
39,28,1
40,44,1
72,14,1
61,10,1
36,15,1
71,36,1
44,17,1
42,35,1
42,4,1
62,17,1
51,29,1
36,13,1
46,5,1
75,31,1
56,5,1
57,35,1
66,24,1
77,32,1
52,17,1
52,10,1
46,31,1
37,22,1
46,27,1
43,27,1
31,26,1
40,15,1
57,29,1
69,9,1
42,41,1
75,11,1
53,48,1
64,12,1
63,21,1
73,14,1
63,39,1
39,6,1
59,2,1
35,35,1
75,24,1
33,26,1
33,36,1
64,43,1
48,20,1
62,41,1
54,24,1
36,22,1
31,29,1
51,33,1
46,26,1
66,28,1
42,28,1
77,34,1
59,30,1
71,12,1
65,20,1
73,23,1
65,30,1
52,15,1
40,45,1
31,21,1
40,17,1
38,17,1
57,45,1
66,34,1
62,38,1
42,43,1
60,40,1
40,38,1
58,5,1
63,5,1
61,26,1
56,10,1
52,34,1
58,5,1
54,45,1
75,10,1
56,6,1
36,22,1
44,29,1
62,49,1
50,40,1
61,40,1
46,29,1
41,44,1
57,20,1
36,16,1
64,47,1
34,34,1
79,20,1
72,7,1
47,36,1
36,28,1
51,26,1
52,41,1
69,12,1
71,27,1
51,41,1
68,7,1
55,3,1
76,32,1
34,34,1
51,9,1
50,9,1
37,10,1
56,16,1
42,39,1
67,28,1
66,3,1
55,20,1
44,28,1
62,14,1
71,17,1
71,9,1
60,10,1
52,39,1
55,12,1
45,34,1
38,43,1
57,33,1
40,36,1
73,14,1
60,33,1
43,39,1
56,29,1
74,14,1
72,11,1
47,30,1
49,25,1
55,48,1
72,29,1
65,34,1
57,18,1
39,24,1
66,4,1
74,12,1
68,35,1
79,22,1
59,5,1
57,20,1
66,28,1
51,33,1
41,14,1
41,38,1
39,12,1
51,19,1
63,3,1
58,7,1
41,12,1
64,37,1
58,14,1
39,37,1
35,36,1
62,40,1
58,35,1
47,3,1
50,27,1
65,46,1
69,40,1
57,2,1
44,8,1
49,7,1
59,30,1
70,40,1
47,8,1
52,9,1
76,34,1
60,14,1
47,40,1
59,28,1
55,35,1
78,16,1
70,10,1
70,14,1
44,11,1
79,31,1
70,14,1
39,14,1
68,6,1
49,49,1
48,21,1
50,13,1
41,37,1
70,45,1
69,38,1
48,49,1
47,17,1
54,11,1
66,46,1
47,12,1
58,10,1
64,8,1
46,37,1
56,14,1
59,19,1
49,49,1
69,10,1
43,23,1
54,26,1
52,1,1
64,23,1
59,47,1
52,29,1
60,7,1
52,43,1
31,26,1
50,46,1
36,39,1
51,18,1
62,11,1
76,37,1
73,37,1
42,19,1
46,30,1
58,7,1
69,33,1
66,46,1
68,19,1
65,5,1
53,1,1
43,39,1
74,21,1
46,10,1
51,33,1
54,31,1
73,20,1
44,36,1
74,30,1
36,41,1
62,41,1
46,48,1
53,48,1
72,19,1
47,12,1
71,27,1
57,15,1
44,30,1
44,6,1
70,17,1
50,2,1
77,17,1
37,30,1
70,25,1
46,12,1
67,13,1
62,46,1
76,36,1
68,10,1
48,33,1
56,14,1
69,19,1
54,3,1
60,12,1
75,22,1
43,33,1
79,31,1
69,16,1
52,45,1
69,12,1
76,34,1
67,42,1
77,26,1
53,40,1
52,9,1
57,41,1
58,20,1
58,2,1
57,10,1
68,39,1
47,38,1
40,20,1
57,29,1
65,24,1
68,14,1
59,8,1
67,28,1
57,14,1
47,31,1
68,40,1
63,42,1
34,27,1
70,39,1
55,31,1
39,24,1
74,18,1
39,34,1
79,23,1
58,13,1
57,20,1
58,43,1
66,39,1
62,26,1
65,29,1
65,9,1
43,33,1
43,33,1
51,46,1
68,12,1
53,37,1
43,36,1
54,14,1
31,32,1
61,39,1
73,27,1
39,38,1
58,25,1
67,39,1
55,7,1
56,6,1
66,11,1
41,38,1
60,24,1
64,39,1
40,25,1
54,44,1
62,33,1
59,14,1
61,44,1
70,44,1
58,12,1
53,12,1
62,7,1
39,8,1
43,21,1
47,27,1
76,21,1
62,1,1
75,36,1
54,3,1
63,31,1
41,41,1
69,42,1
70,7,1
54,10,1
69,27,1
35,21,1
66,11,1
46,16,1
56,9,1
45,10,1
58,18,1
40,20,1
61,38,1
45,45,1
72,10,1
44,22,1
53,22,1
76,35,1
71,31,1
66,20,1
65,10,1
41,31,1
51,47,1
69,40,1
46,20,1
62,21,1
40,6,1
42,25,1
66,6,1
78,25,1
60,13,1
59,36,1
51,33,1
61,45,1
51,45,1
38,34,1
77,17,1
41,39,1
38,15,1
61,29,1
66,24,1
55,31,1
46,45,1
70,7,1
72,12,1
54,28,1
60,39,1
55,38,1
40,42,1
58,15,1
41,36,1
47,37,1
43,10,1
34,38,1
54,19,1
68,15,1
58,8,1
63,8,1
38,42,1
54,6,1
42,43,1
51,15,1
60,27,1
75,33,1
62,21,1
39,29,1
66,34,1
51,21,1
37,24,1
58,31,1
42,39,1
56,49,1
77,17,1
53,36,1
34,21,1
47,46,1
52,30,1
51,32,1
64,30,1
38,42,1
61,39,1
48,1,1
48,6,1
47,20,1
61,4,1
67,17,1
72,35,1
55,13,1
49,39,1
69,11,1
77,33,1
43,33,1
53,37,1
47,39,1
57,48,1
69,14,1
44,29,1
69,34,1
67,4,1
56,21,1
31,22,1
34,21,1
60,5,1
61,45,1
67,26,1
60,17,1
73,9,1
47,12,1
74,18,1
47,44,1
77,36,1
62,44,1
66,46,1
58,18,1
41,13,1
57,10,1
52,24,1
41,38,1
64,46,1
45,36,1
73,28,1
59,40,1
36,27,1
54,17,1
58,36,1
49,25,1
77,16,1
45,8,1
40,6,1
59,43,1
58,46,1
63,46,1
51,15,1
36,37,1
63,2,1
40,15,1
42,36,1
77,27,1
40,13,1
77,16,1
60,42,1
61,2,1
71,36,1
63,2,1
67,18,1
69,17,1
48,21,1
46,31,1
77,18,1
43,29,1
57,46,1
67,30,1
34,34,1
67,13,1
62,47,1
39,41,1
47,23,1
70,7,1
35,22,1
53,7,1
43,8,1
74,15,1
49,27,1
60,39,1
73,15,1
46,44,1
39,33,1
49,20,1
58,1,1
55,8,1
45,8,1
45,16,1
60,32,1
67,42,1
62,23,1
41,7,1
36,18,1
62,40,1
56,17,1
60,29,1
49,32,1
71,16,1
73,26,1
71,16,1
77,32,1
39,25,1
73,21,1
48,43,1
75,28,1
46,22,1
36,17,1
59,44,1
51,29,1
79,28,1
59,38,1
44,22,1
67,37,1
66,27,1
70,42,1
67,15,1
41,15,1
34,32,1
44,27,1
40,17,1
46,47,1
47,14,1
46,20,1
37,41,1
49,10,1
67,25,1
69,31,1
42,38,1
43,26,1
72,14,1
66,5,1
42,13,1
67,12,1
73,40,1
31,23,1
71,44,1
59,12,1
63,33,1
43,7,1
66,36,1
62,42,1
76,21,1
61,7,1
62,20,1
41,32,1
79,29,1
48,7,1
47,5,1
55,5,1
37,13,1
72,39,1
68,11,1
41,7,1
46,32,1
64,26,1
47,2,1
50,31,1
38,8,1
65,23,1
55,6,1
53,46,1
66,27,1
49,12,1
52,1,1
52,48,1
68,19,1
38,8,1
52,16,1
59,44,1
61,25,1
56,33,1
43,12,1
53,41,1
70,26,1
75,17,1
57,10,1
74,23,1
44,47,1
60,46,1
47,25,1
66,4,1
36,26,1
56,22,1
55,35,1
39,6,1
35,26,1
37,39,1
67,37,1
61,40,1
65,47,1
42,46,1
38,29,1
38,22,1
56,40,1
67,6,1
40,40,1
58,8,1
50,32,1
41,35,1
46,26,1
61,5,1
68,37,1
48,36,1
46,20,1
67,25,1
75,24,1
50,25,1
39,29,1
61,11,1
59,34,1
70,36,1
31,30,1
37,13,1
49,32,1
41,45,1
52,25,1
45,40,1
42,8,1
46,28,1
63,20,1
57,36,1
57,38,1
63,8,1
42,18,1
74,30,1
65,28,1
60,46,1
72,17,1
50,22,1
75,22,1
50,49,1
73,22,1
31,22,1
50,4,1
74,35,1
62,26,1
78,34,1
61,44,1
36,14,1
42,34,1
67,12,1
69,30,1
69,39,1
46,34,1
46,19,1
61,8,1
61,18,1
72,27,1
