45,29,0
26,20,0
17,6,0
3,25,0
20,27,0
22,28,0
13,13,0
21,19,0
35,16,0
34,2,0
16,16,0
12,26,0
36,39,0
42,9,0
41,36,0
24,9,0
9,36,0
20,26,0
39,31,0
23,12,0
1,26,0
24,35,0
33,40,0
32,32,0
13,39,0
24,20,0
17,18,0
2,28,0
38,11,0
25,15,0
18,2,0
21,21,0
21,1,0
19,8,0
28,32,0
28,46,0
44,32,0
21,34,0
43,17,0
15,46,0
8,31,0
19,33,0
34,28,0
40,8,0
7,11,0
13,26,0
43,14,0
39,29,0
14,6,0
18,44,0
13,13,0
17,39,0
22,19,0
27,4,0
39,26,0
21,28,0
29,40,0
23,29,0
21,26,0
47,22,0
19,8,0
11,32,0
38,16,0
40,5,0
6,33,0
40,29,0
19,25,0
27,15,0
35,13,0
13,11,0
31,4,0
19,22,0
30,35,0
49,29,0
16,33,0
18,33,0
15,28,0
23,23,0
27,25,0
37,11,0
22,26,0
11,36,0
29,23,0
34,3,0
29,26,0
12,15,0
21,19,0
27,35,0
31,37,0
40,25,0
31,6,0
21,27,0
29,25,0
10,33,0
18,20,0
16,32,0
35,7,0
48,24,0
16,42,0
28,39,0
37,41,0
37,8,0
10,39,0
27,45,0
31,15,0
45,25,0
43,35,0
5,24,0
37,9,0
42,27,0
13,22,0
25,32,0
30,27,0
25,33,0
42,32,0
31,38,0
27,32,0
28,27,0
10,17,0
17,36,0
39,15,0
42,12,0
36,26,0
21,44,0
34,45,0
38,15,0
18,33,0
45,16,0
20,41,0
31,19,0
20,12,0
18,35,0
37,11,0
6,31,0
14,19,0
28,24,0
11,11,0
29,3,0
41,22,0
39,14,0
33,33,0
18,39,0
29,14,0
40,26,0
18,27,0
48,31,0
38,23,0
30,16,0
38,22,0
22,10,0
40,20,0
26,27,0
19,26,0
29,49,0
10,35,0
11,35,0
32,41,0
20,24,0
37,24,0
37,37,0
39,22,0
37,42,0
10,33,0
22,17,0
14,24,0
11,40,0
15,32,0
11,9,0
30,41,0
25,2,0
27,4,0
13,9,0
45,18,0
15,19,0
21,35,0
27,23,0
30,5,0
29,39,0
9,43,0
32,26,0
25,50,0
29,41,0
8,11,0
24,48,0
10,5,0
38,27,0
3,14,0
46,20,0
14,14,0
35,32,0
15,43,0
24,34,0
9,19,0
44,9,0
12,31,0
43,21,0
41,15,0
7,42,0
31,48,0
38,17,0
36,7,0
24,20,0
24,13,0
7,8,0
39,6,0
18,23,0
33,48,0
45,20,0
12,9,0
18,38,0
29,21,0
21,3,0
8,25,0
14,36,0
16,20,0
27,48,0
44,10,0
11,9,0
47,35,0
41,26,0
11,38,0
6,12,0
6,14,0
28,6,0
20,5,0
18,13,0
27,12,0
25,24,0
29,29,0
34,6,0
21,19,0
22,12,0
23,38,0
45,22,0
35,33,0
11,24,0
19,28,0
40,44,0
39,22,0
19,10,0
39,31,0
36,35,0
34,36,0
13,12,0
19,43,0
39,26,0
38,41,0
12,39,0
47,32,0
27,43,0
67,21,1
59,48,1
72,27,1
68,35,1
68,28,1
43,44,1
63,19,1
69,31,1
58,11,1
38,39,1
54,3,1
60,38,1
73,16,1
64,39,1
61,3,1
40,35,1
35,37,1
75,39,1
54,20,1
48,34,1
41,45,1
44,18,1
60,29,1
63,41,1
48,26,1
52,10,1
65,42,1
59,38,1
69,7,1
70,23,1
76,17,1
39,34,1
71,43,1
46,7,1
56,37,1
38,25,1
72,18,1
52,12,1
68,39,1
47,29,1
65,26,1
61,16,1
37,42,1
42,15,1
68,13,1
47,11,1
51,33,1
38,12,1
55,4,1
46,28,1
45,22,1
72,29,1
67,21,1
61,17,1
42,35,1
56,26,1
74,20,1
49,44,1
62,35,1
60,25,1
55,45,1
44,44,1
67,36,1
43,35,1
74,40,1
58,23,1
42,24,1
55,16,1
57,43,1
43,16,1
59,45,1
55,1,1
53,7,1
75,28,1
50,18,1
74,34,1
52,42,1
69,34,1
33,14,1
43,34,1
57,47,1
33,23,1
77,31,1
50,47,1
35,40,1
53,12,1
71,36,1
64,10,1
60,47,1
74,38,1
74,30,1
78,29,1
63,30,1
42,11,1
47,39,1
60,21,1
44,11,1
61,45,1
45,29,1
37,36,1
56,33,1
47,12,1
69,32,1
45,16,1
68,32,1
36,15,1
71,39,1
51,9,1
79,31,1
56,20,1
40,10,1
47,27,1
45,23,1
64,34,1
65,33,1
67,4,1
78,31,1
37,16,1
38,10,1
34,37,1
62,40,1
62,23,1
50,1,1
48,45,1
65,44,1
35,29,1
38,7,1
71,34,1
56,11,1
51,18,1
58,29,1
61,39,1
55,18,1
45,23,1
64,38,1
53,48,1
46,46,1
31,20,1
47,37,1
37,13,1
40,18,1
73,42,1
73,14,1
66,15,1
56,26,1
60,30,1
61,4,1
68,25,1
54,48,1
51,17,1
51,18,1
53,22,1
46,48,1
52,27,1
76,18,1
40,36,1
65,8,1
48,26,1
60,15,1
65,33,1
54,41,1
37,18,1
36,40,1
42,22,1
62,32,1
67,32,1
33,35,1
60,44,1
63,23,1
35,34,1
67,20,1
63,12,1
54,9,1
47,22,1
47,27,1
55,15,1
57,32,1
59,5,1
69,21,1
60,23,1
48,42,1
74,30,1
75,11,1
53,46,1
69,6,1
42,6,1
37,39,1
47,33,1
41,9,1
38,9,1
34,20,1
59,45,1
43,12,1
58,3,1
56,22,1
64,22,1
49,20,1
66,10,1
74,11,1
77,29,1
39,8,1
63,44,1
48,8,1
65,37,1
58,45,1
71,16,1
68,43,1
57,20,1
41,12,1
32,30,1
67,22,1
45,3,1
54,13,1
66,39,1
46,20,1
57,6,1
58,44,1
56,45,1
39,13,1
67,35,1
37,9,1
43,38,1
72,31,1
38,10,1
61,23,1
58,15,1
42,37,1
56,3,1
58,42,1
55,8,1
60,32,1
50,46,1
56,1,1
67,18,1
50,14,1
59,24,1
66,39,1
72,9,1
53,27,1
46,10,1
79,26,1
49,15,1
75,15,1
54,5,1
71,16,1
34,22,1
55,27,1
42,9,1
68,20,1
54,42,1
61,5,1
56,8,1
69,6,1
63,33,1
74,22,1
69,41,1
41,6,1
69,13,1
41,39,1
46,27,1
66,37,1
38,9,1
43,5,1
51,6,1
43,42,1
66,5,1
63,32,1
62,10,1
47,30,1
56,31,1
37,22,1
55,44,1
63,20,1
60,36,1
76,28,1
43,7,1
50,5,1
78,28,1
40,15,1
51,13,1
64,8,1
34,32,1
33,32,1
61,32,1
48,31,1
61,28,1
74,25,1
42,11,1
74,15,1
47,45,1
42,8,1
66,45,1
57,28,1
72,40,1
49,39,1
52,33,1
54,14,1
34,32,1
48,47,1
46,45,1
32,18,1
52,41,1
55,11,1
54,33,1
34,22,1
47,4,1
71,29,1
46,41,1
39,43,1
76,36,1
50,9,1
63,34,1
38,37,1
49,46,1
55,14,1
65,3,1
77,19,1
42,10,1
60,21,1
44,14,1
39,6,1
79,26,1
35,12,1
57,28,1
38,38,1
63,45,1
76,29,1
55,48,1
48,15,1
49,33,1
42,22,1
33,18,1
53,2,1
53,5,1
72,24,1
47,31,1
51,42,1
61,22,1
70,29,1
46,37,1
40,14,1
73,24,1
30,25,1
51,23,1
56,24,1
68,5,1
60,45,1
77,36,1
67,19,1
52,22,1
63,7,1
47,20,1
59,10,1
64,35,1
51,16,1
44,28,1
66,3,1
61,2,1
41,35,1
60,46,1
43,39,1
72,43,1
45,6,1
65,25,1
39,23,1
50,3,1
44,25,1
73,33,1
51,12,1
70,25,1
59,41,1
39,34,1
74,39,1
69,34,1
50,4,1
71,25,1
43,12,1
73,9,1
59,38,1
72,35,1
38,38,1
66,20,1
67,46,1
76,15,1
79,31,1
51,21,1
36,35,1
58,43,1
49,20,1
56,36,1
73,21,1
39,30,1
64,33,1
66,16,1
34,17,1
55,5,1
34,14,1
39,25,1
58,20,1
63,34,1
71,17,1
75,14,1
71,43,1
37,28,1
54,25,1
75,39,1
48,24,1
37,12,1
74,20,1
79,20,1
71,30,1
38,11,1
31,22,1
51,14,1
43,44,1
48,31,1
40,29,1
61,26,1
44,46,1
38,22,1
73,25,1
46,46,1
55,18,1
39,23,1
37,26,1
31,23,1
41,29,1
37,18,1
67,15,1
50,39,1
42,21,1
56,36,1
69,25,1
52,24,1
45,17,1
42,42,1
78,30,1
73,19,1
56,2,1
51,37,1
58,12,1
58,36,1
42,43,1
58,24,1
36,18,1
65,31,1
50,11,1
58,47,1
58,46,1
71,29,1
62,8,1
56,43,1
52,1,1
69,17,1
46,23,1
53,49,1
65,12,1
48,28,1
69,12,1
63,42,1
75,28,1
63,22,1
74,40,1
51,21,1
62,9,1
75,36,1
70,38,1
40,8,1
67,22,1
59,39,1
74,35,1
49,20,1
49,49,1
43,23,1
56,33,1
52,41,1
68,25,1
70,40,1
65,20,1
50,9,1
46,34,1
38,10,1
49,37,1
64,37,1
59,40,1
58,29,1
68,36,1
55,28,1
59,9,1
57,9,1
67,23,1
46,27,1
51,30,1
52,20,1
55,24,1
58,24,1
77,22,1
64,41,1
67,39,1
39,16,1
60,30,1
62,6,1
35,14,1
50,34,1
68,23,1
77,31,1
70,25,1
38,32,1
47,11,1
31,22,1
37,31,1
40,32,1
71,36,1
46,5,1
36,27,1
50,9,1
51,42,1
76,14,1
57,1,1
51,6,1
54,43,1
52,12,1
34,32,1
72,21,1
53,8,1
67,5,1
58,32,1
71,20,1
33,22,1
51,41,1
67,7,1
71,18,1
37,22,1
71,6,1
69,31,1
38,29,1
69,24,1
44,4,1
73,31,1
70,45,1
52,37,1
74,34,1
59,20,1
65,36,1
39,43,1
68,44,1
43,40,1
42,36,1
51,11,1
68,24,1
66,19,1
49,18,1
63,2,1
69,30,1
54,27,1
77,30,1
67,36,1
66,23,1
59,38,1
50,5,1
61,13,1
76,19,1
74,27,1
44,26,1
63,40,1
41,15,1
50,36,1
48,44,1
66,36,1
45,14,1
70,13,1
56,19,1
46,47,1
33,16,1
50,23,1
67,8,1
55,1,1
66,13,1
78,34,1
64,10,1
49,16,1
63,19,1
37,11,1
50,27,1
44,32,1
58,28,1
37,30,1
65,46,1
53,20,1
74,12,1
55,10,1
54,44,1
66,39,1
61,28,1
44,32,1
59,24,1
56,41,1
77,27,1
65,27,1
44,17,1
59,9,1
48,2,1
68,43,1
53,36,1
45,6,1
54,9,1
46,2,1
55,10,1
73,15,1
52,15,1
63,45,1
73,41,1
60,3,1
44,46,1
60,15,1
49,46,1
70,26,1
37,19,1
51,5,1
42,33,1
55,41,1
62,33,1
64,31,1
68,46,1
40,40,1
41,39,1
71,29,1
64,47,1
40,41,1
47,43,1
67,36,1
74,36,1
64,43,1
36,17,1
49,6,1
43,6,1
54,25,1
52,6,1
68,26,1
66,8,1
70,13,1
52,15,1
40,26,1
55,25,1
67,27,1
68,44,1
50,11,1
39,6,1
56,29,1
37,14,1
67,18,1
52,6,1
59,33,1
48,18,1
76,17,1
65,18,1
38,38,1
63,20,1
42,19,1
46,22,1
38,41,1
65,33,1
31,18,1
58,39,1
69,9,1
47,33,1
71,14,1
68,5,1
56,16,1
41,25,1
59,14,1
65,46,1
66,6,1
75,18,1
68,8,1
30,25,1
64,28,1
58,15,1
49,6,1
44,43,1
74,16,1
73,28,1
60,2,1
76,32,1
53,32,1
34,13,1
70,43,1
75,17,1
50,9,1
65,35,1
55,17,1
60,28,1
43,37,1
45,44,1
53,20,1
40,25,1
50,43,1
61,47,1
42,25,1
47,14,1
52,1,1
63,20,1
73,40,1
56,12,1
49,46,1
49,33,1
34,36,1
56,2,1
53,26,1
42,37,1
42,45,1
59,34,1
59,7,1
40,19,1
57,5,1
66,44,1
61,39,1
69,27,1
45,21,1
64,36,1
33,33,1
65,32,1
52,13,1
39,30,1
60,18,1
37,32,1
54,28,1
45,12,1
62,40,1
55,34,1
44,19,1
31,22,1
53,46,1
61,8,1
48,21,1
33,20,1
61,5,1
59,37,1
57,7,1
66,6,1
62,38,1
51,7,1
44,40,1
52,28,1
33,25,1
66,36,1
33,27,1
75,23,1
64,38,1
64,17,1
