14,20,0
21,42,0
39,38,0
4,34,0
11,35,0
39,20,0
33,44,0
6,37,0
27,31,0
39,8,0
29,39,0
28,25,0
12,5,0
46,16,0
39,20,0
24,5,0
26,44,0
18,11,0
42,29,0
37,12,0
1,32,0
24,34,0
24,26,0
34,23,0
33,11,0
26,6,0
31,5,0
30,7,0
19,24,0
28,44,0
16,28,0
36,23,0
39,26,0
48,29,0
6,31,0
39,23,0
42,30,0
39,37,0
32,14,0
32,19,0
28,42,0
36,17,0
14,10,0
25,25,0
13,46,0
33,27,0
37,44,0
31,33,0
36,16,0
27,46,0
48,16,0
46,25,0
26,44,0
36,38,0
32,14,0
36,25,0
38,35,0
15,47,0
32,1,0
43,25,0
29,8,0
20,33,0
19,6,0
7,39,0
24,35,0
39,27,0
38,6,0
21,43,0
19,33,0
33,18,0
29,9,0
11,14,0
25,29,0
9,14,0
35,13,0
8,19,0
5,16,0
5,25,0
27,6,0
6,37,0
31,19,0
42,42,0
15,29,0
29,35,0
2,24,0
35,23,0
40,24,0
16,5,0
32,25,0
47,21,0
19,40,0
34,21,0
36,23,0
12,9,0
16,48,0
47,24,0
23,34,0
44,37,0
10,22,0
40,38,0
18,1,0
11,39,0
41,14,0
13,41,0
45,13,0
7,9,0
25,22,0
26,19,0
24,30,0
39,25,0
4,15,0
30,32,0
17,10,0
46,32,0
27,22,0
8,11,0
29,37,0
33,42,0
19,1,0
28,15,0
34,2,0
34,27,0
38,9,0
30,18,0
15,9,0
42,41,0
8,34,0
23,24,0
35,20,0
21,1,0
26,6,0
39,14,0
23,20,0
33,30,0
38,22,0
31,26,0
21,35,0
18,17,0
29,6,0
38,40,0
17,18,0
22,6,0
25,44,0
24,6,0
18,33,0
23,23,0
37,40,0
18,38,0
32,11,0
26,2,0
15,31,0
32,36,0
7,23,0
40,32,0
38,13,0
24,46,0
14,29,0
21,7,0
27,33,0
35,4,0
42,38,0
26,39,0
32,7,0
7,21,0
31,47,0
1,30,0
18,45,0
2,26,0
28,44,0
29,29,0
5,19,0
44,15,0
15,43,0
32,21,0
30,17,0
34,20,0
2,25,0
9,22,0
31,4,0
42,16,0
16,9,0
19,13,0
30,39,0
16,45,0
13,24,0
46,13,0
28,31,0
43,10,0
33,22,0
20,26,0
18,11,0
34,8,0
29,40,0
17,33,0
3,14,0
31,29,0
32,37,0
36,18,0
6,40,0
24,11,0
40,6,0
6,10,0
18,1,0
22,15,0
36,45,0
12,12,0
22,21,0
2,29,0
2,26,0
21,13,0
39,42,0
34,37,0
30,42,0
30,2,0
23,47,0
3,33,0
40,43,0
20,49,0
39,43,0
30,28,0
0,25,0
35,45,0
25,5,0
45,15,0
7,11,0
32,33,0
3,22,0
49,30,0
30,8,0
36,5,0
2,24,0
44,30,0
25,30,0
28,33,0
45,10,0
43,41,0
28,41,0
49,22,0
10,12,0
17,24,0
25,19,0
18,1,0
9,7,0
15,42,0
6,30,0
10,45,0
25,46,0
35,14,0
15,23,0
23,35,0
54,33,1
57,30,1
60,30,1
68,27,1
55,45,1
58,4,1
51,46,1
50,26,1
62,17,1
48,43,1
67,25,1
24,33,1
65,25,1
24,33,1
26,24,1
30,16,1
64,12,1
27,24,1
53,22,1
49,48,1
28,38,1
49,30,1
34,47,1
51,19,1
43,4,1
26,26,1
49,26,1
45,32,1
36,25,1
50,28,1
25,37,1
55,17,1
23,24,1
23,27,1
34,24,1
54,4,1
54,23,1
52,48,1
47,36,1
34,22,1
43,8,1
39,13,1
30,12,1
44,42,1
32,32,1
33,42,1
40,5,1
30,35,1
24,19,1
40,40,1
39,17,1
41,3,1
56,36,1
50,26,1
47,47,1
60,23,1
54,27,1
48,33,1
35,45,1
67,24,1
50,45,1
36,17,1
37,38,1
21,21,1
51,1,1
28,12,1
25,20,1
60,5,1
44,27,1
42,6,1
60,12,1
31,28,1
65,17,1
60,27,1
27,15,1
38,47,1
57,4,1
68,27,1
33,9,1
52,43,1
30,35,1
52,8,1
54,25,1
49,21,1
66,38,1
59,23,1
25,24,1
44,20,1
59,41,1
41,20,1
46,36,1
53,8,1
38,37,1
46,41,1
59,29,1
49,10,1
36,5,1
68,17,1
23,24,1
37,24,1
63,40,1
48,31,1
59,36,1
38,29,1
38,49,1
46,4,1
37,26,1
35,42,1
63,13,1
56,20,1
54,10,1
52,43,1
49,3,1
30,15,1
46,30,1
33,37,1
70,25,1
25,29,1
51,31,1
29,30,1
59,41,1
31,9,1
38,34,1
30,30,1
42,10,1
58,23,1
50,7,1
31,40,1
30,28,1
27,28,1
59,10,1
59,22,1
52,8,1
38,12,1
36,43,1
48,28,1
42,3,1
56,26,1
31,30,1
41,24,1
31,39,1
35,29,1
42,5,1
44,9,1
22,20,1
53,42,1
40,15,1
40,25,1
32,25,1
66,18,1
43,8,1
61,14,1
43,30,1
36,35,1
43,10,1
38,25,1
49,19,1
49,41,1
31,43,1
42,38,1
64,18,1
63,17,1
65,15,1
59,45,1
43,42,1
51,39,1
37,28,1
38,29,1
30,33,1
38,22,1
49,38,1
48,44,1
43,31,1
35,41,1
42,12,1
46,40,1
30,21,1
40,27,1
44,47,1
51,37,1
39,12,1
24,21,1
26,14,1
37,29,1
45,28,1
60,45,1
51,18,1
47,46,1
44,44,1
29,35,1
34,19,1
58,16,1
45,23,1
57,16,1
42,24,1
52,9,1
55,19,1
42,3,1
59,39,1
50,46,1
47,25,1
53,25,1
52,21,1
41,26,1
25,12,1
44,12,1
38,47,1
32,45,1
55,36,1
31,25,1
47,38,1
26,37,1
57,8,1
41,11,1
56,11,1
45,37,1
45,33,1
36,5,1
62,32,1
57,43,1
44,2,1
25,40,1
49,30,1
61,15,1
52,9,1
26,18,1
49,46,1
41,34,1
38,4,1
43,41,1
53,6,1
38,23,1
35,3,1
46,9,1
43,32,1
58,36,1
27,10,1
49,26,1
54,42,1
46,16,1
66,28,1
45,19,1
40,37,1
60,6,1
66,25,1
45,7,1
20,25,1
35,47,1
60,23,1
61,38,1
46,1,1
43,39,1
62,21,1
56,39,1
29,25,1
48,31,1
37,22,1
55,43,1
44,2,1
53,35,1
29,15,1
52,13,1
41,43,1
41,26,1
57,17,1
44,35,1
65,18,1
66,32,1
31,37,1
23,25,1
58,13,1
33,19,1
49,4,1
40,1,1
64,22,1
39,27,1
35,34,1
35,30,1
49,41,1
39,19,1
24,34,1
53,37,1
58,31,1
60,38,1
50,32,1
29,30,1
49,14,1
46,37,1
33,31,1
32,40,1
61,42,1
50,24,1
39,12,1
43,5,1
67,25,1
37,10,1
50,10,1
30,8,1
52,38,1
25,17,1
52,28,1
23,27,1
30,37,1
50,3,1
47,43,1
54,38,1
34,16,1
46,18,1
37,18,1
43,33,1
31,35,1
31,13,1
34,41,1
65,39,1
62,32,1
32,8,1
59,21,1
62,43,1
34,19,1
52,27,1
44,42,1
44,24,1
42,40,1
32,16,1
54,47,1
46,30,1
38,28,1
31,32,1
53,42,1
30,14,1
26,29,1
38,5,1
55,20,1
49,28,1
35,32,1
50,18,1
46,39,1
52,17,1
62,35,1
30,37,1
31,34,1
45,31,1
49,37,1
28,21,1
31,35,1
56,10,1
42,46,1
68,22,1
47,15,1
59,18,1
53,36,1
41,16,1
48,38,1
34,3,1
54,44,1
55,10,1
62,34,1
49,21,1
65,39,1
37,30,1
57,40,1
26,13,1
55,11,1
68,27,1
49,37,1
59,25,1
43,39,1
37,34,1
30,37,1
53,46,1
46,45,1
30,45,1
63,33,1
41,1,1
50,17,1
33,19,1
47,44,1
47,46,1
31,29,1
60,25,1
63,37,1
56,24,1
50,38,1
34,25,1
56,42,1
30,11,1
56,18,1
57,15,1
63,27,1
40,22,1
39,5,1
42,5,1
66,19,1
46,31,1
36,6,1
62,11,1
37,10,1
31,21,1
48,18,1
48,40,1
58,24,1
59,26,1
41,47,1
41,37,1
34,24,1
54,31,1
30,34,1
22,30,1
59,27,1
23,14,1
38,2,1
61,34,1
29,29,1
53,7,1
50,1,1
65,17,1
39,5,1
49,35,1
30,44,1
35,3,1
27,30,1
28,11,1
52,2,1
61,23,1
63,36,1
62,13,1
27,30,1
40,20,1
50,11,1
30,10,1
53,2,1
56,12,1
31,44,1
38,14,1
31,25,1
35,36,1
61,29,1
34,10,1
27,27,1
30,19,1
25,22,1
54,39,1
51,29,1
23,33,1
49,17,1
26,18,1
46,15,1
57,33,1
64,40,1
53,10,1
55,33,1
46,3,1
41,33,1
32,39,1
43,2,1
51,1,1
40,18,1
47,11,1
47,42,1
57,29,1
36,36,1
38,13,1
45,39,1
53,47,1
36,23,1
63,11,1
35,31,1
55,45,1
45,20,1
57,23,1
55,4,1
37,26,1
68,31,1
67,33,1
39,30,1
43,4,1
53,39,1
36,11,1
28,28,1
43,47,1
45,9,1
30,6,1
47,23,1
23,36,1
40,12,1
61,36,1
50,22,1
65,39,1
33,7,1
38,33,1
24,36,1
41,44,1
57,9,1
30,35,1
46,8,1
45,32,1
33,5,1
68,31,1
58,39,1
41,13,1
44,32,1
34,12,1
46,21,1
40,2,1
52,40,1
50,44,1
44,40,1
43,3,1
22,26,1
45,33,1
44,26,1
56,15,1
26,41,1
68,30,1
54,5,1
37,13,1
52,7,1
59,26,1
56,32,1
39,48,1
40,3,1
41,30,1
28,9,1
35,13,1
56,25,1
43,35,1
61,15,1
54,8,1
36,15,1
28,12,1
52,26,1
48,42,1
43,15,1
37,10,1
42,17,1
30,39,1
59,14,1
55,38,1
39,39,1
50,35,1
49,17,1
60,25,1
29,38,1
67,22,1
57,42,1
56,29,1
59,8,1
37,12,1
50,11,1
34,30,1
56,37,1
29,31,1
39,48,1
42,19,1
65,38,1
45,49,1
31,14,1
38,34,1
37,22,1
39,35,1
47,38,1
61,41,1
38,10,1
32,4,1
63,31,1
64,27,1
51,37,1
49,24,1
48,49,1
48,32,1
23,32,1
59,19,1
45,27,1
43,48,1
52,41,1
26,17,1
41,11,1
47,49,1
46,17,1
53,42,1
64,12,1
38,19,1
29,27,1
23,33,1
57,39,1
44,15,1
43,40,1
39,45,1
36,48,1
66,36,1
43,33,1
28,16,1
28,21,1
36,9,1
64,30,1
45,31,1
46,10,1
44,17,1
53,14,1
35,23,1
47,23,1
47,9,1
54,13,1
32,13,1
30,35,1
53,23,1
44,10,1
46,49,1
62,7,1
36,41,1
25,20,1
53,25,1
60,24,1
51,28,1
22,32,1
40,31,1
66,30,1
58,19,1
52,42,1
37,40,1
32,27,1
47,45,1
44,31,1
41,3,1
32,4,1
46,19,1
33,11,1
32,31,1
40,13,1
59,33,1
27,26,1
50,46,1
27,12,1
42,36,1
60,21,1
24,36,1
26,29,1
43,12,1
50,7,1
46,40,1
31,44,1
59,32,1
45,6,1
33,37,1
47,27,1
50,35,1
33,19,1
59,28,1
37,5,1
37,5,1
44,42,1
29,12,1
52,2,1
46,33,1
29,24,1
40,6,1
37,31,1
50,34,1
40,44,1
69,32,1
42,7,1
56,13,1
46,9,1
54,27,1
46,25,1
50,34,1
69,26,1
48,40,1
58,33,1
59,34,1
37,34,1
21,19,1
29,11,1
68,25,1
30,22,1
33,30,1
42,30,1
42,39,1
32,27,1
58,18,1
24,18,1
23,31,1
25,22,1
44,12,1
55,16,1
42,15,1
60,19,1
60,7,1
30,29,1
61,36,1
41,37,1
33,8,1
32,13,1
38,1,1
38,10,1
60,26,1
65,22,1
53,41,1
55,24,1
46,21,1
32,27,1
49,47,1
38,26,1
43,28,1
64,37,1
23,36,1
46,38,1
28,9,1
29,13,1
28,22,1
39,35,1
44,2,1
60,22,1
21,18,1
60,16,1
43,48,1
36,19,1
32,16,1
66,34,1
48,45,1
63,30,1
46,35,1
52,41,1
49,20,1
59,28,1
38,26,1
42,2,1
60,18,1
35,25,1
56,6,1
35,6,1
33,24,1
36,3,1
28,23,1
22,28,1
44,23,1
24,18,1
39,36,1
45,22,1
43,46,1
52,47,1
47,18,1
32,6,1
25,10,1
50,24,1
65,26,1
45,35,1
64,36,1
44,7,1
45,9,1
