4,14,0
17,44,0
30,22,0
23,30,0
14,45,0
26,39,0
33,4,0
9,26,0
8,30,0
42,40,0
7,24,0
28,26,0
29,44,0
18,37,0
14,37,0
31,24,0
39,26,0
32,16,0
33,13,0
11,29,0
18,16,0
25,32,0
10,26,0
10,29,0
11,7,0
44,15,0
33,19,0
47,25,0
5,19,0
36,10,0
40,28,0
36,7,0
19,31,0
43,29,0
3,15,0
23,18,0
47,18,0
25,8,0
9,14,0
41,13,0
44,37,0
14,30,0
23,23,0
18,36,0
10,20,0
32,33,0
45,39,0
24,42,0
35,29,0
13,22,0
4,16,0
8,10,0
30,9,0
34,15,0
30,4,0
41,15,0
41,20,0
21,44,0
14,42,0
38,7,0
46,15,0
32,2,0
37,41,0
4,16,0
6,23,0
27,14,0
23,44,0
42,19,0
24,10,0
46,34,0
35,14,0
31,37,0
46,27,0
43,24,0
33,22,0
28,14,0
38,43,0
22,11,0
23,29,0
21,30,0
26,39,0
13,24,0
36,46,0
17,10,0
8,30,0
30,43,0
28,22,0
14,41,0
10,10,0
46,22,0
11,25,0
43,26,0
19,41,0
17,31,0
37,10,0
16,46,0
20,42,0
23,16,0
33,13,0
45,12,0
34,48,0
29,28,0
48,31,0
10,38,0
17,25,0
30,47,0
32,19,0
27,33,0
38,21,0
6,36,0
41,8,0
33,26,0
7,36,0
29,17,0
16,25,0
41,11,0
12,25,0
36,23,0
18,41,0
10,37,0
17,18,0
38,14,0
4,26,0
22,2,0
16,12,0
17,38,0
38,21,0
48,34,0
4,30,0
4,21,0
18,42,0
14,20,0
38,36,0
38,39,0
31,25,0
21,44,0
19,20,0
16,34,0
12,43,0
37,42,0
4,24,0
3,31,0
19,13,0
7,15,0
35,46,0
19,39,0
37,42,0
12,19,0
27,2,0
12,13,0
27,30,0
37,24,0
30,29,0
37,31,0
20,38,0
15,41,0
38,22,0
5,10,0
44,37,0
7,24,0
36,11,0
45,36,0
26,28,0
27,2,0
7,33,0
11,22,0
18,35,0
26,16,0
8,38,0
2,27,0
7,19,0
9,23,0
27,18,0
20,26,0
33,35,0
41,41,0
10,21,0
46,14,0
43,9,0
8,35,0
20,36,0
3,35,0
24,27,0
30,20,0
12,30,0
9,12,0
9,6,0
1,24,0
22,46,0
30,12,0
7,20,0
14,34,0
24,49,0
26,39,0
8,29,0
9,22,0
3,35,0
23,5,0
28,26,0
11,15,0
19,19,0
22,10,0
31,7,0
34,34,0
15,13,0
12,13,0
25,13,0
29,15,0
21,33,0
41,23,0
43,8,0
37,45,0
46,33,0
45,39,0
47,27,0
22,47,0
39,38,0
44,14,0
16,22,0
18,20,0
37,43,0
18,9,0
16,17,0
32,39,0
21,24,0
16,28,0
3,28,0
24,7,0
34,24,0
24,28,0
31,3,0
38,44,0
26,7,0
34,12,0
41,21,0
11,36,0
38,34,0
14,34,0
38,43,0
33,30,0
18,12,0
41,26,0
25,30,0
33,23,0
1,30,0
24,25,0
33,34,0
41,23,0
26,12,0
6,29,0
279,14,1
301,24,1
308,39,1
302,14,1
311,41,1
290,19,1
275,36,1
277,17,1
285,43,1
282,24,1
271,28,1
294,3,1
285,32,1
279,10,1
297,23,1
286,35,1
305,18,1
289,37,1
311,7,1
277,38,1
275,37,1
301,30,1
300,48,1
312,36,1
282,31,1
312,39,1
305,31,1
285,9,1
271,23,1
305,32,1
281,28,1
291,34,1
283,46,1
280,36,1
299,23,1
287,6,1
298,37,1
310,29,1
297,5,1
291,22,1
285,33,1
309,20,1
289,30,1
301,14,1
291,39,1
296,42,1
297,1,1
301,18,1
304,37,1
312,29,1
296,1,1
290,44,1
310,8,1
310,44,1
286,27,1
282,44,1
278,8,1
288,9,1
312,43,1
276,35,1
292,24,1
297,24,1
298,47,1
304,28,1
284,42,1
282,18,1
289,49,1
289,8,1
308,16,1
316,29,1
298,21,1
308,19,1
309,6,1
318,25,1
284,40,1
308,13,1
289,12,1
293,7,1
293,46,1
301,32,1
312,27,1
288,5,1
308,23,1
283,19,1
305,6,1
275,15,1
281,37,1
276,15,1
303,5,1
284,6,1
287,39,1
317,14,1
310,18,1
277,36,1
285,46,1
314,37,1
287,37,1
310,11,1
297,17,1
279,15,1
284,8,1
305,36,1
297,25,1
292,8,1
294,2,1
287,40,1
314,41,1
287,5,1
309,41,1
291,40,1
317,34,1
293,27,1
290,40,1
303,17,1
280,39,1
314,12,1
271,32,1
304,15,1
307,46,1
275,23,1
280,27,1
291,15,1
306,14,1
288,46,1
288,23,1
311,42,1
271,27,1
314,34,1
275,16,1
302,17,1
275,32,1
309,30,1
313,17,1
299,43,1
285,4,1
272,19,1
276,34,1
304,40,1
308,20,1
286,46,1
288,48,1
310,8,1
289,21,1
296,8,1
303,47,1
297,44,1
291,35,1
308,5,1
312,20,1
301,1,1
286,39,1
302,46,1
303,30,1
285,16,1
281,18,1
304,6,1
291,37,1
296,38,1
285,29,1
302,24,1
300,13,1
306,26,1
283,34,1
313,32,1
283,31,1
288,15,1
316,16,1
284,21,1
297,35,1
304,14,1
317,14,1
311,32,1
302,10,1
302,19,1
286,2,1
313,23,1
312,28,1
308,10,1
303,20,1
279,28,1
303,41,1
297,1,1
309,30,1
281,17,1
313,14,1
316,21,1
303,16,1
317,16,1
283,35,1
317,34,1
294,1,1
297,37,1
318,18,1
296,43,1
307,24,1
275,10,1
282,42,1
297,39,1
290,39,1
290,9,1
300,46,1
290,47,1
297,49,1
271,29,1
299,29,1
314,20,1
299,22,1
300,12,1
299,14,1
291,27,1
281,16,1
301,3,1
300,8,1
294,33,1
298,6,1
278,16,1
297,20,1
312,23,1
305,23,1
294,34,1
279,16,1
294,14,1
282,20,1
295,42,1
304,33,1
319,27,1
284,18,1
317,28,1
308,9,1
276,31,1
309,17,1
312,27,1
308,28,1
301,4,1
316,32,1
318,33,1
279,8,1
279,41,1
315,22,1
294,22,1
306,33,1
271,23,1
282,6,1
273,31,1
299,41,1
304,35,1
299,39,1
287,29,1
285,46,1
276,27,1
292,37,1
316,25,1
311,39,1
297,27,1
307,25,1
288,12,1
292,30,1
306,15,1
298,16,1
316,17,1
311,32,1
286,35,1
315,39,1
308,37,1
283,18,1
303,44,1
285,7,1
290,2,1
312,11,1
291,27,1
276,11,1
314,9,1
283,21,1
319,18,1
282,21,1
299,19,1
315,37,1
279,42,1
289,48,1
305,15,1
304,14,1
300,13,1
286,30,1
291,48,1
308,7,1
272,33,1
280,29,1
276,11,1
297,24,1
279,10,1
298,17,1
309,37,1
317,30,1
295,2,1
305,32,1
305,47,1
304,25,1
318,27,1
293,23,1
312,10,1
312,33,1
297,4,1
280,32,1
284,23,1
303,16,1
282,30,1
301,12,1
288,17,1
284,18,1
304,41,1
297,39,1
297,38,1
297,39,1
274,12,1
294,21,1
288,15,1
295,38,1
278,25,1
303,32,1
276,29,1
278,11,1
275,36,1
276,38,1
307,31,1
300,7,1
310,7,1
285,7,1
282,35,1
302,37,1
295,28,1
282,12,1
291,2,1
319,23,1
304,29,1
281,21,1
304,32,1
291,36,1
293,22,1
303,4,1
292,39,1
281,32,1
309,35,1
293,31,1
304,6,1
283,4,1
304,24,1
287,36,1
300,23,1
284,40,1
279,13,1
315,17,1
288,36,1
316,31,1
316,23,1
311,38,1
280,7,1
297,20,1
303,38,1
318,19,1
280,40,1
313,35,1
279,17,1
298,8,1
294,47,1
308,5,1
305,23,1
280,16,1
285,38,1
274,14,1
317,31,1
306,18,1
316,17,1
316,17,1
299,18,1
291,10,1
293,5,1
313,14,1
296,43,1
293,30,1
301,32,1
295,24,1
288,5,1
286,41,1
318,20,1
307,44,1
298,2,1
315,20,1
295,15,1
308,28,1
292,41,1
294,22,1
306,45,1
282,22,1
305,25,1
290,42,1
277,30,1
310,9,1
274,16,1
307,43,1
310,30,1
319,24,1
306,31,1
272,26,1
302,27,1
292,27,1
311,12,1
276,34,1
307,14,1
319,18,1
312,15,1
295,34,1
279,20,1
273,35,1
312,17,1
317,21,1
304,31,1
306,28,1
312,37,1
309,42,1
315,15,1
319,22,1
302,8,1
316,25,1
286,12,1
273,15,1
304,3,1
280,37,1
314,33,1
292,15,1
272,28,1
303,45,1
303,25,1
281,20,1
309,6,1
285,47,1
275,30,1
318,32,1
284,11,1
291,14,1
301,37,1
275,33,1
287,34,1
291,34,1
278,38,1
279,40,1
313,9,1
293,36,1
316,22,1
301,13,1
319,28,1
304,9,1
289,24,1
300,26,1
285,8,1
293,43,1
289,42,1
312,15,1
315,23,1
316,23,1
278,15,1
299,36,1
311,31,1
301,16,1
313,30,1
304,43,1
298,40,1
285,19,1
272,21,1
283,40,1
272,30,1
275,22,1
304,40,1
277,26,1
300,24,1
285,10,1
277,36,1
283,38,1
308,21,1
298,6,1
285,33,1
270,25,1
313,18,1
293,18,1
308,26,1
289,12,1
303,6,1
318,32,1
291,13,1
297,16,1
293,45,1
301,19,1
305,10,1
281,20,1
297,10,1
293,25,1
287,19,1
314,21,1
298,26,1
276,31,1
276,11,1
299,36,1
288,1,1
309,25,1
312,37,1
282,5,1
312,40,1
319,27,1
313,14,1
306,23,1
312,30,1
289,44,1
276,11,1
291,34,1
280,8,1
299,14,1
316,16,1
281,15,1
301,48,1
305,6,1
312,26,1
311,39,1
311,7,1
310,5,1
297,3,1
291,48,1
292,6,1
304,20,1
318,24,1
297,45,1
306,38,1
296,13,1
297,40,1
296,14,1
307,13,1
281,27,1
294,25,1
292,6,1
299,24,1
315,15,1
283,33,1
275,13,1
281,16,1
304,11,1
287,15,1
317,24,1
296,4,1
307,27,1
289,42,1
310,5,1
301,43,1
312,31,1
298,7,1
276,11,1
300,6,1
280,35,1
310,19,1
277,23,1
318,29,1
300,4,1
282,10,1
293,19,1
314,32,1
294,17,1
297,14,1
287,11,1
282,6,1
301,41,1
288,15,1
297,11,1
291,41,1
276,25,1
277,15,1
302,26,1
294,43,1
303,18,1
299,47,1
308,28,1
294,29,1
283,11,1
312,30,1
296,6,1
293,13,1
299,14,1
303,10,1
303,16,1
274,27,1
291,12,1
283,25,1
274,17,1
296,33,1
288,32,1
284,44,1
303,23,1
318,20,1
304,40,1
281,44,1
291,21,1
275,14,1
281,33,1
317,27,1
312,28,1
271,27,1
316,21,1
281,16,1
283,22,1
291,19,1
286,15,1
299,11,1
306,44,1
318,20,1
290,26,1
286,35,1
285,18,1
278,41,1
291,14,1
286,30,1
300,16,1
319,32,1
279,35,1
296,45,1
302,27,1
301,20,1
297,37,1
272,27,1
314,17,1
283,23,1
309,18,1
303,36,1
294,22,1
285,42,1
278,21,1
274,26,1
283,24,1
307,35,1
280,16,1
306,36,1
316,12,1
289,19,1
289,24,1
301,44,1
279,36,1
279,39,1
298,19,1
291,28,1
284,47,1
284,11,1
279,30,1
291,30,1
310,29,1
311,31,1
281,29,1
279,28,1
276,20,1
286,32,1
288,22,1
311,9,1
314,19,1
314,35,1
289,8,1
309,42,1
282,9,1
316,21,1
281,6,1
298,15,1
303,26,1
283,6,1
301,47,1
287,18,1
283,19,1
319,22,1
292,8,1
312,11,1
307,32,1
311,14,1
311,30,1
305,4,1
318,25,1
294,27,1
290,48,1
289,33,1
271,27,1
293,25,1
283,31,1
276,34,1
289,15,1
294,10,1
283,4,1
312,43,1
274,32,1
283,9,1
293,25,1
319,31,1
308,30,1
291,28,1
283,16,1
283,29,1
302,16,1
295,39,1
315,26,1
280,22,1
284,45,1
289,23,1
293,22,1
292,1,1
282,9,1
271,27,1
296,13,1
309,41,1
307,12,1
284,43,1
277,21,1
303,3,1
281,12,1
300,7,1
286,21,1
289,23,1
282,36,1
319,25,1
295,37,1
295,0,1
314,10,1
312,15,1
293,13,1
278,23,1
275,30,1
289,48,1
298,14,1
302,22,1
292,33,1
279,31,1
284,19,1
285,28,1
302,38,1
292,21,1
285,24,1
280,15,1
296,21,1
293,10,1
310,33,1
291,8,1
310,33,1
275,28,1
309,27,1
297,10,1
294,44,1
312,32,1
290,47,1
280,17,1
287,13,1
294,48,1
