39,18,0
23,43,0
11,23,0
21,18,0
6,25,0
25,12,0
11,14,0
44,13,0
48,25,0
47,27,0
30,49,0
30,22,0
11,11,0
30,48,0
39,10,0
37,41,0
31,44,0
7,39,0
7,31,0
28,47,0
47,20,0
38,23,0
48,25,0
40,15,0
18,49,0
32,6,0
29,3,0
29,24,0
24,34,0
17,3,0
25,27,0
32,8,0
28,10,0
12,7,0
29,21,0
19,12,0
42,33,0
43,30,0
29,10,0
45,14,0
22,21,0
6,34,0
22,34,0
32,38,0
19,1,0
33,33,0
5,16,0
21,20,0
42,14,0
15,45,0
47,14,0
24,32,0
39,26,0
32,4,0
21,38,0
10,20,0
4,36,0
16,33,0
39,25,0
17,5,0
27,26,0
31,26,0
7,16,0
24,43,0
41,14,0
46,21,0
20,14,0
26,1,0
12,7,0
32,49,0
27,28,0
26,46,0
48,31,0
9,42,0
19,15,0
33,31,0
18,27,0
31,17,0
19,36,0
29,20,0
23,34,0
25,37,0
21,10,0
38,24,0
22,13,0
2,34,0
43,32,0
33,40,0
42,28,0
48,28,0
29,31,0
4,29,0
33,24,0
12,41,0
31,25,0
46,34,0
30,33,0
25,28,0
35,18,0
17,41,0
18,39,0
34,14,0
36,36,0
24,40,0
7,39,0
7,37,0
12,31,0
47,15,0
30,34,0
18,42,0
45,27,0
32,46,0
42,25,0
37,42,0
17,16,0
25,37,0
25,9,0
12,24,0
19,13,0
34,6,0
15,44,0
45,13,0
34,13,0
27,19,0
3,22,0
4,22,0
40,36,0
31,21,0
29,20,0
39,37,0
27,32,0
35,39,0
10,13,0
41,21,0
21,36,0
14,9,0
47,17,0
30,9,0
22,31,0
2,24,0
36,37,0
32,9,0
32,26,0
27,21,0
14,19,0
46,17,0
43,25,0
18,21,0
10,40,0
16,44,0
35,24,0
24,43,0
30,11,0
16,2,0
40,33,0
46,17,0
21,40,0
6,30,0
16,13,0
34,29,0
20,48,0
16,17,0
39,36,0
3,35,0
36,42,0
18,42,0
25,16,0
22,20,0
5,24,0
40,19,0
29,45,0
26,43,0
37,33,0
25,31,0
43,31,0
31,3,0
48,16,0
29,35,0
31,46,0
25,36,0
43,13,0
34,3,0
29,13,0
20,6,0
44,16,0
18,24,0
34,6,0
20,12,0
25,47,0
14,5,0
38,4,0
24,16,0
11,6,0
18,22,0
16,2,0
38,37,0
22,49,0
35,22,0
19,26,0
10,25,0
23,35,0
39,14,0
46,20,0
9,40,0
8,35,0
18,38,0
23,37,0
49,29,0
12,30,0
23,27,0
20,28,0
48,25,0
34,27,0
11,29,0
27,48,0
30,11,0
4,38,0
9,23,0
19,8,0
20,20,0
2,25,0
41,23,0
19,46,0
37,45,0
7,42,0
33,18,0
14,26,0
3,26,0
4,28,0
26,32,0
13,17,0
22,48,0
38,14,0
34,14,0
21,13,0
33,19,0
17,27,0
17,37,0
18,27,0
44,34,0
32,36,0
48,20,0
17,32,0
25,35,0
32,14,0
27,15,0
10,41,0
7,40,0
40,25,0
24,21,0
52,36,1
22,19,1
46,38,1
47,17,1
61,38,1
68,29,1
50,6,1
46,8,1
35,19,1
33,33,1
50,25,1
63,15,1
30,41,1
55,37,1
27,18,1
57,10,1
44,37,1
23,36,1
27,25,1
31,17,1
37,8,1
42,39,1
51,31,1
53,3,1
51,36,1
61,20,1
50,42,1
56,39,1
45,4,1
51,5,1
55,33,1
53,26,1
49,19,1
44,8,1
40,6,1
52,16,1
58,35,1
28,15,1
65,37,1
42,31,1
36,27,1
43,41,1
66,26,1
24,13,1
40,26,1
64,10,1
51,2,1
31,39,1
61,31,1
23,34,1
69,20,1
41,29,1
42,31,1
34,5,1
42,13,1
40,26,1
34,21,1
50,19,1
58,38,1
63,22,1
62,10,1
43,11,1
62,17,1
35,5,1
55,3,1
54,34,1
44,38,1
39,41,1
57,18,1
55,20,1
34,23,1
31,24,1
50,30,1
50,17,1
56,24,1
37,10,1
34,21,1
58,42,1
65,36,1
43,21,1
49,11,1
46,12,1
43,22,1
43,47,1
35,33,1
55,10,1
38,29,1
39,37,1
51,40,1
23,23,1
51,22,1
46,2,1
55,3,1
55,12,1
54,47,1
28,41,1
61,9,1
35,11,1
62,13,1
56,17,1
23,36,1
40,24,1
31,10,1
25,38,1
66,12,1
34,39,1
51,43,1
44,37,1
51,43,1
60,36,1
52,21,1
39,9,1
41,22,1
31,24,1
32,24,1
44,32,1
35,10,1
27,12,1
53,40,1
55,11,1
52,45,1
23,30,1
65,19,1
37,14,1
31,22,1
47,29,1
36,42,1
37,18,1
50,17,1
47,31,1
30,15,1
32,37,1
48,37,1
29,43,1
65,15,1
25,24,1
29,11,1
21,23,1
42,32,1
65,24,1
67,27,1
35,18,1
40,23,1
43,34,1
28,14,1
51,1,1
29,20,1
63,25,1
69,20,1
47,36,1
32,38,1
34,7,1
66,28,1
22,34,1
52,43,1
54,31,1
56,36,1
41,10,1
33,8,1
25,39,1
58,29,1
47,18,1
38,25,1
44,5,1
51,37,1
38,38,1
40,17,1
69,23,1
49,38,1
47,33,1
45,13,1
54,38,1
49,8,1
26,21,1
53,13,1
66,29,1
48,1,1
37,34,1
50,29,1
50,35,1
51,3,1
61,16,1
48,27,1
53,3,1
68,31,1
69,28,1
56,17,1
38,15,1
53,35,1
32,40,1
31,17,1
52,26,1
29,27,1
47,5,1
62,27,1
43,28,1
50,40,1
49,47,1
44,45,1
36,20,1
50,11,1
32,27,1
55,33,1
53,10,1
53,44,1
56,7,1
52,43,1
23,20,1
41,21,1
38,26,1
53,44,1
32,4,1
66,30,1
27,41,1
40,43,1
23,36,1
21,28,1
30,22,1
45,39,1
31,27,1
48,6,1
63,36,1
43,32,1
37,5,1
55,41,1
32,11,1
24,18,1
39,42,1
48,6,1
61,12,1
50,27,1
55,9,1
29,18,1
31,25,1
58,17,1
26,20,1
40,24,1
42,12,1
42,5,1
60,12,1
61,34,1
34,17,1
49,20,1
31,14,1
32,12,1
65,28,1
45,35,1
46,24,1
36,28,1
35,39,1
30,43,1
28,21,1
65,14,1
57,33,1
30,22,1
29,21,1
64,31,1
28,36,1
38,23,1
43,37,1
49,11,1
41,47,1
41,24,1
40,1,1
35,14,1
66,20,1
49,14,1
33,23,1
58,8,1
31,45,1
31,38,1
50,19,1
27,11,1
52,48,1
35,30,1
47,10,1
54,41,1
26,14,1
57,46,1
51,30,1
25,36,1
68,19,1
44,22,1
39,41,1
69,27,1
51,47,1
41,49,1
56,21,1
36,10,1
34,7,1
47,44,1
58,29,1
28,25,1
45,20,1
37,44,1
53,6,1
63,13,1
53,27,1
58,40,1
28,42,1
23,21,1
66,22,1
50,30,1
59,22,1
30,18,1
52,6,1
46,24,1
54,5,1
22,19,1
60,26,1
31,22,1
37,36,1
33,9,1
66,13,1
44,39,1
46,49,1
43,30,1
63,15,1
40,37,1
38,28,1
31,34,1
63,40,1
43,32,1
35,32,1
39,2,1
51,29,1
33,14,1
39,33,1
36,2,1
25,16,1
56,41,1
56,42,1
64,30,1
49,3,1
37,47,1
39,10,1
40,38,1
49,35,1
37,8,1
57,45,1
25,11,1
61,26,1
38,35,1
46,31,1
65,31,1
51,11,1
37,3,1
27,34,1
42,47,1
32,15,1
49,2,1
66,33,1
24,31,1
41,21,1
37,26,1
49,29,1
28,19,1
60,36,1
65,26,1
61,32,1
54,44,1
52,28,1
58,24,1
57,28,1
63,14,1
51,37,1
46,11,1
61,24,1
50,46,1
24,33,1
47,25,1
52,11,1
61,29,1
41,45,1
34,45,1
43,24,1
21,26,1
68,19,1
62,32,1
56,14,1
63,9,1
62,24,1
62,20,1
52,42,1
50,10,1
33,28,1
48,22,1
46,14,1
61,39,1
29,32,1
63,41,1
51,38,1
69,32,1
46,19,1
22,32,1
70,25,1
44,45,1
56,29,1
47,27,1
44,42,1
67,16,1
47,40,1
58,43,1
39,36,1
52,33,1
58,46,1
66,13,1
55,9,1
53,24,1
46,23,1
44,28,1
34,43,1
43,43,1
60,31,1
47,10,1
58,35,1
32,7,1
49,3,1
56,32,1
63,16,1
51,8,1
36,32,1
22,30,1
42,13,1
59,42,1
38,43,1
26,27,1
69,23,1
51,24,1
39,42,1
36,38,1
44,4,1
34,26,1
38,32,1
36,10,1
43,48,1
60,30,1
53,14,1
55,23,1
46,19,1
28,16,1
30,19,1
29,28,1
28,15,1
46,10,1
24,33,1
27,38,1
35,28,1
32,28,1
58,23,1
43,21,1
47,6,1
27,16,1
63,38,1
54,4,1
45,16,1
46,32,1
67,19,1
45,49,1
52,2,1
46,28,1
62,23,1
27,18,1
27,21,1
30,6,1
27,17,1
30,12,1
31,32,1
50,9,1
48,11,1
62,13,1
23,32,1
41,6,1
32,7,1
26,34,1
25,28,1
23,20,1
43,35,1
52,5,1
42,49,1
30,16,1
26,24,1
61,36,1
40,26,1
57,36,1
42,23,1
41,39,1
69,31,1
57,8,1
51,15,1
28,32,1
59,11,1
45,17,1
48,49,1
65,36,1
40,48,1
56,11,1
52,33,1
49,9,1
35,32,1
41,7,1
50,49,1
27,13,1
38,18,1
65,27,1
41,13,1
32,29,1
34,20,1
58,4,1
37,40,1
42,22,1
48,41,1
63,37,1
46,19,1
37,16,1
54,16,1
50,19,1
22,29,1
52,34,1
50,27,1
36,31,1
37,10,1
43,34,1
64,19,1
43,25,1
62,25,1
58,24,1
45,20,1
50,48,1
55,29,1
48,28,1
53,6,1
40,43,1
36,18,1
60,35,1
62,17,1
34,25,1
46,41,1
26,10,1
29,23,1
65,38,1
47,37,1
64,35,1
50,17,1
27,20,1
54,36,1
57,35,1
29,21,1
33,33,1
37,20,1
64,11,1
28,17,1
34,19,1
45,3,1
57,31,1
41,35,1
31,26,1
61,8,1
47,47,1
44,11,1
50,15,1
28,18,1
29,21,1
69,22,1
67,21,1
55,25,1
30,5,1
53,7,1
44,6,1
54,18,1
31,6,1
63,27,1
51,17,1
58,22,1
27,39,1
37,43,1
49,27,1
57,21,1
43,21,1
55,6,1
55,45,1
26,18,1
44,3,1
55,25,1
59,12,1
57,29,1
48,15,1
34,16,1
47,2,1
60,17,1
54,37,1
44,10,1
49,48,1
56,10,1
40,39,1
41,23,1
37,32,1
51,6,1
39,34,1
43,21,1
35,34,1
60,30,1
32,39,1
65,17,1
41,25,1
57,22,1
48,28,1
38,32,1
22,29,1
28,43,1
64,35,1
45,38,1
55,32,1
23,30,1
52,26,1
30,28,1
63,40,1
56,38,1
32,45,1
47,30,1
54,45,1
36,6,1
42,24,1
41,34,1
61,12,1
49,12,1
63,20,1
29,26,1
65,32,1
38,44,1
59,42,1
42,15,1
53,48,1
31,28,1
43,42,1
38,38,1
36,7,1
31,39,1
28,26,1
35,23,1
51,10,1
32,23,1
42,31,1
27,12,1
57,34,1
49,46,1
49,15,1
30,19,1
25,37,1
41,45,1
46,5,1
38,18,1
23,30,1
56,21,1
34,45,1
43,24,1
54,3,1
41,43,1
44,16,1
58,21,1
45,47,1
67,15,1
27,34,1
53,15,1
57,28,1
61,24,1
54,6,1
56,38,1
66,31,1
35,44,1
58,40,1
43,2,1
40,33,1
62,25,1
39,30,1
54,42,1
53,44,1
48,49,1
46,23,1
51,33,1
63,12,1
37,13,1
60,35,1
29,12,1
42,42,1
35,6,1
45,34,1
39,14,1
47,19,1
38,10,1
29,25,1
36,44,1
35,22,1
48,33,1
61,41,1
38,37,1
39,13,1
45,0,1
51,15,1
36,27,1
48,2,1
26,30,1
69,28,1
46,36,1
61,29,1
38,18,1
56,45,1
50,47,1
52,38,1
55,41,1
62,27,1
48,49,1
35,37,1
41,9,1
63,16,1
63,33,1
65,26,1
29,42,1
59,13,1
34,34,1
36,40,1
60,30,1
32,18,1
63,35,1
49,10,1
46,1,1
37,41,1
47,38,1
60,38,1
36,29,1
35,28,1
58,4,1
40,17,1
64,19,1
62,43,1
33,18,1
32,17,1
64,37,1
53,27,1
59,40,1
44,30,1
43,20,1
25,30,1
31,17,1
33,45,1
64,31,1
67,27,1
37,5,1
49,15,1
60,16,1
