4,33,0
11,36,0
30,12,0
23,26,0
11,24,0
30,26,0
13,20,0
28,10,0
31,5,0
13,46,0
34,48,0
2,16,0
29,9,0
23,29,0
42,41,0
20,33,0
19,22,0
11,36,0
15,25,0
27,25,0
39,35,0
5,32,0
27,5,0
18,11,0
29,42,0
16,9,0
11,5,0
44,25,0
10,33,0
11,12,0
9,42,0
37,36,0
24,48,0
9,42,0
20,24,0
37,17,0
45,35,0
3,20,0
12,8,0
6,39,0
27,31,0
8,24,0
40,17,0
34,9,0
17,7,0
34,15,0
45,24,0
30,32,0
16,36,0
6,15,0
21,49,0
15,6,0
47,18,0
48,19,0
13,5,0
7,24,0
24,37,0
31,8,0
22,29,0
10,26,0
8,16,0
34,17,0
25,38,0
36,20,0
17,37,0
13,44,0
10,40,0
10,8,0
24,15,0
47,33,0
3,32,0
17,6,0
18,10,0
27,39,0
49,20,0
3,31,0
18,12,0
1,27,0
32,37,0
17,37,0
31,12,0
30,47,0
34,35,0
28,46,0
13,46,0
38,42,0
17,46,0
21,46,0
29,5,0
25,44,0
10,18,0
42,41,0
47,23,0
29,31,0
12,25,0
21,44,0
3,17,0
37,15,0
10,44,0
12,33,0
33,6,0
41,19,0
38,33,0
24,20,0
5,35,0
32,24,0
19,45,0
45,37,0
45,18,0
10,36,0
38,46,0
41,31,0
33,25,0
12,25,0
25,28,0
24,18,0
24,45,0
30,30,0
19,37,0
1,30,0
5,19,0
13,14,0
26,37,0
35,19,0
35,37,0
13,4,0
15,12,0
26,30,0
24,16,0
14,47,0
8,17,0
49,24,0
38,21,0
14,15,0
10,17,0
16,17,0
26,1,0
10,7,0
41,10,0
16,31,0
49,21,0
39,41,0
41,30,0
41,22,0
45,38,0
35,6,0
17,31,0
12,46,0
17,45,0
37,34,0
25,19,0
23,17,0
16,9,0
30,44,0
3,17,0
8,29,0
14,3,0
7,40,0
40,42,0
40,43,0
19,5,0
29,15,0
15,25,0
8,24,0
2,24,0
28,2,0
28,40,0
41,38,0
25,4,0
9,21,0
5,25,0
6,22,0
30,16,0
27,49,0
26,42,0
36,11,0
34,27,0
23,30,0
30,41,0
38,19,0
27,33,0
7,41,0
30,8,0
23,41,0
5,20,0
38,28,0
11,21,0
14,37,0
3,32,0
13,37,0
11,29,0
46,18,0
17,46,0
12,46,0
47,36,0
24,35,0
2,34,0
43,33,0
4,16,0
34,24,0
45,18,0
8,9,0
30,18,0
13,6,0
28,19,0
13,35,0
39,5,0
5,32,0
20,25,0
46,29,0
21,17,0
32,30,0
11,6,0
9,28,0
38,23,0
17,37,0
22,14,0
33,20,0
43,24,0
25,43,0
23,5,0
23,47,0
33,16,0
37,42,0
36,31,0
7,20,0
20,15,0
26,20,0
1,28,0
43,20,0
48,33,0
40,45,0
17,35,0
38,41,0
9,37,0
20,15,0
17,41,0
10,24,0
43,22,0
30,25,0
13,19,0
33,9,0
25,27,0
26,26,0
27,35,0
9,38,0
48,24,0
11,20,0
47,36,0
10,17,0
35,2,1
38,1,1
11,19,1
29,31,1
58,21,1
32,34,1
24,21,1
50,18,1
41,36,1
44,29,1
30,30,1
31,28,1
22,11,1
23,29,1
38,28,1
60,25,1
16,12,1
37,48,1
37,5,1
52,9,1
18,7,1
53,29,1
38,14,1
49,24,1
40,11,1
19,30,1
34,30,1
27,19,1
44,21,1
52,22,1
19,7,1
23,43,1
48,45,1
36,5,1
59,22,1
22,28,1
48,11,1
49,22,1
23,46,1
22,32,1
19,34,1
33,3,1
46,7,1
57,32,1
22,21,1
44,12,1
47,23,1
42,18,1
43,23,1
26,14,1
41,36,1
31,13,1
41,24,1
37,47,1
54,35,1
56,28,1
29,41,1
36,19,1
22,15,1
45,19,1
58,28,1
15,13,1
57,33,1
45,24,1
44,2,1
44,3,1
17,17,1
52,27,1
15,15,1
31,17,1
45,44,1
35,9,1
28,18,1
51,13,1
34,43,1
28,35,1
33,14,1
45,35,1
21,11,1
24,17,1
40,46,1
27,7,1
25,13,1
26,19,1
19,36,1
46,29,1
32,29,1
18,20,1
18,24,1
24,32,1
42,8,1
43,5,1
37,35,1
24,14,1
15,27,1
38,44,1
19,21,1
44,28,1
44,19,1
53,9,1
42,21,1
17,39,1
19,32,1
45,32,1
30,42,1
38,20,1
43,17,1
35,18,1
46,28,1
17,23,1
39,25,1
21,6,1
53,37,1
53,18,1
11,19,1
31,27,1
12,26,1
41,3,1
54,19,1
40,36,1
53,22,1
25,15,1
28,30,1
31,46,1
23,41,1
15,24,1
22,44,1
24,25,1
18,39,1
14,37,1
12,21,1
57,31,1
50,21,1
20,38,1
19,41,1
22,39,1
56,28,1
40,49,1
35,49,1
29,28,1
25,6,1
30,7,1
51,15,1
41,31,1
14,34,1
36,33,1
52,31,1
16,21,1
19,17,1
53,10,1
20,15,1
20,27,1
45,14,1
53,17,1
16,40,1
43,2,1
50,10,1
48,34,1
32,30,1
12,33,1
42,48,1
52,25,1
24,42,1
38,38,1
35,46,1
40,26,1
44,27,1
42,2,1
30,21,1
48,12,1
14,13,1
36,35,1
41,34,1
53,12,1
37,6,1
14,35,1
20,33,1
46,16,1
26,30,1
37,29,1
13,34,1
24,5,1
51,19,1
53,26,1
37,34,1
30,27,1
18,14,1
54,12,1
25,42,1
17,19,1
54,15,1
15,37,1
37,39,1
32,25,1
27,44,1
16,39,1
41,7,1
36,18,1
31,6,1
53,20,1
29,1,1
40,40,1
33,33,1
58,21,1
50,7,1
24,47,1
32,24,1
38,43,1
34,25,1
11,26,1
26,47,1
31,47,1
56,35,1
29,3,1
34,37,1
23,25,1
45,36,1
34,13,1
14,13,1
13,17,1
44,22,1
27,28,1
34,33,1
38,16,1
39,20,1
36,30,1
25,8,1
47,16,1
47,5,1
57,30,1
39,26,1
24,11,1
18,15,1
17,31,1
26,29,1
54,16,1
40,29,1
21,28,1
21,24,1
22,36,1
26,45,1
13,21,1
30,6,1
30,26,1
50,6,1
23,14,1
39,10,1
41,19,1
24,12,1
25,7,1
38,32,1
23,41,1
38,38,1
40,14,1
35,28,1
20,10,1
50,38,1
50,15,1
24,5,1
36,38,1
35,33,1
41,33,1
50,23,1
12,16,1
18,19,1
44,7,1
28,15,1
51,14,1
50,34,1
48,17,1
29,49,1
16,25,1
29,17,1
23,17,1
45,22,1
29,45,1
19,16,1
19,36,1
34,43,1
40,6,1
25,34,1
46,39,1
52,10,1
20,40,1
14,12,1
27,42,1
16,27,1
32,49,1
27,16,1
44,37,1
40,14,1
30,29,1
35,12,1
26,48,1
41,35,1
33,33,1
43,6,1
52,18,1
35,38,1
48,18,1
49,28,1
46,30,1
48,44,1
32,39,1
11,18,1
49,9,1
21,19,1
38,23,1
42,25,1
45,29,1
19,8,1
31,28,1
16,19,1
21,15,1
35,4,1
55,10,1
27,46,1
21,31,1
25,28,1
13,20,1
21,30,1
35,50,1
41,47,1
26,26,1
30,30,1
17,31,1
33,37,1
36,16,1
17,39,1
21,40,1
22,18,1
32,44,1
54,17,1
20,23,1
37,34,1
33,11,1
48,45,1
28,39,1
30,41,1
26,32,1
17,27,1
45,47,1
14,38,1
52,40,1
19,25,1
38,42,1
37,19,1
44,38,1
58,16,1
39,3,1
53,32,1
43,30,1
45,42,1
12,19,1
43,25,1
35,44,1
21,23,1
54,37,1
21,28,1
29,26,1
32,23,1
31,32,1
13,36,1
21,43,1
22,35,1
47,14,1
35,33,1
36,44,1
40,31,1
22,17,1
59,22,1
40,49,1
54,38,1
36,1,1
25,33,1
54,22,1
22,14,1
28,29,1
14,27,1
44,22,1
48,6,1
53,11,1
11,28,1
32,46,1
28,24,1
16,24,1
53,10,1
12,25,1
43,34,1
37,39,1
52,38,1
35,30,1
17,11,1
40,24,1
41,10,1
11,19,1
37,24,1
33,37,1
31,14,1
23,45,1
29,24,1
46,3,1
31,28,1
48,44,1
46,10,1
37,32,1
32,12,1
37,16,1
21,34,1
45,22,1
30,29,1
34,1,1
22,18,1
27,11,1
39,4,1
24,41,1
37,1,1
54,15,1
41,22,1
52,11,1
28,17,1
45,33,1
32,6,1
18,34,1
24,20,1
17,36,1
57,25,1
25,11,1
15,24,1
54,19,1
25,16,1
30,36,1
18,40,1
54,33,1
34,47,1
29,12,1
19,6,1
38,26,1
44,19,1
37,40,1
55,13,1
27,3,1
30,31,1
29,31,1
54,40,1
22,31,1
39,10,1
24,20,1
33,38,1
40,28,1
33,18,1
48,9,1
34,36,1
28,37,1
33,41,1
41,30,1
30,40,1
16,24,1
36,3,1
52,11,1
19,8,1
36,44,1
35,31,1
30,20,1
32,24,1
41,26,1
56,22,1
25,24,1
42,13,1
16,21,1
45,12,1
37,22,1
22,28,1
14,26,1
46,20,1
46,46,1
15,15,1
18,7,1
50,12,1
52,12,1
45,22,1
57,28,1
18,19,1
46,10,1
46,30,1
30,24,1
26,4,1
32,15,1
15,21,1
35,30,1
52,12,1
32,14,1
19,41,1
54,11,1
48,30,1
17,21,1
33,29,1
36,38,1
27,3,1
24,21,1
36,29,1
19,8,1
44,7,1
25,4,1
39,28,1
54,11,1
38,24,1
32,45,1
42,29,1
40,4,1
17,30,1
14,22,1
18,30,1
23,26,1
44,12,1
39,5,1
41,40,1
24,32,1
30,14,1
46,34,1
58,32,1
29,44,1
44,40,1
38,36,1
39,1,1
31,39,1
34,36,1
40,39,1
45,16,1
56,29,1
57,15,1
21,16,1
37,46,1
47,11,1
35,10,1
24,11,1
12,23,1
11,22,1
22,25,1
48,20,1
32,10,1
19,26,1
13,35,1
14,29,1
18,8,1
52,14,1
31,49,1
32,35,1
13,14,1
49,27,1
24,9,1
32,12,1
44,46,1
52,34,1
33,2,1
29,49,1
53,22,1
45,34,1
53,16,1
47,46,1
54,16,1
39,25,1
18,12,1
25,34,1
35,48,1
54,27,1
36,12,1
42,45,1
29,3,1
43,34,1
24,23,1
39,9,1
41,34,1
36,36,1
40,14,1
53,38,1
42,44,1
13,30,1
40,34,1
12,17,1
37,28,1
50,12,1
13,26,1
34,12,1
43,47,1
30,18,1
44,11,1
31,10,1
14,30,1
41,18,1
41,29,1
34,9,1
35,16,1
20,42,1
24,38,1
35,36,1
44,34,1
21,14,1
42,21,1
16,10,1
30,26,1
33,42,1
28,43,1
16,36,1
45,24,1
44,8,1
58,27,1
33,18,1
33,22,1
46,24,1
42,48,1
39,2,1
14,20,1
20,24,1
30,27,1
50,23,1
14,19,1
15,11,1
30,27,1
51,33,1
14,12,1
16,21,1
36,10,1
56,12,1
39,8,1
39,38,1
40,43,1
35,2,1
35,21,1
47,39,1
50,15,1
36,10,1
52,21,1
52,37,1
22,26,1
44,15,1
42,34,1
18,39,1
37,19,1
35,25,1
52,10,1
41,32,1
41,24,1
14,12,1
48,18,1
59,22,1
24,4,1
16,32,1
17,26,1
16,28,1
55,33,1
54,14,1
41,41,1
17,27,1
51,13,1
23,19,1
34,27,1
53,34,1
38,13,1
38,25,1
27,39,1
50,10,1
51,26,1
42,22,1
40,17,1
35,49,1
26,23,1
36,20,1
44,30,1
34,37,1
35,43,1
51,33,1
33,3,1
29,11,1
28,32,1
18,23,1
32,29,1
15,32,1
46,43,1
57,21,1
35,0,1
25,41,1
29,35,1
44,38,1
34,47,1
53,41,1
50,39,1
46,7,1
53,34,1
32,11,1
25,9,1
32,25,1
43,30,1
47,17,1
43,5,1
56,32,1
56,16,1
38,33,1
30,13,1
31,32,1
50,10,1
43,45,1
25,17,1
54,21,1
57,26,1
36,11,1
14,12,1
43,40,1
22,33,1
42,25,1
52,12,1
58,30,1
37,26,1
30,12,1
17,11,1
46,30,1
21,39,1
40,2,1
29,25,1
57,23,1
33,21,1
38,2,1
33,36,1
27,40,1
36,4,1
20,26,1
40,2,1
45,47,1
23,40,1
50,27,1
14,20,1
44,47,1
55,10,1
13,15,1
30,6,1
46,46,1
37,47,1
12,17,1
20,8,1
21,11,1
30,46,1
53,33,1
47,6,1
38,27,1
24,4,1
49,16,1
27,34,1
18,34,1
59,32,1
23,5,1
