35,42,0
35,14,0
16,45,0
13,42,0
25,40,0
28,10,0
24,37,0
33,34,0
4,26,0
26,41,0
41,12,0
17,47,0
28,4,0
4,35,0
1,20,0
29,33,0
12,28,0
30,8,0
21,16,0
33,43,0
7,37,0
25,22,0
28,40,0
44,39,0
32,1,0
7,14,0
24,2,0
7,24,0
44,37,0
20,31,0
26,6,0
13,13,0
23,25,0
31,39,0
49,30,0
20,9,0
17,44,0
28,16,0
39,10,0
15,44,0
23,10,0
34,40,0
30,19,0
23,19,0
20,47,0
31,9,0
15,28,0
5,29,0
29,23,0
46,28,0
33,47,0
7,26,0
19,24,0
4,20,0
30,24,0
24,6,0
40,30,0
33,18,0
49,24,0
20,2,0
6,25,0
28,28,0
36,18,0
7,40,0
13,42,0
18,13,0
12,42,0
46,23,0
40,30,0
8,28,0
12,8,0
38,46,0
9,36,0
45,32,0
22,15,0
5,38,0
24,8,0
5,27,0
31,34,0
34,24,0
39,43,0
35,24,0
41,16,0
19,13,0
21,14,0
41,17,0
19,14,0
30,20,0
30,42,0
35,44,0
16,18,0
39,41,0
40,40,0
35,45,0
17,46,0
19,28,0
32,12,0
19,28,0
41,10,0
20,49,0
19,3,0
28,8,0
38,37,0
39,33,0
9,36,0
34,27,0
19,12,0
5,38,0
25,37,0
37,38,0
23,16,0
29,42,0
23,8,0
48,34,0
9,15,0
41,18,0
26,23,0
31,19,0
14,26,0
8,7,0
28,43,0
44,27,0
16,37,0
44,22,0
31,40,0
18,31,0
40,10,0
41,39,0
2,33,0
31,10,0
40,30,0
22,43,0
35,18,0
12,35,0
44,35,0
31,29,0
49,31,0
34,24,0
26,38,0
9,6,0
28,12,0
10,6,0
35,12,0
13,15,0
34,36,0
10,24,0
33,5,0
16,26,0
12,39,0
3,22,0
39,6,0
21,21,0
35,15,0
25,11,0
13,30,0
28,21,0
36,5,0
35,10,0
40,12,0
25,38,0
19,30,0
38,21,0
9,7,0
35,46,0
32,39,0
7,17,0
16,39,0
21,24,0
38,15,0
20,4,0
14,7,0
29,25,0
7,15,0
8,39,0
17,15,0
24,40,0
12,34,0
11,17,0
9,16,0
36,40,0
26,39,0
21,45,0
37,6,0
21,48,0
41,12,0
12,4,0
10,40,0
18,39,0
10,16,0
18,1,0
4,25,0
37,21,0
26,41,0
21,35,0
40,19,0
45,30,0
2,18,0
30,46,0
17,35,0
16,9,0
13,14,0
43,17,0
30,24,0
33,43,0
11,13,0
30,5,0
33,9,0
40,27,0
31,12,0
20,32,0
25,47,0
7,25,0
38,31,0
35,46,0
45,31,0
28,8,0
44,18,0
21,30,0
23,43,0
36,35,0
33,22,0
16,6,0
45,28,0
18,46,0
21,37,0
30,47,0
28,41,0
33,22,0
25,17,0
36,34,0
45,12,0
28,12,0
8,22,0
30,19,0
41,34,0
17,26,0
10,24,0
32,25,0
19,29,0
30,34,0
33,18,0
45,35,0
5,14,0
27,49,0
35,42,0
19,43,0
34,4,0
8,13,0
40,21,0
10,43,0
48,10,1
50,16,1
35,10,1
17,17,1
17,30,1
25,21,1
23,32,1
31,27,1
30,3,1
17,14,1
20,12,1
50,42,1
18,20,1
29,24,1
32,11,1
57,17,1
44,32,1
24,6,1
13,22,1
22,36,1
27,46,1
37,32,1
35,16,1
21,33,1
38,2,1
47,29,1
36,18,1
21,24,1
40,12,1
33,39,1
44,35,1
22,19,1
18,19,1
26,6,1
15,40,1
36,18,1
49,34,1
19,9,1
46,10,1
21,15,1
45,40,1
45,18,1
50,22,1
29,49,1
23,30,1
47,18,1
23,39,1
16,13,1
28,14,1
14,12,1
47,23,1
25,32,1
37,48,1
21,18,1
31,8,1
34,32,1
36,14,1
54,14,1
13,31,1
26,7,1
48,32,1
30,46,1
22,27,1
36,37,1
31,49,1
50,23,1
30,43,1
30,34,1
46,47,1
21,30,1
23,25,1
14,31,1
38,15,1
23,35,1
38,35,1
19,15,1
57,30,1
28,26,1
11,21,1
36,30,1
32,5,1
30,4,1
35,16,1
13,26,1
20,41,1
43,47,1
33,19,1
31,39,1
18,39,1
33,42,1
41,24,1
11,20,1
54,30,1
32,18,1
30,31,1
41,12,1
22,35,1
52,37,1
16,9,1
25,39,1
24,10,1
47,41,1
47,30,1
21,14,1
22,46,1
27,6,1
31,13,1
31,42,1
16,15,1
28,37,1
55,24,1
40,32,1
27,7,1
54,37,1
47,37,1
46,4,1
50,8,1
28,14,1
41,49,1
26,31,1
44,18,1
28,25,1
16,39,1
49,12,1
44,43,1
54,32,1
39,44,1
48,9,1
39,1,1
56,31,1
13,22,1
50,41,1
45,4,1
35,44,1
26,10,1
51,43,1
47,21,1
53,28,1
12,26,1
21,39,1
30,15,1
23,14,1
39,44,1
53,31,1
59,31,1
35,22,1
37,30,1
50,18,1
22,40,1
44,10,1
22,7,1
19,22,1
22,15,1
18,15,1
37,34,1
17,21,1
37,43,1
40,7,1
24,4,1
39,25,1
31,19,1
14,14,1
33,24,1
33,18,1
21,29,1
37,39,1
58,27,1
45,7,1
11,30,1
27,36,1
20,36,1
57,32,1
26,39,1
20,5,1
53,42,1
44,11,1
58,28,1
30,30,1
32,5,1
39,30,1
39,14,1
27,21,1
33,6,1
34,19,1
46,6,1
28,39,1
19,35,1
45,31,1
36,6,1
22,13,1
24,47,1
18,43,1
59,28,1
38,38,1
13,35,1
31,31,1
23,13,1
41,11,1
39,41,1
38,26,1
44,3,1
36,23,1
36,11,1
13,34,1
39,40,1
20,34,1
20,16,1
26,17,1
18,38,1
43,12,1
32,32,1
23,30,1
42,47,1
41,49,1
26,34,1
10,25,1
26,41,1
29,37,1
46,38,1
33,19,1
40,44,1
17,37,1
41,38,1
31,32,1
38,30,1
52,40,1
21,35,1
51,31,1
54,41,1
23,36,1
46,24,1
55,36,1
45,36,1
20,9,1
30,5,1
33,10,1
30,1,1
34,38,1
25,40,1
18,38,1
22,8,1
30,43,1
52,33,1
16,32,1
13,20,1
25,32,1
37,20,1
44,43,1
34,13,1
15,23,1
24,34,1
17,15,1
36,27,1
35,2,1
43,31,1
30,16,1
50,34,1
57,28,1
38,32,1
38,5,1
16,39,1
22,46,1
41,4,1
13,35,1
21,21,1
24,4,1
21,37,1
45,42,1
44,18,1
46,15,1
39,41,1
25,23,1
33,27,1
23,16,1
14,34,1
36,32,1
22,45,1
39,32,1
37,3,1
27,12,1
58,22,1
32,34,1
51,17,1
47,13,1
53,40,1
34,21,1
55,27,1
39,36,1
33,19,1
42,16,1
18,10,1
37,23,1
41,6,1
30,21,1
36,29,1
57,31,1
29,5,1
29,39,1
37,8,1
33,4,1
56,13,1
23,26,1
16,23,1
47,33,1
41,41,1
32,14,1
18,39,1
31,37,1
17,18,1
43,6,1
36,19,1
51,22,1
48,45,1
55,18,1
44,45,1
26,32,1
14,38,1
25,4,1
39,18,1
19,26,1
20,34,1
22,23,1
40,35,1
38,25,1
37,30,1
18,9,1
23,23,1
15,24,1
43,6,1
16,26,1
19,40,1
33,32,1
11,18,1
13,25,1
58,32,1
41,4,1
35,31,1
33,44,1
36,24,1
37,1,1
54,27,1
13,15,1
51,32,1
38,45,1
38,22,1
44,15,1
49,19,1
43,40,1
37,24,1
25,18,1
39,45,1
57,27,1
22,5,1
20,17,1
58,21,1
30,44,1
45,20,1
31,29,1
24,9,1
22,20,1
57,24,1
21,37,1
42,26,1
19,37,1
42,35,1
57,35,1
48,10,1
21,6,1
34,38,1
30,45,1
26,35,1
38,16,1
39,9,1
27,21,1
56,18,1
34,48,1
49,11,1
33,16,1
22,33,1
47,13,1
46,18,1
30,37,1
15,14,1
39,44,1
14,25,1
16,9,1
32,38,1
58,16,1
40,20,1
11,27,1
13,32,1
27,2,1
29,38,1
51,23,1
19,44,1
39,41,1
58,25,1
24,41,1
29,18,1
34,37,1
44,13,1
28,9,1
38,20,1
31,38,1
38,41,1
20,12,1
41,19,1
35,21,1
58,27,1
32,23,1
13,26,1
29,39,1
44,4,1
38,18,1
55,20,1
58,34,1
58,28,1
48,10,1
30,23,1
30,6,1
26,43,1
44,31,1
31,28,1
36,7,1
51,36,1
31,32,1
14,30,1
29,6,1
39,20,1
44,38,1
38,41,1
29,33,1
56,28,1
25,6,1
33,14,1
44,23,1
20,33,1
23,21,1
47,30,1
41,11,1
43,28,1
45,17,1
31,46,1
35,25,1
54,26,1
39,46,1
26,22,1
30,28,1
44,41,1
24,5,1
20,10,1
31,36,1
34,2,1
20,43,1
30,13,1
38,25,1
17,38,1
53,22,1
42,8,1
25,8,1
40,15,1
47,12,1
33,44,1
52,28,1
17,21,1
46,28,1
28,17,1
27,32,1
39,32,1
51,27,1
18,13,1
25,23,1
27,9,1
40,41,1
33,30,1
21,20,1
28,38,1
30,31,1
22,37,1
35,7,1
40,22,1
38,40,1
36,26,1
32,5,1
59,27,1
32,8,1
55,22,1
19,9,1
18,15,1
31,11,1
39,17,1
55,29,1
54,23,1
27,19,1
12,34,1
40,32,1
49,40,1
28,40,1
54,39,1
55,21,1
24,8,1
44,16,1
42,3,1
49,28,1
56,19,1
51,28,1
20,21,1
27,37,1
39,46,1
49,40,1
39,34,1
16,27,1
19,33,1
33,44,1
34,9,1
43,15,1
22,16,1
47,11,1
27,40,1
32,6,1
11,18,1
22,46,1
18,24,1
20,24,1
26,46,1
26,44,1
54,37,1
58,18,1
48,14,1
38,25,1
45,9,1
24,27,1
49,8,1
29,24,1
46,33,1
32,24,1
18,28,1
21,14,1
59,21,1
52,14,1
59,28,1
41,45,1
38,41,1
43,23,1
51,13,1
22,25,1
47,38,1
47,21,1
22,28,1
25,32,1
24,14,1
19,32,1
44,4,1
25,8,1
31,21,1
25,18,1
16,22,1
44,2,1
17,32,1
31,3,1
18,9,1
39,5,1
31,37,1
51,18,1
49,40,1
51,29,1
30,29,1
56,32,1
36,26,1
41,8,1
17,13,1
28,32,1
41,4,1
48,36,1
21,11,1
37,19,1
26,3,1
40,6,1
33,19,1
45,44,1
22,39,1
25,26,1
15,28,1
48,15,1
41,16,1
46,41,1
40,29,1
48,29,1
50,36,1
47,15,1
40,32,1
53,18,1
33,44,1
36,14,1
35,43,1
53,16,1
26,45,1
40,41,1
27,13,1
30,20,1
22,36,1
38,41,1
42,44,1
52,9,1
30,43,1
54,28,1
34,10,1
18,10,1
15,40,1
42,18,1
27,41,1
38,6,1
31,19,1
53,42,1
50,32,1
44,37,1
41,20,1
20,28,1
17,40,1
37,3,1
54,41,1
43,7,1
53,18,1
57,36,1
34,28,1
21,9,1
47,35,1
38,20,1
35,31,1
56,36,1
32,30,1
55,33,1
34,42,1
13,20,1
47,31,1
31,42,1
51,25,1
37,7,1
12,22,1
49,10,1
23,7,1
13,26,1
46,46,1
38,10,1
45,28,1
31,39,1
16,25,1
18,13,1
22,31,1
39,43,1
32,18,1
25,44,1
22,10,1
33,22,1
29,2,1
41,6,1
37,43,1
19,26,1
21,14,1
46,6,1
40,3,1
44,36,1
37,5,1
45,36,1
49,27,1
26,37,1
51,32,1
42,41,1
19,37,1
47,43,1
46,29,1
23,26,1
40,47,1
49,7,1
49,23,1
34,28,1
44,16,1
33,21,1
33,27,1
33,32,1
38,39,1
40,9,1
57,31,1
41,41,1
24,42,1
19,33,1
27,19,1
33,30,1
30,11,1
57,16,1
49,41,1
34,39,1
25,35,1
23,7,1
41,38,1
11,18,1
33,16,1
41,24,1
28,42,1
41,3,1
25,35,1
20,40,1
34,43,1
58,29,1
18,28,1
15,40,1
35,17,1
31,42,1
35,30,1
53,11,1
42,7,1
39,11,1
54,13,1
19,20,1
44,20,1
22,8,1
40,45,1
17,16,1
23,46,1
36,30,1
42,38,1
42,10,1
53,12,1
46,8,1
24,15,1
27,48,1
18,8,1
29,11,1
56,35,1
32,1,1
57,23,1
42,8,1
32,44,1
55,20,1
47,36,1
22,6,1
17,40,1
48,19,1
43,8,1
14,30,1
28,45,1
31,4,1
29,10,1
45,7,1
43,26,1
30,36,1
42,40,1
48,35,1
26,3,1
24,10,1
