14,36,0
13,7,0
25,35,0
16,44,0
25,25,0
13,18,0
27,41,0
15,25,0
32,4,0
8,33,0
33,36,0
1,29,0
38,43,0
12,33,0
23,30,0
11,17,0
32,1,0
34,4,0
43,37,0
8,15,0
49,21,0
44,18,0
23,6,0
41,9,0
16,14,0
43,24,0
11,36,0
16,38,0
20,47,0
16,36,0
24,8,0
41,11,0
14,6,0
19,38,0
43,18,0
3,14,0
45,16,0
11,33,0
34,26,0
26,16,0
13,45,0
37,34,0
12,29,0
39,28,0
42,12,0
4,18,0
31,29,0
15,9,0
43,28,0
45,26,0
11,36,0
27,14,0
21,31,0
24,33,0
12,25,0
42,13,0
3,29,0
15,40,0
6,35,0
19,33,0
40,32,0
35,38,0
20,21,0
38,30,0
39,39,0
32,47,0
13,20,0
8,10,0
24,35,0
16,38,0
21,7,0
15,26,0
36,16,0
31,45,0
22,29,0
10,19,0
10,24,0
9,26,0
25,18,0
31,26,0
14,13,0
34,42,0
38,30,0
10,35,0
26,2,0
40,36,0
13,20,0
17,13,0
2,26,0
47,16,0
45,11,0
6,13,0
30,37,0
16,10,0
32,9,0
9,20,0
22,35,0
47,23,0
12,11,0
17,4,0
28,4,0
45,25,0
32,49,0
20,47,0
13,44,0
12,23,0
6,17,0
23,14,0
17,8,0
39,36,0
43,15,0
24,35,0
2,23,0
15,9,0
10,40,0
42,24,0
30,39,0
15,47,0
3,15,0
49,30,0
32,11,0
3,22,0
36,7,0
18,1,0
18,48,0
15,15,0
39,33,0
43,22,0
25,44,0
16,35,0
24,17,0
22,11,0
29,42,0
17,19,0
38,17,0
45,37,0
43,31,0
39,15,0
10,5,0
26,13,0
14,15,0
47,33,0
24,17,0
42,14,0
13,20,0
35,35,0
16,34,0
48,32,0
4,25,0
14,30,0
13,7,0
29,39,0
35,40,0
32,13,0
38,14,0
4,16,0
19,24,0
33,27,0
6,27,0
25,45,0
36,26,0
8,35,0
47,15,0
5,12,0
16,28,0
34,13,0
28,29,0
20,43,0
30,4,0
38,33,0
37,20,0
33,30,0
30,15,0
14,14,0
12,28,0
15,10,0
20,13,0
2,33,0
37,35,0
43,34,0
37,4,0
38,38,0
24,14,0
38,21,0
43,19,0
16,12,0
50,25,0
25,13,0
48,21,0
48,18,0
12,42,0
10,26,0
39,39,0
29,14,0
26,5,0
40,42,0
42,39,0
41,12,0
36,16,0
40,26,0
17,39,0
11,15,0
41,14,0
5,37,0
37,46,0
40,35,0
33,33,0
36,21,0
23,33,0
19,39,0
11,23,0
32,30,0
19,30,0
33,44,0
23,25,0
32,13,0
31,40,0
27,45,0
38,34,0
21,33,0
23,26,0
42,17,0
17,13,0
4,19,0
37,27,0
26,38,0
27,41,0
38,30,0
27,25,0
7,19,0
14,7,0
12,28,0
21,30,0
37,12,0
37,16,0
27,11,0
8,14,0
24,43,0
22,36,0
43,41,0
25,39,0
18,20,0
17,11,0
14,26,0
8,16,0
36,4,0
20,37,0
8,16,0
31,36,0
49,26,0
20,17,1
48,26,1
23,9,1
29,3,1
30,48,1
34,20,1
43,7,1
36,4,1
29,8,1
59,18,1
35,29,1
41,26,1
48,12,1
26,8,1
20,27,1
32,16,1
25,26,1
19,8,1
41,18,1
39,5,1
39,43,1
46,47,1
35,17,1
38,10,1
24,19,1
32,1,1
43,11,1
42,47,1
27,35,1
53,14,1
27,26,1
26,40,1
30,3,1
33,7,1
45,39,1
26,44,1
17,15,1
19,33,1
28,38,1
28,13,1
50,34,1
32,11,1
36,27,1
55,13,1
16,15,1
12,31,1
22,13,1
22,21,1
40,16,1
46,24,1
55,30,1
17,19,1
35,50,1
36,14,1
40,24,1
25,31,1
58,17,1
43,40,1
34,16,1
51,7,1
29,35,1
46,46,1
28,45,1
29,29,1
23,36,1
18,18,1
41,39,1
16,36,1
18,32,1
17,32,1
24,25,1
16,16,1
49,42,1
37,19,1
43,21,1
15,38,1
29,49,1
27,20,1
39,26,1
34,48,1
48,19,1
20,28,1
16,11,1
48,31,1
39,10,1
36,19,1
55,37,1
48,23,1
47,38,1
49,20,1
48,9,1
23,40,1
49,18,1
55,13,1
16,14,1
25,7,1
26,14,1
11,26,1
24,19,1
18,43,1
31,31,1
36,16,1
35,35,1
35,12,1
42,15,1
56,35,1
31,23,1
36,17,1
37,8,1
46,33,1
24,42,1
40,38,1
36,27,1
35,3,1
50,43,1
14,20,1
30,28,1
34,14,1
24,12,1
58,27,1
20,36,1
21,41,1
39,16,1
37,23,1
40,19,1
32,25,1
49,11,1
18,17,1
30,15,1
22,23,1
14,31,1
40,19,1
23,27,1
16,27,1
37,32,1
16,20,1
19,7,1
56,16,1
21,8,1
17,13,1
21,35,1
36,44,1
55,30,1
34,14,1
52,30,1
58,27,1
35,21,1
44,35,1
31,38,1
35,20,1
36,23,1
48,18,1
35,47,1
39,17,1
51,41,1
31,34,1
26,26,1
41,4,1
51,44,1
30,38,1
41,19,1
18,23,1
51,16,1
14,28,1
44,16,1
15,16,1
28,26,1
54,10,1
49,40,1
25,42,1
19,36,1
50,29,1
18,26,1
28,6,1
41,7,1
32,11,1
52,39,1
54,10,1
20,45,1
47,20,1
53,26,1
19,32,1
19,8,1
45,3,1
41,34,1
33,17,1
49,35,1
52,21,1
46,40,1
30,42,1
38,47,1
15,37,1
19,7,1
46,17,1
56,14,1
33,19,1
22,18,1
45,10,1
28,5,1
30,39,1
55,17,1
21,37,1
24,8,1
56,21,1
52,38,1
37,19,1
23,6,1
54,28,1
22,11,1
20,11,1
20,21,1
31,46,1
25,15,1
41,44,1
40,47,1
12,22,1
22,13,1
18,42,1
26,28,1
51,42,1
12,27,1
28,4,1
49,41,1
49,18,1
32,6,1
59,30,1
43,5,1
33,29,1
35,19,1
51,41,1
24,19,1
52,19,1
42,16,1
34,12,1
34,28,1
25,12,1
37,12,1
34,20,1
25,31,1
59,22,1
55,35,1
44,4,1
55,35,1
51,12,1
46,39,1
44,27,1
33,42,1
25,13,1
21,32,1
26,44,1
30,30,1
40,25,1
14,32,1
52,36,1
40,7,1
19,29,1
50,31,1
51,19,1
42,37,1
43,17,1
42,43,1
32,34,1
26,15,1
35,50,1
32,21,1
20,24,1
30,41,1
12,23,1
50,11,1
22,15,1
19,30,1
28,48,1
46,22,1
43,23,1
22,10,1
52,15,1
35,26,1
21,6,1
31,20,1
48,26,1
29,23,1
54,29,1
35,17,1
31,47,1
38,32,1
27,23,1
18,14,1
56,20,1
28,26,1
35,41,1
37,27,1
43,7,1
31,43,1
35,4,1
27,8,1
28,4,1
23,14,1
24,47,1
22,23,1
53,15,1
38,46,1
12,20,1
32,15,1
48,37,1
20,19,1
59,25,1
48,38,1
34,9,1
42,38,1
20,17,1
54,16,1
49,25,1
29,29,1
43,42,1
36,34,1
37,42,1
53,8,1
39,39,1
17,34,1
35,33,1
27,39,1
50,43,1
43,38,1
38,12,1
46,37,1
43,6,1
53,11,1
28,8,1
31,40,1
27,44,1
15,21,1
42,35,1
33,20,1
43,40,1
54,26,1
38,31,1
23,36,1
30,33,1
53,13,1
35,40,1
30,6,1
27,15,1
18,33,1
43,35,1
42,22,1
42,18,1
21,31,1
27,38,1
37,36,1
48,13,1
50,7,1
31,25,1
45,27,1
16,37,1
35,22,1
43,32,1
57,18,1
19,37,1
39,46,1
19,21,1
20,9,1
28,1,1
30,15,1
18,42,1
22,5,1
46,30,1
44,22,1
12,33,1
30,35,1
55,13,1
37,42,1
41,49,1
30,3,1
19,22,1
26,2,1
32,10,1
23,43,1
23,10,1
30,47,1
26,37,1
17,31,1
13,20,1
45,25,1
37,10,1
21,31,1
52,19,1
27,36,1
45,23,1
26,31,1
39,42,1
51,18,1
34,35,1
26,22,1
58,33,1
42,28,1
38,24,1
29,7,1
17,31,1
46,18,1
28,5,1
16,20,1
34,23,1
46,9,1
45,24,1
37,1,1
44,3,1
44,18,1
19,41,1
57,30,1
49,29,1
37,48,1
40,27,1
55,23,1
48,32,1
31,22,1
16,36,1
34,17,1
27,46,1
51,44,1
24,18,1
32,21,1
42,24,1
52,16,1
46,19,1
52,36,1
36,42,1
34,25,1
11,23,1
23,12,1
53,24,1
49,35,1
37,40,1
15,28,1
40,31,1
34,5,1
48,5,1
50,41,1
30,16,1
33,14,1
15,33,1
13,29,1
31,30,1
39,19,1
59,20,1
24,18,1
48,38,1
41,37,1
46,3,1
52,29,1
57,19,1
24,6,1
25,47,1
29,21,1
40,33,1
48,6,1
35,24,1
44,36,1
38,2,1
24,18,1
24,38,1
50,35,1
36,20,1
33,1,1
40,6,1
52,22,1
31,15,1
48,9,1
20,16,1
35,5,1
51,14,1
33,25,1
31,4,1
39,15,1
13,34,1
18,41,1
44,45,1
20,6,1
30,1,1
28,21,1
28,46,1
50,43,1
36,30,1
59,32,1
15,25,1
23,16,1
44,41,1
31,2,1
30,26,1
25,15,1
18,30,1
54,12,1
49,36,1
37,29,1
34,21,1
31,16,1
50,29,1
37,28,1
37,37,1
45,17,1
41,15,1
53,18,1
47,44,1
32,34,1
22,12,1
12,27,1
29,1,1
33,39,1
46,37,1
51,28,1
25,22,1
21,43,1
34,22,1
53,26,1
26,9,1
44,43,1
47,36,1
39,43,1
55,25,1
10,25,1
14,15,1
21,9,1
49,44,1
39,2,1
35,24,1
33,23,1
49,39,1
13,18,1
31,11,1
22,4,1
18,32,1
51,25,1
15,29,1
25,36,1
44,25,1
49,7,1
23,23,1
16,37,1
56,30,1
32,16,1
34,45,1
45,3,1
52,32,1
23,26,1
18,19,1
55,36,1
54,35,1
37,27,1
51,15,1
55,40,1
51,15,1
29,15,1
43,30,1
12,22,1
12,29,1
29,45,1
29,45,1
22,17,1
29,46,1
24,36,1
42,25,1
43,31,1
20,35,1
13,20,1
22,25,1
33,30,1
44,25,1
24,32,1
53,36,1
19,18,1
31,7,1
49,14,1
46,10,1
53,25,1
46,4,1
39,48,1
42,16,1
34,27,1
37,17,1
50,14,1
53,16,1
36,41,1
21,27,1
35,40,1
25,12,1
14,17,1
31,25,1
53,26,1
33,31,1
40,25,1
25,22,1
51,37,1
52,13,1
56,20,1
34,39,1
50,14,1
24,47,1
36,17,1
33,39,1
36,8,1
21,28,1
38,2,1
37,40,1
37,13,1
22,7,1
27,44,1
20,39,1
48,18,1
37,29,1
31,48,1
25,34,1
45,3,1
53,10,1
32,37,1
40,45,1
40,42,1
47,44,1
26,3,1
58,34,1
42,31,1
56,22,1
44,37,1
22,4,1
14,21,1
34,24,1
29,41,1
24,26,1
35,4,1
34,30,1
39,19,1
49,44,1
24,25,1
54,30,1
41,14,1
38,26,1
47,22,1
37,29,1
58,16,1
22,5,1
59,31,1
12,16,1
25,30,1
49,19,1
44,32,1
45,46,1
21,8,1
21,15,1
25,26,1
25,13,1
16,40,1
41,22,1
40,30,1
43,17,1
46,7,1
32,8,1
41,42,1
24,44,1
31,10,1
41,7,1
49,13,1
25,29,1
45,41,1
48,10,1
37,36,1
15,24,1
20,39,1
52,43,1
49,6,1
43,43,1
31,34,1
51,7,1
33,19,1
27,17,1
15,33,1
41,18,1
25,29,1
37,44,1
13,19,1
43,45,1
44,24,1
35,17,1
12,28,1
18,36,1
51,25,1
33,32,1
47,4,1
34,13,1
30,47,1
34,16,1
40,10,1
43,21,1
12,16,1
28,43,1
35,17,1
24,18,1
30,5,1
30,7,1
49,15,1
43,44,1
32,22,1
37,12,1
28,12,1
32,30,1
25,25,1
43,2,1
35,19,1
42,33,1
52,29,1
56,24,1
31,29,1
57,26,1
17,34,1
53,27,1
23,7,1
42,40,1
15,23,1
16,34,1
28,33,1
22,42,1
33,40,1
46,30,1
34,38,1
40,44,1
32,48,1
37,46,1
29,34,1
30,30,1
52,23,1
15,15,1
24,24,1
22,25,1
27,34,1
52,27,1
41,37,1
23,12,1
41,42,1
27,26,1
41,32,1
12,30,1
31,41,1
44,11,1
54,24,1
41,23,1
30,46,1
34,14,1
50,20,1
29,32,1
59,31,1
48,27,1
21,12,1
54,35,1
