38,32,0
4,28,0
15,36,0
14,25,0
10,7,0
23,23,0
18,44,0
21,3,0
33,11,0
22,31,0
31,9,0
28,21,0
16,30,0
2,21,0
23,1,0
5,15,0
35,5,0
17,14,0
20,16,0
41,9,0
3,33,0
29,5,0
32,37,0
4,36,0
49,19,0
30,37,0
13,27,0
28,22,0
28,27,0
9,23,0
30,9,0
11,38,0
24,24,0
3,20,0
22,35,0
16,40,0
22,31,0
40,34,0
5,21,0
13,42,0
35,3,0
18,38,0
9,39,0
25,31,0
48,32,0
8,39,0
21,22,0
32,29,0
38,23,0
46,14,0
25,1,0
29,11,0
35,43,0
34,45,0
12,31,0
8,8,0
16,5,0
1,32,0
20,11,0
16,4,0
27,9,0
37,36,0
32,43,0
31,23,0
28,8,0
14,18,0
8,9,0
17,36,0
3,16,0
19,41,0
27,4,0
8,42,0
16,34,0
2,25,0
6,14,0
31,29,0
8,38,0
49,27,0
13,11,0
40,9,0
17,28,0
32,12,0
37,9,0
23,28,0
29,32,0
37,8,0
10,36,0
32,25,0
28,38,0
44,23,0
24,22,0
28,22,0
46,27,0
12,36,0
22,22,0
35,3,0
23,41,0
31,49,0
17,38,0
25,4,0
1,24,0
21,21,0
9,14,0
29,49,0
23,1,0
21,27,0
14,17,0
25,7,0
6,12,0
34,18,0
14,5,0
19,33,0
16,42,0
22,36,0
26,19,0
26,15,0
42,24,0
40,5,0
28,8,0
38,14,0
37,21,0
33,2,0
36,32,0
45,25,0
22,38,0
32,48,0
27,32,0
22,24,0
18,23,0
11,35,0
39,41,0
31,30,0
23,33,0
32,45,0
33,45,0
35,26,0
24,32,0
31,16,0
14,20,0
15,31,0
15,41,0
9,25,0
6,15,0
41,32,0
42,20,0
41,9,0
38,24,0
15,15,0
29,30,0
18,4,0
6,25,0
21,14,0
9,22,0
46,25,0
9,37,0
38,20,0
34,41,0
27,41,0
12,31,0
39,14,0
16,30,0
8,36,0
3,19,0
35,3,0
27,35,0
25,11,0
39,9,0
13,9,0
13,20,0
19,30,0
19,44,0
38,33,0
27,45,0
44,16,0
35,46,0
17,2,0
20,39,0
12,7,0
37,24,0
40,38,0
18,8,0
37,32,0
20,20,0
23,47,0
22,32,0
46,32,0
36,39,0
33,37,0
33,47,0
25,7,0
7,42,0
30,38,0
25,28,0
21,48,0
35,15,0
29,31,0
9,41,0
29,24,0
18,14,0
36,43,0
22,18,0
13,12,0
9,7,0
34,3,0
47,14,0
34,19,0
45,17,0
34,40,0
29,42,0
34,26,0
29,32,0
14,17,0
9,27,0
41,32,0
2,27,0
34,14,0
30,20,0
44,39,0
8,12,0
27,7,0
31,41,0
37,21,0
5,11,0
24,34,0
6,14,0
13,30,0
6,19,0
28,8,0
16,42,0
32,14,0
19,20,0
45,25,0
16,6,0
41,42,0
38,7,0
10,43,0
38,40,0
26,39,0
30,32,0
30,3,0
20,33,0
30,18,0
5,39,0
38,35,0
48,33,0
41,10,0
27,5,0
32,18,0
31,24,0
18,11,0
16,33,1
12,34,1
23,20,1
26,4,1
38,34,1
13,28,1
22,13,1
31,23,1
27,8,1
20,36,1
28,29,1
49,28,1
42,34,1
35,9,1
38,15,1
32,5,1
56,24,1
38,27,1
35,16,1
42,48,1
36,49,1
36,2,1
14,33,1
45,16,1
55,37,1
37,9,1
47,38,1
40,4,1
36,45,1
19,39,1
27,35,1
37,37,1
48,38,1
53,40,1
20,22,1
45,18,1
51,21,1
19,20,1
32,27,1
42,25,1
23,42,1
17,32,1
46,40,1
30,25,1
38,33,1
57,20,1
42,33,1
33,16,1
51,9,1
26,11,1
55,40,1
26,48,1
38,31,1
38,13,1
50,27,1
16,16,1
42,39,1
53,25,1
49,20,1
34,34,1
24,37,1
25,11,1
21,41,1
14,13,1
29,26,1
42,45,1
28,6,1
19,8,1
25,33,1
47,27,1
47,6,1
40,14,1
20,35,1
50,44,1
42,28,1
40,18,1
23,27,1
27,10,1
37,15,1
18,24,1
30,43,1
17,39,1
25,4,1
50,27,1
43,23,1
21,25,1
33,43,1
24,46,1
48,23,1
54,27,1
40,14,1
31,35,1
20,33,1
13,34,1
29,45,1
18,32,1
45,30,1
22,31,1
34,32,1
21,13,1
32,17,1
26,19,1
21,9,1
20,29,1
17,42,1
42,30,1
30,34,1
56,28,1
41,34,1
50,14,1
56,14,1
47,25,1
39,29,1
15,27,1
49,8,1
32,37,1
40,38,1
36,9,1
34,30,1
58,27,1
47,33,1
34,8,1
28,48,1
23,46,1
26,2,1
16,26,1
50,37,1
31,41,1
28,24,1
36,16,1
37,25,1
36,36,1
13,23,1
21,14,1
28,4,1
36,4,1
26,10,1
31,28,1
54,26,1
51,38,1
20,15,1
26,25,1
48,21,1
46,16,1
45,37,1
13,31,1
28,6,1
23,5,1
26,10,1
21,31,1
16,26,1
29,33,1
32,44,1
43,7,1
26,40,1
58,26,1
14,22,1
32,40,1
35,17,1
34,17,1
33,17,1
44,24,1
18,16,1
26,30,1
44,27,1
42,34,1
43,42,1
22,40,1
30,43,1
18,22,1
20,38,1
41,33,1
46,18,1
54,41,1
25,18,1
34,38,1
48,20,1
52,13,1
27,15,1
45,14,1
33,16,1
39,6,1
46,5,1
48,26,1
20,20,1
32,34,1
25,37,1
43,23,1
26,13,1
47,21,1
59,30,1
42,34,1
39,9,1
26,18,1
51,26,1
38,24,1
40,32,1
28,4,1
43,2,1
19,13,1
40,23,1
50,30,1
30,33,1
54,41,1
26,6,1
16,36,1
35,42,1
43,8,1
39,36,1
49,10,1
35,17,1
35,29,1
33,43,1
22,14,1
29,39,1
53,13,1
39,22,1
46,43,1
18,7,1
53,20,1
21,19,1
27,3,1
40,2,1
42,3,1
32,26,1
21,17,1
57,36,1
13,17,1
36,11,1
23,38,1
47,18,1
32,43,1
23,44,1
29,30,1
18,34,1
15,30,1
47,20,1
37,48,1
24,13,1
38,21,1
15,19,1
39,2,1
31,42,1
21,13,1
30,32,1
36,46,1
44,41,1
46,30,1
40,47,1
54,29,1
34,29,1
21,40,1
45,6,1
27,9,1
40,36,1
22,35,1
38,20,1
36,33,1
18,12,1
26,37,1
43,34,1
36,21,1
38,42,1
43,15,1
32,9,1
31,32,1
32,29,1
29,28,1
34,8,1
51,41,1
49,20,1
51,43,1
41,25,1
48,9,1
25,3,1
29,16,1
12,31,1
29,3,1
42,39,1
20,7,1
42,1,1
46,33,1
45,39,1
29,40,1
44,44,1
14,21,1
52,26,1
35,32,1
41,2,1
53,9,1
50,22,1
52,41,1
39,35,1
38,35,1
52,20,1
42,28,1
27,45,1
24,22,1
16,19,1
20,24,1
54,41,1
24,32,1
26,33,1
25,45,1
39,13,1
55,12,1
46,40,1
33,44,1
35,35,1
48,6,1
53,20,1
17,34,1
40,34,1
33,5,1
41,1,1
15,30,1
26,48,1
44,24,1
19,44,1
16,18,1
53,35,1
51,7,1
11,24,1
14,19,1
48,9,1
50,21,1
21,10,1
51,8,1
55,20,1
28,4,1
55,16,1
50,11,1
35,21,1
16,38,1
24,33,1
37,26,1
54,22,1
26,12,1
38,20,1
12,22,1
20,19,1
12,24,1
25,15,1
24,42,1
26,7,1
46,11,1
57,14,1
19,40,1
26,7,1
54,35,1
37,46,1
26,5,1
25,9,1
25,38,1
45,42,1
45,45,1
39,2,1
41,12,1
39,22,1
26,41,1
23,37,1
59,30,1
44,15,1
22,19,1
29,38,1
56,34,1
58,29,1
18,14,1
34,9,1
23,46,1
51,15,1
39,31,1
22,7,1
44,41,1
28,5,1
51,21,1
38,47,1
38,30,1
33,16,1
39,11,1
44,29,1
14,26,1
47,34,1
59,29,1
21,11,1
29,32,1
33,43,1
18,37,1
40,47,1
58,34,1
43,4,1
43,2,1
42,11,1
19,35,1
54,13,1
49,33,1
38,4,1
26,47,1
36,25,1
48,20,1
17,16,1
34,43,1
41,34,1
29,26,1
32,39,1
44,35,1
30,12,1
45,34,1
51,21,1
39,31,1
29,34,1
12,27,1
47,42,1
40,46,1
25,7,1
31,30,1
11,29,1
21,23,1
58,28,1
41,36,1
48,34,1
52,18,1
32,4,1
36,40,1
47,35,1
18,22,1
42,12,1
55,22,1
46,25,1
36,4,1
28,4,1
29,4,1
26,14,1
55,34,1
37,18,1
18,14,1
12,24,1
39,21,1
51,6,1
21,21,1
11,19,1
15,33,1
55,18,1
14,38,1
30,17,1
42,38,1
15,38,1
49,38,1
55,17,1
50,43,1
49,38,1
24,29,1
24,36,1
52,13,1
59,19,1
12,18,1
48,5,1
56,20,1
53,20,1
38,26,1
40,43,1
31,33,1
36,1,1
33,34,1
44,27,1
12,17,1
57,30,1
23,39,1
14,19,1
43,35,1
39,10,1
38,45,1
14,33,1
30,29,1
18,19,1
37,7,1
57,32,1
43,9,1
24,24,1
39,22,1
46,20,1
19,15,1
28,22,1
29,4,1
58,18,1
47,40,1
47,14,1
18,36,1
51,6,1
54,24,1
30,1,1
40,47,1
26,9,1
13,24,1
39,14,1
27,42,1
29,31,1
23,40,1
29,10,1
13,30,1
50,15,1
34,4,1
59,18,1
54,40,1
21,15,1
26,35,1
46,13,1
48,46,1
16,22,1
23,4,1
33,13,1
44,19,1
16,12,1
27,22,1
48,43,1
44,38,1
36,15,1
37,20,1
22,30,1
35,40,1
49,13,1
57,26,1
33,15,1
18,16,1
54,40,1
25,4,1
34,9,1
31,25,1
54,12,1
54,17,1
29,49,1
24,28,1
44,42,1
48,41,1
42,24,1
25,19,1
24,4,1
57,35,1
48,18,1
44,48,1
26,40,1
25,45,1
19,25,1
14,27,1
38,14,1
36,21,1
38,4,1
23,29,1
52,26,1
37,21,1
14,12,1
46,30,1
53,39,1
13,15,1
46,39,1
56,24,1
40,16,1
43,20,1
26,36,1
47,43,1
37,35,1
46,34,1
57,16,1
17,26,1
39,4,1
48,40,1
38,23,1
47,33,1
45,42,1
17,22,1
17,32,1
57,36,1
29,18,1
33,25,1
19,16,1
25,15,1
17,8,1
41,45,1
43,12,1
22,9,1
13,17,1
39,23,1
27,20,1
21,34,1
43,41,1
40,23,1
44,2,1
37,15,1
56,16,1
25,11,1
29,48,1
53,9,1
49,45,1
33,34,1
22,36,1
40,3,1
33,29,1
22,35,1
57,21,1
48,17,1
53,11,1
30,8,1
24,27,1
22,35,1
19,10,1
17,37,1
53,17,1
39,49,1
18,25,1
40,41,1
45,32,1
22,33,1
53,37,1
31,30,1
30,2,1
25,6,1
15,17,1
45,15,1
13,27,1
42,47,1
38,28,1
35,14,1
23,42,1
45,9,1
43,3,1
11,28,1
49,24,1
52,12,1
28,33,1
34,23,1
44,48,1
20,18,1
34,26,1
18,12,1
16,15,1
37,42,1
47,12,1
54,25,1
18,19,1
52,17,1
53,40,1
19,38,1
46,4,1
23,20,1
41,1,1
59,30,1
21,26,1
58,20,1
48,28,1
19,18,1
50,34,1
33,46,1
47,17,1
43,36,1
30,43,1
45,35,1
50,34,1
16,16,1
47,14,1
26,12,1
25,22,1
43,25,1
22,12,1
44,40,1
52,40,1
11,21,1
58,21,1
47,20,1
56,18,1
54,22,1
23,39,1
19,32,1
50,6,1
28,18,1
39,28,1
38,35,1
40,43,1
30,45,1
22,18,1
23,30,1
34,35,1
42,7,1
28,24,1
35,5,1
14,35,1
21,28,1
24,31,1
44,35,1
26,47,1
17,19,1
37,18,1
23,41,1
52,27,1
23,23,1
26,25,1
38,7,1
31,24,1
20,27,1
23,14,1
19,8,1
28,3,1
14,25,1
36,1,1
23,12,1
43,29,1
17,18,1
35,3,1
26,33,1
44,42,1
44,13,1
21,31,1
23,46,1
28,14,1
21,10,1
54,27,1
16,27,1
12,29,1
38,44,1
32,33,1
47,23,1
18,34,1
44,35,1
12,24,1
30,29,1
34,18,1
18,43,1
24,39,1
18,38,1
50,14,1
32,21,1
18,11,1
37,39,1
55,28,1
21,11,1
35,3,1
18,10,1
19,31,1
26,22,1
40,35,1
16,18,1
40,16,1
37,17,1
32,40,1
52,15,1
29,9,1
36,29,1
34,41,1
29,24,1
19,25,1
42,18,1
