38,17,0
43,19,0
29,29,0
41,20,0
43,9,0
31,20,0
15,36,0
25,7,0
24,14,0
31,25,0
3,29,0
42,12,0
30,22,0
39,16,0
3,27,0
42,15,0
29,31,0
46,28,0
28,26,0
40,25,0
41,30,0
34,25,0
11,27,0
23,22,0
1,20,0
30,20,0
18,37,0
14,26,0
8,22,0
17,41,0
44,37,0
4,32,0
12,33,0
13,43,0
33,5,0
20,19,0
17,28,0
44,16,0
6,39,0
26,19,0
20,36,0
8,8,0
37,16,0
25,42,0
11,28,0
27,42,0
1,26,0
16,48,0
48,18,0
43,26,0
18,16,0
3,15,0
40,24,0
19,26,0
42,18,0
33,46,0
7,15,0
43,16,0
34,47,0
27,19,0
46,12,0
19,37,0
32,5,0
18,42,0
25,38,0
8,18,0
26,32,0
37,31,0
27,44,0
43,8,0
24,7,0
16,27,0
20,9,0
33,13,0
41,6,0
1,20,0
17,11,0
16,27,0
16,28,0
19,43,0
18,28,0
9,15,0
10,9,0
23,19,0
19,4,0
11,21,0
5,27,0
26,5,0
44,39,0
3,32,0
7,37,0
4,33,0
23,1,0
25,3,0
43,31,0
24,6,0
5,23,0
25,4,0
40,12,0
19,45,0
30,43,0
35,29,0
26,10,0
15,7,0
32,48,0
13,19,0
34,25,0
25,39,0
3,29,0
33,32,0
45,22,0
42,22,0
3,27,0
26,26,0
14,4,0
25,34,0
31,35,0
3,31,0
16,6,0
12,36,0
39,26,0
28,42,0
15,7,0
10,8,0
34,45,0
9,28,0
33,35,0
45,31,0
11,17,0
7,41,0
28,4,0
30,10,0
11,45,0
19,9,0
8,22,0
13,42,0
44,17,0
14,17,0
9,28,0
42,38,0
49,28,0
34,36,0
24,30,0
37,8,0
27,15,0
39,24,0
34,4,0
1,18,0
5,10,0
46,38,0
31,6,0
43,20,0
12,34,0
21,46,0
39,25,0
19,49,0
15,37,0
15,14,0
46,35,0
44,15,0
6,14,0
35,27,0
27,46,0
18,32,0
37,40,0
8,42,0
27,5,0
26,31,0
3,16,0
29,25,0
31,25,0
19,2,0
46,23,0
8,25,0
30,26,0
33,6,0
14,9,0
33,28,0
15,37,0
32,39,0
10,21,0
33,22,0
24,18,0
18,33,0
31,23,0
20,24,0
23,13,0
31,35,0
12,41,0
11,32,0
7,16,0
30,31,0
14,15,0
18,39,0
41,35,0
7,9,0
25,42,0
18,44,0
47,26,0
9,14,0
22,36,0
42,42,0
23,24,0
15,47,0
41,10,0
16,11,0
44,25,0
1,22,0
6,22,0
22,20,0
24,40,0
16,22,0
40,14,0
38,43,0
35,21,0
21,26,0
47,36,0
17,25,0
7,17,0
17,33,0
33,13,0
9,33,0
17,24,0
2,23,0
25,4,0
24,36,0
15,15,0
36,19,0
31,32,0
46,34,0
28,31,0
18,28,0
35,25,0
29,5,0
19,48,0
6,24,0
18,37,0
4,38,0
6,19,0
30,18,0
34,39,0
41,15,0
29,23,0
29,45,0
33,32,0
32,38,0
22,15,0
37,10,0
24,17,0
26,15,0
315,38,1
295,48,1
285,3,1
295,5,1
290,2,1
285,36,1
297,22,1
281,13,1
277,10,1
282,28,1
296,6,1
306,3,1
295,10,1
304,31,1
274,24,1
293,8,1
293,46,1
285,40,1
304,22,1
288,44,1
290,49,1
313,42,1
281,20,1
295,46,1
274,26,1
291,45,1
280,12,1
290,26,1
294,17,1
276,38,1
299,40,1
309,10,1
307,40,1
290,10,1
298,3,1
297,17,1
273,28,1
304,40,1
279,29,1
287,22,1
301,18,1
292,9,1
284,41,1
292,34,1
285,31,1
294,33,1
302,37,1
304,40,1
315,22,1
302,7,1
274,27,1
319,32,1
306,39,1
316,16,1
282,42,1
274,20,1
294,48,1
301,45,1
310,21,1
303,31,1
279,12,1
310,5,1
287,28,1
319,24,1
291,20,1
297,17,1
293,13,1
308,22,1
308,37,1
284,29,1
299,34,1
319,30,1
289,45,1
280,26,1
287,39,1
299,2,1
275,25,1
312,15,1
312,26,1
289,3,1
290,41,1
312,43,1
312,39,1
289,49,1
302,33,1
273,35,1
316,25,1
296,24,1
316,38,1
304,47,1
314,9,1
288,3,1
300,18,1
295,40,1
297,49,1
308,15,1
290,23,1
297,36,1
279,16,1
286,8,1
311,37,1
280,27,1
301,25,1
294,31,1
306,47,1
272,29,1
298,8,1
284,46,1
312,38,1
308,26,1
313,13,1
292,32,1
278,18,1
275,24,1
289,14,1
300,35,1
309,40,1
301,37,1
288,44,1
315,25,1
298,5,1
308,29,1
271,20,1
286,11,1
291,10,1
307,42,1
275,10,1
314,36,1
293,5,1
311,20,1
281,26,1
303,3,1
300,44,1
283,44,1
300,10,1
306,3,1
308,32,1
319,18,1
305,19,1
301,33,1
297,44,1
276,32,1
299,46,1
308,19,1
306,9,1
295,20,1
311,22,1
308,5,1
275,36,1
276,36,1
284,20,1
314,19,1
302,27,1
313,11,1
272,16,1
294,8,1
301,21,1
290,43,1
309,44,1
306,41,1
286,41,1
289,14,1
288,30,1
303,48,1
311,33,1
293,24,1
305,10,1
295,13,1
276,27,1
316,12,1
293,45,1
278,39,1
311,41,1
278,23,1
314,17,1
294,36,1
287,9,1
277,23,1
306,28,1
312,43,1
273,21,1
314,11,1
297,7,1
292,23,1
305,22,1
295,3,1
282,24,1
285,16,1
280,25,1
299,42,1
306,20,1
286,42,1
273,32,1
305,18,1
303,13,1
294,24,1
292,4,1
280,45,1
285,23,1
289,34,1
306,44,1
314,31,1
306,34,1
271,23,1
293,18,1
297,41,1
309,12,1
287,45,1
307,20,1
305,18,1
304,26,1
286,18,1
274,12,1
309,25,1
301,23,1
302,27,1
295,34,1
295,41,1
301,3,1
295,40,1
287,4,1
304,3,1
299,38,1
291,19,1
303,6,1
307,43,1
307,11,1
291,26,1
308,45,1
285,27,1
301,9,1
282,14,1
311,14,1
310,24,1
300,3,1
279,15,1
288,6,1
281,42,1
304,4,1
307,30,1
306,30,1
305,35,1
289,2,1
306,10,1
297,8,1
305,4,1
312,30,1
307,43,1
287,22,1
316,18,1
310,6,1
280,41,1
298,6,1
273,29,1
290,12,1
289,2,1
303,24,1
302,48,1
273,16,1
312,38,1
312,42,1
301,25,1
313,24,1
298,37,1
277,23,1
318,18,1
316,25,1
308,27,1
293,34,1
299,25,1
298,2,1
279,9,1
302,38,1
290,41,1
286,12,1
289,20,1
284,13,1
280,32,1
311,34,1
295,49,1
289,38,1
310,31,1
318,34,1
296,30,1
303,22,1
274,22,1
313,40,1
303,5,1
318,28,1
295,19,1
286,19,1
312,40,1
312,43,1
295,24,1
277,36,1
309,32,1
303,17,1
289,41,1
285,15,1
280,12,1
319,27,1
314,11,1
291,41,1
299,36,1
313,8,1
290,49,1
306,36,1
290,49,1
318,26,1
315,18,1
303,10,1
280,23,1
309,26,1
291,31,1
293,43,1
291,44,1
277,32,1
272,22,1
308,25,1
313,38,1
309,22,1
283,17,1
319,22,1
280,41,1
318,34,1
286,3,1
312,29,1
297,9,1
301,21,1
278,34,1
301,43,1
293,27,1
314,10,1
302,10,1
299,2,1
292,42,1
295,0,1
296,44,1
307,40,1
296,26,1
297,24,1
301,16,1
299,16,1
298,6,1
310,10,1
280,34,1
300,41,1
299,36,1
308,18,1
314,31,1
276,17,1
277,20,1
318,20,1
315,26,1
311,41,1
307,13,1
280,18,1
277,41,1
288,47,1
292,14,1
291,9,1
295,15,1
303,33,1
318,30,1
274,30,1
310,36,1
309,19,1
308,11,1
309,36,1
275,27,1
271,32,1
282,30,1
273,20,1
306,29,1
301,26,1
286,7,1
288,33,1
281,36,1
290,41,1
295,45,1
292,20,1
273,17,1
284,14,1
293,25,1
281,10,1
278,37,1
313,27,1
291,36,1
319,24,1
289,25,1
291,47,1
271,28,1
298,49,1
294,5,1
282,21,1
277,14,1
310,29,1
309,17,1
303,26,1
288,26,1
313,28,1
278,28,1
306,19,1
309,5,1
297,34,1
294,35,1
287,24,1
290,4,1
297,36,1
274,13,1
286,38,1
306,28,1
279,13,1
289,15,1
309,35,1
272,18,1
276,10,1
291,7,1
311,31,1
308,23,1
298,47,1
296,4,1
291,48,1
308,37,1
314,29,1
278,35,1
274,20,1
295,6,1
316,13,1
312,25,1
284,10,1
300,7,1
288,16,1
294,9,1
287,46,1
288,46,1
301,48,1
288,22,1
286,25,1
290,31,1
305,7,1
279,41,1
297,4,1
274,30,1
311,22,1
296,16,1
275,30,1
303,9,1
292,7,1
285,44,1
313,11,1
288,14,1
299,14,1
289,39,1
306,42,1
312,17,1
287,44,1
297,27,1
273,24,1
284,27,1
304,29,1
284,41,1
303,21,1
287,46,1
293,32,1
293,40,1
287,36,1
310,33,1
273,32,1
298,12,1
298,35,1
279,12,1
284,33,1
293,28,1
287,39,1
298,28,1
308,40,1
283,9,1
272,16,1
316,32,1
309,26,1
284,42,1
279,42,1
275,18,1
286,25,1
315,26,1
303,20,1
289,48,1
286,36,1
282,19,1
295,43,1
274,26,1
311,29,1
313,42,1
300,13,1
283,8,1
281,7,1
306,45,1
307,31,1
303,40,1
293,31,1
281,18,1
303,25,1
301,20,1
296,49,1
294,13,1
290,30,1
284,44,1
287,14,1
311,21,1
279,22,1
297,23,1
313,14,1
283,25,1
316,31,1
276,32,1
295,33,1
305,22,1
303,17,1
299,17,1
274,37,1
278,28,1
292,31,1
301,49,1
293,7,1
304,20,1
318,30,1
294,13,1
309,8,1
283,28,1
288,45,1
284,14,1
305,31,1
315,21,1
295,11,1
278,34,1
298,16,1
276,11,1
275,11,1
310,31,1
305,42,1
279,38,1
315,23,1
313,37,1
298,21,1
276,29,1
285,28,1
308,36,1
305,10,1
285,31,1
307,16,1
304,38,1
272,30,1
304,14,1
280,11,1
289,44,1
301,44,1
313,21,1
277,16,1
310,23,1
282,29,1
295,17,1
297,28,1
291,49,1
310,44,1
302,19,1
309,21,1
310,29,1
294,7,1
290,7,1
286,13,1
298,40,1
280,42,1
288,40,1
309,26,1
289,29,1
302,19,1
292,30,1
294,19,1
303,21,1
280,42,1
289,4,1
299,15,1
288,26,1
282,12,1
298,27,1
289,31,1
312,40,1
313,11,1
306,9,1
287,47,1
288,37,1
285,31,1
290,37,1
314,28,1
307,37,1
294,14,1
297,4,1
299,28,1
288,45,1
295,48,1
315,30,1
312,39,1
319,25,1
291,10,1
304,40,1
271,25,1
298,18,1
289,5,1
305,46,1
303,5,1
301,22,1
279,38,1
319,19,1
307,4,1
285,6,1
293,49,1
301,29,1
314,25,1
285,31,1
280,39,1
276,41,1
308,10,1
279,12,1
293,47,1
302,40,1
313,40,1
286,11,1
311,13,1
289,48,1
305,21,1
289,12,1
304,3,1
295,6,1
278,42,1
281,42,1
305,15,1
306,25,1
276,11,1
273,36,1
300,38,1
316,25,1
309,32,1
275,17,1
305,26,1
288,46,1
298,21,1
309,24,1
311,11,1
302,22,1
297,37,1
278,31,1
309,25,1
282,23,1
311,20,1
309,20,1
276,38,1
277,35,1
308,25,1
291,33,1
285,18,1
291,48,1
309,27,1
290,27,1
289,9,1
274,34,1
271,18,1
309,41,1
295,7,1
295,8,1
281,35,1
301,7,1
285,34,1
282,17,1
317,30,1
300,48,1
283,25,1
280,5,1
311,11,1
289,42,1
314,35,1
282,38,1
278,36,1
303,44,1
307,23,1
299,40,1
297,8,1
311,43,1
311,32,1
299,30,1
316,13,1
312,9,1
291,22,1
290,10,1
292,11,1
291,19,1
300,19,1
302,42,1
271,24,1
290,22,1
284,34,1
282,26,1
300,23,1
305,35,1
293,30,1
286,31,1
298,32,1
298,17,1
297,4,1
298,45,1
311,12,1
310,42,1
315,17,1
283,40,1
304,14,1
296,5,1
309,40,1
279,10,1
309,35,1
311,15,1
285,44,1
307,38,1
283,46,1
301,30,1
308,7,1
303,29,1
291,43,1
298,23,1
272,32,1
301,48,1
290,19,1
299,8,1
318,32,1
301,30,1
291,28,1
275,17,1
295,20,1
288,34,1
296,2,1
304,10,1
276,41,1
295,3,1
292,17,1
275,11,1
308,20,1
282,36,1
272,16,1
279,27,1
283,29,1
297,5,1
