28,13,0
41,38,0
16,41,0
32,11,0
20,27,0
41,8,0
32,26,0
1,27,0
27,24,0
38,31,0
23,24,0
20,20,0
25,11,0
23,15,0
42,32,0
30,16,0
21,24,0
13,40,0
12,18,0
32,28,0
13,39,0
21,18,0
43,36,0
27,19,0
17,32,0
12,5,0
40,40,0
42,24,0
37,18,0
10,42,0
17,26,0
43,38,0
9,41,0
38,14,0
9,28,0
25,26,0
4,36,0
30,35,0
38,37,0
18,35,0
21,40,0
35,11,0
35,29,0
16,25,0
41,41,0
38,15,0
22,32,0
30,22,0
30,31,0
23,32,0
30,22,0
45,23,0
37,17,0
7,22,0
23,46,0
15,30,0
28,22,0
4,20,0
5,12,0
14,7,0
10,42,0
25,45,0
31,6,0
13,38,0
24,46,0
35,13,0
45,18,0
25,27,0
28,14,0
41,14,0
22,36,0
23,17,0
13,40,0
23,16,0
16,35,0
29,7,0
43,11,0
14,3,0
26,25,0
22,8,0
23,17,0
2,33,0
17,46,0
11,36,0
24,7,0
21,12,0
26,22,0
46,23,0
41,28,0
24,24,0
29,27,0
18,6,0
31,8,0
25,7,0
32,44,0
44,27,0
19,9,0
19,10,0
11,30,0
33,28,0
35,40,0
40,36,0
49,19,0
37,31,0
35,47,0
12,7,0
41,40,0
38,6,0
23,43,0
5,37,0
30,29,0
35,42,0
34,43,0
26,13,0
8,25,0
36,28,0
49,23,0
30,40,0
13,8,0
44,40,0
22,1,0
12,38,0
14,4,0
21,37,0
9,18,0
17,13,0
45,10,0
17,18,0
17,22,0
14,24,0
15,12,0
21,12,0
44,28,0
11,41,0
47,19,0
30,6,0
8,26,0
28,2,0
38,17,0
23,29,0
25,21,0
30,42,0
41,30,0
15,14,0
35,8,0
19,36,0
6,19,0
22,4,0
23,38,0
33,46,0
44,17,0
22,26,0
35,37,0
8,32,0
28,45,0
37,23,0
24,10,0
40,30,0
39,41,0
25,30,0
40,36,0
38,46,0
2,27,0
33,17,0
36,3,0
14,38,0
27,5,0
22,8,0
8,40,0
19,2,0
16,18,0
12,33,0
21,49,0
22,20,0
16,3,0
39,42,0
13,19,0
13,38,0
34,44,0
7,11,0
17,27,0
43,37,0
26,2,0
20,22,0
41,21,0
36,11,0
25,1,0
26,33,0
17,31,0
37,40,0
26,44,0
24,10,0
1,20,0
19,46,0
37,34,0
31,12,0
34,38,0
26,11,0
40,22,0
23,9,0
40,42,0
18,37,0
4,18,0
26,35,0
14,11,0
25,13,0
14,9,0
13,8,0
38,32,0
4,26,0
44,18,0
15,26,0
36,22,0
37,43,0
34,26,0
9,26,0
42,13,0
24,25,0
7,8,0
14,28,0
12,24,0
6,14,0
33,22,0
44,21,0
46,13,0
39,36,0
23,7,0
44,38,0
36,29,0
1,24,0
29,25,0
30,48,0
29,43,0
25,35,0
16,18,0
11,8,0
32,27,0
33,6,0
22,24,0
30,29,0
7,19,0
5,37,0
11,12,0
15,33,0
27,10,0
8,20,0
41,9,0
24,4,0
16,47,0
26,41,0
286,15,1
296,9,1
282,27,1
298,32,1
303,33,1
289,1,1
298,31,1
267,17,1
288,39,1
281,18,1
296,16,1
292,36,1
293,8,1
265,11,1
271,18,1
287,27,1
271,8,1
267,26,1
272,26,1
306,29,1
301,13,1
298,22,1
265,16,1
265,37,1
302,8,1
292,44,1
263,23,1
285,5,1
271,18,1
284,45,1
295,25,1
298,16,1
283,39,1
285,49,1
303,14,1
284,2,1
284,14,1
291,42,1
303,38,1
291,48,1
292,19,1
290,44,1
271,21,1
288,18,1
298,12,1
273,19,1
276,4,1
273,43,1
281,33,1
302,24,1
299,12,1
280,3,1
302,26,1
308,27,1
274,41,1
282,35,1
290,45,1
270,7,1
288,9,1
273,8,1
265,17,1
301,22,1
271,9,1
272,46,1
287,46,1
299,42,1
304,41,1
300,35,1
285,22,1
285,42,1
292,14,1
297,41,1
277,26,1
275,30,1
289,5,1
307,17,1
288,10,1
283,23,1
286,14,1
296,36,1
293,13,1
282,32,1
274,17,1
295,27,1
284,26,1
265,10,1
294,36,1
308,34,1
274,14,1
287,17,1
292,46,1
295,44,1
300,28,1
281,11,1
267,26,1
268,36,1
296,28,1
277,41,1
287,42,1
294,29,1
276,29,1
263,33,1
295,11,1
263,29,1
284,43,1
272,38,1
303,31,1
273,28,1
274,24,1
273,30,1
267,29,1
280,22,1
271,36,1
274,21,1
287,2,1
297,8,1
288,1,1
295,19,1
281,47,1
301,35,1
277,12,1
264,30,1
280,36,1
296,38,1
273,32,1
284,1,1
294,30,1
292,11,1
291,42,1
269,42,1
261,24,1
282,2,1
284,41,1
280,20,1
292,2,1
287,20,1
288,12,1
289,26,1
300,40,1
279,25,1
306,28,1
285,11,1
263,27,1
303,37,1
295,44,1
277,6,1
292,6,1
268,16,1
279,7,1
276,34,1
279,13,1
275,19,1
281,8,1
280,23,1
297,12,1
294,34,1
274,20,1
291,11,1
295,26,1
307,17,1
288,13,1
295,22,1
289,44,1
296,47,1
267,36,1
279,32,1
293,11,1
285,21,1
288,44,1
271,14,1
295,20,1
269,11,1
265,23,1
292,27,1
289,17,1
302,41,1
263,25,1
283,4,1
271,40,1
301,8,1
262,30,1
261,25,1
275,23,1
276,41,1
292,5,1
267,30,1
278,13,1
295,8,1
275,20,1
301,8,1
290,1,1
303,42,1
299,44,1
273,7,1
274,3,1
277,27,1
277,33,1
267,35,1
296,31,1
300,26,1
272,17,1
270,40,1
282,16,1
301,9,1
304,31,1
291,38,1
277,36,1
287,11,1
278,12,1
284,10,1
274,23,1
279,35,1
266,10,1
274,23,1
289,47,1
273,38,1
299,7,1
282,3,1
290,27,1
295,9,1
262,28,1
279,39,1
273,41,1
289,9,1
301,13,1
261,27,1
287,21,1
297,9,1
306,18,1
283,19,1
276,30,1
284,42,1
290,5,1
306,18,1
286,16,1
297,5,1
298,45,1
291,46,1
265,26,1
299,24,1
290,45,1
276,31,1
270,13,1
298,23,1
268,43,1
298,38,1
286,29,1
279,1,1
300,10,1
276,23,1
269,32,1
272,34,1
267,36,1
279,27,1
279,7,1
282,6,1
296,23,1
292,18,1
280,7,1
286,8,1
274,29,1
271,13,1
293,10,1
264,16,1
278,45,1
288,1,1
280,14,1
287,36,1
307,33,1
271,17,1
286,18,1
302,9,1
288,37,1
293,22,1
274,37,1
300,28,1
265,40,1
284,6,1
286,33,1
274,45,1
265,32,1
291,28,1
290,42,1
276,15,1
294,9,1
285,28,1
295,47,1
292,12,1
287,4,1
266,20,1
278,10,1
276,27,1
302,20,1
282,38,1
288,44,1
292,30,1
275,40,1
308,22,1
284,16,1
278,9,1
270,28,1
300,9,1
276,30,1
283,2,1
300,36,1
263,27,1
307,28,1
299,6,1
299,5,1
301,34,1
301,19,1
306,26,1
270,36,1
296,3,1
289,48,1
270,26,1
303,13,1
282,40,1
288,49,1
278,36,1
302,39,1
276,48,1
274,11,1
289,34,1
273,16,1
283,13,1
262,30,1
305,25,1
289,8,1
292,21,1
295,19,1
279,39,1
295,31,1
302,33,1
290,42,1
294,43,1
269,30,1
280,17,1
303,8,1
282,13,1
300,39,1
288,19,1
301,31,1
270,14,1
270,9,1
297,12,1
288,16,1
296,9,1
280,33,1
305,38,1
268,41,1
286,9,1
279,9,1
284,45,1
285,18,1
281,17,1
271,44,1
297,23,1
303,26,1
281,10,1
274,27,1
276,17,1
305,36,1
280,5,1
299,11,1
285,35,1
278,29,1
293,47,1
296,21,1
280,38,1
283,8,1
306,30,1
291,23,1
290,9,1
286,48,1
304,12,1
293,23,1
299,44,1
268,42,1
304,24,1
262,24,1
293,42,1
279,16,1
281,48,1
299,42,1
266,39,1
305,35,1
301,35,1
302,9,1
307,17,1
282,36,1
295,16,1
282,25,1
265,15,1
290,7,1
280,7,1
283,17,1
290,44,1
289,44,1
282,3,1
297,4,1
287,17,1
301,23,1
293,32,1
267,35,1
299,17,1
264,25,1
288,20,1
292,45,1
282,23,1
292,40,1
277,7,1
301,17,1
275,38,1
267,17,1
284,15,1
293,27,1
289,32,1
282,21,1
294,12,1
279,9,1
282,45,1
279,47,1
279,42,1
287,31,1
287,45,1
294,22,1
284,19,1
295,14,1
278,31,1
296,28,1
267,22,1
304,11,1
290,13,1
301,39,1
272,16,1
270,43,1
276,27,1
276,38,1
299,34,1
268,19,1
299,32,1
278,22,1
288,7,1
301,42,1
276,25,1
283,29,1
272,4,1
287,49,1
271,8,1
294,13,1
293,26,1
290,21,1
302,12,1
291,40,1
275,12,1
289,22,1
273,32,1
288,49,1
282,48,1
293,8,1
295,26,1
271,6,1
303,27,1
301,24,1
269,7,1
298,28,1
293,27,1
273,30,1
291,11,1
287,11,1
294,35,1
305,29,1
303,17,1
297,23,1
274,16,1
299,44,1
307,29,1
296,4,1
264,34,1
305,25,1
269,26,1
300,6,1
269,6,1
302,38,1
306,17,1
281,14,1
284,31,1
292,5,1
301,24,1
287,30,1
274,8,1
305,14,1
269,8,1
287,25,1
279,29,1
281,21,1
292,29,1
276,3,1
282,41,1
268,36,1
293,15,1
283,25,1
274,8,1
281,35,1
294,23,1
279,49,1
263,25,1
287,46,1
271,19,1
274,30,1
284,40,1
286,18,1
276,26,1
303,18,1
288,24,1
282,14,1
269,32,1
265,10,1
291,17,1
277,5,1
286,20,1
299,7,1
281,29,1
272,11,1
280,48,1
264,14,1
307,29,1
301,18,1
286,7,1
299,13,1
303,27,1
272,30,1
304,10,1
301,7,1
296,30,1
270,29,1
275,5,1
285,20,1
300,37,1
301,37,1
279,6,1
306,25,1
268,20,1
287,9,1
274,3,1
275,21,1
300,32,1
275,13,1
280,49,1
306,29,1
295,32,1
295,44,1
277,25,1
274,27,1
285,13,1
299,27,1
298,38,1
295,46,1
270,27,1
292,4,1
294,20,1
282,12,1
290,15,1
271,8,1
296,24,1
276,22,1
300,32,1
282,33,1
270,12,1
277,43,1
274,27,1
275,21,1
272,15,1
277,3,1
291,47,1
272,11,1
282,22,1
278,48,1
294,14,1
300,30,1
306,38,1
301,15,1
296,34,1
304,30,1
283,20,1
265,12,1
304,28,1
299,38,1
308,20,1
304,41,1
302,14,1
266,15,1
305,36,1
267,42,1
285,36,1
289,14,1
279,41,1
306,32,1
285,4,1
264,35,1
300,8,1
265,13,1
272,18,1
288,48,1
290,21,1
287,31,1
305,33,1
295,38,1
270,43,1
284,14,1
293,32,1
277,45,1
295,46,1
302,38,1
309,21,1
275,11,1
265,15,1
281,23,1
269,39,1
291,1,1
300,5,1
299,28,1
285,46,1
293,18,1
290,41,1
306,17,1
285,48,1
293,41,1
267,13,1
290,31,1
305,28,1
282,22,1
290,46,1
273,9,1
300,42,1
264,14,1
274,34,1
303,35,1
306,13,1
283,13,1
282,9,1
267,32,1
291,46,1
277,34,1
280,35,1
297,32,1
284,22,1
287,18,1
305,36,1
285,14,1
265,13,1
266,15,1
282,49,1
295,20,1
272,46,1
280,5,1
302,20,1
268,43,1
275,17,1
281,27,1
285,0,1
275,5,1
285,29,1
285,26,1
264,27,1
300,43,1
300,6,1
278,11,1
287,46,1
277,31,1
282,30,1
291,29,1
304,31,1
302,40,1
309,20,1
291,48,1
265,19,1
300,21,1
297,14,1
274,5,1
302,13,1
296,19,1
294,46,1
300,39,1
270,19,1
273,44,1
301,28,1
278,25,1
274,38,1
309,18,1
298,21,1
289,2,1
278,43,1
286,35,1
271,32,1
278,7,1
277,5,1
269,21,1
301,34,1
293,25,1
299,14,1
299,43,1
295,31,1
278,15,1
272,17,1
280,1,1
307,36,1
283,41,1
284,11,1
276,31,1
294,43,1
292,26,1
293,36,1
271,39,1
277,42,1
280,41,1
291,37,1
306,34,1
268,18,1
299,32,1
302,8,1
274,21,1
292,8,1
285,0,1
264,15,1
284,28,1
283,13,1
274,9,1
280,26,1
298,41,1
293,9,1
270,5,1
268,41,1
296,19,1
278,24,1
298,37,1
272,25,1
288,44,1
273,19,1
264,19,1
269,9,1
272,7,1
268,39,1
273,9,1
279,13,1
300,16,1
265,34,1
264,18,1
293,43,1
