23,13,0
10,16,0
28,37,0
9,9,0
24,17,0
8,36,0
36,43,0
25,11,0
11,25,0
14,14,0
28,6,0
11,13,0
49,23,0
28,6,0
27,1,0
2,18,0
42,15,0
21,25,0
16,11,0
45,35,0
18,5,0
24,45,0
40,19,0
22,9,0
9,31,0
40,29,0
43,22,0
44,27,0
13,20,0
14,5,0
32,33,0
17,37,0
7,28,0
8,21,0
34,13,0
9,26,0
26,40,0
14,46,0
33,31,0
35,29,0
31,16,0
11,17,0
23,40,0
21,22,0
35,6,0
29,38,0
7,34,0
47,29,0
36,32,0
14,38,0
31,35,0
46,29,0
9,41,0
6,37,0
39,6,0
30,40,0
26,32,0
4,29,0
13,45,0
44,30,0
34,45,0
1,31,0
14,23,0
14,42,0
28,23,0
16,24,0
42,36,0
42,24,0
9,30,0
15,13,0
21,25,0
5,12,0
36,27,0
30,31,0
46,16,0
36,11,0
14,14,0
42,18,0
2,27,0
25,13,0
27,41,0
46,24,0
24,8,0
15,38,0
12,9,0
29,24,0
48,26,0
17,3,0
46,22,0
11,10,0
27,29,0
11,33,0
2,34,0
17,4,0
10,43,0
40,25,0
33,10,0
43,38,0
37,23,0
4,23,0
17,27,0
27,43,0
31,29,0
20,24,0
44,31,0
39,44,0
26,17,0
23,41,0
10,27,0
33,3,0
37,25,0
9,11,0
14,27,0
25,48,0
4,24,0
32,48,0
16,29,0
35,47,0
20,5,0
2,16,0
49,21,0
16,28,0
3,31,0
41,37,0
37,17,0
10,35,0
14,46,0
19,17,0
18,42,0
17,29,0
35,20,0
26,10,0
45,26,0
5,20,0
42,38,0
22,25,0
45,24,0
23,21,0
18,1,0
20,9,0
7,23,0
29,31,0
12,27,0
14,45,0
14,24,0
28,9,0
13,7,0
13,39,0
33,14,0
31,16,0
36,36,0
24,24,0
24,48,0
26,46,0
31,35,0
25,21,0
46,30,0
43,36,0
15,26,0
21,13,0
33,5,0
36,37,0
10,45,0
30,2,0
32,23,0
38,22,0
30,48,0
35,25,0
30,41,0
31,20,0
11,8,0
47,14,0
49,22,0
29,45,0
46,13,0
35,13,0
38,27,0
6,16,0
13,28,0
15,24,0
9,37,0
43,9,0
27,49,0
30,31,0
21,13,0
41,7,0
37,26,0
1,22,0
27,7,0
33,37,0
32,20,0
9,25,0
39,9,0
45,25,0
18,34,0
19,6,0
41,7,0
45,11,0
11,16,0
44,41,0
25,20,0
18,34,0
18,26,0
2,16,0
24,47,0
23,31,0
7,42,0
34,47,0
12,4,0
33,18,0
6,21,0
30,19,0
37,19,0
46,31,0
19,44,0
42,37,0
10,25,0
27,38,0
41,16,0
20,47,0
35,38,0
35,45,0
30,27,0
40,36,0
43,36,0
3,29,0
29,41,0
22,34,0
3,20,0
45,32,0
33,37,0
36,34,0
34,7,0
40,34,0
4,16,0
35,18,0
23,3,0
38,25,0
45,17,0
9,23,0
42,34,0
30,5,0
38,11,0
41,28,0
16,24,0
36,20,0
9,42,0
0,25,0
12,23,0
33,12,0
278,44,1
293,17,1
275,26,1
271,46,1
284,44,1
261,21,1
295,21,1
261,41,1
281,18,1
285,4,1
263,4,1
267,10,1
262,8,1
271,34,1
253,36,1
289,30,1
297,35,1
269,45,1
281,33,1
262,7,1
298,19,1
297,24,1
278,38,1
268,48,1
278,4,1
270,10,1
291,34,1
291,38,1
288,39,1
281,26,1
272,14,1
283,31,1
257,30,1
280,3,1
277,14,1
276,26,1
285,18,1
261,6,1
278,4,1
297,27,1
293,34,1
272,39,1
260,6,1
291,39,1
276,3,1
288,7,1
261,40,1
269,45,1
261,41,1
289,26,1
296,14,1
292,14,1
277,4,1
275,21,1
274,19,1
270,46,1
291,9,1
259,25,1
280,46,1
288,16,1
269,33,1
274,36,1
280,7,1
263,46,1
266,27,1
266,33,1
252,28,1
293,29,1
256,9,1
277,15,1
280,13,1
295,14,1
284,3,1
292,38,1
265,36,1
269,24,1
267,9,1
291,21,1
286,15,1
283,41,1
252,22,1
275,44,1
257,23,1
264,45,1
271,9,1
271,28,1
267,40,1
285,26,1
274,15,1
291,8,1
281,42,1
279,9,1
272,7,1
272,6,1
252,22,1
281,32,1
277,12,1
290,39,1
258,40,1
276,2,1
284,16,1
278,48,1
283,8,1
273,20,1
275,42,1
270,2,1
295,15,1
260,27,1
273,47,1
258,9,1
294,29,1
272,8,1
280,17,1
271,26,1
294,16,1
279,23,1
264,37,1
278,13,1
294,31,1
299,21,1
284,27,1
271,15,1
254,23,1
290,25,1
268,26,1
299,23,1
274,3,1
274,1,1
295,28,1
253,22,1
284,34,1
277,31,1
263,28,1
265,32,1
283,9,1
273,23,1
280,13,1
295,38,1
288,16,1
260,24,1
262,46,1
262,15,1
266,41,1
269,9,1
275,32,1
285,16,1
263,10,1
274,19,1
284,12,1
253,36,1
256,10,1
252,18,1
283,31,1
268,14,1
282,33,1
281,21,1
253,25,1
252,23,1
288,40,1
271,25,1
255,34,1
284,9,1
287,9,1
271,12,1
268,16,1
271,33,1
274,43,1
286,15,1
281,20,1
293,35,1
267,27,1
291,17,1
285,36,1
286,8,1
285,3,1
272,31,1
295,36,1
293,30,1
278,25,1
290,22,1
259,39,1
269,9,1
296,12,1
255,24,1
278,2,1
262,23,1
263,31,1
281,25,1
266,21,1
280,14,1
264,12,1
257,20,1
287,21,1
286,45,1
282,24,1
272,20,1
266,15,1
295,24,1
251,22,1
264,32,1
257,19,1
270,38,1
279,29,1
280,49,1
262,23,1
297,20,1
260,22,1
292,31,1
294,10,1
266,19,1
297,35,1
266,20,1
278,1,1
258,16,1
284,47,1
273,12,1
260,33,1
282,31,1
280,23,1
260,26,1
267,9,1
291,7,1
290,19,1
261,8,1
296,13,1
263,19,1
259,29,1
285,6,1
286,36,1
279,28,1
269,27,1
279,39,1
272,5,1
296,12,1
271,15,1
281,31,1
269,22,1
294,40,1
275,47,1
285,23,1
294,18,1
270,8,1
254,28,1
298,19,1
258,23,1
288,24,1
254,38,1
265,23,1
272,40,1
253,24,1
273,30,1
296,28,1
260,18,1
299,18,1
278,23,1
264,13,1
272,42,1
291,31,1
280,45,1
282,31,1
281,18,1
258,12,1
285,33,1
293,16,1
255,13,1
291,30,1
278,24,1
293,9,1
289,34,1
254,38,1
277,23,1
294,23,1
259,11,1
278,14,1
255,14,1
290,42,1
268,43,1
294,31,1
273,34,1
271,46,1
277,36,1
258,35,1
281,41,1
271,38,1
268,12,1
275,2,1
262,9,1
284,9,1
263,10,1
257,32,1
260,12,1
284,24,1
297,25,1
271,28,1
253,28,1
262,36,1
267,40,1
257,14,1
284,26,1
270,6,1
261,37,1
280,40,1
252,32,1
287,36,1
282,44,1
266,34,1
283,18,1
261,25,1
276,27,1
296,24,1
290,6,1
265,15,1
299,28,1
260,35,1
276,9,1
289,23,1
255,25,1
278,43,1
270,34,1
288,44,1
295,30,1
266,11,1
289,34,1
288,46,1
279,43,1
271,10,1
293,36,1
254,26,1
295,10,1
288,16,1
279,9,1
286,47,1
254,33,1
272,47,1
273,41,1
277,1,1
269,44,1
255,14,1
262,20,1
289,38,1
289,26,1
258,17,1
257,32,1
280,34,1
276,31,1
256,41,1
285,5,1
296,18,1
258,39,1
296,33,1
283,46,1
285,32,1
279,17,1
294,35,1
283,20,1
260,25,1
254,24,1
273,15,1
288,29,1
271,31,1
292,36,1
278,17,1
258,27,1
277,42,1
265,30,1
275,21,1
296,37,1
282,6,1
290,6,1
261,19,1
256,27,1
260,37,1
276,13,1
293,33,1
257,41,1
258,7,1
263,45,1
264,24,1
259,42,1
265,29,1
269,10,1
252,33,1
295,32,1
279,6,1
293,34,1
278,39,1
271,15,1
280,14,1
297,23,1
264,7,1
298,16,1
255,25,1
283,40,1
258,21,1
296,18,1
263,34,1
283,17,1
255,27,1
271,12,1
286,42,1
275,13,1
258,11,1
283,21,1
277,17,1
282,36,1
266,27,1
272,36,1
298,27,1
276,15,1
268,37,1
265,47,1
272,7,1
286,29,1
275,18,1
288,28,1
255,27,1
285,28,1
285,39,1
272,40,1
267,4,1
270,39,1
262,14,1
288,34,1
292,7,1
254,20,1
267,15,1
259,38,1
278,7,1
267,47,1
273,35,1
285,38,1
260,11,1
296,26,1
296,19,1
276,23,1
262,20,1
262,16,1
265,12,1
276,23,1
265,44,1
275,32,1
297,34,1
277,13,1
262,38,1
294,27,1
296,17,1
259,24,1
274,35,1
299,23,1
261,29,1
282,26,1
257,19,1
297,30,1
257,27,1
274,44,1
294,36,1
275,10,1
286,39,1
256,25,1
256,10,1
277,23,1
270,42,1
257,41,1
285,47,1
264,43,1
255,13,1
273,45,1
257,25,1
283,37,1
291,26,1
264,46,1
264,37,1
290,41,1
286,19,1
273,8,1
293,35,1
290,22,1
285,10,1
255,18,1
254,22,1
292,29,1
277,3,1
259,7,1
286,9,1
268,35,1
256,28,1
275,23,1
259,28,1
265,23,1
277,40,1
283,31,1
284,37,1
297,29,1
278,38,1
264,28,1
264,27,1
264,29,1
265,33,1
273,39,1
278,44,1
270,47,1
268,35,1
294,20,1
291,20,1
293,42,1
285,41,1
256,16,1
270,9,1
257,16,1
277,13,1
285,6,1
275,0,1
272,7,1
288,5,1
265,39,1
268,40,1
280,32,1
291,36,1
255,16,1
291,14,1
270,4,1
262,26,1
285,34,1
284,17,1
272,30,1
256,29,1
275,30,1
257,37,1
258,41,1
271,18,1
265,36,1
296,31,1
260,12,1
293,8,1
263,12,1
281,35,1
258,41,1
276,30,1
267,10,1
274,36,1
276,44,1
271,29,1
261,26,1
259,13,1
267,6,1
288,32,1
273,23,1
258,24,1
283,11,1
276,30,1
269,15,1
287,11,1
287,30,1
270,34,1
286,46,1
296,23,1
297,24,1
270,24,1
282,14,1
286,42,1
281,47,1
278,23,1
294,12,1
289,45,1
262,25,1
278,14,1
278,45,1
270,35,1
270,11,1
265,34,1
276,9,1
264,45,1
273,15,1
267,40,1
256,32,1
267,34,1
262,14,1
253,24,1
253,34,1
267,36,1
290,6,1
288,43,1
280,7,1
255,17,1
261,32,1
298,17,1
258,26,1
266,11,1
287,37,1
290,40,1
276,5,1
270,31,1
266,46,1
293,21,1
261,41,1
277,21,1
268,18,1
267,37,1
264,18,1
288,8,1
286,12,1
267,40,1
290,10,1
265,17,1
289,7,1
264,24,1
284,48,1
292,39,1
284,6,1
295,15,1
257,12,1
285,6,1
279,21,1
292,26,1
282,34,1
262,7,1
258,12,1
286,20,1
265,7,1
265,10,1
270,4,1
289,28,1
280,46,1
271,35,1
265,10,1
265,6,1
277,43,1
271,6,1
278,3,1
271,48,1
282,43,1
290,30,1
272,5,1
277,18,1
275,20,1
295,13,1
297,32,1
268,16,1
267,36,1
271,37,1
278,8,1
290,43,1
253,23,1
262,19,1
283,41,1
266,24,1
272,27,1
262,19,1
286,31,1
258,42,1
269,9,1
283,25,1
282,28,1
291,7,1
269,32,1
282,11,1
293,8,1
272,40,1
274,36,1
285,4,1
268,48,1
290,22,1
280,42,1
293,35,1
255,19,1
273,36,1
265,20,1
267,38,1
288,40,1
285,24,1
288,32,1
261,26,1
256,19,1
265,3,1
296,19,1
295,30,1
292,7,1
276,45,1
292,26,1
272,49,1
260,19,1
283,14,1
264,7,1
269,2,1
259,17,1
277,13,1
292,41,1
277,48,1
261,30,1
275,11,1
263,46,1
257,28,1
269,8,1
295,40,1
294,26,1
293,22,1
291,38,1
276,33,1
285,5,1
255,29,1
298,23,1
261,45,1
287,41,1
279,47,1
281,16,1
292,36,1
254,34,1
287,17,1
291,20,1
255,25,1
287,20,1
294,22,1
287,44,1
283,40,1
297,16,1
290,34,1
258,15,1
274,23,1
260,35,1
253,30,1
258,23,1
257,42,1
260,16,1
277,18,1
281,10,1
281,48,1
264,24,1
290,44,1
260,7,1
285,46,1
275,21,1
280,10,1
270,8,1
277,21,1
284,43,1
296,15,1
260,38,1
274,11,1
269,12,1
278,39,1
257,31,1
281,44,1
267,10,1
290,8,1
279,16,1
265,26,1
293,8,1
287,30,1
256,17,1
276,34,1
