10,5,0
21,49,0
10,15,0
26,21,0
24,48,0
2,31,0
42,32,0
14,18,0
41,32,0
7,32,0
15,22,0
29,11,0
15,38,0
44,21,0
16,16,0
7,14,0
43,21,0
28,31,0
24,40,0
2,32,0
15,28,0
46,29,0
15,12,0
11,10,0
17,37,0
24,46,0
8,38,0
40,10,0
26,4,0
38,28,0
21,16,0
2,28,0
23,42,0
36,38,0
21,26,0
34,16,0
43,38,0
47,16,0
24,48,0
14,4,0
33,8,0
19,28,0
24,39,0
16,29,0
27,15,0
30,5,0
7,27,0
28,2,0
12,5,0
12,44,0
21,7,0
4,14,0
36,43,0
40,29,0
47,22,0
25,20,0
18,27,0
17,15,0
28,21,0
21,5,0
2,21,0
40,12,0
31,23,0
20,42,0
8,24,0
23,30,0
4,31,0
17,26,0
17,46,0
22,18,0
37,24,0
35,24,0
41,17,0
22,49,0
44,31,0
39,12,0
20,23,0
31,7,0
19,45,0
33,21,0
29,40,0
14,40,0
39,32,0
30,28,0
10,42,0
38,29,0
34,45,0
20,22,0
43,8,0
8,8,0
43,27,0
28,37,0
26,25,0
42,36,0
43,36,0
4,20,0
36,32,0
42,38,0
34,19,0
8,25,0
44,36,0
29,4,0
39,15,0
13,11,0
7,37,0
37,38,0
25,30,0
16,5,0
17,18,0
30,4,0
30,25,0
32,9,0
33,48,0
1,26,0
34,7,0
35,23,0
9,35,0
2,30,0
29,46,0
33,26,0
25,35,0
27,26,0
8,27,0
5,24,0
39,14,0
43,36,0
17,38,0
9,25,0
26,24,0
41,8,0
6,13,0
20,15,0
34,42,0
41,18,0
28,24,0
8,42,0
44,38,0
1,23,0
35,27,0
45,20,0
4,12,0
26,29,0
44,20,0
16,12,0
30,35,0
21,10,0
29,15,0
25,1,0
9,16,0
38,22,0
19,43,0
6,12,0
5,10,0
35,11,0
23,37,0
6,16,0
36,22,0
43,26,0
9,37,0
24,34,0
18,26,0
34,37,0
18,20,0
20,1,0
36,10,0
26,30,0
38,4,0
19,12,0
29,12,0
14,28,0
7,31,0
10,12,0
23,3,0
41,14,0
22,23,0
7,16,0
43,14,0
39,15,0
17,21,0
22,40,0
25,4,0
5,26,0
28,7,0
34,15,0
29,30,0
26,45,0
33,48,0
8,38,0
2,21,0
29,5,0
44,21,0
39,32,0
17,36,0
34,10,0
2,20,0
16,10,0
1,25,0
18,17,0
21,31,0
36,44,0
25,18,0
9,11,0
34,47,0
22,15,0
27,41,0
26,26,0
33,13,0
26,30,0
29,40,0
33,9,0
44,25,0
22,33,0
47,15,0
11,36,0
37,37,0
16,35,0
14,40,0
37,32,0
15,23,0
26,33,0
3,18,0
7,18,0
41,27,0
32,3,0
43,20,0
17,19,0
46,24,0
46,30,0
30,4,0
20,18,0
14,23,0
24,42,0
14,47,0
43,12,0
18,2,0
39,41,0
33,23,0
38,8,0
18,33,0
35,22,0
32,28,0
11,10,0
33,26,0
26,16,0
7,27,0
39,11,0
20,5,0
28,33,0
25,30,0
11,19,0
282,40,1
286,33,1
278,11,1
291,37,1
266,14,1
255,18,1
263,24,1
261,23,1
263,34,1
285,24,1
265,46,1
281,27,1
267,30,1
298,24,1
294,32,1
258,35,1
296,13,1
295,11,1
272,2,1
288,29,1
266,10,1
279,29,1
279,33,1
274,9,1
269,41,1
278,41,1
274,18,1
252,32,1
295,13,1
269,44,1
287,34,1
266,2,1
282,4,1
292,13,1
296,14,1
263,42,1
280,40,1
258,29,1
281,21,1
288,14,1
274,25,1
258,22,1
267,15,1
259,17,1
275,26,1
267,7,1
266,40,1
272,39,1
293,42,1
257,15,1
284,37,1
278,34,1
276,20,1
276,46,1
259,36,1
280,6,1
277,25,1
278,24,1
280,11,1
257,14,1
252,16,1
286,15,1
294,39,1
285,47,1
280,1,1
274,36,1
262,28,1
285,18,1
270,41,1
259,10,1
272,39,1
268,37,1
281,38,1
283,43,1
266,24,1
265,31,1
278,2,1
271,3,1
262,10,1
280,14,1
277,42,1
284,44,1
288,11,1
286,47,1
274,13,1
267,20,1
253,27,1
286,17,1
255,39,1
290,35,1
266,16,1
274,25,1
261,42,1
289,31,1
256,11,1
276,16,1
280,29,1
270,33,1
254,30,1
267,6,1
269,47,1
262,20,1
258,33,1
273,10,1
283,47,1
284,47,1
290,37,1
280,35,1
277,17,1
283,46,1
284,25,1
275,30,1
256,9,1
267,32,1
276,5,1
293,15,1
254,14,1
266,46,1
287,31,1
267,29,1
254,30,1
286,4,1
264,29,1
275,17,1
295,11,1
283,16,1
299,23,1
283,41,1
255,16,1
260,11,1
282,6,1
281,34,1
276,5,1
273,32,1
275,46,1
266,14,1
273,47,1
267,18,1
254,37,1
261,31,1
271,49,1
290,12,1
252,34,1
261,35,1
285,5,1
287,37,1
281,49,1
284,39,1
261,32,1
261,8,1
288,28,1
289,29,1
263,17,1
261,35,1
293,14,1
265,43,1
280,42,1
259,16,1
270,11,1
258,37,1
263,30,1
269,14,1
287,26,1
284,21,1
260,8,1
277,13,1
283,3,1
284,16,1
271,40,1
270,17,1
280,13,1
268,20,1
293,23,1
278,48,1
262,43,1
289,18,1
252,23,1
278,28,1
293,9,1
259,35,1
254,19,1
256,17,1
263,8,1
281,43,1
269,11,1
268,2,1
266,27,1
290,6,1
292,28,1
278,17,1
285,25,1
288,36,1
266,29,1
270,44,1
273,29,1
283,17,1
282,11,1
255,23,1
262,38,1
282,16,1
265,18,1
265,19,1
274,42,1
269,21,1
269,47,1
274,29,1
270,45,1
298,24,1
283,29,1
272,30,1
287,31,1
299,19,1
268,33,1
285,27,1
280,2,1
270,47,1
280,15,1
290,33,1
297,28,1
297,30,1
293,9,1
282,40,1
296,17,1
277,23,1
272,1,1
287,38,1
284,28,1
262,33,1
263,21,1
262,32,1
271,43,1
258,28,1
279,1,1
292,41,1
267,43,1
256,35,1
276,15,1
287,13,1
292,13,1
254,23,1
283,36,1
269,32,1
281,25,1
286,9,1
296,20,1
286,23,1
267,44,1
282,14,1
268,3,1
266,34,1
296,24,1
258,20,1
270,31,1
270,31,1
252,30,1
285,41,1
281,41,1
294,20,1
262,7,1
266,43,1
297,34,1
287,41,1
256,40,1
268,6,1
270,34,1
267,36,1
286,36,1
284,9,1
272,39,1
285,10,1
278,10,1
255,13,1
268,27,1
263,11,1
273,7,1
297,36,1
281,8,1
281,35,1
266,15,1
275,42,1
281,13,1
284,47,1
264,26,1
261,37,1
270,48,1
270,5,1
265,37,1
266,12,1
273,29,1
279,7,1
278,44,1
283,9,1
272,34,1
289,24,1
264,25,1
263,23,1
267,34,1
280,9,1
289,36,1
271,4,1
253,32,1
283,16,1
259,6,1
277,19,1
282,43,1
295,27,1
267,18,1
262,29,1
299,30,1
252,32,1
271,17,1
263,44,1
261,32,1
267,19,1
270,46,1
251,21,1
268,40,1
256,26,1
270,10,1
255,33,1
268,42,1
264,4,1
258,28,1
277,42,1
277,44,1
292,32,1
295,13,1
286,26,1
287,39,1
287,39,1
271,48,1
262,43,1
285,29,1
278,24,1
292,43,1
254,33,1
269,25,1
281,43,1
284,32,1
261,19,1
261,40,1
295,19,1
269,36,1
265,20,1
288,13,1
279,23,1
269,47,1
270,18,1
291,12,1
290,25,1
259,40,1
266,9,1
266,3,1
254,14,1
294,25,1
294,16,1
273,41,1
256,27,1
288,46,1
267,33,1
257,14,1
265,33,1
279,33,1
256,24,1
283,41,1
272,12,1
280,34,1
276,16,1
270,2,1
284,31,1
293,22,1
277,17,1
267,44,1
275,1,1
291,6,1
272,42,1
256,18,1
263,6,1
272,1,1
286,35,1
267,35,1
258,43,1
283,42,1
253,20,1
257,33,1
262,28,1
284,47,1
281,6,1
262,14,1
267,19,1
269,48,1
262,22,1
293,35,1
298,25,1
254,38,1
290,42,1
297,30,1
268,17,1
274,40,1
272,47,1
273,21,1
260,40,1
280,6,1
260,25,1
276,32,1
280,4,1
287,28,1
287,44,1
255,26,1
291,27,1
289,29,1
266,43,1
294,20,1
282,24,1
282,33,1
264,44,1
282,34,1
270,23,1
280,35,1
285,11,1
266,47,1
266,48,1
272,31,1
258,19,1
264,8,1
289,27,1
288,31,1
251,18,1
277,6,1
262,29,1
254,31,1
253,36,1
298,16,1
272,20,1
267,6,1
292,31,1
251,24,1
276,38,1
268,42,1
287,13,1
298,29,1
278,7,1
265,15,1
273,16,1
269,47,1
275,30,1
275,17,1
285,15,1
266,44,1
259,26,1
273,26,1
297,30,1
266,41,1
288,7,1
273,29,1
261,6,1
269,49,1
263,30,1
280,11,1
285,43,1
272,23,1
283,35,1
275,20,1
258,17,1
295,31,1
255,37,1
286,30,1
286,16,1
281,1,1
278,39,1
265,21,1
264,42,1
268,2,1
268,21,1
260,8,1
259,36,1
293,20,1
255,37,1
264,46,1
263,14,1
267,8,1
253,22,1
253,29,1
264,12,1
259,7,1
264,47,1
293,32,1
279,10,1
271,11,1
265,19,1
270,48,1
262,6,1
276,33,1
285,7,1
288,42,1
259,8,1
293,35,1
283,48,1
292,20,1
269,29,1
279,24,1
257,27,1
265,14,1
268,20,1
276,42,1
275,50,1
283,45,1
283,43,1
295,24,1
288,36,1
283,25,1
277,38,1
271,34,1
283,19,1
262,11,1
295,38,1
283,3,1
285,25,1
255,35,1
258,7,1
266,19,1
283,5,1
293,14,1
257,33,1
294,29,1
280,10,1
284,40,1
257,22,1
277,31,1
265,25,1
278,39,1
286,43,1
271,18,1
283,29,1
283,37,1
260,9,1
254,36,1
258,10,1
291,28,1
262,31,1
281,33,1
286,3,1
253,27,1
271,30,1
294,10,1
269,29,1
285,43,1
281,16,1
261,15,1
298,17,1
262,7,1
287,29,1
292,18,1
269,32,1
284,17,1
292,16,1
299,28,1
290,18,1
263,36,1
271,36,1
291,35,1
285,13,1
294,39,1
287,34,1
285,22,1
286,22,1
272,35,1
269,18,1
285,22,1
270,33,1
283,13,1
286,8,1
264,35,1
299,32,1
289,12,1
267,3,1
273,40,1
280,35,1
295,30,1
257,34,1
265,24,1
285,20,1
276,22,1
273,30,1
274,34,1
276,28,1
259,42,1
274,25,1
257,38,1
282,34,1
281,19,1
297,20,1
267,14,1
298,16,1
261,22,1
260,23,1
271,14,1
255,28,1
274,28,1
272,17,1
292,26,1
255,39,1
277,10,1
260,35,1
280,25,1
280,46,1
257,21,1
276,10,1
290,10,1
294,41,1
282,45,1
259,15,1
283,35,1
290,41,1
258,11,1
262,19,1
265,10,1
272,46,1
275,32,1
271,38,1
274,21,1
289,41,1
267,4,1
273,45,1
263,20,1
284,20,1
261,22,1
271,2,1
255,23,1
284,18,1
284,28,1
272,6,1
262,7,1
282,21,1
272,48,1
290,8,1
268,34,1
271,9,1
269,23,1
281,18,1
263,29,1
279,39,1
275,18,1
263,23,1
289,32,1
288,36,1
290,43,1
267,33,1
285,3,1
279,30,1
260,30,1
255,19,1
282,39,1
283,29,1
276,5,1
265,20,1
251,25,1
277,29,1
291,14,1
284,13,1
293,28,1
264,17,1
296,18,1
260,41,1
288,34,1
274,3,1
271,24,1
260,12,1
281,42,1
297,22,1
299,18,1
280,40,1
274,26,1
287,24,1
291,30,1
290,20,1
292,13,1
258,39,1
271,9,1
267,2,1
262,33,1
273,40,1
271,28,1
277,46,1
281,44,1
272,29,1
285,46,1
287,46,1
277,34,1
276,19,1
256,27,1
297,15,1
291,26,1
259,7,1
273,22,1
285,30,1
293,26,1
276,43,1
290,8,1
279,32,1
263,22,1
294,21,1
284,3,1
283,11,1
270,39,1
292,34,1
264,3,1
269,27,1
264,34,1
276,33,1
287,23,1
283,9,1
256,24,1
265,3,1
286,31,1
251,27,1
284,5,1
268,41,1
279,48,1
277,25,1
277,44,1
272,45,1
259,10,1
254,33,1
271,48,1
290,45,1
280,16,1
260,32,1
274,34,1
258,37,1
266,36,1
278,47,1
284,12,1
266,2,1
267,3,1
275,48,1
293,37,1
262,41,1
282,8,1
276,12,1
290,20,1
273,6,1
295,28,1
275,29,1
272,32,1
279,29,1
274,27,1
279,26,1
266,37,1
262,16,1
