-28,-24,1
-24,34,1
22,13,1
44,1,1
-25,-32,1
-16,-39,1
-31,-39,1
-46,10,1
-16,36,1
-34,8,1
-35,17,1
26,11,1
25,28,1
-13,32,1
21,-21,1
28,-30,1
-29,39,1
28,-13,1
5,45,1
-16,32,1
-18,-31,1
-31,-32,1
-36,-20,1
-45,10,1
29,40,1
-19,-34,1
-39,-2,1
-44,-2,1
6,-36,1
-48,7,1
13,-27,1
-49,-9,1
-20,29,1
36,-18,1
-44,18,1
32,29,1
1,-31,1
6,36,1
-32,-11,1
37,29,1
-49,-3,1
9,-42,1
-35,-19,1
4,-35,1
40,-17,1
-43,-12,1
-43,15,1
-24,-10,1
19,-20,1
-35,-28,1
31,-20,1
14,-30,1
44,17,1
41,-23,1
-4,-37,1
-8,-27,1
28,-28,1
26,3,1
-47,-2,1
-47,11,1
-22,29,1
3,-43,1
-24,-8,1
11,38,1
-7,33,1
-22,21,1
-16,-39,1
2,-41,1
23,37,1
-13,-29,1
-14,28,1
0,33,1
-24,9,1
17,-45,1
-29,-11,1
-16,35,1
-32,20,1
-15,-36,1
6,-38,1
-32,8,1
-35,-24,1
-7,27,1
28,-4,1
0,-32,1
-5,-25,1
-10,-33,1
33,-6,1
14,-43,1
-48,5,1
-31,-28,1
-27,-40,1
45,-1,1
43,14,1
-31,-11,1
-21,-28,1
37,-10,1
-24,-14,1
-41,-13,1
37,-8,1
31,10,1
-29,40,1
3,-44,1
-28,-41,1
-13,-22,1
38,12,1
34,-2,1
22,35,1
34,32,1
31,16,1
6,-42,1
-11,36,1
-25,19,1
-22,36,1
-28,25,1
13,-22,1
15,-41,1
-33,35,1
20,43,1
30,-2,1
-24,12,1
44,6,1
14,21,1
-34,20,1
39,-29,1
-40,29,1
8,-47,1
14,-23,1
-43,-7,1
7,-33,1
0,45,1
15,-32,1
7,-26,1
45,-18,1
30,20,1
-12,41,1
-33,-34,1
5,-27,1
40,-25,1
-23,-18,1
-38,-3,1
30,19,1
-40,26,1
34,-33,1
-7,-45,1
-46,3,1
-4,34,1
11,24,1
-4,36,1
-39,-9,1
35,21,1
-21,26,1
-40,-11,1
10,-23,1
37,-30,1
-41,-20,1
24,-36,1
-12,-37,1
35,-22,1
37,9,1
-18,38,1
21,23,1
36,3,1
23,39,1
-28,-39,1
23,-44,1
21,35,1
26,-32,1
43,17,1
-29,34,1
-31,-34,1
-24,14,1
11,32,1
-14,21,1
-12,23,1
-19,-39,1
25,-2,1
48,-14,1
34,4,1
15,24,1
14,39,1
-27,-17,1
-36,-28,1
19,-26,1
-11,27,1
36,-6,1
27,21,1
29,-24,1
45,-13,1
35,-28,1
-40,-1,1
19,-23,1
-9,31,1
-2,47,1
22,-42,1
-33,29,1
8,42,1
34,33,1
-21,-39,1
40,28,1
-32,31,1
-3,-35,1
-15,-36,1
21,-31,1
-24,-9,1
-6,28,1
-33,-19,1
-16,-41,1
-15,-27,1
1,35,1
-44,19,1
-14,35,1
-16,44,1
24,17,1
-26,27,1
30,34,1
-45,16,1
-20,18,1
-32,-21,1
25,10,1
38,-4,1
41,-12,1
-24,7,1
-15,39,1
-11,-46,1
28,41,1
20,-37,1
-39,-5,1
20,-31,1
25,30,1
-33,-26,1
11,-30,1
-7,-33,1
-2,31,1
-37,-22,1
-16,-28,1
-35,-19,1
-13,22,1
21,33,1
-20,-28,1
-7,35,1
3,47,1
23,-23,1
13,-34,1
24,-20,1
7,-31,1
-31,-7,1
-26,28,1
14,-31,1
35,-5,1
45,15,1
46,12,1
-13,30,1
9,46,1
45,4,1
7,-39,1
0,-32,1
9,-25,1
-10,47,1
-9,-30,1
5,40,1
38,-19,1
40,-26,1
32,19,1
-31,17,1
-11,-26,1
-26,9,1
3,-35,1
11,-42,1
-10,-28,1
-1,-35,1
-13,37,1
-19,-18,1
36,-2,1
-35,13,1
-43,23,1
29,-21,1
-6,45,1
-26,18,1
3,-46,1
-49,-1,1
-26,-24,1
16,-36,1
10,-29,1
26,-12,1
-36,5,1
7,-45,1
-4,-29,1
-11,-44,1
-5,35,1
11,37,1
15,37,1
-16,-32,1
0,-26,1
-18,32,1
32,-38,1
-12,-24,1
-18,-39,1
-46,-3,1
47,-6,1
13,-38,1
-22,-30,1
32,22,1
5,32,1
6,45,1
-33,-18,1
-33,19,1
-33,29,1
-29,-5,1
-19,-38,1
-29,-27,1
-2,-41,1
-43,-25,1
-29,-12,1
-34,-3,1
24,30,1
-21,-39,1
-28,8,1
29,-3,1
-33,17,1
-14,-31,1
27,26,1
-17,-42,1
24,13,1
-6,-34,1
40,19,1
43,-16,1
35,-29,1
-17,35,1
-33,-14,1
24,-9,1
-29,-5,1
40,15,1
28,-16,1
21,22,1
-27,-5,1
15,-26,1
-1,26,1
33,-34,1
-26,0,1
-27,-25,1
33,-28,1
-11,-34,1
18,-21,1
28,-34,1
-29,32,1
-29,26,1
-33,1,1
-31,6,1
13,-47,1
30,5,1
14,41,1
6,28,1
-28,-29,1
-28,-18,1
40,-29,1
8,42,1
32,-19,1
41,22,1
20,24,1
-1,-47,1
-19,44,1
-4,-29,1
2,-45,1
45,-13,1
30,-25,1
-48,3,1
-36,34,1
36,-21,1
-47,7,1
-46,-19,1
16,45,1
44,-2,1
-32,25,1
-16,-42,1
-17,43,1
-38,-26,1
12,-48,1
-25,16,1
-39,7,1
6,-45,1
-4,39,1
39,25,1
-49,7,1
25,-32,1
-19,-27,1
24,36,1
-5,-28,1
-13,-25,1
-11,-24,1
-25,34,1
-36,-11,1
-48,10,1
-22,38,1
-18,-34,1
-27,25,1
-16,-26,1
-44,22,1
-34,-36,1
23,34,1
-16,-22,1
0,-48,1
-17,37,1
-2,45,1
37,33,1
-14,-36,1
-34,-2,1
33,-2,1
-34,29,1
39,-26,1
-4,-48,1
13,44,1
-18,-22,1
7,-48,1
31,28,1
1,41,1
43,-2,1
-35,4,1
10,-48,1
-2,-32,1
36,-4,1
8,-49,1
-5,27,1
-23,11,1
10,-40,1
-4,-28,1
-33,25,1
0,29,1
37,-26,1
-34,-1,1
16,44,1
-19,-35,1
26,12,1
39,27,1
-39,-20,1
-43,0,1
-32,-1,1
-24,-26,1
17,46,1
27,-2,1
25,0,1
35,21,1
-37,12,1
-47,-2,1
-38,-3,1
-26,20,1
46,17,1
-2,36,1
48,-13,1
-42,-23,1
-1,43,1
-39,-22,1
2,41,1
45,-19,1
29,-22,1
-32,17,1
-26,26,1
29,23,1
-1,-38,1
-30,-16,1
3,-35,1
-23,-20,1
-26,-14,1
-46,6,1
-27,16,1
-43,12,1
-49,-1,1
-25,38,1
-31,23,1
39,-23,1
-20,-20,1
-10,-31,1
-12,-26,1
-36,-8,1
35,-9,1
40,21,1
-6,-33,1
9,27,1
30,2,1
20,33,1
17,-31,1
-24,-32,1
5,-41,1
-42,-18,1
-11,48,1
34,-18,1
-40,-22,1
39,-31,1
-10,23,1
-19,-18,1
39,-26,1
-28,-15,1
46,-6,1
-26,36,1
-11,-27,1
-29,15,1
23,21,1
-21,-15,1
7,49,1
-5,47,1
-28,5,1
7,282,0
275,-25,0
242,-149,0
148,-240,0
110,-261,0
-214,186,0
-22,280,0
104,-256,0
-182,197,0
-284,-36,0
191,191,0
29,-281,0
-128,239,0
155,224,0
-265,-26,0
-121,-248,0
84,-272,0
-171,208,0
-255,-130,0
-9,267,0
-15,271,0
219,-152,0
170,222,0
278,72,0
39,280,0
-236,147,0
255,99,0
210,165,0
272,31,0
232,174,0
74,279,0
66,-281,0
-285,45,0
244,-137,0
-83,-275,0
-267,66,0
-49,285,0
235,-138,0
66,282,0
-264,114,0
135,-249,0
238,153,0
-269,-97,0
-279,6,0
261,98,0
119,-240,0
267,-55,0
-262,-124,0
265,43,0
178,-225,0
112,246,0
-201,197,0
90,275,0
261,76,0
-274,60,0
-262,-83,0
226,-179,0
252,-120,0
203,-190,0
-278,54,0
-249,92,0
-68,-261,0
-221,-186,0
229,172,0
-163,229,0
248,132,0
-71,274,0
-256,-87,0
246,128,0
83,258,0
-188,197,0
199,204,0
-110,-249,0
201,207,0
152,-222,0
23,265,0
-272,-2,0
-76,256,0
61,-283,0
-223,160,0
287,7,0
-265,91,0
36,-283,0
199,-177,0
-260,-66,0
-287,-30,0
166,-237,0
-61,-261,0
229,-171,0
37,-278,0
72,270,0
-177,-210,0
-108,-254,0
205,-189,0
186,-201,0
-86,-261,0
-265,-14,0
-265,59,0
-261,51,0
-275,-36,0
-237,151,0
189,189,0
-219,-157,0
64,270,0
276,13,0
194,181,0
-216,-171,0
282,-22,0
4,-276,0
261,85,0
186,-213,0
-259,85,0
62,-262,0
0,278,0
253,105,0
274,68,0
124,254,0
-24,273,0
253,130,0
-45,270,0
-268,-13,0
-81,267,0
280,1,0
-92,-261,0
233,171,0
246,-127,0
-37,-275,0
4,286,0
-233,-129,0
23,-285,0
278,12,0
3,-283,0
109,-264,0
247,-141,0
-262,-124,0
-226,-177,0
139,-235,0
-212,189,0
-242,116,0
-282,-15,0
144,224,0
43,263,0
205,-176,0
-281,-19,0
-67,275,0
186,-197,0
-241,113,0
265,19,0
-154,-233,0
261,-61,0
262,66,0
278,-24,0
151,222,0
-178,225,0
42,-268,0
282,18,0
-254,-90,0
272,-16,0
-283,-29,0
71,279,0
-134,234,0
-246,-111,0
-277,40,0
75,274,0
-22,276,0
-72,280,0
-105,-265,0
178,208,0
48,281,0
-247,137,0
-94,-248,0
-77,257,0
-268,-24,0
224,144,0
278,-12,0
175,218,0
236,159,0
-139,247,0
27,-268,0
-207,-197,0
-190,214,0
183,-207,0
199,-194,0
158,235,0
-107,-268,0
235,125,0
-271,55,0
-229,-139,0
-124,-245,0
-257,115,0
-61,-275,0
154,-224,0
-136,-231,0
-263,-76,0
-166,220,0
-236,-134,0
-155,-236,0
-124,236,0
-17,284,0
235,-127,0
232,140,0
-25,-264,0
215,194,0
-272,72,0
-37,274,0
-158,-239,0
155,-216,0
233,-155,0
-244,-144,0
-11,275,0
-84,268,0
27,277,0
-249,-138,0
-57,-283,0
-158,231,0
-246,-149,0
-262,48,0
-276,46,0
91,250,0
-22,286,0
250,-128,0
-183,197,0
283,25,0
45,-283,0
235,145,0
274,-12,0
-265,-2,0
173,214,0
-47,-276,0
55,-271,0
114,264,0
-208,-172,0
266,-58,0
-245,-129,0
256,-111,0
-139,-248,0
-257,76,0
-193,208,0
-30,285,0
255,-104,0
-50,272,0
162,216,0
-40,-273,0
-179,197,0
-87,271,0
63,262,0
129,-246,0
-81,278,0
216,162,0
-237,160,0
262,-106,0
-271,-77,0
-287,-25,0
50,-275,0
257,-69,0
198,200,0
-141,226,0
261,57,0
-110,267,0
-288,7,0
-277,-42,0
82,-268,0
110,-250,0
261,-76,0
280,-60,0
-218,158,0
97,-273,0
-227,157,0
220,161,0
266,105,0
-215,158,0
124,247,0
-88,-257,0
-209,196,0
-144,251,0
-256,96,0
243,-137,0
43,-265,0
216,168,0
-236,154,0
-117,258,0
-23,-285,0
-237,130,0
-250,102,0
59,-259,0
-165,222,0
-172,232,0
30,-286,0
272,99,0
268,-11,0
-227,139,0
65,-281,0
-96,-265,0
20,279,0
179,223,0
-263,-108,0
-227,169,0
-212,-177,0
151,-247,0
150,-222,0
112,257,0
150,-248,0
277,-22,0
-216,-182,0
136,229,0
270,-60,0
109,243,0
0,-272,0
-118,-249,0
-141,-250,0
253,125,0
125,238,0
-204,172,0
-263,102,0
141,253,0
118,-261,0
147,234,0
229,160,0
234,-158,0
186,195,0
58,284,0
140,-236,0
-106,267,0
-155,233,0
192,-205,0
123,-251,0
-107,266,0
-77,-276,0
-117,243,0
242,129,0
269,5,0
246,-143,0
32,-265,0
124,258,0
182,-218,0
-265,-93,0
273,-50,0
-197,-199,0
-133,-234,0
151,-247,0
-275,-58,0
228,-163,0
90,-272,0
102,-245,0
-262,95,0
205,-198,0
-54,-283,0
-35,265,0
204,-206,0
-262,109,0
151,-245,0
221,175,0
94,251,0
-238,160,0
-274,-55,0
282,-53,0
-264,-105,0
197,-182,0
-273,36,0
-247,-124,0
-250,-125,0
-229,-145,0
-29,-280,0
98,-258,0
234,-169,0
253,-97,0
-269,76,0
275,-77,0
243,107,0
267,-102,0
-269,-39,0
38,266,0
-34,275,0
5,273,0
-210,-175,0
246,-110,0
216,156,0
-285,-53,0
-190,193,0
-80,270,0
-8,-266,0
-274,-68,0
276,-62,0
258,-124,0
-191,186,0
-159,-234,0
32,287,0
-205,-196,0
263,-40,0
-222,158,0
182,-207,0
99,-262,0
245,149,0
90,-258,0
-84,265,0
-197,185,0
284,-55,0
-117,259,0
132,-230,0
101,256,0
279,57,0
232,-129,0
93,258,0
99,-246,0
271,-37,0
-215,-163,0
239,-130,0
86,264,0
-289,-7,0
199,185,0
92,259,0
-136,228,0
234,129,0
-158,213,0
234,166,0
-51,-269,0
261,110,0
111,260,0
-137,-255,0
-118,-259,0
-256,-122,0
-168,213,0
165,-216,0
153,-246,0
178,213,0
162,211,0
-273,-65,0
285,-26,0
-270,101,0
-24,-271,0
183,207,0
-213,-158,0
-268,-64,0
250,-90,0
-88,-263,0
188,-191,0
283,-5,0
68,-276,0
-226,174,0
-275,12,0
158,-231,0
133,235,0
-94,-267,0
-161,222,0
-83,274,0
-277,-13,0
-286,-10,0
175,-230,0
134,246,0
-280,-52,0
71,259,0
19,-269,0
-242,-119,0
225,140,0
-119,250,0
-99,-247,0
-278,16,0
-283,-37,0
-181,204,0
-228,158,0
-64,-261,0
-217,157,0
-34,266,0
111,257,0
237,122,0
-256,101,0
-262,96,0
-278,-12,0
-86,264,0
-283,-31,0
-8,276,0
118,259,0
249,-131,0
-165,209,0
147,225,0
-265,-101,0
199,-186,0
67,-278,0
-267,-65,0
154,230,0
272,64,0
244,154,0
-184,-196,0
193,-197,0
-261,-104,0
-228,-147,0
-44,-276,0
-38,266,0
-69,-266,0
-277,55,0
217,-181,0
209,173,0
-191,-188,0
-92,255,0
23,282,0
159,226,0
244,132,0
-274,15,0
-211,165,0
-66,-268,0
