24,36,1
-26,1,1
-8,-29,1
14,-48,1
-23,31,1
17,-47,1
-12,37,1
18,34,1
46,17,1
32,-2,1
-7,-33,1
38,-13,1
41,17,1
31,9,1
46,-14,1
29,-34,1
2,-38,1
21,-41,1
-28,18,1
-18,-30,1
-27,-15,1
-35,-3,1
-12,-41,1
46,16,1
35,-18,1
24,40,1
27,-6,1
32,26,1
-41,-16,1
34,34,1
3,29,1
-28,15,1
-11,28,1
-6,-31,1
20,34,1
44,-6,1
-22,-41,1
-34,-23,1
30,17,1
-30,24,1
-12,-26,1
17,-33,1
24,28,1
-25,-4,1
-42,26,1
-18,39,1
-39,-9,1
47,7,1
38,-11,1
28,29,1
39,-21,1
36,14,1
47,-7,1
8,38,1
-40,-3,1
43,-22,1
-1,38,1
-28,40,1
-32,-23,1
-21,44,1
9,41,1
18,-27,1
24,19,1
-39,29,1
-36,1,1
37,-26,1
34,-25,1
-13,-27,1
48,-10,1
-9,-37,1
-37,-5,1
-36,13,1
-32,3,1
29,-18,1
20,29,1
6,-32,1
-48,-12,1
-25,-10,1
-13,-31,1
28,21,1
43,22,1
-9,-37,1
24,28,1
-16,32,1
-14,-40,1
19,46,1
29,32,1
24,15,1
-31,-7,1
-40,-2,1
-42,-24,1
-13,40,1
-37,-1,1
31,39,1
2,-38,1
-18,-33,1
0,36,1
23,14,1
-10,39,1
-31,-20,1
27,8,1
-48,7,1
24,-25,1
33,8,1
-12,22,1
-26,36,1
-6,-30,1
28,41,1
-18,38,1
-26,-34,1
-6,-29,1
-35,-32,1
-12,-28,1
-25,32,1
10,-28,1
-18,28,1
-25,25,1
-22,-35,1
37,12,1
-15,-43,1
38,4,1
0,33,1
-27,18,1
42,7,1
43,13,1
31,-24,1
10,24,1
11,37,1
21,24,1
-31,2,1
41,9,1
40,29,1
-3,25,1
-33,-24,1
-30,2,1
-13,42,1
38,-13,1
25,22,1
-47,-3,1
-16,-38,1
24,-43,1
10,-48,1
-10,27,1
29,-31,1
-45,17,1
20,-35,1
-28,-40,1
30,-38,1
-17,30,1
26,42,1
-35,35,1
11,-32,1
-34,24,1
-35,-22,1
-10,45,1
-42,-21,1
-21,22,1
19,-38,1
36,-12,1
34,6,1
-42,20,1
11,35,1
28,28,1
28,21,1
-3,-33,1
47,10,1
-16,28,1
-29,-1,1
-26,-12,1
38,21,1
-23,-41,1
-20,41,1
-43,-3,1
-31,-25,1
10,39,1
28,-8,1
-32,-2,1
28,-38,1
15,45,1
31,-12,1
-11,-24,1
-24,18,1
-39,-18,1
-25,-7,1
-21,19,1
31,-1,1
39,27,1
19,26,1
-10,39,1
42,3,1
35,-12,1
-40,-24,1
-26,15,1
-16,44,1
35,-10,1
-13,27,1
9,25,1
-37,29,1
6,45,1
-1,-28,1
27,-5,1
39,-25,1
11,-35,1
-45,15,1
-45,-20,1
41,5,1
30,4,1
12,-27,1
-50,0,1
-37,29,1
-38,-18,1
28,-15,1
-28,28,1
0,-49,1
-27,22,1
-25,21,1
15,45,1
37,15,1
24,-22,1
-18,-40,1
43,-5,1
25,-25,1
31,-15,1
30,-30,1
27,-4,1
20,-39,1
-21,-34,1
48,-7,1
42,-8,1
47,14,1
35,0,1
-4,-32,1
2,-28,1
-40,5,1
6,46,1
-11,-23,1
-27,-24,1
-16,-26,1
39,0,1
21,-32,1
29,-5,1
29,-15,1
30,-6,1
-24,-43,1
45,6,1
10,39,1
-41,7,1
-24,30,1
-26,-30,1
-38,-14,1
18,39,1
32,21,1
-33,3,1
43,-9,1
-29,39,1
29,-6,1
-37,4,1
46,1,1
-39,-26,1
24,21,1
-41,-12,1
-42,3,1
6,-26,1
-35,33,1
-39,-7,1
37,-19,1
-18,30,1
-23,-37,1
45,-14,1
-6,-42,1
35,-29,1
-46,2,1
-27,-15,1
2,-36,1
46,-12,1
-9,28,1
35,-10,1
-42,7,1
26,-26,1
35,-19,1
15,-31,1
23,-36,1
-19,29,1
-33,14,1
45,2,1
-35,-1,1
-12,-34,1
11,25,1
-30,-34,1
-31,-39,1
26,32,1
-5,46,1
-40,-3,1
5,26,1
-32,22,1
-28,35,1
-32,-12,1
-37,3,1
-15,-27,1
38,0,1
-30,-2,1
-35,20,1
-14,26,1
5,44,1
-13,-39,1
29,22,1
40,-15,1
6,31,1
23,-27,1
-25,-33,1
-39,31,1
1,-34,1
-7,36,1
-19,-23,1
48,2,1
-44,-14,1
33,-1,1
19,-18,1
21,32,1
23,-20,1
-16,-27,1
25,-29,1
13,-27,1
32,6,1
19,27,1
7,-24,1
-37,-18,1
-17,-42,1
29,-27,1
-7,-24,1
13,23,1
-41,-1,1
-8,33,1
27,-22,1
44,5,1
41,27,1
-39,-1,1
1,46,1
-23,-22,1
-20,21,1
-27,12,1
23,-40,1
-43,24,1
46,-9,1
28,-19,1
13,-24,1
-20,-43,1
-24,29,1
3,33,1
11,-31,1
-31,18,1
22,-35,1
8,32,1
31,26,1
-37,-30,1
-23,-23,1
24,41,1
-4,44,1
30,-34,1
-8,-24,1
31,-14,1
32,9,1
-21,31,1
38,24,1
-37,15,1
25,-10,1
-23,-28,1
-14,-45,1
46,11,1
48,-1,1
-27,-3,1
35,1,1
-45,-11,1
-8,41,1
18,32,1
-37,-29,1
-23,-34,1
34,-12,1
-26,-34,1
-41,25,1
31,2,1
-15,35,1
32,11,1
-6,-45,1
20,20,1
38,32,1
17,-35,1
-38,17,1
-44,23,1
-45,-1,1
32,13,1
-22,15,1
6,47,1
3,-42,1
-32,-16,1
-10,25,1
-34,17,1
-39,-5,1
-26,15,1
23,34,1
6,-38,1
-1,38,1
-26,-22,1
13,44,1
21,-27,1
41,14,1
32,-15,1
17,46,1
-32,16,1
-5,-26,1
25,8,1
-12,-28,1
36,-15,1
-43,22,1
-25,-11,1
-46,-10,1
30,-21,1
-31,0,1
43,6,1
1,-49,1
3,40,1
-41,2,1
-16,23,1
43,-12,1
-25,-33,1
43,-16,1
15,-46,1
-7,40,1
-33,-6,1
-23,13,1
41,-1,1
-46,2,1
-9,34,1
15,-38,1
47,6,1
-16,24,1
21,19,1
18,-21,1
-30,9,1
7,38,1
44,8,1
18,-36,1
-4,40,1
-49,3,1
23,-17,1
30,39,1
26,6,1
48,-9,1
-23,44,1
-33,32,1
39,22,1
-8,47,1
-12,29,1
-31,-11,1
50,0,1
-4,-36,1
-42,12,1
-37,0,1
41,-27,1
-36,-20,1
-9,-40,1
29,-30,1
26,22,1
-22,-32,1
-8,31,1
-18,19,1
22,-22,1
9,45,1
-15,-40,1
42,13,1
-8,25,1
-36,-10,1
25,-6,1
31,-6,1
23,12,1
48,5,1
-11,-32,1
43,-24,1
13,-33,1
0,-50,1
-38,-21,1
-25,15,1
41,-4,1
-24,-26,1
5,41,1
-29,-26,1
-33,-31,1
-39,-10,1
-10,29,1
22,-22,1
12,39,1
24,-28,1
38,13,1
49,7,1
-5,-39,1
28,22,1
47,-1,1
38,3,1
-37,10,1
3,39,1
92,-257,0
82,259,0
-156,-244,0
-280,-40,0
106,-243,0
103,250,0
-175,229,0
177,220,0
50,-273,0
250,113,0
-281,55,0
-154,-223,0
-284,-8,0
-235,-145,0
-241,-141,0
-278,37,0
-12,282,0
-90,-271,0
235,-157,0
-179,215,0
-38,-281,0
266,-77,0
115,244,0
220,-182,0
-55,-272,0
-163,226,0
-265,-5,0
-254,-118,0
-174,204,0
-245,147,0
-275,45,0
276,-61,0
256,-130,0
-192,-213,0
129,248,0
-251,-110,0
266,80,0
-159,220,0
270,-21,0
-129,-247,0
142,252,0
-15,283,0
190,-207,0
243,-158,0
164,235,0
-88,259,0
121,-254,0
174,228,0
-82,-260,0
-213,-179,0
-287,-13,0
247,123,0
192,196,0
-280,52,0
-176,204,0
-15,268,0
198,-200,0
-275,80,0
-16,283,0
-269,66,0
124,243,0
-259,63,0
132,258,0
129,-249,0
71,-281,0
41,-277,0
74,256,0
62,267,0
-213,191,0
-98,264,0
-73,270,0
266,-95,0
114,-265,0
13,-268,0
-190,196,0
2,-283,0
165,210,0
193,-199,0
-274,-29,0
-272,-57,0
-2,-281,0
124,246,0
-289,-8,0
209,180,0
180,227,0
-16,-287,0
-235,-163,0
-186,222,0
254,-113,0
147,228,0
-72,261,0
-279,56,0
-270,52,0
-207,-203,0
219,168,0
-259,57,0
-264,30,0
144,233,0
136,-247,0
280,-26,0
-264,-57,0
71,-281,0
4,-285,0
232,-154,0
152,-228,0
270,89,0
236,158,0
-219,-151,0
-206,-172,0
-215,-175,0
130,250,0
-251,-120,0
97,262,0
-70,264,0
-283,28,0
94,266,0
-73,276,0
-25,268,0
-236,149,0
269,-75,0
-146,231,0
-216,-166,0
272,8,0
275,60,0
-209,189,0
237,151,0
-152,-236,0
-75,275,0
-80,275,0
-259,-78,0
235,-131,0
284,7,0
-254,-114,0
72,276,0
-265,18,0
-146,-234,0
149,-225,0
-29,266,0
282,56,0
-3,283,0
28,264,0
-61,273,0
-241,156,0
107,-260,0
-36,-272,0
-104,244,0
62,-280,0
15,-287,0
-10,-283,0
-273,-2,0
-251,-131,0
-215,-184,0
20,284,0
-11,283,0
217,-156,0
-70,276,0
200,-186,0
175,-226,0
-207,186,0
-278,-76,0
-56,-283,0
13,267,0
-261,-84,0
-73,260,0
-248,-135,0
249,114,0
-203,184,0
-206,-186,0
-45,-280,0
-272,-29,0
-212,-178,0
25,-272,0
266,-107,0
-254,-76,0
89,-259,0
246,-126,0
160,-212,0
-44,-267,0
286,-17,0
115,255,0
205,-176,0
91,-268,0
29,265,0
217,177,0
180,-204,0
32,272,0
206,-184,0
227,176,0
131,-247,0
-264,-95,0
-242,124,0
-16,267,0
-203,182,0
-212,184,0
-278,-5,0
-263,51,0
-271,53,0
188,189,0
-93,-255,0
261,-80,0
234,-132,0
-18,281,0
-94,258,0
283,50,0
-204,-205,0
-213,168,0
-166,-221,0
99,-265,0
227,-158,0
86,-257,0
-214,-159,0
-185,-222,0
-181,210,0
249,-144,0
-32,-282,0
-170,-213,0
275,-1,0
280,63,0
258,70,0
-167,232,0
99,252,0
199,-183,0
-275,72,0
248,-132,0
261,-52,0
-223,-149,0
-173,203,0
70,281,0
-272,60,0
80,-256,0
253,86,0
-240,-162,0
-244,106,0
-281,-41,0
58,-260,0
286,35,0
187,-215,0
-274,45,0
224,-159,0
258,91,0
-156,220,0
121,-255,0
1,-283,0
253,-107,0
-219,163,0
-59,264,0
-119,245,0
264,-107,0
-244,-131,0
-139,234,0
-219,-179,0
110,245,0
87,266,0
-130,-242,0
262,-87,0
161,-219,0
-140,238,0
179,-225,0
21,271,0
262,-97,0
264,-30,0
-283,20,0
-269,-60,0
179,218,0
-264,-76,0
181,-214,0
-109,-257,0
217,-190,0
253,135,0
273,-87,0
69,-267,0
147,-222,0
20,-269,0
271,-44,0
92,-270,0
-96,-272,0
155,217,0
-87,254,0
197,194,0
217,-190,0
-264,-29,0
-112,267,0
-261,-69,0
-281,65,0
220,184,0
-72,-266,0
252,-136,0
261,112,0
-279,-64,0
266,-71,0
114,240,0
213,178,0
-51,266,0
-142,-236,0
-199,-206,0
-105,-261,0
275,3,0
60,-281,0
-67,-277,0
276,53,0
-288,-8,0
288,-17,0
-286,43,0
121,-252,0
88,-274,0
-49,283,0
44,-271,0
-271,50,0
90,252,0
-79,279,0
233,138,0
255,117,0
114,-262,0
-135,254,0
266,-101,0
76,254,0
-254,76,0
-199,199,0
45,265,0
-244,-153,0
284,-20,0
-83,-254,0
-198,-195,0
234,141,0
280,-22,0
208,202,0
49,277,0
-215,169,0
-83,-271,0
-140,-252,0
178,212,0
-133,-255,0
-12,-280,0
-231,-161,0
217,-177,0
142,-237,0
233,-154,0
261,-90,0
261,83,0
-57,282,0
-244,-114,0
235,124,0
137,236,0
-175,-218,0
214,169,0
110,-257,0
-287,-33,0
157,-224,0
-174,211,0
68,277,0
-261,-125,0
-64,269,0
-221,147,0
-270,-57,0
175,207,0
-63,-271,0
-193,-212,0
-46,-264,0
274,-77,0
114,259,0
-155,-224,0
-266,39,0
-263,-83,0
-216,168,0
-103,251,0
278,52,0
83,266,0
180,220,0
121,252,0
235,158,0
256,125,0
269,-106,0
-279,-64,0
-267,32,0
-4,289,0
286,-40,0
218,-191,0
-249,144,0
-79,272,0
61,-270,0
-107,267,0
159,216,0
-268,34,0
266,-50,0
-83,-253,0
-242,-131,0
-22,277,0
-199,179,0
278,72,0
263,-92,0
34,-283,0
81,275,0
252,135,0
-83,273,0
105,-258,0
75,258,0
225,147,0
261,-55,0
-283,-22,0
-44,-267,0
-87,-262,0
214,194,0
124,235,0
-269,71,0
62,272,0
-138,233,0
207,-182,0
-273,-33,0
-9,279,0
84,-257,0
210,188,0
272,-13,0
-187,-206,0
11,-277,0
174,209,0
-262,-109,0
234,158,0
-130,231,0
-256,94,0
264,-109,0
-80,-270,0
24,269,0
288,1,0
-232,-157,0
-107,260,0
202,-205,0
-272,17,0
-175,-231,0
-247,-120,0
-71,-265,0
-92,-258,0
-185,-199,0
106,-245,0
243,135,0
69,-280,0
75,267,0
-231,-158,0
260,122,0
261,-68,0
-276,72,0
-218,175,0
-199,-198,0
-249,-113,0
-24,272,0
195,-186,0
-259,-94,0
269,-62,0
117,-249,0
248,-118,0
74,276,0
271,14,0
-196,199,0
3,285,0
236,129,0
-61,-268,0
-128,-250,0
107,257,0
154,232,0
277,20,0
157,225,0
-209,179,0
-103,-247,0
-251,132,0
-256,-69,0
269,84,0
242,-114,0
264,-70,0
4,-273,0
4,282,0
266,33,0
196,-192,0
-99,-261,0
75,-275,0
-152,219,0
-201,-199,0
-180,-202,0
-196,-206,0
130,253,0
266,-16,0
265,81,0
-222,169,0
283,51,0
-151,-246,0
-79,273,0
-53,285,0
-219,161,0
-192,217,0
251,87,0
226,145,0
-247,-149,0
-271,-38,0
260,-60,0
-104,258,0
263,51,0
164,-222,0
66,-259,0
-145,-222,0
-223,-166,0
-24,-267,0
233,152,0
