-38,-3,1
-17,-46,1
-32,24,1
35,28,1
30,-15,1
14,-34,1
-28,-29,1
16,31,1
-16,-35,1
26,-8,1
26,29,1
-21,45,1
-16,-28,1
-27,13,1
36,-15,1
-25,20,1
-21,14,1
-40,4,1
-43,24,1
-13,-33,1
-36,-4,1
-48,-2,1
15,26,1
46,18,1
35,34,1
-27,-29,1
31,-2,1
5,-34,1
-34,-10,1
-14,-42,1
-17,29,1
21,-42,1
47,11,1
24,-21,1
-25,-13,1
21,-29,1
-4,-36,1
-22,17,1
20,-37,1
-46,14,1
-31,-25,1
-30,38,1
6,32,1
-45,-10,1
27,14,1
-16,-46,1
-11,-30,1
38,-2,1
2,33,1
-22,-18,1
41,8,1
42,11,1
3,-29,1
34,-35,1
28,27,1
42,25,1
-49,0,1
37,-9,1
8,-41,1
-26,41,1
-20,-15,1
-40,13,1
4,-25,1
40,0,1
-48,-9,1
-18,-20,1
12,27,1
28,-14,1
-34,6,1
-17,-23,1
40,-13,1
-25,-6,1
-35,27,1
39,-30,1
25,34,1
40,-26,1
31,31,1
-3,32,1
10,-28,1
-19,-41,1
26,27,1
33,1,1
32,-31,1
42,-23,1
43,10,1
-7,-43,1
-12,-41,1
43,-5,1
-23,-18,1
-24,-15,1
24,11,1
-39,27,1
-31,-2,1
14,34,1
11,42,1
-32,-38,1
-34,-26,1
-37,31,1
-25,19,1
10,-43,1
14,26,1
2,-28,1
-35,0,1
-29,4,1
-26,-24,1
-32,19,1
-37,6,1
-20,-22,1
3,29,1
-32,-9,1
11,32,1
31,22,1
-18,30,1
37,10,1
36,4,1
-22,-35,1
17,27,1
-38,8,1
-25,2,1
1,-41,1
-31,30,1
-49,-1,1
27,31,1
17,37,1
2,45,1
35,-23,1
45,-14,1
23,-23,1
-14,36,1
34,-28,1
36,21,1
18,23,1
-39,-8,1
4,40,1
-8,48,1
40,-1,1
27,2,1
19,-21,1
-22,-18,1
-26,-14,1
-39,-17,1
46,-13,1
17,-20,1
17,-27,1
26,1,1
30,4,1
15,-46,1
7,-41,1
44,13,1
6,38,1
-28,-22,1
-42,-25,1
14,46,1
26,-6,1
-35,-27,1
17,-41,1
28,-5,1
-11,-37,1
-42,19,1
1,-35,1
27,-29,1
-26,-23,1
-21,-41,1
-24,-26,1
-8,43,1
-37,8,1
-33,-1,1
30,-21,1
6,-43,1
-20,20,1
9,-42,1
28,14,1
-31,-1,1
28,14,1
-23,19,1
6,-44,1
32,0,1
-41,22,1
-45,8,1
-20,25,1
-47,-10,1
-10,-48,1
23,-33,1
17,27,1
17,-24,1
32,16,1
-10,30,1
-9,-30,1
14,-42,1
-41,-27,1
-38,19,1
-42,-21,1
25,-30,1
-12,31,1
-20,-24,1
34,-19,1
-32,0,1
-39,-10,1
0,33,1
9,37,1
-36,-22,1
32,5,1
15,47,1
-29,0,1
4,-29,1
48,8,1
26,-26,1
-43,20,1
-29,13,1
-30,-27,1
5,-43,1
-26,-24,1
43,-1,1
-33,1,1
21,23,1
20,-22,1
-36,3,1
22,30,1
2,41,1
-8,-28,1
44,2,1
-13,35,1
23,-16,1
-8,-45,1
27,22,1
43,-7,1
-8,-33,1
-39,-22,1
36,-17,1
-23,-19,1
-46,-2,1
32,-27,1
-47,-17,1
-25,-6,1
42,-26,1
-26,26,1
-26,-2,1
18,25,1
34,27,1
-1,36,1
-29,-21,1
40,25,1
-32,9,1
-23,42,1
-25,38,1
-23,-38,1
-31,3,1
-29,-34,1
-8,-49,1
-29,28,1
44,4,1
43,3,1
38,1,1
28,14,1
15,-43,1
-23,39,1
19,31,1
-11,42,1
-48,8,1
37,-7,1
40,27,1
23,39,1
37,-3,1
12,-39,1
-39,-15,1
-7,48,1
31,-18,1
5,-39,1
-10,38,1
29,-34,1
39,3,1
37,21,1
-24,-39,1
-22,-28,1
-29,1,1
41,-21,1
-31,33,1
36,24,1
23,-43,1
31,11,1
30,-35,1
-34,-10,1
-8,39,1
-19,-26,1
33,37,1
-30,27,1
-9,46,1
14,-23,1
15,-31,1
28,35,1
-20,30,1
-15,-41,1
5,48,1
0,-32,1
-15,40,1
38,27,1
-30,23,1
-20,-20,1
9,39,1
-38,11,1
-42,-23,1
-8,27,1
-43,18,1
-44,2,1
38,-1,1
28,-40,1
-40,9,1
-38,-28,1
20,32,1
-39,-1,1
24,19,1
-44,6,1
10,-40,1
-30,13,1
-30,-9,1
-47,1,1
22,-38,1
25,-22,1
-1,-38,1
4,-27,1
-22,13,1
26,-38,1
-25,39,1
0,-49,1
-7,-46,1
-40,-24,1
27,-13,1
-8,33,1
-31,11,1
34,6,1
39,-18,1
-25,-24,1
-1,41,1
-22,-21,1
37,-15,1
48,11,1
-34,29,1
-12,-47,1
34,0,1
-39,3,1
-30,15,1
39,18,1
-17,-42,1
-3,32,1
20,27,1
-41,-15,1
-15,39,1
-39,-5,1
1,-49,1
11,30,1
-15,-20,1
22,-15,1
-6,-27,1
47,1,1
-47,-11,1
-18,-43,1
-36,9,1
31,-33,1
-32,-33,1
-11,-46,1
-47,8,1
-29,6,1
41,-24,1
1,30,1
42,-10,1
-2,30,1
-2,-43,1
24,-35,1
-46,-16,1
-24,22,1
19,25,1
15,38,1
28,-37,1
9,-36,1
-20,-17,1
13,-23,1
-8,-38,1
16,20,1
37,-28,1
-33,-17,1
35,9,1
12,-29,1
40,-16,1
11,-45,1
-1,-36,1
-33,-8,1
49,-6,1
-19,23,1
34,16,1
-35,12,1
17,19,1
-20,36,1
14,-29,1
32,28,1
40,16,1
-49,-2,1
-28,-6,1
36,-28,1
-48,-12,1
-47,-7,1
-37,3,1
-24,41,1
42,-21,1
21,-19,1
29,-16,1
-30,-37,1
21,-18,1
24,-9,1
4,-43,1
-19,44,1
-24,-21,1
27,13,1
31,-19,1
-29,40,1
-22,-22,1
29,14,1
-38,5,1
-31,-20,1
-49,3,1
38,1,1
-10,40,1
11,-48,1
0,37,1
-20,-23,1
33,37,1
37,32,1
26,22,1
45,2,1
26,41,1
-26,-24,1
8,-42,1
-45,-21,1
-47,5,1
16,-39,1
-47,-9,1
-34,23,1
29,-21,1
-28,35,1
7,40,1
30,6,1
-19,32,1
-9,49,1
-3,37,1
-9,49,1
-38,-8,1
-46,5,1
28,-12,1
22,26,1
-44,4,1
-1,-26,1
21,-18,1
40,22,1
27,37,1
-11,44,1
-3,-35,1
-43,-11,1
41,-20,1
7,37,1
-6,-46,1
-28,-40,1
-27,23,1
-3,-34,1
-41,-16,1
-33,-4,1
-36,-6,1
48,-11,1
21,-41,1
-16,-42,1
-28,10,1
47,12,1
48,3,1
-8,-28,1
-26,-23,1
-41,27,1
6,43,1
24,27,1
46,8,1
19,-20,1
37,18,1
37,6,1
19,23,1
-37,2,1
31,-5,1
-39,18,1
2,47,1
10,44,1
-43,-22,1
-32,8,1
-19,42,1
35,6,1
38,2,1
34,17,1
26,-36,1
1,-35,1
-3,45,1
-29,-17,1
19,-23,1
24,9,1
-11,-44,1
4,28,1
98,-246,0
-248,-90,0
256,-57,0
262,71,0
262,69,0
-266,-30,0
-120,-230,0
-81,258,0
84,-244,0
105,-238,0
139,216,0
222,137,0
-120,231,0
-267,4,0
120,-232,0
-197,194,0
-205,177,0
221,-143,0
19,272,0
-270,-39,0
-99,258,0
-242,-126,0
136,-243,0
-237,-147,0
-218,137,0
65,272,0
256,-29,0
-193,197,0
50,252,0
164,217,0
224,141,0
118,234,0
-257,-60,0
-180,200,0
-174,194,0
-159,207,0
-263,10,0
-13,255,0
276,-45,0
-204,-169,0
51,261,0
-4,278,0
-276,-6,0
190,-203,0
-43,260,0
-72,-266,0
-86,247,0
259,-48,0
-207,180,0
-274,-21,0
248,-98,0
122,247,0
-241,90,0
194,190,0
183,191,0
110,231,0
-147,-224,0
-7,-268,0
108,-248,0
230,-125,0
-270,-19,0
-63,-249,0
-224,-153,0
-214,-155,0
-258,-52,0
-188,-201,0
-251,-98,0
-175,-199,0
-272,47,0
-189,206,0
163,-198,0
-218,134,0
200,-183,0
199,-170,0
178,-208,0
-245,-127,0
71,-267,0
30,273,0
142,212,0
-200,-183,0
175,200,0
-74,-270,0
233,121,0
71,-246,0
261,90,0
114,245,0
-275,22,0
223,146,0
-120,-235,0
68,-257,0
254,-51,0
-252,-88,0
-83,-252,0
-229,133,0
-263,-73,0
265,14,0
-266,78,0
-270,-29,0
-16,271,0
-86,243,0
245,-87,0
132,-243,0
44,257,0
48,-254,0
-243,93,0
42,274,0
-144,236,0
140,-218,0
-24,276,0
213,174,0
-254,48,0
201,190,0
-36,-276,0
-278,-12,0
71,258,0
44,269,0
-172,202,0
-99,236,0
244,-118,0
100,-238,0
-97,262,0
-127,-226,0
116,-253,0
-156,-208,0
-78,248,0
251,-55,0
191,-174,0
222,-136,0
224,160,0
237,133,0
242,128,0
216,-163,0
246,-68,0
266,8,0
-2,-277,0
-8,-275,0
71,251,0
-80,247,0
267,21,0
-137,240,0
248,75,0
-36,-258,0
-114,247,0
-158,-215,0
76,265,0
137,-236,0
-250,-112,0
-160,207,0
-71,-262,0
221,157,0
-251,89,0
-159,206,0
-198,166,0
162,-222,0
-256,-62,0
106,-244,0
-181,191,0
-159,-223,0
-222,143,0
-35,257,0
261,11,0
110,248,0
-268,-29,0
62,248,0
-112,230,0
-42,-252,0
-266,78,0
-222,154,0
-258,-71,0
-182,211,0
-8,258,0
-122,-225,0
-27,261,0
-19,-269,0
-174,203,0
207,-165,0
-176,-210,0
-275,-18,0
272,-10,0
-153,220,0
143,240,0
-198,193,0
-8,-264,0
-55,-274,0
263,46,0
-212,173,0
108,-256,0
248,-110,0
220,155,0
105,-234,0
-239,99,0
104,236,0
236,-109,0
-245,125,0
151,216,0
124,225,0
-265,-78,0
-115,-245,0
-104,250,0
-27,-274,0
-186,203,0
-54,258,0
-266,87,0
-130,237,0
-244,-135,0
-268,23,0
101,-256,0
-264,59,0
242,-107,0
-242,122,0
118,229,0
203,-181,0
69,267,0
193,-193,0
-170,-212,0
152,-208,0
-198,178,0
-128,-223,0
-260,-36,0
196,183,0
-257,-88,0
221,155,0
-179,-196,0
159,216,0
-124,-245,0
205,180,0
253,69,0
-259,-88,0
-93,255,0
-270,-31,0
173,218,0
248,-92,0
-259,-4,0
-133,224,0
-55,274,0
-189,178,0
-272,-38,0
229,133,0
43,-261,0
-222,144,0
123,238,0
89,-240,0
253,94,0
256,66,0
221,-156,0
-102,255,0
-11,272,0
-191,-182,0
255,-48,0
-107,-244,0
-15,-271,0
152,-231,0
8,-273,0
-253,65,0
263,56,0
34,275,0
-64,254,0
185,-179,0
178,212,0
46,-271,0
218,-156,0
242,132,0
-219,156,0
-126,-239,0
-187,-192,0
250,60,0
-236,119,0
99,246,0
-236,-117,0
-148,216,0
166,216,0
257,-42,0
-235,-134,0
229,114,0
-42,269,0
220,167,0
261,98,0
257,42,0
-34,-267,0
128,-249,0
267,-26,0
115,255,0
268,9,0
-118,-248,0
-136,223,0
-113,-251,0
-3,269,0
38,-262,0
133,-244,0
-140,-217,0
243,138,0
-260,-40,0
52,256,0
204,179,0
267,-19,0
98,-249,0
-2,-264,0
69,-270,0
-122,239,0
-76,259,0
204,-189,0
9,-277,0
-263,41,0
-243,78,0
138,-219,0
-54,-273,0
200,174,0
-156,220,0
102,-248,0
-266,-27,0
-227,162,0
-261,18,0
-194,178,0
-38,-259,0
-253,-76,0
-112,-255,0
129,-236,0
-272,47,0
-205,182,0
220,-137,0
-182,211,0
-188,182,0
274,0,0
260,45,0
142,-215,0
-72,267,0
-277,-39,0
-270,17,0
108,-241,0
-238,-120,0
-222,133,0
113,253,0
-74,252,0
208,-149,0
127,-247,0
229,120,0
153,212,0
-165,205,0
277,-10,0
179,188,0
-250,-51,0
267,-2,0
171,210,0
-7,-271,0
-192,191,0
-96,239,0
221,-143,0
255,20,0
-279,-15,0
-234,132,0
-216,139,0
184,204,0
-139,242,0
-279,-20,0
49,-258,0
-178,194,0
-168,-223,0
241,-133,0
-168,-224,0
-259,64,0
-111,-252,0
99,-243,0
47,271,0
-60,263,0
143,-218,0
-266,-24,0
-262,-19,0
206,-183,0
12,-276,0
0,270,0
-53,-265,0
-35,259,0
-273,41,0
99,-255,0
179,-192,0
-42,259,0
164,-205,0
268,31,0
-244,-88,0
18,-273,0
256,24,0
-113,246,0
254,65,0
105,247,0
252,110,0
-179,-212,0
-272,-10,0
-160,-207,0
129,238,0
-86,-251,0
269,51,0
11,-269,0
-206,-176,0
10,-273,0
-172,204,0
115,229,0
27,-277,0
-72,267,0
-53,-261,0
-217,-168,0
273,59,0
101,239,0
-108,-252,0
124,-227,0
-270,70,0
157,202,0
26,-276,0
62,-258,0
250,101,0
154,-205,0
26,259,0
232,142,0
-64,271,0
244,-77,0
-37,-262,0
-6,-274,0
-2,-275,0
79,267,0
254,-41,0
-269,12,0
96,260,0
44,259,0
80,262,0
-185,-202,0
-68,-253,0
-50,-269,0
-263,-29,0
191,-203,0
-251,72,0
-262,-27,0
-32,-269,0
14,-260,0
-61,-251,0
-245,77,0
33,270,0
70,-266,0
-247,-78,0
-178,204,0
86,260,0
-87,263,0
215,-167,0
-208,148,0
236,-135,0
33,-271,0
-257,-73,0
267,-73,0
-33,-267,0
-206,165,0
251,83,0
-204,176,0
-260,-69,0
59,256,0
-177,186,0
33,253,0
-5,257,0
-9,-275,0
146,-231,0
233,140,0
264,90,0
269,-67,0
177,-196,0
-85,-242,0
-145,-213,0
-270,-20,0
-78,-251,0
171,-211,0
-201,172,0
-179,208,0
203,-159,0
41,256,0
254,93,0
145,-212,0
252,-120,0
143,-221,0
-207,166,0
-61,258,0
252,-84,0
-224,154,0
143,-229,0
-269,-7,0
-3,265,0
271,6,0
24,263,0
258,-46,0
175,-196,0
-185,-191,0
3,-279,0
255,62,0
-108,257,0
232,-111,0
100,253,0
-203,159,0
228,-118,0
-264,79,0
-275,-46,0
272,29,0
38,-261,0
220,139,0
250,103,0
-94,248,0
