20,34,1
-20,-27,1
-42,8,1
47,-7,1
-25,18,1
-29,-26,1
-29,35,1
-4,42,1
7,-31,1
25,36,1
3,-33,1
26,-31,1
-25,3,1
-45,14,1
25,-41,1
-21,31,1
31,25,1
47,12,1
24,10,1
-21,16,1
-36,14,1
33,-7,1
-24,26,1
15,47,1
-29,40,1
20,39,1
-48,14,1
-20,31,1
26,-18,1
-31,-39,1
-28,-20,1
23,33,1
-42,-12,1
8,-49,1
22,-43,1
-47,-17,1
-21,20,1
2,43,1
23,21,1
8,39,1
-6,-32,1
24,36,1
44,13,1
-35,1,1
28,29,1
30,12,1
-41,15,1
13,-24,1
-16,25,1
22,-36,1
29,5,1
-19,-38,1
-38,-23,1
-22,-42,1
41,-25,1
30,-39,1
27,32,1
-6,31,1
9,47,1
-33,-33,1
-21,-37,1
-34,-4,1
9,-45,1
34,-21,1
-21,-15,1
14,-39,1
-29,7,1
32,29,1
-26,35,1
-22,27,1
31,-22,1
34,18,1
5,-27,1
-37,29,1
31,-38,1
33,-14,1
6,38,1
-43,-1,1
-17,-20,1
-16,-22,1
-26,-30,1
-5,47,1
1,33,1
11,-35,1
23,10,1
-25,-1,1
22,-14,1
9,-38,1
3,38,1
-12,24,1
28,15,1
-49,1,1
-3,26,1
39,-18,1
-32,-2,1
27,-3,1
4,44,1
21,20,1
-29,-33,1
-36,33,1
23,39,1
-36,17,1
-27,-29,1
-43,13,1
41,-20,1
13,-29,1
-29,-26,1
-32,-21,1
-10,-27,1
-33,-2,1
6,26,1
-36,10,1
43,-18,1
-32,-24,1
29,-2,1
6,43,1
-36,-33,1
32,12,1
30,20,1
-42,24,1
27,8,1
-32,38,1
-11,-26,1
44,-21,1
-32,24,1
-26,-17,1
-31,-31,1
32,13,1
-37,-26,1
-21,38,1
-47,-5,1
-17,-41,1
-31,-5,1
-7,-35,1
36,24,1
17,-30,1
-32,22,1
-23,-23,1
21,-41,1
-30,-20,1
4,-40,1
-31,32,1
-25,37,1
-35,17,1
7,-43,1
-7,-38,1
-23,-21,1
42,-2,1
-21,-41,1
-14,-35,1
-6,31,1
-22,-20,1
40,-12,1
4,41,1
20,36,1
-11,26,1
-42,-10,1
-32,3,1
32,-26,1
-47,-9,1
-3,26,1
13,22,1
35,4,1
19,-23,1
33,-29,1
31,19,1
13,-41,1
24,31,1
-10,24,1
24,-31,1
24,38,1
5,-30,1
-27,-16,1
32,-4,1
-16,29,1
21,-40,1
-30,-4,1
-34,-22,1
19,-30,1
-19,-37,1
-37,-5,1
-26,2,1
18,-26,1
16,-28,1
-26,-22,1
-43,20,1
-39,15,1
-23,19,1
-29,-13,1
19,40,1
-35,9,1
-4,-36,1
-42,-1,1
-21,25,1
-18,-45,1
-25,35,1
-18,20,1
-19,28,1
35,17,1
-16,46,1
-47,15,1
45,14,1
20,-40,1
32,-20,1
-16,-20,1
-49,1,1
-41,21,1
15,-34,1
46,13,1
47,10,1
-16,21,1
12,-34,1
-18,-41,1
29,14,1
-16,-40,1
22,41,1
4,26,1
-43,-11,1
24,22,1
-33,11,1
43,19,1
-23,-21,1
42,0,1
-29,-7,1
-28,-6,1
45,18,1
-1,39,1
20,45,1
-38,-28,1
28,-27,1
-12,-33,1
-36,-15,1
-1,31,1
30,23,1
-33,15,1
35,27,1
6,41,1
26,38,1
-26,1,1
-43,-25,1
-34,-29,1
-6,36,1
-17,19,1
33,22,1
-34,-2,1
8,-47,1
49,9,1
15,24,1
-10,47,1
36,12,1
5,29,1
-24,18,1
30,-37,1
-23,-17,1
28,-25,1
9,28,1
22,16,1
1,-32,1
-10,-27,1
21,-44,1
-21,40,1
-25,-5,1
30,19,1
11,43,1
-7,28,1
18,-31,1
41,-25,1
-23,24,1
-2,-39,1
-11,43,1
28,15,1
-29,-40,1
-17,47,1
-3,-42,1
28,0,1
37,9,1
-5,-31,1
27,-38,1
10,-30,1
34,4,1
17,24,1
-28,-18,1
-28,-32,1
-14,-41,1
20,-37,1
17,28,1
-35,14,1
0,-26,1
0,-44,1
2,49,1
-47,-17,1
5,-25,1
25,-19,1
17,39,1
-16,23,1
-24,-34,1
-35,-17,1
41,-20,1
25,21,1
3,46,1
35,25,1
13,37,1
-32,18,1
35,32,1
-15,-35,1
48,-6,1
34,-16,1
26,-25,1
-30,-33,1
42,7,1
30,-23,1
-10,-40,1
-16,-27,1
-25,-30,1
22,-27,1
-32,-35,1
-29,-19,1
14,-28,1
-21,42,1
-37,7,1
41,-27,1
25,-17,1
-37,33,1
-31,-13,1
-10,-42,1
44,12,1
-5,37,1
-38,1,1
5,28,1
36,11,1
36,-9,1
-19,-27,1
-16,28,1
-29,37,1
14,45,1
-25,13,1
-31,8,1
21,-44,1
20,40,1
-44,-9,1
-37,28,1
30,-8,1
31,0,1
-16,28,1
-44,-20,1
-10,35,1
22,-38,1
27,39,1
-26,6,1
17,-45,1
-7,34,1
-43,-23,1
-34,-33,1
21,-33,1
-16,-35,1
2,44,1
28,24,1
38,-20,1
24,41,1
-20,-40,1
27,-5,1
-38,14,1
40,-26,1
-35,-30,1
32,32,1
-41,23,1
-17,43,1
24,27,1
-8,39,1
-27,-18,1
37,24,1
16,-35,1
13,-31,1
34,25,1
17,-28,1
9,29,1
26,-31,1
35,34,1
37,-27,1
30,-17,1
24,-29,1
15,-45,1
46,-9,1
-25,-30,1
16,32,1
-9,41,1
-42,-22,1
34,4,1
-21,14,1
8,46,1
22,-35,1
34,11,1
8,-38,1
30,28,1
-32,-8,1
-23,15,1
-31,12,1
25,10,1
-5,32,1
23,-32,1
-30,-10,1
23,-31,1
-12,-48,1
8,48,1
-11,32,1
5,-45,1
-9,39,1
-1,44,1
-18,31,1
-37,-10,1
-34,-25,1
-39,-13,1
-18,38,1
-29,-33,1
10,46,1
-40,-25,1
31,-25,1
42,-7,1
-37,-14,1
43,18,1
-1,-30,1
-40,-27,1
24,-18,1
20,-41,1
-34,-30,1
-21,26,1
-28,-6,1
-24,17,1
39,18,1
-19,-45,1
-20,-15,1
-10,-24,1
-13,-39,1
-5,-34,1
-39,-20,1
-33,18,1
-28,4,1
32,-11,1
25,8,1
32,-25,1
43,14,1
-27,29,1
-22,-35,1
17,43,1
-49,8,1
23,-43,1
39,31,1
-20,19,1
-29,21,1
7,-32,1
12,-38,1
9,41,1
33,3,1
20,21,1
-40,-21,1
-1,44,1
49,-7,1
30,23,1
-40,-16,1
-27,10,1
23,21,1
-35,-10,1
25,-33,1
5,31,1
-8,36,1
-34,28,1
39,-6,1
-25,30,1
32,-17,1
-39,-16,1
-13,35,1
20,-35,1
4,-32,1
24,-29,1
-33,35,1
24,19,1
-16,-32,1
-10,48,1
34,22,1
-31,33,1
46,-11,1
40,-4,1
26,9,1
-44,21,1
-9,32,1
-14,-47,1
-43,24,1
-42,-22,1
29,-16,1
31,26,1
9,-29,1
-29,-3,1
-17,23,1
-22,-15,1
-29,4,1
21,-21,1
-28,35,1
-37,10,1
-20,24,1
-23,14,1
-186,181,0
171,211,0
261,4,0
192,180,0
191,-172,0
-138,222,0
139,-228,0
-269,34,0
-255,15,0
-265,-52,0
-220,152,0
247,-88,0
-203,192,0
-77,-251,0
-19,-279,0
0,279,0
-268,34,0
254,-81,0
260,30,0
-134,-239,0
89,-253,0
158,218,0
-26,-272,0
162,209,0
-148,225,0
-132,227,0
-159,210,0
-228,144,0
265,-47,0
-262,11,0
256,63,0
-219,154,0
-79,244,0
273,17,0
-250,107,0
-266,63,0
-269,-15,0
160,-226,0
-259,-58,0
152,-226,0
259,40,0
-51,260,0
-218,-155,0
268,-29,0
257,-67,0
197,-176,0
-141,230,0
118,248,0
-19,269,0
232,-142,0
265,-27,0
210,-182,0
-111,-232,0
9,-270,0
252,-40,0
152,-205,0
-168,218,0
-154,226,0
-152,-226,0
25,268,0
204,181,0
16,273,0
112,-238,0
24,-275,0
-250,-88,0
-160,200,0
174,214,0
164,-214,0
-237,-103,0
-206,182,0
-180,-203,0
-230,128,0
109,237,0
243,-112,0
-226,140,0
47,-253,0
236,-110,0
-161,214,0
-165,-207,0
30,-275,0
-22,260,0
-11,275,0
-163,223,0
34,272,0
-68,251,0
-176,-204,0
138,236,0
-55,-266,0
50,265,0
250,59,0
-265,74,0
-78,-260,0
237,113,0
255,-95,0
-80,-264,0
-259,55,0
-137,219,0
168,-210,0
170,222,0
-36,253,0
51,-259,0
-36,-263,0
155,232,0
-258,71,0
253,-85,0
-185,-180,0
93,-256,0
-57,-265,0
-262,2,0
65,-247,0
-148,-234,0
-247,-111,0
-199,-163,0
-43,-265,0
-201,161,0
194,170,0
-65,-253,0
237,-147,0
-250,60,0
160,204,0
101,261,0
39,-276,0
-154,218,0
237,96,0
-217,-166,0
-155,221,0
-249,77,0
122,-225,0
167,-199,0
-265,86,0
-80,265,0
-270,52,0
-264,22,0
202,178,0
-240,131,0
-85,266,0
-33,273,0
63,264,0
-276,17,0
-218,-145,0
-79,-260,0
-259,-70,0
-175,-215,0
42,-262,0
125,247,0
-166,211,0
-22,259,0
213,-156,0
-199,177,0
268,62,0
-40,-255,0
224,-150,0
-84,256,0
-124,243,0
-187,-193,0
116,242,0
134,-237,0
240,102,0
-46,-259,0
161,198,0
-257,35,0
-274,-53,0
-258,106,0
216,139,0
-273,36,0
148,210,0
163,199,0
-62,272,0
-132,231,0
266,50,0
-151,214,0
-270,-30,0
120,252,0
-81,250,0
152,-206,0
271,62,0
69,-250,0
148,-232,0
-39,-264,0
-259,-91,0
262,93,0
51,270,0
261,-18,0
278,-23,0
262,-47,0
-153,226,0
-238,-147,0
277,-2,0
238,-101,0
246,101,0
-36,273,0
236,97,0
-278,-28,0
-233,-111,0
-39,272,0
246,-115,0
-107,238,0
227,124,0
207,158,0
245,96,0
36,273,0
-271,61,0
160,-221,0
251,-118,0
-86,-250,0
11,276,0
218,172,0
23,-254,0
240,-112,0
101,235,0
238,96,0
-268,16,0
125,242,0
-223,137,0
243,139,0
182,201,0
17,-255,0
135,-221,0
-19,261,0
-169,214,0
187,-202,0
5,-273,0
-85,254,0
22,258,0
231,148,0
122,242,0
-195,-196,0
182,-211,0
246,73,0
62,270,0
-249,-74,0
134,244,0
264,32,0
-193,178,0
44,-259,0
142,-226,0
-178,210,0
229,-141,0
-260,17,0
-266,-27,0
-169,196,0
108,242,0
208,166,0
-225,-152,0
164,-225,0
224,167,0
-262,69,0
-221,132,0
269,60,0
-259,-9,0
-274,55,0
-84,258,0
225,161,0
214,-142,0
-234,137,0
-82,-263,0
232,119,0
-251,76,0
-254,-41,0
-222,167,0
-256,79,0
-207,-161,0
-201,-159,0
-181,-204,0
-222,142,0
-150,214,0
138,-225,0
-142,213,0
246,74,0
110,238,0
-154,-226,0
-219,151,0
-23,275,0
153,-229,0
54,263,0
181,-180,0
-69,256,0
-251,-83,0
-226,-159,0
206,-171,0
-274,37,0
-185,186,0
123,-242,0
-261,-86,0
-151,210,0
56,265,0
254,59,0
-246,126,0
-197,170,0
-81,268,0
-182,-194,0
202,175,0
250,112,0
259,58,0
213,176,0
-242,112,0
-199,-176,0
206,-187,0
-28,-273,0
271,-6,0
245,-97,0
-264,-91,0
24,273,0
247,100,0
173,-205,0
250,116,0
4,268,0
-42,-255,0
-174,-200,0
-149,228,0
-253,38,0
44,265,0
259,-80,0
74,252,0
-192,183,0
-158,218,0
-133,-226,0
-240,-125,0
250,70,0
258,-49,0
32,-259,0
-223,-167,0
171,195,0
269,-30,0
-261,26,0
50,251,0
252,-100,0
-185,-201,0
259,26,0
-231,-139,0
65,272,0
-259,83,0
227,-163,0
-112,-240,0
266,86,0
-217,-141,0
-117,-244,0
-258,-10,0
206,178,0
260,7,0
43,-255,0
-262,68,0
260,1,0
-191,-193,0
-213,-154,0
-225,133,0
-77,-246,0
217,-154,0
-139,219,0
-16,-271,0
-250,-71,0
263,-52,0
-43,268,0
254,54,0
153,-234,0
-215,-148,0
213,-153,0
265,65,0
240,114,0
-176,-189,0
-202,160,0
268,23,0
213,-164,0
270,-17,0
-208,163,0
219,173,0
254,-91,0
-269,69,0
34,265,0
-118,238,0
-77,-258,0
-140,-240,0
-14,-262,0
190,182,0
6,274,0
265,-12,0
-268,-34,0
160,210,0
225,124,0
-109,236,0
-223,-125,0
149,209,0
210,-172,0
-264,4,0
138,-224,0
231,-111,0
56,-254,0
25,-255,0
-102,-257,0
-272,-43,0
148,208,0
245,72,0
-214,-168,0
-178,-204,0
202,-180,0
136,-218,0
191,-203,0
-219,159,0
166,200,0
-215,-176,0
133,-230,0
177,209,0
37,271,0
132,244,0
-23,274,0
-198,185,0
6,-269,0
-150,-231,0
31,272,0
-102,250,0
148,234,0
-212,-165,0
-183,-199,0
-231,116,0
-140,-223,0
248,-129,0
263,16,0
-255,0,0
-28,-260,0
-249,-97,0
201,163,0
119,-244,0
-94,-241,0
-222,159,0
-151,208,0
230,117,0
-196,-174,0
183,-211,0
-62,-262,0
-118,-227,0
-225,122,0
176,186,0
-268,-30,0
229,156,0
62,248,0
-257,-39,0
-136,-236,0
-9,-268,0
71,-253,0
-267,-58,0
191,200,0
-238,94,0
-127,230,0
-241,132,0
-269,36,0
118,253,0
262,63,0
124,241,0
-151,207,0
-275,-41,0
-30,-261,0
-265,-16,0
-228,135,0
171,-213,0
269,18,0
-219,-131,0
-273,-30,0
118,-245,0
253,68,0
-251,92,0
-239,119,0
-263,33,0
140,216,0
262,83,0
263,-64,0
-57,273,0
-256,-74,0
158,-228,0
246,86,0
105,-259,0
-31,257,0
-172,204,0
224,-155,0
-165,-197,0
108,-253,0
-187,193,0
81,-252,0
-266,38,0
199,193,0
-269,58,0
-80,-266,0
176,191,0
263,-84,0
84,-261,0
-271,-45,0
44,276,0
267,-55,0
-116,-248,0
261,-86,0
-132,245,0
32,258,0
252,-95,0
92,-260,0
177,-199,0
-274,18,0
251,67,0
149,-226,0
-20,-275,0
243,121,0
-106,252,0
