9,42,1
28,37,1
-7,31,1
-27,-21,1
-1,37,1
-21,-21,1
-41,-21,1
5,-42,1
43,15,1
29,-37,1
-6,-39,1
-15,-20,1
8,-27,1
-23,-31,1
-8,49,1
19,-30,1
36,-16,1
8,-48,1
-28,-14,1
-11,41,1
-12,45,1
21,-29,1
41,-28,1
-8,-39,1
-25,0,1
26,30,1
24,40,1
-22,18,1
-4,29,1
-6,-38,1
-39,6,1
22,13,1
-46,12,1
0,27,1
-28,-2,1
-17,-35,1
32,3,1
-21,-36,1
36,-13,1
42,4,1
43,9,1
-25,22,1
-24,-34,1
-21,-22,1
-10,-29,1
-23,23,1
24,-23,1
-42,-2,1
-39,22,1
-36,-19,1
-28,-23,1
25,-28,1
-18,-32,1
-26,34,1
-39,25,1
-10,-40,1
-27,-10,1
-7,39,1
-2,-27,1
-41,-2,1
-48,13,1
14,23,1
44,-10,1
40,26,1
19,45,1
42,-11,1
28,-24,1
-24,28,1
16,46,1
32,-9,1
-47,-11,1
-11,-40,1
19,22,1
-31,12,1
-12,24,1
25,37,1
-2,-25,1
8,-44,1
-13,43,1
37,20,1
29,-13,1
-41,16,1
-29,3,1
27,20,1
-4,40,1
4,44,1
-35,-16,1
-5,-41,1
31,-9,1
-38,-20,1
-2,-30,1
0,-35,1
-14,-40,1
-5,-36,1
19,46,1
-30,-39,1
-13,-47,1
1,43,1
-16,-35,1
36,9,1
20,-39,1
-5,43,1
-24,7,1
-7,-45,1
-23,-23,1
0,29,1
27,-19,1
27,-23,1
7,31,1
-1,-37,1
-31,33,1
19,-28,1
10,41,1
-24,-25,1
29,22,1
44,3,1
26,-39,1
-37,11,1
47,-15,1
-39,-27,1
33,-35,1
-20,16,1
38,-8,1
-31,-31,1
20,-40,1
28,28,1
-36,18,1
-29,4,1
44,16,1
-30,-39,1
1,-39,1
-12,-35,1
11,-48,1
16,-39,1
28,30,1
-25,-12,1
-10,29,1
31,-25,1
-13,35,1
11,-31,1
21,25,1
-32,27,1
-39,29,1
16,47,1
-27,-22,1
8,24,1
-40,23,1
35,-33,1
31,-32,1
44,-12,1
0,-47,1
-29,-6,1
36,28,1
-16,41,1
-4,-47,1
15,39,1
-16,-35,1
-33,16,1
1,28,1
-43,-24,1
43,1,1
17,33,1
-15,-46,1
-32,-12,1
-13,43,1
-1,25,1
34,28,1
-40,1,1
-23,18,1
38,-6,1
2,44,1
15,25,1
-37,20,1
-34,-22,1
-23,-16,1
11,-31,1
-45,-16,1
-38,-29,1
-43,-9,1
-13,-32,1
43,6,1
-42,-13,1
26,-38,1
31,-32,1
-29,17,1
-32,28,1
20,-37,1
-25,20,1
44,-22,1
-39,4,1
16,30,1
-17,-21,1
-37,24,1
-12,23,1
-29,-14,1
43,-5,1
41,14,1
14,37,1
1,-40,1
34,4,1
-43,20,1
28,-25,1
36,14,1
-3,-36,1
-48,5,1
-2,-40,1
34,36,1
-3,45,1
26,-26,1
31,-29,1
5,-45,1
-34,-36,1
25,-7,1
42,-21,1
-38,-3,1
-31,14,1
31,4,1
0,-47,1
18,-20,1
-9,44,1
-42,21,1
-14,47,1
-1,26,1
41,27,1
-34,-9,1
-26,-26,1
-24,9,1
-25,-11,1
33,32,1
4,-33,1
-40,-5,1
27,-26,1
46,13,1
11,-32,1
38,14,1
1,-30,1
9,-47,1
31,32,1
3,35,1
38,-16,1
-25,31,1
-17,31,1
-36,5,1
34,-4,1
-45,-9,1
28,-10,1
-38,0,1
22,39,1
38,-28,1
33,14,1
46,-19,1
29,-17,1
-21,40,1
45,-18,1
-23,36,1
8,40,1
28,7,1
-36,15,1
-3,30,1
12,-29,1
-21,34,1
-19,-45,1
-27,14,1
-15,24,1
-32,3,1
-12,26,1
31,26,1
19,-30,1
25,-33,1
-1,-45,1
32,-26,1
1,-37,1
-2,-37,1
-35,-7,1
-49,-7,1
-30,-18,1
41,14,1
4,-36,1
43,-8,1
26,40,1
27,-5,1
16,35,1
22,-29,1
-33,16,1
-38,28,1
-33,-26,1
-27,18,1
32,-20,1
39,27,1
-36,-16,1
41,4,1
-34,-16,1
-39,9,1
0,43,1
25,20,1
26,38,1
-7,-34,1
-26,10,1
37,-23,1
33,-31,1
35,19,1
41,0,1
32,31,1
-32,34,1
-5,-42,1
-26,19,1
-38,-1,1
32,-38,1
-4,-37,1
-42,-3,1
47,-10,1
-34,10,1
43,-1,1
38,15,1
-12,-26,1
42,-25,1
24,20,1
-34,8,1
28,-33,1
-33,-37,1
-14,-43,1
26,29,1
-25,26,1
-8,32,1
28,-12,1
30,6,1
42,25,1
13,-48,1
-30,-35,1
42,14,1
43,23,1
38,-22,1
42,-13,1
-21,30,1
27,-6,1
42,-17,1
-42,12,1
48,-6,1
30,-15,1
-21,-44,1
22,-25,1
17,-21,1
27,-32,1
32,-11,1
-49,-6,1
-18,-25,1
-36,31,1
2,43,1
12,-33,1
18,18,1
-18,-35,1
10,-37,1
29,-32,1
-2,-47,1
-7,28,1
13,-33,1
-37,30,1
33,16,1
-37,-28,1
-27,21,1
-27,-20,1
41,13,1
-4,38,1
-25,24,1
-23,-43,1
40,30,1
-34,4,1
-26,-18,1
-21,-30,1
20,-34,1
17,-45,1
7,-24,1
-37,13,1
27,3,1
21,-21,1
25,-10,1
-14,38,1
-25,-18,1
8,29,1
47,17,1
37,25,1
31,-15,1
4,-28,1
-30,-21,1
-7,-29,1
-28,38,1
28,33,1
19,-46,1
10,39,1
41,3,1
-15,43,1
-3,-26,1
23,-18,1
18,28,1
-21,-25,1
36,32,1
1,31,1
14,42,1
23,16,1
34,-32,1
-18,-34,1
45,-11,1
-44,-8,1
25,8,1
28,36,1
-29,26,1
46,6,1
41,19,1
8,-34,1
15,-41,1
15,-33,1
-45,-15,1
-26,16,1
12,35,1
6,28,1
38,-19,1
-9,41,1
42,-3,1
42,-14,1
18,-28,1
39,1,1
20,-22,1
-34,-1,1
-40,2,1
17,38,1
25,-16,1
30,20,1
-30,37,1
-31,2,1
-8,28,1
13,-35,1
34,-13,1
-19,-24,1
-35,-34,1
-31,25,1
16,-23,1
0,-36,1
-35,-19,1
-45,-1,1
-38,-18,1
-20,-16,1
39,16,1
0,-32,1
-31,25,1
35,-25,1
-9,-47,1
-30,-3,1
-42,-3,1
4,-31,1
33,-35,1
40,-11,1
7,-27,1
13,-46,1
-2,-36,1
-33,-30,1
-14,22,1
-14,-25,1
-19,-21,1
-8,-29,1
2,46,1
-19,28,1
-41,-5,1
-14,25,1
33,-14,1
3,-40,1
4,-34,1
2,27,1
19,-39,1
-42,-1,1
-29,39,1
16,-35,1
-22,-13,1
26,-41,1
-27,-39,1
-32,22,1
27,36,1
2,38,1
-13,-22,1
29,20,1
-33,-2,1
34,9,1
-25,27,1
-16,-40,1
-35,30,1
-5,35,1
-3,-45,1
-39,0,1
-12,-39,1
24,10,1
41,-2,1
17,-27,1
23,36,1
-31,-36,1
-36,25,1
24,20,1
47,1,1
-10,-26,1
-33,-30,1
-3,42,1
34,27,1
237,-142,0
-190,-185,0
-95,239,0
-271,-53,0
166,218,0
-10,260,0
-13,-272,0
-245,96,0
-243,92,0
-19,275,0
163,-221,0
-238,135,0
48,270,0
-201,192,0
-133,218,0
248,88,0
266,-38,0
-224,156,0
93,-258,0
120,-228,0
179,-209,0
-189,-190,0
107,253,0
-80,-247,0
243,-102,0
97,257,0
59,-256,0
-41,-257,0
-244,-96,0
-215,151,0
100,-258,0
-270,71,0
-233,111,0
64,-257,0
253,-109,0
-131,-224,0
-236,-99,0
199,-183,0
-150,-222,0
277,38,0
-100,-253,0
-192,198,0
-256,110,0
259,-71,0
-166,-203,0
-176,187,0
-108,-245,0
-255,81,0
59,-272,0
-40,-265,0
179,185,0
252,-93,0
100,-255,0
194,-201,0
272,-34,0
-176,-213,0
263,81,0
-112,243,0
-218,159,0
99,-241,0
123,-250,0
-217,-174,0
255,38,0
-183,-182,0
-37,-257,0
229,-129,0
-247,-113,0
-149,225,0
-7,-276,0
-47,273,0
-34,-271,0
158,-215,0
265,-25,0
240,-127,0
264,25,0
-264,-80,0
-264,-7,0
23,-278,0
-18,270,0
275,21,0
28,254,0
-17,262,0
-133,-228,0
260,56,0
5,-261,0
-237,141,0
-177,210,0
259,-5,0
259,24,0
238,-99,0
-276,-7,0
237,110,0
-199,-169,0
-73,-253,0
139,233,0
161,221,0
44,-264,0
136,-230,0
-97,-237,0
272,64,0
-169,215,0
-258,86,0
267,-17,0
-170,208,0
-54,-254,0
-192,189,0
58,-263,0
-223,-155,0
-152,229,0
255,83,0
115,-231,0
127,-241,0
229,137,0
-232,142,0
-249,121,0
-191,-173,0
-134,-239,0
-246,102,0
148,-219,0
-134,-242,0
-209,-163,0
3,271,0
-189,-186,0
-169,204,0
242,-137,0
247,-76,0
199,168,0
208,-187,0
-8,-271,0
-98,-247,0
230,144,0
-274,25,0
134,-222,0
-264,1,0
-101,-260,0
-34,269,0
-192,184,0
-164,205,0
97,-246,0
-263,1,0
251,-51,0
127,246,0
228,138,0
158,-218,0
127,237,0
269,-66,0
249,-70,0
130,220,0
165,223,0
-251,-87,0
276,-44,0
247,-110,0
206,-166,0
-185,177,0
-33,-275,0
-261,-90,0
256,22,0
55,255,0
217,-174,0
-228,-124,0
4,-270,0
51,-253,0
-195,-176,0
241,129,0
152,229,0
-231,-155,0
11,276,0
254,86,0
98,-240,0
-224,152,0
115,-253,0
75,-252,0
-262,66,0
-202,163,0
-212,-161,0
256,83,0
-237,118,0
-237,110,0
-114,253,0
-8,-279,0
-272,1,0
-69,255,0
-260,33,0
174,192,0
-245,-112,0
-254,91,0
42,264,0
210,-157,0
-63,265,0
-23,259,0
-235,-150,0
-211,-169,0
-172,196,0
-253,113,0
255,103,0
184,177,0
22,-274,0
226,136,0
-276,-24,0
272,-58,0
247,-117,0
28,265,0
147,212,0
-65,-255,0
-127,-247,0
-274,15,0
102,-238,0
143,231,0
-213,-177,0
-209,183,0
-187,204,0
-238,-101,0
-278,-20,0
195,200,0
245,85,0
-168,193,0
-267,7,0
192,196,0
86,-263,0
257,-36,0
36,257,0
-271,-69,0
243,133,0
205,-187,0
-182,184,0
105,255,0
-88,244,0
240,-93,0
-105,233,0
9,266,0
231,-134,0
274,-55,0
254,-25,0
236,132,0
-6,-278,0
-251,54,0
229,-149,0
-84,250,0
-185,196,0
105,-245,0
-258,92,0
-251,92,0
165,206,0
-196,-178,0
240,126,0
179,199,0
-136,223,0
-41,-267,0
61,255,0
275,8,0
-45,258,0
-270,-15,0
-95,-259,0
-271,24,0
59,-251,0
-160,207,0
-258,-52,0
-212,-148,0
71,-269,0
241,103,0
-234,103,0
128,239,0
254,93,0
-44,274,0
179,196,0
-260,-80,0
-246,87,0
-60,-269,0
279,15,0
61,-266,0
-218,-144,0
-91,-262,0
146,-234,0
257,82,0
-142,-218,0
261,-61,0
-273,27,0
58,273,0
-265,26,0
211,-180,0
-209,162,0
193,191,0
269,7,0
39,-261,0
-119,-236,0
123,-242,0
-178,-213,0
-261,38,0
-206,-161,0
-183,206,0
92,-239,0
150,-213,0
44,263,0
78,243,0
-173,190,0
-61,-273,0
-113,-244,0
-234,-113,0
-268,-78,0
168,218,0
-265,-75,0
93,244,0
-156,-229,0
170,-208,0
-201,-170,0
211,-158,0
251,-90,0
259,-39,0
-111,253,0
242,99,0
-143,-219,0
-45,-261,0
212,165,0
102,-255,0
-273,46,0
275,-28,0
218,-168,0
223,-167,0
262,6,0
96,237,0
240,-117,0
254,-57,0
-241,-112,0
-42,-269,0
-236,124,0
263,-47,0
264,-1,0
-56,255,0
262,-43,0
277,0,0
251,-91,0
203,-167,0
-259,59,0
-48,253,0
254,-91,0
100,241,0
-66,-259,0
262,-75,0
-63,251,0
-83,-264,0
198,-196,0
112,256,0
-118,-228,0
43,252,0
120,-225,0
-148,229,0
57,250,0
-259,-73,0
176,192,0
-216,-151,0
236,-124,0
159,221,0
129,-231,0
240,126,0
254,31,0
-187,181,0
-144,226,0
76,-248,0
-64,-257,0
-213,-168,0
-191,-188,0
279,4,0
268,4,0
255,-50,0
269,0,0
203,-185,0
0,-271,0
-260,-93,0
148,-212,0
256,105,0
149,-207,0
237,-148,0
-240,96,0
-259,17,0
259,5,0
-218,148,0
172,-189,0
111,-253,0
-261,-69,0
82,249,0
-253,-71,0
254,-51,0
-98,261,0
-55,-259,0
221,-166,0
-265,-79,0
-154,-230,0
263,3,0
-249,95,0
264,20,0
-194,-179,0
-254,-77,0
246,-125,0
17,-266,0
-271,-14,0
143,238,0
260,-102,0
141,-228,0
262,-76,0
-135,218,0
168,203,0
30,-275,0
275,-7,0
252,-117,0
-261,-79,0
-256,-81,0
-217,-160,0
216,156,0
-117,-236,0
268,-47,0
-276,-14,0
244,119,0
-253,-95,0
-189,-198,0
-25,258,0
149,236,0
246,-117,0
-208,-157,0
141,216,0
158,-221,0
-255,-10,0
63,-267,0
-221,128,0
245,-81,0
-240,-117,0
138,-235,0
-244,87,0
-120,-247,0
47,266,0
210,162,0
-88,-255,0
-145,233,0
85,-251,0
-73,-270,0
-237,-95,0
-59,252,0
4,279,0
-268,8,0
33,259,0
28,-254,0
-270,59,0
226,156,0
-215,160,0
275,34,0
127,-248,0
264,-71,0
186,191,0
228,-133,0
-276,27,0
-148,-230,0
213,-166,0
-200,-188,0
-178,210,0
-249,-66,0
-39,-266,0
45,-252,0
196,170,0
160,-219,0
274,-28,0
-193,-184,0
218,-136,0
259,-66,0
-266,-74,0
-205,162,0
-272,-28,0
89,-255,0
249,60,0
255,52,0
-267,-16,0
148,-232,0
-240,-92,0
237,-109,0
67,-253,0
-96,241,0
-201,167,0
-243,-87,0
-262,-58,0
246,-103,0
-189,181,0
-214,170,0
168,-193,0
112,247,0
-61,258,0
-278,11,0
-212,-157,0
254,99,0
-162,218,0
270,33,0
-201,185,0
192,191,0
-250,70,0
48,-251,0
137,223,0
-128,-231,0
-9,272,0
-183,193,0
278,-32,0
-151,230,0
246,111,0
242,84,0
