38,-13,1
35,4,1
-26,1,1
-46,11,1
-32,25,1
-37,18,1
26,-6,1
-15,22,1
0,-37,1
43,17,1
-16,-33,1
40,27,1
-4,36,1
24,-30,1
-41,-5,1
-42,12,1
17,27,1
33,-17,1
-8,33,1
24,-17,1
-17,37,1
9,-32,1
31,-22,1
-22,-12,1
-34,-21,1
-33,-16,1
14,48,1
1,39,1
-47,-5,1
-21,33,1
-15,-31,1
-25,16,1
-21,35,1
44,3,1
-9,34,1
-21,-17,1
-34,1,1
40,7,1
35,-6,1
17,-25,1
-38,-23,1
24,37,1
31,23,1
32,35,1
-19,-33,1
-4,47,1
-42,-24,1
1,-48,1
10,-23,1
-29,37,1
30,29,1
-32,-17,1
40,-21,1
31,-7,1
-35,7,1
-15,27,1
26,27,1
24,-22,1
37,30,1
5,-32,1
-42,22,1
31,-17,1
30,-14,1
-20,-40,1
44,16,1
-26,-39,1
-5,-39,1
36,-17,1
-11,-28,1
21,42,1
33,6,1
-26,-9,1
25,-28,1
2,-40,1
48,-11,1
3,-44,1
-7,34,1
-27,-38,1
10,-23,1
25,39,1
3,-47,1
-19,-31,1
37,28,1
27,2,1
15,-26,1
-4,-37,1
27,-23,1
21,25,1
-46,15,1
-44,15,1
-29,17,1
27,22,1
-2,-46,1
-11,31,1
-1,48,1
18,-35,1
23,-37,1
20,-39,1
9,36,1
48,14,1
27,16,1
9,44,1
-29,-36,1
32,13,1
-32,10,1
-23,-32,1
11,-36,1
17,34,1
-49,1,1
-15,-33,1
14,-46,1
23,21,1
2,39,1
0,35,1
-28,-17,1
-42,-23,1
-28,8,1
-41,-2,1
-16,24,1
29,23,1
-28,39,1
-42,-4,1
-33,-27,1
19,-19,1
41,-7,1
-43,4,1
36,23,1
-27,4,1
3,-38,1
-34,-11,1
2,-47,1
10,36,1
20,-35,1
22,43,1
29,11,1
-44,0,1
26,4,1
-30,-34,1
-33,-19,1
-4,32,1
8,43,1
21,-17,1
20,23,1
-36,29,1
-50,0,1
13,-25,1
46,7,1
-1,38,1
-15,-21,1
-32,4,1
5,-45,1
21,28,1
38,-25,1
-17,41,1
39,5,1
44,-6,1
1,-31,1
7,34,1
17,47,1
-13,-25,1
37,9,1
29,40,1
9,-31,1
6,40,1
31,13,1
-4,28,1
42,17,1
-39,-12,1
17,-40,1
-4,49,1
-19,-27,1
16,29,1
11,-29,1
-10,-25,1
-1,38,1
24,-11,1
-36,33,1
-49,-5,1
-10,38,1
48,13,1
9,29,1
3,-30,1
19,-19,1
-1,-40,1
11,-43,1
-31,-13,1
15,-24,1
-43,-15,1
-5,-40,1
6,43,1
46,13,1
-44,8,1
12,-26,1
25,-18,1
-15,20,1
26,-24,1
-8,26,1
-6,-44,1
-31,28,1
-31,33,1
-31,11,1
-44,-15,1
16,-42,1
13,-39,1
5,28,1
-29,34,1
37,-28,1
-20,-21,1
-29,-8,1
18,-41,1
-43,-1,1
24,31,1
45,-11,1
8,27,1
0,35,1
32,0,1
48,5,1
-22,12,1
23,15,1
-2,-43,1
20,-27,1
-37,-1,1
-3,-37,1
18,-35,1
2,-36,1
-40,23,1
40,-12,1
-22,-26,1
-30,15,1
34,-25,1
-32,-11,1
-46,-12,1
12,33,1
36,17,1
-15,36,1
-21,-29,1
-31,-14,1
-43,24,1
-14,-29,1
-7,-47,1
34,-20,1
-16,29,1
10,-24,1
28,-36,1
22,-24,1
27,-14,1
-10,-35,1
45,-7,1
4,28,1
23,29,1
-20,22,1
-26,-1,1
37,27,1
23,-36,1
33,3,1
-1,41,1
-32,20,1
32,7,1
35,-12,1
33,7,1
-7,34,1
-19,-33,1
24,-24,1
32,-15,1
36,-18,1
-44,3,1
-10,-43,1
-22,17,1
33,-2,1
37,26,1
-24,34,1
-5,44,1
19,-40,1
-11,37,1
-31,13,1
-25,2,1
33,26,1
-12,41,1
-16,22,1
0,33,1
43,11,1
-32,-8,1
-21,-17,1
-31,27,1
19,-28,1
-13,-26,1
-45,19,1
29,32,1
-37,26,1
1,-25,1
-10,26,1
-29,-24,1
-33,-20,1
-30,37,1
-32,-1,1
30,-13,1
31,-36,1
-30,8,1
-7,47,1
23,41,1
33,-12,1
35,15,1
-28,-36,1
-43,17,1
5,-41,1
13,47,1
-35,-17,1
-32,21,1
-29,-12,1
40,-19,1
35,4,1
27,-14,1
8,39,1
-26,6,1
-43,24,1
-6,46,1
17,29,1
29,-22,1
-17,-35,1
-37,14,1
-14,-37,1
-21,-29,1
32,-17,1
-5,29,1
-21,18,1
-35,7,1
11,-28,1
-16,29,1
0,-40,1
10,-42,1
27,29,1
38,-12,1
-12,44,1
34,-17,1
-27,2,1
48,14,1
33,-8,1
-2,-42,1
-30,-32,1
-25,33,1
-42,11,1
-12,-44,1
-31,29,1
-33,36,1
-38,-18,1
18,27,1
-27,-22,1
22,17,1
-46,6,1
35,-18,1
35,-7,1
28,29,1
-31,28,1
9,-47,1
-14,-48,1
-44,-10,1
44,20,1
-3,44,1
32,13,1
-20,-25,1
-21,-18,1
35,25,1
42,1,1
-32,-38,1
-8,-29,1
-27,25,1
-35,20,1
-24,-29,1
-32,-19,1
31,30,1
46,14,1
-2,-28,1
-2,-34,1
-39,25,1
19,-19,1
-13,24,1
-12,27,1
31,-14,1
-48,-1,1
4,36,1
-18,20,1
34,-1,1
1,36,1
-41,-26,1
5,-37,1
14,-39,1
38,25,1
2,35,1
-18,-43,1
23,18,1
18,-18,1
-31,16,1
-39,22,1
0,50,1
0,35,1
1,-47,1
-2,-32,1
-38,9,1
-40,-15,1
1,-47,1
38,5,1
-16,-31,1
5,-48,1
41,-13,1
-10,25,1
-6,-39,1
-34,-20,1
-23,34,1
-40,30,1
-23,-37,1
42,-22,1
-36,19,1
-29,-20,1
-23,43,1
-17,39,1
30,35,1
29,19,1
45,-9,1
33,-35,1
30,38,1
-34,-1,1
39,16,1
-20,37,1
23,31,1
-32,-33,1
39,-16,1
-11,46,1
-48,2,1
-37,19,1
-6,-27,1
-5,26,1
36,33,1
-21,29,1
-18,44,1
-32,-3,1
33,-19,1
38,-10,1
45,1,1
-27,-30,1
10,28,1
33,3,1
16,32,1
-31,35,1
18,21,1
-26,-2,1
29,30,1
24,17,1
47,6,1
23,-25,1
25,19,1
-38,-31,1
46,-18,1
-2,-44,1
-32,32,1
42,-25,1
28,-11,1
-35,23,1
-9,24,1
-12,31,1
-25,-6,1
5,-25,1
21,26,1
6,36,1
41,-28,1
-34,20,1
30,11,1
-29,21,1
-23,-28,1
-21,-28,1
-23,-20,1
26,13,1
12,-48,1
22,17,1
10,35,1
20,43,1
49,-7,1
8,-40,1
-1,-48,1
-39,-25,1
19,-23,1
17,-19,1
-45,21,1
30,37,1
-29,25,1
-12,24,1
-1,35,1
-29,25,1
44,-22,1
29,27,1
-5,-43,1
13,-47,1
41,5,1
-29,4,1
-42,-3,1
6,25,1
32,-19,1
43,23,1
28,1,1
-39,17,1
5,25,1
234,100,0
-194,177,0
108,-231,0
141,213,0
165,205,0
210,161,0
-46,-264,0
-46,260,0
-204,-141,0
248,-2,0
243,100,0
-250,2,0
194,-172,0
126,215,0
87,-244,0
34,265,0
-176,-175,0
54,-252,0
-75,-234,0
-160,203,0
-98,226,0
-260,48,0
-61,-251,0
98,-230,0
168,-194,0
-102,-226,0
244,-101,0
-41,243,0
21,268,0
-265,-27,0
-43,-249,0
-267,-31,0
-39,246,0
35,249,0
199,-160,0
-47,262,0
45,247,0
-55,-240,0
247,24,0
127,-222,0
180,188,0
-248,-20,0
39,267,0
-62,252,0
249,79,0
267,33,0
-110,219,0
250,-7,0
134,-233,0
232,125,0
-232,-89,0
-251,-63,0
-244,44,0
-237,104,0
239,60,0
-128,216,0
137,-220,0
53,-256,0
16,-249,0
-168,-197,0
35,-245,0
77,-236,0
21,258,0
89,254,0
-140,-226,0
87,-238,0
227,107,0
-53,244,0
79,-239,0
31,249,0
-219,136,0
109,-224,0
163,193,0
-232,100,0
137,226,0
117,-236,0
-141,-230,0
255,39,0
192,-189,0
246,44,0
-102,242,0
-181,-198,0
258,29,0
46,252,0
-82,250,0
-254,-26,0
-104,233,0
-136,209,0
-112,-222,0
63,-256,0
69,253,0
130,221,0
-116,242,0
193,166,0
122,214,0
200,161,0
184,-190,0
-24,-266,0
-151,-199,0
-195,155,0
-246,106,0
261,21,0
109,-220,0
3,251,0
172,207,0
-140,206,0
10,264,0
172,-175,0
-229,108,0
-159,-204,0
253,71,0
-239,-125,0
-164,-195,0
-268,22,0
-58,244,0
266,-45,0
-225,117,0
252,16,0
176,181,0
-187,-180,0
197,-170,0
249,-93,0
-260,68,0
167,-180,0
57,243,0
-219,-152,0
-177,-174,0
111,-222,0
152,-223,0
208,132,0
-30,-249,0
-172,205,0
43,-262,0
140,-212,0
-182,182,0
-140,221,0
70,239,0
227,-130,0
-188,-176,0
-210,-127,0
-103,239,0
-185,-195,0
-14,-267,0
-132,212,0
204,-146,0
-66,-255,0
-141,-228,0
234,-79,0
-105,-242,0
231,-128,0
227,120,0
-180,-185,0
216,-145,0
-48,-261,0
153,201,0
63,-243,0
-212,-166,0
96,-234,0
-120,-221,0
-258,-25,0
-230,-139,0
-165,-194,0
-225,-137,0
-70,252,0
120,-231,0
-106,-229,0
-160,-199,0
226,-141,0
-184,187,0
211,-130,0
104,-224,0
-259,-73,0
156,-197,0
-197,151,0
202,170,0
256,-10,0
-35,245,0
142,-216,0
-246,66,0
214,148,0
-143,-206,0
-253,10,0
134,-206,0
-125,-230,0
-18,-251,0
200,-164,0
245,-14,0
253,-92,0
-35,-244,0
256,-28,0
-154,192,0
-212,167,0
-211,-125,0
-16,-258,0
-132,-235,0
135,-210,0
24,-256,0
-205,-158,0
214,142,0
18,-246,0
-113,218,0
234,126,0
-115,221,0
-224,143,0
231,98,0
81,236,0
-45,247,0
-184,-181,0
-45,247,0
172,187,0
-241,100,0
-157,-195,0
-243,-101,0
193,-161,0
-246,56,0
35,256,0
-208,154,0
3,254,0
245,108,0
-252,-94,0
167,-186,0
-218,-138,0
94,-237,0
51,248,0
41,256,0
-187,188,0
240,-83,0
0,245,0
238,-107,0
-205,-155,0
-28,-244,0
-203,-175,0
-61,-254,0
-202,160,0
143,-200,0
-227,-125,0
265,-2,0
199,-147,0
232,121,0
-192,-189,0
268,-16,0
-189,-182,0
166,-211,0
258,6,0
-137,-207,0
-104,222,0
150,215,0
-50,-250,0
143,212,0
-185,-192,0
-2,-248,0
62,-246,0
37,-259,0
157,212,0
242,77,0
242,80,0
-248,-48,0
-135,-212,0
183,-167,0
-205,165,0
-266,13,0
-30,-260,0
165,-185,0
-260,-38,0
239,82,0
257,8,0
186,-195,0
248,-73,0
-257,17,0
250,39,0
269,-20,0
-246,-88,0
-203,147,0
-182,199,0
-210,-157,0
-261,67,0
-229,-106,0
-267,14,0
-207,-165,0
-250,-76,0
14,-261,0
126,-237,0
-104,243,0
198,172,0
207,155,0
-244,74,0
-146,-210,0
-132,-215,0
-130,235,0
-243,-75,0
203,-157,0
-23,-259,0
250,14,0
95,-235,0
-128,210,0
146,211,0
-241,-84,0
197,152,0
-198,-168,0
-177,173,0
-205,-159,0
139,211,0
201,165,0
-214,120,0
34,257,0
-224,109,0
-170,-204,0
163,-214,0
-248,85,0
-172,-181,0
227,-102,0
260,71,0
61,-254,0
49,-251,0
172,199,0
-77,258,0
-198,-176,0
242,84,0
266,-1,0
252,-5,0
-251,-42,0
-202,154,0
-31,267,0
28,258,0
187,183,0
-122,-221,0
227,133,0
117,235,0
143,200,0
-180,-187,0
-23,251,0
-220,-140,0
254,-10,0
-160,189,0
-46,-242,0
-30,-259,0
-252,-27,0
-211,153,0
205,-146,0
-147,211,0
191,174,0
2,-248,0
-26,268,0
-169,205,0
263,-10,0
50,-251,0
177,-187,0
107,224,0
24,266,0
-21,264,0
-5,264,0
-179,-169,0
257,-59,0
-195,153,0
-118,216,0
179,-184,0
5,-264,0
-203,-152,0
69,-246,0
-235,-123,0
240,113,0
-229,-100,0
-132,-226,0
-129,210,0
266,-43,0
244,-73,0
-36,251,0
-155,215,0
4,-247,0
-260,42,0
-248,0,0
219,142,0
-203,-159,0
229,101,0
253,-57,0
-256,-31,0
-130,-227,0
6,253,0
-214,-133,0
60,262,0
-127,222,0
37,243,0
-58,-252,0
70,246,0
189,-184,0
258,55,0
193,-178,0
-191,155,0
-256,-78,0
12,246,0
-154,200,0
-61,-257,0
201,-174,0
223,-111,0
249,-84,0
-114,233,0
210,-140,0
-214,-130,0
-133,-233,0
-157,-202,0
252,10,0
210,-140,0
235,-89,0
240,-96,0
-130,-225,0
-190,-171,0
-77,254,0
-260,48,0
234,132,0
-109,-226,0
255,-42,0
20,-257,0
99,-226,0
233,-95,0
-203,-155,0
263,-39,0
25,-253,0
52,-250,0
-243,-87,0
251,-59,0
255,20,0
182,-176,0
-89,240,0
-65,255,0
158,195,0
-260,-34,0
236,-117,0
166,-185,0
214,150,0
-219,126,0
101,227,0
-14,264,0
-77,-252,0
-243,-81,0
-230,-94,0
-128,232,0
-142,-226,0
1,-262,0
264,44,0
171,206,0
177,-176,0
99,230,0
137,208,0
93,250,0
-230,-90,0
217,136,0
248,-39,0
-16,-266,0
-177,-196,0
-240,53,0
-108,236,0
-180,-195,0
35,-264,0
-245,32,0
213,139,0
248,32,0
124,-218,0
55,255,0
216,-129,0
-77,-234,0
-17,247,0
-264,34,0
-55,254,0
-264,-46,0
-129,-223,0
-247,-77,0
-43,265,0
-252,6,0
-225,120,0
-256,15,0
174,-178,0
-242,-61,0
69,245,0
-117,-229,0
72,253,0
191,188,0
-30,264,0
-244,-59,0
-207,-162,0
-222,148,0
12,-263,0
-234,-76,0
-161,-204,0
-103,236,0
-195,-173,0
-8,268,0
219,156,0
253,-94,0
-26,252,0
250,19,0
225,-133,0
-123,-232,0
-253,28,0
252,50,0
94,-239,0
257,-1,0
203,-148,0
130,-224,0
-134,-219,0
-121,219,0
