8,-48,1
-21,-43,1
-26,-22,1
7,30,1
39,-5,1
-21,-38,1
8,-32,1
-23,10,1
4,35,1
-21,-41,1
-22,-22,1
-43,-1,1
19,25,1
28,31,1
-9,31,1
12,-46,1
9,39,1
-43,0,1
23,36,1
-13,48,1
17,43,1
39,31,1
10,-46,1
39,-28,1
-8,43,1
-31,-15,1
-22,40,1
-32,22,1
22,12,1
-38,5,1
5,-45,1
30,-13,1
20,21,1
29,-10,1
35,1,1
37,-15,1
-39,13,1
-3,46,1
-28,29,1
36,0,1
-2,31,1
-28,7,1
31,-3,1
32,37,1
15,46,1
36,-17,1
37,26,1
42,-22,1
-29,11,1
37,-4,1
-47,-8,1
36,10,1
10,-29,1
7,-49,1
-10,23,1
-34,19,1
-24,-19,1
36,-4,1
-4,41,1
31,1,1
30,17,1
16,-33,1
26,-25,1
10,24,1
10,-31,1
-31,-25,1
45,-7,1
4,-39,1
-35,14,1
22,-33,1
-45,-14,1
-17,44,1
-34,-35,1
22,36,1
46,-5,1
16,29,1
-46,7,1
1,-34,1
40,-18,1
-40,3,1
-38,-29,1
0,-38,1
31,7,1
41,10,1
14,32,1
-25,-28,1
-22,-24,1
-11,-35,1
2,-42,1
49,-3,1
-20,-26,1
-7,-35,1
30,39,1
-28,-26,1
-7,-45,1
12,47,1
-35,-23,1
22,44,1
-7,-44,1
24,-24,1
20,33,1
-25,42,1
21,-39,1
-37,26,1
-37,15,1
-21,-41,1
-28,39,1
14,28,1
-22,39,1
-35,28,1
-16,33,1
7,48,1
-10,28,1
49,-8,1
12,45,1
35,-24,1
-7,42,1
-39,-20,1
-13,47,1
35,-10,1
19,-22,1
30,-19,1
-46,-16,1
-35,4,1
20,27,1
7,-37,1
17,-44,1
45,-17,1
-8,34,1
-18,27,1
-48,12,1
3,-26,1
-38,-22,1
38,23,1
22,-33,1
40,-6,1
7,-40,1
-27,18,1
-38,-26,1
16,-21,1
14,-24,1
-33,-2,1
-15,37,1
37,11,1
27,33,1
0,33,1
21,26,1
3,39,1
37,-5,1
4,41,1
-26,9,1
-1,35,1
-27,42,1
-17,-31,1
1,-32,1
30,-3,1
-30,12,1
-12,23,1
43,8,1
-37,14,1
37,20,1
-23,16,1
-24,-21,1
33,-6,1
-4,-45,1
-41,17,1
-10,-48,1
-30,23,1
-31,27,1
34,-3,1
-5,-43,1
-5,-38,1
-29,-35,1
-34,-19,1
26,-7,1
-6,-43,1
1,49,1
19,-39,1
-10,24,1
23,-41,1
-34,22,1
45,20,1
-49,4,1
33,7,1
31,10,1
-20,33,1
15,-45,1
-24,32,1
26,-23,1
44,16,1
-22,20,1
-23,13,1
-43,24,1
40,-17,1
32,23,1
40,-19,1
34,-26,1
-16,38,1
-11,39,1
47,-5,1
-14,-47,1
41,-1,1
-26,18,1
-26,25,1
-31,31,1
-14,-47,1
-24,40,1
-16,-22,1
-45,2,1
9,40,1
26,2,1
-31,32,1
40,19,1
35,17,1
-37,25,1
-1,-30,1
31,39,1
-12,23,1
-30,-29,1
30,-18,1
29,11,1
29,4,1
10,-40,1
1,-46,1
36,21,1
-23,-26,1
-44,-15,1
22,16,1
24,-42,1
-26,-30,1
-28,-29,1
37,5,1
11,-33,1
33,-6,1
-35,-7,1
47,12,1
18,-22,1
45,-13,1
-25,26,1
18,-31,1
-19,-33,1
29,27,1
27,-7,1
16,-20,1
-35,-17,1
41,-20,1
-1,-40,1
-33,31,1
-33,-31,1
-18,-18,1
-35,-29,1
-30,-1,1
-4,-45,1
-26,15,1
2,-39,1
-23,31,1
25,-41,1
25,27,1
-3,31,1
-21,-25,1
-32,5,1
-2,29,1
23,22,1
-31,-32,1
-26,16,1
25,17,1
-22,14,1
-18,-24,1
32,34,1
22,-36,1
37,33,1
-25,-1,1
-34,-16,1
1,42,1
-46,6,1
42,16,1
-31,16,1
43,-4,1
-35,-2,1
45,5,1
-26,5,1
-40,-6,1
-40,-25,1
14,-38,1
-28,-30,1
33,8,1
7,29,1
4,25,1
-17,30,1
43,-11,1
-25,-6,1
-30,-3,1
28,-4,1
9,-38,1
23,-22,1
38,20,1
41,16,1
36,27,1
19,-18,1
-37,-9,1
-37,31,1
10,-46,1
21,-28,1
-9,-37,1
28,-18,1
-44,-23,1
19,-44,1
35,14,1
-8,32,1
-42,12,1
-1,-35,1
35,6,1
28,36,1
26,-5,1
-1,31,1
-29,3,1
-11,-46,1
8,44,1
-29,21,1
-5,-44,1
-26,-37,1
-44,8,1
-13,-44,1
-27,-23,1
-36,25,1
1,40,1
-3,28,1
42,15,1
34,-21,1
26,4,1
39,-31,1
-37,18,1
-49,8,1
-23,37,1
-32,-21,1
32,-13,1
-26,-21,1
41,-16,1
9,-32,1
-26,-30,1
17,-25,1
24,17,1
3,-29,1
36,28,1
-42,-16,1
15,-20,1
-25,27,1
12,48,1
-7,-34,1
-12,43,1
25,37,1
-33,1,1
1,40,1
30,-12,1
28,19,1
46,13,1
17,-39,1
-23,37,1
46,-17,1
-46,-11,1
1,-47,1
-3,-31,1
14,39,1
9,-48,1
18,-18,1
-5,33,1
25,3,1
34,33,1
35,-4,1
-26,25,1
-10,-36,1
-29,-30,1
-21,22,1
-41,15,1
-31,-16,1
39,12,1
39,11,1
-15,-44,1
29,26,1
-4,-47,1
33,23,1
-10,48,1
-13,47,1
4,42,1
-31,-19,1
6,-33,1
-4,40,1
20,-29,1
-18,34,1
36,-13,1
-16,-38,1
26,35,1
47,-5,1
-17,-36,1
-46,-18,1
-26,23,1
25,2,1
24,-8,1
11,-37,1
-3,-25,1
38,5,1
39,-13,1
-33,11,1
33,-8,1
-2,28,1
-17,-19,1
-23,34,1
38,12,1
-16,36,1
28,-16,1
18,-42,1
1,-45,1
-39,7,1
-27,17,1
8,-49,1
1,-43,1
-10,-25,1
8,24,1
13,38,1
9,30,1
-4,-36,1
35,-18,1
-37,-26,1
-16,-25,1
-35,-29,1
7,-33,1
34,-28,1
21,36,1
19,-29,1
32,-8,1
-39,-14,1
8,39,1
18,-35,1
-17,43,1
16,-37,1
-33,30,1
36,-15,1
1,44,1
-7,-36,1
37,9,1
12,24,1
-7,36,1
-35,-21,1
-16,-20,1
9,28,1
30,-26,1
11,-38,1
34,-35,1
-44,8,1
31,9,1
-42,20,1
39,-21,1
-18,-32,1
30,-3,1
-28,-25,1
19,-35,1
28,35,1
-31,0,1
-38,-30,1
-25,-7,1
33,11,1
28,-28,1
-15,-34,1
41,18,1
44,11,1
-34,-10,1
1,30,1
-31,-2,1
-33,37,1
-36,19,1
-42,19,1
-22,30,1
-47,-3,1
-20,-19,1
-47,7,1
-43,-7,1
-40,-21,1
4,30,1
-21,-39,1
19,24,1
-30,11,1
25,-28,1
-22,17,1
41,8,1
-44,-20,1
-41,-13,1
15,-43,1
-37,0,1
-11,-24,1
1,-34,1
14,-36,1
32,-22,1
-29,0,1
23,33,1
41,25,1
-41,-14,1
-18,-26,1
24,22,1
13,38,1
14,39,1
303,-89,0
321,-102,0
86,-309,0
-130,-298,0
235,217,0
316,111,0
-11,337,0
289,-151,0
-293,123,0
333,-53,0
-195,-248,0
-321,-28,0
-280,182,0
-229,-245,0
-184,-264,0
214,-239,0
-257,-222,0
324,-39,0
305,101,0
-330,54,0
-301,-127,0
243,-207,0
-283,153,0
319,43,0
-170,-292,0
-259,180,0
318,-94,0
-247,210,0
120,293,0
336,6,0
-170,-292,0
-236,231,0
263,-188,0
-227,244,0
138,301,0
305,-142,0
-323,-22,0
-288,-134,0
299,-117,0
197,-253,0
26,-315,0
278,-155,0
70,-330,0
273,-175,0
-62,320,0
144,-284,0
-117,298,0
-216,233,0
140,293,0
-209,255,0
-331,-44,0
330,50,0
155,-289,0
-10,-335,0
256,-186,0
-338,19,0
-201,-268,0
327,-66,0
-214,249,0
-254,188,0
321,80,0
-312,-63,0
155,-283,0
-305,-137,0
283,178,0
-293,-166,0
-324,39,0
-40,326,0
274,184,0
232,234,0
101,301,0
301,-126,0
-50,334,0
-262,-203,0
-247,-201,0
190,275,0
-240,-219,0
169,-274,0
-329,-3,0
310,116,0
280,-146,0
-258,-209,0
74,-307,0
-143,297,0
-230,-227,0
-18,-338,0
324,5,0
222,250,0
-238,212,0
-20,-328,0
216,246,0
238,216,0
18,322,0
-280,157,0
-239,-206,0
-257,212,0
-112,304,0
166,-272,0
-65,332,0
-274,-193,0
297,-162,0
220,254,0
329,48,0
313,-91,0
-269,175,0
245,-215,0
47,-330,0
-101,-316,0
-231,219,0
-192,258,0
289,-127,0
260,217,0
-80,325,0
230,-223,0
-196,-253,0
-170,278,0
-186,-279,0
222,-232,0
-302,121,0
287,150,0
57,-318,0
-224,239,0
317,121,0
-32,-314,0
-290,-133,0
-244,219,0
260,-200,0
-85,326,0
14,316,0
45,-323,0
324,-31,0
339,-11,0
109,319,0
-315,72,0
-62,331,0
307,-117,0
316,88,0
245,213,0
205,250,0
-323,-1,0
297,-125,0
-307,71,0
-66,315,0
-178,-281,0
66,329,0
82,-312,0
44,-335,0
15,324,0
79,-309,0
-272,162,0
-124,-304,0
65,312,0
-71,329,0
-250,224,0
-204,-253,0
-79,316,0
198,-250,0
92,306,0
6,320,0
-34,-319,0
-297,-136,0
253,-216,0
318,-15,0
250,214,0
-33,-338,0
-316,93,0
117,302,0
334,59,0
-330,36,0
118,-315,0
-178,-287,0
-319,-60,0
78,-322,0
-270,-190,0
-328,-45,0
275,168,0
334,-36,0
324,64,0
-240,211,0
-319,-4,0
82,-329,0
-304,-113,0
-266,196,0
-267,-187,0
-83,312,0
248,195,0
49,331,0
165,-276,0
-210,-239,0
102,-309,0
-227,-233,0
-299,144,0
56,320,0
94,-317,0
-108,-316,0
-147,-281,0
20,322,0
-322,67,0
-267,192,0
-160,292,0
34,323,0
330,-8,0
232,-222,0
-316,-4,0
106,-313,0
333,-6,0
271,179,0
208,247,0
317,118,0
230,232,0
-50,329,0
241,222,0
199,267,0
317,31,0
-98,-309,0
-95,-304,0
-139,296,0
-325,13,0
-252,209,0
331,-44,0
-96,-312,0
-278,-182,0
-79,-329,0
-302,114,0
326,-79,0
126,307,0
292,120,0
181,281,0
100,-320,0
-184,265,0
-337,-34,0
-26,-325,0
327,8,0
37,-328,0
294,-130,0
26,-317,0
-288,180,0
-217,-250,0
-87,322,0
270,202,0
-15,326,0
-329,-74,0
-329,-62,0
-197,-274,0
172,272,0
-250,-226,0
175,289,0
186,279,0
280,-178,0
-107,-308,0
321,-98,0
176,-263,0
216,-239,0
77,-323,0
327,22,0
-179,-278,0
-303,-153,0
266,-193,0
47,328,0
-254,200,0
195,-265,0
-105,317,0
-183,261,0
306,146,0
138,-309,0
179,277,0
44,330,0
-34,326,0
-225,238,0
-328,24,0
-241,-221,0
-121,-312,0
236,-223,0
-322,47,0
233,-232,0
-250,222,0
144,-294,0
-10,-317,0
-37,-319,0
-217,-234,0
-318,53,0
-129,310,0
-301,101,0
-316,-67,0
-293,-127,0
67,-322,0
325,-96,0
-144,-295,0
-308,122,0
-134,311,0
138,-301,0
-5,-321,0
-325,-79,0
-22,-322,0
-325,34,0
-47,324,0
-318,-17,0
-300,-122,0
-331,-61,0
-233,220,0
144,-285,0
332,14,0
-255,206,0
-29,-317,0
-61,-317,0
183,261,0
-234,242,0
290,-124,0
312,-69,0
274,185,0
-99,315,0
128,-295,0
-248,-213,0
-310,-60,0
97,321,0
-265,212,0
129,-314,0
328,32,0
118,311,0
-221,255,0
280,189,0
130,295,0
83,-313,0
-175,-283,0
87,-310,0
-39,325,0
116,299,0
-114,319,0
255,-187,0
289,-157,0
274,193,0
-301,-112,0
-312,111,0
-231,-239,0
-233,-220,0
317,-79,0
328,-79,0
-181,-277,0
320,-98,0
-189,256,0
-315,31,0
97,-312,0
-239,219,0
-321,-71,0
290,-150,0
253,-214,0
260,-197,0
-317,-37,0
334,-8,0
199,-266,0
218,-246,0
292,136,0
-74,321,0
326,15,0
-118,-318,0
-126,307,0
295,145,0
-45,-313,0
-122,303,0
-204,262,0
308,-115,0
-164,293,0
-338,13,0
-218,240,0
-317,-49,0
61,-325,0
23,-336,0
-322,81,0
33,-327,0
285,157,0
26,323,0
-192,-264,0
60,311,0
125,303,0
-263,208,0
72,-322,0
-320,46,0
-162,-280,0
-300,119,0
309,-97,0
283,-143,0
-297,133,0
-195,-274,0
-305,-99,0
-136,-295,0
29,-338,0
308,-107,0
118,-303,0
324,66,0
-314,-49,0
73,326,0
-11,337,0
-320,-93,0
209,-265,0
137,-286,0
-333,-57,0
25,-334,0
334,-43,0
-70,318,0
301,123,0
243,-237,0
-124,-307,0
286,-171,0
195,261,0
294,159,0
-229,233,0
-290,163,0
196,-248,0
327,-20,0
-51,321,0
-72,-331,0
-248,202,0
264,-196,0
-253,-190,0
34,-314,0
-121,-309,0
115,-296,0
-329,-64,0
305,-87,0
-220,232,0
-328,-6,0
-281,158,0
-315,-5,0
-97,-323,0
-146,-307,0
315,81,0
313,-84,0
109,-306,0
-324,-26,0
201,257,0
-329,-50,0
-4,331,0
-241,225,0
208,-263,0
-285,168,0
308,79,0
-157,-283,0
248,-228,0
-234,-236,0
99,-305,0
-26,321,0
211,-247,0
187,268,0
-251,-192,0
-254,-223,0
-229,232,0
175,-280,0
236,226,0
199,-246,0
-47,-336,0
-146,-305,0
94,-310,0
290,-148,0
262,178,0
-241,-225,0
-22,-315,0
-152,-282,0
240,218,0
-193,-249,0
103,315,0
-223,253,0
-303,-88,0
321,-57,0
-318,69,0
-87,-319,0
179,-288,0
-295,119,0
327,29,0
-37,-327,0
336,11,0
160,-290,0
133,-312,0
320,23,0
20,-332,0
-131,-287,0
169,266,0
259,-209,0
245,222,0
231,-240,0
-276,-190,0
249,196,0
69,-312,0
176,-285,0
-36,-333,0
-179,-265,0
294,-146,0
-338,28,0
-231,240,0
4,-323,0
-174,268,0
-162,-298,0
-131,-312,0
34,334,0
230,240,0
-262,187,0
-5,337,0
162,288,0
-278,-161,0
-297,159,0
-326,-67,0
