0,37,1
16,-46,1
31,-20,1
-15,-44,1
-41,-15,1
-15,36,1
-6,-28,1
4,-39,1
-2,33,1
-18,-37,1
48,-6,1
33,-33,1
27,40,1
5,36,1
-47,11,1
-31,3,1
30,6,1
-20,-34,1
-7,-26,1
27,11,1
-31,-38,1
38,-14,1
-41,-4,1
-27,-34,1
14,22,1
-40,-5,1
-13,-46,1
32,7,1
4,32,1
8,-31,1
21,38,1
46,-8,1
2,-36,1
28,15,1
35,26,1
1,35,1
-15,-42,1
-38,-16,1
-20,29,1
32,30,1
-27,15,1
42,0,1
-3,-28,1
-24,32,1
-12,31,1
16,-47,1
-18,-36,1
0,35,1
44,1,1
-31,35,1
12,42,1
-14,-42,1
-30,-16,1
26,-19,1
23,-14,1
1,-40,1
39,2,1
6,40,1
16,44,1
-36,32,1
-40,-18,1
-2,-46,1
-33,30,1
-17,-26,1
-17,-26,1
32,36,1
11,-24,1
22,-44,1
37,-26,1
18,30,1
-26,-10,1
20,-44,1
6,-39,1
-7,47,1
-24,26,1
47,-13,1
29,-18,1
6,-29,1
45,-18,1
8,-30,1
-15,-41,1
29,-23,1
-18,20,1
-5,49,1
39,15,1
-13,25,1
-13,-26,1
-28,0,1
-8,28,1
-16,39,1
-38,-23,1
3,-28,1
38,10,1
-35,13,1
39,-5,1
42,9,1
-31,-24,1
-36,18,1
16,-41,1
27,-15,1
27,10,1
33,-11,1
41,21,1
-19,-39,1
-10,30,1
28,33,1
32,-18,1
-4,-36,1
-23,-35,1
10,-37,1
33,-11,1
-7,-29,1
35,35,1
-37,17,1
26,-42,1
5,-31,1
-11,45,1
-24,30,1
-21,-22,1
-35,23,1
-34,36,1
34,-31,1
-44,-12,1
6,-46,1
35,11,1
-4,32,1
19,-21,1
13,36,1
-16,33,1
-23,27,1
-23,19,1
-28,37,1
-8,-49,1
-35,12,1
28,29,1
-39,-16,1
-27,-40,1
46,6,1
4,35,1
-31,27,1
42,-15,1
-31,-30,1
-35,-5,1
31,39,1
-21,31,1
-4,-33,1
-27,30,1
1,28,1
37,24,1
-7,-35,1
-10,-36,1
10,-30,1
-35,-35,1
-35,17,1
19,-44,1
38,-21,1
-20,-38,1
23,24,1
6,39,1
49,1,1
-33,5,1
6,41,1
-30,-22,1
-12,28,1
-30,13,1
27,-5,1
40,-29,1
39,29,1
-25,-14,1
-7,-26,1
36,-26,1
32,-1,1
8,28,1
0,-40,1
37,-25,1
-16,-45,1
5,-27,1
21,23,1
7,26,1
-34,34,1
-8,-37,1
10,46,1
24,39,1
37,24,1
41,22,1
-33,-5,1
-45,-12,1
-4,38,1
25,14,1
40,8,1
22,29,1
2,48,1
30,16,1
42,26,1
40,-19,1
-48,7,1
-4,-45,1
41,-15,1
-3,-39,1
-44,-4,1
5,-43,1
16,-23,1
12,-42,1
14,46,1
11,-42,1
-24,-33,1
21,18,1
-33,-18,1
-21,-37,1
5,39,1
-32,27,1
-43,-18,1
-35,-19,1
25,43,1
-32,-23,1
1,-33,1
-20,45,1
37,16,1
6,31,1
-37,-32,1
38,-30,1
-32,-4,1
-37,-11,1
-19,-30,1
-35,5,1
-19,-37,1
31,-4,1
-39,25,1
17,44,1
-29,38,1
12,-41,1
-30,-40,1
-28,29,1
0,43,1
-16,-26,1
-26,11,1
33,22,1
22,-24,1
19,-30,1
21,-27,1
-32,17,1
38,-9,1
38,23,1
7,-38,1
45,14,1
-1,-40,1
29,-16,1
19,26,1
38,15,1
-21,-24,1
-37,-19,1
-8,44,1
30,38,1
-17,-46,1
15,20,1
-30,26,1
-14,27,1
25,11,1
-30,-19,1
-39,27,1
-44,-16,1
-3,-33,1
43,-10,1
-5,47,1
-7,30,1
41,-9,1
-8,41,1
24,15,1
-31,0,1
26,5,1
8,-36,1
21,38,1
-3,34,1
-33,-28,1
-48,-13,1
-22,-20,1
-42,24,1
-7,43,1
38,-4,1
-24,33,1
-20,-32,1
40,-6,1
39,10,1
23,-31,1
35,6,1
30,-26,1
32,-1,1
28,11,1
33,-26,1
-12,-24,1
7,29,1
26,5,1
24,13,1
-13,-40,1
46,-16,1
-44,12,1
-29,17,1
40,-4,1
-8,27,1
-35,27,1
-21,21,1
-16,-39,1
-27,-41,1
-29,16,1
-20,20,1
12,-40,1
27,38,1
5,-41,1
28,39,1
-40,-13,1
3,35,1
-33,37,1
37,27,1
33,-36,1
-13,-26,1
-29,-11,1
-31,14,1
31,20,1
-18,30,1
-25,6,1
16,28,1
23,-41,1
22,-21,1
-11,34,1
25,35,1
-30,-24,1
44,2,1
34,21,1
10,-28,1
-30,-29,1
-11,41,1
33,18,1
-40,23,1
-19,33,1
-36,-12,1
34,-35,1
-2,-36,1
6,36,1
-1,45,1
6,-32,1
-12,-38,1
-28,31,1
-11,39,1
22,22,1
18,-43,1
-14,-41,1
44,4,1
-5,48,1
21,-16,1
-32,11,1
-42,16,1
-28,-15,1
-30,-23,1
-34,-23,1
-38,17,1
-45,13,1
-26,-21,1
9,-28,1
37,15,1
-30,-18,1
2,-46,1
39,0,1
-31,8,1
12,40,1
-43,12,1
7,-36,1
-30,10,1
31,22,1
-13,-22,1
-43,-15,1
21,-35,1
8,-25,1
9,48,1
-42,-17,1
20,42,1
39,-15,1
37,-32,1
22,-27,1
26,38,1
8,31,1
-31,30,1
-1,-32,1
-22,-29,1
-34,-13,1
-18,-41,1
-5,-33,1
-26,42,1
-33,-2,1
30,26,1
-5,-39,1
19,-26,1
-28,-9,1
-47,-10,1
30,22,1
-12,-43,1
-16,42,1
-41,10,1
-48,-7,1
13,-29,1
-33,20,1
4,-46,1
31,17,1
23,-41,1
22,-17,1
-19,34,1
42,27,1
26,1,1
20,-35,1
-23,23,1
-32,0,1
39,20,1
19,32,1
-3,35,1
7,34,1
-36,-1,1
-6,29,1
-26,15,1
-22,-18,1
22,33,1
-13,-30,1
-25,37,1
-40,-21,1
20,41,1
32,12,1
-32,28,1
8,-40,1
-27,42,1
-37,-12,1
49,4,1
-3,49,1
-12,42,1
2,34,1
-3,42,1
-29,-40,1
-28,-2,1
-24,-12,1
-3,-31,1
-13,44,1
24,-13,1
-32,35,1
47,1,1
40,-14,1
2,45,1
-48,-4,1
19,32,1
-17,40,1
-26,21,1
19,43,1
43,-9,1
8,36,1
38,-25,1
-32,-38,1
41,13,1
36,23,1
9,-48,1
-40,-29,1
8,27,1
45,8,1
-2,-28,1
17,-37,1
29,-1,1
31,0,1
20,20,1
-6,-49,1
42,10,1
45,1,1
-22,-39,1
31,24,1
5,45,1
28,-28,1
27,10,1
35,22,1
14,-30,1
9,-32,1
19,39,1
-26,9,1
-13,-22,1
-40,-14,1
38,-8,1
27,1,1
-42,26,1
22,-36,1
46,16,1
-10,45,1
6,47,1
30,25,1
-26,-2,1
-30,7,1
33,-11,1
-37,-12,1
-35,4,1
-15,-32,1
-37,-3,1
-33,-11,1
34,12,1
-5,-43,1
-6,-27,1
3,31,1
-29,21,1
-12,-29,1
-159,-211,0
-124,227,0
200,-159,0
116,237,0
43,263,0
-268,5,0
-263,-59,0
-251,16,0
-249,-82,0
-105,237,0
85,-243,0
-228,105,0
-54,250,0
135,216,0
90,-240,0
82,-240,0
-215,153,0
222,115,0
-136,226,0
18,-263,0
-147,-210,0
-242,106,0
60,-262,0
-245,58,0
48,264,0
-239,-54,0
-263,-10,0
-249,94,0
182,186,0
47,-246,0
245,2,0
-81,234,0
-140,-207,0
-44,242,0
-246,-92,0
233,-136,0
243,73,0
-99,247,0
161,199,0
149,212,0
164,197,0
-248,-36,0
205,138,0
-256,32,0
-247,48,0
-20,263,0
-210,-132,0
80,-241,0
-23,249,0
253,-19,0
-128,-228,0
80,-250,0
-248,99,0
207,-149,0
98,-235,0
253,-27,0
-177,203,0
-211,157,0
-48,-245,0
-140,219,0
-248,26,0
-61,-259,0
98,238,0
-36,-246,0
210,-133,0
250,-9,0
183,-182,0
241,117,0
-3,247,0
140,218,0
187,-165,0
-42,250,0
-46,-248,0
-262,49,0
-263,1,0
-253,51,0
121,240,0
-188,161,0
-208,138,0
61,246,0
84,254,0
156,220,0
179,183,0
84,252,0
262,-23,0
143,-227,0
155,-219,0
-260,-20,0
-145,-214,0
167,-201,0
-172,177,0
148,-198,0
-234,116,0
-2,263,0
-15,-263,0
134,214,0
99,230,0
-266,-21,0
75,240,0
69,-238,0
226,-125,0
114,236,0
-206,169,0
-167,192,0
248,-95,0
-266,-17,0
-53,244,0
245,-87,0
-215,158,0
-242,67,0
-185,-163,0
251,55,0
103,233,0
261,18,0
220,-153,0
40,257,0
-232,-107,0
-193,-173,0
65,262,0
-46,250,0
-100,-234,0
-14,-266,0
150,220,0
235,78,0
-34,254,0
-224,-149,0
37,248,0
-246,-29,0
-73,-248,0
-249,22,0
-85,239,0
244,-83,0
217,160,0
-49,-246,0
-164,203,0
61,259,0
53,253,0
-3,257,0
-251,97,0
76,253,0
168,203,0
247,70,0
-230,137,0
245,87,0
-48,-265,0
-213,-148,0
-213,-131,0
183,-177,0
-177,202,0
112,226,0
230,-136,0
-255,-71,0
221,138,0
-161,206,0
129,-217,0
-114,227,0
172,-178,0
5,264,0
260,-7,0
46,-262,0
-235,126,0
-163,213,0
-255,-74,0
-208,137,0
241,82,0
161,-212,0
214,-161,0
-150,-208,0
234,-94,0
-190,185,0
247,-29,0
-117,-220,0
53,251,0
-244,-81,0
94,252,0
-255,10,0
244,86,0
5,245,0
-254,-25,0
247,26,0
-233,98,0
-46,242,0
-141,205,0
246,-46,0
-231,-123,0
-260,-38,0
232,-82,0
219,-135,0
226,-97,0
-209,153,0
-248,82,0
-251,-8,0
249,38,0
226,-107,0
-251,-89,0
-58,241,0
-230,141,0
-83,-253,0
-237,-65,0
-141,-218,0
-250,44,0
236,-112,0
-101,-239,0
128,215,0
104,-227,0
242,48,0
195,-165,0
-95,227,0
125,223,0
-210,-139,0
246,-30,0
192,160,0
-27,253,0
-178,180,0
-203,141,0
137,-219,0
45,242,0
197,-176,0
246,76,0
-236,102,0
-87,-245,0
241,59,0
229,127,0
261,-44,0
-20,253,0
123,-220,0
-226,136,0
152,-218,0
244,-69,0
81,236,0
-213,-144,0
45,-246,0
-137,-213,0
60,-257,0
237,-63,0
-134,234,0
25,-254,0
9,-263,0
-200,171,0
44,-261,0
-3,-259,0
129,230,0
161,-197,0
169,-192,0
-221,-143,0
121,-228,0
-67,-257,0
126,-216,0
259,-3,0
206,170,0
247,-4,0
226,-97,0
169,-208,0
189,-190,0
145,-204,0
148,-204,0
-134,-229,0
250,41,0
-234,94,0
-192,158,0
85,-255,0
248,-21,0
62,261,0
-244,83,0
-264,-43,0
105,223,0
-92,-245,0
195,-150,0
-269,22,0
-223,142,0
70,251,0
209,-166,0
-116,223,0
-220,-148,0
81,245,0
59,248,0
-269,19,0
69,-236,0
35,-254,0
-200,-175,0
-256,54,0
-171,178,0
-261,19,0
206,-174,0
-208,144,0
-212,-126,0
-251,41,0
245,-59,0
210,-140,0
-102,-246,0
-196,-175,0
-74,250,0
-176,-189,0
-46,-248,0
-113,221,0
-156,217,0
-255,-60,0
225,112,0
7,260,0
241,118,0
-162,-186,0
253,25,0
-223,-152,0
50,-258,0
168,208,0
-148,-218,0
1,254,0
183,179,0
-138,-211,0
-240,-114,0
9,268,0
175,188,0
-194,-165,0
257,23,0
163,-210,0
258,1,0
186,168,0
-9,-263,0
-240,-75,0
54,-242,0
-235,102,0
-181,-172,0
121,237,0
201,-147,0
180,-171,0
1,-250,0
-79,-257,0
-167,-210,0
242,48,0
-202,153,0
-206,172,0
154,217,0
-206,141,0
227,134,0
-200,-152,0
235,-128,0
-199,182,0
161,208,0
173,-191,0
231,131,0
13,252,0
-243,64,0
212,151,0
239,-58,0
53,-245,0
180,199,0
224,-110,0
-201,-174,0
11,262,0
-126,-238,0
201,-167,0
-181,-184,0
-133,-219,0
-133,219,0
-240,121,0
243,-107,0
36,258,0
-62,-255,0
-152,-210,0
259,15,0
27,254,0
10,255,0
-178,-200,0
54,248,0
-187,-161,0
215,119,0
-139,-217,0
141,228,0
-209,-132,0
263,18,0
249,31,0
134,-234,0
225,-148,0
252,-59,0
207,-134,0
68,260,0
-254,41,0
234,126,0
-241,115,0
-247,6,0
-53,-263,0
-206,161,0
189,-160,0
233,-119,0
239,-65,0
-48,256,0
33,246,0
18,251,0
-203,152,0
226,-121,0
242,-76,0
-111,234,0
219,-113,0
213,151,0
240,114,0
-212,145,0
-76,246,0
-10,261,0
107,227,0
-139,210,0
56,-239,0
-135,-209,0
175,-196,0
-172,179,0
136,-232,0
251,-67,0
70,-240,0
25,245,0
-266,-30,0
-263,-17,0
195,164,0
-183,165,0
-59,-249,0
-126,-212,0
119,219,0
249,32,0
142,208,0
-48,-244,0
-1,-263,0
235,-97,0
91,-231,0
261,9,0
87,-236,0
122,-213,0
241,-104,0
260,-25,0
-165,-211,0
-103,232,0
233,76,0
239,-59,0
-118,242,0
-185,-171,0
-247,-75,0
120,235,0
-200,170,0
-18,-263,0
-183,180,0
224,113,0
-251,6,0
-211,149,0
-222,-152,0
147,218,0
-262,1,0
-261,15,0
-116,-216,0
0,-246,0
237,-119,0
-86,234,0
-136,-209,0
166,-200,0
204,159,0
43,-243,0
27,249,0
-99,250,0
-226,139,0
257,62,0
58,257,0
-120,-227,0
255,62,0
-184,-173,0
173,-203,0
-158,-203,0
-204,-159,0
-155,221,0
-96,243,0
-242,102,0
-35,-254,0
-204,155,0
-246,103,0
-89,243,0
14,-260,0
-232,-138,0
-191,189,0
206,-147,0
-255,-5,0
198,-147,0
-246,-77,0
-248,-68,0
-132,224,0
-252,-20,0
185,172,0
-162,212,0
182,176,0
-243,63,0
38,-255,0
156,215,0
-71,-252,0
223,115,0
27,249,0
99,225,0
226,-104,0
200,158,0
208,144,0
-263,41,0
-95,-251,0
-141,-211,0
156,-194,0
-163,193,0
233,101,0
233,-103,0
