-40,-13,1
-32,25,1
-25,-15,1
-38,0,1
42,27,1
31,4,1
15,37,1
-38,-4,1
22,43,1
-23,-28,1
47,-7,1
-24,26,1
30,27,1
-24,8,1
-1,39,1
-39,-30,1
-36,8,1
15,-37,1
-22,-36,1
0,-37,1
35,16,1
-47,-8,1
-25,14,1
-22,13,1
-49,2,1
11,41,1
-24,23,1
19,40,1
-9,-29,1
-30,11,1
30,-8,1
-6,46,1
-24,40,1
-29,-39,1
-36,17,1
-34,33,1
-45,8,1
-6,46,1
-36,34,1
47,-5,1
2,-34,1
3,35,1
11,-23,1
1,-31,1
-23,-43,1
-33,-8,1
3,-32,1
-43,6,1
-25,-30,1
-27,35,1
6,-42,1
34,-23,1
-27,-11,1
-4,27,1
5,-42,1
10,-43,1
-46,10,1
-30,10,1
-40,-30,1
-3,-44,1
2,-29,1
-26,-9,1
27,36,1
39,22,1
44,5,1
-44,9,1
40,29,1
34,22,1
-2,25,1
2,-37,1
23,-41,1
1,-25,1
-38,-19,1
-17,29,1
-44,-1,1
6,-39,1
-37,-12,1
-39,18,1
23,-36,1
-30,23,1
0,32,1
26,-6,1
-12,36,1
-29,-15,1
-3,-47,1
-47,17,1
-5,32,1
-29,31,1
6,43,1
42,14,1
-10,-26,1
15,34,1
23,-19,1
18,-40,1
-20,-22,1
-20,-43,1
-23,-40,1
-31,-7,1
0,-33,1
-45,-9,1
27,29,1
-41,5,1
14,28,1
20,18,1
26,40,1
11,40,1
-3,-46,1
-34,-17,1
37,-26,1
-47,-9,1
24,-17,1
25,-18,1
-24,-16,1
-31,0,1
2,-30,1
24,-9,1
9,44,1
-31,-15,1
-31,-37,1
27,9,1
28,-41,1
18,-42,1
11,39,1
-41,-2,1
36,-20,1
-19,35,1
7,-28,1
-25,3,1
23,42,1
-43,-18,1
43,16,1
-39,-27,1
-6,-39,1
-28,23,1
10,-43,1
-22,24,1
19,-21,1
-2,37,1
29,-40,1
-40,-9,1
-9,-48,1
-27,-17,1
18,43,1
-13,43,1
-43,20,1
-19,46,1
-34,24,1
36,-27,1
-6,41,1
31,14,1
-6,45,1
-1,36,1
38,-32,1
37,-6,1
-3,42,1
31,-39,1
-44,10,1
-29,-13,1
-34,28,1
9,24,1
48,-7,1
-41,-17,1
21,-45,1
-4,-46,1
-40,16,1
-11,-48,1
37,22,1
40,-12,1
-31,-14,1
-8,45,1
-35,8,1
7,31,1
-5,-47,1
-27,-17,1
16,-44,1
-34,4,1
36,7,1
-37,24,1
8,-24,1
-39,-18,1
-36,-22,1
-15,-24,1
17,33,1
45,-16,1
-37,-8,1
10,44,1
29,-5,1
-10,44,1
-9,29,1
9,-25,1
29,15,1
14,-21,1
36,7,1
26,16,1
27,35,1
-49,-2,1
44,3,1
13,-39,1
9,30,1
20,-26,1
-4,42,1
-38,15,1
32,22,1
-19,32,1
-23,-26,1
-11,32,1
-30,-26,1
-29,22,1
-19,-24,1
-25,34,1
46,-1,1
-45,-6,1
26,-5,1
-33,-28,1
-28,-18,1
-23,-34,1
15,-21,1
-25,-35,1
40,-26,1
18,41,1
-33,-29,1
-43,-3,1
-44,18,1
-23,10,1
-34,-10,1
-25,5,1
-23,40,1
38,-26,1
8,30,1
-24,-16,1
5,25,1
5,37,1
15,27,1
39,-4,1
-10,30,1
39,-9,1
33,26,1
45,11,1
29,-18,1
-40,5,1
-23,17,1
25,-13,1
-7,-28,1
-37,27,1
-3,-27,1
-46,-18,1
1,-43,1
-15,35,1
-12,-23,1
-36,3,1
40,2,1
24,39,1
-20,-44,1
-38,2,1
-40,-18,1
-37,0,1
-17,45,1
20,-20,1
-1,27,1
30,39,1
11,-31,1
26,28,1
-14,-40,1
44,-16,1
-19,-17,1
5,-37,1
-30,-10,1
-4,42,1
-28,39,1
-28,-8,1
11,47,1
23,-40,1
-8,37,1
-39,5,1
-1,-49,1
38,11,1
38,15,1
2,-37,1
-20,-34,1
15,-42,1
-17,35,1
-34,-14,1
-46,4,1
30,-39,1
-13,-46,1
-45,-11,1
-15,-30,1
18,-23,1
10,39,1
41,19,1
-16,-42,1
29,30,1
-28,16,1
13,-41,1
-30,9,1
25,-19,1
12,-29,1
-30,-24,1
-16,26,1
-7,45,1
1,-41,1
40,-12,1
35,30,1
36,-18,1
32,38,1
11,38,1
20,-17,1
38,17,1
-13,31,1
3,-39,1
36,-23,1
-3,-42,1
-35,4,1
45,-19,1
-20,28,1
-44,-2,1
-23,-30,1
32,10,1
41,12,1
-26,-25,1
27,-17,1
41,2,1
-43,7,1
-12,-24,1
-37,7,1
-1,-45,1
-4,-37,1
-27,-34,1
-9,27,1
33,0,1
0,45,1
16,23,1
-26,-20,1
-34,-11,1
24,-12,1
6,-30,1
48,12,1
18,46,1
-40,-23,1
-36,29,1
-22,18,1
-31,-20,1
-12,-24,1
37,-27,1
42,-4,1
38,9,1
23,24,1
42,-23,1
-27,-27,1
3,-38,1
-28,4,1
-33,-21,1
-27,41,1
-26,7,1
-29,-8,1
-28,-2,1
-17,24,1
-27,-4,1
18,-45,1
25,8,1
11,-32,1
37,-28,1
30,-9,1
-28,41,1
42,-12,1
11,23,1
26,-24,1
9,-36,1
-4,43,1
16,30,1
-21,-40,1
-41,-24,1
-5,-38,1
-49,4,1
41,6,1
-34,18,1
26,-1,1
27,19,1
35,10,1
-32,-31,1
25,-11,1
17,29,1
-37,-11,1
-26,-30,1
-44,3,1
19,-35,1
29,11,1
46,16,1
19,38,1
7,-38,1
-3,31,1
32,-9,1
-32,-4,1
-12,-42,1
10,43,1
33,-16,1
-43,-21,1
38,-29,1
30,25,1
24,-14,1
10,38,1
-31,35,1
33,19,1
9,-31,1
2,-26,1
0,-36,1
41,-10,1
43,16,1
-47,1,1
-14,40,1
-45,18,1
26,-6,1
9,-28,1
-50,0,1
-18,42,1
-40,-24,1
-16,-42,1
14,-39,1
-9,-25,1
45,-20,1
5,-30,1
-24,-30,1
-8,-27,1
31,6,1
13,-32,1
32,6,1
-27,-24,1
22,-32,1
-23,-29,1
11,-35,1
30,-23,1
-4,-45,1
-33,5,1
-30,29,1
-25,-8,1
3,39,1
32,-7,1
34,33,1
9,-32,1
39,-9,1
-37,-14,1
31,31,1
19,-21,1
-17,-19,1
-4,-28,1
-1,-41,1
3,47,1
-42,14,1
-1,-26,1
-23,-12,1
-26,-10,1
-28,-25,1
25,30,1
24,34,1
36,-9,1
21,38,1
30,-35,1
13,-32,1
-18,-25,1
-15,34,1
-1,-32,1
34,-20,1
49,-7,1
-36,9,1
-16,-35,1
16,-36,1
37,-11,1
-39,8,1
-47,0,1
-11,31,1
19,40,1
-35,34,1
-41,-23,1
-9,-27,1
-31,10,1
-16,38,1
-11,26,1
-13,-27,1
-31,-5,1
33,31,1
12,27,1
-27,6,1
23,39,1
-28,-41,1
-20,15,1
28,23,1
-37,28,1
-38,3,1
16,44,1
27,-2,1
35,-25,1
34,16,1
-34,27,1
48,-1,1
-13,-24,1
26,-28,1
-17,41,1
26,27,1
-30,-16,1
-7,-28,1
44,-260,0
153,-204,0
250,82,0
-244,-94,0
-245,-85,0
-27,265,0
208,139,0
234,-92,0
264,-43,0
249,-22,0
-231,-117,0
207,161,0
-125,-219,0
243,-86,0
-236,-82,0
-84,-248,0
199,-147,0
80,250,0
-39,263,0
-225,101,0
189,-187,0
157,189,0
-244,-66,0
-65,238,0
235,-84,0
232,-90,0
-252,12,0
210,-157,0
90,253,0
-176,183,0
121,-229,0
39,-250,0
-182,-166,0
-191,182,0
95,245,0
201,166,0
-177,170,0
-247,104,0
46,-266,0
-3,-262,0
130,218,0
-226,100,0
259,-41,0
-20,254,0
234,-104,0
169,-182,0
-89,253,0
-9,-248,0
46,265,0
-259,-50,0
-203,173,0
155,208,0
251,17,0
-178,-193,0
-132,211,0
-134,-206,0
86,238,0
40,251,0
269,10,0
-253,40,0
-137,-227,0
173,-198,0
-149,-212,0
182,194,0
-252,19,0
248,-100,0
178,172,0
-1,-265,0
249,-19,0
67,-242,0
220,132,0
-247,73,0
-162,199,0
-200,-161,0
-258,-40,0
-86,242,0
-252,3,0
-249,-46,0
-197,159,0
249,-14,0
213,141,0
-243,84,0
-221,-115,0
11,264,0
126,-228,0
-245,-57,0
34,-255,0
-241,-53,0
-48,-261,0
69,-251,0
-224,135,0
-128,228,0
182,-165,0
212,147,0
1,-254,0
37,259,0
248,6,0
-229,137,0
-260,-16,0
-205,-137,0
256,-46,0
244,-37,0
267,-3,0
249,-101,0
-119,-238,0
227,135,0
149,210,0
-99,234,0
-12,-268,0
107,-222,0
-68,244,0
-232,132,0
-40,-246,0
-201,-149,0
174,-180,0
-249,-55,0
245,98,0
-182,-177,0
225,-122,0
127,-232,0
-123,217,0
169,208,0
58,-244,0
-255,5,0
-250,84,0
-243,115,0
-253,-87,0
-234,112,0
100,228,0
-203,-173,0
220,-119,0
33,-264,0
233,-126,0
178,193,0
193,170,0
246,-62,0
-255,63,0
-11,258,0
-211,-168,0
228,143,0
93,249,0
-86,231,0
-15,-266,0
122,213,0
39,266,0
-131,-212,0
-83,-237,0
-99,-238,0
-15,-251,0
-256,-8,0
195,-154,0
-232,98,0
248,-63,0
-165,-209,0
262,6,0
-10,-262,0
-249,53,0
162,202,0
-192,-165,0
206,-136,0
-241,60,0
-4,-245,0
246,8,0
-23,-269,0
58,-256,0
-239,117,0
176,181,0
-135,227,0
122,229,0
103,228,0
9,-269,0
52,249,0
200,-147,0
175,-175,0
191,-161,0
-30,263,0
-107,229,0
210,-133,0
-225,146,0
-205,149,0
91,235,0
-240,-99,0
-260,-51,0
257,-24,0
204,165,0
255,75,0
-252,68,0
-216,122,0
209,-149,0
-246,-4,0
-130,219,0
-14,-265,0
-94,253,0
130,219,0
251,-92,0
-252,-38,0
-230,-99,0
-207,163,0
265,7,0
-213,161,0
152,208,0
158,217,0
-30,256,0
261,49,0
-134,-231,0
162,-184,0
-227,98,0
-266,-28,0
-252,16,0
-24,-249,0
230,126,0
177,182,0
267,-24,0
-11,-245,0
-192,-169,0
-199,153,0
66,-252,0
232,-138,0
183,-173,0
93,-234,0
-256,67,0
-215,141,0
240,120,0
-221,149,0
-245,53,0
100,-249,0
-84,-234,0
-236,-123,0
110,236,0
173,184,0
40,-255,0
40,-252,0
86,242,0
77,233,0
93,-231,0
215,-156,0
253,-52,0
253,-3,0
-263,-44,0
-171,-184,0
257,24,0
-131,212,0
-44,259,0
39,-247,0
249,-35,0
26,-244,0
19,-257,0
-181,190,0
-166,197,0
246,111,0
213,-144,0
239,84,0
260,-18,0
-198,-160,0
175,197,0
-262,-19,0
263,-16,0
-111,-220,0
245,-52,0
-13,-263,0
76,240,0
-121,232,0
240,68,0
-164,202,0
237,-115,0
-102,-239,0
198,155,0
153,-211,0
-81,245,0
247,75,0
235,126,0
40,251,0
215,-156,0
169,-206,0
-243,-47,0
-245,-35,0
-41,-243,0
194,-177,0
-65,-262,0
-246,-65,0
-194,183,0
-16,268,0
-105,238,0
-19,-245,0
-148,203,0
-178,-203,0
-180,167,0
164,-187,0
196,-170,0
-259,-60,0
-217,135,0
247,-22,0
-176,184,0
145,217,0
246,93,0
204,-169,0
126,-238,0
-147,203,0
104,-224,0
71,235,0
112,220,0
-197,148,0
-253,-75,0
152,-199,0
26,260,0
260,53,0
112,-245,0
-202,-158,0
17,264,0
-149,-217,0
6,-268,0
-252,-41,0
184,162,0
80,-238,0
151,-196,0
-249,-18,0
240,89,0
-256,-68,0
-51,261,0
-157,216,0
-103,245,0
92,-244,0
205,164,0
157,190,0
-220,-153,0
136,-227,0
-42,261,0
171,194,0
-36,252,0
-172,-200,0
-118,233,0
-118,-223,0
236,104,0
251,-2,0
57,-241,0
221,148,0
255,47,0
-267,13,0
-121,232,0
-203,-150,0
135,232,0
-256,-64,0
-6,249,0
194,169,0
-127,224,0
112,-218,0
-222,-106,0
208,-161,0
-209,-165,0
180,-191,0
248,105,0
81,-232,0
-223,137,0
-218,-155,0
250,94,0
249,97,0
104,-225,0
-32,-251,0
-244,68,0
207,-166,0
142,-228,0
-133,-213,0
119,-216,0
-269,1,0
22,-246,0
188,167,0
-251,-59,0
77,-254,0
250,75,0
-152,-222,0
258,19,0
-188,168,0
60,239,0
-81,-255,0
248,-4,0
-42,-253,0
247,53,0
183,173,0
-211,-150,0
245,-61,0
-197,-175,0
-113,237,0
17,-249,0
-177,178,0
245,51,0
259,-13,0
-136,226,0
-183,-169,0
10,-267,0
-227,-111,0
245,-101,0
-228,127,0
-176,-202,0
182,-174,0
-213,130,0
-244,94,0
232,-126,0
249,7,0
170,201,0
232,113,0
-203,139,0
94,243,0
192,160,0
-236,-107,0
44,-250,0
-25,256,0
-238,87,0
140,202,0
-57,-250,0
-222,-134,0
-261,23,0
-251,-11,0
-214,151,0
256,13,0
234,96,0
248,70,0
216,122,0
227,119,0
-222,104,0
258,12,0
-59,253,0
266,-7,0
3,250,0
13,246,0
187,-186,0
-244,79,0
214,143,0
78,-233,0
-263,2,0
133,206,0
118,-217,0
164,189,0
-75,254,0
265,-23,0
-16,264,0
257,63,0
36,252,0
148,199,0
207,-153,0
152,200,0
249,19,0
171,188,0
257,-12,0
-219,127,0
-230,-116,0
-258,77,0
58,243,0
-245,-27,0
261,-11,0
-155,-212,0
264,-41,0
-155,-213,0
-128,-236,0
-256,-63,0
-184,179,0
-195,-172,0
165,208,0
-252,-57,0
243,-93,0
-230,99,0
-129,-236,0
-38,-255,0
93,251,0
-70,-247,0
-67,-251,0
250,61,0
193,186,0
171,192,0
-78,-257,0
-263,7,0
-241,-56,0
-45,253,0
165,-198,0
-244,-107,0
153,207,0
-106,-235,0
-236,-112,0
-117,219,0
-46,-263,0
-259,40,0
-52,253,0
103,-230,0
-174,203,0
17,263,0
9,-266,0
264,-23,0
-150,200,0
97,237,0
208,136,0
160,211,0
-254,-6,0
-253,-59,0
-167,197,0
265,-26,0
-114,222,0
121,229,0
259,1,0
202,-150,0
105,244,0
241,108,0
