-35,-4,1
-17,-31,1
3,-40,1
47,13,1
-13,-45,1
19,-19,1
-5,46,1
34,10,1
11,-32,1
-29,-14,1
9,-47,1
2,-45,1
2,34,1
48,-3,1
-26,19,1
20,17,1
7,33,1
-17,39,1
40,13,1
4,39,1
-46,-3,1
-25,-33,1
32,4,1
-46,-1,1
45,16,1
-24,39,1
-32,33,1
-41,25,1
-23,11,1
4,-40,1
42,-23,1
3,-42,1
38,7,1
13,47,1
-21,14,1
-7,27,1
-42,25,1
-14,23,1
14,-22,1
-11,26,1
29,-26,1
-9,25,1
1,47,1
33,27,1
-16,20,1
7,26,1
-35,-7,1
29,40,1
28,0,1
41,20,1
-23,-29,1
48,6,1
15,-37,1
25,36,1
-16,-43,1
-33,-24,1
-21,-21,1
-22,32,1
-22,21,1
-29,-4,1
35,31,1
-40,-26,1
36,-21,1
8,42,1
44,11,1
37,8,1
18,-45,1
-6,-39,1
40,-10,1
-35,-17,1
42,-27,1
8,27,1
-28,2,1
-6,-36,1
-27,32,1
-11,-37,1
-32,-16,1
-33,-14,1
-29,15,1
48,-6,1
-7,-43,1
27,-34,1
17,29,1
26,-20,1
-34,35,1
-36,32,1
27,-23,1
-39,11,1
0,-36,1
21,27,1
-17,-27,1
39,-15,1
38,-25,1
17,-39,1
18,45,1
-31,-4,1
-2,27,1
47,-14,1
38,30,1
2,-28,1
20,23,1
25,5,1
26,31,1
-46,5,1
24,-27,1
-29,24,1
6,29,1
-42,-26,1
3,36,1
-35,3,1
-23,29,1
-4,-39,1
-47,-5,1
-5,-42,1
-28,3,1
23,10,1
-5,43,1
40,13,1
35,19,1
-47,-3,1
20,33,1
-13,-40,1
-12,38,1
47,-6,1
21,-38,1
5,-43,1
-36,-22,1
44,-20,1
-24,12,1
-38,-14,1
-24,14,1
-46,15,1
-26,-21,1
-26,-16,1
-44,-21,1
-8,-28,1
-31,-15,1
32,37,1
8,36,1
19,-38,1
42,-4,1
43,2,1
22,23,1
17,-21,1
37,-30,1
-41,10,1
39,24,1
1,-43,1
-37,9,1
-3,-47,1
37,0,1
-24,-43,1
-18,32,1
-5,33,1
24,-32,1
-29,-22,1
15,-38,1
-7,33,1
8,-35,1
-33,-28,1
0,36,1
-9,46,1
-28,13,1
-21,18,1
-26,19,1
-36,-11,1
-11,-45,1
33,-13,1
41,28,1
14,-46,1
-16,-24,1
14,40,1
27,4,1
-29,-13,1
43,-20,1
9,36,1
2,37,1
25,-37,1
25,-24,1
43,-17,1
-2,36,1
-11,-39,1
-1,-29,1
25,-1,1
-22,-12,1
17,26,1
-35,-22,1
37,-20,1
-2,45,1
19,-42,1
31,-34,1
4,-29,1
12,35,1
-45,-1,1
17,-31,1
-39,-16,1
-8,34,1
46,7,1
20,21,1
44,5,1
-48,2,1
14,37,1
28,34,1
-30,6,1
-26,-13,1
36,-18,1
-9,-25,1
1,-25,1
-34,9,1
-17,24,1
36,20,1
-12,37,1
-42,-15,1
-23,30,1
-8,-47,1
32,-33,1
-37,32,1
23,-19,1
-27,22,1
-41,-5,1
-2,-26,1
-23,-19,1
-20,-45,1
21,31,1
23,32,1
28,-7,1
0,32,1
-16,-27,1
35,15,1
41,-1,1
-40,26,1
-17,45,1
-35,-11,1
-16,-21,1
42,-11,1
-12,-30,1
-47,3,1
27,5,1
22,-16,1
-28,-26,1
-21,20,1
-18,-23,1
-22,36,1
-29,-18,1
26,-11,1
38,-14,1
25,-2,1
31,12,1
-30,1,1
-4,27,1
-26,11,1
34,-13,1
36,26,1
10,24,1
-22,-25,1
21,25,1
26,22,1
-15,35,1
-12,-45,1
25,6,1
-40,-1,1
27,-36,1
-33,-37,1
-40,26,1
-23,41,1
-6,25,1
17,-19,1
25,-8,1
-12,39,1
22,-41,1
-35,2,1
-30,28,1
45,-13,1
-21,-41,1
3,-48,1
18,30,1
-30,-5,1
39,-3,1
-2,-35,1
30,26,1
16,-44,1
-39,2,1
25,0,1
-7,43,1
-7,47,1
-20,36,1
35,0,1
-26,6,1
48,2,1
-25,14,1
-29,-14,1
-33,-24,1
44,-10,1
-32,-12,1
22,26,1
-21,28,1
20,45,1
-15,36,1
2,25,1
-31,-27,1
34,4,1
-47,5,1
1,48,1
-43,-24,1
0,25,1
-22,42,1
36,-14,1
5,-48,1
39,-30,1
9,-36,1
24,-30,1
32,15,1
-44,-19,1
44,15,1
38,-12,1
-33,37,1
47,17,1
-14,-21,1
28,22,1
-11,47,1
-36,-31,1
-13,-48,1
-16,-30,1
-28,-31,1
-25,-23,1
-35,-21,1
-40,-9,1
-41,-23,1
34,-32,1
-27,-39,1
-9,45,1
-46,12,1
-2,25,1
-28,-39,1
-48,-2,1
-4,33,1
42,0,1
-31,-4,1
-38,-3,1
-15,22,1
25,1,1
30,-34,1
-32,-21,1
25,10,1
-36,-26,1
46,-9,1
-22,41,1
24,-40,1
27,-1,1
13,37,1
27,21,1
-37,6,1
20,-26,1
-32,-23,1
-32,-14,1
-33,26,1
-33,8,1
-5,29,1
-46,3,1
13,40,1
5,-44,1
-16,-44,1
8,-28,1
26,24,1
-5,40,1
-10,31,1
4,-48,1
-12,28,1
-38,8,1
-42,2,1
-25,0,1
13,-35,1
-33,14,1
31,9,1
13,-32,1
-25,0,1
-11,36,1
-26,41,1
-3,28,1
-32,5,1
-3,40,1
-38,-24,1
41,-21,1
-20,-27,1
38,-16,1
23,38,1
13,-33,1
11,-40,1
38,-16,1
41,17,1
-3,-40,1
5,-26,1
-31,0,1
-45,8,1
9,31,1
23,22,1
-17,20,1
-24,26,1
11,42,1
38,20,1
32,-32,1
18,-33,1
12,-45,1
30,29,1
47,-15,1
-30,39,1
-34,-34,1
42,24,1
-18,31,1
-2,-37,1
33,-6,1
36,-24,1
-1,-33,1
36,25,1
47,15,1
28,23,1
-20,15,1
-26,27,1
7,-27,1
-46,15,1
40,7,1
-11,24,1
25,7,1
-16,30,1
-44,-21,1
14,-30,1
-21,44,1
-21,27,1
30,-40,1
10,26,1
-20,-17,1
31,-17,1
41,22,1
25,-13,1
-22,-13,1
17,40,1
21,41,1
39,26,1
10,26,1
33,24,1
35,-29,1
35,13,1
-2,35,1
-46,19,1
24,-21,1
34,0,1
-9,-48,1
31,-31,1
34,-13,1
9,-30,1
-37,5,1
32,31,1
14,46,1
-14,-39,1
-17,-35,1
24,-37,1
-16,40,1
-33,-5,1
23,40,1
-14,-47,1
-25,40,1
-43,-15,1
32,29,1
39,27,1
48,11,1
32,-16,1
3,-35,1
-27,-38,1
36,-2,1
24,-18,1
20,32,1
19,-32,1
7,25,1
-12,-34,1
43,-9,1
4,-44,1
-38,14,1
-19,21,1
-11,41,1
32,-16,1
-6,33,1
37,26,1
-39,-14,1
30,22,1
-12,-37,1
-28,-40,1
-34,-31,1
-23,-19,1
2,44,1
20,-20,1
30,-4,1
-21,-40,1
41,-7,1
41,-24,1
-46,-5,1
-14,-44,1
-22,-39,1
-1,-34,1
-35,16,1
29,-33,1
-252,-42,0
-256,13,0
-73,239,0
148,199,0
-4,-250,0
261,12,0
211,162,0
-31,-265,0
-175,-190,0
-186,-166,0
-62,-260,0
-108,224,0
38,-246,0
256,11,0
264,48,0
-262,26,0
198,164,0
-51,265,0
239,-80,0
-264,21,0
249,34,0
266,14,0
209,-137,0
254,58,0
248,67,0
246,58,0
67,237,0
-148,209,0
-164,-211,0
-88,-234,0
-58,246,0
-43,-266,0
141,222,0
239,-101,0
91,-249,0
204,166,0
50,248,0
-145,203,0
-94,230,0
78,-244,0
221,-146,0
-219,148,0
-165,-184,0
-236,-112,0
-253,45,0
-163,-214,0
-198,-178,0
-206,160,0
176,-192,0
179,-192,0
-53,259,0
-249,-71,0
123,226,0
-29,262,0
109,-242,0
-171,-199,0
-229,-140,0
159,190,0
-215,119,0
28,263,0
-239,68,0
123,-236,0
-196,147,0
-265,-50,0
143,225,0
-249,-86,0
250,-17,0
103,234,0
-92,234,0
-265,-15,0
258,-16,0
250,76,0
259,-19,0
244,-63,0
267,30,0
223,-119,0
52,-248,0
-254,72,0
-126,-220,0
133,208,0
-132,-212,0
-86,-231,0
-14,-261,0
256,71,0
210,136,0
-32,249,0
68,245,0
-210,128,0
-258,-58,0
217,-142,0
169,-205,0
-211,144,0
175,184,0
259,-36,0
-188,160,0
-213,137,0
-142,219,0
-254,-85,0
257,-62,0
179,-200,0
-187,-186,0
-140,226,0
-175,191,0
-256,-3,0
-255,30,0
207,-168,0
28,248,0
-218,-149,0
-142,208,0
-198,164,0
252,46,0
-185,179,0
-86,-241,0
-188,-180,0
211,-153,0
8,248,0
56,258,0
-245,55,0
-225,98,0
-101,-242,0
127,216,0
-131,233,0
-44,251,0
-217,-151,0
-158,-189,0
-203,174,0
214,146,0
-85,-233,0
-245,28,0
-213,129,0
224,117,0
-227,-102,0
-121,222,0
-203,165,0
-222,127,0
59,-257,0
-27,268,0
190,-171,0
-150,-212,0
-227,-134,0
-17,257,0
86,240,0
-227,-146,0
-10,253,0
-223,-134,0
-253,-52,0
89,247,0
-260,-69,0
-200,179,0
157,-198,0
-113,-227,0
-153,-220,0
207,169,0
255,-64,0
248,-40,0
-202,153,0
141,202,0
-267,33,0
-90,254,0
137,-221,0
105,247,0
-119,216,0
217,120,0
5,-251,0
-130,-225,0
-245,21,0
-238,-120,0
183,-182,0
-233,92,0
27,-268,0
204,161,0
-189,187,0
-231,121,0
-253,-70,0
-265,-8,0
-34,262,0
202,-153,0
160,-193,0
257,-36,0
82,238,0
-232,-93,0
-230,-96,0
226,-130,0
-44,-243,0
57,-257,0
-253,-21,0
68,255,0
-147,-209,0
176,200,0
233,86,0
109,-245,0
248,56,0
-137,215,0
216,-146,0
-70,-240,0
28,-247,0
-240,-102,0
145,-209,0
261,-29,0
168,-204,0
253,33,0
-246,-78,0
206,145,0
12,-245,0
-170,-200,0
-154,-217,0
238,75,0
-254,-5,0
75,243,0
73,258,0
-263,-5,0
4,256,0
99,228,0
-264,-28,0
-174,183,0
44,252,0
-257,-57,0
-98,243,0
73,259,0
245,22,0
-194,-184,0
-234,104,0
147,-200,0
227,133,0
-259,66,0
169,-202,0
-249,37,0
-266,10,0
225,105,0
242,93,0
-1,254,0
145,-208,0
-91,-245,0
232,117,0
202,153,0
-86,-252,0
-257,-42,0
75,248,0
-228,-101,0
-56,-261,0
-100,248,0
-260,58,0
-248,68,0
79,254,0
-201,145,0
-135,-213,0
-207,171,0
243,-93,0
20,-267,0
243,103,0
253,39,0
264,-26,0
182,-196,0
-252,-76,0
201,180,0
217,146,0
118,-239,0
59,-257,0
-74,-241,0
68,-249,0
-263,-51,0
215,160,0
251,51,0
-200,-164,0
-8,-249,0
25,-253,0
165,207,0
-44,248,0
-150,-208,0
-260,-70,0
-243,-116,0
-49,251,0
249,-36,0
-195,-154,0
-241,-102,0
-33,267,0
259,-75,0
233,93,0
69,-246,0
-14,-264,0
135,-205,0
-261,-18,0
256,22,0
-225,146,0
214,-163,0
-160,-212,0
234,97,0
15,264,0
-205,172,0
260,15,0
-124,-228,0
175,178,0
49,-245,0
5,249,0
-169,-203,0
251,-61,0
265,-39,0
-201,-144,0
-52,-240,0
-251,-5,0
105,-226,0
227,-101,0
-92,-237,0
242,-90,0
-248,33,0
234,-115,0
-151,-221,0
-73,235,0
-170,209,0
54,248,0
-206,-146,0
-142,-219,0
-187,160,0
218,123,0
-109,-237,0
-211,-153,0
79,-246,0
257,-44,0
113,-240,0
192,-153,0
168,-207,0
-10,-268,0
-105,233,0
185,-190,0
177,-190,0
266,40,0
55,-239,0
267,28,0
257,28,0
-53,-258,0
19,-258,0
246,56,0
-186,182,0
-116,-230,0
228,-108,0
-81,-255,0
177,171,0
179,-176,0
259,-32,0
179,193,0
193,156,0
115,218,0
188,171,0
-62,-258,0
252,88,0
251,38,0
-21,-245,0
266,-28,0
122,-230,0
94,243,0
136,226,0
-13,-246,0
-171,196,0
89,232,0
22,252,0
157,211,0
-265,-33,0
205,154,0
239,120,0
9,246,0
200,-171,0
67,-243,0
-253,-73,0
-199,160,0
17,257,0
-36,254,0
-231,-84,0
-94,240,0
-185,189,0
-155,212,0
-167,185,0
122,-227,0
202,-172,0
-10,-265,0
244,111,0
195,-163,0
-120,-235,0
40,251,0
20,-249,0
-145,211,0
92,-243,0
227,-142,0
82,-240,0
-79,-248,0
-262,-44,0
-226,-135,0
3,246,0
196,163,0
-170,-198,0
168,196,0
163,184,0
70,-257,0
-187,178,0
106,-247,0
-46,-256,0
-252,75,0
-119,235,0
-200,158,0
-251,99,0
-41,263,0
211,126,0
-153,-207,0
165,187,0
244,-101,0
13,261,0
62,254,0
192,166,0
-213,-163,0
-54,243,0
187,-186,0
-156,-210,0
-236,-124,0
-232,132,0
-139,-224,0
264,25,0
61,-262,0
42,250,0
-240,90,0
-105,-242,0
46,241,0
119,221,0
268,27,0
-250,24,0
35,246,0
110,239,0
-16,-251,0
-233,-135,0
70,252,0
177,179,0
-201,166,0
-219,-122,0
91,243,0
-216,-133,0
215,153,0
-222,141,0
-230,99,0
242,-66,0
-8,256,0
10,261,0
220,128,0
-44,247,0
-5,255,0
-144,218,0
-139,202,0
32,-247,0
-209,149,0
-69,-243,0
-156,-190,0
251,-3,0
67,259,0
223,146,0
165,-193,0
-159,213,0
253,7,0
-193,-188,0
-77,246,0
110,242,0
-117,-231,0
247,-64,0
60,-245,0
0,-249,0
189,158,0
-251,-56,0
-51,-248,0
236,73,0
28,248,0
-190,184,0
38,-253,0
235,98,0
-223,-152,0
-144,-207,0
-261,7,0
86,244,0
-207,-151,0
-101,-248,0
260,49,0
25,256,0
219,-154,0
121,220,0
-254,-41,0
-261,-28,0
222,-128,0
213,162,0
60,263,0
234,-116,0
-240,-113,0
-5,246,0
5,269,0
-122,238,0
181,-181,0
185,193,0
-258,36,0
231,-92,0
230,-90,0
-210,-148,0
247,1,0
79,-246,0
46,241,0
157,-202,0
124,223,0
