2,-49,1
-26,-2,1
41,-26,1
-21,20,1
-39,-16,1
-26,41,1
-22,16,1
16,-33,1
36,-34,1
23,-44,1
-29,8,1
-5,39,1
-8,48,1
10,28,1
-26,28,1
9,-30,1
18,-31,1
-38,-23,1
-37,-21,1
-45,18,1
27,-14,1
-9,39,1
35,11,1
-24,21,1
-29,5,1
45,6,1
-8,-25,1
-10,-48,1
-45,-13,1
-42,10,1
20,-29,1
33,-29,1
32,28,1
38,-28,1
-20,29,1
-49,-1,1
-29,-1,1
37,6,1
-49,-5,1
48,3,1
40,-11,1
30,25,1
42,-20,1
-7,-46,1
9,36,1
-14,44,1
41,21,1
34,-34,1
46,-10,1
-38,-30,1
3,-30,1
-35,17,1
-14,-24,1
-26,20,1
-40,1,1
-17,-30,1
-32,3,1
31,21,1
15,22,1
24,43,1
27,32,1
-30,-31,1
11,-36,1
40,-3,1
-1,30,1
-49,0,1
37,-20,1
10,-28,1
3,-30,1
20,-26,1
31,-23,1
-11,37,1
-34,-6,1
0,-27,1
34,-9,1
26,42,1
-17,-19,1
-38,-17,1
-20,16,1
-48,-8,1
42,13,1
-40,-5,1
32,6,1
-29,-33,1
-24,-19,1
25,22,1
-28,5,1
-12,-42,1
45,5,1
33,36,1
-22,-22,1
33,-33,1
14,-35,1
25,-40,1
-45,19,1
-15,-45,1
-35,-19,1
43,-16,1
-34,-15,1
29,18,1
-24,-30,1
27,-6,1
6,-40,1
3,25,1
-17,37,1
-26,2,1
-29,-36,1
-25,10,1
25,-2,1
2,41,1
43,1,1
43,-12,1
-28,-31,1
-27,-32,1
-23,39,1
43,-1,1
30,21,1
-29,27,1
19,-23,1
25,37,1
-6,25,1
-15,30,1
13,-36,1
23,-26,1
-35,-28,1
2,46,1
42,22,1
-47,-4,1
-19,-44,1
33,27,1
-38,3,1
-27,18,1
-32,7,1
0,-29,1
12,25,1
-25,37,1
-12,45,1
-18,-18,1
-30,-8,1
30,-9,1
24,36,1
-4,29,1
8,-25,1
46,-13,1
19,43,1
43,-19,1
-35,-11,1
40,-16,1
26,-37,1
-24,-20,1
35,-34,1
-13,40,1
48,-3,1
-35,26,1
-39,-8,1
-48,-12,1
25,0,1
-17,24,1
21,-36,1
-1,-29,1
47,1,1
37,0,1
-22,27,1
10,24,1
-39,-18,1
-5,41,1
38,16,1
-29,-38,1
41,14,1
-35,13,1
29,-1,1
-41,-10,1
26,19,1
-6,-47,1
-44,-8,1
24,-10,1
-19,-31,1
16,-35,1
-1,46,1
34,5,1
12,-46,1
-45,-14,1
-10,-47,1
7,29,1
-31,-32,1
-30,25,1
32,26,1
-34,-15,1
37,-13,1
-4,27,1
28,-39,1
-6,38,1
17,39,1
-2,-49,1
16,44,1
-22,-38,1
41,-19,1
-26,-30,1
4,45,1
33,3,1
6,43,1
-32,29,1
32,10,1
-11,-31,1
-19,-20,1
40,-7,1
13,26,1
-46,15,1
40,-4,1
-24,24,1
-22,16,1
31,20,1
-2,-38,1
36,-11,1
13,22,1
-44,-13,1
14,44,1
34,-25,1
-15,-39,1
-32,-32,1
10,24,1
31,15,1
0,-26,1
29,-2,1
23,26,1
26,-14,1
-34,31,1
-26,16,1
33,34,1
16,-46,1
3,41,1
25,-22,1
22,-27,1
-1,-47,1
3,-34,1
39,19,1
23,-29,1
32,9,1
45,-20,1
-36,6,1
19,35,1
8,49,1
-5,32,1
0,29,1
-33,-16,1
-37,1,1
27,-4,1
8,-38,1
-36,-16,1
-26,-8,1
48,1,1
-3,-33,1
-48,-5,1
-46,-16,1
-28,-30,1
-6,-34,1
43,-17,1
25,-35,1
44,21,1
40,24,1
-26,39,1
48,-12,1
-27,-22,1
26,-19,1
-23,-14,1
6,27,1
-15,-37,1
-42,22,1
-10,-23,1
-5,44,1
-13,44,1
30,15,1
19,19,1
32,2,1
21,43,1
-39,4,1
37,33,1
-18,-26,1
28,-23,1
-47,-12,1
30,15,1
40,8,1
-25,31,1
-6,40,1
-14,-27,1
28,6,1
-38,-29,1
-14,43,1
-15,-34,1
-31,-13,1
1,48,1
-27,38,1
27,-31,1
35,-12,1
-14,29,1
-16,-32,1
-2,-25,1
-24,10,1
-32,-12,1
11,-27,1
11,48,1
-36,5,1
20,-16,1
15,-23,1
20,22,1
-30,-3,1
27,17,1
-4,27,1
-29,21,1
35,5,1
-2,-47,1
-31,-11,1
29,25,1
20,32,1
43,20,1
44,12,1
30,-8,1
35,20,1
12,43,1
-13,44,1
-12,-33,1
22,14,1
-4,38,1
15,-40,1
-38,-15,1
0,47,1
17,39,1
27,-20,1
24,-31,1
-37,-18,1
19,24,1
40,-2,1
33,-4,1
-35,-21,1
23,-12,1
34,-23,1
36,-16,1
-44,-11,1
34,29,1
-29,-35,1
3,31,1
24,41,1
-21,-30,1
19,-29,1
-10,-42,1
-19,38,1
-43,9,1
-33,19,1
10,23,1
27,-39,1
-41,-22,1
12,-26,1
-39,-1,1
36,-15,1
5,44,1
-23,38,1
27,13,1
-15,35,1
-31,4,1
-29,-30,1
30,-17,1
-2,40,1
-40,-8,1
0,33,1
28,-20,1
-17,26,1
-10,39,1
46,-7,1
-14,47,1
-41,-17,1
-28,4,1
11,23,1
34,11,1
-10,-33,1
-11,-37,1
19,-40,1
-33,13,1
15,-39,1
-41,-9,1
23,17,1
-2,-42,1
24,33,1
-39,30,1
31,7,1
2,28,1
21,44,1
10,48,1
-26,-14,1
-2,29,1
48,-2,1
33,-4,1
17,32,1
-26,-40,1
-45,20,1
30,13,1
28,-9,1
-19,-33,1
-7,-41,1
-10,-26,1
-9,-41,1
-23,-36,1
40,17,1
20,-30,1
-41,25,1
-39,30,1
28,9,1
-21,-43,1
36,16,1
41,-17,1
-2,-47,1
18,20,1
-39,0,1
-3,-36,1
39,4,1
28,-17,1
-7,-38,1
34,-27,1
-30,30,1
28,-20,1
-29,-9,1
-15,-34,1
6,-48,1
-31,-16,1
-17,-19,1
44,-5,1
-3,43,1
15,-34,1
-18,-45,1
-9,46,1
9,46,1
-47,4,1
-7,33,1
-37,-23,1
-25,-27,1
26,15,1
-34,-19,1
-22,-20,1
-2,-48,1
30,-23,1
34,4,1
-31,34,1
28,-39,1
-32,-22,1
33,2,1
30,-7,1
5,33,1
-1,-49,1
30,-13,1
-40,16,1
-39,-9,1
-42,-12,1
-13,-37,1
22,-44,1
-27,-20,1
30,-32,1
-27,-33,1
-3,-45,1
33,13,1
37,6,1
21,24,1
-23,26,1
-34,19,1
-32,-27,1
11,31,1
21,45,1
-32,-3,1
29,-30,1
16,22,1
17,-19,1
8,26,1
-39,24,1
46,2,1
34,-2,1
5,-49,1
-15,-41,1
24,-37,1
-3,47,1
25,-25,1
-34,5,1
43,3,1
-41,6,1
5,-48,1
32,-18,1
-37,-8,1
-33,-36,1
25,-32,1
6,27,1
30,-19,1
-40,-29,1
-34,22,1
-6,-25,1
-33,1,1
32,38,1
17,23,1
21,-29,1
-29,-3,1
-13,26,1
9,38,1
47,1,1
48,-10,1
-251,59,0
208,-118,0
-235,-101,0
62,-228,0
216,-141,0
-107,-235,0
-80,-243,0
-210,139,0
-237,-44,0
95,216,0
-252,59,0
-193,-141,0
143,193,0
232,47,0
-46,-235,0
235,-19,0
-239,-2,0
-197,-149,0
15,244,0
254,27,0
-232,-89,0
237,-48,0
241,-61,0
-240,52,0
-250,38,0
205,125,0
-247,38,0
-249,-24,0
5,247,0
156,201,0
-194,135,0
190,165,0
173,187,0
-229,-83,0
220,-113,0
-179,-155,0
162,187,0
-7,259,0
176,165,0
-39,243,0
75,-238,0
88,224,0
110,221,0
-20,240,0
232,-103,0
-148,-198,0
211,-132,0
-225,-112,0
-118,-211,0
-244,74,0
219,111,0
172,-171,0
6,255,0
202,159,0
59,-242,0
-187,146,0
235,69,0
-136,201,0
48,233,0
46,-231,0
118,211,0
-132,203,0
-177,-184,0
51,230,0
141,-196,0
-212,-150,0
-250,-59,0
249,-62,0
78,-246,0
203,-137,0
91,-238,0
-159,-188,0
25,-247,0
62,236,0
102,236,0
41,238,0
234,-35,0
-235,11,0
-194,-172,0
10,257,0
154,-190,0
248,53,0
-57,-243,0
-140,-203,0
-130,-219,0
235,71,0
-135,-212,0
188,-159,0
-119,221,0
-201,-154,0
254,22,0
-254,-55,0
243,-74,0
-150,194,0
252,57,0
112,218,0
171,-171,0
-121,-212,0
226,86,0
9,252,0
171,-177,0
-259,-19,0
66,244,0
-60,-243,0
-58,237,0
-231,-104,0
139,-213,0
249,25,0
234,-110,0
-243,91,0
-193,145,0
-95,-232,0
120,-212,0
-228,114,0
207,-156,0
143,189,0
0,245,0
252,-52,0
22,252,0
67,-233,0
13,-239,0
-141,-201,0
-246,-42,0
255,44,0
-233,-54,0
-252,-4,0
135,-208,0
-247,-34,0
246,36,0
239,100,0
87,-237,0
-183,171,0
-146,-208,0
-141,-191,0
131,201,0
-189,172,0
-91,231,0
221,118,0
255,-17,0
-151,206,0
-229,76,0
-225,-82,0
238,36,0
-48,-255,0
-78,-235,0
-254,17,0
-245,44,0
-232,87,0
235,-104,0
-225,122,0
-154,193,0
-168,-181,0
-227,77,0
-92,-236,0
236,-18,0
-133,-198,0
169,182,0
220,112,0
-182,177,0
-94,216,0
-144,-191,0
233,-48,0
170,-166,0
-99,218,0
-157,191,0
225,121,0
93,-218,0
-6,-237,0
-212,105,0
42,238,0
156,190,0
-191,-166,0
-238,-60,0
65,227,0
212,-146,0
-77,-227,0
-101,222,0
176,-189,0
99,-239,0
-132,213,0
-182,180,0
16,251,0
29,253,0
170,-189,0
-56,250,0
202,150,0
149,-203,0
-72,-240,0
228,71,0
5,254,0
-231,-65,0
-205,-132,0
74,-244,0
-205,-135,0
-16,-253,0
217,108,0
-50,-233,0
-134,-215,0
-176,-157,0
-113,211,0
-51,-251,0
248,-40,0
-203,-123,0
225,75,0
220,97,0
252,-31,0
-57,234,0
182,161,0
-186,-157,0
249,-64,0
77,240,0
-173,-183,0
-99,236,0
-233,-97,0
9,-235,0
-206,150,0
180,-179,0
205,-140,0
123,-228,0
-224,108,0
55,232,0
-249,-53,0
90,-229,0
230,-80,0
-186,-173,0
201,134,0
169,189,0
251,29,0
79,223,0
-191,150,0
-132,203,0
160,-180,0
-230,-68,0
222,116,0
250,41,0
-25,239,0
-5,-239,0
150,190,0
-234,68,0
-15,-235,0
-233,64,0
-166,-196,0
244,-13,0
-192,-153,0
103,-229,0
250,63,0
87,-234,0
154,182,0
24,246,0
36,-240,0
-199,146,0
-186,144,0
85,-230,0
102,234,0
247,-79,0
15,241,0
141,-205,0
128,205,0
-243,11,0
-154,-208,0
-151,194,0
-213,-119,0
250,-22,0
-48,243,0
-214,-123,0
-219,115,0
197,150,0
117,230,0
224,-113,0
127,222,0
-20,235,0
-90,228,0
-178,165,0
157,177,0
206,-150,0
239,31,0
165,183,0
-237,-48,0
69,233,0
198,-143,0
-74,241,0
-48,-255,0
9,-246,0
181,-157,0
256,11,0
-230,49,0
111,-222,0
238,-32,0
-174,-192,0
-103,-223,0
232,-71,0
-138,205,0
-196,159,0
-230,79,0
-181,173,0
58,-241,0
-238,-18,0
99,-229,0
21,-257,0
199,-160,0
104,223,0
-8,-256,0
-12,253,0
88,-242,0
83,-229,0
-34,255,0
-191,141,0
81,241,0
-197,152,0
-16,-241,0
240,32,0
-244,-10,0
-170,193,0
231,-99,0
41,236,0
186,-179,0
130,-213,0
232,-40,0
-168,-193,0
-248,45,0
-24,237,0
-178,-171,0
-134,217,0
-249,-15,0
-199,133,0
-256,-34,0
229,-57,0
-58,232,0
-42,252,0
244,-11,0
11,-246,0
-224,-85,0
-75,241,0
186,172,0
-242,-90,0
5,248,0
-34,-245,0
-209,-112,0
229,86,0
239,55,0
156,191,0
188,-156,0
-62,-231,0
-68,244,0
-43,-255,0
237,12,0
-164,-181,0
-200,133,0
-217,-118,0
156,-179,0
115,219,0
246,-81,0
62,-242,0
39,-256,0
-232,-109,0
-9,257,0
-55,-230,0
130,-225,0
-249,53,0
248,-10,0
-78,223,0
-9,-254,0
-15,-253,0
245,48,0
198,-133,0
214,-122,0
-246,29,0
82,-223,0
4,-251,0
158,-178,0
40,-235,0
168,-181,0
-114,212,0
-6,257,0
-231,74,0
255,43,0
-157,-185,0
-240,-31,0
-222,134,0
42,-244,0
-73,225,0
226,-90,0
194,163,0
-231,83,0
69,-232,0
-213,110,0
154,205,0
-213,113,0
192,157,0
234,-35,0
-191,-147,0
237,49,0
118,215,0
-212,103,0
29,252,0
244,-3,0
235,69,0
-182,-162,0
40,-256,0
-105,-228,0
145,192,0
-153,-200,0
210,-147,0
-105,-215,0
-19,-237,0
74,-240,0
-169,172,0
-40,-253,0
232,-89,0
127,-202,0
-54,252,0
-13,-246,0
-49,243,0
-207,112,0
53,234,0
55,241,0
-232,102,0
101,-225,0
-190,-173,0
-36,-251,0
-238,-54,0
-114,-222,0
142,209,0
139,-194,0
17,248,0
-216,98,0
-240,45,0
-243,-8,0
253,-30,0
-180,-168,0
-5,245,0
224,76,0
-215,138,0
228,102,0
-53,-230,0
-162,-192,0
-41,-239,0
240,12,0
-189,-150,0
14,250,0
-230,-62,0
58,238,0
-153,183,0
188,179,0
246,-17,0
-228,72,0
-69,228,0
39,-245,0
217,93,0
-236,76,0
-130,-196,0
245,-1,0
-183,179,0
-236,105,0
-195,141,0
167,183,0
-246,-39,0
-133,-199,0
165,199,0
-15,251,0
-77,-244,0
170,-164,0
-234,49,0
242,40,0
-245,-28,0
211,122,0
-36,244,0
-152,-207,0
-26,256,0
-162,201,0
-174,-174,0
229,53,0
-255,34,0
67,237,0
-216,132,0
-133,-204,0
-223,-82,0
-179,-170,0
-203,154,0
230,-58,0
-63,232,0
218,-122,0
236,-15,0
-14,-238,0
226,126,0
63,235,0
60,-235,0
214,-146,0
102,212,0
-175,-184,0
-211,-137,0
-248,-26,0
-99,-227,0
-220,113,0
198,-154,0
249,52,0
-250,61,0
207,-148,0
-33,-236,0
4,257,0
