12,24,1
-8,44,1
19,46,1
12,36,1
30,-29,1
6,-39,1
4,40,1
17,36,1
-26,21,1
-12,-29,1
30,-27,1
5,26,1
40,28,1
-42,-5,1
-23,13,1
-20,37,1
-27,37,1
41,6,1
10,45,1
-4,29,1
-8,-33,1
-36,13,1
-18,-29,1
19,-21,1
-47,-13,1
-28,-4,1
-35,10,1
-28,12,1
43,-2,1
-21,-41,1
44,14,1
-1,40,1
-27,29,1
39,19,1
-6,41,1
18,23,1
-5,38,1
6,26,1
17,36,1
-25,10,1
31,8,1
38,-7,1
12,-40,1
-33,-17,1
-27,5,1
40,-24,1
43,10,1
32,22,1
-7,-32,1
35,20,1
3,46,1
-34,-24,1
-25,26,1
38,24,1
-34,-20,1
19,-20,1
32,35,1
4,-36,1
7,-45,1
42,12,1
48,13,1
32,-1,1
49,-8,1
-25,-1,1
19,-21,1
-31,-38,1
23,-32,1
-29,-36,1
35,34,1
21,-18,1
39,1,1
-32,12,1
-33,3,1
-21,33,1
42,-27,1
32,9,1
9,25,1
33,13,1
-31,13,1
43,14,1
-5,-43,1
44,-3,1
3,33,1
-34,33,1
28,-1,1
-29,31,1
3,28,1
39,-11,1
-31,-4,1
-23,35,1
-27,-13,1
23,-31,1
20,-23,1
-32,38,1
19,-29,1
-4,49,1
-2,-35,1
-8,35,1
25,23,1
-34,-35,1
-41,7,1
15,24,1
-36,3,1
26,38,1
-7,30,1
-30,-39,1
-9,34,1
29,39,1
-37,8,1
-29,-18,1
-18,28,1
-32,27,1
-23,40,1
36,-30,1
-12,45,1
-39,-17,1
16,-44,1
24,29,1
9,27,1
32,17,1
-35,-9,1
-14,43,1
49,-3,1
33,-10,1
-13,32,1
35,30,1
-20,39,1
46,-5,1
46,8,1
32,-26,1
-32,37,1
33,-35,1
21,-41,1
4,-34,1
-41,17,1
-41,-27,1
-30,-39,1
24,42,1
-25,34,1
11,32,1
-10,44,1
25,41,1
6,-44,1
10,-29,1
-11,44,1
-23,-18,1
24,43,1
12,-28,1
-20,24,1
48,-14,1
-45,-10,1
26,16,1
-40,9,1
47,-13,1
8,-37,1
22,-32,1
36,0,1
41,-21,1
28,22,1
4,-47,1
-27,3,1
-24,-13,1
32,30,1
-41,17,1
25,12,1
32,8,1
20,-34,1
15,-36,1
30,-32,1
26,35,1
-26,33,1
45,-14,1
-44,10,1
17,-44,1
18,20,1
-29,-11,1
-41,-12,1
-35,27,1
36,-20,1
-33,-27,1
24,37,1
-41,16,1
14,28,1
32,-10,1
-17,-43,1
31,-8,1
36,9,1
6,31,1
-41,-15,1
19,22,1
-27,20,1
-41,-15,1
33,8,1
24,11,1
-24,-18,1
28,-33,1
-38,31,1
25,-5,1
15,-43,1
0,25,1
17,-29,1
18,-38,1
-47,-4,1
15,-30,1
40,3,1
7,35,1
9,31,1
18,38,1
43,10,1
-26,-5,1
9,-33,1
39,-1,1
43,-18,1
14,48,1
-30,-31,1
-32,30,1
26,-29,1
17,35,1
-29,25,1
36,12,1
-28,21,1
-40,-1,1
-28,28,1
-27,-3,1
-31,-35,1
4,30,1
-3,49,1
42,16,1
-26,31,1
40,30,1
-31,15,1
-21,-17,1
-33,27,1
-34,-32,1
-21,-23,1
-41,-25,1
14,-33,1
-36,22,1
-32,-16,1
-31,-29,1
-24,-43,1
37,30,1
3,-49,1
24,17,1
-25,42,1
-41,15,1
7,32,1
27,23,1
32,31,1
30,-16,1
49,7,1
-29,-2,1
14,28,1
47,17,1
11,47,1
43,-21,1
-36,-26,1
-27,11,1
-3,40,1
-4,25,1
27,5,1
8,24,1
-15,-35,1
32,35,1
15,44,1
19,-24,1
37,-17,1
-17,-22,1
23,12,1
0,-28,1
-16,-42,1
-49,-3,1
45,20,1
36,-29,1
47,11,1
-11,41,1
-22,28,1
-9,-25,1
26,-27,1
35,27,1
-19,29,1
-16,43,1
38,-17,1
-19,42,1
-44,23,1
7,47,1
30,29,1
31,-29,1
-33,13,1
-17,-41,1
-25,-28,1
-1,-39,1
-32,1,1
41,-27,1
-35,0,1
2,-26,1
32,-31,1
40,20,1
-4,-45,1
-24,-17,1
36,-29,1
-11,-38,1
-23,-30,1
-25,-9,1
-49,-3,1
-30,-11,1
-24,-19,1
-23,-35,1
22,36,1
49,8,1
-38,28,1
29,-32,1
26,17,1
-39,16,1
16,-22,1
-26,-22,1
33,-19,1
-23,-12,1
11,39,1
7,-46,1
33,33,1
36,-23,1
18,-21,1
2,-33,1
44,-23,1
35,35,1
21,38,1
-37,13,1
42,9,1
31,3,1
-19,-19,1
27,42,1
-32,-23,1
24,26,1
21,-40,1
-44,14,1
7,39,1
-47,-3,1
41,14,1
-26,-16,1
-20,18,1
34,9,1
-15,37,1
37,-26,1
12,30,1
45,12,1
-34,-20,1
15,32,1
-22,-16,1
-2,-44,1
-29,-36,1
-25,-1,1
-48,-11,1
-25,30,1
31,12,1
14,40,1
42,5,1
-12,22,1
-30,-5,1
-31,-31,1
-32,-9,1
0,39,1
-33,-35,1
2,-38,1
-5,38,1
-37,-27,1
-7,-39,1
39,-5,1
-37,7,1
41,-7,1
20,31,1
-6,37,1
-20,19,1
-34,-34,1
11,40,1
13,-26,1
-2,28,1
-2,35,1
4,-41,1
13,-34,1
-22,-41,1
23,38,1
33,16,1
32,-12,1
17,-45,1
-47,-4,1
13,46,1
-18,23,1
38,22,1
17,21,1
47,-14,1
-37,-2,1
-30,28,1
-15,43,1
-22,38,1
-25,-42,1
-16,-21,1
-17,21,1
17,-42,1
17,24,1
-41,10,1
-27,41,1
15,-24,1
-41,-6,1
-44,15,1
39,18,1
23,31,1
27,1,1
-42,-26,1
-36,-34,1
7,49,1
0,-38,1
27,-14,1
-42,20,1
-1,41,1
-32,18,1
27,30,1
42,17,1
-24,-42,1
14,27,1
32,8,1
-12,-46,1
-7,-41,1
4,41,1
-8,33,1
-41,7,1
29,22,1
39,-6,1
-16,40,1
23,-11,1
-40,-5,1
9,35,1
-14,-37,1
33,9,1
32,-31,1
48,-2,1
-2,25,1
-24,43,1
32,17,1
-37,-32,1
27,-22,1
-30,13,1
-34,-8,1
-6,49,1
29,17,1
6,49,1
45,6,1
-20,-32,1
22,-12,1
35,-16,1
28,16,1
-1,-32,1
-5,37,1
18,-23,1
15,-47,1
-27,20,1
16,25,1
11,-38,1
-34,-15,1
-33,10,1
-38,6,1
44,4,1
26,-14,1
42,-22,1
-36,-10,1
-33,33,1
-35,4,1
7,46,1
25,-3,1
37,21,1
33,32,1
-36,-17,1
-40,2,1
42,-13,1
-14,-42,1
13,-45,1
-4,-28,1
-24,-37,1
-14,45,1
-26,9,1
-7,24,1
-10,39,1
-19,42,1
25,-23,1
-42,4,1
-25,16,1
-32,-14,1
0,49,1
-24,-43,1
-14,-46,1
-25,31,1
24,-24,1
-17,-45,1
-47,-14,1
9,39,1
-25,0,1
21,-15,1
5,-36,1
-12,27,1
49,2,1
129,212,0
-233,-48,0
73,222,0
232,70,0
-51,-223,0
12,237,0
-29,234,0
-216,-91,0
228,-15,0
138,206,0
-185,162,0
-99,-216,0
-175,-162,0
-238,6,0
141,183,0
-26,-225,0
-164,184,0
181,-156,0
-243,51,0
242,3,0
-178,-146,0
-232,27,0
-80,227,0
-53,231,0
-188,134,0
239,21,0
210,118,0
73,-218,0
-198,-126,0
-30,-242,0
-159,163,0
222,-58,0
-166,-155,0
-125,213,0
27,228,0
13,228,0
234,75,0
93,225,0
235,-17,0
211,-79,0
225,-108,0
-179,-169,0
211,-79,0
239,45,0
110,210,0
132,-192,0
-244,-35,0
200,-119,0
164,-173,0
5,232,0
68,-231,0
-235,14,0
164,-187,0
-210,-125,0
-190,135,0
97,225,0
233,56,0
-214,-80,0
200,113,0
-244,-52,0
222,63,0
182,-154,0
156,-185,0
-235,38,0
-8,-242,0
193,131,0
-203,-102,0
158,-187,0
-214,-85,0
140,-200,0
30,-248,0
159,167,0
139,-190,0
-224,109,0
-233,52,0
-14,-231,0
231,78,0
-144,-197,0
145,-203,0
119,-196,0
118,194,0
-28,236,0
162,177,0
246,-31,0
-136,182,0
-96,-213,0
-219,-54,0
180,158,0
235,58,0
242,46,0
230,-57,0
195,139,0
153,-194,0
-24,-234,0
238,-43,0
167,166,0
39,-226,0
24,240,0
232,65,0
-5,-228,0
101,203,0
78,-223,0
-149,184,0
-16,-235,0
71,-228,0
-156,187,0
149,-199,0
-166,163,0
-198,139,0
217,102,0
27,-228,0
246,37,0
112,-203,0
-107,200,0
138,190,0
128,197,0
204,-114,0
-242,62,0
-236,33,0
174,166,0
157,-167,0
-116,-203,0
138,-207,0
37,-236,0
-30,227,0
161,-162,0
-29,-235,0
-206,-114,0
118,210,0
48,-242,0
-213,76,0
101,228,0
-234,-87,0
80,-235,0
176,-146,0
223,-47,0
91,227,0
-222,94,0
-216,-71,0
58,236,0
216,97,0
-40,243,0
-84,-234,0
-151,-199,0
-150,181,0
140,-185,0
240,-57,0
-167,-171,0
-71,230,0
39,-234,0
-175,-163,0
0,-233,0
-189,-132,0
-204,101,0
-229,-87,0
-165,177,0
-201,134,0
-134,205,0
-211,-127,0
130,195,0
185,147,0
-233,-2,0
-23,-229,0
27,224,0
-245,-31,0
-219,115,0
72,232,0
53,-240,0
-76,226,0
-220,-87,0
-164,-173,0
144,-183,0
118,194,0
-57,242,0
203,103,0
217,-92,0
205,104,0
220,-76,0
73,221,0
-101,-218,0
183,-161,0
-116,-208,0
147,201,0
195,-133,0
-36,234,0
-188,129,0
207,-118,0
-228,20,0
169,-160,0
244,44,0
129,191,0
93,-217,0
52,239,0
65,234,0
164,-159,0
81,217,0
151,181,0
-185,-129,0
-225,15,0
245,32,0
110,-202,0
-198,-123,0
180,-163,0
-226,95,0
-66,235,0
242,50,0
234,84,0
-198,109,0
136,-186,0
86,229,0
209,121,0
159,-162,0
68,-220,0
211,99,0
212,-111,0
154,-184,0
176,144,0
-35,238,0
-233,67,0
228,-3,0
126,-214,0
118,-205,0
36,-230,0
100,-224,0
27,235,0
-155,-191,0
53,-225,0
175,-147,0
45,-232,0
-184,-150,0
164,-158,0
-226,38,0
-179,-142,0
54,221,0
220,-112,0
-248,29,0
175,152,0
-2,242,0
-182,-169,0
206,101,0
-170,-178,0
242,43,0
-231,-46,0
-31,231,0
93,-210,0
19,234,0
-85,219,0
21,-238,0
-225,-34,0
191,-125,0
-106,-211,0
72,-227,0
131,197,0
-12,-239,0
117,204,0
-185,138,0
-225,18,0
226,-94,0
54,-234,0
166,154,0
181,152,0
23,235,0
227,62,0
126,205,0
-190,-150,0
-183,153,0
86,-231,0
209,-119,0
166,-177,0
-240,-30,0
-211,-114,0
-197,115,0
221,-111,0
-208,-88,0
-38,225,0
1,249,0
1,-246,0
-226,76,0
191,-120,0
230,89,0
228,36,0
199,-139,0
-47,242,0
172,-147,0
190,-139,0
-232,-21,0
240,67,0
-99,-208,0
-197,148,0
141,194,0
-249,17,0
176,162,0
-141,203,0
4,232,0
-177,165,0
199,-144,0
-41,-232,0
217,62,0
-111,-201,0
-236,15,0
102,225,0
-148,-180,0
188,-136,0
209,-104,0
97,229,0
222,-114,0
21,247,0
118,211,0
190,140,0
197,-150,0
-56,-218,0
226,26,0
-216,-106,0
-213,-125,0
225,63,0
31,-224,0
55,-242,0
-201,112,0
-103,-203,0
224,-108,0
-239,15,0
167,162,0
-201,107,0
-215,-78,0
150,-182,0
231,-77,0
-200,126,0
-89,-211,0
-225,47,0
-133,-196,0
225,-60,0
-209,-130,0
-191,-147,0
227,-78,0
151,-188,0
-65,235,0
-246,32,0
200,121,0
-244,4,0
-231,87,0
158,-180,0
-230,-56,0
131,184,0
-203,-143,0
38,-222,0
-210,-106,0
-166,-153,0
-125,202,0
-86,-223,0
168,167,0
167,-181,0
207,-138,0
-240,33,0
220,107,0
-53,-241,0
77,228,0
152,171,0
209,-102,0
238,18,0
-222,63,0
-210,-104,0
66,-221,0
-215,-69,0
-188,-151,0
213,124,0
149,-174,0
124,202,0
209,-108,0
104,-207,0
-230,8,0
34,241,0
-189,-131,0
-225,107,0
-187,143,0
105,199,0
-186,-155,0
-21,-238,0
-146,197,0
7,-245,0
193,134,0
28,226,0
-187,153,0
238,20,0
-242,33,0
202,127,0
-233,-81,0
-128,-196,0
-231,42,0
213,94,0
-188,-144,0
201,130,0
-95,-223,0
-32,-240,0
-39,229,0
-226,-97,0
227,11,0
-221,-55,0
114,199,0
-103,-223,0
-242,-31,0
214,-97,0
125,194,0
-188,143,0
-2,-226,0
170,-176,0
152,172,0
235,73,0
-238,-63,0
-150,196,0
-147,175,0
-223,66,0
240,-39,0
-231,10,0
-208,-129,0
-231,81,0
218,83,0
201,132,0
-209,118,0
-183,165,0
119,192,0
73,225,0
-50,231,0
234,-3,0
-211,110,0
-240,60,0
-186,165,0
173,-180,0
228,-64,0
-101,202,0
85,222,0
-32,241,0
183,165,0
-156,177,0
-112,219,0
159,-192,0
-6,-236,0
209,-127,0
211,121,0
24,-242,0
-139,206,0
-43,-235,0
210,-96,0
-9,-239,0
228,27,0
172,172,0
-79,-231,0
242,-22,0
-44,222,0
-202,126,0
-213,-95,0
127,212,0
36,235,0
-36,-230,0
-201,135,0
84,-210,0
76,-219,0
-91,222,0
231,85,0
-57,-229,0
190,-140,0
200,128,0
143,-203,0
-234,-25,0
193,-123,0
204,100,0
-191,-148,0
52,226,0
229,7,0
140,193,0
-168,-158,0
226,23,0
178,-140,0
-244,-25,0
-232,-88,0
-40,222,0
145,203,0
234,-48,0
73,214,0
195,-122,0
138,181,0
-227,-69,0
-128,192,0
103,-223,0
-1,-239,0
-207,114,0
169,-170,0
219,-53,0
-48,-226,0
24,-244,0
-230,90,0
-30,-246,0
121,216,0
-231,93,0
66,223,0
-240,30,0
-236,17,0
-202,-129,0
12,238,0
-21,225,0
92,216,0
