1,46,1
-13,-34,1
15,-43,1
-23,17,1
7,-39,1
1,-42,1
-24,-21,1
30,23,1
12,-37,1
23,-20,1
28,-25,1
1,43,1
-20,36,1
-21,-43,1
30,35,1
30,-15,1
33,5,1
-46,-6,1
5,-26,1
-25,-3,1
39,7,1
-17,43,1
-35,-28,1
46,5,1
-28,-8,1
46,-14,1
-30,-10,1
-3,-36,1
25,25,1
-26,5,1
42,-25,1
-25,-13,1
28,10,1
26,-13,1
-28,-24,1
17,39,1
-28,24,1
46,-8,1
-39,-20,1
21,24,1
-3,28,1
25,-4,1
11,47,1
36,-9,1
-4,31,1
-24,23,1
-39,-20,1
37,18,1
-39,-28,1
29,1,1
15,-21,1
27,17,1
-35,-26,1
29,-19,1
-18,46,1
-14,-45,1
37,17,1
38,-13,1
-44,-18,1
23,11,1
7,30,1
-24,-14,1
-1,-49,1
31,8,1
-26,28,1
27,-22,1
16,41,1
-40,20,1
-11,43,1
15,45,1
-30,20,1
-19,-28,1
-6,40,1
-28,-35,1
-17,45,1
29,4,1
30,38,1
-29,-27,1
-2,-25,1
-16,-37,1
-24,40,1
23,25,1
-46,16,1
22,-14,1
27,5,1
-24,41,1
-45,16,1
-1,-28,1
40,23,1
3,-32,1
41,25,1
-38,6,1
36,-22,1
1,25,1
7,45,1
33,14,1
27,1,1
12,33,1
-2,-26,1
49,-8,1
14,-26,1
-9,-42,1
-22,34,1
14,-42,1
-46,-7,1
-7,-37,1
30,-31,1
25,8,1
-37,-11,1
-48,-11,1
-13,-34,1
-34,-20,1
30,13,1
-37,-10,1
8,40,1
-41,11,1
-41,-23,1
24,-35,1
9,36,1
11,33,1
30,11,1
-8,-49,1
-34,-26,1
42,7,1
-7,31,1
30,-10,1
21,-33,1
-8,-25,1
41,-8,1
43,-18,1
11,-45,1
-44,3,1
-32,15,1
-32,-13,1
-9,-44,1
-8,30,1
-4,-45,1
-36,17,1
31,-19,1
38,30,1
31,-5,1
8,-44,1
4,-38,1
35,-28,1
32,-19,1
-9,-27,1
15,-31,1
37,32,1
10,25,1
28,-4,1
-18,21,1
19,-40,1
34,-2,1
46,-1,1
-43,18,1
7,30,1
-35,13,1
-31,0,1
23,-33,1
-31,-2,1
15,35,1
-22,43,1
-29,8,1
41,28,1
-3,-30,1
1,44,1
15,35,1
-4,-47,1
-28,-7,1
9,-25,1
-21,-21,1
13,-23,1
-24,8,1
42,12,1
15,-23,1
22,-41,1
18,41,1
13,-43,1
26,-10,1
4,41,1
31,-10,1
32,-9,1
-44,-1,1
30,6,1
48,13,1
-24,-15,1
-31,38,1
16,-44,1
-11,-35,1
-23,33,1
18,-43,1
-28,31,1
-18,28,1
3,-45,1
-5,46,1
37,25,1
-38,8,1
17,-21,1
44,-10,1
19,-40,1
-7,-33,1
21,-16,1
-26,-32,1
21,14,1
45,10,1
-46,14,1
-11,-29,1
1,-34,1
3,-33,1
24,7,1
32,38,1
2,-25,1
7,-48,1
-39,-7,1
-12,24,1
-12,-30,1
35,23,1
48,3,1
-14,-30,1
-7,-46,1
38,-27,1
22,-43,1
3,-30,1
0,48,1
-7,-33,1
-12,24,1
-44,-8,1
1,-38,1
5,41,1
32,21,1
-39,31,1
-34,-24,1
9,-49,1
-2,26,1
-12,34,1
-13,41,1
19,-45,1
-21,-35,1
3,29,1
-30,-1,1
10,-44,1
-42,-7,1
-27,-29,1
46,8,1
-26,41,1
23,-18,1
-2,-45,1
-25,-12,1
38,-22,1
-2,-35,1
38,16,1
26,-29,1
-8,24,1
19,-44,1
-34,-35,1
0,-34,1
-26,-6,1
-6,-41,1
16,30,1
-19,36,1
-32,28,1
12,34,1
-22,-18,1
-43,-7,1
15,26,1
34,-16,1
-32,-3,1
31,-30,1
-21,24,1
-17,-30,1
37,30,1
-38,11,1
-45,-6,1
29,37,1
41,-24,1
-30,-7,1
31,-13,1
25,33,1
28,-22,1
32,-2,1
-41,7,1
-46,-17,1
-30,27,1
-5,43,1
-14,-43,1
-3,44,1
31,-25,1
34,-9,1
-36,-17,1
5,-36,1
22,-18,1
21,19,1
29,7,1
-25,25,1
40,-19,1
29,37,1
19,29,1
-9,32,1
35,-27,1
-23,14,1
-5,-38,1
-12,-27,1
9,-30,1
0,31,1
-28,26,1
-41,11,1
-6,-31,1
-31,-21,1
-41,24,1
20,15,1
-7,-46,1
29,21,1
-36,5,1
42,4,1
-32,1,1
23,-40,1
27,36,1
-14,29,1
27,27,1
32,-24,1
38,-10,1
-27,8,1
38,-2,1
2,-48,1
-42,4,1
-23,24,1
-31,-6,1
6,38,1
18,45,1
34,16,1
-41,20,1
2,-33,1
49,6,1
-39,-17,1
-4,46,1
-1,-47,1
39,-6,1
-36,-7,1
-30,10,1
8,30,1
35,9,1
-26,20,1
-1,-38,1
-10,-45,1
-8,-44,1
46,-14,1
-20,36,1
33,25,1
36,25,1
44,-15,1
-21,20,1
47,-3,1
-5,-49,1
30,-12,1
28,-21,1
-40,-25,1
-37,-15,1
6,-27,1
-29,-27,1
-35,25,1
-16,-27,1
5,34,1
-37,0,1
-46,-16,1
-9,26,1
-33,-24,1
33,22,1
12,22,1
-23,-27,1
28,22,1
-22,-39,1
-3,-34,1
22,22,1
-49,-2,1
36,-31,1
-16,43,1
-31,13,1
-15,-34,1
30,-3,1
30,-32,1
17,36,1
-18,33,1
35,12,1
-29,25,1
-15,-40,1
28,-24,1
30,-17,1
-20,33,1
4,-42,1
-2,36,1
-11,32,1
49,-2,1
12,-25,1
36,-27,1
-22,-26,1
-27,-10,1
24,-23,1
39,0,1
29,-36,1
-44,-16,1
10,-46,1
26,15,1
-1,43,1
1,-30,1
-14,-36,1
-46,8,1
11,-45,1
37,16,1
-21,43,1
35,13,1
-29,-22,1
36,-26,1
-3,40,1
-30,1,1
-28,-21,1
30,18,1
-12,-29,1
-24,-10,1
45,-6,1
11,-41,1
3,-26,1
-15,-38,1
-41,-12,1
-32,5,1
6,27,1
3,-48,1
-29,6,1
-32,-1,1
-21,15,1
-10,-33,1
-41,-17,1
17,40,1
-8,-49,1
-31,-28,1
-17,21,1
-26,-30,1
29,27,1
-14,29,1
15,25,1
27,12,1
10,41,1
29,14,1
-40,-12,1
-27,16,1
16,-22,1
20,19,1
24,8,1
-37,-11,1
46,-7,1
-25,-39,1
-33,-25,1
-45,2,1
26,-9,1
40,2,1
-12,-35,1
36,11,1
-36,10,1
38,32,1
13,-41,1
-40,18,1
19,-45,1
-31,-1,1
-27,-10,1
-26,2,1
-6,-37,1
30,-17,1
-23,-20,1
0,-41,1
22,22,1
31,-12,1
6,-47,1
-37,25,1
34,27,1
33,19,1
4,39,1
23,-40,1
-35,25,1
21,-40,1
-44,0,1
14,-46,1
-22,24,1
-3,-38,1
-10,34,1
27,-1,1
34,15,1
-33,32,1
28,1,1
-9,-46,1
-20,44,1
15,-25,1
39,-13,1
-28,27,1
35,14,1
37,29,1
-26,-39,1
31,-12,1
41,23,1
-11,25,1
23,32,1
-23,-42,1
35,241,0
189,-159,0
152,168,0
-228,-83,0
-163,-170,0
245,-46,0
-214,-110,0
-58,240,0
-93,-213,0
-215,-125,0
-110,-208,0
204,-134,0
-11,-234,0
193,126,0
-128,-191,0
156,-170,0
12,-231,0
-106,-209,0
245,16,0
-233,-75,0
-214,91,0
-151,-178,0
33,-228,0
212,-80,0
219,62,0
149,-198,0
-215,-71,0
-138,-185,0
220,-98,0
197,-128,0
-233,-46,0
238,23,0
-148,-196,0
-248,16,0
245,-16,0
-232,27,0
-142,197,0
-96,-221,0
99,-222,0
242,-20,0
222,-81,0
-168,179,0
-74,-214,0
152,-184,0
104,221,0
-62,-235,0
-60,-222,0
224,-53,0
65,223,0
65,-228,0
-240,51,0
-51,-222,0
40,-232,0
152,170,0
187,137,0
-200,117,0
193,-153,0
-161,167,0
-243,-36,0
66,-226,0
-69,-233,0
236,22,0
85,232,0
79,-214,0
-183,-161,0
-180,-143,0
-226,-19,0
31,-226,0
236,-26,0
146,-188,0
-105,226,0
115,209,0
237,-72,0
-21,249,0
-15,234,0
-94,-222,0
46,225,0
212,-99,0
-166,158,0
103,206,0
210,115,0
230,-65,0
-2,248,0
233,-58,0
159,165,0
97,-227,0
-229,-49,0
-115,-209,0
-101,-208,0
228,102,0
-75,234,0
-225,68,0
-170,-174,0
196,146,0
183,-164,0
-148,-189,0
-156,175,0
110,212,0
32,234,0
-59,226,0
-148,190,0
162,-190,0
-165,-181,0
159,172,0
245,-37,0
227,80,0
-217,75,0
-28,236,0
-220,-48,0
-198,150,0
-225,52,0
-183,151,0
86,-214,0
-164,-167,0
-156,-194,0
-44,222,0
-80,-213,0
182,-150,0
-234,29,0
-231,21,0
-231,73,0
226,-71,0
-56,-243,0
-213,-95,0
-214,105,0
133,-199,0
99,-223,0
81,-210,0
-213,-105,0
-101,-205,0
132,199,0
50,-242,0
190,135,0
-9,-249,0
73,215,0
-45,-224,0
-229,83,0
240,-59,0
-210,-94,0
-125,-190,0
229,79,0
-82,233,0
-122,218,0
83,225,0
-211,-119,0
-155,164,0
219,-83,0
-34,238,0
175,-147,0
79,-211,0
-110,222,0
234,71,0
-116,-199,0
-219,72,0
92,225,0
-155,-188,0
-99,204,0
178,-171,0
-211,95,0
108,220,0
-208,-101,0
87,-208,0
97,229,0
-46,241,0
-160,-177,0
-239,29,0
138,-200,0
-1,-225,0
-188,163,0
-149,173,0
209,132,0
220,-72,0
214,79,0
-241,-23,0
156,194,0
-189,136,0
204,122,0
-143,-203,0
71,-219,0
-129,201,0
66,-233,0
-164,-161,0
214,-108,0
240,-12,0
-187,151,0
-130,-213,0
126,-201,0
-113,207,0
43,238,0
219,-59,0
30,-232,0
-241,-54,0
87,-229,0
223,-60,0
224,-53,0
-150,-186,0
213,-89,0
160,-171,0
208,96,0
130,203,0
229,74,0
-160,163,0
-152,197,0
-219,-68,0
-229,-88,0
113,-211,0
-162,-186,0
239,67,0
75,226,0
-49,221,0
94,-212,0
4,239,0
-170,-180,0
8,-243,0
-101,202,0
-166,-169,0
116,194,0
230,-18,0
120,-192,0
25,-244,0
-237,-20,0
238,-27,0
-219,112,0
-240,24,0
211,93,0
-202,-102,0
-89,-213,0
228,-83,0
85,217,0
-225,-53,0
-176,165,0
-236,-81,0
-93,226,0
-204,111,0
-244,13,0
-132,211,0
-236,-10,0
-27,231,0
158,174,0
206,-127,0
-71,236,0
-214,-88,0
224,108,0
56,-241,0
-239,-7,0
-227,-3,0
-99,-229,0
-137,-184,0
229,71,0
171,176,0
-110,-203,0
-87,-217,0
-204,138,0
245,-26,0
241,45,0
50,-229,0
-13,-235,0
194,-141,0
176,-147,0
37,224,0
-3,231,0
-212,77,0
165,173,0
-112,207,0
-9,230,0
-122,-201,0
222,97,0
115,-196,0
57,224,0
-231,76,0
-188,146,0
202,131,0
-103,219,0
50,-236,0
148,198,0
-221,99,0
-132,-198,0
-211,92,0
234,11,0
-90,-216,0
-220,-91,0
-186,147,0
-219,-70,0
9,233,0
236,-23,0
195,-138,0
212,104,0
232,-14,0
192,154,0
-130,194,0
198,-110,0
49,-233,0
183,-131,0
-249,3,0
83,235,0
95,-222,0
-79,214,0
-160,-165,0
193,-145,0
-122,-206,0
4,230,0
140,182,0
21,232,0
32,-230,0
-238,-18,0
-229,97,0
-210,-113,0
53,-238,0
-124,-192,0
-211,-100,0
-173,-167,0
155,167,0
-160,190,0
20,-233,0
182,-140,0
-189,-153,0
-114,-220,0
224,-90,0
-195,-129,0
-2,-238,0
120,-201,0
169,-175,0
-224,110,0
-154,-165,0
230,59,0
246,-38,0
-223,-87,0
-170,-167,0
-228,82,0
193,-136,0
180,146,0
209,-135,0
114,203,0
-226,-77,0
-224,58,0
224,64,0
-141,190,0
-151,-173,0
204,134,0
-224,-110,0
-102,219,0
175,155,0
235,5,0
211,-93,0
235,2,0
-220,107,0
-200,-137,0
154,-174,0
-189,-149,0
-14,-235,0
241,-51,0
-110,198,0
-72,224,0
51,-224,0
-237,2,0
77,212,0
127,202,0
-206,112,0
206,115,0
235,-69,0
-38,-232,0
74,224,0
-137,-207,0
-200,-113,0
-223,-31,0
-210,126,0
224,-99,0
131,193,0
-134,199,0
218,-86,0
-37,-244,0
154,177,0
141,-184,0
-16,-237,0
11,-225,0
-187,142,0
-131,208,0
233,-29,0
-32,246,0
-208,-120,0
-203,-107,0
-228,64,0
215,126,0
207,-123,0
138,199,0
-123,203,0
129,190,0
121,194,0
61,239,0
230,-28,0
-236,-11,0
-186,134,0
198,-131,0
226,99,0
-164,-165,0
-194,145,0
-152,197,0
203,-114,0
231,91,0
-11,226,0
121,208,0
-220,-67,0
166,-153,0
-33,-245,0
14,-249,0
190,-121,0
71,-237,0
64,236,0
98,-229,0
165,167,0
-99,-206,0
-5,-243,0
-75,-219,0
-231,-59,0
218,75,0
-226,22,0
203,-137,0
-76,-229,0
74,-224,0
32,223,0
230,51,0
101,-226,0
-231,45,0
2,245,0
-214,-105,0
177,161,0
140,196,0
-22,-240,0
-191,145,0
-244,31,0
-236,-64,0
-172,156,0
-172,-178,0
-114,212,0
-221,-107,0
112,-217,0
-129,-210,0
206,-107,0
144,-196,0
-119,208,0
160,-186,0
94,222,0
83,228,0
-34,247,0
146,-174,0
171,170,0
225,24,0
-232,60,0
-228,20,0
-76,230,0
226,-44,0
-215,112,0
243,7,0
-227,28,0
-170,-153,0
-193,-129,0
157,-186,0
-52,-220,0
109,-204,0
235,77,0
200,133,0
247,12,0
18,-239,0
164,168,0
-245,19,0
5,249,0
195,-120,0
-216,-74,0
168,-160,0
-198,-151,0
-144,188,0
182,-138,0
164,-165,0
-43,238,0
-214,96,0
-232,70,0
-84,209,0
-57,241,0
-54,241,0
87,214,0
248,28,0
152,-189,0
188,135,0
64,-227,0
91,225,0
198,-109,0
167,162,0
208,106,0
-68,-223,0
-24,231,0
-237,26,0
116,-197,0
-173,162,0
-153,175,0
221,109,0
-10,-240,0
28,232,0
113,219,0
183,137,0
-237,40,0
