-36,-8,1
-33,-7,1
-12,-47,1
11,29,1
20,-23,1
19,23,1
-45,5,1
46,18,1
5,43,1
-33,-18,1
34,8,1
-28,-41,1
37,-11,1
-29,35,1
-44,-21,1
4,-32,1
39,-16,1
-37,19,1
25,-27,1
-31,-20,1
-14,47,1
11,44,1
11,33,1
-33,9,1
27,3,1
41,-15,1
28,-15,1
22,30,1
42,9,1
17,-26,1
19,-34,1
-39,8,1
-31,-23,1
-30,21,1
16,-38,1
-4,43,1
-37,-13,1
-28,-17,1
-36,-18,1
33,10,1
5,38,1
-41,24,1
-45,18,1
31,25,1
-5,39,1
40,2,1
-27,-5,1
-39,-24,1
4,-35,1
-41,19,1
15,37,1
36,-14,1
27,-3,1
32,-22,1
33,1,1
-24,-10,1
-34,22,1
36,-8,1
8,49,1
5,-37,1
-22,17,1
26,-13,1
26,16,1
11,35,1
-28,8,1
42,2,1
34,-23,1
45,14,1
-32,-37,1
25,-28,1
-44,10,1
-18,-37,1
-3,26,1
48,7,1
26,39,1
-41,10,1
-6,-47,1
22,16,1
45,-5,1
19,37,1
40,11,1
27,10,1
-35,4,1
-46,4,1
16,22,1
48,-3,1
-27,4,1
10,-45,1
14,-35,1
-35,6,1
-28,-34,1
-47,-12,1
23,-31,1
3,37,1
27,40,1
22,-19,1
30,-35,1
28,-21,1
-28,1,1
-29,10,1
7,-31,1
9,-34,1
-1,26,1
-15,-33,1
-15,-36,1
21,-16,1
48,0,1
7,37,1
25,34,1
18,38,1
-34,-17,1
38,24,1
42,6,1
17,-36,1
39,7,1
29,-35,1
24,37,1
-18,27,1
8,35,1
31,4,1
19,-42,1
-31,12,1
6,46,1
-19,44,1
-12,27,1
-38,1,1
30,-21,1
-31,-31,1
11,29,1
42,14,1
-23,-11,1
-32,21,1
20,36,1
27,-13,1
-35,22,1
7,37,1
-40,-6,1
-17,-19,1
-16,35,1
-46,-13,1
16,38,1
34,-5,1
37,26,1
-44,-14,1
-23,-41,1
28,-7,1
36,-26,1
37,-25,1
-47,-12,1
38,20,1
-3,42,1
-28,20,1
-5,43,1
-3,-46,1
6,-31,1
-11,42,1
-34,-10,1
-42,-10,1
-34,25,1
-25,-40,1
-8,40,1
34,-13,1
-30,28,1
19,24,1
18,-33,1
42,-3,1
35,15,1
-46,10,1
-27,21,1
-30,13,1
13,-25,1
43,-18,1
-22,-34,1
-22,37,1
17,-38,1
-7,45,1
-30,-29,1
8,26,1
-27,4,1
-33,3,1
-37,23,1
28,30,1
-47,4,1
7,-43,1
12,23,1
-46,8,1
-44,-15,1
40,28,1
-17,-47,1
42,-22,1
25,-27,1
21,33,1
-22,30,1
47,1,1
-30,37,1
-26,-32,1
24,-37,1
-10,-30,1
42,-13,1
14,25,1
-25,8,1
-42,15,1
26,25,1
-11,43,1
-44,-11,1
41,-3,1
46,-19,1
32,0,1
-25,-17,1
-2,-26,1
45,5,1
-24,-17,1
19,22,1
-31,11,1
-2,38,1
-43,12,1
37,17,1
23,11,1
-34,2,1
26,-30,1
-45,17,1
38,-22,1
-36,1,1
3,-49,1
21,23,1
0,-35,1
-26,26,1
22,-44,1
25,29,1
-6,-27,1
17,-19,1
-44,-21,1
44,-11,1
-31,-35,1
-25,26,1
34,34,1
44,-4,1
-37,23,1
-22,-23,1
-37,-22,1
-43,25,1
-24,7,1
20,27,1
35,-15,1
36,26,1
-39,16,1
-28,9,1
19,-21,1
27,29,1
-2,49,1
8,-34,1
-23,-14,1
44,-12,1
14,35,1
39,17,1
9,-39,1
-7,-33,1
-38,3,1
15,30,1
-15,47,1
-25,-24,1
-36,-25,1
22,-39,1
-37,10,1
-5,48,1
-31,19,1
-39,22,1
-23,-12,1
-36,10,1
26,-16,1
38,-8,1
9,-43,1
32,34,1
2,-25,1
-7,-24,1
-2,-45,1
13,-30,1
25,43,1
-34,-20,1
-38,12,1
-3,-31,1
-20,36,1
-26,22,1
1,-48,1
-24,-18,1
35,2,1
-10,42,1
5,-39,1
-37,21,1
3,39,1
44,22,1
-15,37,1
-32,29,1
-4,-28,1
-24,8,1
28,15,1
32,9,1
-15,-22,1
-14,-33,1
17,-37,1
-20,-40,1
-29,-11,1
11,40,1
1,-31,1
38,6,1
-10,-25,1
0,25,1
35,-19,1
-26,39,1
-4,30,1
24,35,1
0,-47,1
18,-40,1
6,-33,1
-25,-15,1
-31,-4,1
-6,39,1
-44,19,1
-32,29,1
-39,26,1
24,-13,1
-39,-8,1
-24,-43,1
37,-8,1
-3,45,1
-12,-37,1
-19,43,1
-43,-25,1
25,18,1
-5,30,1
25,-16,1
38,0,1
-30,-10,1
10,35,1
-5,39,1
-34,-14,1
-5,28,1
-39,12,1
-15,47,1
13,38,1
-35,32,1
-9,-33,1
2,-44,1
-26,-21,1
-8,-40,1
20,-20,1
41,-7,1
-16,32,1
-35,18,1
44,-7,1
-34,-21,1
-25,1,1
10,29,1
36,-8,1
4,43,1
49,-3,1
8,-36,1
-36,1,1
0,50,1
-30,10,1
-23,37,1
46,-15,1
-22,-21,1
-49,-3,1
-15,-46,1
-14,42,1
20,-25,1
-22,-32,1
6,36,1
-4,-29,1
-29,31,1
-15,-35,1
32,-29,1
-8,32,1
31,21,1
17,-42,1
1,-36,1
27,-23,1
41,21,1
26,-11,1
-1,26,1
20,-33,1
-36,-13,1
-29,-39,1
30,-37,1
-24,26,1
-20,44,1
12,-47,1
21,-28,1
47,15,1
-4,38,1
-47,-6,1
10,-27,1
3,-42,1
28,-18,1
-14,29,1
-16,-22,1
-23,12,1
30,37,1
-14,44,1
40,16,1
-7,-45,1
35,35,1
16,-26,1
-23,43,1
-23,-35,1
32,-23,1
19,20,1
-8,39,1
16,32,1
-25,-19,1
33,-15,1
17,-38,1
-29,-25,1
-24,-33,1
16,-34,1
-33,3,1
35,28,1
45,-8,1
-20,-43,1
14,-32,1
-41,-26,1
36,11,1
-15,-24,1
-12,-24,1
48,9,1
15,-24,1
2,-40,1
42,17,1
-44,-20,1
1,-36,1
32,25,1
39,26,1
-15,-29,1
46,10,1
-2,-47,1
-33,35,1
-5,-33,1
30,24,1
30,-34,1
-11,32,1
-12,29,1
-44,-3,1
25,-20,1
-24,14,1
-40,-6,1
2,31,1
-40,25,1
-43,7,1
16,41,1
40,8,1
-27,-37,1
30,-12,1
-47,-1,1
33,-27,1
35,24,1
-25,-27,1
-40,-12,1
-36,22,1
15,-34,1
20,-36,1
20,35,1
-28,33,1
-19,-27,1
6,37,1
24,-24,1
-31,-13,1
-35,-32,1
-11,-45,1
-13,40,1
-40,-18,1
-31,-17,1
22,42,1
-25,42,1
-24,19,1
17,29,1
44,6,1
26,12,1
-38,15,1
-43,17,1
26,13,1
-11,43,1
-39,-24,1
-14,-23,1
-30,19,1
-16,-40,1
-8,-25,1
-4,28,1
27,26,1
41,-3,1
-11,-41,1
-23,-18,1
-48,12,1
16,-22,1
-21,30,1
-22,39,1
-34,-31,1
-22,42,1
-27,4,1
20,-21,1
201,-115,0
-65,216,0
-139,205,0
-106,221,0
194,-139,0
86,213,0
169,178,0
61,-224,0
-207,112,0
145,186,0
57,235,0
-179,-139,0
-123,216,0
120,200,0
-228,-54,0
6,-244,0
-46,237,0
141,-181,0
102,-213,0
101,216,0
-127,208,0
169,169,0
237,16,0
-239,34,0
50,-236,0
198,-132,0
-219,-54,0
20,244,0
-134,190,0
-88,-219,0
-222,-78,0
231,81,0
-216,-85,0
134,-194,0
-225,70,0
232,36,0
-58,-234,0
-180,168,0
21,-249,0
42,243,0
236,-74,0
-47,-237,0
182,154,0
149,-181,0
124,193,0
-223,-87,0
235,43,0
-70,-226,0
-202,-116,0
58,241,0
90,-221,0
234,18,0
58,221,0
243,56,0
85,-230,0
230,-77,0
196,132,0
-139,-180,0
169,173,0
208,-97,0
183,142,0
-236,-4,0
-158,-181,0
205,136,0
88,209,0
78,-219,0
-146,-182,0
116,-193,0
-90,214,0
-102,207,0
143,187,0
-162,160,0
-53,-244,0
-238,-51,0
-230,-30,0
101,-202,0
-88,-217,0
173,-147,0
77,-229,0
-89,-221,0
-123,-190,0
-5,-247,0
239,-19,0
-55,234,0
214,74,0
-99,-223,0
168,-173,0
163,162,0
149,-191,0
16,245,0
118,-219,0
-197,109,0
241,-1,0
-221,105,0
-7,249,0
21,-225,0
-179,168,0
168,172,0
-164,-160,0
-109,-212,0
-33,-232,0
117,210,0
-210,119,0
-9,247,0
-180,173,0
158,-165,0
31,-239,0
174,146,0
-219,-79,0
-91,-230,0
-89,-225,0
-241,-20,0
-117,-200,0
213,-88,0
214,-115,0
217,115,0
221,82,0
-222,69,0
-162,173,0
10,-226,0
-155,189,0
-156,192,0
-166,-177,0
-196,-116,0
97,228,0
-206,118,0
152,194,0
23,-225,0
40,246,0
189,130,0
-229,-46,0
-43,-240,0
-171,178,0
-97,-215,0
-88,-228,0
87,-217,0
0,-226,0
215,-122,0
29,-237,0
-152,179,0
55,236,0
53,-224,0
-118,194,0
-222,-69,0
-35,237,0
160,191,0
27,238,0
241,-61,0
-190,-121,0
88,-234,0
165,168,0
115,-220,0
190,137,0
-176,173,0
243,-33,0
221,90,0
17,-245,0
86,-217,0
-153,-169,0
-228,-46,0
61,-221,0
-12,229,0
240,-60,0
240,-5,0
-173,-160,0
-68,-234,0
28,245,0
-33,241,0
-224,97,0
62,222,0
215,85,0
-81,219,0
129,-204,0
-67,229,0
-106,206,0
-152,167,0
201,-134,0
67,-220,0
-238,12,0
200,114,0
94,-217,0
168,-170,0
42,233,0
-191,142,0
181,-147,0
-231,69,0
245,49,0
-232,49,0
-217,64,0
130,-195,0
92,222,0
239,21,0
-193,134,0
167,161,0
-227,-36,0
-246,-38,0
-21,-249,0
132,200,0
-36,242,0
-144,178,0
45,226,0
-77,212,0
-215,116,0
-202,142,0
-225,93,0
212,85,0
-142,176,0
179,148,0
226,-3,0
225,14,0
232,-65,0
-156,-175,0
-116,-197,0
-210,134,0
11,-226,0
-122,-204,0
235,-36,0
14,-239,0
-236,46,0
158,-190,0
-235,34,0
208,-123,0
39,230,0
-74,-229,0
-179,-164,0
-160,-180,0
-97,-206,0
-47,-241,0
197,-119,0
-127,196,0
-23,240,0
-200,126,0
190,130,0
-201,-123,0
217,-79,0
45,226,0
-227,-39,0
-219,119,0
-242,31,0
-231,-37,0
-164,160,0
-27,-235,0
-222,-73,0
-192,-131,0
210,118,0
-77,-221,0
-202,123,0
93,211,0
-72,-234,0
-242,14,0
-3,241,0
124,-205,0
-81,227,0
-19,-248,0
-205,-124,0
-121,-203,0
-208,127,0
132,201,0
-218,-86,0
47,-235,0
174,169,0
-222,-99,0
-95,222,0
155,-192,0
227,12,0
141,-205,0
233,29,0
119,-208,0
179,148,0
219,60,0
-190,153,0
240,46,0
156,-171,0
111,213,0
-14,227,0
-208,124,0
158,-162,0
-234,-27,0
176,-161,0
210,-110,0
12,242,0
-116,-200,0
-176,160,0
158,-176,0
136,-181,0
-71,-224,0
-65,-228,0
-227,66,0
-81,-217,0
-210,-91,0
-46,231,0
141,193,0
207,140,0
209,-86,0
131,184,0
153,185,0
217,122,0
-164,164,0
-122,197,0
-215,102,0
-171,159,0
-235,79,0
21,-245,0
29,239,0
64,-234,0
19,233,0
203,-108,0
26,-248,0
-103,-212,0
-104,207,0
175,145,0
234,5,0
33,233,0
227,-32,0
-124,189,0
-74,237,0
-133,-210,0
112,213,0
53,-225,0
-89,215,0
-236,-5,0
-109,-224,0
148,-197,0
20,-249,0
-228,81,0
229,-80,0
93,209,0
-7,226,0
137,-194,0
-17,-237,0
150,179,0
190,146,0
225,-23,0
-73,-233,0
-3,-240,0
-17,249,0
173,-177,0
-99,-225,0
-30,228,0
219,-95,0
178,-148,0
-246,-5,0
236,47,0
204,131,0
-238,-29,0
70,226,0
151,-196,0
-227,75,0
-146,-181,0
-225,-29,0
-16,237,0
235,59,0
-176,174,0
201,-112,0
162,160,0
-221,57,0
57,226,0
-209,89,0
233,28,0
-157,-172,0
204,139,0
-151,168,0
134,-204,0
-141,189,0
-91,-208,0
-3,229,0
-36,226,0
-245,-24,0
-196,-151,0
234,62,0
-198,-112,0
132,204,0
-186,-133,0
193,-129,0
-234,62,0
-220,51,0
-188,142,0
-101,208,0
239,-55,0
-24,-230,0
-217,-68,0
-23,232,0
-196,150,0
178,-175,0
94,-231,0
225,91,0
55,240,0
193,-148,0
233,-39,0
-18,-246,0
72,237,0
126,204,0
-25,-225,0
118,196,0
79,-228,0
-230,-35,0
161,165,0
-204,135,0
-89,-232,0
226,-53,0
229,26,0
46,-221,0
232,34,0
103,-203,0
-226,-46,0
-13,-229,0
-32,231,0
-16,239,0
-227,-39,0
-23,241,0
-41,-225,0
194,155,0
54,237,0
205,106,0
131,-198,0
-97,-220,0
-125,192,0
166,-153,0
249,0,0
-208,-107,0
-79,221,0
-209,86,0
225,77,0
235,33,0
184,137,0
191,157,0
-28,237,0
-87,-218,0
-156,-191,0
179,-152,0
76,233,0
177,173,0
79,220,0
103,205,0
39,-238,0
223,44,0
-193,138,0
247,-25,0
144,-200,0
-196,152,0
-125,-194,0
-223,45,0
41,-234,0
-8,-231,0
-203,-103,0
-35,228,0
-38,232,0
118,197,0
229,-50,0
117,209,0
110,203,0
13,225,0
-181,135,0
229,6,0
219,-61,0
131,200,0
-88,-210,0
-193,-156,0
24,-245,0
-163,-160,0
235,16,0
-139,203,0
217,-75,0
239,-41,0
131,-193,0
206,140,0
-236,-56,0
244,6,0
57,234,0
-176,155,0
-63,216,0
-187,-127,0
-231,8,0
218,-90,0
87,226,0
6,-247,0
163,-165,0
204,111,0
-215,82,0
31,241,0
110,222,0
152,171,0
-181,-138,0
70,-229,0
232,23,0
229,75,0
95,-215,0
-203,-123,0
145,196,0
62,-227,0
-151,-171,0
-245,-16,0
-229,-73,0
230,28,0
-230,72,0
-203,-106,0
216,-82,0
-209,106,0
-216,97,0
229,95,0
