25,15,1
41,-22,1
19,30,1
-42,20,1
-36,1,1
-20,25,1
26,35,1
31,-28,1
3,47,1
46,-5,1
9,26,1
1,35,1
41,-13,1
24,-26,1
-19,38,1
-27,-4,1
34,-11,1
-23,10,1
-48,5,1
-21,-45,1
-18,35,1
13,39,1
11,44,1
37,-27,1
20,45,1
-7,-27,1
-38,13,1
17,35,1
-20,45,1
20,42,1
-8,28,1
-40,-21,1
20,-34,1
2,34,1
-14,31,1
-11,44,1
-44,-14,1
-28,0,1
-13,-29,1
-45,11,1
44,-18,1
38,30,1
12,-39,1
26,34,1
-34,11,1
31,17,1
-18,-45,1
44,11,1
27,-7,1
-36,-5,1
16,-34,1
-4,-46,1
-30,16,1
13,-27,1
16,-41,1
7,-34,1
33,5,1
-28,-15,1
-32,-11,1
36,-21,1
25,15,1
32,30,1
-18,-28,1
5,41,1
31,-16,1
-44,-14,1
4,31,1
-5,-46,1
-24,41,1
29,8,1
-31,31,1
27,3,1
-14,-32,1
25,23,1
14,48,1
-20,-18,1
46,0,1
-8,-40,1
-14,24,1
-40,11,1
-6,-43,1
42,11,1
24,-41,1
-1,35,1
39,6,1
17,-32,1
-21,-25,1
-2,40,1
-12,42,1
-17,42,1
2,44,1
-42,25,1
33,35,1
24,-25,1
35,21,1
37,20,1
-47,-3,1
0,-44,1
-17,35,1
-15,-27,1
37,-24,1
30,-18,1
24,-28,1
37,8,1
-44,3,1
-21,-36,1
38,31,1
-24,39,1
11,35,1
19,28,1
-26,1,1
-4,-25,1
-23,23,1
42,-16,1
43,5,1
24,18,1
27,-15,1
-21,-31,1
-19,31,1
-37,-25,1
-22,23,1
-22,40,1
34,2,1
-38,31,1
-28,-4,1
-38,3,1
-5,-46,1
-37,-21,1
-17,-24,1
31,-2,1
-41,26,1
-30,-4,1
-19,32,1
12,28,1
25,40,1
-28,-11,1
-15,34,1
-23,17,1
46,15,1
-29,-32,1
-27,18,1
14,-35,1
-41,21,1
-27,-29,1
8,-42,1
-13,38,1
8,45,1
-18,40,1
30,16,1
-6,-35,1
42,25,1
-41,-6,1
34,-33,1
38,32,1
16,-47,1
-6,37,1
-39,-8,1
40,7,1
-27,38,1
14,25,1
-30,-19,1
-40,27,1
10,-33,1
8,-34,1
-27,-34,1
19,-29,1
-14,30,1
5,37,1
-14,22,1
43,-14,1
-41,-17,1
44,-10,1
30,32,1
31,24,1
7,25,1
22,38,1
-35,-5,1
20,32,1
-48,-5,1
25,-14,1
28,-40,1
-33,23,1
-11,35,1
23,-26,1
-42,-21,1
-14,-39,1
-26,21,1
16,46,1
-42,20,1
-31,5,1
-9,49,1
31,24,1
4,34,1
17,-26,1
-27,37,1
-3,-41,1
-24,-34,1
-29,-38,1
26,7,1
19,-28,1
-6,-37,1
-45,-10,1
6,-41,1
-46,-12,1
-32,3,1
-30,3,1
-22,16,1
-19,23,1
-38,26,1
18,31,1
9,-29,1
29,22,1
48,-2,1
31,-22,1
13,42,1
6,42,1
-24,-27,1
-26,-3,1
0,30,1
-32,24,1
-32,-7,1
11,39,1
32,-34,1
-9,-31,1
-50,0,1
24,7,1
33,34,1
8,48,1
46,15,1
-32,-13,1
27,36,1
22,-31,1
-23,32,1
-12,24,1
1,44,1
43,21,1
18,-39,1
-9,47,1
24,31,1
33,-21,1
-42,14,1
2,30,1
-31,28,1
0,30,1
13,-46,1
-47,7,1
40,7,1
34,-33,1
-30,3,1
45,-15,1
-40,-8,1
9,-35,1
-30,-2,1
-1,43,1
-48,-4,1
25,28,1
31,1,1
-37,28,1
41,21,1
-25,8,1
-47,-7,1
-30,6,1
27,-36,1
-25,-21,1
-14,-27,1
33,12,1
-20,-34,1
-39,18,1
-23,-23,1
-42,21,1
-2,-44,1
34,0,1
-44,14,1
4,-43,1
-13,36,1
27,12,1
-36,21,1
-44,8,1
-27,-33,1
-19,32,1
-1,-33,1
-35,12,1
-25,-36,1
-21,20,1
-11,-45,1
21,-21,1
40,12,1
-42,13,1
26,-40,1
13,22,1
32,27,1
-19,-35,1
-34,25,1
-26,-35,1
-38,21,1
11,-26,1
0,-31,1
-32,5,1
-41,-7,1
-27,-18,1
-17,36,1
27,-15,1
-7,30,1
20,38,1
1,-46,1
33,-3,1
-20,28,1
6,28,1
-33,-1,1
31,8,1
-34,-36,1
-17,-46,1
-36,12,1
-38,1,1
10,-39,1
25,0,1
39,0,1
-32,15,1
32,31,1
22,31,1
6,-30,1
2,35,1
-34,19,1
24,10,1
-36,34,1
-41,2,1
-6,39,1
4,46,1
30,19,1
-14,43,1
-24,19,1
-35,-25,1
-17,38,1
21,-45,1
-38,13,1
18,26,1
32,23,1
47,-10,1
35,-2,1
-23,-36,1
24,-24,1
34,18,1
-36,-14,1
22,-25,1
-2,-27,1
-35,19,1
-23,26,1
38,-1,1
-46,-14,1
33,-30,1
29,-15,1
18,36,1
36,-17,1
-35,33,1
-46,1,1
12,38,1
36,13,1
-6,-32,1
40,-9,1
21,15,1
-16,-34,1
-30,-34,1
-23,41,1
0,39,1
26,-7,1
15,27,1
-23,-44,1
-23,-40,1
-30,1,1
35,-14,1
-40,-4,1
-21,-36,1
-25,28,1
-18,-24,1
15,-22,1
38,-21,1
42,-22,1
28,-35,1
-23,36,1
-24,-18,1
-37,32,1
6,26,1
-2,47,1
-8,42,1
17,-19,1
-16,28,1
-29,-19,1
21,-42,1
3,-28,1
-18,-38,1
36,12,1
37,-11,1
18,-18,1
30,36,1
30,-25,1
-2,-49,1
-17,-47,1
26,-35,1
-9,-25,1
-28,17,1
12,-48,1
-32,-18,1
25,29,1
9,-28,1
-13,44,1
-13,-40,1
-42,16,1
35,-5,1
-40,-1,1
38,-24,1
36,-27,1
-45,17,1
21,37,1
11,31,1
42,-10,1
-27,13,1
17,43,1
-13,-26,1
26,11,1
17,35,1
14,24,1
37,-20,1
42,8,1
-29,1,1
-22,-43,1
-30,-27,1
-20,32,1
-40,-4,1
4,27,1
30,6,1
19,42,1
-40,-30,1
26,28,1
46,4,1
14,42,1
-24,10,1
7,38,1
16,23,1
-47,-11,1
14,-42,1
-41,-4,1
-27,1,1
14,-33,1
45,3,1
34,33,1
31,-10,1
47,-4,1
-38,-17,1
33,-35,1
-36,32,1
42,-6,1
18,-36,1
38,-7,1
28,36,1
-7,25,1
-22,33,1
-48,-6,1
-42,2,1
45,1,1
-45,-14,1
-24,27,1
7,-28,1
4,-25,1
-25,37,1
-17,34,1
19,-31,1
45,18,1
41,17,1
36,-22,1
9,-45,1
15,-41,1
-17,38,1
-39,1,1
39,-20,1
31,-12,1
4,32,1
-28,39,1
-31,15,1
28,-17,1
-44,-1,1
-25,21,1
9,27,1
-32,16,1
-22,22,1
35,32,1
-27,6,1
29,25,1
34,-9,1
5,-39,1
33,17,1
-5,-34,1
24,-27,1
19,-38,1
29,12,1
-13,24,1
-19,-23,1
-9,-27,1
16,-37,1
19,-42,1
18,-44,1
-1,-235,0
54,-216,0
-87,-204,0
-239,-17,0
-229,-6,0
-221,10,0
-112,-211,0
36,231,0
-193,-130,0
-158,-171,0
-145,-174,0
225,-44,0
80,-223,0
227,-70,0
212,-60,0
-165,-139,0
-100,204,0
-224,-33,0
-31,-237,0
-15,-238,0
227,42,0
-238,-2,0
-101,-199,0
181,142,0
-176,131,0
-110,-205,0
-236,13,0
131,171,0
157,-181,0
47,230,0
178,129,0
-198,127,0
-182,-156,0
-233,-22,0
67,-229,0
-71,-213,0
-220,65,0
-176,-156,0
-212,79,0
117,199,0
12,-225,0
-136,190,0
-126,-182,0
-182,-119,0
-92,-217,0
-200,-88,0
215,-66,0
-19,229,0
-215,-81,0
-46,235,0
180,-153,0
59,-228,0
-141,-189,0
53,232,0
195,114,0
-149,161,0
210,-72,0
230,-20,0
-94,216,0
118,182,0
-6,236,0
170,149,0
-214,-100,0
-209,102,0
-141,191,0
158,-172,0
215,57,0
-228,60,0
182,-124,0
-116,-185,0
-183,-153,0
-162,-174,0
112,195,0
202,110,0
-209,80,0
231,-19,0
208,-84,0
60,225,0
-227,15,0
55,-208,0
-10,-228,0
218,17,0
-202,-93,0
-211,-102,0
183,-133,0
41,215,0
-14,234,0
175,127,0
130,187,0
-61,-213,0
208,-56,0
-86,219,0
-9,221,0
219,78,0
-129,-181,0
-15,216,0
220,-41,0
-109,194,0
84,-212,0
-70,-204,0
-233,21,0
-215,-6,0
-113,194,0
48,221,0
-229,-42,0
-178,123,0
-151,-165,0
91,214,0
-138,188,0
-75,212,0
-169,169,0
222,18,0
61,-225,0
-150,184,0
-210,113,0
214,-92,0
101,-197,0
207,-98,0
169,155,0
205,83,0
-135,192,0
92,-207,0
-158,163,0
67,213,0
153,181,0
89,-201,0
-231,44,0
-228,-53,0
155,-172,0
54,-222,0
25,233,0
-56,-224,0
-40,-226,0
-182,-152,0
56,213,0
187,-122,0
-219,35,0
-216,38,0
-150,-175,0
-119,184,0
163,156,0
-214,75,0
51,-225,0
210,-51,0
-200,83,0
138,-177,0
203,73,0
-221,-78,0
128,-190,0
45,224,0
-18,224,0
-111,207,0
-218,-93,0
100,210,0
-195,139,0
-140,188,0
-171,-139,0
178,128,0
-217,-2,0
218,-82,0
-104,-189,0
-32,-231,0
98,-206,0
94,198,0
64,223,0
220,-60,0
-23,233,0
159,-170,0
236,-5,0
132,192,0
140,166,0
-80,-225,0
-107,200,0
-18,234,0
83,206,0
-51,-221,0
113,-189,0
-175,-157,0
-178,127,0
-207,-118,0
-121,196,0
-29,-223,0
37,237,0
-209,94,0
165,-158,0
211,-110,0
-38,-212,0
6,222,0
-97,-202,0
221,-65,0
30,-228,0
196,-91,0
33,-216,0
-227,55,0
118,-207,0
-63,222,0
-146,-158,0
135,-179,0
61,219,0
207,86,0
-104,-194,0
-162,165,0
-17,219,0
0,223,0
138,-187,0
152,170,0
78,-217,0
-58,212,0
5,224,0
42,-211,0
-67,-210,0
-180,152,0
-33,236,0
-62,224,0
-191,-141,0
232,-8,0
216,-97,0
88,-204,0
228,3,0
-216,-91,0
-129,192,0
-232,36,0
203,97,0
177,132,0
159,-173,0
106,189,0
48,235,0
215,-65,0
50,-215,0
-172,-162,0
216,20,0
-79,-215,0
-211,-100,0
221,12,0
-159,159,0
96,-196,0
207,-92,0
211,-88,0
-206,76,0
9,-234,0
-120,199,0
-164,-164,0
147,-183,0
192,-115,0
121,185,0
63,-217,0
-229,2,0
178,137,0
139,-183,0
235,38,0
-191,-144,0
-227,-41,0
-237,-18,0
-220,17,0
-66,227,0
-183,113,0
-147,-174,0
210,74,0
-108,207,0
11,-220,0
112,-194,0
-222,45,0
-233,47,0
-230,41,0
-156,-159,0
-200,96,0
-82,207,0
-207,119,0
-221,-15,0
-217,90,0
-115,-197,0
181,151,0
-237,15,0
-14,-222,0
-121,180,0
-184,131,0
-47,222,0
-212,-108,0
22,-234,0
130,-179,0
-228,24,0
210,66,0
209,-72,0
170,133,0
171,160,0
207,-110,0
-31,221,0
220,-93,0
-66,-208,0
-234,24,0
-174,-164,0
-202,92,0
196,90,0
-182,144,0
-225,2,0
-210,74,0
76,208,0
62,226,0
164,-143,0
160,-165,0
172,152,0
117,-193,0
-101,-209,0
-1,-218,0
31,-227,0
37,215,0
-210,-102,0
-123,-181,0
-70,-215,0
212,78,0
196,-111,0
222,-22,0
212,37,0
-77,214,0
-218,83,0
174,157,0
-206,-107,0
-221,-56,0
-98,-217,0
-10,-229,0
-235,9,0
-70,229,0
207,61,0
217,89,0
-207,109,0
-188,143,0
194,104,0
42,-229,0
-177,127,0
123,178,0
235,13,0
34,-223,0
207,-86,0
211,-45,0
-48,-213,0
-149,172,0
-18,239,0
3,-239,0
31,-234,0
177,-145,0
-128,-191,0
210,99,0
211,86,0
112,208,0
-69,-207,0
32,222,0
49,-211,0
233,30,0
-111,-207,0
56,-208,0
-209,-89,0
-163,170,0
-221,-27,0
122,197,0
223,-6,0
216,63,0
86,198,0
199,82,0
126,189,0
215,27,0
218,-32,0
228,-40,0
-218,71,0
204,-126,0
205,93,0
10,-233,0
218,-86,0
216,63,0
44,232,0
55,-225,0
-60,-220,0
228,-17,0
-188,128,0
210,109,0
190,130,0
-39,217,0
178,-121,0
55,-221,0
71,206,0
132,171,0
217,6,0
-200,129,0
48,-222,0
-118,-187,0
179,140,0
-58,-223,0
69,-210,0
-213,57,0
230,55,0
-101,-209,0
86,-208,0
-171,148,0
-209,-55,0
-214,40,0
185,-112,0
-188,-112,0
-113,-186,0
210,58,0
229,-9,0
190,-145,0
38,-216,0
-202,94,0
205,-68,0
182,-147,0
-211,110,0
210,-66,0
-225,-74,0
113,201,0
-231,19,0
-114,-202,0
-223,-46,0
43,225,0
-171,155,0
166,-142,0
-224,-24,0
-222,45,0
82,218,0
-132,-184,0
-65,208,0
194,-120,0
66,214,0
166,171,0
78,212,0
-130,196,0
-134,188,0
-189,147,0
-207,85,0
58,-228,0
0,-218,0
184,137,0
218,55,0
-1,-231,0
-107,207,0
79,-221,0
-49,-233,0
-191,-117,0
-216,-45,0
143,-168,0
-16,-239,0
-226,-19,0
-179,-142,0
187,117,0
-198,-91,0
153,-163,0
104,199,0
-225,74,0
225,67,0
103,-197,0
-105,201,0
69,226,0
154,157,0
64,-208,0
182,-130,0
201,90,0
7,226,0
33,-218,0
-154,-184,0
15,236,0
-57,-232,0
185,132,0
-155,181,0
16,231,0
116,202,0
223,-75,0
-158,-177,0
-207,-71,0
-81,-211,0
187,126,0
-194,135,0
-144,188,0
216,15,0
-117,-209,0
9,227,0
-40,225,0
-131,198,0
-179,-121,0
-8,236,0
184,146,0
-218,-30,0
223,-9,0
210,-111,0
-117,194,0
-86,206,0
145,-174,0
-21,-227,0
-102,216,0
210,57,0
-12,-238,0
63,220,0
-90,-217,0
-164,148,0
-76,-223,0
-202,-95,0
-104,-209,0
-77,-227,0
189,-134,0
199,109,0
-11,-235,0
-216,54,0
159,-172,0
