-29,-32,1
-45,20,1
-48,-4,1
38,22,1
29,-35,1
9,-31,1
28,-14,1
-15,-27,1
-11,-31,1
-11,-39,1
-34,24,1
-33,22,1
48,-5,1
-33,-6,1
13,-35,1
-36,33,1
30,34,1
36,-4,1
36,17,1
31,32,1
26,-20,1
-36,23,1
16,41,1
30,28,1
5,-41,1
25,40,1
-44,6,1
-30,-19,1
-34,-4,1
44,-5,1
29,14,1
22,-36,1
17,-20,1
22,-15,1
-35,-24,1
-10,43,1
8,-40,1
-28,20,1
-31,11,1
23,-33,1
-15,-33,1
11,32,1
32,37,1
43,-22,1
-22,-34,1
8,41,1
27,-14,1
-9,-28,1
-20,36,1
-40,-23,1
28,38,1
-32,-32,1
24,-22,1
-19,-32,1
23,38,1
-37,27,1
-28,-32,1
28,-33,1
-44,-17,1
-35,-24,1
19,21,1
-32,-23,1
-27,26,1
25,27,1
11,41,1
-29,2,1
-37,10,1
-33,12,1
-34,-19,1
13,31,1
-19,46,1
19,28,1
25,22,1
37,-22,1
-22,-24,1
42,3,1
33,-10,1
-27,2,1
-41,-20,1
44,3,1
7,26,1
-2,35,1
-3,41,1
26,21,1
-39,9,1
-45,17,1
-25,3,1
29,14,1
-18,45,1
24,-33,1
-17,31,1
-27,9,1
24,-38,1
-40,-21,1
17,45,1
25,-4,1
-28,6,1
2,-33,1
-46,-11,1
-33,-8,1
0,43,1
-17,-46,1
-27,-31,1
-22,15,1
15,-29,1
37,-13,1
-12,45,1
-35,-7,1
30,-27,1
-37,-19,1
27,-38,1
-22,30,1
-38,-23,1
-17,-47,1
24,30,1
20,-18,1
-11,-30,1
15,-40,1
44,2,1
24,-33,1
-42,6,1
-27,11,1
-23,-13,1
-7,-35,1
-29,-1,1
-9,-43,1
-39,-8,1
-21,-17,1
49,8,1
14,-32,1
43,-11,1
17,20,1
-8,-32,1
-12,36,1
29,-13,1
-40,7,1
24,38,1
1,36,1
-46,-14,1
11,32,1
-2,30,1
20,38,1
30,7,1
-27,-6,1
23,-17,1
-33,-35,1
-20,19,1
-4,45,1
-15,38,1
6,-48,1
-23,34,1
-11,24,1
8,38,1
-25,43,1
14,44,1
29,-20,1
-42,-12,1
-40,-27,1
-37,-31,1
-16,23,1
45,-15,1
49,6,1
48,0,1
-32,-35,1
-47,17,1
-46,-3,1
15,34,1
10,-26,1
33,18,1
36,-12,1
-9,-29,1
-33,19,1
-48,-8,1
-4,48,1
41,26,1
28,31,1
-37,10,1
-34,-24,1
38,-8,1
-6,48,1
37,-33,1
-25,25,1
13,-45,1
-36,-14,1
-27,22,1
-30,39,1
-33,-13,1
-12,35,1
-26,-4,1
-20,20,1
-37,-3,1
6,-37,1
-25,-11,1
-40,-21,1
-13,26,1
-8,38,1
18,-33,1
44,-19,1
-9,-37,1
-39,1,1
-40,13,1
11,-31,1
6,42,1
4,-38,1
-42,13,1
-18,28,1
41,7,1
-32,-36,1
-6,28,1
-12,-36,1
20,37,1
15,-29,1
-28,35,1
17,42,1
38,-9,1
-38,-1,1
-19,20,1
22,-37,1
15,21,1
-37,12,1
-26,-11,1
25,24,1
34,-12,1
28,-24,1
-4,-34,1
5,-49,1
19,-20,1
21,-44,1
11,28,1
28,34,1
13,-47,1
10,-35,1
32,-10,1
-24,-24,1
-40,27,1
-29,5,1
37,-17,1
-14,-44,1
-17,43,1
-43,22,1
31,33,1
22,22,1
44,1,1
-6,44,1
41,19,1
-5,25,1
25,-41,1
9,-34,1
-31,9,1
27,-36,1
45,-8,1
47,-16,1
-38,-13,1
29,7,1
-20,15,1
-7,39,1
20,-20,1
11,30,1
-30,39,1
32,-32,1
-40,20,1
-43,13,1
21,40,1
-47,5,1
-20,39,1
33,8,1
23,-19,1
26,28,1
-36,-30,1
9,25,1
37,0,1
31,-14,1
-8,-35,1
11,-46,1
30,-4,1
26,26,1
-31,-28,1
-32,27,1
-33,-3,1
24,21,1
15,31,1
13,38,1
36,-21,1
-15,47,1
-34,-1,1
20,-39,1
14,38,1
19,33,1
13,28,1
40,28,1
-28,6,1
30,17,1
-27,-34,1
9,30,1
31,28,1
-24,-20,1
-32,29,1
11,-28,1
-21,34,1
-27,-35,1
29,-16,1
-7,-47,1
30,-13,1
42,16,1
46,-6,1
-5,30,1
25,20,1
-15,-31,1
-28,37,1
4,-49,1
-28,-29,1
6,37,1
32,10,1
6,-43,1
20,39,1
28,-6,1
22,36,1
-40,-13,1
15,-47,1
1,33,1
37,-19,1
32,-17,1
8,-28,1
-37,20,1
14,-47,1
32,17,1
-25,-12,1
37,22,1
16,24,1
-45,16,1
-48,0,1
4,-44,1
10,-24,1
27,32,1
15,-24,1
36,33,1
-32,17,1
44,12,1
-30,5,1
2,42,1
-3,-34,1
17,-33,1
-12,36,1
-40,-5,1
7,-25,1
13,35,1
22,-30,1
-28,37,1
7,31,1
34,-1,1
-37,-3,1
26,15,1
34,-17,1
-26,21,1
38,-24,1
-28,-38,1
-29,-33,1
9,27,1
7,43,1
30,-33,1
46,5,1
-18,46,1
30,-30,1
47,2,1
-23,-28,1
18,25,1
-32,11,1
-34,-31,1
3,34,1
-17,-32,1
18,26,1
4,-38,1
23,-30,1
25,32,1
-25,-3,1
-13,-24,1
-24,-34,1
-47,16,1
-25,-34,1
-37,26,1
-2,-25,1
-27,-19,1
30,-13,1
49,4,1
9,-48,1
-31,27,1
37,24,1
-49,-6,1
22,-38,1
17,23,1
-3,29,1
-26,-19,1
-18,39,1
-14,-34,1
-19,30,1
30,1,1
-14,-23,1
-20,-44,1
37,-3,1
40,28,1
-25,1,1
26,-9,1
41,25,1
1,-33,1
5,38,1
42,12,1
23,41,1
-29,-33,1
14,45,1
-13,31,1
40,16,1
5,-27,1
21,-27,1
-20,43,1
15,-36,1
20,-44,1
28,7,1
-33,30,1
35,-28,1
-33,14,1
-14,-22,1
-43,-24,1
29,-39,1
-7,29,1
-7,39,1
-31,21,1
-26,34,1
-12,45,1
-16,26,1
40,-4,1
2,-29,1
47,-17,1
-21,-38,1
28,24,1
24,-38,1
15,30,1
32,-3,1
-27,0,1
27,-32,1
-20,-41,1
36,12,1
31,28,1
-31,-3,1
26,-17,1
5,37,1
-41,19,1
43,-25,1
-23,25,1
21,-15,1
-39,-3,1
-28,14,1
-45,-4,1
-26,-12,1
-27,16,1
-21,37,1
0,-40,1
-48,-6,1
-15,38,1
38,-30,1
26,-24,1
36,15,1
37,-20,1
39,1,1
34,-1,1
5,-30,1
25,-30,1
41,3,1
31,-28,1
12,36,1
-34,3,1
11,-48,1
-10,-30,1
-43,-6,1
-13,22,1
11,-36,1
21,43,1
-20,-20,1
37,-29,1
-30,6,1
-34,-30,1
-8,-49,1
9,30,1
-43,-12,1
-18,-24,1
-15,-40,1
-2,35,1
-29,1,1
-15,40,1
-28,-32,1
-13,30,1
9,24,1
-7,-48,1
-12,35,1
-23,-29,1
10,32,1
-15,46,1
-23,24,1
-5,-26,1
20,-44,1
-23,-25,1
-186,-112,0
-168,-148,0
169,-163,0
-213,33,0
-37,221,0
1,-233,0
173,156,0
-64,215,0
173,-130,0
199,98,0
-167,153,0
31,227,0
15,223,0
-101,-193,0
-217,-15,0
217,10,0
179,-127,0
-230,-36,0
203,107,0
229,-45,0
182,125,0
-213,-49,0
221,-90,0
100,-214,0
-51,224,0
-83,-211,0
220,-15,0
-18,227,0
-169,137,0
0,-238,0
162,-169,0
-228,16,0
170,-159,0
-190,-128,0
-232,35,0
202,-109,0
-166,-140,0
-71,-225,0
216,-36,0
-81,210,0
85,-200,0
-221,35,0
-228,-40,0
208,-59,0
-115,208,0
-230,40,0
231,-57,0
-100,212,0
-118,-195,0
183,-136,0
185,150,0
214,-104,0
192,-120,0
-190,-105,0
-153,-181,0
-76,227,0
213,65,0
180,-119,0
159,164,0
165,164,0
148,-185,0
-65,223,0
-158,-161,0
64,218,0
131,172,0
-156,173,0
191,-136,0
-208,-96,0
-154,-167,0
-231,-64,0
-58,222,0
224,-29,0
183,-137,0
126,182,0
123,-186,0
-131,-172,0
104,-212,0
165,-156,0
-170,139,0
52,227,0
-206,83,0
211,-100,0
221,-91,0
145,-162,0
-214,-34,0
-129,193,0
-114,-200,0
-146,-158,0
121,-199,0
225,7,0
-175,148,0
164,166,0
-144,161,0
65,-220,0
235,30,0
65,228,0
-138,173,0
-14,-219,0
202,-96,0
186,149,0
90,-209,0
128,196,0
53,-226,0
235,18,0
-165,138,0
-156,-156,0
57,-221,0
-38,-215,0
209,89,0
-100,207,0
-224,31,0
-159,-166,0
21,215,0
-148,161,0
234,29,0
-168,-157,0
67,-210,0
221,19,0
42,-215,0
134,189,0
237,-2,0
-171,-140,0
-28,-236,0
200,96,0
75,225,0
-189,-129,0
59,230,0
-140,189,0
-200,130,0
-212,99,0
184,-124,0
192,131,0
221,-53,0
-128,186,0
137,172,0
25,-233,0
50,215,0
-215,-25,0
-24,-215,0
31,-215,0
30,-233,0
58,212,0
164,-173,0
74,206,0
-220,-1,0
-54,-218,0
206,67,0
-68,-211,0
-233,-24,0
113,188,0
-189,140,0
229,44,0
-219,43,0
234,19,0
-229,5,0
-169,-156,0
-134,175,0
87,222,0
-167,149,0
165,143,0
71,208,0
202,-86,0
113,189,0
232,-50,0
139,-166,0
-238,-10,0
-232,-47,0
119,200,0
-3,-219,0
104,-203,0
168,-160,0
177,129,0
-207,99,0
-184,119,0
155,-166,0
111,-200,0
-101,207,0
1,236,0
-33,218,0
-235,1,0
-51,-227,0
-152,160,0
220,-37,0
48,218,0
-77,219,0
-10,230,0
23,-220,0
184,-129,0
-233,51,0
-69,-209,0
-154,-164,0
-224,-54,0
95,-219,0
-60,-207,0
54,220,0
-75,-214,0
-147,178,0
90,-203,0
-155,-155,0
189,138,0
-229,28,0
215,-70,0
140,193,0
165,170,0
-116,192,0
155,-180,0
-110,-198,0
-199,-101,0
112,194,0
-37,-214,0
205,118,0
106,207,0
222,-62,0
120,200,0
225,-24,0
-84,-223,0
-186,112,0
217,-48,0
-195,-128,0
167,153,0
212,63,0
-226,-33,0
-30,-226,0
79,-217,0
-3,-215,0
211,-66,0
-66,216,0
-100,194,0
224,61,0
59,212,0
34,228,0
-200,129,0
168,144,0
155,-158,0
46,-228,0
48,213,0
188,143,0
-73,226,0
68,220,0
-212,77,0
18,220,0
194,-110,0
188,131,0
-117,-186,0
198,116,0
-103,-198,0
173,-143,0
-91,-209,0
114,-206,0
198,-132,0
-82,201,0
67,219,0
-146,-169,0
-157,-154,0
143,191,0
215,-104,0
112,-195,0
-4,217,0
-6,217,0
-168,163,0
48,-211,0
-145,169,0
-210,-76,0
229,60,0
125,-182,0
206,121,0
222,70,0
41,223,0
-209,-86,0
182,-135,0
-141,-175,0
-175,150,0
-216,-21,0
-210,93,0
-166,-159,0
62,209,0
-37,228,0
-108,-214,0
200,131,0
230,-63,0
-20,-230,0
-85,-217,0
-89,212,0
65,-226,0
-159,147,0
-127,-180,0
-154,179,0
-198,-103,0
-229,-54,0
-193,132,0
224,84,0
183,-126,0
-68,206,0
223,-86,0
91,-203,0
-37,-214,0
7,-224,0
176,148,0
-28,-216,0
-40,217,0
61,230,0
-217,15,0
-88,219,0
191,-105,0
221,-88,0
212,-36,0
189,124,0
167,168,0
-195,138,0
-46,-225,0
12,231,0
237,-18,0
18,231,0
210,-80,0
63,224,0
-218,-39,0
1,236,0
-164,-172,0
44,-233,0
-158,149,0
236,-22,0
-127,-180,0
-233,-33,0
-168,-155,0
228,-65,0
-140,-177,0
-220,-19,0
-36,216,0
-77,215,0
-230,49,0
-190,-146,0
-208,88,0
-235,25,0
222,-15,0
-162,-177,0
-174,-148,0
-181,-133,0
-228,-31,0
-231,-17,0
-132,-200,0
-79,-212,0
-228,-71,0
43,233,0
112,-193,0
32,220,0
-162,159,0
5,-237,0
42,232,0
177,-159,0
-233,-19,0
76,212,0
233,48,0
-42,-217,0
208,-107,0
152,153,0
217,-45,0
-33,-214,0
-185,143,0
147,169,0
26,-230,0
-217,-62,0
209,98,0
-214,106,0
-154,154,0
-82,-225,0
-135,190,0
68,226,0
64,223,0
215,-79,0
-227,-39,0
2,217,0
221,16,0
129,182,0
-207,81,0
114,185,0
-93,-206,0
133,187,0
155,-176,0
122,-203,0
-216,-101,0
-130,194,0
-128,-186,0
10,233,0
-143,178,0
218,17,0
-218,-95,0
226,59,0
207,101,0
-91,206,0
63,-221,0
232,34,0
-229,-38,0
203,82,0
-215,78,0
146,-165,0
-64,214,0
-124,190,0
36,234,0
-104,205,0
209,89,0
128,199,0
-208,88,0
43,-218,0
-16,229,0
-119,-208,0
-195,117,0
-228,11,0
-4,-215,0
-171,167,0
19,-239,0
142,-184,0
236,11,0
-232,4,0
233,29,0
-184,117,0
222,-77,0
-113,198,0
227,-4,0
223,0,0
-87,-214,0
120,194,0
230,-55,0
121,-184,0
-196,108,0
-181,-146,0
156,-174,0
67,-227,0
222,-61,0
-161,-152,0
-222,-41,0
-21,223,0
33,-223,0
-172,-133,0
-230,59,0
-39,212,0
22,227,0
-219,89,0
-217,-52,0
-227,24,0
161,164,0
-233,-37,0
-92,210,0
191,-113,0
204,104,0
32,216,0
-36,214,0
19,-233,0
-59,-215,0
-215,95,0
150,178,0
27,223,0
209,113,0
96,194,0
-37,-225,0
137,-183,0
87,-206,0
-218,-31,0
-219,-48,0
217,-46,0
203,-126,0
-79,221,0
-189,133,0
143,-187,0
17,236,0
234,-31,0
-200,-102,0
231,43,0
-206,-81,0
-132,-184,0
-212,110,0
-209,-72,0
-129,196,0
-68,-220,0
218,-3,0
226,-76,0
74,-208,0
216,98,0
-134,199,0
227,67,0
-226,44,0
-192,-121,0
103,210,0
-218,-54,0
-136,-173,0
-148,179,0
69,-216,0
-91,197,0
-127,-197,0
-140,176,0
-214,59,0
218,-75,0
231,28,0
-209,116,0
-239,-8,0
-79,-217,0
-119,-182,0
218,-72,0
-62,226,0
-60,-227,0
-159,176,0
