-31,-25,1
25,33,1
-12,41,1
33,22,1
40,18,1
40,-18,1
-34,26,1
-1,-29,1
42,1,1
43,8,1
-31,34,1
-45,8,1
25,23,1
-26,-22,1
0,45,1
-39,16,1
42,-4,1
38,32,1
-9,29,1
-21,34,1
-12,-32,1
23,39,1
26,6,1
41,11,1
37,12,1
28,-38,1
-18,33,1
-40,-2,1
43,21,1
39,-28,1
-31,20,1
10,35,1
-13,-37,1
26,-39,1
29,10,1
-20,-31,1
12,-38,1
-20,-42,1
2,32,1
32,-20,1
-47,-13,1
-30,12,1
-14,44,1
-41,28,1
18,31,1
42,22,1
0,44,1
-37,15,1
44,20,1
-29,22,1
-45,4,1
-34,-35,1
2,-25,1
-21,17,1
20,-20,1
35,14,1
-16,-43,1
-31,-15,1
-12,-35,1
11,-24,1
0,38,1
25,21,1
45,20,1
-41,-24,1
23,12,1
7,-35,1
-7,33,1
34,12,1
1,43,1
-34,-13,1
-27,-4,1
-39,7,1
5,43,1
10,36,1
6,-48,1
46,2,1
-30,21,1
28,7,1
30,-36,1
-6,-38,1
-25,-23,1
34,-26,1
46,-14,1
32,-10,1
-35,-24,1
-46,-9,1
8,-29,1
-26,40,1
-35,26,1
10,-23,1
22,23,1
47,12,1
29,-7,1
6,-29,1
-20,-36,1
-19,26,1
-42,-21,1
-6,30,1
17,-32,1
11,34,1
-40,-30,1
28,-22,1
-40,-18,1
31,26,1
-30,31,1
-26,24,1
35,24,1
-23,-41,1
27,-3,1
49,-3,1
-14,24,1
-43,-9,1
-23,12,1
38,-15,1
-8,-32,1
-6,-39,1
-30,-27,1
-31,15,1
-2,39,1
-22,13,1
-18,-42,1
26,28,1
7,-31,1
-34,4,1
29,-40,1
13,24,1
-45,18,1
9,29,1
11,-28,1
40,-13,1
36,-7,1
8,47,1
-12,38,1
-6,-46,1
13,25,1
42,7,1
35,-9,1
-18,30,1
24,-14,1
-27,13,1
-7,-45,1
5,39,1
-20,-29,1
-45,-6,1
-12,-48,1
-18,43,1
-35,13,1
28,-22,1
1,-49,1
7,-36,1
10,-33,1
21,-18,1
-23,-21,1
9,-37,1
8,26,1
22,-14,1
45,-21,1
-31,-8,1
31,30,1
-41,7,1
-41,-21,1
-16,-32,1
5,-43,1
-27,-38,1
10,35,1
-44,-8,1
35,-24,1
-30,1,1
-5,-40,1
-30,-23,1
-26,-25,1
-11,37,1
49,-9,1
33,16,1
-10,27,1
-26,23,1
32,19,1
-19,19,1
37,-25,1
27,5,1
16,-26,1
35,4,1
39,24,1
-2,-37,1
44,-21,1
7,-36,1
9,-46,1
-47,9,1
-42,-15,1
-13,-33,1
-39,-24,1
-31,19,1
-4,-28,1
22,28,1
21,37,1
7,29,1
21,-19,1
32,-11,1
37,-13,1
36,33,1
-11,27,1
-34,-19,1
46,-5,1
25,10,1
39,-8,1
-41,2,1
-5,40,1
-27,37,1
-14,33,1
47,-4,1
43,25,1
15,-28,1
-15,-36,1
-33,-32,1
37,31,1
34,17,1
-17,42,1
-35,12,1
-39,3,1
23,19,1
-38,-27,1
48,6,1
-7,24,1
-19,-22,1
12,-48,1
34,-12,1
4,-39,1
17,-24,1
-39,20,1
24,-25,1
-9,-49,1
-42,23,1
0,-47,1
-44,-8,1
-12,-35,1
-7,33,1
9,35,1
36,-27,1
-35,-8,1
22,-15,1
4,-39,1
-48,10,1
-30,20,1
16,47,1
28,23,1
20,44,1
-28,-20,1
25,-7,1
31,34,1
41,-10,1
-13,39,1
-1,36,1
-5,30,1
15,-44,1
9,-37,1
8,48,1
-5,-48,1
-41,-17,1
-32,19,1
-21,14,1
-36,-22,1
24,17,1
-30,-21,1
-29,29,1
1,41,1
-34,27,1
3,-42,1
24,-12,1
42,-8,1
-19,-21,1
13,-42,1
-8,-27,1
-24,20,1
10,-47,1
-21,-27,1
35,-1,1
-1,-49,1
-11,-41,1
44,-21,1
16,-21,1
22,28,1
-18,36,1
-30,8,1
-7,-24,1
7,-45,1
4,28,1
42,-22,1
-37,-10,1
-27,28,1
18,33,1
-17,-40,1
-14,-25,1
5,-31,1
34,-8,1
-25,10,1
-8,39,1
31,-9,1
40,18,1
11,45,1
38,-15,1
-26,12,1
-18,-27,1
-31,19,1
27,34,1
-37,-4,1
-39,-23,1
-9,33,1
30,-3,1
23,-18,1
6,34,1
32,14,1
-39,-7,1
39,-11,1
-25,2,1
41,24,1
17,-44,1
25,36,1
10,33,1
22,-37,1
-19,-36,1
35,-32,1
16,-29,1
26,30,1
-45,-4,1
2,39,1
13,32,1
-38,31,1
-29,-1,1
30,4,1
41,0,1
23,-10,1
9,-49,1
-19,32,1
-15,32,1
22,16,1
29,39,1
5,42,1
-42,-23,1
37,23,1
-8,47,1
-23,-12,1
23,-17,1
11,39,1
-45,-15,1
29,-7,1
-34,2,1
34,1,1
3,-41,1
41,25,1
-31,-33,1
-28,22,1
28,30,1
-3,-35,1
-26,-34,1
-37,-8,1
10,33,1
-42,19,1
-26,-16,1
34,-9,1
41,-10,1
18,43,1
33,-27,1
13,-46,1
38,8,1
12,-24,1
-26,24,1
22,14,1
31,-25,1
15,-29,1
21,36,1
-34,-29,1
-22,-24,1
-19,32,1
-14,39,1
-24,-27,1
-2,-35,1
9,31,1
25,-11,1
-34,-35,1
31,39,1
45,2,1
14,-29,1
-39,-30,1
-24,-24,1
-33,-1,1
27,36,1
45,4,1
38,15,1
-28,12,1
-9,-39,1
45,16,1
17,45,1
22,-16,1
1,44,1
-35,3,1
-33,31,1
2,-47,1
45,16,1
5,-42,1
30,-4,1
-10,-44,1
-35,-28,1
-29,23,1
-14,-40,1
-38,-13,1
-33,-18,1
26,-23,1
10,40,1
25,42,1
-34,27,1
24,-30,1
-13,-25,1
33,-16,1
12,-36,1
-30,15,1
26,0,1
-28,0,1
-42,-16,1
-38,-10,1
-6,48,1
-44,10,1
-25,37,1
41,27,1
22,-29,1
-2,-34,1
45,4,1
4,-49,1
-32,-4,1
35,-19,1
-41,-12,1
1,-49,1
-43,-25,1
44,-23,1
-38,18,1
-41,-7,1
46,-14,1
-24,-24,1
-7,42,1
-24,31,1
28,-10,1
43,24,1
-45,-8,1
-10,25,1
-33,18,1
-28,2,1
-9,-35,1
-46,-11,1
-34,22,1
40,-17,1
40,12,1
-28,-36,1
2,-31,1
-17,44,1
-42,14,1
35,-18,1
34,10,1
11,36,1
15,45,1
-19,29,1
-22,-30,1
-36,3,1
32,-20,1
-39,-28,1
24,31,1
-29,-9,1
15,-26,1
8,-29,1
-18,18,1
21,37,1
45,3,1
-16,-25,1
20,-27,1
-45,10,1
-44,3,1
-23,-43,1
-35,35,1
40,-23,1
-8,42,1
25,4,1
14,46,1
7,45,1
35,-30,1
43,-4,1
-38,-9,1
29,-36,1
-45,15,1
-8,-31,1
-12,-31,1
9,-46,1
-19,-17,1
-3,-47,1
48,-9,1
31,-36,1
-15,29,1
3,36,1
-12,-24,1
-29,-1,1
-6,39,1
-40,-26,1
-32,-33,1
217,77,0
142,179,0
84,221,0
-104,-196,0
-207,93,0
-115,-208,0
137,169,0
41,228,0
191,-113,0
83,-220,0
-196,105,0
-118,-199,0
-214,31,0
-218,-33,0
123,179,0
-199,-131,0
-211,107,0
36,219,0
-42,226,0
-188,108,0
-217,-43,0
-68,219,0
-27,-228,0
226,8,0
9,227,0
218,30,0
-149,-180,0
3,238,0
173,-151,0
49,-213,0
-190,-143,0
-89,222,0
-172,-155,0
-104,189,0
-205,-80,0
-188,-148,0
-63,228,0
-94,-203,0
-26,231,0
31,220,0
-233,25,0
216,84,0
-191,-130,0
54,-229,0
224,-42,0
170,-163,0
230,-51,0
-191,-107,0
-162,-168,0
214,-71,0
122,-187,0
-31,-236,0
-111,-197,0
-231,-23,0
-175,126,0
-213,-104,0
-72,214,0
120,200,0
227,-38,0
-221,31,0
-213,81,0
-54,-228,0
-91,218,0
-100,206,0
39,228,0
-220,-72,0
76,213,0
199,116,0
-123,181,0
-131,186,0
-208,78,0
28,-238,0
-159,-160,0
-166,170,0
-60,230,0
189,-113,0
218,94,0
66,-209,0
218,84,0
-35,221,0
-92,-202,0
-151,-172,0
-216,-16,0
239,4,0
9,-216,0
201,-118,0
-219,-9,0
117,189,0
-215,78,0
224,-20,0
55,-210,0
238,25,0
141,-178,0
235,44,0
218,-67,0
237,16,0
216,16,0
-225,-43,0
-227,63,0
-202,91,0
45,-211,0
98,196,0
38,234,0
161,-171,0
-94,-219,0
-89,216,0
-158,149,0
2,230,0
181,151,0
102,211,0
117,198,0
-141,166,0
124,189,0
126,-186,0
-95,210,0
-136,177,0
226,70,0
132,171,0
117,183,0
217,-18,0
128,-197,0
-199,-108,0
218,28,0
153,176,0
219,-58,0
-161,149,0
216,-48,0
-50,-227,0
76,212,0
37,-237,0
30,227,0
-14,-220,0
-58,-225,0
-59,-225,0
-52,211,0
42,218,0
-151,-177,0
-230,6,0
-112,192,0
214,-66,0
174,159,0
-217,-83,0
237,16,0
-109,212,0
-178,155,0
-11,224,0
48,225,0
226,-13,0
-45,214,0
231,-53,0
-161,-168,0
-218,-25,0
-223,13,0
-41,235,0
-200,96,0
-138,196,0
-141,-182,0
-80,219,0
166,160,0
-197,-100,0
-165,-169,0
-192,98,0
226,59,0
-215,-92,0
37,220,0
-129,190,0
-189,132,0
-112,192,0
3,-216,0
-10,-235,0
-146,185,0
-210,-108,0
-225,-61,0
32,-220,0
31,-229,0
-64,-213,0
93,-217,0
-40,235,0
228,-50,0
72,204,0
-224,53,0
-22,-226,0
-198,-122,0
184,-122,0
110,189,0
34,-218,0
210,111,0
154,165,0
-115,185,0
127,182,0
-159,-166,0
-148,183,0
37,212,0
118,-191,0
-219,10,0
-224,30,0
-224,-18,0
178,140,0
-177,-127,0
220,-2,0
-157,157,0
187,-143,0
-166,158,0
180,-135,0
-143,185,0
-236,-6,0
213,67,0
-171,131,0
80,-211,0
137,-194,0
-117,195,0
-214,92,0
210,-112,0
199,-85,0
225,-64,0
73,222,0
-126,-184,0
-177,-148,0
54,231,0
134,199,0
18,-220,0
-140,178,0
-143,164,0
200,95,0
219,-52,0
162,159,0
-71,210,0
-149,183,0
223,7,0
75,218,0
63,212,0
-165,-156,0
231,-23,0
105,194,0
60,212,0
-158,175,0
193,-114,0
-215,36,0
-161,161,0
-11,-234,0
-14,229,0
122,-204,0
161,147,0
-238,-22,0
-193,122,0
122,199,0
185,-122,0
-162,155,0
-187,-149,0
-39,-229,0
-101,206,0
31,-221,0
-186,125,0
-201,-81,0
213,-85,0
197,108,0
-182,-116,0
-238,21,0
-77,-224,0
-188,121,0
211,49,0
173,144,0
34,226,0
170,-145,0
-107,-212,0
146,188,0
-190,-113,0
-191,100,0
22,238,0
199,105,0
225,33,0
110,-204,0
193,128,0
-164,-169,0
31,-220,0
-125,177,0
230,-56,0
-213,-56,0
-167,-163,0
-225,16,0
76,-219,0
32,-227,0
-203,116,0
-70,-206,0
-138,189,0
-231,42,0
-216,40,0
-234,26,0
-204,-89,0
-127,186,0
-57,210,0
223,-47,0
-34,231,0
-221,1,0
138,-179,0
-120,192,0
232,15,0
108,205,0
133,196,0
196,-108,0
-96,202,0
188,-143,0
126,175,0
167,142,0
188,-113,0
15,217,0
-177,160,0
-215,-95,0
-214,-34,0
-173,-135,0
30,-225,0
211,66,0
169,168,0
-10,-222,0
-186,-118,0
-201,-95,0
201,-83,0
213,37,0
160,146,0
79,204,0
108,-210,0
-26,-232,0
-173,132,0
181,126,0
80,214,0
-19,226,0
209,-98,0
239,19,0
-68,-222,0
-225,-63,0
-225,57,0
106,-205,0
33,214,0
208,115,0
218,-74,0
85,203,0
105,207,0
-20,236,0
-185,123,0
-115,-206,0
205,89,0
48,234,0
160,171,0
-120,207,0
-195,120,0
-33,216,0
-215,-29,0
139,166,0
153,171,0
0,219,0
132,-175,0
-62,-210,0
28,232,0
-166,168,0
-102,-203,0
180,-124,0
-115,190,0
-8,223,0
215,-54,0
221,6,0
-206,-89,0
-145,-186,0
-67,-225,0
-115,202,0
-35,-224,0
-136,-179,0
-31,220,0
-203,89,0
219,-67,0
-107,212,0
222,24,0
-90,202,0
208,85,0
-200,95,0
-231,49,0
115,208,0
-109,201,0
189,-107,0
222,-2,0
172,137,0
-210,64,0
-21,216,0
210,-97,0
-207,104,0
-222,-60,0
199,-102,0
-115,202,0
-229,-48,0
-121,190,0
238,28,0
219,27,0
211,51,0
103,214,0
-203,110,0
-212,-79,0
-222,90,0
220,39,0
-139,-165,0
-134,171,0
14,-226,0
44,216,0
220,81,0
-138,-173,0
110,-200,0
229,-63,0
214,-54,0
-159,-150,0
-16,231,0
-144,190,0
52,-218,0
13,-226,0
196,107,0
229,52,0
-178,131,0
222,39,0
104,190,0
-144,167,0
-91,195,0
195,136,0
72,-212,0
165,157,0
-198,-127,0
205,76,0
-192,-112,0
216,-93,0
-188,125,0
-238,-1,0
-47,-230,0
213,101,0
-216,-54,0
-237,8,0
129,184,0
12,-218,0
-221,-16,0
162,-148,0
-101,198,0
-15,238,0
-87,210,0
-18,-229,0
174,139,0
172,152,0
-73,220,0
224,30,0
197,90,0
-32,233,0
225,-6,0
-220,-9,0
-77,205,0
-216,-9,0
-73,220,0
-203,-128,0
176,-126,0
-192,133,0
4,230,0
226,68,0
-231,34,0
35,-215,0
-190,-125,0
-201,-101,0
-147,183,0
-225,-17,0
225,-58,0
83,201,0
-90,216,0
90,-208,0
213,-79,0
-141,-167,0
-156,173,0
19,228,0
81,220,0
191,135,0
46,-222,0
-126,-193,0
143,-179,0
196,105,0
91,-219,0
-221,10,0
-150,-160,0
-4,236,0
-226,8,0
-100,-194,0
-148,174,0
-16,228,0
-129,199,0
-22,236,0
-129,199,0
-194,123,0
119,187,0
-175,161,0
217,-26,0
-120,191,0
215,-9,0
-61,-230,0
60,214,0
105,-211,0
-5,221,0
-183,-137,0
-219,-16,0
204,103,0
-127,186,0
