39,28,1
-38,11,1
4,45,1
-17,-37,1
18,36,1
-36,-13,1
23,-23,1
38,11,1
-2,-41,1
-22,-20,1
-19,-26,1
-27,-12,1
-15,-28,1
-8,35,1
25,-3,1
44,18,1
6,-25,1
-42,20,1
2,31,1
-12,-30,1
18,30,1
-32,-19,1
14,-24,1
43,9,1
22,-21,1
-22,26,1
-26,-34,1
15,-46,1
25,6,1
17,-41,1
19,-41,1
-12,45,1
-23,41,1
21,-45,1
0,-33,1
24,29,1
8,-46,1
34,17,1
-24,23,1
-48,-7,1
-8,-29,1
37,19,1
-31,25,1
-10,-46,1
38,12,1
27,37,1
-29,-38,1
-27,-27,1
-21,-14,1
-31,8,1
-2,43,1
-28,18,1
17,-22,1
30,38,1
-35,-9,1
-17,-28,1
-25,-3,1
17,-34,1
-3,-26,1
7,37,1
16,27,1
41,23,1
-12,-39,1
-13,29,1
-28,-36,1
-9,40,1
-41,10,1
-33,-28,1
-27,18,1
31,-5,1
41,27,1
12,-44,1
13,37,1
24,-11,1
19,-43,1
29,16,1
44,11,1
-28,-23,1
40,-18,1
35,-33,1
-32,-3,1
6,-29,1
26,-41,1
48,-6,1
-40,11,1
37,1,1
-2,-45,1
35,-3,1
47,9,1
-22,-26,1
-21,44,1
40,-6,1
-39,17,1
-2,35,1
9,41,1
-10,-36,1
13,-24,1
24,-28,1
7,-29,1
-35,-25,1
8,-49,1
47,15,1
33,14,1
24,-35,1
17,-19,1
-9,40,1
42,24,1
45,-14,1
15,40,1
-24,-20,1
29,-1,1
-2,37,1
-25,-26,1
6,43,1
-13,29,1
-28,33,1
-35,-4,1
40,20,1
-42,24,1
-1,-45,1
-25,-3,1
18,-35,1
-21,-15,1
-24,28,1
-20,-41,1
-40,29,1
27,4,1
-12,33,1
-27,-10,1
26,38,1
-47,-6,1
3,-44,1
34,-6,1
41,-20,1
-26,-10,1
48,-11,1
3,-36,1
-8,-35,1
-32,-23,1
24,25,1
-42,-1,1
-28,2,1
10,42,1
25,7,1
-6,-33,1
-21,21,1
34,-25,1
-34,-5,1
-22,-17,1
-43,-6,1
-2,-27,1
16,-42,1
33,6,1
-37,10,1
12,-43,1
43,-2,1
25,-9,1
-20,-28,1
9,32,1
27,31,1
27,-20,1
15,46,1
21,16,1
-43,4,1
-45,-9,1
42,-4,1
-9,-41,1
-22,-40,1
-34,-15,1
-2,37,1
31,-9,1
40,23,1
10,39,1
-6,-32,1
12,22,1
2,47,1
27,-34,1
-16,-43,1
-34,-28,1
-21,-23,1
-15,37,1
-31,-31,1
11,-38,1
33,32,1
-27,38,1
-37,19,1
25,39,1
9,-47,1
32,-5,1
27,-41,1
32,-16,1
-16,-31,1
-8,26,1
-44,6,1
42,-7,1
-26,-9,1
31,26,1
40,-3,1
-24,40,1
-29,14,1
17,25,1
28,3,1
-12,-37,1
6,-31,1
49,-8,1
-6,46,1
-12,39,1
-47,-7,1
-39,-4,1
-46,8,1
33,-7,1
37,-22,1
-30,-14,1
-17,24,1
-14,-42,1
-25,34,1
11,24,1
48,12,1
-27,-39,1
15,38,1
-25,38,1
-30,-12,1
-8,-39,1
-41,3,1
-32,-38,1
-34,2,1
-21,-37,1
-3,39,1
-40,-16,1
-11,-34,1
26,14,1
-15,-45,1
22,-17,1
-34,-33,1
33,-33,1
23,33,1
-45,8,1
14,34,1
17,-38,1
34,-32,1
-35,-31,1
-30,12,1
26,-6,1
-28,-3,1
43,22,1
36,24,1
-40,-8,1
40,-30,1
14,33,1
-16,-30,1
-15,-38,1
-47,-4,1
25,-1,1
1,43,1
-36,17,1
25,-42,1
26,34,1
-37,-28,1
-2,38,1
32,20,1
-12,48,1
9,-30,1
47,5,1
49,-3,1
27,7,1
48,-9,1
-15,-23,1
-1,37,1
26,-5,1
-18,-38,1
39,-18,1
24,-18,1
8,-30,1
-48,-13,1
32,29,1
-28,27,1
28,39,1
-12,45,1
-10,29,1
-19,30,1
44,8,1
45,3,1
17,35,1
36,-5,1
-31,-20,1
11,-24,1
-23,-35,1
44,22,1
-5,-45,1
7,-29,1
30,19,1
1,-30,1
48,12,1
-3,-27,1
36,-1,1
10,48,1
48,8,1
29,34,1
-30,-13,1
42,1,1
-35,24,1
28,-33,1
-10,42,1
-35,-11,1
-5,49,1
-33,-27,1
-32,36,1
-15,-37,1
2,-44,1
-6,37,1
-4,36,1
-15,37,1
28,5,1
-17,36,1
-14,-39,1
35,-17,1
41,-5,1
37,15,1
40,26,1
-36,26,1
-35,-20,1
29,20,1
-25,-12,1
42,-21,1
4,-36,1
-21,28,1
35,-26,1
46,-15,1
-31,19,1
-33,-36,1
-31,38,1
20,-28,1
33,-32,1
1,-49,1
39,-31,1
-19,44,1
-45,2,1
41,15,1
-29,0,1
-38,12,1
42,-3,1
-48,13,1
44,16,1
-46,17,1
44,4,1
-35,16,1
1,47,1
33,4,1
-24,17,1
44,-7,1
-30,-38,1
-20,-24,1
-19,23,1
35,-32,1
42,-19,1
0,25,1
13,-42,1
28,8,1
16,-43,1
23,37,1
-40,25,1
40,10,1
14,38,1
-37,27,1
17,-35,1
45,19,1
26,12,1
18,18,1
48,14,1
-25,-41,1
43,12,1
24,34,1
49,9,1
-17,-34,1
-8,-25,1
8,-33,1
18,31,1
2,-36,1
4,-27,1
46,-4,1
-23,-40,1
-27,-2,1
-23,13,1
26,-21,1
27,42,1
-6,-41,1
-13,23,1
25,35,1
38,-26,1
16,-23,1
0,-30,1
-38,27,1
-42,4,1
9,29,1
6,44,1
40,-14,1
46,-5,1
-1,31,1
-43,-24,1
-41,21,1
-34,33,1
14,34,1
-10,-27,1
-42,18,1
-9,28,1
-46,-2,1
15,31,1
-38,14,1
12,32,1
10,-25,1
13,25,1
36,3,1
-44,22,1
-21,-16,1
-23,24,1
-34,-36,1
13,-31,1
-14,48,1
-44,-14,1
-34,-17,1
34,4,1
-45,21,1
-17,32,1
27,-20,1
9,-39,1
-3,40,1
-21,14,1
-34,20,1
-40,3,1
-33,31,1
12,29,1
16,39,1
-44,-6,1
4,33,1
-27,-8,1
-8,39,1
6,-37,1
34,16,1
-11,44,1
32,-9,1
4,42,1
-1,34,1
31,3,1
-10,45,1
2,-40,1
-23,-11,1
9,34,1
26,25,1
-14,-21,1
0,35,1
-43,16,1
10,33,1
16,-28,1
16,32,1
26,-17,1
17,47,1
2,-28,1
-36,13,1
40,-9,1
-36,-1,1
11,40,1
45,12,1
-30,39,1
-40,6,1
2,-46,1
44,-18,1
3,46,1
-38,-16,1
2,36,1
-6,42,1
-45,13,1
24,-11,1
-1,33,1
18,28,1
-27,-19,1
32,23,1
31,-12,1
28,32,1
40,-24,1
-10,-41,1
28,39,1
-28,8,1
4,-35,1
-14,36,1
-32,-4,1
44,-5,1
5,-43,1
19,28,1
20,45,1
38,-6,1
-43,-14,1
31,25,1
6,-28,1
-35,-30,1
-37,33,1
-47,13,1
-18,-37,1
24,-38,1
30,22,1
-39,8,1
-160,165,0
-97,184,0
-71,-195,0
212,-87,0
-190,115,0
7,210,0
-90,-196,0
-142,-154,0
-187,104,0
-78,196,0
172,139,0
91,190,0
190,95,0
114,176,0
146,148,0
163,135,0
134,163,0
-5,-213,0
127,168,0
-210,80,0
-224,-29,0
-48,210,0
24,221,0
211,-64,0
-109,-197,0
210,-25,0
224,6,0
129,183,0
143,-163,0
-95,-187,0
219,45,0
108,-197,0
-212,-51,0
-179,-122,0
215,-46,0
-122,-179,0
3,211,0
32,-203,0
-201,-79,0
-156,147,0
178,-145,0
216,78,0
149,-173,0
-35,206,0
132,180,0
-140,178,0
-7,-205,0
169,-118,0
228,12,0
209,-15,0
176,-146,0
49,208,0
178,-126,0
-71,-208,0
-142,-180,0
-172,113,0
171,-130,0
214,3,0
-144,147,0
162,-143,0
-135,-171,0
188,-83,0
-220,56,0
134,184,0
-200,-89,0
113,193,0
-196,89,0
-109,195,0
204,-89,0
208,-57,0
-37,-216,0
-63,-199,0
207,-57,0
155,146,0
-202,105,0
-213,-73,0
-193,123,0
-135,-156,0
-110,190,0
-173,146,0
-150,-144,0
-28,205,0
-17,227,0
-211,73,0
-5,-211,0
198,55,0
-31,-207,0
-103,188,0
210,-77,0
-95,-192,0
-218,-72,0
-31,-221,0
80,194,0
143,165,0
188,-127,0
-207,-50,0
-203,-64,0
195,64,0
120,194,0
180,121,0
-151,-167,0
-44,-218,0
210,-3,0
183,-133,0
193,-88,0
-223,-43,0
36,220,0
-192,115,0
-45,-218,0
221,-53,0
147,-156,0
-112,174,0
-213,-63,0
-19,207,0
211,86,0
-167,-147,0
224,-39,0
-182,121,0
213,35,0
-132,-171,0
198,55,0
218,-26,0
-164,138,0
-35,221,0
-28,204,0
28,-224,0
196,-67,0
-121,-193,0
-125,-163,0
146,155,0
-3,213,0
213,67,0
-205,66,0
-215,-13,0
56,217,0
192,-108,0
-211,20,0
156,157,0
204,82,0
-191,115,0
73,198,0
-219,-26,0
-126,192,0
125,193,0
-162,145,0
34,207,0
-173,145,0
-60,205,0
209,11,0
-135,-172,0
87,187,0
76,204,0
-172,-115,0
220,-12,0
-100,-180,0
42,-207,0
-112,181,0
-40,-226,0
-158,-151,0
108,-184,0
-89,-211,0
203,105,0
80,210,0
-110,197,0
124,-177,0
-185,-123,0
202,99,0
210,-37,0
-194,118,0
221,-9,0
-106,-191,0
-219,36,0
-197,70,0
-155,-135,0
227,20,0
163,-160,0
209,-25,0
11,-224,0
-213,-13,0
143,157,0
-59,197,0
-122,-188,0
49,213,0
46,223,0
-219,-10,0
-211,60,0
59,208,0
204,-33,0
206,24,0
224,-21,0
128,-188,0
-173,-128,0
-192,80,0
186,117,0
91,-204,0
145,166,0
209,91,0
-209,-20,0
209,-83,0
175,-145,0
-64,-212,0
-86,198,0
117,175,0
-52,-218,0
81,-209,0
-85,187,0
202,96,0
6,-226,0
-161,130,0
78,200,0
136,-158,0
83,-212,0
201,-103,0
-109,197,0
54,214,0
-61,-207,0
174,-142,0
-127,-171,0
-127,-177,0
-115,185,0
-213,-53,0
-142,-152,0
-171,-145,0
111,191,0
35,-209,0
209,96,0
215,-9,0
-9,219,0
-225,19,0
222,-18,0
-218,-46,0
28,-223,0
194,69,0
-94,196,0
43,-216,0
169,-139,0
-188,89,0
-192,-108,0
173,146,0
113,183,0
192,105,0
-159,144,0
-211,-55,0
-215,48,0
-32,204,0
104,190,0
-19,-218,0
134,-172,0
187,97,0
33,206,0
-3,215,0
-215,-22,0
-98,-191,0
-210,-91,0
144,-157,0
170,149,0
228,2,0
-115,-190,0
10,-224,0
64,214,0
-6,-205,0
217,-69,0
168,-154,0
-210,15,0
192,107,0
-75,208,0
-11,-211,0
10,-207,0
227,-24,0
-39,226,0
-212,49,0
-78,207,0
204,-22,0
-196,-78,0
-183,104,0
-29,203,0
39,222,0
71,-202,0
43,222,0
156,155,0
207,62,0
-183,133,0
155,156,0
-209,-27,0
176,124,0
-125,-163,0
-54,200,0
225,47,0
68,-200,0
187,-131,0
72,205,0
208,83,0
165,126,0
-220,57,0
206,-21,0
-172,-136,0
70,211,0
210,-26,0
218,15,0
72,-218,0
-189,-128,0
-210,85,0
153,152,0
174,127,0
198,-55,0
-213,-71,0
-184,97,0
-190,124,0
197,-77,0
-166,-147,0
-12,-226,0
-149,-175,0
-227,-19,0
205,-70,0
204,-55,0
137,178,0
216,59,0
70,201,0
33,-206,0
14,223,0
164,159,0
-53,-201,0
-206,10,0
213,9,0
-165,153,0
-46,-206,0
39,-221,0
-180,-133,0
-186,108,0
143,-156,0
118,176,0
205,-29,0
-160,-134,0
-118,188,0
-42,212,0
78,195,0
-199,64,0
-109,-201,0
142,176,0
-53,-216,0
53,216,0
88,-208,0
-56,-217,0
5,216,0
-177,-145,0
-33,207,0
59,-203,0
144,-169,0
-196,91,0
181,-97,0
189,94,0
-46,213,0
210,84,0
-207,-27,0
-212,25,0
-83,195,0
-119,-175,0
177,-144,0
-115,-193,0
161,-128,0
63,-206,0
207,-38,0
81,213,0
195,-68,0
206,-66,0
210,-17,0
-172,-130,0
206,-29,0
-103,180,0
-208,66,0
130,161,0
217,51,0
34,-222,0
-4,-218,0
13,227,0
150,167,0
-153,-141,0
22,-222,0
-71,-211,0
8,214,0
-134,-171,0
-124,-187,0
4,-226,0
-199,73,0
-190,117,0
216,59,0
146,153,0
16,210,0
220,46,0
26,227,0
-138,-175,0
201,-51,0
111,179,0
-105,-182,0
-202,-87,0
-103,187,0
127,-172,0
-57,210,0
-215,43,0
43,-224,0
18,214,0
132,-158,0
205,-59,0
116,188,0
-221,-8,0
91,188,0
216,27,0
-219,22,0
161,139,0
131,170,0
-215,22,0
91,199,0
35,218,0
215,-32,0
0,213,0
190,113,0
-220,26,0
46,208,0
-27,217,0
29,218,0
196,-113,0
-228,-19,0
-107,180,0
129,165,0
75,-206,0
-96,-195,0
-123,193,0
-33,-218,0
16,-207,0
-118,-178,0
-48,215,0
148,162,0
137,-158,0
-176,-113,0
188,111,0
148,171,0
163,152,0
-14,-225,0
50,-213,0
156,-165,0
213,-85,0
-165,-131,0
-141,172,0
-29,216,0
-137,-166,0
-94,-199,0
22,-209,0
118,-189,0
209,17,0
71,193,0
25,227,0
218,-70,0
99,192,0
-24,-227,0
226,4,0
25,215,0
204,28,0
-144,-154,0
-195,-73,0
209,47,0
-141,-171,0
-117,196,0
-46,205,0
184,-100,0
29,228,0
-201,48,0
-188,113,0
-173,-135,0
74,208,0
193,-96,0
-33,-218,0
-79,-206,0
189,-114,0
65,200,0
224,52,0
228,-24,0
203,-50,0
-184,134,0
-183,-128,0
-154,-139,0
103,-182,0
-38,203,0
83,210,0
125,185,0
89,190,0
-188,100,0
141,175,0
-14,223,0
159,-131,0
143,170,0
202,-93,0
164,160,0
150,-140,0
172,-138,0
-226,-33,0
-4,-218,0
-147,-154,0
-82,-196,0
174,147,0
-44,204,0
