-21,32,1
9,36,1
-29,-19,1
35,-17,1
34,-7,1
-4,-45,1
18,-24,1
-48,1,1
36,-6,1
41,-23,1
-35,-28,1
-48,13,1
26,38,1
26,-19,1
32,5,1
2,-31,1
36,-10,1
-9,29,1
-29,32,1
46,18,1
-29,-35,1
33,19,1
-48,13,1
32,-10,1
8,-25,1
10,-31,1
-40,5,1
40,24,1
8,-47,1
-37,3,1
-37,0,1
-3,-42,1
-22,18,1
-48,-11,1
-22,21,1
42,-20,1
44,-23,1
-21,31,1
15,31,1
-3,36,1
33,-4,1
8,49,1
41,4,1
-19,-42,1
13,47,1
-31,-28,1
-4,-37,1
39,14,1
6,29,1
-6,-29,1
-31,-11,1
43,23,1
33,1,1
-30,-19,1
-25,-23,1
-23,41,1
-49,-4,1
-16,33,1
-40,-15,1
-38,4,1
14,34,1
28,31,1
-24,31,1
-19,-18,1
-6,-40,1
46,-9,1
-7,-42,1
38,4,1
-26,41,1
21,-25,1
19,-20,1
20,-31,1
-34,-17,1
-10,35,1
33,7,1
-32,27,1
-29,19,1
22,-22,1
-40,-23,1
40,-12,1
26,9,1
-29,-27,1
3,-36,1
41,-10,1
-27,-16,1
0,-33,1
-11,-40,1
34,11,1
34,-25,1
-23,27,1
-43,-16,1
41,3,1
-22,37,1
-17,-36,1
11,48,1
28,-17,1
12,-31,1
43,-15,1
2,-37,1
9,34,1
28,-28,1
-42,-12,1
-16,26,1
18,-31,1
-33,36,1
38,-3,1
9,-31,1
11,-35,1
49,8,1
-24,-21,1
-9,-43,1
42,1,1
26,-15,1
33,-3,1
-32,21,1
-11,-43,1
38,-9,1
-15,-29,1
16,-20,1
-30,-23,1
15,-38,1
-25,-1,1
27,-7,1
-33,-19,1
-43,-16,1
-24,7,1
28,40,1
-3,34,1
46,0,1
19,-31,1
27,41,1
40,-7,1
17,-37,1
-33,-28,1
-19,28,1
29,8,1
45,-9,1
-34,-35,1
27,-36,1
42,-4,1
-27,9,1
40,3,1
-3,36,1
-20,-43,1
-36,-32,1
24,41,1
-23,18,1
-40,-1,1
-45,18,1
5,-27,1
-11,45,1
23,32,1
-41,-28,1
32,33,1
-35,24,1
-42,-12,1
41,-18,1
36,-12,1
18,-41,1
-22,31,1
41,15,1
-34,-29,1
-3,-35,1
6,33,1
-27,17,1
-26,-1,1
0,29,1
-26,-13,1
27,31,1
-27,-2,1
-20,27,1
5,-38,1
45,7,1
-48,4,1
35,28,1
18,35,1
40,18,1
-21,-18,1
-23,-10,1
8,-38,1
30,29,1
-38,16,1
-39,-19,1
-41,-9,1
-13,-37,1
-44,13,1
-32,7,1
-43,7,1
-42,-19,1
10,-41,1
40,30,1
37,8,1
34,28,1
-1,-46,1
33,32,1
-5,-48,1
-31,6,1
-9,28,1
27,36,1
-20,-19,1
1,44,1
19,-44,1
-14,-48,1
0,29,1
27,28,1
21,15,1
45,2,1
39,-10,1
38,-23,1
11,-37,1
29,27,1
-24,9,1
-36,-29,1
9,-49,1
22,-42,1
44,-19,1
6,-29,1
36,-31,1
-41,15,1
16,32,1
11,-39,1
-32,-33,1
-14,-27,1
-20,-32,1
43,18,1
-19,-34,1
-29,17,1
-44,23,1
-38,-13,1
19,-34,1
-22,30,1
11,-32,1
14,-21,1
46,10,1
-30,4,1
-45,-1,1
-11,-26,1
34,-3,1
26,40,1
9,-30,1
-32,37,1
-40,-8,1
36,-9,1
17,29,1
41,24,1
-6,39,1
-34,-30,1
-20,23,1
5,-43,1
26,-33,1
-3,-35,1
24,-14,1
-31,-6,1
13,-34,1
-19,-20,1
10,-39,1
2,-46,1
29,-10,1
42,-24,1
-13,-45,1
-4,-46,1
-35,20,1
5,44,1
21,-22,1
-31,36,1
34,12,1
4,-36,1
48,0,1
-37,-26,1
-19,-38,1
45,-2,1
-29,19,1
-15,-30,1
31,-23,1
15,30,1
-35,6,1
-27,-30,1
-8,27,1
31,-17,1
12,25,1
21,-36,1
-23,10,1
-36,5,1
12,-29,1
28,-29,1
29,-11,1
7,-25,1
-9,31,1
34,-36,1
34,14,1
38,-8,1
-20,-42,1
11,-38,1
-4,-33,1
38,-32,1
40,-14,1
42,-27,1
30,33,1
17,-38,1
14,21,1
-17,-20,1
42,-4,1
6,48,1
-34,35,1
-43,-12,1
-35,-27,1
-16,-32,1
-38,-20,1
4,27,1
-14,-42,1
44,-22,1
-12,33,1
-44,-12,1
5,36,1
13,-32,1
15,-45,1
-19,-39,1
-12,32,1
-31,-33,1
6,-48,1
-42,15,1
-24,-16,1
-12,-27,1
-35,25,1
-7,-28,1
0,33,1
-24,10,1
-15,35,1
-29,-33,1
-4,41,1
-19,-18,1
23,32,1
0,32,1
-8,49,1
18,-21,1
34,34,1
37,12,1
30,-25,1
28,-27,1
30,-29,1
16,-34,1
0,37,1
19,-39,1
30,-1,1
36,-30,1
38,10,1
-25,-43,1
35,34,1
-40,25,1
-23,30,1
25,9,1
-42,-21,1
-30,-29,1
-24,-35,1
25,4,1
-3,-26,1
26,-20,1
21,27,1
-40,-3,1
3,-27,1
-48,-3,1
25,1,1
-36,-10,1
7,33,1
45,-19,1
-34,-4,1
-39,28,1
-30,12,1
-48,12,1
27,-12,1
42,10,1
-40,-5,1
0,-28,1
17,-28,1
7,-47,1
-36,-31,1
2,-33,1
-23,11,1
-42,-11,1
-32,-6,1
-23,-42,1
-44,1,1
-8,29,1
3,-39,1
-36,5,1
-17,40,1
-30,34,1
-1,42,1
19,-17,1
-35,34,1
-23,36,1
-11,23,1
-21,45,1
1,35,1
46,-18,1
-21,21,1
45,-17,1
9,30,1
-3,-41,1
-27,-34,1
-30,-10,1
-17,-35,1
21,-15,1
1,36,1
31,24,1
14,35,1
-7,40,1
11,25,1
-17,22,1
6,34,1
30,-39,1
-25,-39,1
-39,-9,1
35,-16,1
44,13,1
24,18,1
9,29,1
-32,24,1
35,-30,1
25,-17,1
-5,45,1
32,-27,1
-47,-2,1
9,-30,1
0,30,1
41,-19,1
27,-33,1
-22,32,1
32,7,1
8,-26,1
-9,49,1
37,10,1
-4,-44,1
26,-12,1
-46,-6,1
37,28,1
3,40,1
-30,-7,1
32,-1,1
35,22,1
40,18,1
-11,-35,1
-37,12,1
-49,0,1
-43,-4,1
33,-28,1
-37,5,1
-33,-18,1
-37,6,1
35,10,1
27,-1,1
21,43,1
-15,-22,1
-18,28,1
46,-18,1
-19,31,1
40,29,1
37,-2,1
-7,-44,1
-44,4,1
-22,18,1
-25,42,1
-32,10,1
4,41,1
-14,-39,1
22,-18,1
-38,27,1
38,2,1
-31,33,1
33,-23,1
13,-48,1
-17,-38,1
-19,-43,1
-32,-27,1
17,-19,1
-31,-24,1
7,-33,1
-9,-40,1
-33,-31,1
10,30,1
44,5,1
34,-30,1
-23,-10,1
11,-38,1
14,-24,1
7,-35,1
42,19,1
27,-18,1
40,-30,1
0,27,1
-38,14,1
29,-29,1
11,41,1
26,-35,1
17,-35,1
-37,11,1
-25,-33,1
-43,-17,1
26,35,1
47,5,1
45,219,0
6,224,0
158,-134,0
130,181,0
144,-157,0
213,-9,0
220,57,0
-102,-206,0
23,-226,0
136,160,0
71,200,0
-223,-9,0
183,-93,0
-186,-95,0
-38,-214,0
-88,187,0
194,81,0
121,-167,0
-72,200,0
190,84,0
-48,202,0
190,81,0
117,-184,0
30,-222,0
-145,-167,0
169,118,0
-206,-28,0
-212,80,0
-3,-217,0
128,165,0
134,159,0
20,-228,0
213,-52,0
49,-212,0
104,-184,0
139,175,0
-85,-210,0
85,212,0
-90,-187,0
-205,-39,0
76,-205,0
148,152,0
-136,-155,0
113,-188,0
-142,176,0
130,176,0
-146,156,0
66,208,0
-189,-92,0
-133,-187,0
-205,20,0
-211,-3,0
61,214,0
-177,-129,0
155,167,0
26,-210,0
212,-78,0
157,149,0
208,-5,0
-111,177,0
-221,43,0
213,47,0
10,-210,0
225,19,0
-180,116,0
-119,-179,0
-109,178,0
-102,-181,0
228,-28,0
187,116,0
-44,-225,0
-137,173,0
-129,188,0
94,-184,0
-39,219,0
13,-218,0
-139,-169,0
-157,-148,0
-41,-223,0
69,208,0
135,158,0
38,204,0
107,-182,0
-79,-215,0
-199,-85,0
221,30,0
210,65,0
-138,-180,0
194,113,0
-96,198,0
7,-206,0
226,-32,0
214,-56,0
-217,57,0
-195,83,0
137,-171,0
58,220,0
84,-196,0
204,80,0
-120,177,0
217,-62,0
198,-109,0
133,172,0
81,200,0
-198,-80,0
118,172,0
135,172,0
137,-182,0
-106,193,0
158,144,0
175,-109,0
179,143,0
-113,180,0
-210,27,0
-208,92,0
-168,-153,0
56,223,0
56,-202,0
-204,106,0
129,187,0
32,-214,0
154,157,0
64,-196,0
-99,-186,0
171,147,0
-48,202,0
104,-179,0
228,-6,0
212,6,0
193,123,0
-124,165,0
51,202,0
-205,-96,0
208,-20,0
-160,-135,0
53,-218,0
-67,194,0
-4,-210,0
-31,206,0
-170,-154,0
-212,61,0
-14,-222,0
-134,175,0
-177,-139,0
99,-203,0
18,217,0
42,213,0
172,-134,0
-4,207,0
-36,219,0
-6,-214,0
94,201,0
-129,189,0
-56,-204,0
-7,223,0
156,165,0
86,-191,0
-31,-221,0
143,-171,0
26,-207,0
-26,-212,0
192,108,0
-86,194,0
-48,203,0
-37,214,0
5,-211,0
-103,178,0
76,-206,0
69,201,0
-188,129,0
60,-205,0
-184,-138,0
-156,-139,0
164,131,0
4,226,0
165,-143,0
203,-71,0
-12,225,0
-159,148,0
216,32,0
147,-172,0
-80,199,0
-36,-213,0
-214,-66,0
-60,212,0
45,-222,0
207,-69,0
-187,91,0
-205,-30,0
-134,165,0
-171,147,0
-177,-132,0
129,163,0
204,-90,0
210,-78,0
214,-4,0
132,-164,0
59,-212,0
140,-152,0
25,-216,0
219,-64,0
-209,45,0
-205,-53,0
173,144,0
52,-200,0
-194,-112,0
-74,-193,0
50,209,0
202,37,0
-39,-223,0
63,208,0
-117,195,0
4,-229,0
221,-14,0
146,165,0
-121,168,0
-224,-14,0
197,-101,0
-85,198,0
-204,-78,0
-157,-147,0
-43,212,0
-175,-126,0
168,-131,0
117,190,0
-176,142,0
158,159,0
-134,158,0
-184,-91,0
-153,151,0
-60,207,0
-209,-14,0
-168,-123,0
-72,207,0
182,-120,0
-132,-187,0
8,224,0
-18,-211,0
110,-186,0
-181,119,0
159,-149,0
191,107,0
-76,217,0
198,98,0
-213,39,0
77,-210,0
184,-92,0
9,-226,0
44,-213,0
-215,44,0
-22,-208,0
-204,52,0
-45,211,0
220,46,0
210,-65,0
-68,-208,0
211,-85,0
-180,-119,0
-129,-165,0
-174,-115,0
-139,-179,0
194,99,0
-189,110,0
153,151,0
-97,187,0
114,-191,0
-151,143,0
157,-134,0
-20,224,0
-166,149,0
7,-229,0
157,-146,0
-217,47,0
195,-75,0
-152,172,0
-205,15,0
-212,-70,0
25,-207,0
214,83,0
70,-213,0
6,210,0
98,204,0
195,-97,0
-189,-84,0
-141,153,0
-164,-149,0
-84,-199,0
80,-213,0
-1,-205,0
-220,-21,0
-210,56,0
-67,208,0
-85,-209,0
-130,-159,0
95,190,0
209,-52,0
-41,-226,0
-101,181,0
-223,22,0
-224,-41,0
-154,150,0
-144,175,0
1,-216,0
-140,155,0
-89,-203,0
-138,160,0
138,-160,0
105,199,0
204,-72,0
113,-193,0
52,-200,0
-159,163,0
89,-195,0
161,-131,0
176,-146,0
-169,-141,0
188,83,0
-51,211,0
-222,53,0
177,143,0
214,-77,0
177,-145,0
-34,213,0
-203,67,0
219,-7,0
-31,205,0
216,49,0
212,27,0
50,217,0
149,156,0
218,22,0
169,-126,0
219,15,0
151,-157,0
188,-117,0
179,120,0
-211,-44,0
193,99,0
-185,-93,0
165,-148,0
-84,-211,0
-210,-1,0
-19,210,0
197,-63,0
129,182,0
229,-12,0
208,-28,0
-181,-122,0
-220,-26,0
-108,-197,0
-195,118,0
218,31,0
192,97,0
166,-155,0
195,-116,0
-15,215,0
-187,110,0
-48,-209,0
30,-218,0
-4,-210,0
-193,114,0
-147,165,0
-69,-214,0
-181,99,0
220,30,0
-58,-208,0
-215,60,0
-103,-188,0
217,-19,0
-211,0,0
220,22,0
195,-105,0
137,-162,0
197,-74,0
-179,114,0
218,29,0
116,-177,0
-29,205,0
41,-208,0
-201,-46,0
207,59,0
-149,-145,0
-127,189,0
-115,198,0
112,-174,0
-172,130,0
-181,-121,0
-206,-35,0
161,-127,0
86,-211,0
105,-201,0
180,-118,0
60,-198,0
121,-171,0
192,89,0
172,-118,0
-169,-146,0
209,79,0
148,157,0
141,-159,0
-165,-147,0
-98,-192,0
-193,99,0
-52,-222,0
-10,209,0
72,201,0
206,75,0
-120,181,0
-162,-132,0
-196,68,0
-18,-222,0
-217,53,0
-5,217,0
38,221,0
-197,-86,0
-218,-42,0
134,-163,0
151,150,0
-190,-94,0
-167,130,0
-182,133,0
0,225,0
-3,209,0
45,219,0
-146,-177,0
72,-211,0
-175,146,0
-115,176,0
222,-20,0
-226,-9,0
-202,-56,0
-206,90,0
-59,218,0
77,-209,0
75,213,0
226,8,0
-118,-169,0
-188,122,0
170,148,0
42,222,0
-94,195,0
38,-215,0
211,32,0
-176,124,0
20,228,0
-42,224,0
-25,-207,0
16,219,0
-184,-137,0
-25,-228,0
206,-7,0
-72,209,0
-224,-20,0
69,207,0
185,-131,0
53,-203,0
-157,-161,0
-198,-112,0
88,-190,0
-2,219,0
-153,-167,0
190,85,0
-109,189,0
-17,-213,0
-135,162,0
217,-60,0
-137,-180,0
34,-227,0
-167,-136,0
47,-210,0
217,60,0
-132,159,0
50,-200,0
-104,180,0
-19,222,0
101,193,0
227,22,0
216,42,0
-215,47,0
209,6,0
-14,-208,0
156,-141,0
-203,-72,0
198,63,0
94,-204,0
-174,144,0
212,-59,0
193,-106,0
-72,-210,0
-170,-126,0
218,37,0
-177,109,0
203,35,0
75,193,0
-12,205,0
8,-213,0
-67,204,0
167,147,0
-158,-133,0
164,124,0
