-3,43,1
17,23,1
9,42,1
20,-29,1
-24,33,1
7,37,1
-44,0,1
10,-45,1
42,-25,1
-23,-39,1
-37,12,1
-17,-27,1
35,-22,1
-15,-35,1
-27,-27,1
-36,-9,1
-47,-13,1
-43,23,1
10,-34,1
-29,27,1
30,-20,1
-21,15,1
-26,-27,1
-36,-8,1
-27,-37,1
34,-1,1
-11,-26,1
-16,-46,1
-41,3,1
44,-5,1
-8,40,1
-37,-3,1
46,-15,1
21,29,1
14,43,1
3,31,1
-17,34,1
42,21,1
33,7,1
5,-26,1
19,24,1
-9,-46,1
-8,-39,1
-35,22,1
27,-20,1
-32,19,1
46,11,1
36,-25,1
11,40,1
-38,-4,1
-46,-7,1
-26,-1,1
-16,-42,1
32,-25,1
30,-34,1
-7,-27,1
-14,-38,1
23,-43,1
-22,-35,1
45,-11,1
25,-17,1
-30,-5,1
40,27,1
-41,-20,1
24,-27,1
-24,20,1
-19,39,1
-32,-10,1
37,13,1
31,-1,1
-36,13,1
-33,31,1
31,-34,1
-40,-11,1
26,32,1
-31,-3,1
29,-10,1
-19,23,1
-30,18,1
-10,-40,1
16,42,1
42,7,1
12,-43,1
-27,35,1
-5,38,1
28,-6,1
11,35,1
-34,20,1
-27,29,1
-17,-29,1
-35,11,1
-21,32,1
-24,26,1
-23,-14,1
27,-29,1
-21,-38,1
-30,16,1
16,-43,1
37,29,1
19,18,1
-5,-32,1
-25,-16,1
23,-36,1
48,7,1
-7,41,1
11,-23,1
-21,-33,1
-15,35,1
-41,-21,1
-6,-46,1
-16,38,1
28,-28,1
-9,-36,1
40,-15,1
14,-21,1
-26,-7,1
43,-23,1
-34,-20,1
36,-2,1
30,-4,1
-15,47,1
23,-18,1
30,21,1
37,-19,1
0,48,1
-2,28,1
7,26,1
-30,19,1
-13,35,1
-12,42,1
25,-29,1
-6,-37,1
-26,17,1
29,-10,1
41,4,1
40,-22,1
-36,11,1
-42,15,1
-15,-26,1
48,-6,1
23,-16,1
-26,-39,1
23,-11,1
-32,-21,1
-7,35,1
-31,-8,1
-35,-11,1
26,16,1
28,-13,1
-16,-27,1
37,26,1
-34,-13,1
26,1,1
4,44,1
-43,7,1
-38,-31,1
-20,25,1
3,-29,1
-45,-20,1
22,44,1
36,27,1
-19,-28,1
33,-26,1
44,13,1
-42,-2,1
21,-15,1
-41,2,1
5,-41,1
-43,19,1
25,36,1
-41,-20,1
-42,1,1
-14,-26,1
-17,38,1
-24,30,1
18,-40,1
-30,28,1
39,-4,1
17,-30,1
43,14,1
22,-34,1
-23,18,1
14,36,1
44,-21,1
38,6,1
-2,42,1
43,-22,1
48,3,1
32,11,1
-17,21,1
-17,41,1
-21,-31,1
-33,-10,1
12,-34,1
-9,40,1
31,-12,1
-42,7,1
35,1,1
-32,23,1
-8,-38,1
-29,33,1
14,24,1
-6,-31,1
27,25,1
-46,-17,1
34,31,1
-33,-29,1
45,13,1
-27,-27,1
-25,9,1
9,28,1
20,-16,1
13,-46,1
-24,34,1
2,-49,1
-14,-38,1
-7,36,1
-36,-30,1
48,7,1
17,-30,1
-2,-25,1
-15,44,1
49,2,1
29,-21,1
31,35,1
-14,-22,1
-36,-3,1
-13,25,1
-38,31,1
-10,45,1
-26,19,1
28,-34,1
28,-9,1
2,-35,1
-27,40,1
-29,-20,1
40,-27,1
-30,-4,1
42,-20,1
-27,-9,1
6,-31,1
2,44,1
-32,5,1
0,-43,1
7,34,1
45,-12,1
-36,10,1
17,21,1
-10,34,1
-31,-2,1
-15,26,1
-31,31,1
23,-38,1
-29,-16,1
49,6,1
40,-19,1
-9,-27,1
-2,-34,1
24,-8,1
2,44,1
17,-41,1
29,-38,1
-25,-20,1
-8,-47,1
12,-23,1
16,-41,1
-27,-15,1
39,-22,1
-36,-3,1
12,-31,1
-24,-16,1
-31,-30,1
-26,7,1
19,24,1
-46,0,1
18,-44,1
-41,-20,1
-12,30,1
41,26,1
-27,-41,1
12,26,1
28,-10,1
-6,-42,1
13,-38,1
-26,-26,1
-6,38,1
-19,27,1
-43,20,1
-33,11,1
-26,10,1
-30,-7,1
4,-33,1
25,-15,1
35,-34,1
17,20,1
26,7,1
38,10,1
-3,-31,1
27,32,1
-21,43,1
32,1,1
-22,26,1
48,-7,1
-38,32,1
-16,22,1
-20,-17,1
19,37,1
31,-17,1
-19,17,1
-14,-37,1
-7,35,1
46,15,1
25,-16,1
-25,15,1
10,-41,1
-31,3,1
-31,-29,1
-33,8,1
42,-12,1
-6,-40,1
-18,24,1
-9,-44,1
10,36,1
22,-34,1
43,-13,1
20,38,1
34,6,1
-17,22,1
16,46,1
0,-47,1
-24,28,1
-1,42,1
3,-42,1
-39,28,1
-2,-39,1
35,-3,1
-42,-23,1
7,41,1
-30,-25,1
-3,-40,1
-5,-36,1
-6,-26,1
-35,-13,1
-4,-33,1
25,32,1
20,40,1
-34,18,1
-42,10,1
-6,-29,1
-34,23,1
24,-12,1
45,-8,1
10,-24,1
28,25,1
-15,28,1
-35,31,1
-10,-42,1
-17,-36,1
34,30,1
4,-34,1
23,-40,1
-34,13,1
-17,-35,1
-46,-15,1
-9,45,1
-25,21,1
0,-39,1
-41,1,1
-39,-5,1
-25,35,1
-16,26,1
-8,-38,1
0,-37,1
29,-19,1
7,43,1
23,25,1
-9,-39,1
-16,-40,1
-46,15,1
-36,-7,1
-49,7,1
-12,-35,1
-43,-11,1
-27,23,1
-22,-43,1
-39,28,1
40,7,1
-26,7,1
-5,-26,1
-19,-44,1
-13,23,1
34,-23,1
-33,-27,1
32,-34,1
17,24,1
-4,-29,1
0,41,1
22,15,1
25,-15,1
-3,-31,1
12,28,1
-15,37,1
-12,44,1
-31,-25,1
30,-18,1
-26,31,1
-23,21,1
28,3,1
-43,20,1
-46,-1,1
23,-20,1
18,36,1
17,30,1
42,-4,1
18,44,1
0,-32,1
-8,40,1
-23,-28,1
25,16,1
-7,37,1
-12,45,1
1,-28,1
1,-32,1
-13,-44,1
33,9,1
39,22,1
11,-31,1
-42,16,1
-16,-45,1
27,-42,1
29,37,1
-30,-39,1
15,-25,1
-33,-18,1
-32,1,1
14,-31,1
20,16,1
34,-26,1
-14,-22,1
40,15,1
10,35,1
31,-15,1
-33,24,1
-18,-37,1
34,-34,1
-35,10,1
-9,37,1
-37,-17,1
-28,-38,1
26,2,1
-41,-28,1
-38,11,1
7,-44,1
41,-24,1
43,-6,1
-27,-20,1
8,-47,1
5,35,1
-31,37,1
-31,8,1
-21,-34,1
-25,29,1
17,19,1
45,-9,1
34,-16,1
-17,-25,1
-40,1,1
-32,1,1
-5,-31,1
-7,-42,1
-25,-34,1
18,-18,1
49,-7,1
24,32,1
-37,8,1
20,-18,1
45,-19,1
-40,10,1
-36,-28,1
-32,-15,1
11,-37,1
-4,-33,1
36,-13,1
3,-31,1
-10,-29,1
-8,-29,1
17,-28,1
-26,9,1
31,28,1
33,28,1
23,-37,1
-23,12,1
20,-41,1
18,-35,1
-9,36,1
-18,-32,1
22,44,1
-11,31,1
19,20,1
-40,17,1
-190,102,0
10,215,0
-19,206,0
210,-4,0
222,34,0
20,216,0
-216,77,0
-200,54,0
54,-214,0
129,-182,0
-156,152,0
-30,-226,0
-192,93,0
-201,64,0
176,123,0
-41,207,0
195,-111,0
-177,-121,0
100,186,0
-120,189,0
-79,-203,0
-213,-24,0
211,50,0
206,47,0
179,-101,0
-163,145,0
215,-21,0
-198,59,0
19,-212,0
-206,-26,0
153,-159,0
180,128,0
192,-85,0
140,-151,0
-186,-110,0
-144,178,0
-78,200,0
-144,162,0
-76,210,0
171,130,0
120,-192,0
185,120,0
-223,37,0
-65,220,0
89,-190,0
145,166,0
149,143,0
71,-218,0
-8,228,0
40,-223,0
-150,150,0
115,-182,0
-220,-54,0
156,168,0
-204,-99,0
14,220,0
130,171,0
-191,-112,0
198,-89,0
-193,90,0
94,-199,0
-163,-147,0
-82,194,0
-149,-157,0
213,85,0
5,214,0
-181,104,0
223,-33,0
-191,78,0
145,175,0
-189,111,0
135,163,0
134,179,0
11,-227,0
150,163,0
-26,-206,0
-143,148,0
-223,-39,0
-213,61,0
-82,198,0
-93,204,0
209,-55,0
-160,-144,0
-140,-153,0
125,181,0
223,43,0
221,53,0
203,-52,0
80,-189,0
-212,60,0
189,-80,0
-152,147,0
225,9,0
-216,-51,0
24,223,0
106,181,0
213,-6,0
-53,209,0
98,207,0
-179,136,0
-148,-154,0
-215,-42,0
219,55,0
-145,-167,0
-119,191,0
74,215,0
200,58,0
20,222,0
190,-87,0
207,-90,0
-199,-57,0
-47,224,0
84,211,0
-220,-66,0
-85,208,0
69,-207,0
36,-226,0
192,104,0
-196,-66,0
-209,47,0
76,-200,0
133,163,0
10,-215,0
-219,10,0
101,-200,0
143,171,0
-145,147,0
-144,-152,0
13,215,0
161,-129,0
-212,-10,0
175,146,0
-129,-160,0
-186,105,0
-219,-13,0
-142,171,0
212,-65,0
194,96,0
192,101,0
106,-187,0
215,45,0
171,152,0
21,227,0
-174,115,0
-213,20,0
-41,210,0
-225,-11,0
213,15,0
-203,60,0
-31,-213,0
-170,154,0
-193,-107,0
222,-36,0
150,-151,0
44,204,0
199,-84,0
213,-17,0
66,218,0
85,193,0
116,-188,0
-205,-52,0
-3,-220,0
9,208,0
82,214,0
-33,218,0
173,121,0
-106,-190,0
209,31,0
-185,-118,0
-111,-186,0
205,97,0
-154,-147,0
193,-80,0
-136,184,0
229,4,0
107,197,0
165,-156,0
-122,182,0
193,-77,0
200,-94,0
100,-193,0
-28,-219,0
-109,178,0
-5,-219,0
198,72,0
204,86,0
-195,-111,0
-9,206,0
-184,-103,0
133,183,0
-209,-13,0
184,-91,0
-43,-220,0
-146,150,0
-17,-219,0
128,-175,0
-86,-208,0
182,135,0
-136,-182,0
175,108,0
-212,59,0
30,220,0
-199,79,0
216,34,0
-141,166,0
210,-64,0
-66,215,0
32,206,0
-161,155,0
204,59,0
195,106,0
212,32,0
141,156,0
3,217,0
20,-227,0
-179,122,0
53,200,0
129,-167,0
-210,87,0
133,-162,0
-182,104,0
-52,221,0
-218,45,0
-204,98,0
-217,17,0
95,-205,0
149,-167,0
-122,-166,0
201,76,0
-130,181,0
-188,117,0
-207,-35,0
-105,-189,0
-108,-180,0
-103,201,0
-219,-65,0
86,-197,0
208,-37,0
12,-207,0
156,155,0
22,-215,0
-98,-199,0
-34,225,0
130,-172,0
-183,-136,0
-209,79,0
-184,-101,0
70,-195,0
199,61,0
-128,-180,0
-93,-194,0
67,218,0
30,-220,0
222,-15,0
-202,-91,0
143,-149,0
119,-194,0
-204,30,0
-123,-185,0
-227,-30,0
197,-97,0
143,155,0
-206,-53,0
188,115,0
-173,124,0
-176,-148,0
-193,-120,0
215,-47,0
-214,-37,0
114,194,0
-89,-191,0
-205,57,0
186,97,0
-113,194,0
170,143,0
152,-142,0
202,40,0
188,-132,0
-206,79,0
20,225,0
-79,206,0
-209,13,0
-221,-3,0
11,-206,0
-8,221,0
186,115,0
184,96,0
-164,-138,0
45,207,0
-137,-158,0
215,-30,0
41,203,0
24,-211,0
-153,-149,0
159,159,0
-168,150,0
-43,202,0
-140,161,0
215,-60,0
-103,197,0
71,211,0
-24,-207,0
128,-167,0
-208,-51,0
-194,93,0
-208,-76,0
-138,180,0
-14,224,0
161,157,0
-175,136,0
208,20,0
203,100,0
93,-187,0
-188,101,0
63,-218,0
-104,192,0
-203,-108,0
-72,212,0
228,-25,0
-185,107,0
171,-138,0
80,-212,0
-120,-170,0
3,228,0
-220,57,0
108,-194,0
194,-77,0
-219,61,0
-218,-50,0
40,213,0
-25,225,0
-205,81,0
201,58,0
-115,-176,0
73,206,0
-201,-91,0
166,-155,0
-104,-183,0
-182,134,0
-63,-221,0
178,-106,0
163,-133,0
21,-229,0
-220,30,0
-186,-129,0
-60,-217,0
183,100,0
-112,-188,0
-130,-188,0
133,161,0
-44,211,0
-88,-186,0
180,-106,0
115,-180,0
113,174,0
-212,-86,0
204,54,0
153,146,0
224,-6,0
102,-188,0
-206,39,0
123,187,0
-157,-144,0
181,-110,0
-14,219,0
-151,-172,0
-197,-64,0
-215,-17,0
-183,109,0
-195,116,0
-154,143,0
77,-203,0
206,93,0
181,100,0
-85,188,0
-119,-168,0
-192,119,0
-222,-9,0
-115,183,0
205,17,0
153,156,0
220,-45,0
-157,132,0
-155,-162,0
-171,-142,0
-166,157,0
207,62,0
171,147,0
-90,-190,0
201,59,0
-203,62,0
141,166,0
-168,-147,0
-217,64,0
-137,-166,0
-201,-103,0
-205,-13,0
35,-217,0
-210,-9,0
60,-204,0
192,-96,0
-81,196,0
64,196,0
141,-174,0
-208,30,0
-147,-155,0
-185,114,0
201,56,0
-175,-126,0
-56,-203,0
94,-188,0
-12,227,0
-14,-211,0
166,143,0
-192,122,0
-228,13,0
-76,-217,0
-224,-51,0
148,175,0
202,94,0
-213,9,0
68,203,0
217,-64,0
151,-169,0
-37,203,0
112,197,0
130,-170,0
-196,103,0
208,-61,0
163,143,0
190,-88,0
-91,203,0
48,217,0
209,37,0
181,-134,0
-123,-170,0
18,214,0
92,209,0
175,-135,0
-117,171,0
45,-213,0
94,194,0
92,195,0
32,218,0
206,-31,0
-41,-214,0
-66,212,0
-201,100,0
72,215,0
-207,-1,0
-133,-157,0
45,205,0
191,82,0
97,-208,0
-216,-79,0
215,8,0
62,212,0
203,-44,0
46,-220,0
-15,-211,0
90,198,0
214,-28,0
161,-128,0
-169,134,0
192,-120,0
206,83,0
-89,198,0
-193,-104,0
210,34,0
153,140,0
-222,-26,0
-26,228,0
104,177,0
-76,207,0
-71,212,0
-92,202,0
170,142,0
147,-174,0
35,-216,0
15,223,0
-4,-221,0
212,30,0
226,7,0
168,-156,0
-109,-175,0
-212,-44,0
-66,-217,0
150,164,0
-17,226,0
204,-74,0
-106,-188,0
12,-208,0
-200,65,0
-40,207,0
-184,97,0
-109,-180,0
-151,-169,0
-99,-187,0
29,-227,0
190,123,0
