-6,-47,1
9,-29,1
-8,26,1
-14,-37,1
-46,-15,1
38,-31,1
36,-6,1
46,-18,1
3,45,1
-4,-37,1
24,-12,1
-37,4,1
-6,-43,1
28,-4,1
-35,17,1
40,-12,1
-10,28,1
36,-22,1
-7,-26,1
0,-41,1
11,32,1
34,27,1
-39,-3,1
-5,-44,1
48,-1,1
-29,39,1
-13,25,1
-35,14,1
11,37,1
1,46,1
-12,47,1
-9,32,1
-26,37,1
-37,-18,1
-15,46,1
26,13,1
19,46,1
-42,-1,1
-24,-23,1
-9,-32,1
-39,3,1
39,-27,1
33,-27,1
29,10,1
-17,39,1
-14,-44,1
5,48,1
-40,-22,1
-34,14,1
-33,-8,1
19,-31,1
-33,-1,1
31,-13,1
3,-49,1
44,18,1
38,-31,1
22,15,1
2,25,1
-39,13,1
33,-15,1
-38,5,1
26,5,1
-32,14,1
36,-29,1
33,-32,1
31,6,1
-16,-25,1
3,34,1
20,-44,1
-43,-3,1
-31,-5,1
-15,45,1
40,8,1
-3,46,1
22,-39,1
-23,40,1
-28,-30,1
32,29,1
36,-9,1
-11,-31,1
23,11,1
31,-3,1
46,7,1
-25,7,1
-1,-44,1
27,3,1
28,-1,1
-44,18,1
-14,-33,1
21,37,1
-17,40,1
2,-31,1
-5,-43,1
17,40,1
-22,27,1
-38,-23,1
35,12,1
-31,28,1
-43,12,1
-30,-4,1
39,4,1
33,34,1
-47,7,1
38,14,1
-34,-3,1
13,-34,1
-42,-18,1
28,24,1
-33,-21,1
-25,6,1
32,19,1
-17,-35,1
34,9,1
31,-20,1
6,49,1
39,0,1
38,24,1
-29,-26,1
-24,-13,1
7,-29,1
11,-35,1
32,23,1
-20,25,1
-32,19,1
18,-44,1
-30,-24,1
-47,12,1
-18,-33,1
-17,36,1
33,30,1
1,-30,1
-46,-4,1
-31,-22,1
-21,42,1
5,-44,1
34,-5,1
-41,25,1
43,14,1
-43,8,1
30,33,1
36,-13,1
16,33,1
48,-1,1
33,-7,1
9,43,1
-18,-33,1
43,-1,1
-35,6,1
47,-5,1
-4,-44,1
24,33,1
30,-5,1
-37,12,1
-44,-21,1
33,17,1
-22,43,1
30,-4,1
27,-20,1
18,23,1
-11,-32,1
-40,10,1
-30,-20,1
35,-30,1
-35,2,1
-13,-46,1
49,-5,1
-3,46,1
-36,-16,1
-43,-23,1
-26,26,1
28,12,1
-20,30,1
-31,-15,1
-42,26,1
-34,34,1
40,14,1
-46,-14,1
0,-42,1
32,21,1
-12,-38,1
-28,17,1
-9,-49,1
35,33,1
-27,-41,1
25,41,1
-18,25,1
20,25,1
27,-34,1
45,-19,1
-16,-22,1
-25,35,1
-25,13,1
-25,-15,1
1,-46,1
-42,12,1
25,23,1
-29,2,1
22,-41,1
7,49,1
47,2,1
-38,9,1
0,-44,1
46,17,1
9,46,1
32,33,1
27,-27,1
-16,47,1
2,32,1
15,-37,1
24,-17,1
-31,25,1
-24,20,1
16,38,1
-28,-9,1
-36,10,1
41,0,1
47,-4,1
28,4,1
-9,-37,1
-18,-36,1
-10,32,1
-42,-25,1
-45,-10,1
26,-20,1
21,-16,1
1,-40,1
37,17,1
24,-29,1
-21,43,1
-14,-27,1
6,28,1
-5,30,1
29,29,1
-43,16,1
0,-27,1
-18,34,1
-23,12,1
37,4,1
36,8,1
2,-27,1
-29,-3,1
-39,-20,1
-3,-48,1
3,40,1
-41,-22,1
23,-18,1
-12,39,1
-46,10,1
16,-42,1
19,-19,1
28,-6,1
19,18,1
-17,-23,1
39,-21,1
-10,40,1
12,-42,1
-6,45,1
-29,-27,1
3,-46,1
20,-21,1
-34,3,1
8,43,1
-18,-26,1
26,5,1
42,20,1
-11,-48,1
-14,25,1
-26,-32,1
47,12,1
-6,-29,1
-42,15,1
40,28,1
19,-21,1
22,-32,1
34,0,1
-16,42,1
18,18,1
-33,-7,1
-3,37,1
-7,-36,1
-16,28,1
-25,18,1
10,-47,1
-44,2,1
-25,-27,1
-6,-36,1
-26,-4,1
49,-5,1
9,35,1
-17,38,1
46,-13,1
-3,36,1
-43,18,1
-33,-30,1
-33,5,1
-15,22,1
9,36,1
38,-16,1
-21,38,1
15,-40,1
-34,-21,1
23,34,1
5,-49,1
12,-32,1
24,27,1
-21,-44,1
33,-33,1
34,-33,1
38,-12,1
19,-37,1
-18,37,1
-24,-9,1
22,21,1
14,43,1
-9,47,1
-26,-25,1
19,40,1
27,-9,1
-32,15,1
-18,38,1
24,-12,1
-45,-12,1
26,-15,1
12,23,1
16,-25,1
36,10,1
-33,14,1
33,-21,1
-36,-6,1
-38,21,1
-22,12,1
41,-26,1
-10,-45,1
45,-20,1
-26,2,1
32,7,1
28,-9,1
-10,-46,1
12,-47,1
30,3,1
-8,37,1
28,12,1
-22,-12,1
-40,18,1
6,-44,1
-42,0,1
47,12,1
-8,-31,1
8,-41,1
-26,2,1
0,-26,1
29,-24,1
38,-19,1
24,26,1
-5,46,1
1,35,1
-18,-46,1
-27,-16,1
0,31,1
-23,38,1
20,40,1
-30,29,1
48,-10,1
-27,-40,1
40,19,1
23,-14,1
20,-33,1
18,-43,1
-27,42,1
-32,-32,1
-33,4,1
-19,-35,1
3,44,1
-30,-1,1
4,-43,1
-22,42,1
-33,-16,1
-30,1,1
23,-12,1
-11,-38,1
-31,5,1
-27,32,1
26,41,1
16,-37,1
22,-12,1
-32,-38,1
-41,3,1
-42,-6,1
40,6,1
-49,9,1
48,-1,1
-36,29,1
-43,0,1
-6,-38,1
-28,37,1
-14,35,1
25,-32,1
20,29,1
35,30,1
37,-21,1
-8,-28,1
26,-1,1
-25,-11,1
32,7,1
13,-28,1
-35,4,1
-32,-32,1
48,-10,1
-16,41,1
-40,-10,1
39,-13,1
-14,-28,1
-22,-16,1
-21,-20,1
26,-28,1
-29,-38,1
43,12,1
-16,33,1
13,37,1
-45,-3,1
-41,-6,1
32,-33,1
22,17,1
-24,16,1
36,-29,1
-41,19,1
-32,-24,1
34,-24,1
-8,-47,1
-34,11,1
-27,3,1
-21,-16,1
7,30,1
-20,-29,1
49,-7,1
-14,47,1
44,-17,1
25,8,1
-38,14,1
-43,22,1
27,35,1
-32,38,1
-43,-19,1
26,-4,1
-4,-48,1
-42,-6,1
30,-37,1
-23,-11,1
28,28,1
35,-32,1
-11,-43,1
-16,-47,1
9,48,1
-3,36,1
-24,25,1
36,0,1
-36,7,1
20,24,1
25,37,1
-2,-32,1
-15,20,1
34,26,1
4,36,1
-38,-26,1
-41,12,1
15,46,1
32,19,1
-7,47,1
-47,-5,1
45,-2,1
11,-30,1
-20,-35,1
-32,12,1
-2,40,1
30,15,1
35,-5,1
-3,-43,1
-4,-49,1
-18,30,1
-41,-12,1
-39,-30,1
32,32,1
-1,30,1
-19,41,1
-21,-36,1
2,45,1
29,-31,1
3,43,1
-34,20,1
30,-21,1
-35,-8,1
18,23,1
29,6,1
-22,12,1
12,-45,1
27,-25,1
-13,-30,1
-22,35,1
43,-12,1
-15,-26,1
-58,-198,0
213,-25,0
-187,77,0
-154,152,0
-105,175,0
121,-166,0
-190,-55,0
105,168,0
-39,-208,0
166,-139,0
-206,30,0
46,205,0
20,198,0
-20,-203,0
-143,-154,0
200,-6,0
-189,82,0
-188,54,0
90,179,0
207,42,0
144,-140,0
155,-123,0
180,85,0
188,-83,0
-154,-122,0
-116,163,0
197,81,0
170,120,0
196,22,0
125,176,0
-128,-174,0
206,6,0
-62,209,0
128,-166,0
-213,47,0
31,-196,0
-197,-45,0
-189,77,0
159,145,0
83,-187,0
-157,146,0
-198,10,0
-41,194,0
-31,-205,0
174,127,0
112,186,0
-120,170,0
-141,-138,0
181,119,0
79,-204,0
-95,-187,0
-167,-109,0
-201,31,0
39,-204,0
-181,75,0
-185,-89,0
149,135,0
74,-206,0
-131,-152,0
-162,128,0
169,-110,0
145,-152,0
-211,-13,0
179,-85,0
209,17,0
-162,-118,0
201,61,0
-149,-141,0
-103,-176,0
-127,-179,0
204,-6,0
-184,-98,0
189,102,0
104,-179,0
-135,150,0
-71,-204,0
211,5,0
-85,-177,0
-26,-199,0
166,103,0
133,-161,0
198,-52,0
119,185,0
197,50,0
-202,-42,0
64,198,0
168,117,0
-79,-204,0
194,23,0
53,-199,0
132,152,0
78,-185,0
-194,-23,0
209,29,0
-84,-182,0
69,-191,0
56,-195,0
158,-141,0
109,163,0
-196,-22,0
-79,-188,0
-218,29,0
-194,-43,0
42,-204,0
-202,-5,0
177,-102,0
214,0,0
173,133,0
-193,70,0
139,159,0
-206,-6,0
175,98,0
-206,-11,0
23,-209,0
100,-191,0
203,-42,0
169,-139,0
45,-207,0
139,-138,0
206,-50,0
-98,193,0
74,-197,0
-112,-164,0
91,-197,0
-114,177,0
-197,-66,0
-215,-20,0
66,-207,0
-199,-78,0
65,202,0
210,-64,0
-64,190,0
-199,23,0
154,-131,0
-39,203,0
-145,136,0
-36,216,0
106,-192,0
198,43,0
-13,200,0
-19,218,0
-200,84,0
-78,202,0
-196,-5,0
-203,14,0
157,118,0
181,103,0
175,-130,0
19,219,0
-205,-58,0
-198,31,0
-64,187,0
-51,-195,0
44,211,0
-139,-167,0
164,-140,0
-204,-43,0
166,-130,0
127,-179,0
-93,-199,0
-200,21,0
205,-6,0
167,-141,0
-86,182,0
-25,204,0
193,53,0
-29,210,0
-100,188,0
-10,202,0
192,-53,0
-38,214,0
-9,-213,0
-81,-198,0
217,-19,0
-121,176,0
77,184,0
96,-197,0
-134,161,0
-109,182,0
61,-186,0
-79,187,0
169,-120,0
-204,-27,0
-204,-2,0
-198,6,0
-201,89,0
-163,122,0
106,-189,0
-80,-200,0
-137,145,0
24,-216,0
124,180,0
137,140,0
196,-19,0
189,109,0
-193,78,0
-197,-14,0
206,-55,0
162,-109,0
67,-193,0
-178,-121,0
90,-183,0
158,147,0
176,-124,0
-131,150,0
189,71,0
202,48,0
88,192,0
-212,46,0
-159,139,0
178,-103,0
120,-174,0
8,-203,0
179,90,0
211,13,0
-55,-207,0
-214,37,0
94,178,0
160,143,0
162,117,0
-206,-42,0
25,-206,0
-53,-188,0
-136,-141,0
-186,64,0
-198,88,0
-117,-170,0
-139,167,0
53,210,0
-22,203,0
62,187,0
130,160,0
1,-212,0
-157,-124,0
183,75,0
182,108,0
199,66,0
181,-82,0
-101,-176,0
-215,-35,0
118,176,0
209,30,0
-76,-193,0
-106,192,0
-66,188,0
-191,-106,0
209,-9,0
-175,90,0
103,168,0
188,107,0
191,68,0
115,-158,0
-178,-118,0
105,-176,0
47,-196,0
-194,-66,0
-206,-20,0
130,169,0
206,-28,0
-196,-37,0
61,-204,0
-77,187,0
204,-1,0
-21,210,0
186,75,0
-77,195,0
-121,-174,0
56,191,0
-211,-14,0
119,-176,0
-154,-126,0
69,187,0
-42,210,0
205,43,0
202,51,0
195,42,0
-151,-136,0
199,44,0
18,218,0
213,27,0
215,-11,0
106,169,0
200,17,0
217,33,0
8,-211,0
-55,-207,0
165,131,0
-204,30,0
-204,9,0
-212,47,0
-179,86,0
116,-186,0
-74,204,0
-211,45,0
-174,-110,0
155,-156,0
-174,97,0
-12,-201,0
-197,-31,0
174,-108,0
201,73,0
37,206,0
-176,100,0
-49,198,0
-10,-203,0
-189,61,0
-131,-168,0
-159,-151,0
-130,-154,0
-98,173,0
-115,-159,0
73,205,0
-63,189,0
196,29,0
-102,170,0
-111,184,0
41,-204,0
200,-19,0
-206,-26,0
188,-113,0
176,88,0
-60,-200,0
164,129,0
154,124,0
-97,180,0
-92,-197,0
-51,-210,0
178,-121,0
210,-19,0
159,-116,0
-196,-11,0
193,-104,0
196,-65,0
190,-79,0
195,35,0
-119,183,0
72,198,0
-183,83,0
-162,114,0
-133,144,0
101,-186,0
-213,-1,0
211,-39,0
180,-99,0
62,202,0
-62,189,0
-149,161,0
26,203,0
200,70,0
111,187,0
-123,-165,0
94,-187,0
15,200,0
147,-144,0
-117,-180,0
-202,7,0
138,162,0
-37,-216,0
195,-55,0
-113,170,0
218,-27,0
-168,-114,0
-198,-23,0
170,-110,0
140,-156,0
-81,194,0
-197,54,0
10,208,0
-86,201,0
-181,-113,0
171,98,0
-186,-105,0
116,165,0
-158,149,0
-132,150,0
-139,139,0
-181,-123,0
-188,-106,0
46,-211,0
44,-200,0
-202,-68,0
-211,49,0
19,211,0
-190,107,0
-188,-57,0
143,-146,0
63,-188,0
-185,111,0
-212,-26,0
100,192,0
196,-91,0
72,-201,0
-41,197,0
47,-201,0
159,124,0
141,140,0
-14,-208,0
59,189,0
-148,143,0
-28,197,0
212,-46,0
-69,190,0
-107,174,0
167,-132,0
-186,-88,0
-187,-103,0
67,-187,0
204,-64,0
23,204,0
-210,62,0
-191,-55,0
207,-22,0
-108,-167,0
-163,-145,0
29,209,0
212,6,0
-184,-80,0
209,-29,0
172,125,0
-9,-202,0
193,-55,0
210,51,0
-200,51,0
-146,-141,0
-128,-171,0
205,42,0
198,-23,0
69,197,0
-202,72,0
-26,-215,0
184,92,0
-208,70,0
-181,86,0
151,159,0
77,185,0
-161,121,0
198,20,0
-58,202,0
-80,192,0
210,20,0
-163,-109,0
200,-75,0
34,209,0
82,-194,0
-211,36,0
150,160,0
-166,140,0
-109,182,0
166,-142,0
168,108,0
196,89,0
-24,204,0
143,159,0
-39,198,0
107,178,0
75,-192,0
-147,161,0
-212,-47,0
-45,197,0
-9,198,0
112,161,0
-159,-115,0
27,-216,0
-199,21,0
61,-203,0
-206,-50,0
-6,-216,0
-186,68,0
-124,164,0
-199,-18,0
207,-60,0
-203,77,0
-207,53,0
18,216,0
105,-191,0
194,100,0
163,128,0
-34,-193,0
-186,60,0
196,-51,0
144,-139,0
-113,169,0
46,199,0
-190,110,0
-63,-209,0
-29,-215,0
49,-197,0
146,130,0
-49,204,0
-213,-7,0
144,-166,0
105,-177,0
-141,151,0
196,-4,0
110,168,0
-111,-188,0
215,-38,0
108,-183,0
-88,183,0
-14,-214,0
