42,11,1
-25,43,1
28,-8,1
2,35,1
-18,-34,1
-6,25,1
-42,-25,1
36,29,1
-28,24,1
7,-38,1
-42,-3,1
-27,18,1
-20,25,1
17,-26,1
40,-13,1
-8,30,1
-7,-31,1
-21,-20,1
-40,18,1
-32,17,1
32,-12,1
1,27,1
9,-26,1
39,31,1
15,-28,1
-29,-7,1
-37,28,1
12,31,1
10,31,1
-27,24,1
-26,9,1
35,11,1
-20,-17,1
2,32,1
0,43,1
41,-5,1
39,-29,1
-34,-23,1
41,14,1
13,-22,1
41,27,1
24,13,1
-44,20,1
16,20,1
-22,-17,1
-19,-21,1
41,16,1
-42,-23,1
29,12,1
43,4,1
33,30,1
17,-38,1
4,-46,1
-49,-4,1
26,-16,1
-26,41,1
-24,41,1
-36,-4,1
-37,6,1
-25,-38,1
38,-22,1
-17,-29,1
2,33,1
39,-19,1
-22,12,1
-4,42,1
40,-20,1
-16,-30,1
-36,-20,1
-33,29,1
-10,42,1
8,-34,1
24,34,1
27,9,1
43,-3,1
-28,-38,1
1,-49,1
8,-41,1
38,29,1
-12,32,1
-1,-36,1
-44,-11,1
30,-7,1
23,14,1
31,-25,1
41,24,1
-26,9,1
-37,1,1
46,-6,1
4,45,1
-36,13,1
-46,18,1
-37,-21,1
11,-48,1
36,10,1
-37,-9,1
-20,20,1
24,14,1
-30,27,1
43,7,1
-38,31,1
25,37,1
-9,-35,1
-30,7,1
-26,31,1
34,-20,1
36,0,1
3,32,1
-30,10,1
-16,-43,1
30,-4,1
-47,-2,1
-49,-4,1
21,-37,1
26,7,1
32,-29,1
-2,26,1
20,44,1
-11,24,1
27,39,1
-9,-47,1
-35,16,1
11,38,1
-27,28,1
-8,-43,1
-4,-45,1
19,-32,1
-23,44,1
-32,-23,1
19,-37,1
28,41,1
21,43,1
-35,-14,1
5,-42,1
-8,47,1
-24,-31,1
25,-26,1
15,-27,1
19,36,1
-27,28,1
-19,22,1
-9,33,1
-44,-12,1
30,30,1
49,-6,1
19,-19,1
12,-25,1
-33,1,1
-37,-3,1
26,-27,1
-40,-1,1
-20,-32,1
46,-2,1
-18,-24,1
-25,41,1
33,-28,1
-35,7,1
28,-4,1
-9,35,1
-40,-26,1
11,-25,1
-40,-13,1
40,3,1
23,31,1
-28,-36,1
-25,42,1
31,28,1
-27,37,1
31,19,1
-29,-4,1
-1,45,1
-12,35,1
27,-40,1
29,-24,1
19,20,1
-13,44,1
-24,-7,1
10,40,1
-2,45,1
32,-17,1
-13,-24,1
16,-46,1
-27,-17,1
-42,-11,1
33,11,1
14,42,1
-22,-21,1
13,-45,1
20,-25,1
-37,1,1
-34,-21,1
-9,-30,1
-46,-18,1
20,45,1
-5,27,1
-42,-8,1
-17,20,1
19,38,1
-29,24,1
8,24,1
2,48,1
35,4,1
20,-23,1
15,-22,1
2,30,1
-29,40,1
42,23,1
30,19,1
36,-4,1
-18,-21,1
-41,-25,1
30,36,1
13,44,1
-34,28,1
16,47,1
36,-17,1
49,2,1
34,-15,1
17,-43,1
28,40,1
-22,32,1
-28,-5,1
41,2,1
21,24,1
-6,38,1
-11,-24,1
4,-28,1
45,-5,1
-18,-32,1
21,35,1
38,22,1
-34,1,1
-12,-43,1
35,31,1
-8,-27,1
30,-36,1
13,38,1
-41,24,1
-22,35,1
-12,-36,1
-19,-41,1
18,42,1
27,27,1
19,24,1
28,37,1
27,24,1
-22,13,1
-25,-26,1
-25,8,1
19,-27,1
32,38,1
23,-11,1
2,32,1
45,18,1
-18,-28,1
-38,-13,1
27,-38,1
-24,36,1
26,-10,1
6,-29,1
43,15,1
-13,35,1
17,36,1
-43,15,1
37,-9,1
39,0,1
-48,7,1
32,-35,1
33,-10,1
48,-11,1
-35,-31,1
41,19,1
9,40,1
16,29,1
-29,9,1
-5,44,1
42,-24,1
-39,-28,1
6,-43,1
-38,-25,1
29,-39,1
-8,-33,1
-7,39,1
29,24,1
30,-18,1
-42,27,1
24,-33,1
-38,-29,1
28,-24,1
18,34,1
-34,-6,1
19,41,1
47,7,1
-6,-40,1
-14,42,1
-10,34,1
-9,-38,1
-31,32,1
36,-11,1
-15,22,1
-23,-34,1
-18,-30,1
43,18,1
-1,-48,1
10,29,1
-5,41,1
-24,-12,1
24,-11,1
-38,-22,1
18,-45,1
-22,31,1
48,14,1
-1,49,1
-29,-33,1
-9,-40,1
22,-29,1
-7,36,1
20,39,1
10,38,1
9,27,1
25,36,1
28,27,1
-8,-49,1
-32,-25,1
4,40,1
-42,4,1
-27,29,1
12,27,1
39,27,1
40,-8,1
-24,14,1
47,6,1
-25,-22,1
38,27,1
16,-43,1
-39,-19,1
41,-9,1
-24,24,1
-40,-23,1
28,19,1
-34,6,1
-23,-19,1
16,-35,1
21,-20,1
23,-30,1
-33,32,1
-13,32,1
46,-13,1
-45,10,1
-35,9,1
19,-45,1
-20,-36,1
21,-19,1
8,-31,1
2,-38,1
15,39,1
47,6,1
16,-45,1
29,1,1
-17,25,1
28,-17,1
32,-15,1
-3,-37,1
-37,-9,1
7,38,1
47,-6,1
18,-46,1
41,11,1
-39,-10,1
6,-35,1
-9,41,1
36,-13,1
9,-49,1
-6,-36,1
32,14,1
-42,-1,1
-3,43,1
31,-3,1
15,47,1
35,10,1
35,-29,1
-29,27,1
-15,-41,1
18,-24,1
-3,49,1
49,8,1
18,35,1
26,23,1
-37,33,1
45,-3,1
-15,-39,1
25,13,1
37,-24,1
-24,-31,1
-35,-26,1
-19,24,1
17,39,1
-27,6,1
-15,-30,1
-43,3,1
-37,-30,1
25,25,1
17,31,1
-26,-42,1
-23,39,1
-33,29,1
8,45,1
-4,35,1
48,-9,1
-7,-45,1
-47,12,1
-6,35,1
45,-8,1
16,-25,1
26,39,1
23,23,1
-22,22,1
-21,-40,1
2,48,1
34,31,1
29,1,1
15,-37,1
-10,31,1
32,16,1
12,-45,1
16,-25,1
-48,-3,1
47,-14,1
-16,47,1
22,24,1
-39,29,1
-16,32,1
-9,-27,1
-9,46,1
-38,5,1
23,-27,1
-15,28,1
-43,-17,1
33,8,1
-18,44,1
23,10,1
33,-24,1
17,42,1
-36,0,1
-30,-8,1
31,3,1
0,25,1
18,-35,1
33,-12,1
-43,22,1
7,-36,1
-38,-17,1
41,-9,1
-26,38,1
-27,25,1
-22,42,1
28,26,1
-17,-33,1
12,-24,1
-32,-17,1
-15,-28,1
23,19,1
30,38,1
34,34,1
26,19,1
-10,30,1
32,11,1
9,47,1
-28,1,1
-35,-3,1
25,14,1
-34,-1,1
-2,-30,1
-49,-2,1
3,-39,1
-21,44,1
-28,38,1
-41,22,1
-30,23,1
6,42,1
-19,29,1
-31,15,1
37,6,1
-19,-33,1
-29,23,1
30,25,1
-22,-34,1
-25,-27,1
25,-1,1
8,-44,1
44,18,1
44,19,1
34,11,1
-4,37,1
-16,44,1
9,49,1
-3,-48,1
14,43,1
8,44,1
44,3,1
87,176,0
185,71,0
68,187,0
-57,204,0
70,186,0
-83,187,0
-190,-108,0
61,201,0
-180,-117,0
45,206,0
177,101,0
-109,-166,0
-34,193,0
211,2,0
2,199,0
-91,194,0
-212,-35,0
-205,-18,0
23,198,0
90,186,0
-133,-168,0
139,159,0
-11,-219,0
-197,-43,0
-192,-107,0
136,161,0
163,137,0
-211,53,0
171,-112,0
-207,31,0
-197,39,0
95,-195,0
138,159,0
96,-182,0
11,196,0
-144,-146,0
-58,204,0
189,69,0
105,-175,0
-96,194,0
-12,-212,0
203,-59,0
217,-34,0
-198,84,0
-50,-202,0
-6,-196,0
113,165,0
185,83,0
111,-171,0
-15,-206,0
9,199,0
16,-218,0
68,196,0
156,125,0
-38,214,0
-183,80,0
-158,147,0
202,-40,0
159,130,0
134,148,0
-113,-159,0
-33,197,0
190,98,0
93,-197,0
-202,-78,0
102,178,0
-213,48,0
-207,33,0
-59,189,0
204,-4,0
196,46,0
177,125,0
-128,167,0
199,65,0
12,-218,0
-120,-174,0
96,176,0
-184,-82,0
199,-7,0
-82,177,0
186,68,0
-49,197,0
-16,209,0
93,-180,0
95,192,0
38,-214,0
111,186,0
123,161,0
-187,-115,0
-78,204,0
-130,-171,0
188,66,0
133,-159,0
-187,60,0
197,62,0
-191,71,0
-184,-108,0
112,172,0
125,172,0
212,-10,0
44,-203,0
-216,-25,0
-113,164,0
185,-82,0
204,72,0
-105,183,0
-156,-140,0
131,150,0
167,-136,0
-124,-155,0
-184,85,0
48,193,0
-143,141,0
-170,135,0
-149,-143,0
-55,-201,0
159,-135,0
119,-155,0
-197,-97,0
-10,-206,0
142,150,0
199,-48,0
-199,93,0
-116,167,0
-178,-87,0
198,88,0
-18,204,0
197,79,0
-207,32,0
73,-187,0
133,-170,0
-176,-105,0
-153,-143,0
146,163,0
-127,-159,0
58,187,0
44,201,0
-103,-179,0
-209,61,0
-185,-89,0
122,173,0
168,138,0
106,-186,0
184,117,0
88,184,0
206,-24,0
-65,191,0
-183,84,0
173,-123,0
-211,37,0
-165,137,0
52,210,0
194,-62,0
164,-140,0
-210,49,0
-158,119,0
-42,-214,0
-101,177,0
213,4,0
73,-189,0
168,122,0
-121,157,0
124,156,0
5,-210,0
-144,142,0
-34,-196,0
-200,63,0
39,193,0
104,191,0
-207,-42,0
-155,-149,0
-199,-18,0
124,160,0
-119,-168,0
-191,93,0
-176,114,0
119,-162,0
-108,-180,0
201,-5,0
166,131,0
-188,-58,0
-160,123,0
200,-64,0
182,113,0
109,188,0
107,185,0
207,47,0
25,215,0
95,-184,0
-117,163,0
193,-79,0
190,-54,0
-154,143,0
198,-76,0
-72,-186,0
86,194,0
-155,-135,0
68,-192,0
167,121,0
-92,186,0
2,-204,0
155,-154,0
-171,-118,0
210,51,0
124,-158,0
197,-4,0
-147,149,0
-197,-81,0
126,-158,0
97,186,0
-172,-135,0
65,-191,0
-93,184,0
160,114,0
-166,127,0
-182,-116,0
-38,-202,0
122,-168,0
-112,169,0
211,38,0
-183,101,0
-183,-106,0
126,178,0
199,-89,0
-178,-97,0
201,47,0
-6,-206,0
-26,211,0
158,153,0
-50,208,0
-187,76,0
-170,-97,0
200,43,0
148,-143,0
-128,-156,0
23,202,0
-178,104,0
-210,44,0
-96,174,0
-5,-213,0
198,-87,0
15,197,0
-156,120,0
-196,-49,0
186,-83,0
60,196,0
-65,193,0
103,173,0
189,-85,0
-50,190,0
177,127,0
189,49,0
-40,201,0
-18,-198,0
-155,-127,0
-182,104,0
85,190,0
-211,12,0
82,-199,0
-197,28,0
-108,178,0
-199,-18,0
142,-143,0
11,198,0
198,-38,0
-24,-200,0
-154,-151,0
41,195,0
-37,-203,0
141,145,0
183,-99,0
152,-139,0
187,114,0
-6,-209,0
66,-193,0
-135,172,0
-95,-175,0
118,171,0
-30,-214,0
36,-194,0
-97,173,0
-164,143,0
-43,191,0
173,113,0
-10,216,0
114,-179,0
-192,53,0
98,176,0
76,-195,0
153,154,0
-184,-93,0
-148,-136,0
179,121,0
211,26,0
-28,-204,0
208,40,0
-165,-121,0
195,49,0
-173,-131,0
195,68,0
-203,9,0
-199,22,0
-200,-60,0
-210,-37,0
63,199,0
-28,215,0
59,189,0
-53,-206,0
7,199,0
142,142,0
-149,161,0
-75,192,0
203,-1,0
-1,195,0
-13,197,0
8,-208,0
-182,95,0
-189,56,0
71,196,0
-106,-187,0
202,-28,0
108,170,0
208,69,0
-200,-6,0
215,-10,0
157,-131,0
195,59,0
-149,-138,0
-20,201,0
192,86,0
196,20,0
-83,202,0
-73,189,0
-150,-133,0
-140,144,0
-201,27,0
202,-78,0
-168,106,0
-28,-198,0
-159,-113,0
-151,140,0
166,133,0
195,83,0
-185,-110,0
31,201,0
113,-180,0
-125,156,0
174,-101,0
-73,-188,0
210,-4,0
-204,51,0
161,124,0
31,217,0
202,-66,0
-65,192,0
161,-138,0
131,-174,0
173,-108,0
-216,5,0
147,150,0
-8,204,0
184,-72,0
-20,-206,0
216,7,0
-205,34,0
-203,-25,0
-138,148,0
174,-133,0
-136,152,0
18,197,0
210,35,0
-197,8,0
156,-145,0
155,146,0
144,135,0
-186,84,0
122,160,0
-185,108,0
-84,200,0
-158,134,0
204,-7,0
204,47,0
-165,-115,0
39,202,0
168,107,0
137,172,0
13,-207,0
-132,169,0
200,32,0
98,-181,0
110,-178,0
177,92,0
-77,-201,0
111,171,0
125,-181,0
162,-137,0
-112,-176,0
117,-168,0
199,38,0
121,-156,0
-177,-124,0
183,97,0
-126,166,0
-177,-128,0
-92,188,0
-51,-204,0
-158,140,0
172,107,0
-47,-190,0
15,-209,0
8,-215,0
143,148,0
180,-85,0
-138,158,0
-80,183,0
121,160,0
168,-142,0
174,96,0
201,-33,0
-81,186,0
-173,-97,0
-147,-157,0
189,-60,0
-68,-198,0
-115,175,0
136,-157,0
-174,116,0
-69,-199,0
141,-138,0
-43,-199,0
195,-59,0
52,195,0
-2,-206,0
-184,-117,0
-99,184,0
177,-116,0
9,215,0
147,151,0
128,-153,0
173,-97,0
192,46,0
61,-197,0
204,62,0
157,144,0
-13,-199,0
108,-181,0
-160,113,0
194,40,0
-144,-161,0
-89,192,0
-150,-134,0
71,-186,0
84,178,0
-185,-105,0
-113,-160,0
159,127,0
172,103,0
216,26,0
0,197,0
23,210,0
-10,-206,0
41,-208,0
202,51,0
93,-185,0
-163,128,0
-165,-112,0
-22,-208,0
-194,-34,0
-202,-15,0
196,-33,0
-201,78,0
200,79,0
185,89,0
197,-28,0
204,71,0
-204,-68,0
-145,-138,0
204,75,0
-128,-175,0
-86,-182,0
-84,179,0
35,-211,0
183,118,0
169,-137,0
-210,-61,0
-213,-32,0
-141,151,0
-207,10,0
-103,-182,0
178,92,0
-147,-144,0
-112,169,0
-188,-72,0
-154,-155,0
-197,-21,0
193,86,0
28,206,0
128,-171,0
-185,-71,0
81,-204,0
