-26,-27,1
18,36,1
-40,-6,1
-9,29,1
26,8,1
-3,-42,1
-17,-24,1
-25,26,1
21,-40,1
22,-22,1
6,-34,1
21,44,1
39,20,1
-14,39,1
-5,48,1
23,-15,1
42,4,1
36,6,1
26,23,1
-32,-30,1
-44,-13,1
-23,-16,1
22,-16,1
40,-6,1
27,-42,1
-28,-30,1
-33,-24,1
16,-33,1
17,-44,1
-29,-14,1
13,36,1
26,-20,1
34,-36,1
-11,-32,1
7,-36,1
-44,1,1
-39,15,1
-9,-47,1
-35,25,1
-9,41,1
24,-18,1
-29,22,1
13,47,1
1,30,1
-21,-39,1
37,7,1
-12,-36,1
-3,-41,1
16,38,1
-23,39,1
33,-15,1
-33,-33,1
40,-19,1
32,28,1
-7,-48,1
33,-7,1
-40,-23,1
-19,20,1
-33,13,1
37,-15,1
-30,33,1
-15,-26,1
-34,-20,1
-37,12,1
25,15,1
20,-26,1
30,10,1
-41,-25,1
-34,15,1
-18,26,1
-30,-9,1
18,30,1
-18,-43,1
29,-40,1
37,22,1
-13,-42,1
-5,-36,1
-2,-29,1
-15,36,1
24,8,1
-36,33,1
47,5,1
40,4,1
9,34,1
-17,41,1
35,-11,1
-8,43,1
14,-37,1
31,14,1
14,-27,1
-21,23,1
-7,-28,1
-2,-43,1
-22,14,1
25,42,1
21,-14,1
43,-23,1
9,-43,1
20,31,1
33,-8,1
19,-44,1
-48,-10,1
32,10,1
36,12,1
-5,-43,1
14,-38,1
-32,-25,1
-2,-30,1
-7,35,1
36,-3,1
33,34,1
-36,-29,1
-28,-9,1
-48,-1,1
-9,40,1
-45,20,1
-25,-37,1
-20,-23,1
-29,35,1
-32,1,1
-30,20,1
-33,9,1
-34,-3,1
33,37,1
36,28,1
-34,-3,1
27,-34,1
-33,2,1
-26,31,1
27,-38,1
48,14,1
4,-32,1
-23,36,1
-32,12,1
30,-22,1
41,6,1
-34,-3,1
-26,21,1
29,10,1
20,27,1
-18,37,1
-14,-23,1
23,-44,1
29,6,1
-13,48,1
-21,-41,1
-37,-32,1
30,0,1
1,40,1
41,8,1
35,17,1
-29,14,1
-22,26,1
-26,4,1
-21,30,1
22,-38,1
10,34,1
37,-28,1
-39,16,1
-30,26,1
34,5,1
-15,-34,1
-39,14,1
-10,29,1
25,-39,1
-34,27,1
21,40,1
33,-21,1
25,-17,1
-42,-1,1
-22,38,1
9,47,1
20,45,1
24,-41,1
11,26,1
-28,26,1
45,19,1
22,-12,1
45,1,1
-25,-40,1
30,-2,1
-36,-16,1
13,47,1
-26,-30,1
-22,-20,1
29,-12,1
48,-10,1
-20,-27,1
38,-21,1
2,44,1
23,35,1
8,28,1
-23,-17,1
44,17,1
-16,38,1
-27,33,1
-4,41,1
4,41,1
25,-4,1
-28,4,1
30,33,1
-37,19,1
-48,-4,1
-48,6,1
30,-35,1
28,-10,1
-32,35,1
27,8,1
30,8,1
-6,-43,1
33,3,1
44,-17,1
27,9,1
-26,26,1
-9,40,1
-16,33,1
49,7,1
6,45,1
4,-46,1
-5,49,1
24,-33,1
45,-3,1
32,13,1
-16,-45,1
-1,39,1
15,-31,1
48,-3,1
-7,42,1
37,6,1
11,28,1
28,32,1
28,-12,1
-34,-22,1
47,-8,1
25,-39,1
11,-23,1
9,-33,1
-27,-29,1
28,-20,1
39,20,1
-22,-38,1
49,5,1
-42,0,1
-39,-11,1
-38,31,1
31,-39,1
38,-14,1
34,9,1
-21,-44,1
41,-12,1
-22,-19,1
-27,36,1
-24,21,1
39,20,1
29,-12,1
32,21,1
-30,-21,1
-32,22,1
-40,22,1
-39,12,1
-18,20,1
28,-3,1
-4,40,1
-42,18,1
47,17,1
33,14,1
-9,39,1
5,36,1
-21,-17,1
43,6,1
-39,14,1
38,8,1
19,-41,1
22,-25,1
-47,14,1
-28,-14,1
35,-21,1
37,12,1
29,-15,1
-24,-21,1
25,-23,1
-35,7,1
40,-15,1
-34,26,1
-49,1,1
-38,-2,1
-26,19,1
-31,-2,1
28,23,1
-5,30,1
-23,-30,1
-16,-25,1
-42,-23,1
28,33,1
28,4,1
8,-39,1
-33,-32,1
8,49,1
2,-29,1
-29,-15,1
-22,40,1
-42,17,1
13,-33,1
2,-27,1
20,-15,1
23,-26,1
49,4,1
-23,39,1
-21,28,1
-20,30,1
34,-19,1
13,-41,1
-37,-11,1
27,-40,1
41,-23,1
27,36,1
-13,-42,1
1,-27,1
-40,6,1
41,6,1
-15,43,1
46,0,1
-36,15,1
49,-7,1
-35,-19,1
31,-19,1
-31,26,1
-28,-29,1
22,-20,1
27,19,1
42,-13,1
16,-41,1
25,-40,1
-18,-22,1
20,31,1
1,-41,1
46,2,1
-28,-2,1
24,27,1
-24,18,1
-22,-41,1
-19,42,1
28,0,1
22,20,1
-48,5,1
5,-29,1
23,-41,1
13,42,1
29,-4,1
-14,-33,1
19,-18,1
-19,-44,1
-1,-49,1
19,41,1
34,10,1
27,29,1
28,-6,1
33,-19,1
37,-18,1
-28,3,1
31,-3,1
22,-24,1
-44,-6,1
28,3,1
-32,-37,1
47,0,1
46,-14,1
15,35,1
27,-37,1
-43,-5,1
38,25,1
13,-41,1
-46,-18,1
-11,39,1
31,36,1
-19,-35,1
-37,25,1
15,42,1
31,24,1
32,-17,1
-36,16,1
-29,-37,1
-27,-16,1
-16,-22,1
-9,-25,1
45,-4,1
-22,-26,1
-25,0,1
22,-17,1
-43,-22,1
-29,39,1
-46,6,1
-44,7,1
-25,43,1
34,7,1
-38,-32,1
3,-45,1
3,-43,1
-37,6,1
-11,-43,1
-48,8,1
14,-24,1
-28,7,1
-36,0,1
-39,25,1
-40,-10,1
5,-39,1
7,25,1
-45,-1,1
15,47,1
36,-8,1
-27,32,1
-13,-48,1
31,-22,1
-46,-15,1
24,19,1
12,36,1
-16,-25,1
26,38,1
-32,22,1
29,-26,1
33,-21,1
-32,-22,1
-13,39,1
41,25,1
-32,18,1
-11,-46,1
24,11,1
39,-24,1
34,-27,1
27,18,1
33,-36,1
35,-16,1
10,-47,1
20,38,1
41,-9,1
40,14,1
-4,-28,1
-39,-28,1
-8,-34,1
-31,20,1
-36,17,1
-32,15,1
35,24,1
-13,-47,1
26,8,1
29,-15,1
4,45,1
-27,7,1
-33,-37,1
-9,-38,1
-43,5,1
-34,-1,1
-16,37,1
-28,16,1
-47,-2,1
38,-32,1
-42,-3,1
-42,23,1
-29,32,1
-35,-27,1
22,39,1
44,23,1
42,-18,1
39,19,1
-35,30,1
-42,-12,1
-17,32,1
20,-25,1
24,-39,1
-22,-12,1
16,-29,1
-9,-27,1
4,-49,1
40,-24,1
37,0,1
-8,-41,1
-7,37,1
-33,-34,1
-26,-5,1
39,13,1
-40,-29,1
28,-29,1
-25,-36,1
36,27,1
36,-6,1
-40,-9,1
37,-12,1
17,21,1
30,10,1
47,-9,1
-29,-9,1
33,-6,1
-36,22,1
11,24,1
5,-45,1
-29,-26,1
21,-42,1
24,-20,1
39,-6,1
-177,-85,0
211,-2,0
-168,-108,0
-29,218,0
-195,-77,0
-116,181,0
-63,204,0
-186,-110,0
-205,-39,0
27,-210,0
143,-154,0
-148,159,0
-206,59,0
30,207,0
203,-19,0
142,-138,0
55,210,0
-178,83,0
128,-167,0
-42,-213,0
-207,8,0
190,59,0
-184,-83,0
44,-194,0
139,141,0
-143,152,0
-125,150,0
-190,50,0
148,-143,0
-174,90,0
200,20,0
158,-116,0
31,201,0
181,-120,0
-69,192,0
-139,147,0
9,206,0
129,-162,0
-13,199,0
-47,-191,0
-199,-59,0
212,46,0
-144,-148,0
-134,174,0
-209,15,0
148,158,0
204,59,0
124,-159,0
75,-180,0
-183,-75,0
-46,-194,0
-206,63,0
-119,-185,0
-215,38,0
116,-181,0
212,-44,0
211,-23,0
107,165,0
190,-106,0
-142,-136,0
196,-95,0
120,-157,0
-132,-170,0
-40,206,0
63,191,0
-211,33,0
-8,215,0
204,-52,0
-109,176,0
-100,-176,0
-29,215,0
-30,-197,0
103,-168,0
-138,-171,0
-112,160,0
152,-135,0
187,83,0
-19,-196,0
-214,45,0
206,76,0
95,-173,0
-189,-54,0
-36,204,0
-112,-171,0
167,117,0
-50,-211,0
129,162,0
-51,-200,0
-36,201,0
209,28,0
-146,-145,0
99,-169,0
-63,-194,0
179,-85,0
-196,33,0
146,-136,0
-123,160,0
-70,-187,0
-30,-212,0
-132,-155,0
-201,-77,0
-180,95,0
192,-75,0
210,52,0
-203,45,0
186,-75,0
-180,-83,0
203,-54,0
69,-184,0
-144,-133,0
-98,183,0
210,45,0
-148,135,0
199,34,0
-118,169,0
159,128,0
-38,207,0
-12,205,0
140,-143,0
-205,-17,0
-4,211,0
-144,134,0
182,85,0
213,48,0
161,113,0
200,70,0
-92,-190,0
-171,95,0
-25,-212,0
-202,17,0
-187,-105,0
-58,209,0
-67,204,0
0,196,0
-31,211,0
-117,167,0
217,22,0
189,-95,0
-147,134,0
-184,71,0
149,-128,0
44,-192,0
135,159,0
-77,-197,0
99,188,0
200,-55,0
-106,-170,0
-89,-192,0
-115,-178,0
86,185,0
-130,-165,0
-154,125,0
-181,-100,0
-113,182,0
-195,-79,0
-6,211,0
2,207,0
219,-13,0
92,193,0
69,206,0
100,-186,0
106,-173,0
-6,201,0
28,-196,0
-208,-59,0
185,89,0
89,197,0
160,-144,0
-26,201,0
-69,205,0
82,181,0
116,179,0
185,-100,0
50,206,0
-205,55,0
-196,-46,0
-213,-47,0
-171,-129,0
183,105,0
-126,174,0
-163,122,0
139,162,0
201,23,0
-189,-95,0
-77,-201,0
-196,6,0
-126,172,0
5,199,0
162,121,0
39,-201,0
-43,-195,0
-140,145,0
213,19,0
-25,206,0
-47,208,0
155,129,0
-218,-12,0
33,-210,0
-13,200,0
131,-162,0
130,-152,0
-183,71,0
-134,158,0
161,118,0
144,-155,0
162,-141,0
-205,22,0
-142,149,0
-71,-201,0
65,-189,0
-131,173,0
165,105,0
-156,-147,0
-201,-74,0
-137,-141,0
51,197,0
92,177,0
209,-52,0
114,166,0
-102,-181,0
161,-130,0
170,127,0
66,187,0
146,-139,0
36,194,0
-159,-123,0
195,-39,0
-201,78,0
-36,-200,0
-19,-206,0
-199,-53,0
-157,146,0
-125,153,0
-194,-60,0
45,-194,0
-192,104,0
-204,44,0
184,91,0
-187,-114,0
40,-199,0
-170,-96,0
191,94,0
-212,-44,0
210,-7,0
164,142,0
-175,101,0
-7,200,0
119,-160,0
188,68,0
-156,-138,0
-202,64,0
209,31,0
36,-208,0
120,156,0
-87,175,0
-66,-187,0
-88,-201,0
-204,37,0
-199,4,0
-43,212,0
23,204,0
-7,-208,0
175,-111,0
91,-195,0
47,199,0
-128,-173,0
-183,74,0
-92,183,0
211,-30,0
-110,177,0
-45,215,0
108,-177,0
-10,-217,0
9,-216,0
-202,-60,0
-75,-202,0
-195,59,0
204,76,0
17,207,0
216,-36,0
145,160,0
-39,-212,0
0,219,0
176,-96,0
-187,-80,0
-49,-210,0
112,164,0
-205,25,0
-195,74,0
-84,181,0
37,204,0
-62,-189,0
109,-178,0
139,-170,0
-149,-150,0
78,-204,0
140,-160,0
-83,-178,0
-180,105,0
90,-179,0
174,-108,0
-86,-190,0
210,33,0
70,191,0
76,-184,0
145,133,0
113,-177,0
215,-9,0
110,169,0
188,-92,0
-57,191,0
-113,186,0
166,-128,0
94,-191,0
-164,123,0
-196,8,0
-104,-180,0
-194,29,0
-209,21,0
182,118,0
-162,123,0
-168,132,0
-40,200,0
219,-1,0
133,-147,0
-212,23,0
-38,215,0
192,-61,0
-207,-54,0
146,-133,0
-164,-141,0
6,-217,0
-194,-62,0
30,-197,0
190,104,0
-194,-36,0
214,-24,0
205,-11,0
121,-180,0
81,-180,0
-171,-134,0
187,-63,0
-182,-116,0
203,39,0
-109,-180,0
-195,-28,0
-201,24,0
-77,-202,0
179,126,0
-53,-196,0
198,-3,0
140,168,0
60,-192,0
203,49,0
-112,161,0
-210,-47,0
-126,-174,0
197,-30,0
-142,-158,0
113,-182,0
43,200,0
-169,-101,0
8,-208,0
-153,157,0
37,211,0
162,142,0
91,-173,0
-3,-202,0
200,-18,0
-101,177,0
-119,-180,0
-196,7,0
116,-169,0
-25,-198,0
-174,-95,0
-170,123,0
199,-91,0
123,-157,0
-211,25,0
-8,215,0
-25,212,0
21,-207,0
-203,-30,0
36,195,0
97,-189,0
-41,-206,0
-203,-18,0
-98,-182,0
79,183,0
-97,-191,0
-94,171,0
72,188,0
-175,124,0
-206,12,0
145,142,0
197,-1,0
-200,0,0
-212,52,0
-183,96,0
203,-72,0
217,-12,0
77,192,0
194,-60,0
-134,159,0
67,-191,0
50,189,0
-188,-89,0
-100,-175,0
-174,-98,0
112,-161,0
69,190,0
-203,77,0
134,167,0
137,152,0
131,160,0
-205,-9,0
152,134,0
-113,-184,0
116,-157,0
200,5,0
-71,192,0
-163,147,0
95,-190,0
-159,125,0
-41,198,0
177,-98,0
132,-176,0
-21,215,0
-81,185,0
-195,-35,0
184,107,0
217,6,0
-209,-4,0
-4,199,0
-47,-205,0
111,169,0
-192,101,0
218,24,0
-192,40,0
-180,-125,0
-182,102,0
-79,-194,0
-86,-186,0
-191,69,0
203,-59,0
-68,-204,0
-153,-125,0
-48,194,0
-77,-185,0
-81,180,0
197,-51,0
-68,208,0
52,-198,0
-32,-206,0
-44,-202,0
148,-154,0
20,200,0
-95,180,0
145,155,0
129,159,0
-8,-196,0
-166,-142,0
206,50,0
-94,-196,0
4,-210,0
198,53,0
-190,-98,0
-192,-93,0
182,81,0
8,-197,0
199,-63,0
-136,-149,0
74,-183,0
85,186,0
-127,152,0
-25,-218,0
117,-175,0
97,-174,0
134,-155,0
175,123,0
49,-191,0
-96,187,0
-7,219,0
93,190,0
-107,191,0
-217,-30,0
-55,-207,0
120,172,0
154,-130,0
-215,-7,0
-180,-100,0
94,177,0
-27,-201,0
40,-214,0
-158,147,0
25,207,0
72,-191,0
159,125,0
115,-161,0
-44,190,0
