41,17,1
-21,-40,1
27,21,1
-36,32,1
31,16,1
-26,-25,1
-6,-29,1
40,7,1
8,49,1
-34,28,1
45,-8,1
-30,28,1
-32,6,1
-14,23,1
44,11,1
6,-40,1
28,25,1
-5,-35,1
16,43,1
28,39,1
43,12,1
-35,6,1
-25,5,1
11,23,1
-7,40,1
35,-23,1
-27,11,1
-33,31,1
-3,40,1
-7,-46,1
-11,44,1
-21,-44,1
2,-42,1
43,-2,1
22,-14,1
41,-8,1
0,25,1
-34,11,1
-26,-16,1
34,-27,1
-21,-40,1
12,-45,1
29,6,1
27,-37,1
-28,9,1
4,-40,1
-29,-12,1
25,18,1
-5,-30,1
-26,-23,1
38,14,1
17,38,1
-2,28,1
2,-27,1
-20,45,1
31,27,1
-11,28,1
0,-45,1
0,26,1
36,26,1
26,16,1
-1,-35,1
-35,2,1
-27,10,1
27,-37,1
-5,42,1
33,-6,1
42,-11,1
35,-21,1
-23,-36,1
9,38,1
1,42,1
-41,-7,1
-14,-32,1
22,-31,1
-16,30,1
39,-12,1
-32,-4,1
-13,-26,1
30,3,1
1,-42,1
-22,-17,1
5,33,1
47,-5,1
-2,46,1
21,17,1
-37,-32,1
-28,15,1
-40,-12,1
12,-33,1
-29,-9,1
-23,31,1
4,-42,1
31,15,1
-2,-48,1
6,-46,1
20,-33,1
-23,37,1
4,-33,1
30,-4,1
37,29,1
-35,32,1
-2,-37,1
-44,-19,1
-10,-29,1
43,-20,1
10,40,1
-8,25,1
25,42,1
-40,7,1
-23,-28,1
-27,20,1
-19,-43,1
40,13,1
-41,17,1
0,34,1
11,-28,1
27,16,1
45,-20,1
-7,-37,1
-21,20,1
43,18,1
8,-32,1
-17,-31,1
43,5,1
-29,-10,1
-1,26,1
-11,32,1
-20,-34,1
14,-33,1
24,11,1
20,-31,1
23,-37,1
25,-1,1
-42,-1,1
47,7,1
22,26,1
39,17,1
21,-25,1
16,-38,1
26,9,1
29,28,1
-30,-11,1
-14,-38,1
40,-5,1
-32,38,1
25,13,1
-10,-30,1
14,45,1
-29,17,1
-6,-25,1
9,25,1
18,26,1
40,-8,1
2,-47,1
-35,5,1
-8,-30,1
2,-32,1
49,-3,1
6,-28,1
-15,-29,1
29,-1,1
16,35,1
40,12,1
-2,-49,1
37,-27,1
-33,-9,1
8,42,1
24,43,1
-40,-1,1
0,37,1
3,-48,1
-32,-35,1
-5,40,1
-4,-44,1
47,-16,1
-15,26,1
48,8,1
-8,27,1
24,-42,1
27,42,1
41,18,1
36,-9,1
14,32,1
36,-8,1
-7,29,1
5,42,1
-38,15,1
-19,-34,1
27,-34,1
-23,39,1
15,24,1
-27,-30,1
43,21,1
-18,30,1
42,5,1
23,-23,1
-35,33,1
24,-18,1
-45,-10,1
30,-31,1
16,-36,1
26,-29,1
13,-28,1
-5,38,1
-17,29,1
44,-11,1
46,-2,1
-29,-27,1
8,42,1
14,28,1
10,-31,1
16,45,1
-31,38,1
-39,20,1
24,12,1
-4,-42,1
4,-25,1
44,-15,1
24,26,1
-38,20,1
-49,-3,1
33,-36,1
26,-15,1
-19,-24,1
-35,7,1
46,3,1
-28,1,1
-29,1,1
-40,-13,1
-12,44,1
-10,-37,1
19,-33,1
-2,-34,1
-4,-45,1
-44,-10,1
22,-34,1
34,-6,1
8,43,1
-28,-17,1
34,16,1
-5,-34,1
-3,-31,1
21,-27,1
-47,14,1
-9,26,1
-39,13,1
15,-37,1
36,2,1
12,-26,1
-16,28,1
29,-19,1
-15,-26,1
-33,0,1
34,1,1
29,8,1
-23,-37,1
-42,-26,1
24,32,1
-12,-29,1
-5,41,1
-25,-33,1
-37,10,1
10,38,1
44,-16,1
-23,-27,1
14,33,1
29,-24,1
31,-6,1
-5,35,1
-1,-43,1
-6,41,1
-14,24,1
-40,-19,1
13,-33,1
-28,36,1
10,-29,1
40,-23,1
-40,7,1
18,-44,1
2,42,1
-31,-36,1
-18,25,1
-40,28,1
-35,9,1
-42,-11,1
4,39,1
41,-1,1
17,-44,1
35,-4,1
-28,37,1
10,-41,1
-6,-31,1
40,-16,1
-2,25,1
-21,45,1
-46,-7,1
-31,20,1
29,-11,1
19,-43,1
18,-43,1
-16,-44,1
-34,-18,1
-44,-1,1
-8,39,1
-37,-18,1
40,24,1
47,-11,1
-46,-11,1
16,31,1
-6,-48,1
19,-23,1
-16,42,1
45,-16,1
25,14,1
-32,-9,1
12,-47,1
35,-34,1
-48,-10,1
-18,35,1
24,23,1
38,3,1
-7,-49,1
21,-45,1
3,29,1
21,-22,1
-9,-43,1
-4,39,1
25,-14,1
27,-30,1
16,36,1
-17,-24,1
-34,26,1
-19,26,1
31,34,1
-31,21,1
9,40,1
37,32,1
21,44,1
-28,1,1
23,12,1
-14,36,1
-21,-32,1
3,-35,1
-43,1,1
20,-33,1
-23,27,1
35,-33,1
30,-28,1
-34,-20,1
43,11,1
23,-35,1
12,47,1
32,35,1
-30,-2,1
8,25,1
31,14,1
21,-18,1
31,8,1
2,-32,1
-33,19,1
-2,-46,1
-33,20,1
-43,-16,1
2,29,1
-31,-20,1
36,1,1
39,-7,1
-12,-42,1
-20,36,1
-40,10,1
-47,11,1
16,26,1
-6,-37,1
26,-27,1
-29,-11,1
29,-28,1
26,-14,1
-27,-13,1
-25,-15,1
25,35,1
34,-35,1
-12,-37,1
-3,-27,1
-5,49,1
-46,16,1
25,-20,1
15,-26,1
-44,-4,1
-33,-12,1
-36,-23,1
-29,-33,1
37,26,1
-33,9,1
-14,23,1
-20,-41,1
22,32,1
-21,-23,1
-40,-30,1
-25,-15,1
49,6,1
-46,14,1
22,28,1
-13,35,1
-6,36,1
-11,42,1
-26,38,1
-28,7,1
-1,33,1
-11,-47,1
16,-47,1
-43,-19,1
-13,-38,1
3,33,1
-15,-24,1
24,20,1
42,-8,1
-15,33,1
5,29,1
-10,48,1
32,35,1
-28,38,1
32,16,1
2,49,1
18,-42,1
-3,-36,1
27,34,1
-26,0,1
-11,-29,1
-48,-11,1
-15,34,1
28,-25,1
-47,-1,1
23,42,1
12,-42,1
-29,29,1
-1,-29,1
-8,45,1
42,22,1
-44,-3,1
34,29,1
30,34,1
-18,39,1
14,21,1
7,32,1
-20,42,1
31,-38,1
22,37,1
-37,-6,1
-8,-44,1
14,-33,1
13,48,1
-26,-1,1
-7,48,1
11,-39,1
28,-22,1
32,-28,1
-33,37,1
11,-30,1
-37,11,1
-34,-10,1
-34,-18,1
5,-26,1
-7,-33,1
12,37,1
-32,-31,1
-32,-29,1
-14,26,1
0,40,1
28,29,1
13,-46,1
12,30,1
25,-38,1
20,-35,1
42,-13,1
-38,-2,1
4,-48,1
12,-24,1
-38,-17,1
28,8,1
-36,-33,1
-4,28,1
13,-43,1
-38,15,1
12,26,1
27,-17,1
19,-25,1
-16,-44,1
-42,-8,1
9,-46,1
34,8,1
48,7,1
48,11,1
13,26,1
-28,8,1
33,11,1
28,-9,1
38,-24,1
-27,18,1
4,29,1
-244,190,0
-317,-91,0
274,-144,0
170,-261,0
-325,40,0
290,105,0
-90,315,0
-3,321,0
115,-300,0
-317,-21,0
-250,-184,0
299,-114,0
224,233,0
-142,-291,0
158,274,0
-237,193,0
140,-298,0
3,-312,0
-278,139,0
-161,267,0
317,66,0
-68,312,0
309,-45,0
-158,-284,0
-156,-285,0
254,-185,0
-282,154,0
291,-152,0
197,-248,0
-324,28,0
-266,-192,0
321,3,0
52,-319,0
-314,-53,0
-304,55,0
-321,-55,0
185,252,0
272,180,0
-117,304,0
-116,-291,0
145,281,0
-201,256,0
-274,183,0
141,-275,0
211,225,0
-308,-94,0
282,-133,0
-249,200,0
-173,254,0
51,-303,0
275,139,0
-158,288,0
285,110,0
-229,-231,0
101,-310,0
-272,-152,0
-202,255,0
274,-179,0
-35,318,0
292,147,0
-77,305,0
213,249,0
-308,-99,0
295,-125,0
310,-90,0
-63,-323,0
-138,-280,0
-186,-271,0
179,251,0
220,229,0
85,300,0
-23,-321,0
-120,-294,0
-180,250,0
-129,-299,0
72,-304,0
242,221,0
-257,-205,0
268,154,0
222,-242,0
-271,179,0
251,189,0
318,-2,0
315,-44,0
151,293,0
190,248,0
-45,309,0
151,287,0
229,-237,0
-174,279,0
160,283,0
25,324,0
291,107,0
-78,-304,0
-76,-316,0
-119,290,0
-289,-155,0
42,-314,0
-110,298,0
-212,248,0
304,-124,0
87,-305,0
328,10,0
311,88,0
-307,32,0
87,310,0
-128,-281,0
-117,286,0
-281,165,0
-60,305,0
-312,7,0
245,-191,0
-112,307,0
-282,137,0
152,272,0
-293,-124,0
320,-76,0
-235,217,0
-223,-235,0
-113,308,0
-91,-297,0
-112,-297,0
253,174,0
-258,-175,0
3,-315,0
-296,99,0
322,-9,0
-313,49,0
-183,248,0
-28,-321,0
322,-9,0
-61,300,0
-201,246,0
314,-9,0
-48,-305,0
39,-313,0
-267,158,0
-45,319,0
-253,-183,0
-38,307,0
-30,-312,0
237,-194,0
-172,275,0
268,-155,0
273,-144,0
-172,256,0
295,-124,0
-11,-311,0
311,-87,0
151,-279,0
234,204,0
100,303,0
-73,-306,0
-244,-195,0
-190,239,0
307,107,0
109,-299,0
-89,295,0
-290,156,0
273,-154,0
158,-266,0
327,-43,0
-266,-195,0
-320,-34,0
210,-243,0
53,308,0
254,-186,0
-317,50,0
204,247,0
323,49,0
302,-81,0
-111,295,0
253,-195,0
257,-201,0
300,-63,0
-199,-262,0
-119,-306,0
0,-318,0
314,44,0
-137,-282,0
-261,193,0
-313,87,0
-301,-51,0
226,-227,0
-204,-243,0
229,-237,0
-68,-303,0
-315,-27,0
-207,-225,0
-276,-165,0
-312,94,0
268,174,0
-278,130,0
65,300,0
116,-298,0
-309,12,0
-303,-78,0
-281,161,0
-34,324,0
-137,-294,0
284,141,0
104,308,0
251,213,0
241,220,0
-266,153,0
11,315,0
-201,-240,0
295,110,0
42,-320,0
-309,4,0
-223,234,0
-90,-299,0
154,-287,0
62,-311,0
-328,-6,0
206,-225,0
21,315,0
246,193,0
205,-232,0
-151,-278,0
307,-60,0
35,-310,0
-289,-120,0
299,-102,0
-317,-13,0
-201,237,0
-128,278,0
63,303,0
-283,123,0
192,-239,0
229,226,0
217,-228,0
243,-200,0
-308,90,0
310,-78,0
-269,158,0
142,-274,0
244,198,0
-85,-298,0
189,-257,0
232,-208,0
-235,202,0
298,-95,0
162,260,0
126,-285,0
-306,32,0
-243,199,0
-319,6,0
-301,-83,0
-199,-243,0
-55,-308,0
-186,253,0
-48,-311,0
-305,-18,0
-258,198,0
-316,30,0
-137,299,0
-276,-146,0
253,202,0
-233,-230,0
-254,-174,0
270,-155,0
169,-260,0
-245,-187,0
257,202,0
307,-81,0
-175,273,0
-253,-210,0
312,-46,0
158,-289,0
-204,229,0
-225,-228,0
-124,-288,0
304,-103,0
-297,91,0
40,-306,0
306,80,0
-141,-292,0
309,-38,0
-325,32,0
-171,-255,0
268,191,0
313,-79,0
-315,-12,0
308,95,0
-310,-10,0
267,156,0
-233,-197,0
-297,-80,0
-78,316,0
-304,-76,0
285,-162,0
232,-200,0
184,-262,0
-157,262,0
322,-64,0
304,76,0
54,320,0
297,133,0
143,294,0
124,-289,0
-261,-179,0
232,-202,0
142,276,0
124,300,0
-164,266,0
-302,44,0
140,272,0
-110,311,0
297,106,0
-314,-34,0
-165,-269,0
238,201,0
266,-192,0
-250,215,0
-176,279,0
213,-223,0
-313,-13,0
155,281,0
-35,-328,0
313,80,0
307,-110,0
-246,214,0
320,5,0
319,11,0
124,-302,0
149,288,0
-52,-314,0
-30,-328,0
165,-261,0
17,-317,0
95,313,0
-63,-303,0
-279,-138,0
-232,-198,0
-206,-242,0
265,158,0
319,-65,0
-235,-231,0
-93,298,0
-295,-89,0
161,-288,0
285,142,0
-58,-317,0
-294,-130,0
188,270,0
-240,202,0
323,-59,0
-317,22,0
-321,30,0
-58,319,0
325,32,0
125,282,0
99,301,0
72,314,0
-285,142,0
-316,55,0
-171,257,0
261,-167,0
-291,-128,0
120,-292,0
298,-123,0
-37,-315,0
115,291,0
314,77,0
278,-142,0
293,113,0
-173,-274,0
198,-250,0
115,-295,0
327,-33,0
163,267,0
-297,-125,0
62,318,0
-186,-244,0
-14,324,0
191,-245,0
-223,-221,0
123,-291,0
118,306,0
-311,94,0
80,303,0
-253,176,0
-165,-266,0
25,328,0
282,141,0
-215,-225,0
-312,-20,0
21,311,0
188,256,0
214,-229,0
121,304,0
-216,227,0
311,9,0
-104,-306,0
-314,3,0
225,238,0
-307,8,0
-312,39,0
263,194,0
-317,-89,0
-214,239,0
-303,-100,0
-240,-199,0
-178,259,0
-313,70,0
-260,161,0
-299,82,0
303,89,0
203,255,0
300,57,0
-306,-74,0
-41,307,0
-308,-67,0
-110,308,0
251,-212,0
237,218,0
307,-6,0
-310,71,0
128,-277,0
115,309,0
117,302,0
-308,37,0
-61,-320,0
-202,242,0
200,-233,0
-121,-294,0
185,253,0
-308,47,0
127,-280,0
313,-82,0
221,211,0
-118,-288,0
242,222,0
237,193,0
-285,-131,0
-226,-230,0
290,120,0
241,-197,0
207,-246,0
193,-255,0
45,-302,0
310,66,0
-18,328,0
318,48,0
82,313,0
308,-66,0
41,316,0
-274,149,0
122,-285,0
-178,-255,0
-306,103,0
-204,257,0
-42,-319,0
-242,193,0
-195,249,0
151,-277,0
-308,-26,0
287,-135,0
294,-109,0
-319,-11,0
12,-310,0
306,104,0
293,-125,0
-128,296,0
261,-198,0
-262,183,0
-55,-323,0
291,-126,0
114,-303,0
-322,-54,0
-283,118,0
-83,310,0
-276,164,0
-242,-187,0
-131,-288,0
-287,-130,0
-17,317,0
-50,-314,0
293,-128,0
-46,-320,0
178,-274,0
320,49,0
313,-90,0
-315,-2,0
309,-33,0
12,314,0
-321,-70,0
-164,274,0
-297,128,0
-53,-319,0
287,-162,0
-167,263,0
-243,190,0
-155,283,0
-62,-305,0
-322,-59,0
-231,226,0
315,68,0
-304,-63,0
