9,-33,1
17,21,1
39,18,1
28,1,1
-7,-44,1
14,21,1
28,-31,1
-30,-20,1
28,-1,1
-25,25,1
43,7,1
-32,26,1
-32,28,1
-25,-23,1
37,-7,1
-33,-37,1
-49,1,1
-29,19,1
20,37,1
-3,-32,1
12,-24,1
-5,36,1
9,28,1
2,-34,1
25,-34,1
34,-22,1
13,-36,1
40,2,1
22,43,1
23,-41,1
-3,-37,1
-24,-37,1
40,-1,1
5,-37,1
40,15,1
13,39,1
-32,5,1
35,3,1
-31,21,1
18,-20,1
33,-22,1
25,8,1
-29,-22,1
-32,11,1
27,31,1
-38,17,1
34,-21,1
18,20,1
-21,-45,1
29,-40,1
29,9,1
-46,-10,1
0,-33,1
12,29,1
-7,-34,1
-47,-13,1
-23,-11,1
38,-11,1
28,-18,1
31,-7,1
31,26,1
12,-42,1
-41,-8,1
46,5,1
14,40,1
-26,25,1
-32,11,1
49,-2,1
-27,35,1
35,34,1
-17,-35,1
-39,8,1
-27,23,1
-31,21,1
-5,-32,1
-23,-22,1
39,-10,1
2,31,1
-22,37,1
5,-38,1
-13,44,1
-41,-24,1
2,-31,1
-29,27,1
23,-40,1
-29,20,1
0,28,1
19,19,1
27,-29,1
-19,18,1
21,27,1
12,41,1
-21,-28,1
30,0,1
-47,17,1
-7,48,1
-16,39,1
34,20,1
-32,28,1
-11,37,1
-36,-11,1
9,40,1
-10,-34,1
-12,24,1
-39,-16,1
-27,18,1
18,43,1
40,-25,1
34,8,1
-14,-42,1
33,-11,1
-40,-1,1
27,38,1
9,-40,1
-29,19,1
22,-37,1
22,36,1
-4,-42,1
33,18,1
-7,-46,1
24,-36,1
28,-26,1
38,-3,1
-10,41,1
20,-16,1
30,15,1
-22,-36,1
-13,38,1
-21,40,1
22,41,1
-30,39,1
-40,25,1
-35,34,1
44,-2,1
11,38,1
10,-38,1
-35,-10,1
29,16,1
-25,-40,1
-22,33,1
-14,22,1
-6,-40,1
28,-11,1
37,-22,1
13,33,1
25,-8,1
-19,20,1
33,-33,1
-45,2,1
15,-41,1
-25,11,1
25,30,1
-23,-37,1
-42,-18,1
8,26,1
-45,7,1
-33,22,1
-7,30,1
-23,-40,1
-20,16,1
-34,-34,1
-27,-11,1
-42,-15,1
-43,23,1
13,-47,1
-25,13,1
31,-34,1
9,24,1
-17,30,1
22,-41,1
22,-20,1
35,19,1
-24,34,1
27,5,1
-37,33,1
-25,-27,1
21,25,1
-30,-30,1
26,-19,1
25,16,1
34,5,1
-18,-30,1
-10,41,1
-16,28,1
-36,-27,1
-14,47,1
32,20,1
15,-35,1
16,-20,1
21,-27,1
-49,0,1
35,-12,1
-31,0,1
2,42,1
-14,-33,1
-14,30,1
16,-33,1
-3,44,1
34,0,1
37,20,1
26,27,1
-17,36,1
-2,44,1
-26,21,1
-3,-38,1
31,10,1
1,-46,1
-19,-26,1
43,20,1
29,3,1
-7,-41,1
43,20,1
28,-32,1
27,1,1
-16,21,1
-20,20,1
31,2,1
-37,24,1
-30,-17,1
28,18,1
-5,44,1
-13,-39,1
-45,19,1
-1,-47,1
-23,31,1
-36,-15,1
-5,33,1
-33,-31,1
-28,-18,1
-14,25,1
0,-34,1
-29,12,1
33,-22,1
27,-9,1
33,-25,1
-26,-19,1
39,-22,1
48,-9,1
-28,-24,1
-42,4,1
-17,-41,1
-15,-43,1
44,-12,1
-38,-21,1
-9,-43,1
-45,13,1
-29,34,1
-28,41,1
49,-4,1
-6,-31,1
-38,25,1
-24,34,1
-29,-19,1
40,6,1
25,8,1
20,36,1
5,34,1
30,-25,1
22,-18,1
27,11,1
-34,-23,1
18,-35,1
0,25,1
-19,27,1
25,1,1
-5,49,1
8,32,1
-34,-18,1
37,25,1
46,-12,1
28,0,1
47,-16,1
28,-3,1
46,13,1
-43,-20,1
-17,31,1
29,-40,1
-24,30,1
8,-24,1
13,-37,1
0,-38,1
16,45,1
33,-5,1
-26,-15,1
8,44,1
-22,-36,1
17,-45,1
-28,-14,1
38,-26,1
-29,10,1
-46,0,1
-32,6,1
-8,-28,1
-26,6,1
-13,-26,1
20,-30,1
-42,7,1
-45,4,1
-31,-28,1
45,-4,1
-29,-31,1
26,26,1
-25,-39,1
35,29,1
40,-19,1
41,-3,1
-15,-36,1
42,27,1
-14,-26,1
-21,-16,1
35,-28,1
44,-22,1
43,-15,1
36,-15,1
42,13,1
3,44,1
-39,2,1
17,40,1
-14,43,1
1,47,1
-27,22,1
40,29,1
-45,15,1
14,45,1
-36,3,1
23,-32,1
-45,16,1
36,13,1
39,-10,1
9,-33,1
-26,-27,1
-25,26,1
14,24,1
-25,-29,1
29,-9,1
46,-19,1
-26,-8,1
-38,-14,1
16,-42,1
-45,-6,1
5,46,1
2,41,1
8,-25,1
48,6,1
23,26,1
-7,-42,1
-35,4,1
17,-45,1
-41,-15,1
29,-15,1
-32,-35,1
23,-30,1
18,-37,1
-7,-25,1
-27,35,1
-24,16,1
-48,-9,1
-9,-26,1
-14,27,1
15,24,1
32,24,1
-29,8,1
26,-19,1
-35,2,1
38,-28,1
1,43,1
-17,31,1
23,18,1
37,8,1
-6,37,1
-13,40,1
-31,13,1
28,16,1
13,43,1
-20,37,1
-31,-24,1
34,-25,1
16,-23,1
-19,33,1
-11,-27,1
4,-25,1
-39,-4,1
-29,-8,1
-22,-18,1
45,0,1
-17,-28,1
29,-33,1
-44,-5,1
8,-43,1
28,-29,1
-37,31,1
-41,17,1
-21,-23,1
-32,-26,1
-26,42,1
30,-17,1
-15,39,1
-25,18,1
-32,20,1
18,-33,1
37,9,1
27,40,1
-23,-35,1
-25,-10,1
35,-27,1
-1,49,1
31,-9,1
3,-42,1
-1,32,1
29,-27,1
16,23,1
13,38,1
-30,24,1
-25,-14,1
24,26,1
43,1,1
-12,-36,1
-32,10,1
-11,-40,1
-1,-40,1
34,-26,1
-26,-10,1
23,-26,1
25,42,1
-16,-21,1
22,-12,1
21,-15,1
16,38,1
11,-33,1
-25,-39,1
39,-24,1
33,12,1
-22,25,1
30,-10,1
-41,7,1
-20,-38,1
-46,-10,1
19,31,1
28,1,1
-27,-23,1
24,20,1
-38,10,1
23,19,1
45,-18,1
0,28,1
37,23,1
21,29,1
25,15,1
32,-15,1
11,-26,1
35,15,1
-24,9,1
-32,37,1
-21,21,1
31,-17,1
44,-9,1
1,-48,1
9,-27,1
-15,-44,1
14,45,1
-7,34,1
-20,-32,1
-46,15,1
34,28,1
46,-8,1
42,-24,1
39,14,1
-15,20,1
-34,5,1
-8,-41,1
-31,36,1
21,-16,1
46,-8,1
18,33,1
-45,4,1
39,-25,1
-8,-30,1
-30,1,1
-37,8,1
-23,-15,1
-3,25,1
4,-46,1
6,30,1
-11,32,1
15,34,1
25,-17,1
48,12,1
36,2,1
-36,18,1
-12,39,1
-48,-2,1
-3,-32,1
-9,-29,1
-20,-41,1
5,28,1
30,-29,1
-39,-31,1
-48,-5,1
-17,20,1
-24,18,1
192,-21,0
124,-143,0
-12,205,0
131,-159,0
-185,-28,0
133,-159,0
-193,-12,0
-122,-157,0
-74,-187,0
27,-196,0
1,197,0
-182,84,0
-29,204,0
-175,115,0
14,208,0
-123,141,0
186,-36,0
181,-56,0
-201,-51,0
176,-113,0
193,-48,0
131,-146,0
155,-137,0
168,102,0
-105,172,0
-117,165,0
113,-169,0
23,-191,0
202,-3,0
134,-139,0
-185,57,0
90,-185,0
102,157,0
191,6,0
-33,-186,0
190,51,0
-92,162,0
-75,-176,0
183,53,0
158,-101,0
147,-126,0
-55,195,0
-13,185,0
157,-107,0
191,52,0
117,-160,0
-199,-27,0
-15,-198,0
-48,199,0
190,-81,0
201,-10,0
-80,192,0
94,185,0
-176,89,0
144,121,0
47,-195,0
-187,86,0
84,-178,0
-123,169,0
174,-65,0
166,89,0
102,-178,0
-197,32,0
138,135,0
-83,-176,0
-175,96,0
-176,-97,0
-143,-136,0
160,-113,0
-37,190,0
194,38,0
-59,-189,0
123,170,0
190,75,0
-29,195,0
196,27,0
-131,-149,0
178,-93,0
25,207,0
-46,-180,0
-15,-207,0
5,187,0
-182,-65,0
-42,-196,0
148,133,0
179,-97,0
38,191,0
-197,55,0
-12,-204,0
195,-17,0
-106,174,0
197,5,0
-10,194,0
38,199,0
-158,133,0
74,179,0
157,127,0
169,-97,0
-193,-47,0
100,-164,0
-99,-173,0
122,168,0
92,177,0
-62,200,0
189,32,0
83,-189,0
-69,-179,0
-186,8,0
202,51,0
-42,197,0
-104,166,0
-190,-88,0
3,197,0
181,-100,0
-190,-31,0
130,-133,0
148,123,0
-114,-162,0
-188,63,0
-73,-180,0
184,52,0
-162,95,0
-189,41,0
153,-122,0
-67,189,0
192,-10,0
189,16,0
-28,200,0
178,-72,0
-124,-167,0
-188,-43,0
108,-156,0
23,186,0
172,80,0
-194,-68,0
65,-194,0
-31,-200,0
111,-176,0
174,64,0
-40,187,0
-143,128,0
199,8,0
-129,-163,0
-199,35,0
51,-188,0
-14,-195,0
-83,-174,0
42,191,0
-186,93,0
16,198,0
-166,102,0
195,24,0
117,-160,0
130,149,0
-111,-161,0
87,179,0
-198,-11,0
194,26,0
-169,-88,0
190,79,0
-120,-169,0
-172,-113,0
-139,-153,0
111,150,0
-26,204,0
168,86,0
-199,40,0
50,-200,0
-146,-123,0
-120,159,0
177,-78,0
204,43,0
207,24,0
-60,182,0
-84,-187,0
168,117,0
190,26,0
186,-56,0
-190,-53,0
-104,165,0
-148,-112,0
-192,-11,0
186,14,0
-191,2,0
-45,-197,0
-179,63,0
182,92,0
-98,157,0
120,-163,0
-160,-122,0
169,93,0
151,143,0
73,187,0
7,-188,0
-173,115,0
149,-127,0
190,-59,0
-60,-197,0
-47,-193,0
-191,56,0
-177,-65,0
-137,127,0
-177,83,0
-160,-124,0
74,-194,0
193,-44,0
-115,147,0
180,51,0
53,-183,0
69,-178,0
194,31,0
-18,-208,0
-77,-191,0
-172,98,0
-148,-126,0
181,-44,0
58,192,0
-195,57,0
-122,-153,0
-170,-94,0
-110,-178,0
8,186,0
181,106,0
-57,194,0
88,-174,0
0,-195,0
-123,163,0
171,116,0
-110,154,0
189,3,0
-202,13,0
100,-156,0
194,36,0
70,-175,0
-68,-197,0
195,71,0
143,-141,0
-174,-87,0
192,-19,0
-193,-50,0
-157,113,0
189,15,0
164,-93,0
-159,125,0
-149,138,0
155,108,0
-75,-185,0
187,-26,0
158,118,0
8,187,0
-119,-164,0
-156,-120,0
-65,189,0
194,-63,0
-157,127,0
-203,35,0
-194,80,0
199,-25,0
195,72,0
-35,198,0
-23,-185,0
-208,-16,0
-116,160,0
129,164,0
20,-204,0
-54,184,0
-171,-117,0
158,-137,0
73,-171,0
-181,99,0
-163,129,0
-170,-90,0
-173,81,0
150,136,0
77,-191,0
-203,26,0
-136,-136,0
149,131,0
-195,38,0
-181,-71,0
-110,-155,0
-19,199,0
-194,6,0
45,204,0
-195,57,0
-185,72,0
197,23,0
-3,204,0
-115,161,0
-187,85,0
150,-138,0
-74,-193,0
-116,164,0
-177,76,0
179,-84,0
-209,-3,0
190,59,0
-10,-199,0
-123,151,0
137,-130,0
-79,184,0
185,72,0
144,-127,0
12,204,0
96,176,0
154,114,0
-1,206,0
-192,63,0
-54,-189,0
-98,-174,0
-14,192,0
80,186,0
106,-156,0
-85,190,0
-171,-90,0
19,-206,0
108,-180,0
193,-9,0
-183,41,0
190,-57,0
-136,-152,0
100,169,0
121,-164,0
-51,191,0
-37,-184,0
38,-205,0
-185,67,0
-134,128,0
85,-179,0
185,-15,0
-163,110,0
-113,153,0
108,166,0
39,199,0
-182,-52,0
102,156,0
55,195,0
-130,142,0
-189,10,0
194,-24,0
95,-166,0
60,177,0
-183,-56,0
-178,71,0
-151,133,0
94,178,0
205,-22,0
154,-107,0
-186,-59,0
-38,182,0
197,54,0
-117,164,0
-70,-180,0
120,146,0
120,147,0
-3,-200,0
-199,67,0
-26,-204,0
156,-126,0
137,157,0
-122,-168,0
1,-186,0
-132,146,0
58,199,0
-24,-194,0
166,-86,0
193,-69,0
207,11,0
-64,-193,0
-170,-90,0
50,185,0
-199,-34,0
148,-131,0
-199,11,0
-187,-31,0
-166,-127,0
-17,187,0
-46,-200,0
-191,36,0
-196,-46,0
-156,123,0
112,-168,0
-189,-86,0
201,-29,0
198,-3,0
-31,-184,0
-111,152,0
-200,-44,0
-116,-146,0
-186,63,0
-199,31,0
-207,-32,0
140,-137,0
-172,-105,0
-90,183,0
92,167,0
-204,2,0
-8,198,0
-25,185,0
165,86,0
202,56,0
-81,170,0
74,172,0
18,191,0
89,187,0
-196,-35,0
81,178,0
31,194,0
-184,-25,0
10,-206,0
-86,-169,0
179,-67,0
-179,98,0
-43,-203,0
-191,26,0
139,153,0
168,-121,0
33,-183,0
168,-123,0
89,-182,0
62,191,0
174,-66,0
-82,-193,0
192,-50,0
191,20,0
-173,80,0
87,-170,0
36,-184,0
-170,-102,0
73,196,0
-203,0,0
-191,-12,0
-197,63,0
168,-111,0
-195,-23,0
165,-91,0
196,15,0
-113,-174,0
-185,99,0
5,-194,0
-17,-201,0
-138,143,0
-204,22,0
181,-91,0
-106,180,0
-96,-172,0
-5,185,0
-136,131,0
14,-195,0
-7,-192,0
-192,-75,0
203,-13,0
-110,-158,0
-193,-5,0
198,-6,0
-153,-117,0
-143,145,0
58,-183,0
-153,129,0
-27,-202,0
195,0,0
-177,-91,0
194,-11,0
-28,193,0
162,-92,0
-23,-206,0
123,149,0
-7,189,0
149,-111,0
-134,-154,0
-195,4,0
69,-195,0
187,-49,0
-70,-186,0
123,-169,0
-116,-155,0
-42,-183,0
-196,53,0
-190,13,0
-144,151,0
-28,-193,0
140,137,0
-75,181,0
-119,152,0
-197,-12,0
-126,151,0
182,-82,0
185,-46,0
199,43,0
184,-93,0
-186,-19,0
-133,151,0
187,70,0
-152,-111,0
-188,-71,0
-137,-140,0
-4,204,0
-98,-180,0
-202,23,0
185,44,0
