12,-31,1
-4,26,1
28,-1,1
28,32,1
-34,24,1
41,-19,1
-12,-46,1
7,42,1
42,-2,1
-33,27,1
-8,-35,1
-41,16,1
-28,15,1
-11,41,1
44,-22,1
-26,-36,1
33,-28,1
32,8,1
-5,-41,1
18,-22,1
-21,-45,1
-16,-38,1
22,-16,1
-34,13,1
36,-30,1
-35,-16,1
21,41,1
25,4,1
35,-23,1
37,-27,1
-30,-3,1
-18,29,1
43,10,1
-37,13,1
13,-23,1
-32,34,1
36,21,1
48,1,1
-23,25,1
-1,-33,1
-30,11,1
45,-9,1
33,6,1
29,3,1
4,41,1
6,-43,1
12,43,1
-19,-22,1
-37,-26,1
7,44,1
29,2,1
-5,42,1
40,29,1
-35,-23,1
-2,44,1
-40,6,1
6,45,1
11,-40,1
-48,6,1
37,20,1
-31,24,1
18,32,1
27,28,1
-39,-2,1
28,17,1
-40,20,1
-30,31,1
17,42,1
7,-46,1
36,31,1
0,31,1
32,-36,1
14,-22,1
-39,-10,1
27,6,1
2,34,1
-23,-30,1
-38,-24,1
30,0,1
-11,-31,1
30,39,1
27,-32,1
-19,22,1
-27,27,1
-37,-4,1
-35,-25,1
41,-25,1
-7,44,1
7,27,1
-19,-41,1
5,-31,1
9,43,1
-27,42,1
7,-24,1
-48,2,1
-39,-5,1
-11,-31,1
-7,44,1
24,23,1
-37,10,1
29,37,1
-27,2,1
3,48,1
33,-29,1
43,-2,1
-23,-30,1
-3,-46,1
16,45,1
-22,-42,1
-17,-32,1
34,-10,1
-32,9,1
15,38,1
-36,-6,1
38,22,1
47,-6,1
-35,6,1
-33,-9,1
-11,33,1
-28,-22,1
45,11,1
-15,37,1
30,34,1
15,-21,1
-27,-32,1
1,-35,1
-9,-43,1
-15,20,1
-19,-17,1
-40,8,1
29,24,1
-17,-24,1
-30,33,1
-31,5,1
22,-20,1
-8,41,1
-16,-39,1
-7,-40,1
24,27,1
41,-17,1
-34,-17,1
39,-10,1
-21,-29,1
-21,25,1
11,-32,1
42,-21,1
49,5,1
-1,28,1
-23,18,1
-33,-20,1
27,-7,1
4,-35,1
-13,25,1
-33,-8,1
49,-3,1
36,34,1
3,-43,1
37,-13,1
-5,-44,1
33,16,1
2,45,1
-17,-42,1
-4,39,1
-18,19,1
22,18,1
9,47,1
-9,43,1
23,-29,1
-46,-11,1
28,38,1
42,-3,1
-10,-35,1
-19,41,1
-34,-24,1
-9,24,1
-25,33,1
18,28,1
-33,-15,1
17,-21,1
-28,37,1
35,33,1
25,-13,1
29,-27,1
24,33,1
2,43,1
-37,8,1
23,28,1
32,-30,1
15,23,1
41,10,1
21,17,1
33,-37,1
12,28,1
-15,-24,1
-33,-1,1
24,10,1
-37,4,1
-19,41,1
-33,-27,1
9,-31,1
-25,9,1
30,-31,1
-40,17,1
10,-44,1
32,3,1
26,5,1
-14,22,1
12,44,1
39,8,1
-9,-32,1
-41,-14,1
-31,-5,1
-43,17,1
-28,21,1
9,26,1
-26,9,1
-34,31,1
-31,-18,1
6,37,1
-3,38,1
-5,-44,1
-43,3,1
29,-21,1
-35,-15,1
-7,-46,1
39,-12,1
39,27,1
25,15,1
-23,-23,1
-4,36,1
44,-17,1
-32,22,1
-23,-13,1
-38,24,1
22,-44,1
-1,27,1
-41,-14,1
-21,-39,1
2,-49,1
25,0,1
-8,-45,1
-13,-26,1
-19,28,1
30,19,1
18,-29,1
-9,27,1
25,-16,1
5,42,1
-13,33,1
35,-2,1
-7,27,1
-28,-27,1
18,-37,1
25,-31,1
27,12,1
-46,-9,1
-25,-8,1
-38,-26,1
5,-47,1
-32,17,1
-30,8,1
-49,4,1
17,33,1
-3,-34,1
19,-45,1
-20,-41,1
29,18,1
33,29,1
-28,15,1
-3,-39,1
5,-25,1
-12,26,1
-2,49,1
-4,30,1
-13,-47,1
-20,42,1
-5,-29,1
39,-12,1
7,-49,1
-2,-29,1
29,34,1
-10,-31,1
21,-33,1
31,-12,1
16,-36,1
37,-1,1
-37,-6,1
44,14,1
-12,44,1
-35,-1,1
-36,-33,1
0,41,1
-30,20,1
10,37,1
-9,-42,1
42,-15,1
42,1,1
-13,48,1
-25,-22,1
42,7,1
6,-32,1
1,-32,1
-37,3,1
-24,23,1
-34,13,1
-3,38,1
22,37,1
7,41,1
15,28,1
-34,12,1
-24,-17,1
2,26,1
-25,14,1
17,-28,1
-30,-16,1
20,38,1
-14,-34,1
4,-48,1
36,19,1
-13,-38,1
1,40,1
-21,44,1
37,-5,1
37,24,1
35,-29,1
25,17,1
-10,-46,1
-25,-36,1
-20,-45,1
7,37,1
23,-26,1
-25,-10,1
8,36,1
-9,38,1
44,-7,1
28,33,1
-36,-28,1
14,46,1
23,-22,1
37,0,1
-33,-1,1
29,23,1
-36,23,1
-4,33,1
-27,-26,1
16,-34,1
-26,-5,1
-31,-4,1
-27,3,1
-22,-28,1
20,34,1
47,1,1
-41,27,1
-15,-24,1
-42,7,1
-29,-1,1
-9,-38,1
17,-30,1
20,-40,1
-42,-26,1
-9,48,1
-21,42,1
30,-35,1
44,-5,1
-26,-24,1
-7,-26,1
39,-5,1
24,41,1
-3,-42,1
-8,32,1
-25,25,1
-37,-12,1
-35,5,1
38,-3,1
44,-10,1
-37,28,1
-29,37,1
-30,-11,1
31,-6,1
-5,-34,1
-21,-17,1
-2,38,1
30,-35,1
14,-25,1
-35,-30,1
2,-42,1
-14,46,1
44,20,1
-47,-9,1
39,-11,1
-12,-47,1
19,-24,1
3,-25,1
-15,33,1
42,-22,1
17,47,1
2,-28,1
-18,42,1
36,28,1
-32,-33,1
47,-13,1
2,-40,1
18,43,1
-28,-29,1
-5,42,1
33,34,1
29,-2,1
17,22,1
49,1,1
25,0,1
8,35,1
-4,33,1
24,31,1
-6,49,1
30,-21,1
45,7,1
-24,32,1
43,-16,1
32,8,1
-17,37,1
21,-36,1
-37,0,1
-1,-39,1
15,37,1
46,-12,1
-11,48,1
-35,-5,1
-6,33,1
9,36,1
1,-27,1
42,19,1
17,-43,1
-16,-29,1
3,45,1
-30,-10,1
-7,-38,1
26,-35,1
36,-4,1
15,-43,1
-22,-19,1
-15,31,1
-27,-21,1
-32,22,1
32,-14,1
-22,26,1
-30,-20,1
-1,38,1
-28,-40,1
-9,-32,1
-11,-37,1
-14,-28,1
36,10,1
26,-24,1
44,1,1
1,-25,1
37,32,1
33,25,1
15,-24,1
-23,-22,1
-27,-22,1
-8,-47,1
-14,34,1
0,-47,1
13,-35,1
-15,-43,1
-27,-6,1
39,-25,1
-42,17,1
-34,5,1
11,31,1
29,-1,1
-30,-19,1
-49,7,1
9,47,1
-16,-43,1
-2,-46,1
-7,-43,1
44,-16,1
41,-24,1
-21,-39,1
30,-22,1
11,32,1
23,26,1
12,40,1
-12,39,1
-46,7,1
-44,20,1
30,22,1
6,-36,1
44,14,1
44,20,1
-4,45,1
13,-22,1
27,19,1
-47,7,1
13,42,1
28,-18,1
11,39,1
-10,-43,1
-5,-48,1
156,105,0
79,189,0
-123,143,0
8,-204,0
173,100,0
83,-176,0
-159,110,0
14,-198,0
-108,-174,0
205,4,0
202,10,0
173,-74,0
169,-78,0
-67,-198,0
46,182,0
-147,-134,0
-112,169,0
-51,200,0
-184,-51,0
-59,201,0
10,-188,0
186,-76,0
-123,-170,0
189,-23,0
-45,-187,0
95,-181,0
187,-31,0
-137,133,0
-26,190,0
170,108,0
131,136,0
-186,-38,0
-104,-158,0
-52,-181,0
-41,186,0
-205,9,0
-194,33,0
-202,-15,0
182,-74,0
-105,153,0
190,-3,0
39,204,0
-178,52,0
-180,92,0
149,116,0
155,109,0
-120,160,0
-130,-153,0
16,-188,0
-108,-175,0
46,-201,0
190,-37,0
-188,-59,0
-91,170,0
179,-63,0
-183,36,0
-108,177,0
-74,184,0
186,-23,0
179,109,0
50,-184,0
-151,-118,0
100,-156,0
76,-179,0
29,203,0
14,-203,0
-199,-22,0
-191,-66,0
-184,-23,0
-193,-26,0
-90,171,0
-91,-162,0
38,183,0
-82,193,0
-55,-190,0
-87,-191,0
174,63,0
-168,-95,0
63,-193,0
-107,180,0
150,-135,0
-25,205,0
54,188,0
30,-183,0
111,172,0
119,-161,0
-111,-152,0
189,-46,0
42,-189,0
172,-74,0
-23,-189,0
-44,-199,0
87,173,0
-201,-31,0
-74,175,0
184,101,0
162,-90,0
-126,160,0
-187,95,0
-58,-181,0
-196,41,0
198,59,0
-180,62,0
-87,172,0
-140,-156,0
-120,-142,0
127,-148,0
192,-57,0
19,-206,0
-157,137,0
170,114,0
-199,-9,0
-47,203,0
70,-185,0
176,-74,0
-49,189,0
-133,-135,0
-203,18,0
-182,88,0
-86,-182,0
-68,-195,0
31,-191,0
-166,96,0
-96,162,0
85,-188,0
191,64,0
-67,175,0
-120,-147,0
-170,120,0
160,-111,0
-158,137,0
-44,-204,0
-168,-87,0
131,154,0
73,-175,0
-160,130,0
12,-191,0
181,93,0
3,189,0
1,205,0
18,192,0
-113,156,0
200,-42,0
-35,-195,0
108,165,0
-195,20,0
113,167,0
188,-79,0
182,-37,0
159,114,0
-40,-205,0
-186,58,0
-184,27,0
-5,186,0
-180,-52,0
42,-203,0
199,54,0
-179,-61,0
122,165,0
39,195,0
-73,-193,0
141,146,0
184,67,0
59,176,0
-34,-192,0
-188,91,0
-68,189,0
-205,-8,0
-59,-189,0
-187,-77,0
3,-192,0
170,-119,0
50,188,0
-41,-184,0
-184,68,0
-90,-173,0
-207,28,0
191,-38,0
203,30,0
159,108,0
-193,-21,0
-37,190,0
-191,56,0
145,-130,0
-109,178,0
198,-51,0
-75,194,0
42,-194,0
121,-164,0
-163,98,0
-189,-45,0
20,-190,0
26,-194,0
-182,45,0
-187,88,0
89,190,0
-190,-32,0
42,188,0
161,105,0
-71,172,0
151,128,0
-31,183,0
-189,35,0
-185,60,0
-106,-155,0
157,105,0
-8,-188,0
-11,200,0
122,-143,0
193,-29,0
48,-203,0
-159,103,0
-94,-164,0
-133,-139,0
160,-129,0
-108,169,0
-54,198,0
195,12,0
-94,-185,0
-96,178,0
-145,145,0
-71,183,0
141,-136,0
-204,-5,0
207,13,0
122,168,0
-182,-85,0
-52,188,0
186,76,0
43,-199,0
194,42,0
147,-142,0
3,203,0
-89,-169,0
70,182,0
166,-128,0
-101,184,0
-175,100,0
34,-192,0
12,-198,0
205,44,0
-35,202,0
-159,126,0
-104,-163,0
59,176,0
140,-134,0
-138,130,0
132,-133,0
-170,-97,0
13,-192,0
-190,73,0
186,59,0
-11,196,0
118,145,0
204,40,0
155,133,0
196,8,0
-184,-81,0
-160,94,0
21,208,0
84,-171,0
-173,117,0
-168,100,0
-73,-179,0
195,-45,0
205,44,0
-85,-177,0
190,74,0
38,-184,0
181,-72,0
206,-24,0
-204,28,0
-149,-115,0
187,-61,0
-184,88,0
-133,-133,0
181,-56,0
127,162,0
127,-166,0
-169,-84,0
-63,196,0
28,-188,0
-71,-187,0
-177,-109,0
56,-193,0
132,148,0
-117,-165,0
102,-170,0
186,-79,0
-112,-175,0
-85,187,0
-191,61,0
-191,45,0
-139,-131,0
94,-172,0
154,115,0
-14,-189,0
43,-200,0
202,46,0
-39,-196,0
71,-171,0
-55,188,0
-111,175,0
-203,-9,0
107,-161,0
-92,165,0
102,-182,0
-30,195,0
-164,93,0
-58,-185,0
148,124,0
191,66,0
201,14,0
119,157,0
35,183,0
197,34,0
21,200,0
-154,-121,0
120,155,0
-191,83,0
-14,185,0
139,132,0
49,-192,0
-159,102,0
-93,-187,0
-172,-92,0
-169,123,0
-129,-146,0
96,177,0
30,-201,0
183,90,0
36,-192,0
101,175,0
134,-154,0
-166,103,0
-45,-197,0
-204,27,0
129,-149,0
-148,122,0
187,-10,0
-108,-169,0
-151,121,0
-183,95,0
-20,-203,0
-93,182,0
153,142,0
6,186,0
114,-150,0
188,-84,0
150,-124,0
186,61,0
-117,145,0
155,135,0
-64,-183,0
-42,182,0
190,-64,0
-128,154,0
-113,165,0
-103,170,0
200,-62,0
-148,134,0
-147,138,0
-124,-141,0
0,-203,0
-78,-192,0
-161,110,0
105,-166,0
190,59,0
87,-166,0
-44,203,0
201,-36,0
40,205,0
119,158,0
-7,-186,0
167,106,0
95,-160,0
0,-206,0
-120,-167,0
-24,-197,0
-118,-148,0
133,159,0
108,-171,0
-2,-195,0
105,170,0
51,-183,0
-23,-186,0
-143,-153,0
-121,-157,0
-13,-188,0
183,-76,0
-27,-186,0
-8,194,0
80,173,0
138,139,0
122,-159,0
190,-85,0
184,-28,0
-50,-185,0
195,66,0
190,-26,0
131,-139,0
194,-24,0
-134,146,0
-81,-170,0
13,-197,0
-65,187,0
-206,24,0
-44,188,0
-144,-122,0
171,110,0
-199,-11,0
-80,-194,0
86,172,0
-55,-179,0
-183,60,0
200,51,0
-39,-202,0
58,-176,0
78,-174,0
194,0,0
-205,22,0
191,-46,0
-202,-1,0
108,158,0
-40,-205,0
-199,-51,0
144,142,0
-48,198,0
-39,-196,0
176,-57,0
-196,75,0
169,115,0
-149,138,0
95,181,0
173,95,0
-118,145,0
-15,-208,0
-136,-127,0
30,187,0
-184,54,0
200,60,0
57,198,0
-195,17,0
50,179,0
-110,-172,0
163,124,0
-110,173,0
65,-199,0
98,181,0
-202,-3,0
156,-118,0
164,-94,0
88,-170,0
130,136,0
-197,67,0
-209,-19,0
-185,76,0
-150,135,0
68,195,0
13,187,0
192,15,0
192,-58,0
116,157,0
-122,-159,0
-159,-120,0
-94,-165,0
-37,191,0
-79,-173,0
-193,31,0
-182,-69,0
-24,-184,0
-38,-204,0
-181,-95,0
148,-131,0
16,-204,0
-163,-109,0
-66,180,0
-34,189,0
-70,-172,0
85,179,0
-163,92,0
-155,124,0
206,-31,0
178,72,0
171,98,0
-42,189,0
-196,-44,0
-139,142,0
-63,186,0
-88,-187,0
-122,-162,0
105,-166,0
10,185,0
30,-186,0
-35,-207,0
-104,-155,0
-164,-101,0
179,-64,0
183,-99,0
172,-71,0
