-17,28,1
22,-28,1
33,37,1
37,30,1
21,43,1
-28,-29,1
-35,19,1
-13,-33,1
11,29,1
-16,-47,1
38,6,1
-29,-28,1
-9,44,1
28,13,1
-9,-25,1
-34,-7,1
2,-30,1
-17,19,1
30,-12,1
39,8,1
17,-25,1
-17,37,1
9,-24,1
0,28,1
-2,-42,1
-8,31,1
-15,-35,1
28,38,1
-6,-49,1
-31,-14,1
16,-33,1
44,13,1
-4,-37,1
-11,-32,1
-41,-19,1
-24,-42,1
24,37,1
39,-5,1
-21,41,1
32,-21,1
-15,42,1
-32,-32,1
45,-12,1
-26,-1,1
41,-8,1
4,-49,1
27,-5,1
11,39,1
25,34,1
-38,14,1
18,35,1
31,-26,1
-33,3,1
-35,-13,1
18,44,1
-44,18,1
35,0,1
35,-31,1
34,20,1
26,23,1
-33,-17,1
-19,45,1
-20,-30,1
-23,-40,1
-30,-21,1
-22,-28,1
20,22,1
-28,28,1
-19,39,1
-15,28,1
-5,-28,1
-31,-17,1
-38,4,1
46,9,1
-42,2,1
13,-29,1
-21,45,1
45,15,1
-14,-40,1
15,38,1
-3,41,1
-22,-18,1
13,28,1
-48,14,1
-32,-5,1
40,18,1
46,10,1
36,9,1
-25,-39,1
2,-37,1
-8,-43,1
45,-4,1
24,25,1
-21,34,1
40,22,1
37,18,1
-12,28,1
-32,-11,1
-37,-6,1
-34,27,1
-6,-25,1
-10,33,1
-5,-46,1
-36,9,1
-47,5,1
42,10,1
-31,12,1
-30,38,1
-31,28,1
-34,-7,1
36,-28,1
43,-7,1
25,-16,1
29,1,1
42,14,1
45,2,1
35,4,1
-22,-24,1
-9,-36,1
-29,-36,1
-2,-27,1
-14,-43,1
28,-40,1
26,35,1
26,3,1
33,-26,1
-24,-37,1
-43,-12,1
42,-11,1
30,-4,1
39,-12,1
14,34,1
-33,0,1
26,-2,1
5,26,1
26,4,1
-28,-20,1
28,38,1
-10,-24,1
35,-2,1
-32,-13,1
1,-42,1
26,6,1
23,-23,1
34,-6,1
26,39,1
27,-5,1
5,34,1
-49,-1,1
28,-12,1
-26,-21,1
26,16,1
-37,-5,1
14,-40,1
35,-22,1
30,-38,1
-45,1,1
22,-26,1
16,-46,1
48,7,1
27,38,1
-42,16,1
36,14,1
6,33,1
-34,-7,1
-43,-17,1
48,4,1
29,-28,1
35,31,1
21,-44,1
-23,37,1
-30,-16,1
29,-22,1
-21,32,1
-35,-4,1
-18,-43,1
46,-4,1
28,-7,1
32,-32,1
3,-25,1
-31,33,1
25,11,1
-20,29,1
-17,42,1
29,-8,1
37,31,1
-28,-23,1
2,-41,1
23,-12,1
15,33,1
-22,-18,1
-44,10,1
27,10,1
39,-18,1
18,-26,1
-31,-38,1
38,-31,1
20,-34,1
43,1,1
-27,-32,1
-5,-38,1
35,-1,1
41,-20,1
-23,19,1
-41,22,1
-22,26,1
41,-13,1
26,-11,1
19,41,1
42,-26,1
39,17,1
24,-31,1
6,32,1
-33,10,1
20,-42,1
-40,-24,1
5,-42,1
27,-24,1
36,2,1
-39,-21,1
-30,3,1
-37,26,1
-42,3,1
-17,36,1
-36,24,1
-16,-47,1
27,22,1
-18,43,1
39,4,1
-4,29,1
43,10,1
-30,8,1
-27,-15,1
42,19,1
-15,-39,1
42,0,1
-34,-5,1
26,-39,1
25,-2,1
-39,-2,1
-47,6,1
9,-49,1
14,32,1
20,-41,1
-20,26,1
-35,24,1
44,9,1
49,5,1
-39,26,1
-20,-35,1
-33,-19,1
25,10,1
1,-44,1
17,-22,1
-14,47,1
-25,-22,1
-27,23,1
45,-4,1
-32,13,1
9,-45,1
-31,-1,1
29,19,1
-32,-31,1
-27,20,1
-1,-49,1
-10,-48,1
46,-14,1
-27,-37,1
28,26,1
-7,-41,1
29,22,1
38,-18,1
11,31,1
-15,41,1
-38,-27,1
26,-22,1
11,-40,1
-35,-14,1
-18,18,1
5,-47,1
-6,37,1
31,-38,1
32,-12,1
35,-10,1
33,7,1
-6,-46,1
26,-27,1
-32,37,1
-42,-17,1
23,-17,1
9,-42,1
13,44,1
23,17,1
9,-31,1
-24,-30,1
-15,28,1
31,-1,1
-37,-11,1
39,-6,1
20,38,1
42,-21,1
25,-14,1
-28,22,1
10,-36,1
2,26,1
39,26,1
46,4,1
36,10,1
-48,8,1
-47,13,1
6,-31,1
-25,-29,1
11,26,1
-40,-6,1
-37,5,1
14,-31,1
-33,-36,1
-25,18,1
-22,38,1
46,17,1
7,37,1
32,25,1
-11,35,1
-11,26,1
28,-2,1
22,-38,1
29,32,1
-18,26,1
-33,-29,1
36,-32,1
36,-29,1
10,-28,1
-15,31,1
30,-26,1
1,31,1
-34,-34,1
22,-36,1
20,-38,1
20,-24,1
-10,-27,1
7,-45,1
-5,-32,1
-23,26,1
-15,-21,1
33,19,1
-23,23,1
-1,-43,1
5,-26,1
45,17,1
-46,4,1
12,-45,1
25,7,1
-5,-37,1
-8,48,1
-24,27,1
-7,-46,1
-30,9,1
-1,-42,1
-43,-2,1
41,-2,1
-39,-27,1
-27,-32,1
36,13,1
45,1,1
37,-8,1
37,-31,1
28,-41,1
13,-24,1
-23,13,1
-33,5,1
15,24,1
39,-28,1
21,44,1
42,18,1
-43,-8,1
20,15,1
-33,-29,1
-43,-13,1
48,2,1
-19,27,1
6,-30,1
-25,-19,1
-12,42,1
-20,18,1
-27,11,1
6,47,1
-13,35,1
46,2,1
-13,-35,1
3,-40,1
-17,-36,1
-40,20,1
28,10,1
-14,33,1
-20,38,1
39,27,1
-1,42,1
17,19,1
-5,36,1
-47,-2,1
24,42,1
-9,31,1
-22,-20,1
-25,-30,1
-9,-31,1
-43,18,1
-19,24,1
3,39,1
-31,-29,1
-36,23,1
-9,28,1
36,34,1
-26,15,1
20,-36,1
-13,-32,1
15,-28,1
49,7,1
23,35,1
-47,4,1
8,48,1
30,-37,1
18,45,1
26,19,1
-23,36,1
-30,-13,1
21,-37,1
0,-29,1
-29,-17,1
36,-17,1
10,-27,1
18,-21,1
18,-26,1
-8,-38,1
12,-23,1
-37,9,1
22,-15,1
21,33,1
-20,-44,1
-32,4,1
47,-9,1
29,-1,1
37,28,1
-36,-6,1
25,-29,1
13,-41,1
36,25,1
-34,-1,1
-39,19,1
-40,-10,1
10,40,1
36,-5,1
-43,-3,1
-47,-5,1
-30,-34,1
40,-15,1
-45,-15,1
-6,41,1
33,20,1
24,41,1
27,-18,1
-25,15,1
-34,-21,1
47,-12,1
22,41,1
-34,11,1
13,-25,1
-32,26,1
-5,-41,1
4,26,1
27,14,1
-10,-28,1
17,44,1
42,13,1
-1,-28,1
-15,-45,1
44,0,1
45,-1,1
-12,-26,1
41,-17,1
-8,-39,1
38,-2,1
-15,23,1
-26,3,1
-39,11,1
29,-27,1
-36,-27,1
-43,15,1
40,-6,1
-25,13,1
24,25,1
8,36,1
42,4,1
-42,0,1
45,17,1
47,3,1
21,18,1
-28,-16,1
-8,32,1
-23,-44,1
28,17,1
-194,-54,0
194,11,0
13,208,0
-186,-97,0
183,-97,0
104,-164,0
-62,180,0
-66,198,0
155,118,0
-202,0,0
-7,189,0
-148,-120,0
-198,37,0
114,-156,0
-32,-188,0
57,-197,0
-160,-113,0
45,-197,0
-195,-70,0
170,-74,0
65,187,0
192,-84,0
174,-78,0
-170,78,0
196,23,0
-6,197,0
-144,-146,0
-153,-142,0
75,189,0
-176,60,0
-183,98,0
79,184,0
96,-173,0
56,-199,0
169,-119,0
178,-83,0
3,-194,0
-172,112,0
-68,-185,0
-203,-33,0
-114,-160,0
164,102,0
79,185,0
174,-114,0
-29,-193,0
-115,-173,0
115,166,0
185,57,0
-205,27,0
20,-184,0
198,-36,0
138,141,0
11,203,0
-36,-191,0
-127,139,0
-194,12,0
-183,68,0
17,200,0
-167,125,0
-173,66,0
85,191,0
185,0,0
-184,-35,0
187,2,0
93,-164,0
-182,43,0
95,-176,0
-113,154,0
50,-200,0
118,-146,0
-109,-159,0
33,205,0
-156,-120,0
-204,48,0
-190,-55,0
-192,75,0
-204,24,0
-62,179,0
190,-40,0
23,-198,0
-123,164,0
3,192,0
-42,204,0
124,-168,0
164,115,0
-155,124,0
-105,159,0
180,-68,0
148,-140,0
-24,-188,0
113,172,0
191,49,0
175,-88,0
-158,116,0
42,-189,0
-17,208,0
-178,-68,0
143,131,0
184,-40,0
-73,183,0
173,-73,0
-124,148,0
-162,123,0
178,55,0
12,-194,0
-192,-83,0
-206,-29,0
-101,172,0
-115,-161,0
111,-157,0
-96,182,0
188,42,0
156,-140,0
123,139,0
150,-119,0
179,-59,0
140,-149,0
121,146,0
187,-21,0
-164,118,0
147,141,0
-137,-134,0
28,-203,0
122,-146,0
-69,-183,0
-146,-148,0
-202,29,0
-58,-198,0
-80,-169,0
30,194,0
-110,-162,0
139,-128,0
-42,187,0
178,-65,0
-156,-117,0
36,194,0
-146,-137,0
100,159,0
-190,34,0
-160,-122,0
58,-191,0
164,91,0
185,65,0
50,190,0
62,-196,0
122,149,0
51,185,0
90,-189,0
11,191,0
170,106,0
-76,193,0
-102,159,0
96,-183,0
-190,30,0
75,182,0
185,-49,0
-90,-188,0
-122,168,0
-195,-20,0
-80,189,0
-166,-121,0
-168,91,0
-206,15,0
-49,199,0
-68,-183,0
-75,191,0
187,-28,0
176,114,0
-115,-145,0
145,-125,0
-51,-187,0
-1,205,0
196,-67,0
193,75,0
-40,-203,0
-26,-203,0
-154,-132,0
39,197,0
-125,155,0
146,129,0
122,170,0
56,-194,0
198,-35,0
127,-162,0
-64,191,0
-86,164,0
186,-90,0
199,-23,0
-10,-201,0
-102,-180,0
45,-203,0
201,59,0
198,8,0
54,196,0
-40,192,0
-136,142,0
-8,-197,0
166,-118,0
19,-206,0
42,-183,0
48,197,0
178,-66,0
32,-203,0
-91,179,0
122,-167,0
-96,179,0
19,-201,0
-202,-53,0
185,32,0
40,205,0
189,-43,0
-188,34,0
-10,-186,0
-187,-46,0
-99,184,0
-168,115,0
184,40,0
193,-66,0
127,144,0
-195,10,0
130,155,0
184,25,0
-196,-14,0
-114,-148,0
180,72,0
-131,145,0
-188,12,0
109,-156,0
-164,-123,0
15,186,0
-177,-87,0
169,-90,0
185,24,0
87,185,0
140,123,0
10,-205,0
-80,-167,0
-74,193,0
163,-107,0
-15,192,0
-12,-199,0
207,12,0
-203,-22,0
-207,-29,0
93,-170,0
78,-190,0
124,-161,0
-129,-159,0
-171,118,0
-132,-131,0
-177,-83,0
157,110,0
39,195,0
-18,-203,0
-190,-65,0
-197,54,0
-3,-200,0
99,-163,0
-188,-81,0
-193,76,0
194,67,0
117,162,0
-149,113,0
-205,-27,0
-109,-153,0
-110,158,0
63,-194,0
10,193,0
168,99,0
-204,-14,0
-201,50,0
49,-189,0
-132,-135,0
36,-200,0
108,-179,0
117,-163,0
-85,-177,0
185,47,0
87,186,0
177,-55,0
75,186,0
-172,-109,0
158,-109,0
-24,194,0
182,-61,0
-183,62,0
-77,180,0
-72,-180,0
175,109,0
194,59,0
203,2,0
-171,79,0
-203,-5,0
162,119,0
48,-194,0
195,52,0
-145,149,0
95,-160,0
-202,20,0
199,-25,0
169,118,0
-174,76,0
5,-188,0
79,-176,0
72,-184,0
138,-129,0
157,-131,0
34,206,0
-104,-159,0
165,-125,0
198,55,0
-152,-112,0
85,-179,0
-187,40,0
-176,-109,0
135,138,0
176,-100,0
104,-154,0
-26,-190,0
-62,-184,0
-5,202,0
-12,-194,0
-3,207,0
171,-100,0
194,55,0
-125,-163,0
-123,156,0
0,203,0
162,123,0
194,-59,0
8,195,0
-196,63,0
164,-131,0
-162,130,0
-23,-187,0
-172,82,0
-197,27,0
192,24,0
32,-190,0
-89,-186,0
6,209,0
198,20,0
171,117,0
169,100,0
130,157,0
151,141,0
-137,-154,0
56,192,0
-186,-5,0
115,-175,0
-136,-153,0
-34,186,0
-191,74,0
-151,144,0
-65,177,0
184,-57,0
-135,159,0
-80,-185,0
158,98,0
176,-100,0
91,162,0
187,8,0
-34,-205,0
-50,-191,0
122,-164,0
-63,-184,0
185,24,0
176,-69,0
-97,-174,0
196,9,0
18,188,0
-160,-111,0
178,-85,0
132,153,0
183,53,0
-106,-156,0
-195,32,0
-167,112,0
-72,-176,0
188,10,0
-180,-61,0
186,-87,0
56,-177,0
24,-189,0
107,179,0
-157,129,0
-12,-194,0
161,-102,0
-149,122,0
172,-102,0
187,75,0
84,-165,0
-197,8,0
-160,-133,0
-179,-100,0
85,174,0
191,14,0
-94,-160,0
184,80,0
124,154,0
186,49,0
-187,-78,0
-192,23,0
187,37,0
-199,-18,0
161,103,0
-11,-192,0
-142,147,0
188,-60,0
-56,180,0
-167,101,0
128,161,0
-147,137,0
-183,-72,0
-189,-29,0
87,190,0
-22,203,0
186,67,0
-177,92,0
23,-202,0
-184,71,0
154,-139,0
175,61,0
-192,-13,0
-2,-196,0
109,-152,0
130,144,0
174,-111,0
161,105,0
-86,-164,0
167,-98,0
26,-204,0
140,137,0
117,-144,0
66,-195,0
101,158,0
192,-20,0
184,43,0
191,-43,0
21,188,0
-2,-187,0
-87,167,0
-140,-144,0
-190,-52,0
29,205,0
162,105,0
180,68,0
105,-159,0
152,116,0
37,192,0
-93,162,0
186,-46,0
154,118,0
56,186,0
125,166,0
-8,205,0
-1,-207,0
-53,186,0
129,143,0
197,42,0
-31,190,0
174,64,0
50,-179,0
166,99,0
-187,51,0
-183,-29,0
-177,-69,0
32,205,0
-104,-170,0
-81,-172,0
61,175,0
163,105,0
16,196,0
90,163,0
-143,-146,0
-186,-34,0
180,50,0
149,-120,0
-15,-198,0
207,23,0
184,-85,0
-178,-102,0
190,-89,0
-21,192,0
-189,5,0
-196,66,0
-85,-179,0
-102,-163,0
70,176,0
-133,-131,0
159,-109,0
-178,-73,0
104,162,0
110,-165,0
89,188,0
-194,-11,0
-169,105,0
190,-31,0
152,-132,0
112,-173,0
