-43,23,1
30,22,1
41,10,1
23,-32,1
34,-3,1
25,31,1
39,-12,1
43,-20,1
-24,-34,1
-4,-38,1
33,8,1
23,29,1
26,-38,1
26,-14,1
12,-46,1
-17,-41,1
-43,21,1
32,-18,1
24,-17,1
-6,-32,1
21,-39,1
16,-42,1
-21,-16,1
48,-4,1
20,43,1
14,-22,1
35,-27,1
22,23,1
38,-21,1
-28,21,1
25,-34,1
31,15,1
36,9,1
23,-18,1
-36,-29,1
5,27,1
-7,29,1
6,42,1
27,-12,1
33,7,1
21,-18,1
-34,22,1
-44,20,1
-30,-30,1
15,-22,1
-8,-43,1
-20,24,1
18,35,1
-40,-17,1
-24,27,1
1,28,1
23,-14,1
-21,-42,1
30,20,1
-38,-12,1
18,-44,1
9,-48,1
20,-28,1
8,27,1
32,30,1
11,-33,1
0,38,1
-19,-28,1
35,23,1
-25,19,1
11,47,1
28,-33,1
7,-49,1
38,10,1
8,29,1
16,-46,1
40,6,1
-8,39,1
25,35,1
-27,-33,1
39,11,1
-9,32,1
-25,-4,1
-8,-27,1
36,-12,1
5,35,1
-7,32,1
-30,5,1
5,-26,1
-6,39,1
-48,12,1
12,-45,1
12,46,1
8,37,1
7,42,1
36,-15,1
-7,36,1
-14,43,1
-35,-6,1
38,18,1
-41,-4,1
-35,-3,1
-27,20,1
20,45,1
-23,32,1
-24,32,1
-11,32,1
-3,-46,1
-44,-9,1
-13,-44,1
-28,-36,1
-38,-22,1
-30,23,1
-38,5,1
-7,-31,1
-9,40,1
48,0,1
-5,48,1
27,37,1
0,-28,1
-19,-33,1
13,47,1
38,-31,1
1,29,1
-17,26,1
-17,44,1
-33,-30,1
-15,-27,1
13,35,1
2,-48,1
14,48,1
-4,40,1
-20,33,1
28,-36,1
-42,-23,1
-39,-11,1
-27,12,1
-31,26,1
37,6,1
-7,37,1
30,-2,1
-12,34,1
-28,-29,1
-5,46,1
-33,-21,1
-34,-7,1
-46,1,1
-47,11,1
38,24,1
10,45,1
3,46,1
-17,31,1
-9,-38,1
-16,27,1
34,-21,1
42,-6,1
3,30,1
-2,33,1
-33,-18,1
33,23,1
-18,42,1
35,14,1
-19,22,1
-31,-37,1
-14,-33,1
-23,20,1
19,37,1
-32,-28,1
41,-6,1
48,4,1
32,-28,1
9,38,1
18,18,1
23,17,1
2,-33,1
26,-21,1
28,-15,1
30,33,1
-36,6,1
7,-44,1
39,0,1
22,-32,1
-27,39,1
-17,-27,1
24,12,1
21,45,1
0,-38,1
31,2,1
-4,-40,1
-39,-19,1
-49,4,1
2,34,1
-34,-27,1
1,41,1
-12,-43,1
-22,32,1
20,-16,1
-24,-17,1
-45,11,1
-27,-2,1
26,36,1
-27,13,1
-28,-35,1
35,34,1
19,-34,1
-19,-27,1
5,-46,1
36,-9,1
-36,19,1
-38,1,1
20,37,1
-8,41,1
-19,-26,1
34,14,1
-34,31,1
-41,-3,1
-17,-43,1
-31,-18,1
-22,43,1
42,9,1
30,10,1
0,33,1
43,8,1
-19,-30,1
4,30,1
-15,-40,1
0,50,1
13,-29,1
27,23,1
26,-7,1
-17,-35,1
-23,19,1
-29,-38,1
0,-35,1
-42,8,1
-31,9,1
24,-31,1
-28,2,1
12,-42,1
30,-17,1
-16,33,1
17,-27,1
-45,0,1
7,-46,1
39,-4,1
-3,32,1
-26,-4,1
-10,-33,1
42,-15,1
-45,17,1
20,-31,1
-7,-46,1
10,33,1
37,24,1
4,-32,1
26,14,1
20,42,1
18,24,1
-27,16,1
-37,19,1
-47,1,1
-42,2,1
-19,33,1
-8,35,1
-10,29,1
-24,10,1
-37,-6,1
32,0,1
11,-33,1
35,34,1
-31,31,1
16,-37,1
43,-21,1
-24,20,1
19,29,1
2,38,1
15,-23,1
47,1,1
30,26,1
37,25,1
40,-25,1
-18,-23,1
7,29,1
38,28,1
-33,20,1
-27,-15,1
-22,-17,1
24,33,1
22,14,1
-41,11,1
22,35,1
-34,36,1
3,-48,1
27,-17,1
-21,32,1
4,49,1
21,19,1
-9,32,1
-15,-43,1
23,21,1
7,43,1
39,-24,1
-45,4,1
26,12,1
-45,-17,1
-48,-4,1
28,23,1
28,-29,1
19,-20,1
-16,30,1
19,-17,1
26,39,1
30,-24,1
19,-19,1
32,9,1
-35,-10,1
-29,-35,1
28,-30,1
-16,46,1
28,-4,1
31,-37,1
-26,-25,1
-36,14,1
36,25,1
-44,19,1
43,0,1
23,-11,1
24,-11,1
-28,36,1
-27,-26,1
-39,-21,1
1,-25,1
-30,0,1
24,43,1
-12,35,1
6,-30,1
27,17,1
-42,18,1
-31,-29,1
30,-36,1
8,-25,1
5,-28,1
-5,41,1
-40,-18,1
0,40,1
6,41,1
23,-16,1
-38,27,1
-24,26,1
44,5,1
-23,-32,1
-44,16,1
-21,24,1
9,-32,1
-39,29,1
21,-21,1
-26,-31,1
-24,-9,1
0,34,1
49,3,1
-28,8,1
-22,28,1
-33,-6,1
-46,-4,1
-25,-19,1
-35,-30,1
-43,-18,1
8,43,1
-15,22,1
-9,-41,1
45,13,1
12,-27,1
-32,-10,1
45,-11,1
37,29,1
-30,-34,1
16,-26,1
27,27,1
-14,33,1
22,22,1
29,-38,1
27,32,1
13,-44,1
-25,37,1
-14,-41,1
-14,37,1
43,-1,1
-29,34,1
23,33,1
-29,-5,1
-38,-10,1
-38,3,1
-28,7,1
6,-42,1
-3,45,1
-34,-22,1
15,46,1
-25,29,1
48,-4,1
-8,-44,1
36,-34,1
-44,-14,1
-3,-43,1
-40,25,1
-3,39,1
-10,-24,1
-5,43,1
24,32,1
-38,21,1
-31,-18,1
-26,-32,1
29,-2,1
-38,-7,1
36,-27,1
36,-3,1
-47,11,1
12,29,1
15,-43,1
-28,30,1
32,-10,1
-16,-38,1
27,20,1
32,-4,1
-29,-36,1
-44,12,1
-12,-32,1
-18,-24,1
29,38,1
19,45,1
-36,-27,1
-7,-46,1
-30,36,1
33,-6,1
-14,-45,1
11,-43,1
2,40,1
14,-41,1
-22,-22,1
-35,-29,1
23,30,1
-33,-7,1
-43,1,1
22,13,1
-18,35,1
9,-25,1
-25,10,1
-44,13,1
-10,-40,1
9,49,1
-25,18,1
3,36,1
-12,26,1
28,-22,1
-39,-18,1
-12,-28,1
7,-46,1
-39,-24,1
-15,32,1
22,44,1
-18,18,1
8,30,1
-10,33,1
-1,41,1
-26,28,1
-39,-6,1
-31,11,1
2,49,1
25,-25,1
-30,-1,1
12,-47,1
39,31,1
8,37,1
27,6,1
35,-27,1
45,-12,1
25,-36,1
-34,-34,1
31,28,1
28,35,1
-40,8,1
1,39,1
-47,10,1
-32,34,1
10,45,1
-39,25,1
-19,40,1
-11,-35,1
-9,-42,1
38,-29,1
30,13,1
33,30,1
0,37,1
-29,5,1
-14,39,1
-43,-11,1
21,-36,1
-38,23,1
36,26,1
-3,36,1
-42,-15,1
38,-1,1
-44,1,1
-19,-46,1
28,13,1
-4,-37,1
-247,182,0
225,-233,0
-250,201,0
65,-311,0
58,-306,0
17,328,0
-260,165,0
-242,-212,0
92,308,0
296,-88,0
307,-56,0
54,-324,0
-114,-294,0
-294,137,0
-275,166,0
-162,-283,0
-144,277,0
-124,-283,0
231,-226,0
-179,-271,0
46,-313,0
162,-285,0
-289,122,0
-252,209,0
-303,94,0
-114,-307,0
-265,166,0
-279,134,0
-317,-22,0
294,110,0
-320,33,0
-292,-153,0
-319,69,0
309,63,0
291,-118,0
300,-67,0
310,82,0
-291,130,0
274,-147,0
176,-253,0
307,86,0
-123,293,0
-311,-51,0
309,-30,0
145,-274,0
-27,-323,0
-70,-301,0
76,304,0
293,148,0
-283,-127,0
-257,167,0
271,160,0
22,-327,0
-23,317,0
211,227,0
235,-226,0
267,169,0
-307,-83,0
249,-196,0
-302,61,0
-15,-308,0
-310,-58,0
92,-306,0
54,304,0
-201,-237,0
-207,-232,0
315,-72,0
312,100,0
-250,-202,0
-83,-299,0
-136,296,0
-291,-95,0
-311,-28,0
-279,127,0
127,304,0
109,-311,0
-316,-83,0
-273,-178,0
-63,-309,0
-228,215,0
-251,176,0
287,119,0
290,140,0
314,87,0
282,-136,0
94,309,0
-307,49,0
-222,-222,0
-39,-321,0
-231,-222,0
-301,76,0
104,301,0
151,293,0
-295,-135,0
-299,-111,0
-240,192,0
-125,-303,0
184,-259,0
-306,-44,0
-12,-307,0
165,267,0
-142,-286,0
-307,35,0
-82,304,0
74,-301,0
76,-311,0
309,-48,0
-307,-115,0
39,-319,0
-328,20,0
-261,179,0
-329,3,0
176,-261,0
108,299,0
30,304,0
-163,-274,0
-317,-30,0
105,287,0
212,-229,0
-261,197,0
119,-292,0
-196,251,0
50,303,0
-311,-92,0
-281,138,0
-127,-292,0
172,271,0
-107,-289,0
44,307,0
-38,308,0
-302,-71,0
-320,-58,0
-30,-322,0
-37,312,0
305,-65,0
-138,283,0
21,310,0
134,285,0
167,261,0
-295,106,0
-216,216,0
290,121,0
-89,299,0
-300,-122,0
-137,-278,0
16,-308,0
316,-80,0
205,242,0
207,232,0
94,-302,0
-238,194,0
-15,321,0
310,-95,0
-280,171,0
220,234,0
-181,274,0
160,274,0
65,314,0
-191,252,0
-306,62,0
-296,77,0
113,-298,0
300,120,0
305,72,0
230,-216,0
-225,226,0
301,105,0
-303,110,0
299,81,0
-169,-269,0
-304,-106,0
-307,105,0
313,25,0
-320,-73,0
136,295,0
282,167,0
42,-326,0
295,142,0
-290,-150,0
-305,17,0
-151,275,0
-52,317,0
317,-16,0
-274,142,0
152,-272,0
-216,218,0
155,-267,0
-326,28,0
301,58,0
274,-142,0
-289,-122,0
-316,-22,0
-179,252,0
165,-266,0
-311,-7,0
-72,297,0
153,-284,0
103,-308,0
291,-103,0
-323,32,0
30,-324,0
-324,25,0
209,-246,0
275,-177,0
70,320,0
100,302,0
210,231,0
64,-314,0
309,-27,0
321,25,0
269,177,0
-256,-176,0
-269,153,0
158,-285,0
-222,220,0
287,139,0
83,316,0
153,-289,0
133,298,0
24,-319,0
47,-314,0
-286,154,0
-100,-305,0
128,-291,0
3,306,0
-249,-185,0
-108,302,0
318,10,0
-294,141,0
282,118,0
313,-68,0
75,-307,0
255,197,0
-77,-305,0
-46,322,0
141,285,0
-305,54,0
-323,21,0
128,287,0
-75,310,0
83,299,0
249,196,0
-49,305,0
-100,296,0
321,65,0
-217,235,0
153,264,0
-231,206,0
-265,174,0
-306,97,0
285,113,0
246,206,0
125,295,0
322,-42,0
233,232,0
-83,300,0
118,292,0
248,-181,0
255,-196,0
-298,92,0
207,236,0
90,-310,0
42,316,0
-115,291,0
-24,-318,0
25,329,0
-281,-142,0
172,273,0
-14,-319,0
-301,87,0
-136,-299,0
295,114,0
-224,-223,0
183,257,0
-48,-305,0
76,310,0
-241,196,0
-135,-298,0
318,-50,0
130,-287,0
-107,294,0
-55,-312,0
-315,63,0
241,-204,0
4,-316,0
-291,125,0
225,218,0
312,-84,0
-215,227,0
-100,299,0
-119,-286,0
221,225,0
-231,-226,0
319,-56,0
236,-205,0
-301,113,0
-319,-38,0
-293,147,0
198,244,0
-188,-264,0
165,271,0
228,224,0
319,65,0
316,28,0
-97,-306,0
312,95,0
-302,132,0
-313,10,0
296,-98,0
-261,193,0
-278,-142,0
-147,275,0
-298,-65,0
203,236,0
142,-286,0
41,312,0
-222,236,0
-33,310,0
-13,307,0
-304,52,0
46,-325,0
17,-325,0
-327,39,0
57,-325,0
184,-255,0
304,34,0
-14,-316,0
261,171,0
197,-261,0
-304,-37,0
280,136,0
58,-318,0
134,281,0
-220,-244,0
-129,300,0
314,-72,0
-316,-51,0
-238,-209,0
108,298,0
-310,27,0
211,237,0
-11,-321,0
14,-313,0
284,-161,0
313,-50,0
-306,-121,0
-286,128,0
298,-105,0
-65,322,0
-291,-141,0
259,-165,0
298,107,0
-305,-79,0
-162,-274,0
-106,-311,0
-295,120,0
12,-327,0
-57,307,0
-270,156,0
-193,-254,0
-311,-21,0
-293,107,0
32,-316,0
-305,84,0
287,-145,0
209,230,0
-104,309,0
-83,317,0
-287,-127,0
-294,104,0
241,-200,0
-275,-134,0
-157,263,0
-110,-303,0
56,316,0
-256,-194,0
-305,-55,0
-281,-141,0
-51,-324,0
201,249,0
112,301,0
246,-197,0
309,-27,0
314,52,0
-296,-125,0
317,66,0
-271,169,0
145,-286,0
37,314,0
310,102,0
201,-250,0
-164,280,0
-208,-255,0
-192,247,0
-237,-202,0
-73,-319,0
-298,-139,0
280,165,0
-67,298,0
209,238,0
297,-91,0
190,-248,0
280,-165,0
192,261,0
234,197,0
244,-209,0
314,12,0
-44,321,0
-248,-212,0
-289,125,0
-80,315,0
21,306,0
-159,288,0
324,5,0
-29,-309,0
-46,310,0
160,262,0
-309,-61,0
-54,305,0
-263,160,0
-59,-319,0
203,-255,0
203,-236,0
221,-221,0
-285,111,0
149,277,0
-296,80,0
236,-206,0
140,-293,0
-260,-202,0
188,-254,0
-152,284,0
313,-30,0
322,63,0
-211,230,0
242,-201,0
329,9,0
288,-146,0
-270,159,0
145,288,0
51,310,0
217,-224,0
112,-286,0
135,-280,0
-267,192,0
313,73,0
-307,32,0
-73,-315,0
120,296,0
313,-32,0
-206,-228,0
-303,-60,0
-21,-312,0
290,-130,0
233,227,0
-285,-132,0
-178,262,0
265,154,0
-290,-155,0
251,203,0
39,-312,0
-311,-40,0
115,-302,0
303,-38,0
-207,254,0
298,-95,0
-301,-52,0
113,-299,0
-148,290,0
197,241,0
310,-109,0
208,253,0
328,23,0
-317,-85,0
-302,-57,0
251,-195,0
-308,55,0
-312,45,0
307,61,0
93,303,0
-211,246,0
155,274,0
-89,-304,0
307,-46,0
119,293,0
-243,-191,0
-110,306,0
-285,-150,0
45,302,0
-245,-206,0
-253,182,0
310,-66,0
-81,317,0
-180,-264,0
-300,59,0
225,-211,0
25,-319,0
112,299,0
-315,-7,0
244,-189,0
