42,9,1
-12,41,1
-27,-6,1
16,28,1
-33,32,1
-35,33,1
-38,21,1
31,-36,1
-11,-35,1
15,37,1
-13,-39,1
30,5,1
-30,-17,1
20,-32,1
31,-34,1
-12,-22,1
31,18,1
30,-37,1
14,-37,1
-12,-41,1
-43,-8,1
12,-44,1
-20,-37,1
33,5,1
-25,-32,1
25,43,1
4,34,1
-41,17,1
31,-3,1
-6,39,1
-5,27,1
28,37,1
-44,-16,1
-8,26,1
-20,41,1
-25,-11,1
19,41,1
-42,17,1
22,12,1
41,-6,1
-30,-21,1
-35,35,1
-37,-6,1
31,12,1
-18,30,1
48,1,1
-10,47,1
-5,-43,1
29,-5,1
-14,43,1
-14,30,1
47,-13,1
-18,46,1
42,-24,1
-7,-39,1
31,17,1
-3,-29,1
-30,-12,1
46,-11,1
-34,17,1
0,-40,1
36,-17,1
11,-38,1
-7,41,1
-20,33,1
-37,0,1
-12,22,1
27,-36,1
-21,-15,1
-7,-25,1
-48,-12,1
-20,-39,1
-28,30,1
29,-18,1
3,40,1
23,-17,1
-26,-9,1
38,21,1
20,37,1
-18,38,1
18,-27,1
-40,-23,1
-47,-15,1
-13,28,1
15,-37,1
41,8,1
26,-1,1
44,0,1
23,-38,1
-15,-26,1
24,17,1
4,-42,1
7,-36,1
27,-27,1
25,41,1
39,17,1
47,17,1
29,-5,1
2,-46,1
16,-25,1
-30,-16,1
27,-33,1
4,-45,1
-34,4,1
22,-42,1
41,7,1
-1,-25,1
-27,-7,1
38,9,1
22,19,1
-4,31,1
34,-1,1
-20,-18,1
-30,35,1
33,-19,1
-42,3,1
40,-20,1
-5,35,1
-48,9,1
37,25,1
23,-32,1
23,28,1
31,38,1
13,-36,1
16,23,1
36,-26,1
-32,-19,1
-15,-27,1
-18,-40,1
17,-41,1
-16,28,1
-16,44,1
-31,-37,1
27,1,1
12,-41,1
-29,-30,1
-25,41,1
-1,47,1
-22,-14,1
44,-12,1
38,27,1
-18,37,1
-29,7,1
1,-43,1
-13,23,1
38,0,1
12,29,1
-12,34,1
18,-39,1
38,17,1
3,-49,1
-21,-28,1
-11,41,1
26,4,1
-23,37,1
-19,-22,1
21,-25,1
19,-46,1
-28,2,1
10,-40,1
-29,-4,1
-41,18,1
6,40,1
-34,31,1
42,-18,1
-23,27,1
28,-20,1
-13,26,1
26,24,1
22,-44,1
-24,36,1
-25,-3,1
-33,24,1
-22,40,1
48,8,1
28,16,1
-20,36,1
7,45,1
-40,-23,1
27,28,1
-47,-16,1
-34,27,1
-30,8,1
34,21,1
-30,10,1
-34,-23,1
23,-43,1
-39,-10,1
29,10,1
-26,-10,1
-10,36,1
-21,-14,1
9,31,1
-38,-6,1
2,25,1
-12,-48,1
-25,-4,1
-17,29,1
-10,-40,1
-9,43,1
44,-3,1
14,42,1
22,-33,1
22,25,1
24,-28,1
36,16,1
-26,9,1
45,-5,1
46,-13,1
-15,26,1
32,17,1
-40,-27,1
44,21,1
34,13,1
42,-15,1
-23,31,1
19,33,1
-44,-5,1
30,-4,1
-17,-21,1
-16,20,1
-22,35,1
-3,-25,1
7,48,1
-14,-47,1
33,26,1
-46,-8,1
0,-44,1
-17,-38,1
29,19,1
34,-14,1
3,36,1
-32,34,1
-38,-27,1
28,-30,1
-47,17,1
-16,-38,1
43,-2,1
-24,-12,1
-24,-30,1
16,-42,1
-47,-13,1
14,-34,1
-49,-2,1
-41,-9,1
43,-8,1
-9,34,1
-33,6,1
-37,21,1
6,37,1
-34,5,1
-30,36,1
-3,-31,1
-28,-19,1
33,34,1
48,-10,1
33,-18,1
-37,27,1
12,-34,1
14,26,1
-23,-43,1
36,-2,1
-13,-25,1
24,-19,1
-42,-9,1
13,-47,1
-24,26,1
44,-15,1
30,23,1
-32,-38,1
-26,-19,1
40,10,1
-25,29,1
38,21,1
47,-6,1
-33,-32,1
-23,43,1
1,32,1
-5,38,1
-27,-3,1
-30,-7,1
23,-41,1
15,-30,1
39,16,1
25,29,1
-42,-1,1
-19,36,1
-40,-25,1
29,35,1
-24,15,1
40,8,1
15,-35,1
10,32,1
32,-9,1
25,-3,1
-14,-28,1
14,37,1
-39,31,1
34,-33,1
-15,-27,1
45,2,1
-42,11,1
-36,-32,1
28,-11,1
30,-17,1
24,-25,1
28,-8,1
-8,-33,1
-6,-47,1
-22,19,1
-39,-6,1
-15,-28,1
-42,-21,1
4,36,1
-25,-11,1
-40,-25,1
7,31,1
26,-16,1
45,-17,1
-27,27,1
-40,-20,1
-46,10,1
-47,9,1
46,-13,1
25,40,1
34,-28,1
-40,6,1
34,-25,1
19,-32,1
-34,-4,1
-45,-9,1
24,41,1
34,-24,1
-19,41,1
24,-27,1
27,32,1
-5,-30,1
-35,-14,1
-21,45,1
-13,-34,1
-24,27,1
5,-40,1
-13,32,1
47,13,1
-9,-41,1
-27,20,1
-17,-31,1
-38,-14,1
29,0,1
-34,16,1
22,-29,1
14,-26,1
1,41,1
18,38,1
13,22,1
41,-21,1
-2,-29,1
-40,1,1
-29,21,1
-38,-23,1
-28,39,1
7,39,1
-49,-5,1
-30,-35,1
-36,7,1
-5,38,1
-17,-21,1
-33,-34,1
16,-20,1
22,35,1
22,19,1
-48,9,1
33,-23,1
-20,35,1
42,-11,1
16,24,1
-5,-29,1
-7,-40,1
-7,-45,1
27,-5,1
1,-44,1
-33,23,1
10,-34,1
-18,-39,1
16,44,1
-18,-45,1
-30,10,1
3,-31,1
0,-28,1
18,-37,1
40,-20,1
32,-23,1
-38,9,1
24,-31,1
21,-36,1
16,-34,1
36,-32,1
-36,24,1
33,12,1
-35,-20,1
7,31,1
-38,5,1
27,-24,1
-18,-38,1
12,-41,1
27,-34,1
-36,2,1
27,9,1
42,-17,1
-44,2,1
-36,-17,1
-40,-14,1
-44,-4,1
-10,-43,1
10,44,1
-26,-14,1
3,41,1
35,-28,1
6,29,1
5,36,1
39,5,1
33,28,1
-30,-22,1
48,-1,1
7,39,1
-4,44,1
-26,28,1
-46,-7,1
-4,-45,1
-48,4,1
48,-7,1
43,15,1
2,47,1
-18,24,1
25,-10,1
-24,42,1
-24,30,1
35,-35,1
-43,11,1
-17,47,1
-40,-27,1
-36,11,1
28,-24,1
34,8,1
-35,-16,1
-26,11,1
-5,45,1
-1,26,1
-24,-13,1
45,-2,1
-31,-26,1
21,26,1
37,-8,1
-4,-39,1
-39,2,1
0,47,1
-25,-2,1
-35,0,1
-15,29,1
-45,-19,1
21,31,1
24,27,1
14,-46,1
48,14,1
-27,-37,1
35,17,1
1,28,1
36,18,1
-10,44,1
32,18,1
38,21,1
-15,-47,1
44,1,1
12,27,1
9,-42,1
-17,-46,1
46,0,1
-11,-30,1
24,14,1
-13,46,1
-35,31,1
-29,-21,1
-29,-5,1
27,3,1
42,-17,1
-15,-23,1
25,-38,1
-35,-16,1
19,42,1
-14,-28,1
-20,-27,1
9,-45,1
-20,35,1
26,-16,1
-38,18,1
37,-17,1
6,-42,1
-18,-29,1
18,34,1
44,-1,1
115,-147,0
-189,25,0
-135,142,0
-184,-11,0
166,70,0
106,-156,0
86,169,0
139,-124,0
-152,124,0
194,21,0
-150,-101,0
-65,-165,0
-8,-194,0
-53,-190,0
-128,123,0
86,-176,0
-180,84,0
166,-96,0
-42,188,0
192,-23,0
11,-175,0
75,-169,0
-153,111,0
167,-96,0
-176,43,0
-131,-138,0
6,183,0
-110,157,0
37,-187,0
-188,61,0
139,-143,0
-155,-90,0
98,-162,0
128,-138,0
-199,-2,0
163,-109,0
24,177,0
186,67,0
-183,-23,0
119,143,0
169,-74,0
-75,-167,0
-171,-48,0
-74,-178,0
-191,24,0
-181,80,0
19,197,0
51,-172,0
-197,20,0
55,-171,0
-174,-19,0
-157,-107,0
93,166,0
-9,-190,0
167,-86,0
4,193,0
178,-78,0
0,-183,0
123,144,0
84,-179,0
-65,165,0
197,13,0
-83,-164,0
134,-121,0
-42,-192,0
-130,134,0
-85,-180,0
84,-168,0
43,178,0
-174,65,0
148,-106,0
-160,-115,0
-7,191,0
-115,-132,0
-151,116,0
157,-123,0
176,63,0
-181,-81,0
75,-160,0
-107,-139,0
-96,172,0
183,22,0
193,9,0
-148,110,0
118,-137,0
114,143,0
107,-154,0
-110,145,0
154,-120,0
-86,170,0
-67,188,0
91,170,0
172,-77,0
161,-88,0
-77,174,0
-177,5,0
-167,104,0
135,117,0
-195,1,0
-27,179,0
-192,-28,0
120,147,0
47,-192,0
-62,-168,0
-17,-184,0
-196,-9,0
-180,-7,0
124,-133,0
-183,-67,0
-110,-160,0
38,-190,0
-88,-161,0
-55,-168,0
63,-185,0
32,-180,0
71,-174,0
173,-100,0
-94,149,0
105,-161,0
44,-185,0
181,83,0
-194,-33,0
125,143,0
81,-182,0
89,177,0
107,163,0
61,-179,0
-179,19,0
-80,-167,0
42,-172,0
170,45,0
135,118,0
-163,-80,0
-62,-174,0
47,175,0
-29,-195,0
-190,-58,0
143,138,0
136,-128,0
12,184,0
-142,103,0
-176,45,0
-38,193,0
-151,107,0
-138,-135,0
179,-66,0
179,40,0
191,-50,0
190,18,0
157,100,0
-103,145,0
127,-152,0
88,160,0
-173,45,0
-190,-47,0
53,-186,0
142,119,0
113,152,0
158,-112,0
191,-44,0
185,-52,0
151,114,0
99,-149,0
160,80,0
81,167,0
-55,-189,0
176,-32,0
-87,-177,0
-134,148,0
84,164,0
179,-25,0
-59,-169,0
46,-175,0
-60,187,0
169,-81,0
152,-111,0
-121,-148,0
184,36,0
-157,-102,0
146,121,0
160,-102,0
-4,178,0
59,175,0
-153,86,0
-131,-125,0
186,12,0
185,-20,0
-156,92,0
90,-162,0
-135,-145,0
-169,-62,0
-49,184,0
178,-19,0
-28,194,0
-183,-55,0
29,193,0
57,166,0
-180,-16,0
185,66,0
100,167,0
-144,-107,0
166,-69,0
-64,-189,0
116,-144,0
-172,52,0
-33,-181,0
-155,-99,0
179,6,0
-143,-124,0
-163,71,0
89,151,0
-183,46,0
128,129,0
-10,193,0
145,-117,0
-33,180,0
-172,-49,0
-161,-99,0
92,160,0
97,-158,0
177,-14,0
-17,178,0
109,-141,0
-147,-123,0
172,88,0
111,-143,0
173,72,0
-195,33,0
-167,87,0
178,-42,0
-62,181,0
184,-77,0
170,-82,0
-198,25,0
78,-163,0
-101,-149,0
156,113,0
-10,178,0
157,100,0
24,-185,0
-61,179,0
-126,145,0
-109,-146,0
-178,-42,0
129,146,0
-162,102,0
-3,-176,0
190,-23,0
184,-18,0
-135,113,0
52,177,0
191,-30,0
-5,-194,0
120,-137,0
55,168,0
119,-141,0
6,-177,0
-10,184,0
-174,58,0
164,84,0
-153,-124,0
88,-167,0
130,121,0
-181,24,0
70,-167,0
-43,190,0
27,-197,0
-120,-155,0
-27,183,0
194,11,0
168,70,0
156,-80,0
86,-153,0
-176,61,0
103,-152,0
142,-110,0
113,-145,0
0,-180,0
-165,65,0
-155,-89,0
180,-59,0
161,96,0
-158,114,0
-49,-179,0
-30,-195,0
-4,-192,0
-186,-5,0
37,177,0
125,-143,0
176,18,0
79,183,0
94,169,0
68,-172,0
-124,151,0
-168,-90,0
-54,-176,0
153,96,0
10,-197,0
-70,183,0
-108,-160,0
94,-155,0
-74,-164,0
-134,121,0
-30,-191,0
-9,188,0
171,47,0
62,167,0
176,-90,0
85,-176,0
171,61,0
-67,-188,0
74,-161,0
-118,134,0
65,186,0
133,133,0
-89,159,0
-5,184,0
185,-6,0
126,143,0
-178,-34,0
199,9,0
-170,-98,0
172,-87,0
-64,-163,0
93,-155,0
-110,148,0
75,-185,0
-122,157,0
-9,-192,0
-194,-2,0
-127,-142,0
180,-78,0
-29,-190,0
-70,162,0
-190,-55,0
95,150,0
44,-170,0
37,-185,0
-39,172,0
149,111,0
-110,167,0
-165,65,0
-129,147,0
9,179,0
-178,48,0
192,-17,0
-94,-152,0
186,-67,0
-165,93,0
-79,-166,0
-131,-146,0
97,171,0
79,164,0
-196,30,0
124,-135,0
-71,-168,0
-198,17,0
147,135,0
-177,-55,0
-176,-18,0
136,124,0
68,-171,0
-191,26,0
50,-189,0
-183,78,0
90,154,0
41,-191,0
-147,106,0
-52,-173,0
110,165,0
120,-140,0
-136,146,0
16,197,0
-135,-118,0
113,139,0
-166,-95,0
175,-45,0
-6,-180,0
169,91,0
-161,-88,0
-168,-85,0
150,-129,0
-86,168,0
21,192,0
172,52,0
-18,189,0
-40,191,0
-160,-120,0
180,-14,0
101,-151,0
157,91,0
-132,127,0
87,-170,0
-170,-79,0
-183,26,0
158,-83,0
44,180,0
-83,178,0
-25,176,0
7,-186,0
-81,-157,0
-39,189,0
46,-194,0
-65,-164,0
-8,189,0
197,-5,0
-2,179,0
26,-187,0
-120,-139,0
145,-122,0
149,130,0
15,-177,0
190,51,0
156,125,0
-109,-163,0
-158,87,0
-165,-87,0
25,-178,0
176,-28,0
168,52,0
-160,-72,0
-136,145,0
124,147,0
17,183,0
-111,141,0
-197,20,0
51,-172,0
-118,133,0
-141,-141,0
184,-56,0
-167,-93,0
140,-132,0
190,32,0
-73,166,0
62,177,0
158,85,0
-179,61,0
139,132,0
9,190,0
187,-2,0
-169,-49,0
-169,83,0
15,-199,0
147,109,0
-162,103,0
-177,92,0
-121,139,0
31,178,0
89,-161,0
184,36,0
-173,85,0
-24,194,0
186,12,0
-182,20,0
-121,-159,0
112,-159,0
184,-33,0
104,-150,0
159,86,0
-69,169,0
177,72,0
-2,-178,0
40,178,0
73,-174,0
-70,172,0
171,56,0
162,-89,0
136,123,0
-176,-28,0
138,134,0
-19,-183,0
140,138,0
16,-198,0
89,-165,0
86,153,0
190,38,0
74,182,0
44,182,0
71,181,0
-26,-191,0
109,-144,0
-180,32,0
-45,-171,0
-95,174,0
95,-168,0
78,164,0
-93,-157,0
-30,175,0
182,-12,0
195,-36,0
-193,25,0
-194,43,0
55,182,0
17,185,0
146,-136,0
151,-94,0
121,-128,0
-151,96,0
42,176,0
-177,56,0
