-8,-43,1
-14,-47,1
25,26,1
45,4,1
-39,-6,1
-19,25,1
14,-43,1
10,-34,1
13,42,1
18,26,1
-32,-30,1
37,-5,1
42,-22,1
-45,-13,1
28,23,1
27,33,1
-2,-49,1
-15,36,1
37,-20,1
4,26,1
14,-37,1
40,20,1
27,-24,1
13,-23,1
24,36,1
-31,-26,1
-39,11,1
-32,28,1
15,39,1
18,38,1
-28,-2,1
-19,19,1
25,2,1
-47,3,1
12,32,1
-6,46,1
-9,-35,1
32,7,1
-26,34,1
20,-30,1
28,26,1
-37,28,1
47,-14,1
-20,-38,1
7,-36,1
9,-39,1
-40,-17,1
37,26,1
35,4,1
10,48,1
-14,-48,1
14,-21,1
-24,32,1
-31,11,1
-35,29,1
-23,18,1
43,24,1
33,4,1
31,-3,1
-20,26,1
32,6,1
-24,26,1
-30,-21,1
17,-41,1
34,27,1
34,-10,1
-23,-14,1
-27,-39,1
-17,27,1
36,-3,1
-35,-19,1
-10,24,1
-39,-7,1
47,-15,1
-20,31,1
12,-32,1
-35,28,1
-26,36,1
-24,18,1
-37,33,1
-32,-31,1
1,32,1
-25,20,1
-25,20,1
37,21,1
-11,-24,1
-30,-1,1
-37,-33,1
-27,-24,1
22,-21,1
-29,-33,1
44,9,1
-30,8,1
40,28,1
3,27,1
28,-5,1
-9,39,1
10,-41,1
18,27,1
36,30,1
-11,27,1
15,-29,1
25,-8,1
35,-6,1
-37,-2,1
8,35,1
-27,-9,1
-44,-2,1
-30,-23,1
-34,11,1
43,-22,1
-11,-27,1
-32,-6,1
-28,15,1
6,-34,1
-11,23,1
17,26,1
30,0,1
37,14,1
35,34,1
24,25,1
-14,32,1
21,-29,1
-6,-40,1
39,-8,1
7,35,1
-33,29,1
24,-16,1
10,-39,1
18,-43,1
-13,-44,1
16,-33,1
37,28,1
34,26,1
-23,35,1
-38,-6,1
17,-39,1
-8,-47,1
-20,-38,1
-18,38,1
-1,44,1
-36,12,1
-27,-36,1
-23,-19,1
-43,-8,1
-4,38,1
-38,-6,1
15,28,1
-33,27,1
43,-2,1
-36,-25,1
-13,25,1
-24,-13,1
-18,21,1
14,-33,1
-32,-17,1
-10,-34,1
-35,6,1
26,-39,1
-10,41,1
-5,-43,1
22,12,1
-34,-16,1
-21,44,1
3,45,1
26,32,1
3,28,1
-30,30,1
-4,44,1
13,42,1
23,-21,1
30,27,1
-37,14,1
26,21,1
-10,23,1
-32,-2,1
-17,46,1
48,10,1
24,-32,1
-22,-25,1
-10,34,1
-33,-9,1
1,-32,1
-1,-28,1
-14,-43,1
-19,25,1
-23,27,1
34,22,1
-24,-35,1
11,23,1
-43,-7,1
32,-8,1
-30,-33,1
-33,24,1
-7,44,1
44,-15,1
49,-8,1
8,-37,1
9,-27,1
2,-45,1
11,28,1
-29,-35,1
48,1,1
-6,-38,1
-33,-13,1
27,11,1
38,1,1
-15,-29,1
-19,-38,1
-41,9,1
-42,9,1
3,39,1
-3,28,1
17,37,1
-7,-39,1
-15,-24,1
-34,-33,1
-19,-44,1
-8,-28,1
23,20,1
-21,45,1
-37,-19,1
42,12,1
-42,8,1
19,-18,1
-27,-5,1
24,28,1
-30,-25,1
30,-9,1
-25,-15,1
31,-6,1
-7,-38,1
-25,0,1
-36,-31,1
36,-8,1
-9,48,1
-18,33,1
-19,-46,1
24,-13,1
1,-34,1
-40,29,1
34,-24,1
26,27,1
-26,26,1
-12,-27,1
-8,32,1
28,23,1
-32,36,1
26,40,1
-30,-39,1
-31,28,1
-27,-5,1
28,18,1
9,-37,1
-44,12,1
31,-7,1
46,10,1
-26,-4,1
-30,-19,1
-17,-23,1
-35,-15,1
45,-12,1
43,-3,1
-29,21,1
-19,-39,1
9,-49,1
35,7,1
7,38,1
35,0,1
16,-34,1
36,33,1
29,-10,1
-43,-1,1
-29,16,1
-31,-18,1
32,33,1
34,-12,1
-15,-45,1
27,35,1
38,-9,1
-10,40,1
25,-43,1
37,-23,1
-19,35,1
-36,-10,1
27,-39,1
-28,-33,1
-13,29,1
-21,-24,1
7,-42,1
5,26,1
-30,5,1
28,-9,1
-23,-26,1
-7,34,1
35,-21,1
-24,-28,1
-35,-4,1
17,-40,1
32,-35,1
28,-14,1
25,-25,1
23,12,1
17,26,1
30,30,1
-17,-43,1
2,-34,1
-23,16,1
11,-24,1
23,17,1
25,-7,1
8,42,1
-30,-23,1
-21,21,1
-34,-11,1
0,-36,1
-34,-21,1
27,25,1
7,-46,1
41,4,1
2,-41,1
45,-15,1
31,31,1
-37,-6,1
-24,33,1
12,-30,1
36,34,1
-32,35,1
-24,20,1
39,-2,1
33,23,1
-26,19,1
8,43,1
33,23,1
26,41,1
4,39,1
38,-2,1
26,5,1
11,26,1
-23,16,1
-13,-34,1
-19,31,1
-23,21,1
26,10,1
26,-11,1
-14,-26,1
-35,-15,1
-17,29,1
39,-27,1
-20,-37,1
-16,-34,1
18,-35,1
-35,27,1
31,21,1
28,36,1
23,-15,1
-40,0,1
-39,-7,1
-28,-20,1
35,-7,1
24,15,1
-12,35,1
-4,28,1
-50,0,1
-31,-28,1
-24,-27,1
5,31,1
14,48,1
16,-28,1
35,23,1
-37,-26,1
37,7,1
26,-31,1
40,-27,1
-31,-13,1
28,-33,1
-48,8,1
17,-19,1
-48,0,1
-9,-24,1
-25,-24,1
12,-41,1
34,-29,1
27,-15,1
-28,-29,1
-46,17,1
30,-9,1
24,-36,1
34,11,1
27,-33,1
-24,-11,1
16,27,1
35,-19,1
24,-10,1
-16,-27,1
34,-17,1
-8,44,1
29,-32,1
17,34,1
26,19,1
-5,-31,1
47,-14,1
11,39,1
-37,20,1
-8,27,1
-47,-15,1
40,-29,1
27,17,1
25,16,1
-25,14,1
-29,-13,1
-8,49,1
-27,14,1
28,11,1
14,39,1
27,-32,1
-6,45,1
29,10,1
15,-20,1
-6,32,1
38,13,1
45,-4,1
43,-7,1
26,-36,1
-23,10,1
3,37,1
48,-14,1
-30,5,1
-29,24,1
2,26,1
35,-19,1
-21,24,1
8,48,1
13,22,1
6,48,1
28,25,1
29,27,1
-12,27,1
-27,9,1
-2,-46,1
9,26,1
28,3,1
21,35,1
-44,-23,1
1,40,1
-29,-40,1
19,29,1
33,17,1
-13,44,1
26,-42,1
-32,12,1
-25,-10,1
34,4,1
0,48,1
-39,9,1
4,28,1
22,31,1
17,-37,1
36,-1,1
-23,-13,1
-15,-31,1
-28,-38,1
-14,26,1
5,-34,1
-2,-26,1
-43,-14,1
-6,-44,1
-39,-5,1
31,-37,1
-35,-17,1
-25,9,1
-38,23,1
-8,35,1
1,-26,1
27,41,1
-42,-11,1
-27,11,1
29,-6,1
11,-47,1
23,38,1
5,29,1
24,16,1
19,-28,1
-18,-41,1
-38,-15,1
40,-26,1
6,-27,1
-11,-44,1
33,-4,1
-25,-29,1
41,24,1
-48,-13,1
-12,-33,1
-30,-21,1
-35,-13,1
-18,-32,1
24,-21,1
-7,-24,1
-40,-26,1
16,-29,1
-186,-62,0
-101,-159,0
40,192,0
-50,177,0
149,97,0
168,99,0
179,-39,0
-157,93,0
158,-76,0
-29,-176,0
-41,-176,0
-90,-172,0
-199,-8,0
-189,-42,0
192,-48,0
-76,165,0
126,123,0
47,-183,0
115,-153,0
62,182,0
-56,173,0
88,153,0
109,-151,0
67,185,0
-117,148,0
-165,-80,0
162,109,0
186,5,0
37,174,0
-8,185,0
-133,146,0
183,-49,0
-1,-192,0
-98,-152,0
-115,-132,0
-183,8,0
-136,137,0
186,-62,0
176,-88,0
-7,-194,0
188,-54,0
150,93,0
155,-123,0
-43,180,0
-153,-118,0
-156,-85,0
-160,-78,0
18,-180,0
-151,92,0
61,-170,0
102,172,0
-175,92,0
117,150,0
39,178,0
-145,-122,0
-32,186,0
-129,126,0
139,-135,0
181,-16,0
-183,-31,0
156,-100,0
141,-126,0
180,-33,0
-75,168,0
-170,-51,0
35,172,0
-183,44,0
-180,49,0
-184,62,0
180,-1,0
-183,27,0
-120,-146,0
-155,124,0
-142,134,0
-170,72,0
93,-153,0
56,172,0
-158,105,0
-161,-108,0
-3,197,0
-94,150,0
172,-61,0
72,-169,0
-38,-194,0
171,-82,0
189,-60,0
72,167,0
-145,131,0
-39,-183,0
-178,-64,0
-142,-110,0
69,-171,0
-163,94,0
-1,-188,0
-174,-91,0
95,158,0
-186,-1,0
51,186,0
138,-124,0
-186,27,0
-104,-166,0
-185,13,0
190,-1,0
-124,-154,0
28,-189,0
-184,24,0
-29,194,0
-80,167,0
97,-165,0
190,62,0
-166,-82,0
-166,-106,0
-133,132,0
105,169,0
-183,75,0
-21,177,0
-86,-171,0
178,-4,0
-90,156,0
-1,194,0
-19,180,0
30,-181,0
150,-116,0
176,36,0
86,174,0
-83,-176,0
-41,-186,0
176,-73,0
-155,-115,0
109,159,0
-187,1,0
-78,177,0
-145,-103,0
-182,18,0
-198,18,0
113,156,0
92,-162,0
62,175,0
165,73,0
113,160,0
19,191,0
-51,171,0
-155,-125,0
-84,-170,0
-91,157,0
-19,174,0
-45,-181,0
-132,146,0
12,180,0
117,136,0
175,-18,0
187,-60,0
116,134,0
-170,104,0
-147,-111,0
105,149,0
-153,89,0
-85,174,0
171,38,0
134,-127,0
-51,191,0
197,-8,0
-160,-89,0
191,-16,0
109,-161,0
-162,88,0
-181,75,0
-26,194,0
-146,-102,0
-192,37,0
55,-168,0
170,53,0
165,93,0
-183,-22,0
122,132,0
103,-142,0
-103,151,0
183,-61,0
187,-57,0
-82,174,0
178,76,0
-119,-158,0
165,99,0
-8,-186,0
109,-150,0
176,-79,0
20,-198,0
148,100,0
-168,-85,0
93,158,0
-180,67,0
-176,40,0
-25,-177,0
69,166,0
-179,-77,0
33,189,0
-82,170,0
-122,-132,0
-59,-181,0
22,-184,0
-174,-93,0
-134,148,0
-150,95,0
-136,146,0
-168,-61,0
97,-172,0
-31,-192,0
-43,-190,0
66,-177,0
-137,-128,0
64,186,0
142,-132,0
190,5,0
66,171,0
-146,-117,0
79,-180,0
-42,186,0
144,-103,0
-166,77,0
-30,174,0
-57,190,0
-156,97,0
-55,170,0
-177,-23,0
-195,-40,0
175,55,0
-168,-99,0
-163,-68,0
-88,-160,0
182,-34,0
-187,-57,0
-161,75,0
-189,54,0
173,-100,0
-185,40,0
-120,130,0
72,-173,0
-137,124,0
-176,24,0
70,-174,0
178,-78,0
-151,-99,0
-65,-185,0
190,-40,0
175,-57,0
-186,-28,0
-173,-27,0
-131,127,0
-99,-157,0
30,-190,0
99,-156,0
174,-95,0
30,-181,0
71,186,0
-135,121,0
179,42,0
-183,-10,0
162,-82,0
31,-184,0
25,-183,0
165,75,0
168,77,0
-170,-49,0
191,-38,0
123,-125,0
-143,106,0
-138,141,0
119,-157,0
120,-157,0
-17,-193,0
-146,-106,0
86,164,0
-176,-52,0
187,-2,0
72,171,0
170,-63,0
-59,173,0
120,159,0
112,-154,0
119,141,0
-27,177,0
154,111,0
-39,-179,0
-195,-3,0
177,41,0
-176,-86,0
27,191,0
-144,-131,0
191,41,0
-149,-120,0
-163,-74,0
182,-16,0
118,148,0
149,-118,0
172,-62,0
-177,48,0
-120,152,0
154,-120,0
-189,-44,0
99,148,0
-27,-198,0
-149,122,0
-105,170,0
130,133,0
169,-49,0
122,137,0
179,87,0
-134,-137,0
159,-110,0
-174,21,0
75,-174,0
191,-14,0
-88,154,0
-55,182,0
-68,-180,0
-176,-67,0
73,-180,0
162,-86,0
-175,25,0
164,-87,0
-171,-41,0
-156,86,0
30,194,0
-157,-119,0
15,196,0
-104,-168,0
148,111,0
-191,24,0
30,-182,0
120,-160,0
93,173,0
0,198,0
129,-142,0
37,176,0
-198,-4,0
-181,-57,0
-131,150,0
-146,-122,0
184,9,0
-119,150,0
-54,169,0
-184,47,0
137,113,0
179,-37,0
143,-113,0
193,30,0
120,-134,0
69,-179,0
-75,-176,0
198,-12,0
-190,-58,0
155,-94,0
164,106,0
175,-53,0
134,133,0
-118,-131,0
173,95,0
150,-126,0
180,-75,0
197,-27,0
-184,55,0
144,-118,0
-39,-191,0
-53,185,0
80,182,0
86,156,0
-25,-194,0
171,-100,0
-109,-137,0
-166,-60,0
192,7,0
139,-126,0
190,-59,0
-85,168,0
-153,108,0
-136,135,0
180,17,0
179,-43,0
-184,-33,0
143,-134,0
-137,-118,0
135,-131,0
52,190,0
-1,199,0
174,30,0
178,50,0
158,-97,0
75,181,0
-102,150,0
105,142,0
180,71,0
-173,-32,0
-45,-178,0
-20,184,0
-27,-194,0
-101,-164,0
-148,-132,0
113,143,0
189,54,0
150,96,0
1,-176,0
177,-40,0
65,174,0
152,-126,0
78,176,0
113,155,0
-189,17,0
-12,-185,0
-141,-128,0
174,47,0
-102,-160,0
-68,180,0
-62,166,0
-192,9,0
-92,-154,0
-72,-178,0
-41,-179,0
-191,16,0
-130,128,0
-125,152,0
148,-110,0
-150,127,0
-93,-173,0
-33,178,0
-68,-183,0
104,-170,0
-92,-158,0
-68,174,0
27,-198,0
-189,23,0
195,-22,0
-113,-159,0
176,26,0
-182,0,0
-136,141,0
-176,11,0
-150,107,0
-160,75,0
60,175,0
-35,194,0
-121,138,0
6,190,0
-162,82,0
129,122,0
173,-41,0
-104,159,0
125,-126,0
-27,-183,0
49,-181,0
45,189,0
74,-161,0
-128,-141,0
103,-142,0
-171,-89,0
7,179,0
-166,80,0
-18,-193,0
-3,183,0
32,177,0
-45,-173,0
-145,99,0
131,-151,0
63,184,0
97,-172,0
16,-195,0
123,138,0
-125,142,0
46,-173,0
-170,58,0
-128,-122,0
-119,-131,0
-152,124,0
88,153,0
-66,172,0
-189,-51,0
186,15,0
-80,167,0
-138,-135,0
-185,-22,0
27,174,0
99,163,0
-123,129,0
-112,-153,0
-70,-161,0
176,42,0
124,-140,0
-192,-4,0
91,155,0
-16,191,0
36,-190,0
169,-62,0
-126,154,0
142,-126,0
99,168,0
172,57,0
-191,-18,0
174,89,0
7,192,0
-153,108,0
170,-61,0
