-29,-39,1
45,5,1
-35,-20,1
25,38,1
38,-27,1
-28,6,1
35,-34,1
-13,41,1
19,39,1
-35,19,1
6,-36,1
-25,-18,1
-30,-4,1
36,16,1
-26,-21,1
-13,-27,1
-4,33,1
-24,-10,1
35,-12,1
2,42,1
-46,7,1
3,37,1
37,17,1
-35,-7,1
22,-33,1
-14,25,1
14,-48,1
-1,-45,1
20,23,1
-6,40,1
26,-5,1
-28,33,1
5,-40,1
43,-9,1
20,-37,1
39,-9,1
-8,-46,1
-25,22,1
-31,30,1
-23,-37,1
-1,41,1
1,-27,1
-3,35,1
28,-17,1
-37,14,1
10,36,1
41,21,1
-18,-32,1
22,-16,1
4,-44,1
-6,48,1
6,-42,1
-24,-13,1
-42,26,1
23,42,1
-34,-30,1
-12,34,1
44,-20,1
0,-43,1
-23,-23,1
-38,-10,1
24,8,1
-47,-2,1
-24,21,1
30,-38,1
-9,-35,1
-2,34,1
45,13,1
-45,8,1
-40,23,1
1,-27,1
0,-27,1
-42,-13,1
25,0,1
-25,3,1
-10,-38,1
42,1,1
48,-12,1
-36,9,1
-28,28,1
17,28,1
-46,7,1
-37,4,1
-17,-47,1
-2,30,1
-20,45,1
6,-44,1
-13,-48,1
-34,-28,1
25,28,1
27,29,1
13,-43,1
-19,-36,1
41,-11,1
10,-32,1
34,-33,1
3,-30,1
5,-28,1
29,6,1
10,46,1
-30,-13,1
41,-19,1
-1,37,1
21,19,1
31,-19,1
35,31,1
-29,13,1
-16,-25,1
40,29,1
20,-38,1
-4,-43,1
14,-39,1
-17,33,1
-29,31,1
8,30,1
-14,42,1
-48,-14,1
-39,-23,1
36,-32,1
-47,-11,1
28,-30,1
22,-43,1
-46,12,1
-28,-10,1
-38,-32,1
5,-43,1
33,15,1
20,-33,1
37,-26,1
-48,-6,1
23,-31,1
-25,34,1
8,30,1
29,4,1
0,-25,1
24,-8,1
-6,-42,1
-6,48,1
-5,27,1
-28,1,1
42,-26,1
1,-44,1
-14,-23,1
-34,13,1
33,-21,1
-24,-22,1
-16,-30,1
32,7,1
-5,46,1
43,18,1
30,40,1
43,-24,1
-29,-26,1
13,29,1
20,20,1
-33,-37,1
-12,30,1
-29,-37,1
-40,-27,1
5,31,1
-49,-9,1
6,41,1
-28,6,1
41,24,1
34,21,1
-14,23,1
-8,-48,1
36,28,1
-43,1,1
-29,-2,1
-2,-31,1
-49,4,1
-33,-35,1
-39,6,1
32,-24,1
21,21,1
24,-27,1
28,-24,1
-9,-32,1
-27,-32,1
-32,-37,1
-8,47,1
-32,27,1
-4,31,1
-26,-7,1
-12,-47,1
4,-34,1
47,15,1
-4,-33,1
18,-23,1
39,3,1
-41,-28,1
-16,33,1
-49,-8,1
-2,34,1
-36,-29,1
-21,43,1
44,-19,1
13,40,1
-35,24,1
13,-25,1
47,-12,1
21,41,1
20,-31,1
35,8,1
-25,30,1
-25,39,1
-32,6,1
28,5,1
37,28,1
-2,39,1
31,36,1
-48,-1,1
-31,29,1
29,-12,1
8,-39,1
-24,-11,1
31,-23,1
2,-32,1
37,-26,1
39,8,1
12,31,1
10,-40,1
-20,24,1
-15,-36,1
-30,-10,1
-17,-47,1
21,29,1
24,-18,1
-13,-38,1
-33,-29,1
-16,-35,1
35,8,1
35,3,1
-31,38,1
-35,-12,1
-10,24,1
-23,-14,1
16,43,1
2,30,1
26,-30,1
28,14,1
44,14,1
-11,27,1
0,-42,1
40,23,1
13,24,1
20,27,1
31,-16,1
-24,-12,1
17,27,1
-41,-25,1
41,-19,1
37,-9,1
-23,-36,1
-16,30,1
-48,-14,1
11,-38,1
-31,37,1
16,46,1
-13,31,1
-21,31,1
-45,19,1
-6,-31,1
6,-43,1
30,39,1
-28,3,1
-12,36,1
32,-13,1
7,43,1
-31,-37,1
-19,-37,1
-15,21,1
-10,-34,1
8,37,1
37,-6,1
-32,-20,1
-17,33,1
-29,-28,1
29,-7,1
-37,-31,1
-26,-23,1
-39,9,1
30,-16,1
-16,-21,1
-9,-33,1
40,-22,1
-24,29,1
45,5,1
-31,-33,1
38,-7,1
-46,7,1
14,-38,1
-1,45,1
-22,43,1
22,-19,1
37,-29,1
14,36,1
32,19,1
-10,25,1
-14,-36,1
41,-26,1
31,-35,1
39,17,1
-20,-25,1
-9,-42,1
-12,-39,1
-14,44,1
-8,29,1
-19,-23,1
-32,33,1
34,8,1
13,-44,1
-35,0,1
-46,16,1
-36,-1,1
-14,24,1
-33,-9,1
40,24,1
23,-11,1
8,31,1
8,-33,1
-41,-22,1
-3,-25,1
44,-4,1
-27,31,1
-1,36,1
34,26,1
39,-6,1
-32,-20,1
-33,-2,1
10,41,1
33,0,1
-32,-24,1
-23,10,1
-12,29,1
-6,33,1
12,-26,1
-30,0,1
-30,19,1
-14,27,1
11,43,1
26,19,1
-10,46,1
-33,22,1
-41,5,1
-3,-34,1
3,43,1
25,15,1
-29,11,1
3,-36,1
-40,-11,1
3,30,1
40,27,1
36,9,1
-30,33,1
2,-29,1
-41,-14,1
41,23,1
-34,25,1
27,3,1
-12,-24,1
-11,40,1
-12,-32,1
-27,-14,1
-17,40,1
15,-44,1
14,37,1
47,-6,1
33,29,1
20,17,1
-29,-27,1
-29,9,1
-19,-29,1
27,-36,1
-11,-35,1
-17,-30,1
-29,31,1
-29,25,1
44,-10,1
-36,-25,1
-24,16,1
-27,-18,1
-5,40,1
-25,-9,1
42,10,1
-9,-27,1
26,-32,1
9,-31,1
5,35,1
24,-9,1
7,-43,1
16,40,1
-31,24,1
24,39,1
-25,28,1
-28,-14,1
14,-36,1
-4,47,1
12,-34,1
26,40,1
-22,27,1
3,-49,1
18,22,1
16,44,1
-34,21,1
-13,22,1
34,26,1
2,-39,1
15,-40,1
31,37,1
38,-15,1
-21,28,1
-14,-28,1
19,39,1
22,-15,1
17,34,1
-35,-10,1
-35,-20,1
-36,-20,1
-9,-32,1
-4,-48,1
-23,-42,1
-21,42,1
-1,36,1
-30,36,1
37,22,1
26,-12,1
20,-27,1
-38,27,1
46,-1,1
37,0,1
-22,-34,1
32,5,1
0,38,1
7,26,1
-39,11,1
-11,-25,1
21,-41,1
7,46,1
-34,-20,1
-5,30,1
20,36,1
37,-29,1
-13,-46,1
-4,42,1
-19,-17,1
-22,15,1
-5,-27,1
-35,-20,1
-12,48,1
-44,-21,1
-14,-39,1
-34,-33,1
-31,5,1
6,29,1
-41,-21,1
-23,39,1
-40,-28,1
17,-25,1
29,6,1
2,39,1
-20,29,1
1,39,1
-44,4,1
24,43,1
-7,41,1
-7,31,1
-30,37,1
23,-23,1
-34,35,1
36,29,1
-4,-28,1
-48,-9,1
20,-24,1
9,30,1
-23,-18,1
6,49,1
47,5,1
-36,-18,1
-14,-43,1
-27,14,1
-27,26,1
-15,-28,1
46,3,1
-38,-1,1
-36,-30,1
2,37,1
-22,37,1
40,7,1
-1,-39,1
5,26,1
-13,37,1
39,-29,1
-41,26,1
-39,-8,1
-26,-23,1
-8,-30,1
-16,-34,1
35,-32,1
98,-171,0
71,178,0
-189,-39,0
-174,97,0
-180,79,0
-46,177,0
-179,-46,0
69,176,0
-111,-148,0
38,-196,0
-180,-62,0
-175,-79,0
152,93,0
-120,151,0
-109,-137,0
143,117,0
166,100,0
0,191,0
-81,-178,0
-149,-132,0
-39,-185,0
156,-83,0
56,-167,0
193,43,0
-139,-116,0
96,150,0
-99,173,0
118,140,0
-42,193,0
176,78,0
-66,171,0
45,183,0
179,-39,0
-15,-198,0
-46,174,0
197,17,0
-198,10,0
4,-189,0
99,-169,0
-194,-20,0
-118,-161,0
-114,-149,0
-60,167,0
123,145,0
175,67,0
176,15,0
-184,13,0
193,52,0
112,148,0
-43,184,0
-181,-68,0
124,-149,0
65,168,0
85,-166,0
-182,24,0
-112,163,0
-110,138,0
-174,29,0
-141,-116,0
188,3,0
192,-10,0
172,-48,0
-36,-174,0
-96,-158,0
-130,-133,0
192,-19,0
194,24,0
60,-178,0
-114,145,0
-178,-76,0
-91,-164,0
-20,-196,0
-187,17,0
168,105,0
55,-175,0
-62,-172,0
149,-131,0
-7,185,0
-155,92,0
-94,157,0
19,199,0
-29,-177,0
-50,185,0
169,-100,0
193,0,0
-63,-165,0
-61,-172,0
87,-164,0
162,76,0
126,-124,0
60,-181,0
77,-163,0
-167,70,0
44,-190,0
-89,166,0
-77,-165,0
8,-185,0
60,185,0
193,-52,0
49,-184,0
-188,-64,0
159,96,0
-55,178,0
-87,-173,0
139,121,0
-145,-102,0
-34,192,0
-184,-77,0
176,-81,0
-152,-88,0
39,-177,0
-59,-184,0
-162,-116,0
-154,-114,0
-153,-108,0
179,-44,0
-44,176,0
179,61,0
172,-44,0
-171,44,0
-181,-42,0
15,177,0
181,-37,0
-169,-63,0
-190,-40,0
110,-150,0
-97,-152,0
176,-82,0
-178,-88,0
125,-150,0
138,126,0
-94,-167,0
159,105,0
-140,-106,0
-65,179,0
-81,180,0
156,91,0
-147,-129,0
14,181,0
-99,166,0
183,-78,0
80,-182,0
-185,-24,0
-190,55,0
-176,84,0
-180,-37,0
-31,-185,0
-47,192,0
-179,-16,0
154,103,0
57,-170,0
-102,-160,0
32,175,0
176,85,0
184,39,0
167,93,0
145,-119,0
149,-109,0
108,-152,0
37,185,0
181,-79,0
-55,-177,0
-55,-177,0
179,-25,0
167,61,0
-43,-178,0
48,-187,0
-116,-149,0
182,20,0
177,41,0
159,81,0
-195,6,0
-195,-42,0
34,193,0
93,-160,0
119,-139,0
-24,-179,0
184,-25,0
188,42,0
-180,-35,0
-128,-127,0
28,175,0
-185,-73,0
117,140,0
-102,172,0
70,167,0
-182,17,0
-191,11,0
-111,-153,0
115,-163,0
100,-164,0
159,-108,0
-191,12,0
160,-80,0
110,-140,0
10,180,0
36,175,0
17,-199,0
176,52,0
-146,-115,0
-111,-150,0
-165,-87,0
-49,183,0
117,139,0
178,-73,0
191,2,0
-164,-72,0
179,-64,0
-170,73,0
-191,18,0
143,135,0
-185,69,0
19,-178,0
-72,-178,0
-163,-72,0
-25,-176,0
-64,172,0
92,159,0
-173,59,0
159,-79,0
-142,103,0
171,-78,0
179,-11,0
175,1,0
-101,154,0
-167,70,0
164,-91,0
81,156,0
65,-177,0
-148,-131,0
-181,-78,0
-121,-159,0
189,-15,0
-191,57,0
-189,-29,0
2,199,0
-66,174,0
84,-169,0
-138,-142,0
-190,-17,0
-176,41,0
27,-198,0
-158,-120,0
78,-172,0
100,-164,0
-181,-67,0
-76,-166,0
-160,-108,0
56,-186,0
-183,-20,0
174,-95,0
-176,-84,0
27,-179,0
161,102,0
96,150,0
-17,-177,0
32,193,0
178,19,0
-78,-164,0
60,180,0
-141,-114,0
-192,4,0
114,-157,0
111,160,0
-125,156,0
-182,14,0
-144,-102,0
-198,20,0
-107,142,0
-168,104,0
-166,82,0
-22,194,0
175,-64,0
35,188,0
-145,100,0
143,-112,0
184,-43,0
-85,163,0
163,66,0
-127,153,0
-155,119,0
-170,-90,0
20,182,0
-188,36,0
189,0,0
-149,109,0
190,52,0
134,114,0
21,-175,0
175,42,0
-1,-195,0
85,164,0
-134,131,0
-45,-190,0
-199,-18,0
-198,15,0
112,-156,0
150,-116,0
-71,-181,0
177,39,0
85,177,0
-80,179,0
-131,130,0
-161,-78,0
-39,-186,0
40,-187,0
176,-1,0
195,-44,0
-91,-158,0
-25,-176,0
188,-38,0
188,-60,0
43,181,0
-194,22,0
-189,-39,0
159,-97,0
-54,175,0
166,-82,0
-152,-110,0
174,23,0
-168,-56,0
-173,-79,0
58,-166,0
195,32,0
82,-156,0
-173,-99,0
-194,37,0
-8,196,0
103,162,0
-193,-37,0
-68,176,0
-5,193,0
46,179,0
107,-161,0
-34,189,0
-180,63,0
154,-126,0
-186,-68,0
38,-183,0
-27,-182,0
-197,-24,0
-159,103,0
186,-42,0
-144,-120,0
168,67,0
178,-20,0
-63,176,0
-40,177,0
-30,190,0
165,-61,0
178,-31,0
128,-122,0
11,188,0
161,95,0
-84,174,0
118,153,0
181,-28,0
133,120,0
-109,-156,0
-191,19,0
-169,-72,0
15,195,0
-79,178,0
-144,-134,0
178,89,0
-115,132,0
191,39,0
171,67,0
78,-181,0
-96,151,0
70,-174,0
105,-149,0
-169,-49,0
-187,47,0
60,183,0
-115,138,0
3,187,0
-178,46,0
-56,179,0
69,165,0
-183,-5,0
125,148,0
178,-3,0
178,-47,0
-47,-189,0
81,-161,0
-63,181,0
-182,50,0
-143,-116,0
80,-159,0
-180,-13,0
-25,186,0
-197,5,0
-164,88,0
-66,174,0
176,12,0
-107,-155,0
77,-172,0
-73,173,0
-169,69,0
186,-68,0
181,11,0
-23,179,0
-13,-191,0
-15,178,0
156,101,0
175,68,0
-137,-112,0
-86,175,0
-20,-187,0
138,-126,0
-141,120,0
-57,-179,0
12,185,0
7,198,0
134,-115,0
-109,165,0
-165,112,0
139,-119,0
-92,-154,0
-135,-119,0
-109,158,0
67,-182,0
-185,29,0
11,195,0
-176,-83,0
118,147,0
-176,-14,0
167,-67,0
170,103,0
167,-73,0
107,150,0
173,35,0
-132,121,0
-112,143,0
-83,162,0
-94,155,0
-140,134,0
-173,83,0
172,-89,0
-171,-59,0
-48,-182,0
-3,-192,0
34,180,0
-15,199,0
3,192,0
-10,197,0
-167,-99,0
3,180,0
-92,-157,0
184,26,0
166,-107,0
74,182,0
169,-57,0
118,159,0
-95,-160,0
152,-98,0
-32,-195,0
176,-33,0
130,146,0
51,168,0
181,39,0
-7,-187,0
-137,-137,0
176,-82,0
-163,-67,0
169,-81,0
-67,184,0
-164,102,0
173,-36,0
-176,70,0
180,-53,0
-135,-124,0
121,-155,0
-95,-157,0
83,157,0
189,-35,0
-5,-187,0
-137,119,0
145,118,0
-184,62,0
123,157,0
-73,162,0
28,-177,0
185,-39,0
-189,-47,0
22,179,0
-151,89,0
181,-70,0
-188,60,0
-133,-120,0
117,-139,0
129,-137,0
-11,-190,0
88,-171,0
-137,143,0
154,92,0
70,183,0
173,66,0
186,4,0
