27,-40,1
-14,32,1
-16,-33,1
-48,3,1
23,-31,1
-35,-31,1
-27,-27,1
27,-20,1
-32,9,1
42,-23,1
-25,-33,1
1,47,1
-23,14,1
-22,34,1
-44,5,1
-39,-22,1
9,36,1
24,10,1
32,17,1
-26,-29,1
-37,30,1
16,30,1
-11,-36,1
31,-24,1
-26,10,1
0,-38,1
-32,-26,1
49,4,1
33,6,1
34,-24,1
29,14,1
-7,27,1
-37,8,1
37,33,1
6,30,1
-36,9,1
-24,-14,1
30,-28,1
-10,46,1
33,0,1
38,-17,1
-26,21,1
36,32,1
-26,-12,1
35,-15,1
45,5,1
-36,18,1
31,4,1
-18,-26,1
-29,5,1
42,-14,1
2,34,1
28,-37,1
0,-41,1
38,16,1
23,10,1
-43,-17,1
26,-5,1
15,37,1
-8,-42,1
30,-25,1
33,17,1
41,-15,1
-39,2,1
37,12,1
6,38,1
22,35,1
-20,-44,1
-34,-22,1
37,-24,1
36,-11,1
3,31,1
-30,30,1
-38,17,1
26,29,1
-44,-23,1
-35,-17,1
-23,32,1
6,32,1
-1,-43,1
47,-4,1
7,-41,1
-26,-17,1
-32,28,1
-22,-15,1
-24,-35,1
2,-33,1
-33,11,1
-13,-23,1
-6,37,1
-29,-3,1
-16,-33,1
32,-12,1
46,-5,1
46,-9,1
-14,24,1
42,-18,1
-17,42,1
-13,24,1
26,-38,1
-37,3,1
-38,32,1
36,20,1
4,-48,1
-38,11,1
12,48,1
0,-38,1
45,6,1
16,-47,1
13,42,1
-26,0,1
42,-8,1
10,-27,1
-36,22,1
-8,47,1
6,31,1
-33,-23,1
25,17,1
31,-5,1
-5,-45,1
12,31,1
-40,26,1
-38,28,1
-39,13,1
-37,23,1
-27,15,1
30,21,1
33,10,1
-17,20,1
39,-9,1
29,-6,1
-35,14,1
32,5,1
-12,33,1
-39,2,1
-38,-3,1
-6,-41,1
26,-9,1
39,25,1
14,-47,1
-6,-44,1
-32,-24,1
-45,-4,1
0,33,1
0,-35,1
11,-27,1
17,34,1
-39,-4,1
-33,-6,1
35,-8,1
10,44,1
16,-45,1
21,34,1
-24,-24,1
37,-12,1
-33,7,1
-32,13,1
9,37,1
-7,27,1
-14,38,1
0,-30,1
-44,11,1
29,-2,1
43,-3,1
-27,33,1
-2,33,1
19,-36,1
24,16,1
27,0,1
-33,-3,1
22,-33,1
-31,16,1
12,24,1
47,5,1
-17,-42,1
29,-40,1
15,30,1
3,26,1
0,34,1
26,-28,1
30,34,1
20,-25,1
32,21,1
19,-41,1
-23,42,1
-16,-36,1
7,-27,1
-13,38,1
-25,34,1
-35,31,1
17,43,1
-18,38,1
-33,-21,1
-20,-22,1
-31,4,1
27,-30,1
17,-27,1
31,-10,1
15,27,1
20,-24,1
5,26,1
46,3,1
-5,-41,1
31,-26,1
-43,2,1
-27,-8,1
20,19,1
6,35,1
-29,-9,1
-20,-18,1
29,-17,1
-25,-1,1
-21,-39,1
29,-13,1
-32,-11,1
-31,14,1
-32,-9,1
-25,-31,1
-30,-1,1
-24,15,1
-31,-33,1
13,-48,1
-15,20,1
43,11,1
23,16,1
33,22,1
33,-27,1
-19,-26,1
32,23,1
-21,-16,1
8,38,1
27,-2,1
-10,-37,1
-40,10,1
19,-41,1
30,37,1
-2,30,1
-5,-36,1
-6,32,1
-15,-45,1
30,10,1
-31,-34,1
-29,35,1
-37,26,1
-27,13,1
-28,40,1
-17,-23,1
10,46,1
22,-32,1
5,34,1
4,26,1
10,-40,1
28,-2,1
25,13,1
8,-48,1
26,17,1
33,0,1
34,-3,1
-49,-3,1
11,43,1
-45,-7,1
-48,-8,1
9,-37,1
-25,27,1
39,-28,1
-36,-21,1
-16,-39,1
44,19,1
-42,17,1
32,26,1
19,-19,1
30,36,1
32,11,1
12,-28,1
-8,27,1
-34,-34,1
-38,-20,1
-44,7,1
23,38,1
21,33,1
4,44,1
41,16,1
11,-31,1
8,-35,1
27,21,1
41,-8,1
8,-43,1
-14,-39,1
-15,-25,1
-26,-35,1
-16,-44,1
30,-32,1
-15,29,1
-29,7,1
-9,-42,1
32,-27,1
25,14,1
2,-42,1
-25,2,1
22,-17,1
24,-12,1
-37,-7,1
-29,24,1
-18,43,1
-30,-12,1
10,-40,1
-16,24,1
-6,-43,1
12,-42,1
19,-32,1
-24,-19,1
4,44,1
6,-29,1
-18,-39,1
6,-25,1
34,-26,1
21,-16,1
42,-18,1
21,-22,1
-6,-28,1
28,-8,1
-26,-6,1
35,-12,1
1,-41,1
-28,-41,1
38,-21,1
-4,-35,1
29,-11,1
24,-15,1
34,27,1
-7,-25,1
-12,34,1
46,14,1
-8,-26,1
23,-25,1
45,-2,1
-34,19,1
40,22,1
13,47,1
-3,43,1
19,-27,1
-23,11,1
-31,-34,1
23,36,1
44,-14,1
15,-38,1
-4,48,1
38,15,1
10,31,1
38,-32,1
-16,35,1
7,41,1
-45,-15,1
44,19,1
-10,46,1
-49,-1,1
10,37,1
19,38,1
17,22,1
38,29,1
-25,7,1
-2,48,1
15,-42,1
32,11,1
-32,26,1
-43,6,1
28,31,1
-18,27,1
-30,-40,1
-31,-34,1
40,29,1
-33,32,1
43,-8,1
39,29,1
-38,3,1
-19,17,1
46,9,1
46,-12,1
10,-47,1
-6,-45,1
-27,-15,1
-5,27,1
17,-20,1
42,1,1
-16,-38,1
32,-36,1
-42,-3,1
0,46,1
42,-21,1
34,35,1
-11,-42,1
-6,-47,1
2,30,1
9,-31,1
36,9,1
29,28,1
-33,-35,1
0,46,1
-27,-20,1
41,17,1
-30,37,1
1,27,1
42,22,1
20,31,1
-47,-9,1
32,17,1
-47,0,1
15,-46,1
4,-40,1
36,-2,1
-25,-39,1
15,26,1
-20,33,1
-45,-4,1
47,-2,1
14,-25,1
-49,-5,1
-47,-4,1
-32,-23,1
22,15,1
37,-3,1
-33,8,1
41,28,1
24,15,1
2,41,1
-35,-35,1
25,5,1
-26,-25,1
13,40,1
-25,18,1
4,26,1
40,23,1
30,-4,1
-22,26,1
-24,36,1
-25,24,1
19,27,1
-9,-34,1
-29,-39,1
31,31,1
39,0,1
-19,-20,1
-3,-44,1
12,30,1
-38,12,1
49,1,1
23,-22,1
1,40,1
-14,29,1
21,-28,1
15,-28,1
-29,19,1
5,35,1
47,-9,1
-42,-22,1
20,-40,1
46,-19,1
40,16,1
3,-41,1
-18,-21,1
-8,-27,1
34,-15,1
-37,23,1
-2,38,1
23,31,1
32,10,1
-13,-35,1
19,23,1
-32,-24,1
39,-27,1
-19,-20,1
20,19,1
-29,-33,1
44,-7,1
2,49,1
-33,-21,1
24,35,1
3,-32,1
21,-34,1
-26,-25,1
33,36,1
27,-30,1
-35,-24,1
-46,13,1
33,-7,1
35,13,1
30,24,1
-2,26,1
0,-50,1
32,-27,1
33,-30,1
27,7,1
5,-46,1
5,35,1
-23,23,1
-11,-31,1
-21,14,1
-5,37,1
-1,-44,1
23,-15,1
-148,288,0
-327,26,0
190,-267,0
132,-283,0
-306,35,0
-328,9,0
152,265,0
-304,-120,0
-24,306,0
-124,279,0
32,328,0
-310,-51,0
325,45,0
122,-296,0
-255,-188,0
-2,-315,0
312,52,0
209,-249,0
-325,3,0
-297,83,0
-209,249,0
-286,116,0
326,-10,0
25,-325,0
-149,275,0
-272,-158,0
-77,-297,0
27,-305,0
12,316,0
113,-298,0
312,-103,0
305,-40,0
15,322,0
-282,135,0
292,-98,0
-316,15,0
90,-299,0
277,174,0
-326,9,0
194,-245,0
-284,-133,0
-248,-192,0
-139,-281,0
-165,270,0
49,320,0
-256,173,0
-318,-84,0
-322,27,0
320,19,0
-220,224,0
-110,301,0
-292,121,0
-282,-142,0
-230,-202,0
-207,226,0
-195,-239,0
305,-112,0
-301,90,0
30,-319,0
294,130,0
300,-100,0
-292,-150,0
281,146,0
47,314,0
-316,6,0
316,-18,0
-308,-12,0
283,164,0
-282,125,0
-229,209,0
319,84,0
184,-259,0
-170,-276,0
329,14,0
-88,307,0
161,260,0
266,-192,0
-317,-60,0
253,-210,0
-317,-88,0
185,272,0
-234,-200,0
-249,186,0
-279,-162,0
-305,14,0
134,278,0
326,-3,0
-85,-298,0
47,-304,0
-94,308,0
-197,263,0
-11,318,0
271,-170,0
48,-311,0
125,289,0
-205,235,0
199,-240,0
-308,-53,0
-106,-287,0
-141,277,0
-131,288,0
-238,191,0
260,-201,0
208,-249,0
-101,-290,0
273,-183,0
-105,-296,0
-315,-53,0
-16,308,0
323,37,0
325,22,0
175,-259,0
14,329,0
249,-204,0
-77,318,0
280,173,0
217,-222,0
-321,-76,0
300,132,0
-195,-245,0
146,-290,0
206,249,0
298,132,0
-250,-215,0
-291,-155,0
278,-142,0
-296,-106,0
248,204,0
-274,-141,0
-102,290,0
-251,-191,0
304,44,0
-110,-307,0
-62,317,0
-89,-304,0
-289,-153,0
274,181,0
246,218,0
-131,-286,0
301,118,0
64,-301,0
-241,218,0
175,271,0
298,70,0
-31,304,0
-66,-307,0
-263,157,0
-194,255,0
-232,229,0
-154,-282,0
-319,36,0
182,-271,0
308,45,0
-233,219,0
205,-258,0
15,316,0
-112,-310,0
266,186,0
56,304,0
137,-288,0
271,168,0
0,-330,0
-206,-230,0
291,-108,0
-63,-307,0
-318,-24,0
47,315,0
-223,222,0
138,280,0
-1,315,0
121,298,0
-27,-324,0
14,-316,0
314,24,0
199,245,0
-60,318,0
-316,29,0
-303,71,0
325,40,0
-178,265,0
-190,258,0
298,-70,0
19,-323,0
202,-243,0
153,-268,0
263,-194,0
88,315,0
-236,201,0
224,227,0
-282,-150,0
89,311,0
302,-101,0
179,-259,0
66,310,0
47,-317,0
106,-309,0
188,262,0
314,99,0
-154,291,0
84,-299,0
249,-206,0
-328,-33,0
-195,245,0
301,-87,0
-244,219,0
118,-288,0
-137,286,0
253,181,0
292,128,0
289,-106,0
-286,128,0
-41,-304,0
60,-313,0
-267,-186,0
-204,-235,0
146,-295,0
148,279,0
4,315,0
318,41,0
-240,-196,0
304,-41,0
199,261,0
228,217,0
-290,130,0
51,-304,0
-238,-207,0
-79,-318,0
244,-206,0
180,-249,0
-106,-299,0
-327,33,0
301,-71,0
319,-31,0
192,-245,0
-71,311,0
304,51,0
318,-8,0
123,297,0
-80,317,0
82,-317,0
-290,145,0
-13,-325,0
294,-82,0
271,144,0
313,-49,0
298,126,0
249,-201,0
217,223,0
-1,319,0
-206,252,0
-270,-151,0
-329,-19,0
-303,46,0
285,129,0
-181,270,0
319,16,0
-161,-288,0
-304,-53,0
10,321,0
159,-284,0
-281,133,0
-307,77,0
314,81,0
246,-205,0
298,-75,0
272,-164,0
-247,217,0
-276,177,0
-289,-109,0
126,287,0
310,34,0
238,-195,0
94,308,0
-70,298,0
326,-47,0
-11,-307,0
25,-306,0
-310,-38,0
310,-74,0
-158,-263,0
-87,-303,0
254,-184,0
-62,300,0
-287,-123,0
118,-288,0
256,-196,0
-300,-78,0
329,18,0
-86,-305,0
-307,115,0
-120,-297,0
320,-9,0
300,-74,0
312,82,0
304,-86,0
-317,0,0
-297,-106,0
303,113,0
-314,-15,0
28,314,0
-281,-120,0
325,-42,0
-299,-73,0
-167,270,0
-321,5,0
-317,-89,0
77,-308,0
134,288,0
97,294,0
-150,280,0
-40,-323,0
276,-146,0
301,78,0
-291,139,0
52,-325,0
-193,250,0
279,-152,0
180,265,0
-311,55,0
-104,299,0
84,294,0
281,147,0
141,-287,0
-197,260,0
-324,35,0
128,279,0
112,-286,0
-285,116,0
233,-214,0
227,-208,0
-77,310,0
63,318,0
41,-319,0
-115,305,0
-159,-270,0
311,-7,0
296,94,0
279,-132,0
-190,-252,0
-118,291,0
-68,-300,0
-312,-12,0
-118,283,0
-105,-300,0
160,-275,0
-254,-170,0
78,-307,0
-117,296,0
49,-320,0
303,130,0
250,176,0
-113,284,0
30,325,0
-65,-298,0
-15,-306,0
-271,163,0
293,143,0
-101,-302,0
253,-202,0
-146,287,0
-282,121,0
-250,-212,0
-150,275,0
311,75,0
-276,141,0
30,327,0
28,-321,0
-119,-289,0
-183,257,0
26,-318,0
302,-66,0
268,188,0
-279,165,0
54,-320,0
-135,277,0
319,28,0
135,284,0
208,-247,0
-305,-75,0
275,175,0
322,-29,0
-11,327,0
-264,198,0
191,-238,0
-105,-298,0
-182,268,0
-243,192,0
39,-320,0
-48,-323,0
300,-114,0
116,297,0
-243,-219,0
100,-302,0
73,-310,0
324,28,0
-322,-2,0
288,-122,0
292,104,0
113,-284,0
290,-121,0
-309,-24,0
114,289,0
-218,226,0
96,-294,0
228,221,0
-86,-296,0
281,-130,0
247,179,0
284,168,0
292,-113,0
27,304,0
-269,158,0
-236,-229,0
165,261,0
284,148,0
-289,-101,0
224,-218,0
-317,-12,0
-200,-239,0
312,-30,0
198,262,0
-295,-91,0
282,147,0
-28,313,0
204,-257,0
227,-229,0
236,201,0
261,-196,0
137,298,0
293,-141,0
282,-139,0
304,-59,0
-79,-317,0
308,63,0
-150,-279,0
22,324,0
267,156,0
-117,298,0
240,-203,0
321,-45,0
258,-164,0
-118,291,0
-149,-280,0
-236,207,0
307,53,0
-99,290,0
76,-303,0
244,-213,0
-241,-212,0
270,-165,0
120,-297,0
301,-79,0
304,-125,0
311,77,0
-311,-14,0
-303,43,0
97,-299,0
8,318,0
205,-235,0
-320,63,0
245,-217,0
-269,177,0
239,-202,0
198,261,0
284,141,0
101,-293,0
205,254,0
68,302,0
-291,139,0
-59,-324,0
254,205,0
-312,29,0
287,-120,0
298,-113,0
214,241,0
-8,326,0
288,-113,0
145,-276,0
-3,-328,0
59,-314,0
289,-99,0
-300,-117,0
-63,-300,0
-120,-300,0
-157,286,0
117,-298,0
307,82,0
-236,-227,0
-183,-259,0
-236,199,0
314,37,0
203,-238,0
-292,124,0
-16,-325,0
-236,199,0
297,91,0
-326,-21,0
322,50,0
-138,291,0
261,166,0
