35,32,1
30,-5,1
-40,-24,1
-47,-13,1
-22,17,1
-20,42,1
31,-24,1
-2,-29,1
12,32,1
-37,3,1
-30,35,1
-28,19,1
-28,29,1
32,-9,1
9,40,1
33,11,1
-47,-6,1
-39,-29,1
-31,-21,1
27,19,1
14,47,1
5,47,1
42,6,1
-46,17,1
11,24,1
39,-3,1
-19,27,1
49,-3,1
20,-40,1
-33,-1,1
1,27,1
-7,45,1
15,-44,1
-39,-13,1
28,17,1
-39,29,1
14,-23,1
27,-20,1
15,37,1
-6,29,1
26,27,1
-19,44,1
-22,-25,1
43,5,1
35,-3,1
-25,16,1
28,-2,1
-19,-40,1
-22,-32,1
38,17,1
-14,-48,1
41,-23,1
30,22,1
34,-13,1
36,-13,1
9,24,1
-29,-10,1
23,28,1
-16,29,1
-10,45,1
29,36,1
-26,7,1
-28,19,1
0,-26,1
-27,40,1
-7,-28,1
-33,24,1
33,14,1
-17,32,1
-27,-30,1
-28,-22,1
-20,18,1
44,7,1
-28,31,1
-41,3,1
44,-16,1
-45,16,1
20,16,1
-31,-4,1
6,33,1
35,-17,1
-23,-26,1
33,-9,1
27,-31,1
21,-20,1
43,-12,1
-25,-4,1
25,40,1
-37,29,1
12,-22,1
25,-2,1
-22,-12,1
28,5,1
-35,3,1
-27,3,1
16,-41,1
8,-29,1
32,-9,1
14,21,1
-20,43,1
38,-25,1
-26,29,1
-30,16,1
-27,28,1
41,-10,1
-5,-44,1
23,38,1
-3,41,1
30,37,1
-27,-40,1
17,-25,1
-2,-34,1
-25,-12,1
15,-38,1
-14,24,1
41,-20,1
15,20,1
-40,-6,1
45,5,1
-6,43,1
21,-37,1
-38,13,1
-11,-36,1
8,48,1
21,-34,1
-31,-7,1
-33,32,1
-23,-33,1
-25,-1,1
-42,24,1
43,11,1
-18,43,1
21,-32,1
44,-13,1
3,-44,1
27,-36,1
39,-10,1
-23,-30,1
19,-29,1
-31,18,1
-48,-3,1
39,-3,1
11,-35,1
-16,-28,1
-12,25,1
15,24,1
-10,-38,1
46,-5,1
37,-21,1
-32,-23,1
22,32,1
48,-6,1
18,-24,1
27,8,1
-16,38,1
-15,-29,1
33,29,1
45,9,1
25,8,1
-10,-44,1
26,28,1
-14,-32,1
-40,20,1
24,26,1
-24,-42,1
-5,33,1
-19,-44,1
3,-38,1
-40,18,1
8,38,1
-39,-20,1
-20,-44,1
27,-37,1
-9,-28,1
-25,41,1
-8,44,1
-33,30,1
31,-4,1
-30,-17,1
-16,-36,1
-25,10,1
-28,-31,1
-27,30,1
-29,1,1
9,-29,1
16,-29,1
-27,-26,1
-38,14,1
12,45,1
-47,6,1
-37,-1,1
-31,19,1
28,-36,1
12,-33,1
40,-1,1
-29,38,1
6,-30,1
-6,-25,1
-24,20,1
24,40,1
-18,21,1
-21,19,1
-25,2,1
14,-33,1
-37,19,1
25,17,1
1,25,1
40,17,1
10,-39,1
-43,16,1
16,47,1
-13,27,1
-29,-40,1
38,27,1
-34,30,1
46,18,1
-26,19,1
-8,-46,1
39,22,1
41,10,1
35,-23,1
25,21,1
12,-42,1
5,-29,1
0,-42,1
37,-1,1
-8,-49,1
40,-6,1
-43,-14,1
31,33,1
-30,22,1
-34,6,1
-9,40,1
43,22,1
-1,-30,1
10,25,1
25,-21,1
-35,13,1
30,-13,1
-16,-30,1
17,24,1
34,-15,1
18,-18,1
43,-21,1
22,-40,1
20,-30,1
-33,5,1
-2,30,1
-13,41,1
39,28,1
48,-6,1
-46,11,1
2,40,1
-8,25,1
36,-27,1
-32,22,1
-20,-25,1
14,47,1
14,-38,1
11,-31,1
-31,3,1
47,17,1
-23,-10,1
-14,44,1
14,-41,1
48,14,1
5,39,1
40,-4,1
26,-4,1
-35,4,1
-34,-21,1
-36,-29,1
-46,18,1
-35,-32,1
-21,39,1
22,-41,1
-7,-32,1
18,23,1
-28,-6,1
23,27,1
29,28,1
-31,9,1
38,-4,1
-17,-29,1
-1,27,1
-16,-38,1
-39,-26,1
45,-7,1
6,-38,1
-34,-26,1
32,-28,1
-10,-26,1
17,-38,1
-8,35,1
-6,-37,1
12,28,1
-47,-7,1
-15,26,1
48,2,1
6,-25,1
-23,40,1
19,-40,1
50,0,1
32,-29,1
30,10,1
34,-10,1
3,-31,1
-14,-37,1
-20,43,1
-24,-8,1
-31,-30,1
35,9,1
-10,40,1
-46,-8,1
-30,-10,1
12,-43,1
-7,-48,1
33,-33,1
0,-42,1
-46,-2,1
35,14,1
10,34,1
-19,37,1
-33,36,1
26,-8,1
-21,-18,1
0,33,1
21,-24,1
-42,-13,1
-40,-28,1
-16,45,1
33,-15,1
-12,27,1
-28,-39,1
-31,-11,1
38,14,1
-12,28,1
-31,-4,1
16,-45,1
-43,-13,1
-3,48,1
39,-23,1
28,-6,1
40,18,1
-49,-6,1
-5,-25,1
35,4,1
-27,-1,1
32,35,1
47,7,1
-41,0,1
-35,18,1
25,-1,1
-17,23,1
33,-29,1
-22,-24,1
24,22,1
-28,0,1
36,-23,1
-2,-39,1
36,-3,1
15,-34,1
31,-24,1
-22,17,1
-9,41,1
-29,7,1
5,33,1
-48,-1,1
-12,40,1
20,-19,1
-29,-32,1
-28,21,1
10,-30,1
21,-29,1
14,-45,1
21,30,1
-37,21,1
-40,28,1
6,38,1
-1,-29,1
-12,-38,1
-45,9,1
24,15,1
-21,-19,1
24,-10,1
-32,33,1
16,-47,1
-40,-4,1
-11,-43,1
21,-43,1
17,41,1
-37,-20,1
-19,-28,1
39,-2,1
-27,21,1
-25,-39,1
44,3,1
-12,33,1
-37,29,1
33,-36,1
30,-7,1
-35,-28,1
-39,-28,1
-47,-15,1
33,-16,1
24,22,1
-32,6,1
24,-43,1
-34,8,1
-3,-36,1
25,-30,1
15,-31,1
-15,31,1
31,20,1
30,14,1
34,34,1
31,-27,1
-39,-27,1
-23,17,1
26,35,1
-42,4,1
-29,-3,1
4,25,1
-31,34,1
22,-27,1
14,41,1
38,-30,1
28,17,1
-1,-46,1
-37,-12,1
-21,-39,1
-7,27,1
32,-7,1
36,18,1
27,30,1
37,3,1
-6,-37,1
-30,1,1
-36,6,1
-24,-35,1
29,5,1
25,-21,1
32,-19,1
-34,30,1
3,-46,1
46,9,1
-42,16,1
-32,6,1
46,-9,1
-16,23,1
43,19,1
-33,12,1
26,10,1
-21,38,1
-29,-28,1
-32,-2,1
-10,-30,1
33,-33,1
36,-29,1
43,10,1
21,22,1
-16,-30,1
-17,-44,1
20,-21,1
-10,46,1
27,0,1
31,-13,1
-46,-2,1
-35,1,1
44,16,1
-9,32,1
-39,-19,1
32,17,1
0,-28,1
-44,-10,1
-17,-40,1
9,-25,1
34,-3,1
38,-27,1
7,30,1
-41,1,1
40,25,1
-44,18,1
25,-1,1
41,16,1
-24,16,1
-16,38,1
22,35,1
-6,-39,1
-20,-35,1
-40,-28,1
-47,0,1
17,-32,1
-40,-5,1
-27,-42,1
32,-11,1
35,29,1
8,45,1
-14,21,1
-30,0,1
72,179,0
143,-131,0
-197,-15,0
82,177,0
-164,85,0
-57,184,0
17,-180,0
177,77,0
156,-122,0
-136,127,0
161,-112,0
47,-191,0
-47,177,0
-123,128,0
-162,100,0
-185,-16,0
-148,-98,0
15,192,0
-74,165,0
184,57,0
7,-187,0
-190,-3,0
-71,-182,0
-5,191,0
-152,106,0
-180,62,0
-107,-146,0
99,154,0
3,-175,0
127,149,0
-177,40,0
-162,108,0
-29,-173,0
-184,-78,0
-15,188,0
-44,-176,0
-170,44,0
171,85,0
-64,175,0
56,174,0
177,-38,0
145,-100,0
168,-58,0
-169,87,0
-161,115,0
-15,188,0
-199,0,0
-139,-125,0
-7,199,0
134,-140,0
60,172,0
7,-187,0
187,54,0
-140,107,0
-190,50,0
101,158,0
167,88,0
-44,175,0
100,-151,0
149,-107,0
-170,-55,0
76,-170,0
-86,173,0
98,170,0
83,-177,0
132,-150,0
-134,118,0
-117,137,0
-14,198,0
179,-38,0
13,-182,0
180,-21,0
156,95,0
189,-41,0
-180,-5,0
37,-177,0
124,-151,0
-175,-42,0
171,-71,0
91,-178,0
-108,-147,0
-181,56,0
10,189,0
-136,-120,0
-17,-191,0
153,-126,0
-17,180,0
-107,-139,0
79,-162,0
-9,188,0
137,109,0
183,-56,0
-52,178,0
-167,68,0
-113,-153,0
-140,-112,0
-20,-181,0
-189,55,0
70,184,0
97,160,0
-102,-170,0
97,154,0
134,137,0
145,107,0
12,-177,0
-161,-71,0
-162,96,0
-121,-131,0
-13,-178,0
183,-21,0
132,142,0
138,-134,0
177,-46,0
186,-13,0
-44,-193,0
111,-148,0
95,167,0
-168,-93,0
-158,120,0
67,186,0
153,118,0
-106,-141,0
-123,-129,0
44,189,0
-123,155,0
68,-188,0
131,132,0
159,105,0
-94,160,0
-104,-147,0
-116,-140,0
65,-188,0
71,178,0
-182,1,0
88,166,0
96,148,0
58,180,0
167,105,0
91,174,0
119,-150,0
177,-73,0
-43,-183,0
168,100,0
-188,-58,0
-160,-109,0
-60,-176,0
-131,141,0
170,-80,0
93,-166,0
-27,196,0
-155,-116,0
52,-193,0
-151,-99,0
-92,163,0
23,176,0
-51,-188,0
-50,179,0
122,-138,0
165,-66,0
148,-115,0
83,-162,0
82,173,0
-144,-111,0
194,-44,0
177,-85,0
182,30,0
-18,187,0
140,-106,0
185,18,0
-193,-20,0
150,-101,0
184,-76,0
-107,-155,0
-176,-63,0
136,-115,0
-73,-183,0
187,-50,0
182,21,0
-178,-59,0
-155,94,0
170,96,0
40,-171,0
-138,131,0
140,123,0
178,53,0
91,159,0
-85,-165,0
-167,-71,0
121,-158,0
185,37,0
181,40,0
-171,-88,0
-183,-25,0
-41,-192,0
-169,92,0
176,-58,0
61,-172,0
-35,-187,0
-181,1,0
-131,-142,0
-15,177,0
-75,172,0
129,-122,0
-154,102,0
-64,178,0
81,172,0
-43,173,0
-148,-109,0
-128,120,0
191,33,0
-175,24,0
-85,-175,0
-160,-99,0
-155,-96,0
168,72,0
168,98,0
116,-150,0
22,-183,0
159,76,0
57,-191,0
98,-168,0
63,-178,0
-167,59,0
90,-165,0
-56,-174,0
28,-198,0
-47,-192,0
-174,46,0
-2,183,0
19,182,0
-24,176,0
-139,-126,0
-48,182,0
90,160,0
185,-44,0
-134,-137,0
70,-181,0
47,-185,0
-117,-145,0
145,-98,0
149,-106,0
-71,171,0
192,-19,0
-132,150,0
103,-153,0
192,21,0
34,172,0
-194,-34,0
-103,171,0
-147,119,0
8,-195,0
60,-173,0
-142,-108,0
73,179,0
-150,-124,0
-44,187,0
144,107,0
23,182,0
-160,73,0
-101,148,0
118,-152,0
180,-37,0
-134,-131,0
25,-184,0
161,-69,0
-86,164,0
186,-10,0
-179,59,0
17,-189,0
195,-3,0
98,172,0
-87,-159,0
-136,138,0
59,-182,0
-95,-154,0
-157,-122,0
55,-180,0
78,171,0
-96,-157,0
-192,-54,0
56,-178,0
-190,-13,0
-149,105,0
169,79,0
21,189,0
158,-80,0
-147,-109,0
-115,-146,0
20,-184,0
154,-96,0
-31,-180,0
193,4,0
157,-94,0
-178,-38,0
49,169,0
-162,82,0
-161,94,0
100,149,0
-139,142,0
147,-118,0
191,-43,0
116,147,0
-176,-37,0
-178,44,0
-184,50,0
83,-160,0
-180,85,0
-68,167,0
179,63,0
-176,-75,0
3,195,0
-181,46,0
98,152,0
165,-59,0
-161,-100,0
124,135,0
-84,-180,0
194,22,0
32,187,0
176,-70,0
58,190,0
176,93,0
-170,73,0
88,162,0
-39,175,0
180,-49,0
126,127,0
-133,-119,0
124,156,0
120,149,0
148,-119,0
114,-160,0
191,35,0
-150,92,0
-134,144,0
147,109,0
137,119,0
92,174,0
121,128,0
-134,-122,0
188,-12,0
13,196,0
-192,-17,0
148,101,0
-126,-152,0
-182,47,0
-101,168,0
184,42,0
-89,-151,0
9,-190,0
-137,119,0
191,0,0
-28,-181,0
34,181,0
-192,-55,0
-110,-146,0
-70,186,0
121,-153,0
-120,135,0
-102,-169,0
-194,-37,0
160,-85,0
97,155,0
-193,8,0
-41,-174,0
-39,190,0
197,6,0
119,-150,0
-145,130,0
151,130,0
-70,-169,0
-41,181,0
-149,92,0
-169,-72,0
49,-190,0
-112,-140,0
-180,5,0
17,-188,0
-33,178,0
-29,-194,0
139,128,0
-199,-16,0
137,-142,0
179,30,0
-37,186,0
-39,-184,0
-47,-173,0
-41,-185,0
154,-116,0
195,11,0
-53,-188,0
73,161,0
193,-23,0
-133,-119,0
-183,-10,0
114,161,0
-1,-186,0
134,130,0
116,155,0
74,-177,0
52,-169,0
-176,-25,0
-151,99,0
-18,-189,0
53,182,0
-121,-133,0
19,177,0
-12,178,0
154,-122,0
-120,143,0
194,-13,0
-72,163,0
129,-146,0
-152,98,0
139,120,0
-180,-76,0
-138,115,0
102,-171,0
126,137,0
-27,182,0
67,-172,0
-49,178,0
64,188,0
-173,67,0
142,125,0
150,114,0
119,-159,0
-45,-174,0
-19,183,0
-145,101,0
167,97,0
-181,-59,0
-191,-54,0
-6,194,0
-46,191,0
177,58,0
-138,139,0
-154,-115,0
-100,-164,0
129,-138,0
103,152,0
-32,-191,0
182,-18,0
183,-18,0
106,-156,0
160,98,0
-111,143,0
109,147,0
-95,154,0
-1,179,0
141,-140,0
-171,82,0
-168,-105,0
172,102,0
163,108,0
106,157,0
-159,115,0
56,-172,0
-195,15,0
179,82,0
-61,-181,0
-186,-46,0
-73,-164,0
194,-25,0
39,-179,0
-152,119,0
-177,-90,0
-187,-6,0
-184,0,0
-71,166,0
2,-175,0
166,69,0
183,56,0
188,19,0
-177,38,0
51,-182,0
138,-118,0
181,-39,0
162,-106,0
-160,83,0
-145,-136,0
168,-57,0
157,113,0
49,189,0
129,130,0
-32,-189,0
-184,-54,0
-181,75,0
62,180,0
-118,154,0
2,-195,0
148,103,0
-44,-171,0
175,-22,0
-170,42,0
91,-178,0
-33,-191,0
115,158,0
131,-130,0
-179,53,0
