-27,-17,1
-27,-39,1
47,8,1
29,36,1
27,35,1
25,-25,1
-25,2,1
7,31,1
48,-9,1
-26,23,1
-20,-40,1
-41,-27,1
-44,-23,1
18,39,1
-24,-23,1
-12,-46,1
-20,-36,1
-5,-44,1
44,-1,1
30,1,1
-12,37,1
-28,-17,1
-11,47,1
-36,4,1
-37,12,1
-29,6,1
-27,0,1
22,42,1
14,23,1
42,5,1
-40,-25,1
-45,-15,1
8,-30,1
7,36,1
-3,-29,1
28,14,1
37,-25,1
-42,13,1
-8,45,1
-36,-20,1
33,29,1
37,14,1
25,24,1
19,19,1
19,30,1
-20,-43,1
26,27,1
30,7,1
-37,21,1
0,-41,1
13,-38,1
-8,26,1
-36,-12,1
-18,30,1
-39,21,1
-8,-26,1
29,-35,1
26,-25,1
-24,36,1
37,-19,1
-5,-47,1
-27,-42,1
-18,-18,1
2,-40,1
-34,4,1
-16,-26,1
-6,-40,1
27,-10,1
-3,-43,1
43,-6,1
-13,-23,1
-19,19,1
7,25,1
27,2,1
-36,-15,1
-32,-7,1
43,25,1
18,31,1
-23,16,1
-47,-17,1
47,-16,1
-29,-24,1
-10,34,1
17,-25,1
-33,27,1
43,-4,1
-40,13,1
-28,-36,1
-15,-46,1
36,13,1
3,27,1
25,26,1
39,-12,1
24,14,1
33,-19,1
-44,21,1
-38,-6,1
-39,15,1
-40,11,1
21,28,1
-20,-44,1
36,9,1
34,-1,1
30,11,1
11,-47,1
22,-33,1
40,28,1
-17,-31,1
25,4,1
-22,23,1
11,39,1
17,46,1
9,47,1
15,36,1
-20,29,1
37,-4,1
-3,-30,1
37,-11,1
42,-15,1
44,-10,1
1,-26,1
-8,-47,1
33,34,1
-28,-19,1
-32,-14,1
-25,-30,1
9,-34,1
-25,38,1
-37,-17,1
-21,-24,1
-27,1,1
-25,-8,1
20,-39,1
33,18,1
25,0,1
-29,21,1
-43,8,1
-27,-30,1
-38,25,1
18,30,1
-35,14,1
12,35,1
-41,0,1
-15,-39,1
35,13,1
6,28,1
-23,-42,1
-23,-37,1
-27,0,1
10,-38,1
30,-3,1
30,-24,1
10,28,1
38,-21,1
-32,-38,1
-34,-16,1
-25,15,1
-8,-28,1
15,-36,1
-14,-29,1
15,36,1
26,-39,1
41,-23,1
4,-45,1
3,-35,1
7,-38,1
0,-37,1
-35,-8,1
-27,-1,1
-28,9,1
-15,31,1
-7,-26,1
-4,-34,1
-28,37,1
10,-46,1
46,-19,1
17,43,1
-19,37,1
30,-33,1
37,-10,1
19,-46,1
-25,7,1
-44,-4,1
20,24,1
43,1,1
-45,20,1
-1,-44,1
19,-18,1
36,15,1
-18,38,1
-37,-31,1
-10,-39,1
-22,30,1
31,-16,1
26,12,1
29,-4,1
-3,33,1
-11,40,1
-17,-42,1
36,-3,1
-25,32,1
32,-11,1
28,-27,1
11,33,1
8,-42,1
38,-22,1
35,-1,1
27,42,1
-40,-22,1
22,22,1
-26,-37,1
27,-27,1
35,-34,1
31,22,1
29,-5,1
21,18,1
27,-40,1
-34,12,1
-16,20,1
40,-18,1
-46,1,1
41,-24,1
23,20,1
-41,-7,1
-13,-42,1
12,27,1
22,16,1
0,-49,1
27,-6,1
-31,19,1
-39,-24,1
18,43,1
30,-29,1
6,-40,1
36,-26,1
25,-32,1
35,-14,1
10,-45,1
-14,45,1
-5,32,1
29,8,1
38,-6,1
10,44,1
-50,0,1
39,15,1
46,-9,1
12,-26,1
-6,-25,1
32,-5,1
-32,7,1
30,15,1
20,28,1
-26,-9,1
30,10,1
-35,-30,1
4,-29,1
-3,-34,1
-35,-31,1
-17,24,1
41,7,1
27,13,1
-44,-1,1
-11,47,1
-10,29,1
-35,9,1
39,26,1
-33,-23,1
13,38,1
45,-5,1
-40,-2,1
35,1,1
23,-21,1
-38,24,1
31,-11,1
-12,25,1
-14,-44,1
-40,-19,1
31,37,1
-46,-8,1
23,-25,1
35,-27,1
-42,-13,1
31,-26,1
44,-5,1
23,26,1
-1,-32,1
-30,14,1
9,47,1
32,-22,1
28,20,1
23,-35,1
32,-20,1
-17,27,1
-15,45,1
-4,33,1
18,-28,1
15,-41,1
-33,25,1
-27,-21,1
-46,-16,1
-14,-31,1
5,-32,1
-9,-39,1
16,-32,1
-40,-11,1
-32,-34,1
-25,41,1
-40,-30,1
41,27,1
47,4,1
28,-40,1
-24,-9,1
20,16,1
17,-27,1
-18,-46,1
-43,-19,1
-43,-19,1
-22,20,1
-19,28,1
-17,-30,1
32,24,1
19,-30,1
-22,24,1
-41,-2,1
2,-36,1
46,12,1
23,40,1
-38,-26,1
-13,-24,1
7,-24,1
-29,-38,1
7,44,1
8,-47,1
21,-24,1
4,42,1
31,-10,1
30,-18,1
46,19,1
7,-33,1
8,34,1
-41,5,1
8,-37,1
35,20,1
13,45,1
-23,42,1
21,-17,1
-27,6,1
19,-22,1
-5,30,1
2,43,1
13,-36,1
-28,-38,1
-19,-30,1
-26,-39,1
-36,-8,1
18,38,1
-11,43,1
-14,28,1
33,18,1
-15,47,1
-21,18,1
23,13,1
-26,42,1
28,31,1
-32,4,1
-27,27,1
-8,-26,1
23,38,1
11,-41,1
15,28,1
34,27,1
11,32,1
31,29,1
38,-27,1
28,-31,1
38,25,1
-45,-8,1
-38,-23,1
-19,-19,1
-3,34,1
23,-40,1
-31,20,1
43,17,1
46,8,1
38,29,1
-26,25,1
-38,30,1
10,-36,1
-27,-7,1
-28,-40,1
19,-39,1
0,-40,1
-49,-8,1
32,-31,1
24,30,1
-18,44,1
0,32,1
13,-48,1
-12,-36,1
26,41,1
-25,28,1
-33,8,1
-47,12,1
-31,9,1
5,-41,1
20,-35,1
44,-12,1
9,-40,1
37,-3,1
-7,49,1
31,-32,1
-29,0,1
-15,-30,1
40,6,1
-43,9,1
-25,-5,1
-25,-41,1
-1,-40,1
6,-33,1
23,-40,1
14,-47,1
13,-26,1
35,-31,1
-18,19,1
-14,29,1
-28,24,1
-31,37,1
-19,34,1
38,8,1
-8,37,1
-34,-19,1
-19,40,1
24,31,1
-34,-30,1
14,-27,1
-36,27,1
46,9,1
-28,-3,1
-7,49,1
33,37,1
37,6,1
-9,30,1
-37,8,1
13,30,1
23,-26,1
-31,-11,1
28,32,1
2,32,1
40,-15,1
-32,16,1
-27,-10,1
-17,-24,1
-34,-30,1
-42,10,1
15,36,1
-24,-42,1
-3,33,1
-17,-35,1
-34,-1,1
15,25,1
-25,18,1
-13,-44,1
-43,21,1
42,10,1
24,-15,1
41,-15,1
-13,-40,1
28,19,1
-2,39,1
-2,45,1
-28,31,1
-14,37,1
30,-9,1
-47,-11,1
-42,-16,1
-31,-25,1
39,0,1
6,43,1
33,-11,1
22,-23,1
28,22,1
-22,18,1
-22,-23,1
2,45,1
17,25,1
15,-22,1
35,6,1
-32,-3,1
41,-2,1
40,1,1
-7,33,1
-27,37,1
-25,12,1
25,16,1
33,27,1
33,2,1
-21,32,1
45,-17,1
-18,45,1
43,-13,1
275,-173,0
48,325,0
322,-33,0
-266,-207,0
298,149,0
28,321,0
-270,199,0
-155,-284,0
-251,-227,0
-25,-326,0
80,309,0
142,304,0
-85,-313,0
216,-244,0
56,-320,0
250,201,0
-318,82,0
265,-176,0
-306,130,0
274,180,0
62,-330,0
-312,113,0
-265,-213,0
-230,-243,0
299,152,0
-108,302,0
-311,-110,0
-172,-273,0
124,305,0
-280,-155,0
304,97,0
316,81,0
102,-313,0
-160,-280,0
-186,255,0
-306,109,0
-142,296,0
-338,-35,0
-239,-225,0
168,-271,0
287,-151,0
-332,4,0
98,315,0
307,120,0
-122,-308,0
-65,-315,0
-17,317,0
-312,129,0
-317,-54,0
-295,156,0
-320,20,0
328,-19,0
-315,-86,0
-64,-310,0
189,278,0
-294,-153,0
-318,-5,0
-184,267,0
208,-239,0
311,-83,0
39,-317,0
198,-255,0
-234,242,0
-310,-116,0
255,212,0
326,-70,0
232,218,0
-294,-162,0
-29,-321,0
312,-104,0
333,-49,0
289,-160,0
214,248,0
-310,87,0
207,-261,0
-326,11,0
-333,-41,0
311,-58,0
-236,-217,0
248,216,0
-3,321,0
-307,79,0
106,316,0
270,172,0
-40,323,0
-141,-283,0
-211,237,0
84,325,0
101,-311,0
24,333,0
-159,-293,0
-206,-253,0
156,295,0
11,317,0
170,266,0
215,-233,0
-151,-298,0
-278,191,0
298,-103,0
333,-21,0
-127,315,0
74,311,0
304,-96,0
249,-222,0
219,-246,0
321,30,0
-231,-247,0
-81,-317,0
311,70,0
-266,-188,0
-301,101,0
-217,-254,0
-315,-109,0
-170,-292,0
-292,156,0
-68,-325,0
233,-212,0
318,60,0
-108,-300,0
10,-322,0
-327,-41,0
-37,-328,0
254,-210,0
-161,280,0
95,-316,0
-337,-30,0
8,331,0
246,205,0
-272,167,0
134,-304,0
-332,37,0
331,-63,0
-327,62,0
257,189,0
284,-176,0
258,-184,0
251,-202,0
308,-103,0
309,120,0
-316,106,0
88,-313,0
198,-274,0
12,323,0
-213,255,0
205,253,0
289,178,0
318,-66,0
18,-319,0
-321,-98,0
331,-33,0
-14,-323,0
-173,277,0
-296,-150,0
-298,120,0
-255,-222,0
-142,297,0
36,324,0
-78,-324,0
-73,-322,0
313,-90,0
182,-266,0
-222,237,0
332,9,0
330,-21,0
-171,266,0
270,-196,0
-311,124,0
89,-323,0
138,-306,0
-314,68,0
-308,94,0
-302,97,0
158,-273,0
-322,-62,0
306,136,0
-153,-278,0
-217,-235,0
321,-25,0
-15,324,0
308,133,0
201,-258,0
43,-336,0
-319,-8,0
217,-252,0
335,1,0
-304,-121,0
265,-208,0
-145,286,0
-168,268,0
87,-312,0
115,-313,0
-333,10,0
-329,-25,0
-52,329,0
186,-260,0
-155,-301,0
265,-209,0
104,-319,0
-269,-177,0
-293,172,0
-324,32,0
305,-147,0
317,17,0
258,184,0
-157,287,0
281,181,0
-265,-182,0
-338,-7,0
-266,192,0
-291,-144,0
323,-77,0
-213,262,0
2,-324,0
-97,-324,0
-257,214,0
307,-134,0
-223,-248,0
312,111,0
-208,239,0
229,-248,0
-320,64,0
-287,-181,0
-135,-286,0
152,-284,0
-10,316,0
-65,323,0
91,315,0
-98,320,0
-293,-167,0
257,191,0
-314,-99,0
283,182,0
326,65,0
-285,-162,0
-238,235,0
330,-43,0
129,-289,0
316,117,0
-331,-73,0
-60,314,0
-16,321,0
318,117,0
57,-317,0
-108,-316,0
-323,-44,0
320,-68,0
-199,-248,0
-287,167,0
262,-204,0
-270,184,0
314,114,0
-200,-263,0
22,324,0
317,104,0
324,-78,0
325,19,0
201,-262,0
-249,223,0
-312,-64,0
76,-309,0
309,-124,0
-317,20,0
253,219,0
310,-74,0
-68,327,0
218,244,0
316,77,0
-70,318,0
-84,-328,0
39,314,0
-122,311,0
307,136,0
-192,-268,0
146,292,0
314,89,0
329,53,0
-317,8,0
-293,-168,0
282,188,0
306,-88,0
-328,26,0
-289,142,0
262,214,0
-323,-28,0
-304,-121,0
289,176,0
-278,-189,0
307,-72,0
317,-2,0
-33,-314,0
-321,0,0
328,-7,0
63,312,0
59,-312,0
-331,-49,0
277,194,0
-305,111,0
314,-118,0
-41,319,0
265,-176,0
-266,-186,0
-283,-175,0
220,-255,0
-322,-108,0
-339,19,0
198,-248,0
270,-205,0
-84,-305,0
-208,248,0
-312,94,0
228,244,0
16,322,0
240,-236,0
-61,-332,0
-55,327,0
310,111,0
318,-27,0
90,307,0
-262,-213,0
102,304,0
-191,268,0
-317,-85,0
-154,277,0
319,64,0
-271,-176,0
135,-287,0
-23,-335,0
207,264,0
-233,223,0
-258,191,0
-74,-312,0
-258,201,0
321,29,0
-142,292,0
171,-272,0
198,253,0
-66,318,0
109,297,0
-187,268,0
-249,-221,0
-298,114,0
299,-157,0
217,256,0
295,-167,0
316,122,0
-323,-26,0
-55,330,0
-117,-319,0
-107,312,0
274,-201,0
182,283,0
146,302,0
65,314,0
67,-308,0
-102,324,0
212,-244,0
-297,-157,0
-165,282,0
229,-246,0
2,-324,0
152,288,0
245,198,0
3,335,0
-195,-251,0
-40,-337,0
199,-272,0
-87,316,0
-336,37,0
-186,-268,0
-303,115,0
-52,320,0
-325,59,0
-322,64,0
323,-5,0
1,-337,0
-55,-324,0
-313,36,0
237,-222,0
275,163,0
310,-76,0
-317,-5,0
-90,310,0
40,331,0
310,-70,0
-311,-53,0
-324,-91,0
45,325,0
-302,136,0
47,317,0
-15,324,0
90,314,0
-291,-151,0
-179,-273,0
-55,-335,0
284,-140,0
334,-40,0
-172,266,0
-288,163,0
38,313,0
266,210,0
-183,-270,0
-246,-234,0
-293,165,0
242,-237,0
151,301,0
99,-321,0
-335,34,0
75,-316,0
322,38,0
-234,-215,0
61,329,0
-53,318,0
-65,331,0
-301,124,0
252,204,0
-316,-115,0
-307,-113,0
213,-249,0
267,179,0
159,286,0
332,-43,0
318,41,0
-215,241,0
269,192,0
217,236,0
118,310,0
-307,-127,0
-288,-128,0
314,104,0
334,-32,0
223,-240,0
-148,306,0
128,298,0
138,297,0
32,315,0
-319,-70,0
-325,38,0
-169,-280,0
258,203,0
-311,-69,0
-276,-163,0
-314,-56,0
-282,186,0
143,-284,0
206,-240,0
-109,-318,0
233,-234,0
-229,-230,0
285,-170,0
-338,-33,0
108,-310,0
-276,-157,0
-248,-203,0
-220,-240,0
263,-201,0
292,131,0
-328,11,0
-247,-208,0
-307,98,0
-197,256,0
318,-66,0
214,241,0
324,98,0
-328,11,0
96,318,0
-333,54,0
324,-98,0
104,300,0
21,339,0
231,-239,0
-6,316,0
324,-77,0
280,192,0
-292,130,0
-190,257,0
-326,48,0
205,247,0
291,144,0
-36,313,0
-242,-217,0
39,-314,0
-189,268,0
337,10,0
-291,146,0
-18,-323,0
323,47,0
-320,-42,0
-205,241,0
-303,143,0
7,320,0
183,274,0
-329,14,0
-227,-219,0
-104,300,0
-290,-143,0
31,-327,0
-54,331,0
202,270,0
310,-111,0
328,-17,0
