17,46,1
2,-27,1
-24,8,1
-42,17,1
39,-13,1
-44,-19,1
41,-2,1
21,-38,1
21,20,1
-14,45,1
30,-12,1
36,-18,1
-12,-45,1
41,-18,1
13,39,1
2,28,1
-24,30,1
5,48,1
-4,25,1
11,-38,1
36,-33,1
-42,24,1
12,-27,1
-10,23,1
-22,41,1
-28,-33,1
-1,28,1
-25,15,1
21,22,1
46,-10,1
-32,2,1
-34,2,1
-38,-2,1
-46,-3,1
-20,18,1
6,43,1
35,-28,1
4,38,1
-39,-28,1
-37,22,1
-40,12,1
-21,21,1
12,31,1
41,-17,1
25,-7,1
-11,23,1
-11,47,1
43,-4,1
-20,-33,1
30,26,1
-10,-25,1
43,-23,1
6,30,1
5,-35,1
34,-35,1
31,-36,1
3,-26,1
-35,-5,1
30,-13,1
43,11,1
17,-21,1
-8,-29,1
3,-46,1
-5,-34,1
-25,-30,1
-23,22,1
9,-37,1
38,30,1
-43,9,1
-27,-1,1
33,2,1
-5,40,1
28,13,1
-32,-6,1
-26,17,1
-16,25,1
-30,23,1
-45,-15,1
-32,-36,1
-20,-40,1
-4,42,1
8,43,1
-13,-27,1
-11,35,1
-40,14,1
23,-16,1
11,-45,1
39,-6,1
-16,25,1
-9,24,1
-24,42,1
25,32,1
36,25,1
27,29,1
40,23,1
22,-30,1
24,-25,1
33,-8,1
18,31,1
40,9,1
41,4,1
-8,-36,1
-38,5,1
-22,16,1
-30,21,1
5,47,1
16,41,1
-9,35,1
24,10,1
32,-8,1
-21,-43,1
42,22,1
31,-18,1
16,30,1
28,11,1
-31,27,1
46,19,1
-31,32,1
-16,-25,1
-22,20,1
42,-25,1
13,-23,1
-10,25,1
-39,-5,1
-45,-10,1
-42,-3,1
30,-35,1
24,-38,1
44,23,1
19,29,1
37,31,1
23,42,1
7,-34,1
8,-45,1
-39,18,1
-39,-9,1
-15,-35,1
30,-36,1
27,6,1
25,19,1
35,-30,1
-23,41,1
-43,16,1
13,40,1
-38,-4,1
-47,-11,1
33,14,1
-30,-1,1
-18,-43,1
-14,26,1
32,4,1
10,39,1
-35,7,1
-11,-29,1
-45,-13,1
23,-17,1
8,32,1
-14,46,1
29,24,1
-31,21,1
44,14,1
-7,45,1
32,-30,1
12,46,1
37,-25,1
21,14,1
-13,31,1
20,-16,1
-22,-27,1
31,-19,1
-3,-37,1
-49,7,1
-41,11,1
26,30,1
27,-40,1
43,-16,1
-2,-39,1
26,4,1
-43,-6,1
-26,-2,1
38,-18,1
28,35,1
34,-31,1
22,-19,1
-35,17,1
-30,-1,1
-12,-43,1
42,18,1
-36,-23,1
-16,23,1
42,-5,1
-11,45,1
-4,42,1
2,32,1
-2,49,1
-14,29,1
-46,18,1
-34,3,1
18,28,1
33,22,1
40,16,1
16,34,1
23,-10,1
-5,-48,1
-46,-12,1
43,-20,1
-19,31,1
4,-30,1
23,26,1
-28,-2,1
4,36,1
-7,-49,1
44,-8,1
27,41,1
-40,9,1
41,-25,1
46,12,1
42,19,1
-22,-35,1
-35,15,1
42,22,1
20,-21,1
23,-21,1
26,-30,1
-17,37,1
-41,10,1
-31,29,1
45,-3,1
-10,-46,1
47,0,1
6,33,1
23,35,1
13,-33,1
-29,40,1
2,-44,1
22,36,1
26,-35,1
19,-25,1
36,-28,1
-44,11,1
31,7,1
-14,27,1
24,-27,1
38,15,1
28,-28,1
50,0,1
18,43,1
26,-34,1
-38,10,1
40,-21,1
-29,10,1
42,-21,1
-26,27,1
-45,8,1
-41,6,1
16,-27,1
-43,-23,1
36,-32,1
-5,46,1
3,36,1
33,-5,1
48,-1,1
-3,-47,1
-43,11,1
28,-14,1
5,-29,1
2,32,1
-11,-29,1
31,-10,1
41,-13,1
19,-40,1
48,-9,1
-39,-6,1
41,-12,1
-33,-19,1
-41,-21,1
0,-26,1
-11,39,1
35,-12,1
-29,-28,1
-5,-26,1
17,46,1
-25,-41,1
27,-11,1
-27,14,1
-19,44,1
45,4,1
41,24,1
-4,34,1
-19,-20,1
35,-18,1
-34,-30,1
-17,-19,1
11,44,1
-31,-30,1
-31,-29,1
-10,30,1
25,27,1
-41,0,1
5,-37,1
23,-27,1
-1,33,1
40,-16,1
-18,34,1
-20,-28,1
-11,45,1
-28,7,1
16,-23,1
-24,-14,1
-21,-39,1
14,-38,1
36,-8,1
-37,27,1
6,37,1
33,16,1
-38,-6,1
7,-32,1
-1,42,1
-39,4,1
-29,-15,1
-30,5,1
18,27,1
-27,0,1
18,42,1
46,19,1
-25,-3,1
-28,31,1
20,-24,1
24,8,1
-19,-25,1
29,36,1
10,-37,1
-15,45,1
-39,-27,1
17,26,1
-39,-21,1
-46,-13,1
-27,24,1
27,2,1
24,-36,1
33,-35,1
-45,14,1
44,-1,1
-33,25,1
-36,-9,1
24,-7,1
7,-31,1
-48,-12,1
-33,19,1
-28,12,1
-44,-2,1
27,-24,1
-28,17,1
35,-34,1
-34,-26,1
-37,-33,1
42,23,1
7,31,1
-41,-3,1
-24,38,1
28,-7,1
-28,26,1
15,-24,1
-33,25,1
27,-40,1
-8,-46,1
26,6,1
2,47,1
6,-29,1
29,-8,1
-8,-26,1
9,39,1
32,19,1
-45,4,1
38,19,1
35,19,1
-8,45,1
-28,-33,1
7,-45,1
11,-37,1
-36,30,1
-21,24,1
1,-29,1
24,20,1
13,32,1
0,35,1
24,34,1
27,-23,1
-14,-37,1
22,12,1
25,43,1
9,-24,1
31,16,1
47,-14,1
-13,-25,1
17,38,1
-26,-17,1
28,-38,1
28,22,1
23,-35,1
32,-6,1
-22,-32,1
-15,-37,1
-18,30,1
-5,45,1
33,-17,1
-33,-20,1
-29,25,1
41,-22,1
-33,8,1
1,40,1
-8,28,1
-42,16,1
-14,34,1
2,-34,1
-28,5,1
34,18,1
-27,-32,1
-28,-7,1
-42,21,1
-30,22,1
-34,-16,1
-13,-45,1
-27,-33,1
23,31,1
40,21,1
-4,-36,1
-40,-2,1
5,30,1
-40,-30,1
47,-3,1
-19,35,1
-32,-7,1
-31,-8,1
27,8,1
-23,17,1
-27,-38,1
-39,12,1
-12,48,1
-9,49,1
-2,38,1
7,34,1
-5,-41,1
-33,6,1
6,-39,1
42,-3,1
12,-22,1
-5,45,1
31,-19,1
-38,11,1
37,-14,1
-7,-43,1
-19,35,1
-31,-20,1
23,34,1
28,-20,1
-30,30,1
31,1,1
-32,29,1
-1,-38,1
-1,-25,1
-22,34,1
-22,-28,1
39,-22,1
1,-45,1
32,-8,1
-35,23,1
-5,-41,1
-5,-46,1
36,23,1
-28,-3,1
-27,22,1
18,34,1
37,32,1
-9,-28,1
-39,17,1
38,23,1
5,41,1
-1,-33,1
22,-30,1
11,-37,1
-31,-26,1
18,-32,1
47,7,1
8,-48,1
46,0,1
-16,-22,1
18,-18,1
-19,-39,1
48,10,1
-31,-11,1
4,-43,1
-23,-29,1
1,-49,1
24,-10,1
-26,-21,1
-35,2,1
40,24,1
26,-28,1
18,24,1
45,-174,0
-107,-136,0
-75,159,0
-47,-172,0
-9,-170,0
-20,177,0
-106,-135,0
-25,178,0
-164,-70,0
-182,-3,0
-106,134,0
-79,-147,0
-92,-157,0
1,-168,0
-186,26,0
155,-107,0
-173,62,0
177,66,0
-76,154,0
-170,7,0
-162,-88,0
28,-177,0
125,-112,0
122,-142,0
-35,172,0
179,-30,0
-117,-118,0
-122,145,0
-122,-121,0
150,83,0
-75,-152,0
-182,-7,0
52,-161,0
-182,12,0
-181,-16,0
173,-3,0
-172,-31,0
-143,125,0
123,115,0
-16,-173,0
32,183,0
10,183,0
166,-70,0
169,0,0
111,132,0
152,78,0
168,-46,0
-72,150,0
154,87,0
130,-105,0
-154,-63,0
-65,-170,0
173,-73,0
-144,106,0
97,137,0
-100,-159,0
-174,31,0
-175,-24,0
22,-174,0
-73,-154,0
-156,79,0
-74,-171,0
85,-151,0
-126,120,0
39,164,0
-107,-133,0
-147,-93,0
-174,53,0
-131,-104,0
160,65,0
-104,152,0
-85,-144,0
73,155,0
12,-169,0
82,147,0
114,123,0
-74,172,0
-178,-47,0
121,-139,0
97,147,0
-99,-134,0
153,111,0
143,-120,0
163,82,0
186,23,0
-11,165,0
5,-182,0
-139,91,0
165,-55,0
-120,123,0
-28,183,0
47,-161,0
140,-120,0
-7,188,0
167,-70,0
19,182,0
163,-62,0
-136,112,0
148,78,0
-161,75,0
87,-162,0
21,174,0
-186,2,0
170,-3,0
-154,89,0
-144,113,0
104,-155,0
166,-76,0
185,-12,0
-117,-142,0
40,-182,0
76,162,0
176,-6,0
-185,33,0
-169,-38,0
-182,-54,0
178,-56,0
154,71,0
-132,-100,0
-164,-58,0
-178,-28,0
132,-130,0
18,180,0
148,73,0
21,-168,0
74,-150,0
-167,-20,0
134,106,0
153,-98,0
109,142,0
-117,127,0
-185,24,0
-135,113,0
173,-50,0
152,-114,0
-12,177,0
182,28,0
66,153,0
85,162,0
185,33,0
-172,-46,0
-156,55,0
81,145,0
-95,-150,0
123,142,0
-179,53,0
-147,114,0
160,-64,0
37,-176,0
-132,131,0
-154,-80,0
167,-44,0
-166,-22,0
170,-5,0
-135,-97,0
-124,110,0
-116,150,0
-168,35,0
149,115,0
-90,157,0
-46,170,0
92,140,0
-181,-30,0
-109,137,0
65,-168,0
176,-34,0
67,-163,0
181,-53,0
-160,-68,0
170,-64,0
74,-172,0
41,-177,0
-172,-1,0
106,130,0
-16,-170,0
1,189,0
-184,22,0
74,168,0
-117,123,0
-26,-166,0
38,-168,0
-128,128,0
132,128,0
-175,-6,0
170,75,0
-147,-110,0
-162,-56,0
49,159,0
-164,-43,0
-161,99,0
-65,152,0
42,182,0
73,152,0
146,113,0
-150,106,0
-63,165,0
-183,14,0
-75,-159,0
178,58,0
179,-59,0
-66,-174,0
177,-34,0
185,-43,0
167,-68,0
-173,7,0
133,-132,0
-118,146,0
-173,-48,0
87,162,0
82,163,0
-172,-13,0
58,-175,0
187,-24,0
103,152,0
175,-38,0
-111,-130,0
49,-166,0
-82,-167,0
150,106,0
53,-172,0
-150,-83,0
-171,-61,0
-93,165,0
168,-33,0
181,27,0
-98,142,0
-185,-38,0
-183,-43,0
96,160,0
85,167,0
44,-161,0
-1,-188,0
73,-153,0
-69,169,0
141,-107,0
-139,-91,0
110,125,0
158,79,0
113,-145,0
174,25,0
165,17,0
42,162,0
117,-130,0
83,-146,0
-141,120,0
137,107,0
15,-181,0
136,-105,0
130,124,0
171,-82,0
-68,-164,0
-148,107,0
-137,119,0
103,-149,0
-164,-35,0
-12,-175,0
151,87,0
-164,-81,0
-184,-19,0
-39,166,0
-152,70,0
22,-167,0
50,170,0
58,-169,0
-24,179,0
-138,128,0
-178,46,0
-31,-179,0
135,115,0
35,175,0
61,-171,0
172,-29,0
111,145,0
100,-149,0
-80,152,0
152,-83,0
105,-131,0
168,-78,0
48,161,0
-163,-88,0
163,-94,0
80,-171,0
-176,12,0
136,-119,0
-64,161,0
-46,181,0
19,-178,0
95,-143,0
-31,-165,0
-141,91,0
118,-116,0
-151,112,0
149,-112,0
57,176,0
-138,123,0
-189,12,0
-150,108,0
118,148,0
-47,-172,0
-40,-179,0
-130,-132,0
105,-158,0
-33,176,0
-163,39,0
171,-42,0
165,49,0
-113,139,0
158,-103,0
164,89,0
-164,-55,0
170,75,0
-177,-18,0
128,-118,0
-124,128,0
70,154,0
-163,-86,0
121,144,0
64,-166,0
-2,172,0
-5,165,0
-170,-81,0
-180,-16,0
72,-150,0
151,74,0
44,176,0
-93,-155,0
-70,-173,0
175,33,0
-110,-152,0
-173,18,0
175,-39,0
-40,166,0
-107,-155,0
-178,49,0
-150,-103,0
-42,-160,0
36,168,0
168,46,0
50,170,0
143,-120,0
-61,-158,0
-183,-29,0
-22,188,0
-96,147,0
179,32,0
-150,-106,0
69,-156,0
-165,-59,0
125,116,0
-185,-18,0
-153,110,0
157,-74,0
89,-161,0
55,-163,0
104,155,0
74,-165,0
63,-153,0
90,-147,0
-166,-46,0
111,-138,0
125,122,0
174,26,0
-54,160,0
-122,125,0
167,75,0
53,-178,0
185,5,0
140,-96,0
108,-144,0
-170,4,0
-133,107,0
184,20,0
-71,176,0
43,-167,0
1,166,0
180,-51,0
-65,164,0
157,106,0
186,14,0
-171,-38,0
32,-167,0
139,-99,0
-99,-146,0
187,-16,0
157,-70,0
-154,87,0
-158,87,0
-164,-35,0
105,155,0
43,-177,0
-14,-172,0
47,182,0
-21,-176,0
44,164,0
123,125,0
-189,-12,0
171,-81,0
-112,-139,0
182,46,0
105,-157,0
-171,-26,0
167,-4,0
20,-179,0
-173,51,0
-150,76,0
16,-185,0
168,62,0
-71,-169,0
-58,169,0
-174,45,0
41,-171,0
-107,129,0
157,-71,0
-20,-167,0
160,50,0
-160,-54,0
-10,-166,0
89,140,0
152,72,0
-48,-163,0
-139,-118,0
17,177,0
-157,-97,0
-188,3,0
49,-174,0
-27,-179,0
159,69,0
158,102,0
-98,150,0
150,92,0
-79,155,0
-58,-167,0
-120,-121,0
23,-173,0
10,-170,0
-81,145,0
-60,173,0
-5,-187,0
124,-111,0
-163,67,0
-118,135,0
-151,-100,0
-93,-143,0
-140,-101,0
143,117,0
-145,-95,0
180,19,0
-182,33,0
-173,-20,0
62,-153,0
-150,87,0
179,33,0
-94,164,0
-133,-127,0
-160,63,0
181,29,0
-137,-125,0
165,14,0
-14,169,0
173,55,0
167,66,0
-158,80,0
-140,-105,0
-120,130,0
87,146,0
23,-164,0
60,177,0
172,67,0
-168,43,0
-143,-97,0
43,178,0
-161,-68,0
104,150,0
-167,-19,0
153,-107,0
60,170,0
189,-12,0
121,-121,0
-55,-158,0
109,135,0
-48,-179,0
-190,0,0
-69,172,0
162,44,0
-126,-128,0
-121,145,0
-30,-166,0
76,-153,0
34,174,0
-167,-27,0
-173,-45,0
80,-158,0
163,-70,0
-100,157,0
19,-178,0
-162,56,0
149,95,0
179,-58,0
-160,95,0
-48,-161,0
