-34,26,1
-33,-4,1
-12,-32,1
29,-12,1
-26,-18,1
-20,-30,1
-37,28,1
-11,-24,1
14,39,1
2,-44,1
39,7,1
-2,-28,1
-25,-37,1
-30,15,1
-29,-18,1
-22,25,1
-30,17,1
-17,47,1
23,-28,1
40,16,1
28,14,1
-7,37,1
23,-20,1
28,-34,1
26,28,1
-1,-25,1
30,-9,1
18,35,1
-11,31,1
-25,23,1
45,14,1
21,29,1
13,33,1
16,-46,1
-34,-7,1
14,-48,1
42,-15,1
10,31,1
18,-28,1
1,-49,1
37,0,1
38,2,1
-10,31,1
-28,36,1
41,-28,1
-11,-39,1
38,24,1
-25,-6,1
-7,-24,1
24,9,1
-34,-13,1
-45,-19,1
-32,-2,1
39,-28,1
46,-6,1
-35,0,1
12,-42,1
-24,33,1
-14,-34,1
43,-11,1
24,-39,1
-6,-34,1
-31,18,1
-19,36,1
-28,-28,1
6,32,1
43,21,1
-27,-20,1
-45,14,1
35,7,1
22,-42,1
8,36,1
45,5,1
40,-19,1
8,25,1
-37,8,1
9,46,1
8,38,1
26,-10,1
5,41,1
-15,-38,1
-6,38,1
34,-12,1
43,25,1
28,1,1
-37,10,1
28,-25,1
7,33,1
-49,-8,1
15,-32,1
6,49,1
-3,-33,1
17,23,1
-13,44,1
-37,11,1
-6,25,1
-46,11,1
-36,-10,1
-9,-35,1
18,28,1
11,30,1
35,18,1
1,34,1
-40,-7,1
-19,-36,1
13,32,1
-23,20,1
45,16,1
39,-29,1
-39,21,1
11,47,1
31,-10,1
-47,-3,1
-42,-9,1
-12,-32,1
-28,-37,1
36,-31,1
30,-19,1
-1,42,1
23,13,1
-22,-32,1
-15,36,1
32,17,1
17,-33,1
5,44,1
21,-35,1
-46,13,1
-14,21,1
17,-25,1
-16,43,1
38,-7,1
39,-21,1
-18,-40,1
-21,-21,1
25,31,1
-9,-47,1
-27,-26,1
-40,-10,1
-21,-30,1
-42,-17,1
32,5,1
-1,48,1
-36,10,1
27,22,1
-22,-19,1
-13,44,1
26,-32,1
-34,24,1
-37,12,1
47,-5,1
38,15,1
-26,-7,1
-41,8,1
33,-12,1
43,-21,1
-7,35,1
-1,-47,1
-44,16,1
-2,36,1
48,-4,1
-6,-34,1
29,-10,1
30,30,1
-15,23,1
-25,-43,1
17,29,1
44,-12,1
-24,13,1
-26,35,1
36,-23,1
-10,33,1
11,-35,1
-19,-24,1
11,48,1
28,-28,1
18,-29,1
12,44,1
10,43,1
12,-46,1
-16,-42,1
21,-23,1
28,-29,1
-33,6,1
28,23,1
-25,4,1
42,-14,1
21,-25,1
31,-28,1
-11,45,1
31,17,1
39,29,1
-39,-15,1
-7,35,1
-26,-31,1
-17,-35,1
35,-34,1
46,-8,1
23,43,1
-31,-8,1
-30,6,1
-39,-21,1
-37,-5,1
39,16,1
-16,23,1
30,-34,1
-6,-36,1
41,-16,1
-29,-26,1
-40,13,1
40,4,1
-27,13,1
-22,-20,1
12,-46,1
39,0,1
23,15,1
22,-16,1
26,-10,1
25,-10,1
42,-7,1
-19,23,1
-24,-11,1
33,-20,1
25,18,1
-29,24,1
28,36,1
0,36,1
-17,-26,1
-46,-6,1
18,27,1
-17,21,1
48,0,1
22,-16,1
-40,30,1
14,-42,1
26,14,1
-47,-3,1
25,23,1
-34,-25,1
47,4,1
-48,1,1
12,-42,1
24,9,1
16,45,1
20,43,1
25,-42,1
-29,-28,1
-39,-10,1
-12,29,1
-8,27,1
-14,46,1
5,-43,1
-35,3,1
-34,9,1
-26,27,1
-19,-23,1
44,-20,1
22,23,1
-39,-15,1
24,17,1
-47,9,1
-1,36,1
-13,36,1
40,-27,1
38,-2,1
11,27,1
-23,20,1
-34,-27,1
-27,-15,1
10,27,1
37,32,1
19,29,1
-37,-1,1
21,-20,1
35,32,1
40,-22,1
-48,2,1
5,-47,1
-24,-18,1
-14,45,1
19,24,1
27,-9,1
39,-14,1
39,11,1
-44,4,1
47,-7,1
-28,25,1
-3,44,1
30,14,1
-11,-41,1
23,10,1
30,16,1
37,-7,1
3,31,1
20,39,1
-20,41,1
-24,-10,1
-18,23,1
-11,37,1
44,22,1
-30,6,1
-38,22,1
-42,7,1
14,-38,1
24,39,1
6,-42,1
27,-9,1
20,-22,1
2,29,1
-6,46,1
25,8,1
-36,-6,1
25,4,1
-5,39,1
-31,-30,1
-2,39,1
42,-27,1
44,6,1
23,-15,1
31,-13,1
-45,10,1
-21,-42,1
47,7,1
40,-15,1
29,-4,1
46,10,1
-8,-24,1
32,-27,1
-9,25,1
19,20,1
-10,-41,1
28,-21,1
-26,17,1
-36,-15,1
-22,-21,1
26,-27,1
30,-6,1
-34,23,1
42,16,1
27,-19,1
29,8,1
-41,3,1
-19,26,1
-7,38,1
-21,41,1
-21,42,1
-21,30,1
-9,47,1
1,33,1
-14,47,1
-36,-24,1
5,-26,1
-34,-31,1
12,24,1
-44,-10,1
39,-29,1
30,-35,1
-32,28,1
27,18,1
9,24,1
-41,-16,1
27,33,1
-33,-30,1
-35,11,1
30,-30,1
48,-4,1
35,20,1
-7,30,1
14,39,1
21,-26,1
12,42,1
-14,-35,1
-3,-38,1
12,-22,1
14,-46,1
-31,-20,1
11,-39,1
30,-17,1
32,28,1
-7,-33,1
-43,4,1
37,9,1
5,-46,1
-39,17,1
-1,33,1
-28,-7,1
-25,-13,1
-25,-12,1
8,-28,1
-42,3,1
-34,5,1
-40,16,1
44,4,1
-24,42,1
35,-30,1
-16,-29,1
7,-24,1
-23,42,1
10,-23,1
-28,19,1
41,-11,1
-31,17,1
-3,47,1
9,-27,1
-26,-16,1
28,15,1
-20,25,1
23,32,1
-36,-25,1
-21,-45,1
29,5,1
-35,23,1
-42,11,1
36,31,1
24,-27,1
0,-40,1
49,7,1
-7,41,1
44,-19,1
46,-17,1
23,38,1
25,5,1
-17,25,1
10,47,1
-35,18,1
37,29,1
-4,25,1
38,10,1
-18,24,1
22,-16,1
12,-33,1
-25,10,1
-31,20,1
8,29,1
-20,-22,1
-23,-23,1
7,30,1
5,-39,1
21,-20,1
-36,-29,1
42,20,1
-26,-20,1
-12,42,1
-46,-16,1
29,37,1
-44,-16,1
18,39,1
24,8,1
-2,-35,1
23,14,1
-20,-21,1
40,-5,1
8,-35,1
-34,-8,1
-47,-12,1
1,32,1
4,-47,1
-42,27,1
5,-40,1
-22,-43,1
35,28,1
21,16,1
-37,-22,1
13,37,1
1,37,1
14,-30,1
-48,9,1
-34,-7,1
25,-1,1
39,5,1
32,-18,1
47,9,1
3,33,1
-32,-28,1
20,29,1
1,-41,1
-2,28,1
9,36,1
-36,31,1
-16,34,1
11,-44,1
27,32,1
-25,43,1
24,38,1
45,-18,1
40,-13,1
39,1,1
8,-38,1
-26,32,1
-14,29,1
24,24,1
-12,31,1
22,-30,1
-10,-46,1
15,-24,1
-46,-11,1
-31,22,1
-24,-30,1
17,-42,1
44,-20,1
24,-14,1
59,159,0
-173,65,0
11,-165,0
-13,-168,0
-108,-156,0
145,119,0
-83,147,0
178,-62,0
56,175,0
-76,-173,0
93,-151,0
102,159,0
-143,110,0
-25,-183,0
-2,-174,0
-104,-159,0
-135,-130,0
-96,-148,0
140,-105,0
59,167,0
-162,-49,0
100,-136,0
29,-165,0
-58,-171,0
-145,107,0
158,105,0
94,154,0
-138,-105,0
159,-100,0
48,-159,0
153,64,0
115,127,0
-87,-149,0
-38,-170,0
-94,-160,0
172,-52,0
-164,69,0
-41,-174,0
-32,186,0
-166,-88,0
-54,-166,0
-175,58,0
129,-132,0
178,-13,0
-66,-168,0
-168,84,0
-164,88,0
-133,-100,0
160,-76,0
107,-138,0
-163,39,0
-168,1,0
166,46,0
146,108,0
-173,1,0
-178,-56,0
-156,68,0
16,-177,0
-170,44,0
108,153,0
-149,96,0
-86,-147,0
12,-189,0
-182,-40,0
115,-127,0
85,162,0
-87,-150,0
-170,-15,0
151,-69,0
-66,-167,0
-120,119,0
25,-188,0
-43,163,0
-17,187,0
-104,-132,0
160,81,0
122,-121,0
-137,-123,0
121,127,0
183,-22,0
-145,96,0
173,12,0
-141,95,0
-145,-96,0
-78,158,0
34,167,0
164,53,0
179,-12,0
179,-35,0
158,-76,0
-142,106,0
-60,157,0
-52,179,0
-12,-165,0
67,-151,0
-186,-18,0
-83,145,0
174,59,0
5,-165,0
176,32,0
-100,147,0
181,20,0
-97,141,0
169,80,0
184,-35,0
-147,-78,0
127,-137,0
162,88,0
11,176,0
-152,88,0
136,97,0
-50,-168,0
-131,134,0
-166,89,0
-17,-170,0
-146,85,0
-11,185,0
-141,91,0
-176,54,0
32,-167,0
-80,-171,0
23,-167,0
-42,169,0
182,-45,0
-152,90,0
-134,124,0
127,129,0
-56,158,0
-5,-176,0
-35,-184,0
94,139,0
-165,-36,0
178,40,0
69,150,0
-157,57,0
57,-172,0
-117,119,0
-88,-159,0
172,-46,0
-9,-170,0
170,-8,0
-20,-178,0
-165,-1,0
151,67,0
-136,-116,0
-168,2,0
167,39,0
-131,137,0
129,105,0
-99,157,0
172,-38,0
-1,189,0
-57,164,0
-71,-150,0
169,-2,0
35,-175,0
175,31,0
-60,-162,0
79,172,0
-54,168,0
1,-179,0
80,-147,0
-165,-47,0
84,150,0
-174,69,0
3,-165,0
134,105,0
-144,115,0
184,26,0
145,117,0
-139,102,0
181,33,0
-29,-169,0
-177,-14,0
-170,82,0
-181,-33,0
32,-177,0
-63,169,0
134,123,0
132,115,0
-171,-39,0
124,-113,0
-106,146,0
93,138,0
13,-180,0
178,-29,0
160,52,0
-157,59,0
-122,-137,0
116,130,0
-170,-42,0
-169,16,0
-128,-131,0
-58,160,0
39,-169,0
-131,-120,0
-169,65,0
-63,-167,0
70,152,0
-21,166,0
178,53,0
-154,85,0
72,157,0
-166,79,0
36,165,0
-134,-108,0
15,180,0
75,162,0
187,17,0
121,-139,0
-29,185,0
77,152,0
-104,146,0
177,-10,0
-118,-136,0
-178,-14,0
6,-174,0
183,29,0
165,18,0
39,174,0
-161,-98,0
142,125,0
187,-26,0
-164,-91,0
-155,-79,0
-129,-110,0
-176,43,0
175,-50,0
-189,-13,0
2,-188,0
-175,-71,0
-97,-134,0
123,-123,0
-117,128,0
44,164,0
-184,-38,0
11,173,0
-173,51,0
177,60,0
-151,67,0
22,176,0
-139,-108,0
-74,-159,0
87,-165,0
-171,60,0
-95,143,0
-130,-133,0
-181,-5,0
-63,175,0
-137,-98,0
-60,-169,0
175,-24,0
177,54,0
-127,-118,0
89,159,0
-154,-93,0
47,174,0
-141,127,0
-170,11,0
32,183,0
-84,-147,0
-178,-60,0
-148,114,0
179,10,0
-145,101,0
165,-30,0
-165,-40,0
-187,21,0
-146,-116,0
107,-128,0
150,-86,0
170,54,0
-52,-179,0
-39,-168,0
-164,-25,0
19,-187,0
189,7,0
-114,-127,0
175,-33,0
-140,122,0
-179,23,0
177,31,0
140,-94,0
-6,173,0
-180,47,0
-51,157,0
169,-66,0
-180,-58,0
70,-162,0
-147,-75,0
-125,119,0
132,106,0
-128,-132,0
-189,17,0
39,165,0
-177,-50,0
140,104,0
-88,163,0
-54,165,0
141,-91,0
83,146,0
184,12,0
-185,-34,0
-32,166,0
-181,31,0
-64,-163,0
-156,60,0
-150,88,0
-169,78,0
165,80,0
-51,-157,0
148,-82,0
49,172,0
42,-177,0
156,88,0
115,120,0
181,-10,0
-24,183,0
-15,172,0
38,-185,0
170,5,0
83,-148,0
77,-147,0
-177,63,0
181,1,0
179,-23,0
-10,174,0
101,150,0
-78,171,0
148,-86,0
151,105,0
-26,-169,0
-78,-154,0
172,50,0
110,-153,0
119,-136,0
93,163,0
-78,146,0
-152,93,0
163,-27,0
-123,-139,0
146,93,0
91,-154,0
-162,-56,0
-68,157,0
36,171,0
-105,-135,0
166,-24,0
36,-171,0
-149,-113,0
174,71,0
170,-75,0
185,-22,0
-29,169,0
-159,77,0
175,-25,0
179,-46,0
-37,166,0
140,-119,0
61,-173,0
-61,-173,0
-115,-140,0
1,179,0
-51,179,0
176,15,0
8,168,0
118,-147,0
-158,91,0
143,96,0
179,-20,0
140,-124,0
-118,123,0
188,-10,0
-144,-101,0
-137,-114,0
-169,-13,0
-139,-110,0
-86,-151,0
112,-138,0
-53,170,0
-184,-17,0
155,-107,0
-162,-46,0
-97,-150,0
-169,-74,0
167,-17,0
37,166,0
166,28,0
-67,157,0
185,-10,0
-167,7,0
173,60,0
-79,164,0
165,-83,0
-186,-4,0
174,76,0
-144,120,0
127,-127,0
-169,-79,0
-74,-151,0
-161,52,0
-81,170,0
-177,-28,0
-160,57,0
-150,-110,0
-163,-35,0
167,3,0
-183,-6,0
-56,168,0
184,-35,0
-62,-167,0
184,-46,0
-151,112,0
166,-61,0
187,27,0
147,92,0
-103,153,0
-82,162,0
-52,174,0
-157,-73,0
-142,-101,0
-66,160,0
159,103,0
51,171,0
-68,-158,0
108,151,0
-24,170,0
-153,80,0
149,76,0
149,-98,0
-177,-62,0
167,-30,0
4,-166,0
-155,-66,0
-121,125,0
170,-44,0
65,156,0
175,23,0
-162,-70,0
-104,133,0
34,162,0
78,158,0
-139,128,0
-160,-44,0
176,9,0
168,16,0
-171,-58,0
21,-186,0
-143,-102,0
-156,-107,0
-167,-57,0
133,-126,0
40,163,0
157,-57,0
-145,-85,0
156,65,0
-155,85,0
-5,-188,0
-157,93,0
45,-168,0
149,-103,0
-187,14,0
168,-27,0
0,168,0
159,71,0
-7,-167,0
7,-182,0
31,181,0
-165,-87,0
148,-105,0
-149,97,0
68,165,0
177,58,0
-133,-101,0
-177,-61,0
3,-168,0
148,79,0
-170,-46,0
67,168,0
-186,-37,0
-61,169,0
174,57,0
19,174,0
157,-101,0
-165,-11,0
115,124,0
185,39,0
168,41,0
168,-50,0
-167,-75,0
161,78,0
-161,-73,0
-123,142,0
-118,-128,0
-104,140,0
-77,-152,0
-160,-84,0
174,44,0
133,-119,0
158,-81,0
