-44,16,1
-43,-10,1
-33,13,1
-47,-1,1
-19,-28,1
-17,23,1
-22,-25,1
29,-20,1
27,31,1
3,30,1
-9,26,1
-8,30,1
19,-36,1
-9,-38,1
-23,-26,1
26,38,1
46,-5,1
-22,-24,1
19,24,1
-13,46,1
-38,-9,1
39,3,1
-21,-32,1
-2,-28,1
-3,-42,1
-39,16,1
-31,25,1
-40,-14,1
19,36,1
38,21,1
3,-28,1
-44,-17,1
45,13,1
4,-40,1
6,36,1
4,34,1
43,-19,1
-23,36,1
-40,-25,1
-21,38,1
46,0,1
-12,40,1
5,35,1
-7,-27,1
-35,-28,1
24,37,1
-43,-19,1
-31,16,1
-36,-2,1
-19,-22,1
-38,-17,1
-25,18,1
2,-39,1
-19,23,1
-7,44,1
-28,-18,1
27,-21,1
42,-5,1
-23,-38,1
40,11,1
16,-27,1
27,27,1
-14,-47,1
-32,25,1
-33,-17,1
42,1,1
35,26,1
49,0,1
6,36,1
-28,40,1
-36,-9,1
-27,29,1
-37,11,1
-23,14,1
25,-2,1
-18,-30,1
-15,-26,1
31,18,1
18,-22,1
-4,-47,1
-48,10,1
-11,44,1
-12,28,1
-27,-16,1
-9,-39,1
14,27,1
9,49,1
-14,-43,1
-39,9,1
34,-6,1
-32,-12,1
41,-7,1
29,-35,1
-37,-13,1
32,-26,1
17,28,1
-24,26,1
-16,35,1
-40,-9,1
-13,45,1
2,-42,1
-22,-41,1
23,44,1
-5,-33,1
14,40,1
-29,18,1
-19,39,1
16,30,1
-47,-16,1
-23,28,1
-17,32,1
-9,-38,1
5,35,1
-38,-20,1
-34,36,1
-45,-12,1
-9,33,1
36,-3,1
-6,-29,1
-15,45,1
47,-16,1
39,-23,1
-37,19,1
39,23,1
-23,-22,1
2,32,1
-2,-46,1
19,35,1
35,-4,1
40,26,1
8,28,1
31,-6,1
-35,-17,1
19,-24,1
-40,12,1
37,-13,1
-33,1,1
-36,10,1
4,36,1
-22,26,1
-33,-36,1
8,-28,1
-34,-30,1
32,27,1
-24,7,1
-29,7,1
25,-25,1
23,-38,1
31,7,1
-19,18,1
33,-16,1
-27,-25,1
26,-10,1
-36,22,1
27,39,1
-34,-7,1
-18,42,1
-43,0,1
9,-33,1
-6,30,1
-10,41,1
-23,-24,1
16,-44,1
-38,-5,1
46,-15,1
5,38,1
42,-19,1
35,-5,1
6,45,1
47,-17,1
24,-42,1
30,8,1
10,-39,1
-3,-37,1
-28,-41,1
-14,-43,1
10,-33,1
35,0,1
-22,-12,1
25,-28,1
-42,8,1
18,22,1
-4,-31,1
-20,-15,1
-43,-16,1
-17,34,1
-12,41,1
38,-12,1
-12,-28,1
26,15,1
34,19,1
29,35,1
34,-31,1
34,25,1
37,6,1
-2,-29,1
-18,-31,1
36,-13,1
-25,38,1
-19,-29,1
-41,10,1
-8,39,1
-12,26,1
33,-27,1
-14,26,1
34,-25,1
-19,-45,1
-12,31,1
30,38,1
45,7,1
-3,34,1
38,-13,1
39,13,1
-10,-26,1
23,35,1
-6,-45,1
29,-16,1
-36,32,1
-20,-35,1
-18,28,1
-46,-16,1
-33,-22,1
-5,41,1
31,-20,1
-26,39,1
35,30,1
12,24,1
-9,28,1
-44,18,1
-11,-47,1
19,29,1
-33,-18,1
25,17,1
26,6,1
43,23,1
46,19,1
11,47,1
-2,38,1
21,37,1
-44,3,1
15,46,1
-24,14,1
29,-30,1
-22,-15,1
36,12,1
-4,-27,1
34,-32,1
48,2,1
16,26,1
29,-27,1
-20,-21,1
-5,38,1
-30,17,1
-31,-12,1
-25,19,1
-29,-14,1
26,-25,1
40,20,1
1,-25,1
0,43,1
-1,-38,1
-26,41,1
-24,-18,1
-38,-4,1
43,-17,1
-21,-25,1
-36,-10,1
31,-11,1
-44,18,1
23,-30,1
38,5,1
39,-2,1
-2,47,1
-3,43,1
36,18,1
-13,-35,1
21,-17,1
-1,48,1
25,-5,1
-11,-43,1
3,45,1
10,39,1
40,22,1
37,-30,1
29,-16,1
42,1,1
20,-29,1
34,-33,1
-30,-38,1
-15,22,1
20,-34,1
-26,35,1
42,4,1
7,-45,1
25,-41,1
11,41,1
-10,31,1
-16,-21,1
-31,19,1
23,11,1
35,29,1
18,-30,1
-27,-12,1
-36,9,1
19,-18,1
28,-28,1
11,-32,1
-32,32,1
-21,-40,1
-44,20,1
9,-43,1
-46,-2,1
-39,-9,1
-49,4,1
-12,-48,1
39,11,1
27,-5,1
-20,-40,1
-31,-6,1
-19,23,1
-23,34,1
13,-33,1
-41,-13,1
33,-18,1
-23,36,1
45,7,1
28,39,1
-24,-41,1
35,27,1
45,-19,1
-5,36,1
-41,-15,1
20,21,1
-29,-11,1
39,13,1
3,-42,1
1,43,1
-25,26,1
-39,25,1
10,-38,1
-15,22,1
36,-13,1
-39,15,1
12,33,1
30,-22,1
14,34,1
35,18,1
22,42,1
-11,40,1
-11,33,1
49,-8,1
19,-26,1
31,-34,1
-28,29,1
20,41,1
11,36,1
-47,-5,1
-19,41,1
-7,44,1
35,-27,1
33,36,1
36,-33,1
7,28,1
20,-29,1
20,39,1
-26,-29,1
-4,-46,1
-1,32,1
11,35,1
-28,4,1
21,45,1
43,-4,1
10,-47,1
8,-44,1
31,-26,1
-19,42,1
27,15,1
-22,13,1
49,-1,1
29,-9,1
15,-38,1
8,28,1
35,15,1
9,43,1
3,-49,1
-29,-38,1
9,-27,1
-7,43,1
-12,47,1
-39,-7,1
21,-44,1
38,-10,1
-2,26,1
-45,6,1
17,26,1
4,-46,1
-22,-21,1
-42,-20,1
-39,18,1
10,46,1
-41,-2,1
7,27,1
-44,-3,1
-25,-6,1
-3,-26,1
41,-23,1
-1,-26,1
36,2,1
13,29,1
29,34,1
-40,-10,1
27,35,1
18,40,1
29,10,1
-8,-47,1
20,38,1
11,28,1
13,35,1
26,-9,1
-45,-12,1
-29,-15,1
-40,-12,1
14,43,1
-29,35,1
-27,-1,1
36,-29,1
-5,-37,1
-49,6,1
24,-32,1
36,15,1
-36,7,1
13,31,1
-22,-29,1
-48,3,1
18,28,1
-6,-33,1
-27,35,1
-8,30,1
34,-13,1
-25,-40,1
-19,-44,1
33,-23,1
-22,-23,1
-6,32,1
-40,16,1
29,-39,1
17,21,1
25,32,1
17,-24,1
25,-18,1
2,35,1
28,10,1
15,-35,1
-25,22,1
31,9,1
-32,-27,1
-35,-24,1
-16,-36,1
-1,30,1
16,38,1
15,30,1
-8,38,1
-40,-13,1
38,-3,1
13,33,1
-31,-25,1
-36,32,1
-12,34,1
-21,39,1
26,-20,1
-29,36,1
36,-17,1
-31,-3,1
3,40,1
1,37,1
17,-34,1
43,-19,1
-24,14,1
14,-30,1
-34,-15,1
26,-34,1
19,21,1
-39,29,1
-27,-20,1
16,-47,1
21,-25,1
-7,-42,1
-21,-21,1
26,-28,1
24,-29,1
-37,32,1
42,10,1
14,23,1
-36,-16,1
38,-16,1
-39,0,1
-7,37,1
15,-44,1
6,-36,1
39,19,1
4,168,0
-128,82,0
132,93,0
41,-160,0
-28,-147,0
158,44,0
-67,-144,0
-55,145,0
-106,-132,0
-165,-37,0
-101,-113,0
27,-167,0
149,80,0
-6,-169,0
-30,-147,0
-76,152,0
-146,-45,0
18,-155,0
132,87,0
13,-148,0
111,-101,0
156,-33,0
-102,-123,0
-151,-35,0
81,-123,0
69,151,0
100,-108,0
-140,-84,0
-136,-80,0
-144,85,0
-21,-148,0
136,74,0
163,4,0
-162,32,0
-51,-155,0
-134,85,0
69,131,0
135,69,0
64,-138,0
-90,119,0
-161,10,0
152,39,0
-94,136,0
-18,144,0
-108,111,0
144,30,0
138,85,0
141,92,0
-102,129,0
91,-138,0
-57,-153,0
-145,75,0
144,33,0
-24,149,0
-90,139,0
-153,4,0
-112,114,0
132,-101,0
111,-94,0
89,-144,0
-169,12,0
157,-49,0
142,64,0
-94,131,0
-4,-154,0
140,-49,0
168,-24,0
93,-129,0
-129,-85,0
146,-20,0
93,139,0
57,-139,0
96,120,0
-148,71,0
-58,-137,0
156,4,0
-14,148,0
-40,-153,0
86,-123,0
-97,136,0
-46,-152,0
158,55,0
-86,122,0
24,-157,0
-156,-44,0
166,2,0
137,48,0
159,-45,0
-123,108,0
-146,23,0
-88,-117,0
-79,123,0
-106,125,0
154,-68,0
126,110,0
102,-108,0
46,148,0
89,-143,0
-16,-147,0
62,144,0
63,-151,0
9,-149,0
-52,151,0
145,78,0
-155,2,0
63,-154,0
-118,95,0
-138,53,0
152,-61,0
-127,-105,0
118,-119,0
-147,3,0
153,-5,0
-42,-142,0
110,-95,0
143,-88,0
-108,108,0
-87,137,0
-57,154,0
-44,-143,0
27,154,0
71,-142,0
-150,-3,0
158,42,0
53,-143,0
77,-139,0
-166,-35,0
-60,-142,0
-114,99,0
78,-128,0
-145,86,0
152,69,0
-140,61,0
-147,-70,0
159,-58,0
123,-107,0
-156,-22,0
80,-129,0
152,-61,0
-59,-145,0
-123,110,0
-106,-107,0
-27,148,0
164,4,0
159,-60,0
-156,20,0
164,-3,0
-111,126,0
120,108,0
39,153,0
144,-54,0
75,-130,0
-111,102,0
95,-121,0
163,-30,0
66,151,0
-13,-160,0
-148,-9,0
116,-98,0
-129,-92,0
89,129,0
169,-15,0
-91,123,0
-152,-28,0
-29,-147,0
122,89,0
-128,-95,0
-159,17,0
-145,-31,0
1,-164,0
90,-120,0
-87,-130,0
-137,95,0
57,159,0
2,-152,0
129,-109,0
-42,151,0
-149,-33,0
110,105,0
149,-74,0
-14,-167,0
114,107,0
50,145,0
148,33,0
134,-97,0
-161,15,0
-113,111,0
0,-160,0
68,133,0
-13,-157,0
-133,104,0
159,36,0
-15,-157,0
-56,143,0
-150,62,0
145,0,0
-158,-6,0
-82,-142,0
125,-85,0
-83,124,0
44,-161,0
-129,106,0
-50,-140,0
-35,-160,0
102,-123,0
82,-130,0
64,136,0
-120,-115,0
44,-156,0
-9,-154,0
-148,82,0
-131,-82,0
30,151,0
88,-133,0
-80,-134,0
-33,158,0
155,10,0
-146,-9,0
-43,141,0
-164,-7,0
83,128,0
148,-15,0
54,-158,0
143,-42,0
-22,156,0
155,5,0
15,145,0
19,-157,0
-140,64,0
103,111,0
-31,-165,0
-137,-97,0
130,83,0
102,-126,0
-131,72,0
143,68,0
-43,-142,0
43,-139,0
137,-70,0
-27,-157,0
51,158,0
115,103,0
-155,-8,0
130,-69,0
101,-108,0
22,165,0
-99,-106,0
48,140,0
-19,-163,0
-152,-12,0
66,-149,0
-122,-102,0
-13,-166,0
-11,162,0
-102,106,0
-118,109,0
118,110,0
-125,-114,0
46,158,0
153,68,0
120,114,0
-68,-149,0
-68,142,0
28,-158,0
93,-132,0
32,-154,0
-99,129,0
16,-149,0
76,133,0
-117,96,0
-73,139,0
50,-146,0
-125,-86,0
-86,-118,0
144,70,0
-85,-142,0
153,63,0
137,80,0
-69,-128,0
-168,-8,0
116,-119,0
127,-112,0
-29,161,0
88,-131,0
42,-162,0
56,138,0
-149,-36,0
-124,-87,0
101,-128,0
98,130,0
-133,84,0
-24,156,0
-16,-148,0
144,-59,0
-147,20,0
-104,117,0
49,-161,0
60,141,0
-158,27,0
-31,-156,0
122,93,0
136,74,0
167,-12,0
-42,144,0
-92,-131,0
167,-23,0
163,-32,0
-59,-142,0
-31,142,0
-144,49,0
135,-58,0
119,113,0
112,93,0
138,48,0
109,-114,0
-44,152,0
17,-159,0
22,-168,0
153,58,0
128,-103,0
55,154,0
18,159,0
-73,-130,0
159,45,0
-87,-117,0
141,-53,0
-123,-99,0
-23,164,0
153,-14,0
-92,-140,0
-131,-84,0
-26,164,0
-12,-169,0
-24,-146,0
-160,40,0
7,-167,0
17,155,0
-147,-77,0
-64,138,0
-10,155,0
-70,-154,0
-110,-129,0
151,-42,0
108,118,0
-116,-109,0
64,140,0
156,34,0
20,-146,0
-93,-122,0
-5,-158,0
121,-109,0
-55,-147,0
123,93,0
-165,-5,0
-164,21,0
-163,-31,0
37,154,0
-114,95,0
-147,64,0
157,57,0
125,-83,0
141,-55,0
-17,-165,0
-49,159,0
-82,138,0
-53,138,0
-90,119,0
-65,137,0
166,32,0
117,-123,0
31,145,0
-116,93,0
13,160,0
153,60,0
-107,-117,0
-82,130,0
129,97,0
145,30,0
77,137,0
-150,21,0
133,83,0
80,-144,0
-110,-103,0
-165,2,0
84,-125,0
-88,-133,0
155,-63,0
-17,147,0
-146,-81,0
105,129,0
156,16,0
-14,156,0
142,65,0
120,82,0
36,156,0
138,76,0
158,11,0
-103,111,0
30,-166,0
32,-152,0
-148,45,0
-136,-56,0
-80,-147,0
53,-160,0
-130,-100,0
35,-165,0
-143,50,0
-106,108,0
-28,164,0
-72,139,0
-113,127,0
-114,-99,0
-80,142,0
-121,119,0
-43,157,0
-37,-164,0
132,-94,0
99,115,0
-96,132,0
-34,-160,0
-162,-35,0
142,91,0
150,10,0
-145,6,0
-56,-150,0
60,-135,0
-162,24,0
-86,133,0
-1,160,0
57,-153,0
-160,-37,0
113,-114,0
92,120,0
145,-53,0
-25,-167,0
-103,-117,0
138,-52,0
144,54,0
-45,141,0
117,110,0
110,-121,0
142,-78,0
-14,167,0
89,125,0
119,-88,0
-158,57,0
-33,-153,0
-18,-168,0
156,-2,0
-123,-92,0
39,143,0
87,-124,0
139,-84,0
112,105,0
145,-45,0
-100,112,0
148,15,0
166,6,0
9,163,0
149,-59,0
152,68,0
-31,156,0
8,169,0
-12,163,0
140,-48,0
-33,150,0
-29,-152,0
-56,150,0
-150,-46,0
-93,117,0
-109,-120,0
155,-34,0
75,127,0
-69,-144,0
108,130,0
-148,3,0
136,92,0
30,-162,0
-52,138,0
-131,-64,0
70,131,0
-81,-144,0
-74,-128,0
136,92,0
-62,-144,0
-22,-158,0
-135,91,0
59,141,0
-65,140,0
-110,110,0
62,143,0
-59,-152,0
-122,106,0
-157,-44,0
-105,-125,0
76,131,0
159,23,0
125,114,0
74,-130,0
-89,-125,0
