-18,41,1
22,27,1
-23,-36,1
-37,6,1
-17,34,1
-9,39,1
40,4,1
-36,20,1
28,-16,1
28,21,1
-40,17,1
33,19,1
-48,1,1
28,4,1
-24,-33,1
-5,42,1
-31,-4,1
-36,22,1
14,31,1
21,-45,1
-27,32,1
-23,-35,1
-42,27,1
-13,48,1
13,-39,1
8,-47,1
-29,12,1
23,-32,1
4,-28,1
-15,35,1
-26,1,1
-3,-49,1
-4,34,1
-27,24,1
30,3,1
-22,39,1
-10,25,1
-47,6,1
-36,-9,1
-32,15,1
24,33,1
-29,33,1
-36,17,1
-27,39,1
-13,-32,1
-26,42,1
-2,-32,1
21,40,1
31,-12,1
32,-4,1
24,-22,1
34,-23,1
33,34,1
23,-27,1
-38,-4,1
-44,-22,1
26,-41,1
35,34,1
-42,-22,1
-5,-43,1
-27,-1,1
-9,-24,1
-29,-3,1
-42,-16,1
5,27,1
-13,48,1
18,22,1
-30,-32,1
-24,34,1
-29,36,1
-7,-45,1
22,40,1
-19,-29,1
15,-43,1
39,-15,1
-18,20,1
-32,-22,1
31,20,1
-42,-18,1
-45,5,1
-35,22,1
33,19,1
-24,16,1
-32,12,1
46,4,1
12,34,1
-44,1,1
-34,11,1
7,41,1
43,-22,1
-45,10,1
-19,40,1
31,-14,1
35,30,1
46,13,1
-3,31,1
-28,-39,1
-10,-23,1
46,-15,1
48,14,1
-4,33,1
15,-25,1
-21,-21,1
41,22,1
-45,11,1
26,-37,1
7,40,1
36,25,1
29,18,1
3,49,1
11,-38,1
-39,-31,1
-47,-17,1
18,43,1
26,7,1
-36,18,1
29,-34,1
22,35,1
17,24,1
-38,-8,1
-28,38,1
13,-42,1
29,-6,1
23,24,1
-6,-34,1
-16,38,1
10,-42,1
-30,-13,1
-43,-2,1
46,-5,1
-33,36,1
-28,24,1
-28,40,1
-19,36,1
45,-19,1
9,-26,1
-10,47,1
34,-32,1
22,42,1
-30,19,1
-47,2,1
40,-1,1
-26,-19,1
-41,1,1
36,11,1
27,4,1
-47,13,1
-23,-34,1
23,33,1
-40,-20,1
-23,-30,1
47,-8,1
11,-33,1
0,-47,1
-25,33,1
-40,5,1
45,-4,1
49,4,1
3,-36,1
-40,-6,1
-11,-39,1
-9,38,1
-48,7,1
-43,-19,1
-43,-6,1
-42,26,1
36,29,1
-43,-2,1
-30,22,1
-37,-29,1
-25,36,1
31,2,1
17,-35,1
-22,35,1
-8,-32,1
14,-22,1
-3,26,1
-32,-9,1
-1,25,1
-21,-24,1
31,-31,1
-35,35,1
-22,19,1
16,46,1
-4,28,1
9,-48,1
-2,-25,1
11,32,1
40,22,1
-28,13,1
9,-46,1
-45,-12,1
-14,40,1
-40,-14,1
-28,36,1
-28,-38,1
-37,-25,1
28,12,1
25,-25,1
-23,-24,1
42,-10,1
25,-41,1
40,10,1
-6,-49,1
10,44,1
16,42,1
-49,8,1
20,-30,1
22,36,1
-28,-18,1
25,34,1
-36,23,1
-11,45,1
42,27,1
5,-33,1
4,-34,1
29,-4,1
-27,14,1
-9,-43,1
-10,-25,1
-30,-30,1
23,44,1
23,-14,1
1,-34,1
-26,-11,1
-33,2,1
-38,-28,1
-36,16,1
34,-29,1
27,-1,1
37,30,1
-9,-25,1
42,11,1
-38,-24,1
-41,22,1
-11,-36,1
26,3,1
48,7,1
10,26,1
-24,9,1
-18,43,1
34,-28,1
43,2,1
-38,17,1
25,-33,1
41,-13,1
34,6,1
-49,-4,1
-28,-8,1
33,22,1
6,46,1
32,-1,1
-48,-11,1
-30,3,1
46,-6,1
25,-20,1
33,-9,1
25,28,1
43,-10,1
-25,8,1
23,32,1
24,-31,1
18,-41,1
40,-2,1
24,-21,1
-17,43,1
15,-37,1
13,33,1
26,-26,1
5,39,1
24,-28,1
19,29,1
7,-24,1
-39,-20,1
-31,-27,1
-23,39,1
26,-8,1
29,-3,1
-26,-2,1
1,-48,1
8,-38,1
19,32,1
-16,-46,1
34,-27,1
-10,46,1
9,35,1
11,39,1
25,7,1
25,43,1
-24,-43,1
-3,46,1
-11,-41,1
-7,-24,1
23,42,1
4,44,1
21,-18,1
-11,-45,1
-12,-30,1
16,47,1
40,-7,1
-6,-26,1
1,47,1
-43,-23,1
-26,-9,1
-35,35,1
-19,-21,1
15,40,1
32,21,1
-21,-37,1
18,34,1
-23,35,1
-40,4,1
30,-35,1
-2,-49,1
-44,-14,1
-24,-39,1
-22,-40,1
-26,-9,1
38,-14,1
-42,24,1
38,-10,1
-13,-32,1
-31,-36,1
-7,31,1
32,-12,1
34,20,1
24,28,1
31,-31,1
31,27,1
-32,25,1
32,24,1
11,33,1
48,0,1
-1,-47,1
-18,25,1
-49,8,1
-13,-30,1
31,34,1
-34,-19,1
32,11,1
-36,17,1
23,29,1
-4,32,1
-32,-7,1
-26,41,1
-1,47,1
-12,48,1
35,-32,1
45,20,1
22,43,1
29,11,1
-37,31,1
13,-24,1
-12,-44,1
34,-9,1
16,-31,1
6,35,1
-27,20,1
9,-38,1
39,0,1
41,-6,1
-35,-7,1
14,-38,1
8,40,1
-10,46,1
-3,40,1
-15,27,1
-19,-17,1
36,-9,1
-2,-28,1
-8,-27,1
-17,-46,1
18,19,1
15,-26,1
-21,41,1
-22,20,1
-24,8,1
33,8,1
-13,26,1
-11,-28,1
-36,-24,1
-45,-11,1
-40,16,1
-46,17,1
37,25,1
-37,-24,1
-39,-19,1
28,24,1
-29,-10,1
-33,9,1
36,34,1
9,-47,1
-37,-29,1
-29,8,1
10,34,1
-13,-27,1
21,-33,1
-19,40,1
36,7,1
23,27,1
-9,-48,1
-6,33,1
-42,-22,1
19,-32,1
-41,-13,1
4,-40,1
-14,-32,1
-39,16,1
-21,-41,1
-2,-48,1
-17,34,1
21,16,1
25,-1,1
-6,-26,1
-21,38,1
3,26,1
-27,12,1
3,47,1
-31,20,1
19,-25,1
-7,-24,1
-4,43,1
18,-42,1
4,-26,1
-8,36,1
-30,-19,1
-29,33,1
-18,41,1
49,-8,1
5,25,1
-26,41,1
12,-25,1
39,3,1
25,0,1
-15,-39,1
-8,-40,1
-10,-28,1
46,12,1
19,44,1
-47,2,1
-45,12,1
36,-5,1
-10,-29,1
-44,15,1
35,6,1
-32,-25,1
25,31,1
-41,1,1
26,-36,1
25,-40,1
6,41,1
29,-6,1
-37,-2,1
28,31,1
-27,18,1
-16,-36,1
-8,30,1
-1,-36,1
-24,-10,1
44,-14,1
-39,26,1
20,33,1
31,-24,1
-28,24,1
-12,-42,1
-25,-37,1
-31,-5,1
-44,9,1
40,21,1
25,-39,1
-31,-18,1
-28,-16,1
-10,-30,1
-35,31,1
42,1,1
-5,-27,1
-31,-27,1
-25,28,1
-31,-31,1
15,-27,1
-41,13,1
-40,-2,1
-35,31,1
-17,-47,1
33,9,1
-11,48,1
26,7,1
20,-21,1
7,34,1
-24,-14,1
-26,36,1
-31,38,1
-27,-16,1
29,39,1
22,-14,1
49,-1,1
26,-2,1
-23,-37,1
-40,-20,1
28,40,1
110,120,0
-37,-163,0
-58,-133,0
-53,156,0
-60,-137,0
36,145,0
-127,-93,0
142,-60,0
24,-154,0
36,163,0
114,91,0
115,99,0
-11,151,0
-15,151,0
67,-133,0
-145,-31,0
125,-92,0
8,-159,0
-159,44,0
-140,74,0
54,153,0
130,-67,0
129,87,0
-18,-148,0
-66,-153,0
-129,73,0
58,151,0
-142,-75,0
-141,-61,0
-165,36,0
108,-111,0
-43,-147,0
92,-126,0
-6,-169,0
-63,-145,0
165,-3,0
-73,-147,0
-74,-147,0
18,167,0
48,-154,0
109,-128,0
125,92,0
-144,49,0
-113,-107,0
153,-65,0
15,-164,0
-156,67,0
-4,-160,0
-112,107,0
84,-131,0
-114,-105,0
147,0,0
118,-118,0
153,-69,0
94,114,0
116,113,0
-100,-117,0
158,-6,0
-152,23,0
144,48,0
50,140,0
45,153,0
-34,150,0
130,-77,0
87,127,0
-6,-157,0
87,-126,0
78,134,0
-78,-148,0
-13,161,0
-166,12,0
-100,-127,0
-79,-147,0
147,72,0
-139,-57,0
-38,154,0
167,24,0
-74,-142,0
-117,115,0
-147,45,0
106,-115,0
159,13,0
-167,13,0
166,-27,0
-102,-129,0
56,-136,0
-87,-140,0
119,-94,0
-23,-149,0
75,-138,0
24,159,0
-92,133,0
-152,-3,0
-61,-139,0
-143,73,0
73,-141,0
144,-73,0
-164,25,0
111,-110,0
-95,-128,0
69,-145,0
-154,-26,0
-72,-126,0
-117,-112,0
-98,-126,0
144,-36,0
-146,-73,0
-119,-86,0
82,122,0
-94,134,0
-12,-146,0
-130,77,0
-163,4,0
-136,-99,0
-15,-147,0
-88,133,0
28,-167,0
-87,-124,0
49,-147,0
79,-140,0
23,-146,0
144,65,0
140,40,0
129,70,0
9,-163,0
-99,135,0
77,145,0
-144,36,0
157,-44,0
-10,-168,0
-44,140,0
-121,114,0
34,-153,0
160,-57,0
-144,-54,0
-120,101,0
155,-33,0
28,158,0
-91,114,0
37,-162,0
150,-11,0
-165,32,0
140,-95,0
152,-70,0
114,118,0
144,-42,0
-62,-137,0
-87,-145,0
-130,-71,0
-14,165,0
-148,14,0
76,-142,0
-35,-154,0
83,139,0
-101,-134,0
76,-140,0
-129,-95,0
108,126,0
-121,82,0
115,-107,0
28,-160,0
35,-158,0
140,-81,0
6,153,0
59,-143,0
-129,-79,0
157,-43,0
-138,60,0
-154,10,0
-74,-135,0
-34,156,0
158,-37,0
52,147,0
-123,-102,0
-43,153,0
73,153,0
-141,-65,0
45,-159,0
-107,-129,0
153,-70,0
169,14,0
-143,61,0
-99,135,0
153,-45,0
-60,-134,0
39,-164,0
163,-48,0
-155,-42,0
154,46,0
148,83,0
-52,-138,0
-97,125,0
-128,84,0
-72,-152,0
-54,-150,0
-123,-86,0
134,-96,0
147,-32,0
28,167,0
108,-114,0
145,18,0
-126,-82,0
145,84,0
121,90,0
-160,-46,0
114,-98,0
143,-62,0
100,-130,0
127,106,0
-111,96,0
-39,152,0
139,-83,0
23,-164,0
106,-109,0
128,110,0
-4,-162,0
152,2,0
88,-117,0
-106,109,0
-151,-22,0
163,32,0
45,162,0
-7,167,0
-143,87,0
150,33,0
-106,129,0
-151,-49,0
86,-142,0
-32,155,0
155,16,0
112,-106,0
150,55,0
-81,134,0
-103,-103,0
-137,56,0
-147,45,0
45,143,0
-74,136,0
-85,125,0
6,-147,0
10,-168,0
-111,-102,0
15,151,0
-133,100,0
-114,-94,0
-132,-87,0
108,105,0
-56,137,0
59,-152,0
-157,22,0
-19,-151,0
73,131,0
131,85,0
-144,-83,0
28,-165,0
140,39,0
167,12,0
154,63,0
104,-113,0
145,29,0
131,-81,0
-158,-28,0
-160,3,0
-114,-97,0
-165,-36,0
-61,156,0
1,-168,0
-137,-60,0
146,-79,0
60,155,0
65,-151,0
-126,87,0
-29,-167,0
106,-109,0
94,132,0
-137,93,0
-142,31,0
128,73,0
95,-126,0
-51,144,0
-156,-57,0
-86,-136,0
141,53,0
-158,60,0
78,135,0
24,-162,0
97,-124,0
89,-128,0
160,10,0
142,86,0
-33,-145,0
4,157,0
70,142,0
93,-141,0
157,1,0
62,141,0
-125,-82,0
-97,133,0
-125,-91,0
-126,-103,0
160,-51,0
34,149,0
-110,108,0
-159,-20,0
0,-162,0
-117,-111,0
151,56,0
144,53,0
-35,166,0
59,-159,0
-115,-103,0
50,157,0
-6,154,0
-130,100,0
57,-154,0
133,94,0
-149,-17,0
-2,-147,0
90,-114,0
119,-117,0
-137,-88,0
-158,5,0
-62,150,0
132,71,0
-149,-21,0
155,58,0
126,-81,0
-23,-152,0
127,86,0
-109,109,0
-33,158,0
-33,164,0
131,-94,0
31,156,0
-163,24,0
-41,-163,0
147,-8,0
114,114,0
153,-34,0
74,-145,0
-127,-81,0
-16,158,0
144,-80,0
-45,-160,0
137,90,0
111,116,0
160,44,0
157,-10,0
-109,105,0
89,-141,0
168,24,0
-59,138,0
23,145,0
3,166,0
137,54,0
53,-146,0
103,125,0
99,-123,0
113,-91,0
-163,23,0
-97,-124,0
78,134,0
64,-152,0
-69,-141,0
-19,-154,0
-99,134,0
-17,-156,0
-12,159,0
-112,-108,0
142,-84,0
-86,-120,0
-68,-153,0
113,107,0
-115,96,0
123,-105,0
77,134,0
-3,151,0
-98,119,0
123,-93,0
47,-149,0
-140,-64,0
-46,-143,0
-158,55,0
36,158,0
21,147,0
-38,159,0
142,69,0
-140,-77,0
-97,-112,0
-145,-80,0
-165,-33,0
-30,156,0
-89,-132,0
152,1,0
163,-48,0
93,-134,0
30,-166,0
144,-78,0
-130,-67,0
-95,-130,0
65,131,0
141,46,0
-18,168,0
-151,-54,0
-17,145,0
72,-147,0
144,35,0
-35,-163,0
-162,45,0
70,-148,0
138,-53,0
146,80,0
15,-167,0
33,-147,0
-68,148,0
143,-58,0
-17,160,0
118,122,0
123,-107,0
7,-150,0
95,121,0
-26,-145,0
-99,131,0
37,142,0
142,-39,0
136,97,0
149,-23,0
-165,33,0
0,164,0
148,-62,0
12,157,0
109,112,0
100,122,0
-64,-149,0
109,129,0
125,109,0
91,128,0
17,-146,0
91,124,0
61,-152,0
144,54,0
-91,-130,0
137,56,0
-78,148,0
59,147,0
159,-60,0
-109,-98,0
-112,105,0
-161,31,0
-114,-117,0
3,-154,0
126,107,0
99,117,0
105,125,0
-49,-162,0
-166,29,0
131,-73,0
147,-63,0
-39,-142,0
-143,43,0
-71,140,0
141,65,0
-60,157,0
153,-32,0
69,142,0
33,-156,0
153,-24,0
146,40,0
125,-88,0
36,-160,0
21,146,0
25,-156,0
125,110,0
148,82,0
64,150,0
74,-144,0
-78,-148,0
-95,130,0
1,-148,0
-46,-159,0
25,157,0
-115,-103,0
129,68,0
9,153,0
154,-51,0
-136,-76,0
-56,158,0
-29,-162,0
-38,-147,0
154,65,0
158,-7,0
-11,166,0
-159,-47,0
79,129,0
22,153,0
-164,4,0
156,53,0
30,157,0
83,-143,0
89,125,0
