5,31,1
-34,-10,1
33,-13,1
-35,34,1
-31,-18,1
39,-29,1
5,26,1
-29,30,1
-20,22,1
20,-30,1
-37,-27,1
-11,-25,1
-27,-32,1
-45,4,1
-18,45,1
11,-35,1
-34,9,1
12,48,1
-35,34,1
-30,2,1
-33,27,1
27,-9,1
-26,-9,1
-4,38,1
42,-2,1
-33,-33,1
-34,18,1
47,-15,1
21,-27,1
-28,25,1
-46,4,1
43,-25,1
-32,20,1
37,27,1
-21,-32,1
17,-33,1
-34,31,1
32,35,1
7,49,1
25,14,1
-26,-26,1
21,-24,1
-4,-25,1
-5,46,1
-20,-31,1
8,-32,1
-46,-4,1
-10,-34,1
-42,15,1
36,-33,1
7,37,1
26,-39,1
-40,4,1
27,4,1
-34,4,1
16,23,1
-9,-49,1
45,-15,1
-9,-37,1
-36,-22,1
-35,-8,1
0,-38,1
29,22,1
-31,-2,1
19,-46,1
47,14,1
25,18,1
2,43,1
-22,43,1
30,13,1
-21,40,1
-36,-4,1
0,-26,1
-43,19,1
-3,-41,1
35,-13,1
17,47,1
-36,2,1
-44,18,1
24,32,1
-21,-35,1
38,-8,1
-21,-45,1
45,-4,1
-33,30,1
-26,-14,1
-34,-7,1
9,35,1
-35,13,1
43,23,1
-18,29,1
39,17,1
28,24,1
0,25,1
-46,6,1
-33,-27,1
20,-29,1
48,4,1
34,24,1
-30,-16,1
45,-10,1
-35,11,1
0,30,1
-30,-11,1
39,20,1
-41,-1,1
-42,-8,1
-27,14,1
44,-9,1
39,11,1
40,14,1
-5,-32,1
6,-46,1
-6,-44,1
-4,-45,1
26,35,1
37,13,1
-2,-47,1
-35,-11,1
39,-6,1
-6,-37,1
8,-47,1
-18,36,1
-6,-49,1
-27,-3,1
-4,31,1
-32,13,1
29,-12,1
40,-30,1
0,37,1
12,48,1
-18,-42,1
40,0,1
16,20,1
-29,-19,1
-14,29,1
-5,-46,1
27,-11,1
35,-15,1
-9,-44,1
-21,-40,1
-18,-26,1
-7,-44,1
29,33,1
29,-29,1
17,36,1
-46,-2,1
-27,-31,1
-37,-9,1
26,-26,1
-42,17,1
-16,-38,1
-17,33,1
32,26,1
-10,33,1
36,-7,1
33,-8,1
4,30,1
8,-40,1
35,16,1
26,26,1
-40,5,1
-25,-31,1
-1,32,1
-19,-43,1
-35,-33,1
-23,31,1
-38,23,1
-30,13,1
-34,31,1
-37,7,1
18,-30,1
-46,-14,1
-11,-39,1
46,-13,1
37,-33,1
-36,11,1
30,-38,1
-3,-37,1
-17,25,1
-40,-14,1
29,-11,1
-8,40,1
-35,-12,1
37,-5,1
-12,-26,1
-6,-34,1
5,43,1
7,42,1
28,41,1
25,23,1
26,27,1
-22,-20,1
-6,-29,1
42,23,1
26,17,1
-38,-23,1
36,-26,1
23,33,1
27,-33,1
-29,-1,1
-43,-12,1
3,48,1
16,-26,1
-5,46,1
47,11,1
14,26,1
3,34,1
-19,-20,1
-31,5,1
43,0,1
-34,-28,1
-43,0,1
-18,-31,1
16,34,1
-27,12,1
27,-9,1
44,7,1
-17,-44,1
-23,14,1
10,36,1
-12,28,1
13,-23,1
29,13,1
-16,39,1
-18,33,1
-28,-33,1
18,-33,1
-2,-37,1
-20,-18,1
-9,37,1
31,-8,1
-17,44,1
-14,-23,1
-20,-30,1
26,-32,1
-8,-32,1
28,7,1
-48,-11,1
-33,34,1
-22,17,1
-48,13,1
39,6,1
4,-46,1
-20,-34,1
-35,15,1
-25,31,1
42,26,1
-14,-27,1
-25,15,1
-41,-24,1
-8,-49,1
-14,-41,1
-40,-3,1
48,8,1
3,-40,1
-45,19,1
30,36,1
-4,48,1
33,-33,1
-30,-40,1
36,-30,1
26,-35,1
-24,14,1
-15,27,1
-23,19,1
5,49,1
-11,47,1
34,14,1
12,-26,1
-28,23,1
0,-45,1
-43,24,1
48,3,1
14,32,1
-26,-5,1
-13,-40,1
23,-12,1
-38,7,1
-23,18,1
-11,48,1
-8,46,1
-23,-13,1
31,3,1
42,-18,1
1,-34,1
43,-25,1
28,-16,1
10,36,1
-18,-40,1
-30,5,1
49,-5,1
-34,35,1
44,-11,1
-2,-47,1
25,-25,1
-13,33,1
-46,19,1
48,0,1
37,17,1
-46,7,1
-22,-42,1
26,3,1
32,34,1
-1,46,1
23,32,1
-40,-13,1
-6,-35,1
11,33,1
40,10,1
25,-33,1
0,-43,1
3,48,1
6,42,1
39,-10,1
29,9,1
36,34,1
-30,-9,1
-10,47,1
33,-32,1
45,-21,1
40,7,1
-11,-35,1
-7,-24,1
-39,-22,1
-28,17,1
-36,-13,1
38,-2,1
11,-26,1
22,-23,1
-30,38,1
-36,-34,1
41,-10,1
-10,-28,1
32,-31,1
-6,-26,1
-49,4,1
-40,1,1
35,-29,1
24,-26,1
-36,-12,1
-9,31,1
-27,-38,1
-48,-9,1
14,46,1
44,21,1
7,29,1
-39,-12,1
-17,-30,1
0,42,1
20,-23,1
-3,-47,1
-27,17,1
40,-27,1
-1,47,1
30,-37,1
-26,36,1
-32,10,1
25,13,1
-22,33,1
25,41,1
27,-4,1
47,-14,1
19,-27,1
1,-42,1
-4,-39,1
31,11,1
50,0,1
8,-45,1
-43,15,1
20,23,1
-28,-12,1
-15,45,1
-15,-37,1
-27,-14,1
-38,-28,1
49,-2,1
34,-11,1
-2,-32,1
44,-13,1
26,40,1
-18,33,1
35,7,1
-21,-15,1
24,-15,1
42,8,1
-14,23,1
9,47,1
-31,-37,1
20,-16,1
36,-13,1
2,34,1
39,-6,1
-33,-15,1
23,-11,1
48,11,1
46,8,1
-31,26,1
25,20,1
17,-35,1
0,34,1
27,-36,1
25,20,1
26,-27,1
-30,-20,1
-46,14,1
24,-36,1
17,32,1
17,44,1
3,43,1
11,30,1
43,9,1
44,-23,1
43,11,1
-19,29,1
40,-15,1
-25,-36,1
-28,-34,1
-38,25,1
30,0,1
-14,-37,1
-15,37,1
-22,18,1
30,1,1
-41,-27,1
35,-29,1
12,43,1
26,7,1
26,20,1
17,47,1
-26,-4,1
-28,-29,1
42,-18,1
-47,4,1
-26,30,1
-13,-23,1
-7,-36,1
-31,-33,1
-37,-9,1
24,11,1
-32,-6,1
12,-32,1
9,33,1
4,-35,1
29,8,1
35,-22,1
28,-2,1
-31,9,1
-30,12,1
7,-26,1
39,-25,1
-29,-17,1
25,-32,1
44,7,1
4,27,1
29,23,1
33,-28,1
-9,-26,1
40,-27,1
-31,32,1
-16,-41,1
34,-10,1
15,20,1
-26,-37,1
-17,24,1
31,3,1
-31,-1,1
27,-37,1
-5,-39,1
1,26,1
14,28,1
-36,9,1
23,-25,1
-48,11,1
1,37,1
-10,-44,1
32,-8,1
-14,47,1
-39,-20,1
34,-28,1
-5,35,1
-8,47,1
27,30,1
-25,-17,1
38,7,1
46,-14,1
-36,33,1
18,-37,1
-20,32,1
-8,-42,1
-20,-18,1
-39,19,1
21,-36,1
-26,-11,1
-18,-40,1
-22,34,1
-21,36,1
25,-20,1
46,-15,1
21,-40,1
-28,146,0
-53,153,0
-57,155,0
-84,144,0
145,34,0
-6,151,0
-22,-166,0
-81,-143,0
153,17,0
-153,12,0
-141,-86,0
-155,-61,0
-98,128,0
52,-152,0
164,21,0
-39,152,0
36,158,0
7,162,0
-117,-114,0
-142,61,0
-22,149,0
33,-152,0
80,146,0
-36,-155,0
119,99,0
154,-52,0
-114,-122,0
-100,-125,0
154,35,0
-80,-126,0
-74,136,0
-151,-1,0
119,100,0
18,148,0
-101,-111,0
37,165,0
-128,-99,0
7,-157,0
-77,124,0
105,104,0
143,46,0
-103,111,0
151,19,0
-164,0,0
23,-159,0
78,131,0
120,103,0
-148,-4,0
126,-89,0
151,-22,0
147,38,0
-125,99,0
130,-68,0
139,96,0
57,146,0
161,-47,0
161,-51,0
-158,-32,0
132,-92,0
-11,-150,0
143,66,0
159,-40,0
-167,-31,0
-16,-166,0
-127,111,0
-150,-38,0
-151,66,0
-144,-27,0
-145,79,0
-10,155,0
158,-57,0
-112,106,0
-87,-143,0
80,130,0
-133,81,0
155,-13,0
156,-17,0
-148,-72,0
-13,-148,0
140,78,0
144,23,0
-87,-142,0
76,-127,0
-39,146,0
-138,-70,0
-121,-80,0
40,-150,0
-91,-132,0
-155,-43,0
-91,137,0
149,35,0
91,142,0
160,-9,0
-146,38,0
111,-119,0
24,152,0
139,-52,0
-69,132,0
115,125,0
-68,-133,0
148,-30,0
116,89,0
149,29,0
-152,-49,0
-163,-25,0
157,62,0
115,115,0
154,-35,0
-148,47,0
-163,-23,0
-65,145,0
145,-11,0
153,32,0
58,-154,0
125,82,0
-140,-46,0
162,-30,0
-69,142,0
-140,74,0
-125,112,0
23,153,0
-120,-106,0
84,-137,0
-163,35,0
-156,35,0
72,144,0
-164,-17,0
-53,-135,0
-68,132,0
154,7,0
-147,-13,0
-24,-168,0
18,-157,0
-155,-32,0
14,155,0
94,130,0
159,-27,0
70,136,0
-68,-150,0
-20,-159,0
123,79,0
152,13,0
17,159,0
124,-82,0
-114,97,0
-59,154,0
27,-158,0
-149,58,0
3,169,0
-98,-136,0
-147,58,0
147,47,0
-95,-126,0
-20,-159,0
-83,136,0
22,-159,0
72,-141,0
124,103,0
55,156,0
-129,-96,0
-168,-7,0
115,112,0
-154,37,0
153,68,0
26,-160,0
-163,21,0
-159,31,0
-94,-120,0
-113,92,0
-44,-159,0
94,119,0
-162,-30,0
-84,-121,0
140,62,0
-120,-90,0
95,-134,0
154,2,0
125,-100,0
104,102,0
161,-44,0
10,151,0
146,-22,0
-161,-1,0
26,-167,0
-19,-161,0
-67,155,0
-161,32,0
109,101,0
-162,24,0
-54,150,0
-158,-38,0
-122,-108,0
-99,132,0
-15,-163,0
5,152,0
-131,-103,0
-118,106,0
104,-120,0
-166,-23,0
22,-145,0
-138,76,0
66,-137,0
136,-102,0
-155,28,0
143,-26,0
90,144,0
74,143,0
-113,-103,0
111,-118,0
103,-105,0
96,-112,0
155,-9,0
94,139,0
90,125,0
81,-128,0
32,145,0
-101,-124,0
-122,-114,0
-133,-89,0
-144,34,0
-127,-106,0
-150,-80,0
-103,118,0
-120,102,0
113,-105,0
-11,-153,0
-1,-146,0
59,-155,0
156,-9,0
-132,-66,0
12,-162,0
11,152,0
-137,80,0
140,71,0
-144,61,0
-81,125,0
-4,156,0
-4,151,0
-143,40,0
-143,-68,0
143,48,0
-144,37,0
-71,147,0
132,-80,0
-157,-25,0
49,-157,0
-105,-131,0
144,-24,0
52,-145,0
148,38,0
10,-163,0
-15,-155,0
103,127,0
-142,38,0
-96,-128,0
157,-49,0
-115,-110,0
-162,49,0
-144,-89,0
-112,123,0
162,-37,0
-122,82,0
24,149,0
-66,-153,0
-125,-108,0
-166,-7,0
-127,83,0
-152,-41,0
35,-166,0
46,-156,0
-67,135,0
15,-153,0
-26,-149,0
123,106,0
-138,-49,0
-14,-153,0
153,-53,0
-168,-18,0
72,128,0
132,-87,0
120,113,0
21,156,0
-27,153,0
-119,117,0
164,-41,0
-131,64,0
-113,111,0
96,-133,0
-138,87,0
-142,-60,0
-30,144,0
-109,-119,0
142,77,0
97,-118,0
19,-168,0
155,35,0
28,-157,0
126,100,0
-155,21,0
-122,115,0
-141,40,0
117,119,0
81,-140,0
147,69,0
115,97,0
16,-159,0
149,14,0
-140,92,0
-154,41,0
-117,-117,0
-151,60,0
93,137,0
153,-8,0
-34,-160,0
-88,140,0
-166,30,0
-127,107,0
36,-152,0
145,-86,0
-154,-23,0
143,-72,0
-41,156,0
45,-150,0
-65,136,0
-162,38,0
-94,117,0
31,159,0
166,17,0
-123,82,0
-82,143,0
-167,24,0
-134,75,0
130,-104,0
161,-42,0
-141,64,0
-95,-115,0
135,-65,0
-60,-159,0
75,-140,0
-48,143,0
158,-8,0
119,-85,0
109,-122,0
-165,0,0
47,154,0
-134,66,0
17,161,0
-134,-83,0
147,-44,0
63,-139,0
-108,-131,0
-132,80,0
-6,-154,0
-153,-21,0
145,19,0
49,-147,0
-128,70,0
-165,4,0
-147,-65,0
45,-138,0
-18,167,0
87,-134,0
-23,146,0
167,9,0
64,151,0
134,-85,0
-117,102,0
151,60,0
-64,-132,0
-144,-75,0
-152,-30,0
-76,133,0
-133,-94,0
-133,72,0
-156,-27,0
139,95,0
51,156,0
-112,94,0
-161,-7,0
132,97,0
154,-25,0
-157,49,0
8,147,0
-98,-117,0
96,136,0
37,156,0
-165,-33,0
-150,13,0
150,57,0
56,-135,0
130,-108,0
-148,2,0
159,-3,0
56,-142,0
-103,-103,0
148,-12,0
-150,-67,0
-149,-75,0
-98,130,0
-127,87,0
141,-94,0
-151,56,0
-159,-40,0
-100,130,0
40,161,0
90,118,0
102,107,0
-146,1,0
-121,87,0
-155,48,0
-151,-15,0
165,-19,0
60,142,0
-143,-63,0
147,14,0
61,-140,0
-149,34,0
159,2,0
-152,-15,0
129,-73,0
88,-138,0
91,-117,0
-162,21,0
133,-76,0
126,79,0
-88,-126,0
-39,146,0
16,-157,0
133,-71,0
-27,-164,0
115,106,0
-117,-88,0
-155,-67,0
-165,31,0
-63,140,0
163,-15,0
-26,148,0
-107,-106,0
-137,85,0
-155,28,0
152,40,0
93,114,0
-159,16,0
130,66,0
-104,128,0
94,-123,0
162,-35,0
-98,-125,0
-119,-117,0
-131,-97,0
-116,110,0
125,-99,0
-48,163,0
84,119,0
161,-2,0
-133,60,0
-10,152,0
117,122,0
-165,-7,0
-152,61,0
118,-118,0
18,165,0
98,108,0
165,-12,0
-42,143,0
146,40,0
-4,169,0
-82,120,0
-107,115,0
-35,-165,0
150,-13,0
128,77,0
-36,-163,0
157,5,0
103,124,0
125,-84,0
79,-140,0
72,135,0
-130,-94,0
-44,-148,0
-75,-138,0
-38,141,0
-107,-112,0
151,-74,0
150,-69,0
58,-142,0
-153,-16,0
149,41,0
-36,164,0
165,-19,0
141,-70,0
-102,114,0
161,52,0
-58,141,0
-147,82,0
12,151,0
144,-73,0
130,-70,0
130,103,0
4,163,0
