33,7,1
-38,-17,1
-4,29,1
-13,37,1
26,7,1
-31,29,1
-38,-2,1
-40,29,1
-6,-38,1
2,31,1
14,-32,1
31,28,1
22,13,1
-14,-29,1
27,37,1
-31,35,1
31,-9,1
3,-38,1
-9,-30,1
-25,40,1
32,-26,1
22,-41,1
-40,-16,1
9,-33,1
-49,-4,1
-29,37,1
11,-48,1
-16,-39,1
-30,39,1
25,-38,1
-11,-25,1
21,-30,1
-3,43,1
-1,-30,1
28,29,1
29,2,1
27,24,1
0,-50,1
46,-5,1
-3,36,1
22,-36,1
41,9,1
-3,-46,1
-10,48,1
-37,28,1
-18,41,1
0,-27,1
4,48,1
24,37,1
31,-20,1
30,13,1
40,-6,1
-44,11,1
-11,-33,1
-41,-11,1
0,48,1
-35,18,1
-3,26,1
20,-34,1
-38,12,1
-28,33,1
39,29,1
8,-32,1
-17,-36,1
-46,1,1
6,-30,1
-43,-3,1
-45,-19,1
-28,12,1
-26,32,1
-16,-41,1
7,-47,1
-3,-34,1
21,-24,1
-38,-7,1
-13,46,1
30,19,1
37,32,1
-9,31,1
12,23,1
8,44,1
-31,-26,1
-20,37,1
20,-26,1
37,20,1
-14,-46,1
39,7,1
23,10,1
13,27,1
2,-45,1
35,10,1
38,31,1
-12,-23,1
-27,6,1
-27,37,1
-32,7,1
-4,38,1
-12,24,1
34,-31,1
-45,-15,1
33,-9,1
17,-47,1
0,-47,1
25,-2,1
-45,-21,1
-27,-23,1
27,-38,1
43,-2,1
-10,-44,1
-7,-31,1
39,12,1
-27,-39,1
39,12,1
27,-35,1
34,-29,1
19,18,1
29,22,1
46,16,1
-25,14,1
-33,15,1
-20,33,1
-24,23,1
27,41,1
-43,-12,1
-43,14,1
28,2,1
4,-32,1
-34,5,1
-10,-38,1
47,-11,1
14,44,1
-10,-25,1
-25,-24,1
-11,-28,1
25,41,1
-38,-25,1
-7,-25,1
35,-25,1
40,-24,1
-3,34,1
-31,13,1
32,-35,1
-28,25,1
-8,-42,1
8,-25,1
24,43,1
20,-20,1
-34,-20,1
-32,30,1
-35,15,1
0,-25,1
-13,32,1
21,38,1
-18,-29,1
21,-22,1
41,18,1
-5,-34,1
29,4,1
-20,-34,1
6,30,1
-21,30,1
39,29,1
-31,2,1
1,-44,1
-23,-36,1
-16,35,1
6,33,1
14,-34,1
33,-14,1
38,-29,1
45,-1,1
-15,-45,1
-32,-31,1
-31,-21,1
-14,-39,1
23,-36,1
-25,43,1
-36,17,1
13,47,1
-37,-5,1
37,-30,1
-22,-44,1
20,22,1
-3,30,1
2,-35,1
32,6,1
-12,-46,1
7,46,1
-16,20,1
-17,-19,1
-37,0,1
-14,33,1
-37,-7,1
9,28,1
-20,23,1
0,25,1
-7,-26,1
1,-36,1
-23,-44,1
-29,17,1
-45,0,1
10,-30,1
34,35,1
-31,-7,1
-36,-32,1
11,27,1
43,-20,1
-14,-31,1
-32,18,1
-25,22,1
40,-24,1
5,-34,1
-36,22,1
21,-40,1
42,-9,1
16,45,1
-37,-1,1
-23,-18,1
15,-21,1
7,35,1
45,-13,1
-34,-22,1
-26,-33,1
30,40,1
-15,-28,1
-40,11,1
-15,38,1
-41,-21,1
3,-40,1
41,15,1
18,21,1
-27,38,1
-19,21,1
20,-43,1
35,25,1
-37,-31,1
16,38,1
12,-38,1
-26,-3,1
5,-45,1
42,-14,1
44,3,1
-29,16,1
29,34,1
1,-45,1
-33,-19,1
-32,-3,1
-24,27,1
-8,47,1
-9,30,1
-24,-37,1
4,-37,1
-35,8,1
-43,-3,1
-47,7,1
22,-30,1
42,20,1
-30,0,1
-29,-26,1
7,49,1
-21,-35,1
31,20,1
11,47,1
-17,-21,1
-41,21,1
18,-46,1
34,23,1
-44,14,1
3,-32,1
-25,-33,1
5,-36,1
37,-21,1
-27,-16,1
25,4,1
-38,-23,1
-22,34,1
43,13,1
-34,-28,1
39,13,1
18,34,1
-25,-17,1
-47,10,1
-5,40,1
41,5,1
29,6,1
-13,-43,1
-9,-39,1
41,6,1
-16,37,1
41,-23,1
8,31,1
-1,-38,1
10,-31,1
18,-19,1
-36,22,1
29,9,1
-27,-4,1
47,-8,1
27,20,1
40,9,1
-15,-33,1
40,-11,1
-18,-42,1
-29,22,1
-28,-3,1
22,-26,1
-18,-36,1
35,-12,1
10,46,1
-28,24,1
-12,-26,1
-27,34,1
27,38,1
35,34,1
42,20,1
-37,16,1
3,45,1
-4,32,1
14,-25,1
-36,10,1
30,-2,1
-7,45,1
18,-46,1
-33,24,1
-40,14,1
29,37,1
6,-34,1
-27,-26,1
-35,-1,1
32,-36,1
1,41,1
1,27,1
-41,-10,1
18,28,1
39,13,1
39,25,1
10,-40,1
29,34,1
-3,26,1
37,13,1
10,26,1
-36,26,1
-40,12,1
-41,12,1
-34,21,1
-42,2,1
24,38,1
15,23,1
43,0,1
43,-20,1
-13,43,1
26,-23,1
29,22,1
15,-22,1
48,-8,1
41,24,1
-21,23,1
-25,-2,1
-26,29,1
-24,31,1
-1,-49,1
20,-26,1
44,13,1
10,-27,1
-13,-48,1
30,37,1
16,-41,1
-19,-33,1
45,-10,1
8,-24,1
6,44,1
-48,-3,1
-37,-26,1
38,-30,1
37,-7,1
14,24,1
-6,37,1
10,46,1
-13,-48,1
-8,28,1
26,-23,1
48,4,1
16,43,1
24,-19,1
9,31,1
9,49,1
2,27,1
-26,20,1
-6,-39,1
-18,-18,1
45,7,1
41,-22,1
8,-35,1
36,-28,1
34,-23,1
18,25,1
-42,-18,1
6,-43,1
25,37,1
32,-15,1
-29,16,1
9,-29,1
-6,31,1
36,-17,1
46,-13,1
16,21,1
13,-34,1
-41,0,1
17,35,1
-15,-36,1
19,-38,1
-42,24,1
20,32,1
-4,37,1
1,25,1
-5,-39,1
-49,-8,1
-29,25,1
-31,-1,1
-44,14,1
7,-48,1
-41,-18,1
14,-45,1
-12,-33,1
-12,45,1
17,-47,1
45,5,1
-47,15,1
-27,-22,1
-18,-35,1
29,10,1
-31,10,1
22,35,1
46,-14,1
1,29,1
-41,-12,1
-34,-11,1
-32,-24,1
8,43,1
42,-21,1
25,17,1
32,30,1
13,-29,1
-42,-17,1
21,30,1
46,-7,1
16,-28,1
44,14,1
34,0,1
-23,-21,1
24,33,1
-16,-38,1
21,-36,1
-33,-18,1
33,15,1
18,35,1
-21,-31,1
-26,17,1
13,45,1
15,41,1
34,5,1
36,-20,1
-33,18,1
16,-32,1
24,29,1
23,43,1
-17,30,1
-35,28,1
9,-35,1
-14,47,1
41,-1,1
39,20,1
1,47,1
45,-5,1
-22,-14,1
44,22,1
-29,-40,1
-43,-25,1
-30,-7,1
-34,29,1
24,-33,1
20,43,1
18,-31,1
33,24,1
25,4,1
-29,-11,1
47,-12,1
25,-16,1
-48,11,1
-1,-39,1
35,0,1
-38,-3,1
33,-9,1
26,-20,1
-15,-27,1
19,17,1
-31,-20,1
39,-2,1
-3,-34,1
4,40,1
70,-151,0
-6,-145,0
-141,-90,0
31,-148,0
-84,-130,0
-143,-91,0
-26,156,0
123,-109,0
-68,143,0
-163,16,0
-45,162,0
73,-137,0
19,-155,0
-52,-152,0
22,-164,0
5,-168,0
154,-57,0
-65,-149,0
63,-138,0
-105,-115,0
134,103,0
53,157,0
55,-140,0
115,-108,0
168,-11,0
8,-153,0
-157,64,0
-122,88,0
19,157,0
-67,-151,0
168,-5,0
130,-109,0
27,161,0
-154,2,0
-143,42,0
135,-61,0
-100,-125,0
-23,164,0
45,148,0
-146,-15,0
141,-41,0
-102,-126,0
-68,133,0
-139,-94,0
133,86,0
148,60,0
-56,-152,0
-48,-137,0
62,132,0
-141,89,0
128,-81,0
-45,154,0
99,133,0
-46,-144,0
15,-152,0
-163,-10,0
20,-165,0
-158,41,0
-136,95,0
-131,75,0
151,-15,0
60,-153,0
151,-69,0
-109,125,0
-55,-160,0
24,-146,0
118,-106,0
147,82,0
141,52,0
-145,-4,0
118,-98,0
-90,-119,0
-135,54,0
163,-17,0
100,-115,0
-130,-100,0
-49,-140,0
91,122,0
110,117,0
77,-133,0
36,149,0
-138,56,0
-149,-36,0
6,168,0
-52,143,0
-88,116,0
154,52,0
-86,138,0
-13,-165,0
-34,-159,0
-154,21,0
-88,-141,0
142,-67,0
60,137,0
103,-128,0
115,-104,0
52,143,0
-150,23,0
95,131,0
119,102,0
-162,-51,0
160,-52,0
-126,96,0
-99,109,0
-160,-46,0
-166,-22,0
84,142,0
-87,119,0
-49,-144,0
-160,13,0
88,144,0
41,-156,0
-149,39,0
87,129,0
-132,-69,0
53,-156,0
-146,-32,0
-150,73,0
-91,-115,0
-64,-143,0
139,42,0
150,0,0
-139,-92,0
83,130,0
145,-17,0
-146,56,0
-92,122,0
-20,158,0
-115,98,0
-146,-63,0
-111,-95,0
119,-87,0
93,-130,0
153,28,0
134,76,0
-8,-153,0
-41,-163,0
35,-147,0
103,-113,0
17,157,0
-125,-75,0
-145,-85,0
-86,-139,0
153,39,0
-71,141,0
135,-75,0
-149,-11,0
-137,66,0
-151,66,0
154,28,0
-117,91,0
73,132,0
55,-153,0
21,-145,0
-73,-132,0
-163,17,0
117,96,0
-151,56,0
152,-36,0
-130,99,0
-68,-150,0
123,-103,0
128,-76,0
156,29,0
-96,110,0
163,-38,0
66,143,0
-63,-141,0
-97,125,0
53,-156,0
118,119,0
-53,155,0
43,162,0
-135,-99,0
101,-135,0
44,151,0
-113,121,0
-140,66,0
-143,32,0
-126,108,0
145,-60,0
158,2,0
137,75,0
-17,-148,0
-58,144,0
107,-126,0
99,-130,0
-164,25,0
-114,104,0
163,9,0
-156,9,0
96,-116,0
154,-51,0
-110,-128,0
-26,-165,0
113,-123,0
-132,97,0
-11,-162,0
85,128,0
62,147,0
-5,-153,0
-110,117,0
-157,-19,0
159,-1,0
28,-158,0
-19,144,0
139,50,0
-149,25,0
-127,-100,0
114,114,0
154,-20,0
-150,-7,0
-55,151,0
133,104,0
32,-154,0
62,-154,0
-79,-143,0
-157,59,0
163,20,0
-81,-138,0
-122,113,0
-134,98,0
87,135,0
-168,13,0
91,-126,0
93,-139,0
-150,-17,0
-53,-159,0
4,-150,0
69,-149,0
-119,-99,0
-38,-147,0
58,-135,0
21,-167,0
-127,-103,0
-153,2,0
-93,117,0
103,-129,0
-91,-132,0
-56,-153,0
7,150,0
-115,-89,0
-158,-5,0
32,146,0
-55,-140,0
-120,100,0
147,-24,0
46,-161,0
-1,-167,0
19,-158,0
-147,64,0
-88,125,0
66,140,0
126,-81,0
47,-156,0
-87,-145,0
-138,-82,0
28,158,0
104,129,0
163,-48,0
-87,116,0
46,-139,0
-102,-134,0
-50,137,0
-77,-130,0
158,38,0
148,31,0
-144,33,0
39,-148,0
90,-142,0
162,25,0
159,-54,0
151,-16,0
-54,152,0
139,-85,0
-139,42,0
58,-159,0
-5,161,0
-106,-114,0
-106,107,0
-85,129,0
29,154,0
141,88,0
146,-82,0
-153,-2,0
141,69,0
134,96,0
145,-84,0
1,162,0
77,-137,0
165,-16,0
-102,-134,0
-35,-165,0
60,151,0
14,151,0
73,-151,0
-45,161,0
108,125,0
-77,125,0
-111,95,0
-154,8,0
-10,146,0
62,-153,0
-81,140,0
110,-122,0
111,116,0
-153,49,0
162,-30,0
60,135,0
62,134,0
0,-169,0
-147,79,0
-143,-24,0
-76,128,0
-160,26,0
86,121,0
-91,-132,0
-109,100,0
-143,91,0
-103,113,0
-138,81,0
-122,-91,0
166,13,0
-159,57,0
86,-118,0
-96,125,0
37,153,0
-76,151,0
-151,-8,0
9,149,0
-73,153,0
-48,153,0
8,158,0
16,155,0
-16,-145,0
164,-37,0
-150,-3,0
123,94,0
-103,-125,0
-128,-91,0
-157,-52,0
-108,125,0
114,108,0
-142,46,0
97,132,0
-111,103,0
-100,119,0
141,-64,0
-167,8,0
121,-80,0
-127,-109,0
-132,-99,0
-1,-163,0
-130,81,0
48,145,0
-5,163,0
102,-107,0
-39,158,0
-153,-66,0
-136,90,0
149,45,0
59,147,0
-135,88,0
-133,-89,0
37,-161,0
-68,154,0
-32,-165,0
8,-161,0
-5,-147,0
-24,-158,0
-113,-96,0
12,151,0
164,-13,0
116,-107,0
81,-148,0
136,-70,0
-43,-141,0
10,162,0
111,-121,0
-12,148,0
14,-157,0
-113,-124,0
-83,147,0
4,146,0
-95,126,0
103,119,0
-3,156,0
-58,135,0
115,101,0
-66,154,0
-32,157,0
127,107,0
-78,126,0
-112,-113,0
127,-71,0
-22,-154,0
153,66,0
-29,-163,0
-148,4,0
82,146,0
106,-126,0
34,-144,0
63,-155,0
67,-131,0
-76,139,0
-39,154,0
-137,70,0
155,-28,0
-144,-29,0
69,-130,0
100,127,0
65,-148,0
-63,-138,0
-113,119,0
-70,-128,0
43,-163,0
150,-25,0
111,118,0
-53,-138,0
124,-101,0
-152,10,0
-3,152,0
144,55,0
49,137,0
-43,160,0
-28,165,0
56,-157,0
-165,17,0
15,155,0
21,144,0
27,167,0
-72,-149,0
-1,-156,0
-4,-168,0
144,-66,0
140,-43,0
-29,146,0
-107,-120,0
-155,43,0
164,-12,0
52,158,0
-73,-140,0
139,-76,0
-86,-140,0
93,115,0
-154,53,0
-118,-96,0
-102,-114,0
141,-51,0
103,122,0
140,-42,0
-154,-70,0
115,-115,0
45,155,0
-25,-154,0
164,-26,0
128,-99,0
136,-97,0
64,136,0
-28,164,0
-152,73,0
137,84,0
44,-147,0
150,45,0
-105,-104,0
-58,144,0
-73,149,0
-65,156,0
138,59,0
2,-168,0
-103,-120,0
-79,130,0
-130,-86,0
146,13,0
-109,97,0
105,121,0
-89,136,0
127,84,0
-164,31,0
-125,-111,0
2,-147,0
-124,84,0
-95,-137,0
104,117,0
-36,159,0
131,-66,0
-141,-83,0
25,145,0
-155,-24,0
136,-88,0
76,-126,0
-120,85,0
-159,0,0
107,122,0
7,-163,0
-135,100,0
100,-124,0
158,-41,0
-141,89,0
-50,-161,0
