-30,10,1
36,30,1
-23,18,1
-11,-44,1
21,44,1
-12,-26,1
-27,3,1
-5,-40,1
33,18,1
-41,-1,1
-3,-42,1
-20,41,1
-23,10,1
-9,29,1
10,30,1
11,-48,1
43,-7,1
-30,-4,1
-21,-24,1
20,42,1
21,-44,1
-35,6,1
-32,-15,1
31,17,1
-20,-37,1
34,-11,1
45,-1,1
-26,36,1
15,-37,1
12,-26,1
-26,-5,1
-44,-15,1
-29,2,1
-6,-42,1
6,-44,1
-45,21,1
-7,-38,1
-13,41,1
20,36,1
-5,-42,1
-26,-7,1
9,-45,1
8,-33,1
32,3,1
-23,11,1
16,-43,1
-5,37,1
8,-44,1
26,11,1
-20,29,1
38,-27,1
-7,43,1
-14,31,1
20,43,1
-45,-20,1
-35,26,1
37,-24,1
47,-7,1
45,6,1
4,43,1
-26,-6,1
42,8,1
36,18,1
34,-25,1
-44,8,1
17,-27,1
31,-36,1
-11,-35,1
-31,-13,1
-48,-1,1
-27,25,1
15,21,1
1,-27,1
39,-11,1
-11,-27,1
-17,-42,1
28,11,1
26,-29,1
-16,-28,1
-31,-24,1
-49,-7,1
27,-30,1
-38,-29,1
-25,11,1
12,-29,1
-10,36,1
33,-7,1
-36,30,1
-14,-31,1
-12,23,1
-25,14,1
-21,-34,1
-40,-26,1
9,-41,1
21,-45,1
18,44,1
-39,-9,1
-27,6,1
-30,-28,1
8,-39,1
20,-32,1
3,-36,1
31,-2,1
21,21,1
-14,30,1
9,-44,1
33,11,1
16,-22,1
-18,-24,1
-30,-23,1
20,36,1
-4,29,1
-37,28,1
0,-35,1
22,-32,1
-28,22,1
9,-35,1
20,-45,1
-1,-30,1
38,-8,1
10,24,1
-28,13,1
8,-31,1
-2,42,1
-34,0,1
30,28,1
29,-28,1
42,-16,1
18,25,1
-27,17,1
-37,-7,1
26,-41,1
39,-18,1
-32,-33,1
16,-45,1
44,-19,1
19,41,1
-35,17,1
-8,-27,1
24,32,1
1,31,1
28,-21,1
-34,31,1
45,-3,1
28,-3,1
-29,-14,1
-35,-24,1
-38,-28,1
-10,-27,1
8,-38,1
44,-21,1
28,18,1
17,-25,1
35,35,1
-4,25,1
35,-1,1
40,8,1
-10,-36,1
-15,-31,1
-28,-9,1
11,45,1
-32,30,1
48,-2,1
31,-28,1
33,10,1
30,-29,1
42,-2,1
13,34,1
18,-21,1
-44,19,1
5,27,1
-46,5,1
-23,44,1
-21,-25,1
-25,21,1
-27,35,1
42,19,1
-21,15,1
-25,-3,1
5,43,1
-16,25,1
35,6,1
5,49,1
30,34,1
-23,26,1
-48,-5,1
33,-28,1
3,46,1
43,23,1
-32,-12,1
36,18,1
25,38,1
-26,-29,1
-27,-15,1
-29,29,1
42,-10,1
-1,44,1
33,9,1
-25,-1,1
43,-25,1
-6,30,1
-4,-44,1
-31,15,1
42,0,1
-28,-12,1
-39,-20,1
-37,6,1
6,30,1
35,-27,1
-38,13,1
47,2,1
9,-24,1
-23,40,1
44,18,1
31,20,1
-15,46,1
23,-24,1
27,42,1
-8,34,1
-47,-6,1
0,37,1
2,-40,1
-13,27,1
-28,-13,1
31,16,1
31,39,1
31,-29,1
-1,37,1
28,24,1
26,-14,1
-35,-25,1
23,-34,1
-14,39,1
-14,-35,1
-28,4,1
5,45,1
-28,-6,1
-2,-41,1
-32,-2,1
27,23,1
32,28,1
-33,-12,1
33,0,1
34,17,1
30,-14,1
38,-6,1
-29,-8,1
-19,-22,1
-16,39,1
-39,26,1
27,-24,1
21,-21,1
35,-27,1
-22,35,1
-21,25,1
-13,-39,1
-13,-37,1
-15,20,1
25,-21,1
-39,8,1
-42,18,1
19,41,1
45,3,1
-10,-40,1
-43,-6,1
19,-37,1
21,36,1
26,-38,1
9,29,1
36,25,1
-15,-23,1
41,14,1
-12,25,1
39,0,1
-40,-19,1
13,-36,1
41,8,1
0,-45,1
14,23,1
17,40,1
28,1,1
45,20,1
25,-8,1
40,17,1
4,-43,1
15,-37,1
-25,-42,1
-6,-29,1
-29,-2,1
41,-10,1
-26,35,1
18,-30,1
-39,-14,1
-30,16,1
11,-31,1
35,25,1
15,-32,1
-5,27,1
-13,-28,1
37,-5,1
16,-39,1
22,42,1
4,-29,1
1,-48,1
-22,20,1
8,42,1
-41,28,1
34,-21,1
36,-33,1
-26,-40,1
-29,-21,1
44,16,1
-23,19,1
10,34,1
15,39,1
-24,-24,1
-22,-18,1
5,27,1
12,-24,1
37,-9,1
32,33,1
13,-30,1
35,-3,1
-33,32,1
-7,32,1
-36,-2,1
42,-24,1
-42,3,1
-38,19,1
41,27,1
-15,28,1
-35,-31,1
28,-24,1
12,35,1
41,-26,1
23,11,1
-8,-45,1
24,20,1
1,-45,1
-43,22,1
-41,-24,1
-6,34,1
19,-44,1
-5,43,1
-27,-6,1
36,-16,1
28,-34,1
21,36,1
-36,-10,1
-45,11,1
36,1,1
37,19,1
23,15,1
-6,-42,1
-4,34,1
-27,33,1
-10,-46,1
40,-1,1
2,-46,1
2,26,1
12,25,1
-20,35,1
-37,-3,1
26,16,1
18,-23,1
2,-45,1
-25,7,1
-2,39,1
2,-37,1
21,-17,1
-24,-13,1
38,-12,1
-23,36,1
-10,29,1
-12,-45,1
35,25,1
14,-37,1
-28,-39,1
36,26,1
5,-48,1
-22,-15,1
-12,-25,1
42,-20,1
13,22,1
32,26,1
37,26,1
38,31,1
28,-41,1
-26,31,1
6,-34,1
41,8,1
-17,19,1
26,12,1
14,-38,1
23,-38,1
-32,17,1
-36,-30,1
15,-42,1
16,-45,1
34,-29,1
46,18,1
-19,18,1
-38,-31,1
1,-42,1
-44,-20,1
-11,48,1
-3,47,1
-13,48,1
-27,-23,1
17,46,1
36,-15,1
42,4,1
-10,-41,1
-24,24,1
-26,22,1
17,30,1
36,28,1
-39,26,1
27,-42,1
29,24,1
31,12,1
-43,-18,1
7,31,1
40,10,1
34,-15,1
-30,-11,1
36,29,1
25,34,1
20,-21,1
43,-24,1
-48,9,1
-26,-36,1
48,6,1
-47,-14,1
23,-24,1
47,10,1
-31,-12,1
13,46,1
5,27,1
-10,-30,1
-35,12,1
21,-42,1
38,-1,1
-32,12,1
-11,-34,1
-42,-15,1
19,-22,1
30,-24,1
-14,-22,1
-40,-11,1
-46,-3,1
-40,-23,1
-14,46,1
26,27,1
13,-25,1
24,-29,1
29,-39,1
-36,-26,1
22,-38,1
-15,42,1
9,27,1
43,11,1
29,-5,1
-27,-8,1
4,-36,1
-29,-11,1
29,-22,1
34,9,1
-12,-42,1
36,7,1
-27,12,1
-10,24,1
-30,-21,1
43,-11,1
24,36,1
-26,-17,1
-37,-18,1
-18,-42,1
17,-38,1
36,32,1
-8,-45,1
32,37,1
-23,13,1
-22,44,1
-18,-22,1
-6,43,1
-13,-28,1
-37,19,1
-39,25,1
33,-26,1
-27,40,1
8,38,1
-11,-29,1
28,-3,1
-28,-16,1
-1,26,1
45,-20,1
-38,-10,1
-10,40,1
46,-6,1
-127,73,0
98,-121,0
137,85,0
-140,58,0
164,17,0
-16,167,0
-155,68,0
153,-6,0
-119,-94,0
4,-154,0
-108,-120,0
-84,-134,0
-57,-139,0
152,43,0
-84,119,0
39,152,0
141,73,0
143,-90,0
158,17,0
123,-109,0
-94,128,0
120,111,0
161,-26,0
-67,152,0
-119,-85,0
119,85,0
46,161,0
-128,-76,0
-125,-93,0
-118,-87,0
-145,69,0
14,165,0
61,-142,0
86,124,0
140,-92,0
-164,-25,0
72,147,0
-17,-163,0
162,40,0
-156,-15,0
-158,8,0
-104,-124,0
-88,120,0
-152,4,0
-150,9,0
148,26,0
-156,-60,0
12,-151,0
153,60,0
156,45,0
-24,-150,0
69,-140,0
-86,140,0
23,-157,0
114,109,0
141,-91,0
96,-114,0
-127,-98,0
146,-46,0
-139,-88,0
-95,-113,0
131,-77,0
-99,108,0
-4,167,0
159,57,0
-60,149,0
111,-115,0
165,-31,0
-128,78,0
133,102,0
-39,145,0
-139,-75,0
139,-57,0
-155,-6,0
160,53,0
-50,-154,0
-118,95,0
157,35,0
-119,-97,0
-167,-6,0
-124,77,0
47,161,0
80,-148,0
-60,-138,0
126,-77,0
-59,-157,0
133,-79,0
-147,-72,0
-133,96,0
83,-126,0
-116,90,0
-67,-151,0
-33,-146,0
-53,-135,0
-74,-131,0
159,22,0
-44,150,0
-167,-13,0
-96,112,0
-129,98,0
144,-56,0
148,57,0
-132,-67,0
156,-12,0
126,95,0
-154,-33,0
92,115,0
-71,-147,0
139,-57,0
140,68,0
-142,-42,0
67,-134,0
22,161,0
138,74,0
84,130,0
-138,-53,0
-166,-2,0
-152,-47,0
58,-151,0
80,-150,0
20,-145,0
-150,-49,0
-161,42,0
-108,116,0
152,-72,0
82,-125,0
156,57,0
76,149,0
88,123,0
-34,165,0
34,-161,0
19,-165,0
-128,72,0
-146,8,0
-132,-95,0
99,119,0
93,-115,0
5,-161,0
58,-137,0
-150,45,0
-14,-152,0
-128,92,0
126,95,0
73,-130,0
-148,24,0
80,141,0
26,148,0
149,44,0
140,-55,0
151,53,0
-89,119,0
126,82,0
28,144,0
-111,106,0
-111,-97,0
133,-61,0
10,153,0
-6,-169,0
-74,135,0
-44,-146,0
62,-140,0
64,151,0
-149,-14,0
-90,-114,0
-76,-146,0
-118,115,0
-121,-108,0
138,-70,0
135,-60,0
113,102,0
-157,21,0
103,-131,0
110,102,0
141,-73,0
-31,153,0
-39,148,0
104,-130,0
1,-146,0
-154,43,0
-162,-14,0
156,-59,0
-36,-164,0
144,-82,0
-117,100,0
0,149,0
6,-146,0
-115,93,0
-147,-15,0
128,-103,0
84,124,0
28,-159,0
-168,17,0
167,18,0
-19,-147,0
-117,111,0
15,-145,0
-131,74,0
6,-146,0
55,-159,0
2,-145,0
-144,45,0
-134,103,0
78,129,0
16,-150,0
140,-69,0
112,-125,0
163,27,0
2,149,0
58,-154,0
162,6,0
-138,-72,0
-150,-38,0
26,-153,0
-157,-63,0
-143,-50,0
-144,-27,0
24,-150,0
30,155,0
48,-137,0
80,143,0
-138,-92,0
76,-140,0
151,-51,0
73,132,0
106,-106,0
152,45,0
154,45,0
129,74,0
-10,153,0
-82,-142,0
-129,67,0
-99,-120,0
-126,-72,0
81,138,0
125,-111,0
80,-141,0
-146,71,0
-140,-63,0
61,137,0
-66,137,0
108,106,0
-147,13,0
14,149,0
155,8,0
-146,-54,0
-69,132,0
-81,-141,0
67,-133,0
-107,-115,0
-167,-1,0
153,-55,0
-104,-106,0
-53,-152,0
-57,-156,0
96,126,0
106,-115,0
-150,39,0
142,79,0
-129,-78,0
153,1,0
81,-146,0
151,-61,0
-122,-85,0
-158,51,0
-141,50,0
152,66,0
-37,-153,0
104,123,0
42,-156,0
121,-119,0
146,43,0
25,160,0
-117,98,0
147,10,0
128,-102,0
148,-56,0
-65,-140,0
-106,-125,0
-144,-86,0
155,-34,0
-124,-96,0
141,50,0
136,87,0
124,-82,0
-158,15,0
53,-153,0
-140,62,0
160,-10,0
-10,150,0
52,-142,0
-119,88,0
-131,-100,0
28,145,0
142,48,0
157,37,0
39,164,0
47,-147,0
-106,107,0
-164,-41,0
-151,17,0
-107,-115,0
50,-153,0
-147,36,0
26,-149,0
-123,104,0
-118,-86,0
-27,149,0
-162,8,0
157,-57,0
-131,106,0
166,-9,0
113,109,0
-122,-89,0
3,-150,0
-45,148,0
-150,-14,0
-77,-136,0
156,45,0
131,99,0
-91,-131,0
-136,53,0
-49,158,0
146,-21,0
155,-6,0
-142,55,0
110,-103,0
-142,-66,0
-154,52,0
-153,71,0
-148,83,0
-155,14,0
-102,120,0
-119,-121,0
28,-164,0
-33,-165,0
-159,-60,0
141,-67,0
20,-155,0
-148,-4,0
-39,-143,0
-64,-153,0
-34,-159,0
115,122,0
-139,-52,0
-5,-158,0
77,-144,0
139,-61,0
-87,-135,0
-158,47,0
153,-27,0
162,51,0
23,168,0
30,-150,0
-59,140,0
72,129,0
82,-131,0
155,-52,0
106,113,0
-88,132,0
-27,-155,0
-50,-156,0
148,38,0
-151,65,0
-149,0,0
-160,36,0
64,153,0
-15,-169,0
-31,162,0
164,-24,0
-149,-21,0
163,45,0
11,167,0
-51,-158,0
-2,-151,0
-100,109,0
158,28,0
-157,-43,0
153,-48,0
162,-10,0
-60,149,0
169,7,0
-160,-8,0
8,161,0
-135,59,0
162,-45,0
-128,86,0
10,-145,0
63,-140,0
-87,-129,0
-142,-85,0
-103,-112,0
142,85,0
101,-110,0
9,152,0
133,-102,0
-66,-136,0
162,43,0
-151,-3,0
120,-112,0
151,-35,0
-156,-58,0
144,-28,0
114,-120,0
147,-25,0
165,-25,0
38,-144,0
139,42,0
99,-119,0
31,-159,0
147,-58,0
-153,-23,0
-161,29,0
-63,-136,0
57,-143,0
-77,-142,0
-16,164,0
-80,125,0
-149,-68,0
-122,99,0
83,121,0
88,134,0
-132,81,0
107,-116,0
36,163,0
147,73,0
-157,-61,0
-54,-143,0
45,-151,0
92,132,0
99,-114,0
70,133,0
-138,55,0
-86,-123,0
-157,57,0
106,-132,0
-154,30,0
-121,92,0
143,56,0
-147,-35,0
133,89,0
160,-30,0
-75,-136,0
102,123,0
37,-154,0
-42,-162,0
114,101,0
-124,-87,0
159,-45,0
-82,-143,0
-107,126,0
-149,45,0
139,52,0
158,-7,0
-80,-124,0
-140,-91,0
-148,-36,0
-39,-148,0
-145,17,0
-143,-40,0
-110,-102,0
-151,-42,0
-77,149,0
47,-141,0
-159,24,0
-103,-126,0
65,156,0
140,-45,0
150,-51,0
30,-154,0
91,-117,0
-160,-40,0
-125,96,0
86,-125,0
-138,-63,0
34,-141,0
149,-53,0
157,51,0
50,144,0
-77,135,0
-152,71,0
-105,116,0
-146,20,0
-61,142,0
117,-107,0
139,63,0
132,-87,0
-145,-9,0
86,-134,0
26,-146,0
151,-35,0
46,161,0
-64,-146,0
147,64,0
130,81,0
-145,86,0
146,56,0
159,-25,0
138,94,0
17,-150,0
-145,-78,0
