-42,12,1
19,-40,1
-39,-14,1
-39,-19,1
45,2,1
9,46,1
-6,26,1
-19,-30,1
-31,18,1
14,46,1
-29,15,1
34,-28,1
-16,-21,1
-5,32,1
-36,34,1
32,-24,1
-46,-16,1
-40,1,1
-26,-20,1
-32,-25,1
37,5,1
45,-16,1
33,31,1
-4,-36,1
3,42,1
-5,-32,1
-29,-16,1
2,-41,1
29,16,1
20,-17,1
9,37,1
-18,45,1
5,42,1
32,21,1
28,17,1
33,9,1
19,27,1
14,-29,1
-6,33,1
26,-16,1
43,12,1
36,-24,1
37,-26,1
10,-36,1
39,14,1
-7,34,1
-6,-35,1
28,29,1
-12,-42,1
-23,44,1
19,19,1
17,38,1
-24,25,1
26,-40,1
-5,40,1
17,-30,1
-17,45,1
-21,17,1
24,21,1
-16,27,1
6,38,1
-8,42,1
49,-1,1
6,-34,1
16,24,1
7,27,1
-45,-6,1
18,-21,1
-37,-26,1
-15,-41,1
-22,-42,1
26,-24,1
-41,28,1
23,15,1
-46,-9,1
28,-2,1
-26,-23,1
36,16,1
-10,-38,1
29,-10,1
-15,20,1
48,10,1
-47,-17,1
-27,-7,1
-18,24,1
25,-8,1
20,35,1
37,5,1
-35,-33,1
-41,-24,1
49,-4,1
13,46,1
35,3,1
18,-34,1
-46,-10,1
28,-40,1
-6,43,1
36,3,1
-48,-14,1
-41,-16,1
-21,-34,1
23,-19,1
-13,38,1
30,-34,1
-23,18,1
10,-29,1
-2,28,1
-7,-27,1
-48,6,1
46,-8,1
45,13,1
13,-40,1
-27,36,1
-47,13,1
18,-41,1
37,32,1
16,-22,1
49,-7,1
26,35,1
-24,26,1
-2,41,1
-34,-4,1
-34,11,1
-4,-42,1
35,12,1
-20,-38,1
44,11,1
-24,-31,1
-37,-26,1
36,-21,1
-39,14,1
-26,-4,1
-19,-21,1
48,12,1
27,-6,1
19,35,1
3,-42,1
32,29,1
-17,-28,1
-7,-26,1
24,14,1
20,39,1
-23,-34,1
-38,30,1
40,-18,1
-32,-17,1
-36,13,1
-43,21,1
1,-36,1
-20,-37,1
21,31,1
-47,0,1
29,8,1
-47,-17,1
-11,-42,1
-5,37,1
38,25,1
27,0,1
14,26,1
-46,4,1
42,-10,1
-35,-13,1
33,-22,1
-42,22,1
30,40,1
38,-15,1
-46,2,1
-31,-31,1
-41,7,1
-7,-28,1
0,36,1
15,-21,1
-31,-32,1
6,36,1
23,38,1
40,4,1
31,37,1
-36,-22,1
17,25,1
36,-27,1
33,-14,1
23,19,1
-46,-1,1
13,-22,1
43,0,1
38,-3,1
2,-39,1
8,-30,1
-31,-4,1
18,-42,1
6,39,1
9,-41,1
-35,-9,1
-16,-38,1
-12,32,1
16,-45,1
-42,-1,1
-9,28,1
-29,-8,1
37,-19,1
-29,-15,1
17,44,1
-23,20,1
-8,36,1
-4,38,1
39,31,1
-42,5,1
39,19,1
-48,-13,1
-9,26,1
-9,-34,1
31,-33,1
-40,27,1
33,10,1
-28,-29,1
-29,-35,1
-15,-44,1
-34,17,1
1,43,1
-4,-46,1
25,1,1
1,-36,1
-2,32,1
-4,26,1
38,-32,1
-36,-6,1
-19,20,1
39,-11,1
-41,-28,1
22,22,1
29,17,1
-17,-28,1
40,-15,1
-32,38,1
19,-24,1
-9,25,1
29,27,1
25,-39,1
38,-29,1
23,-29,1
-7,-25,1
-29,-39,1
-32,-13,1
-39,2,1
27,18,1
-26,-21,1
-17,-29,1
16,33,1
-1,42,1
-11,47,1
21,-42,1
39,26,1
14,38,1
-8,24,1
-21,36,1
-21,34,1
-23,22,1
13,28,1
-4,46,1
8,-46,1
34,-24,1
-16,31,1
34,35,1
39,30,1
-46,-19,1
28,-13,1
-9,-37,1
-22,-26,1
31,33,1
-19,-46,1
29,29,1
45,18,1
-43,-23,1
-42,-13,1
30,35,1
-28,7,1
-14,-30,1
-32,4,1
38,18,1
11,36,1
-2,44,1
-10,42,1
3,48,1
-29,-34,1
25,30,1
-19,38,1
5,-33,1
34,-10,1
-17,25,1
-36,24,1
45,11,1
19,45,1
48,0,1
-42,-21,1
-46,-5,1
-43,6,1
-6,-42,1
-45,-10,1
-3,-39,1
39,-25,1
-12,27,1
-4,-41,1
36,-23,1
-45,12,1
-36,-25,1
0,-47,1
25,41,1
17,-31,1
-5,-45,1
26,14,1
-33,19,1
36,21,1
11,-41,1
40,16,1
5,-49,1
-40,29,1
14,-44,1
-25,33,1
-46,12,1
15,23,1
-2,26,1
23,-41,1
-40,-24,1
-33,6,1
-8,47,1
-19,45,1
20,25,1
-32,15,1
-30,-40,1
-13,23,1
-21,-18,1
6,-49,1
18,-27,1
32,-12,1
-20,25,1
-3,-26,1
-34,-8,1
-18,-20,1
-1,43,1
-5,-36,1
37,12,1
11,-36,1
32,-15,1
6,-48,1
-23,-42,1
40,-12,1
-16,30,1
31,20,1
19,-37,1
-28,17,1
13,29,1
-15,-37,1
34,29,1
32,34,1
16,-41,1
-9,-42,1
-10,39,1
21,-14,1
25,4,1
-20,23,1
39,-22,1
-30,-7,1
-25,22,1
-32,1,1
21,-23,1
24,10,1
44,4,1
-29,11,1
34,25,1
-28,-21,1
-38,0,1
-44,2,1
9,-32,1
36,6,1
-28,30,1
22,-37,1
2,35,1
33,-17,1
-38,-30,1
-35,-9,1
20,23,1
-21,-21,1
30,15,1
-26,-23,1
32,3,1
-31,3,1
-11,39,1
35,14,1
48,6,1
-41,-4,1
19,39,1
-2,-38,1
-29,-17,1
16,34,1
41,-20,1
-12,-46,1
32,1,1
-41,0,1
25,34,1
-25,-16,1
43,12,1
28,39,1
-28,-8,1
33,2,1
-3,35,1
17,39,1
41,-24,1
-21,-16,1
32,3,1
39,1,1
8,-49,1
-35,18,1
39,4,1
18,-27,1
23,15,1
-27,29,1
-1,-44,1
-18,40,1
11,26,1
2,33,1
43,18,1
-7,-32,1
-7,-36,1
6,-39,1
-31,-25,1
-22,-25,1
46,-5,1
0,-27,1
-33,15,1
46,-13,1
40,8,1
49,-1,1
11,-29,1
20,16,1
16,-26,1
44,10,1
11,48,1
26,24,1
30,29,1
-16,-39,1
11,-23,1
6,29,1
15,-45,1
24,34,1
15,-44,1
15,-22,1
11,24,1
44,-3,1
30,20,1
-19,-39,1
-35,24,1
-35,29,1
22,23,1
45,4,1
-34,17,1
16,-38,1
-42,-16,1
-3,42,1
14,-30,1
-26,32,1
-15,-41,1
43,15,1
-7,-40,1
-9,-29,1
-35,21,1
23,37,1
-47,16,1
-10,-29,1
-41,22,1
-10,41,1
-21,-18,1
19,-36,1
-6,25,1
20,35,1
27,6,1
-24,27,1
13,-42,1
36,-9,1
2,27,1
0,-28,1
-36,19,1
0,32,1
-22,-27,1
-30,21,1
-30,-40,1
22,12,1
31,-8,1
13,22,1
-46,19,1
16,-25,1
-14,-36,1
26,7,1
0,-25,1
-2,43,1
-9,-37,1
37,32,1
-34,-26,1
27,-20,1
-18,28,1
-38,20,1
223,-233,0
-82,297,0
-272,-168,0
18,327,0
59,324,0
296,75,0
-305,-70,0
-181,-261,0
183,273,0
292,134,0
235,-214,0
-13,311,0
-91,313,0
135,-289,0
-60,314,0
206,243,0
305,64,0
-168,-270,0
-222,221,0
267,-152,0
-281,147,0
305,66,0
-296,126,0
-298,-84,0
-314,9,0
-217,-216,0
-303,-85,0
-322,-30,0
274,-153,0
9,311,0
-183,-255,0
-147,289,0
-266,-194,0
-256,-187,0
189,-247,0
-287,-106,0
231,219,0
273,-175,0
-308,-97,0
-242,-196,0
195,-237,0
-294,143,0
95,316,0
205,241,0
199,-249,0
188,-244,0
217,219,0
164,-263,0
-303,124,0
251,211,0
-50,-317,0
312,80,0
-300,137,0
77,-307,0
-278,167,0
7,-319,0
-108,287,0
191,-262,0
317,-33,0
-316,8,0
-233,230,0
213,-250,0
307,-52,0
100,-313,0
-245,200,0
35,307,0
321,-6,0
100,295,0
-304,25,0
-161,-280,0
293,-95,0
-280,-143,0
-126,-300,0
132,-279,0
-32,307,0
-166,262,0
-83,-319,0
-222,-216,0
-139,286,0
-265,164,0
314,-58,0
-291,-104,0
218,243,0
-283,165,0
-267,173,0
320,68,0
235,-224,0
-215,-242,0
-199,243,0
-300,114,0
311,-61,0
235,195,0
113,-308,0
-305,80,0
318,-26,0
-288,122,0
-329,22,0
-306,-50,0
-329,-6,0
9,325,0
-56,-308,0
305,-58,0
249,205,0
291,143,0
-305,-2,0
-296,-110,0
-196,-265,0
-124,284,0
124,296,0
-315,-31,0
310,51,0
-298,-72,0
-118,294,0
-53,-309,0
270,157,0
186,247,0
-301,114,0
305,-29,0
-189,259,0
-227,-207,0
-191,255,0
27,314,0
89,-293,0
-299,-61,0
-304,-44,0
-183,259,0
58,309,0
-142,295,0
-309,11,0
-310,4,0
-206,248,0
-169,-273,0
-267,-172,0
78,309,0
-171,262,0
-63,311,0
229,-233,0
-140,-275,0
-276,142,0
108,304,0
114,283,0
305,-91,0
306,115,0
-166,277,0
-265,177,0
-317,28,0
-84,315,0
-68,-312,0
18,-323,0
-299,-69,0
302,129,0
43,-310,0
236,221,0
-96,-297,0
-248,-193,0
-24,329,0
-289,-111,0
65,306,0
247,-180,0
-314,16,0
-324,-46,0
158,-276,0
211,233,0
-125,-297,0
-245,-217,0
192,242,0
194,-239,0
-305,10,0
329,5,0
-323,-49,0
-216,-249,0
125,-302,0
307,27,0
44,-324,0
-250,213,0
321,-23,0
-315,-38,0
-256,-194,0
-227,220,0
238,218,0
-288,-102,0
-221,224,0
-309,-18,0
-103,313,0
286,-157,0
-217,-231,0
-152,-270,0
-234,-216,0
-258,-186,0
-252,-196,0
19,-312,0
-208,247,0
38,-323,0
104,-295,0
-38,-315,0
204,-229,0
-295,115,0
-299,114,0
277,132,0
281,139,0
-252,210,0
241,-215,0
-319,13,0
102,-290,0
268,167,0
-321,-30,0
203,-258,0
-178,250,0
-26,321,0
156,280,0
146,270,0
110,290,0
318,68,0
183,273,0
-122,300,0
-13,-314,0
-278,156,0
-251,189,0
90,305,0
-232,-203,0
-25,323,0
-323,-11,0
61,323,0
283,131,0
-321,-40,0
-33,319,0
7,305,0
319,-72,0
266,-159,0
-290,148,0
-303,-77,0
55,-301,0
-56,-308,0
65,308,0
-146,-270,0
-200,254,0
-316,50,0
-9,-313,0
27,-316,0
-34,315,0
-300,65,0
-295,98,0
-185,254,0
313,-1,0
-205,-256,0
101,311,0
-51,-313,0
273,160,0
290,-148,0
303,63,0
-52,313,0
-308,16,0
262,-166,0
-301,-122,0
-4,305,0
302,95,0
75,-318,0
9,-309,0
160,-274,0
227,226,0
283,165,0
-291,149,0
-152,276,0
193,-246,0
165,-274,0
-108,-307,0
-243,202,0
-276,173,0
-279,152,0
306,0,0
263,-175,0
-317,-15,0
296,-77,0
278,-143,0
308,33,0
-215,-245,0
128,-280,0
233,231,0
266,170,0
-15,315,0
320,-12,0
-4,309,0
-156,264,0
55,312,0
-157,279,0
-271,-159,0
-252,-202,0
-130,-279,0
-21,312,0
-26,324,0
-305,-48,0
-193,253,0
321,-10,0
273,-145,0
-39,-319,0
-10,-327,0
-300,-95,0
-215,225,0
-186,248,0
-309,-20,0
217,226,0
252,-176,0
284,-165,0
-193,257,0
181,-266,0
-251,-177,0
-269,147,0
127,278,0
-321,-22,0
-251,199,0
301,-117,0
252,178,0
224,-235,0
-289,146,0
-94,291,0
62,-311,0
-293,-136,0
277,131,0
278,149,0
317,27,0
-258,-178,0
-101,305,0
-318,84,0
153,269,0
-304,124,0
-298,108,0
-13,328,0
-17,317,0
309,81,0
172,271,0
217,225,0
-290,96,0
220,227,0
261,174,0
325,-15,0
-66,-308,0
-311,-30,0
-118,303,0
329,18,0
109,-309,0
261,-167,0
107,-286,0
161,-260,0
151,269,0
302,106,0
139,-284,0
294,-141,0
-107,286,0
-287,-139,0
316,38,0
41,-321,0
215,232,0
-194,-252,0
187,268,0
303,-128,0
269,-171,0
-285,-121,0
-186,-262,0
304,123,0
101,-289,0
-321,-69,0
-30,305,0
-192,-245,0
321,43,0
301,-85,0
274,-168,0
256,-191,0
-284,-158,0
-283,-125,0
327,-21,0
261,197,0
-118,302,0
-203,237,0
311,79,0
-185,-263,0
297,-75,0
295,-127,0
-277,-135,0
324,-59,0
-219,219,0
-56,-305,0
269,-171,0
104,308,0
311,-42,0
-94,-315,0
-111,-290,0
283,126,0
294,96,0
-170,267,0
177,-274,0
101,-297,0
285,123,0
306,66,0
112,-307,0
291,108,0
-99,-297,0
-246,186,0
44,308,0
16,-322,0
92,-304,0
-263,183,0
-220,-226,0
266,159,0
-60,-324,0
-59,-310,0
288,-108,0
-105,301,0
211,-247,0
167,276,0
96,-296,0
-324,-21,0
-294,147,0
-256,-190,0
-25,-317,0
-174,271,0
-74,-297,0
99,-296,0
-177,-260,0
4,305,0
253,-195,0
140,287,0
1,-318,0
-232,-210,0
-132,-280,0
275,138,0
297,134,0
294,-147,0
291,-149,0
-25,-316,0
-92,-311,0
-97,297,0
298,136,0
-9,-309,0
-308,58,0
252,182,0
302,95,0
88,295,0
305,-64,0
194,-243,0
-53,-316,0
296,-145,0
-34,-308,0
311,72,0
163,-265,0
-274,163,0
-51,315,0
-113,286,0
303,62,0
-112,286,0
-291,109,0
-184,-247,0
-236,-194,0
-7,307,0
222,-225,0
-119,281,0
-312,-6,0
-104,-300,0
246,-184,0
225,222,0
324,-16,0
159,272,0
316,61,0
-131,-283,0
154,280,0
273,-185,0
263,-160,0
125,-300,0
-207,236,0
-60,-320,0
-255,198,0
-145,-279,0
-27,306,0
320,15,0
-265,169,0
-317,47,0
274,-175,0
322,-17,0
-238,215,0
302,-93,0
-95,-291,0
-302,104,0
-308,-33,0
-232,-217,0
-191,-245,0
-328,-11,0
111,-300,0
-19,323,0
242,-198,0
82,308,0
155,275,0
271,185,0
131,-293,0
-274,-158,0
48,320,0
275,175,0
12,308,0
-109,288,0
273,-157,0
288,-130,0
130,303,0
