35,29,1
-26,38,1
-5,33,1
-10,28,1
-16,32,1
-43,5,1
-10,-41,1
35,-9,1
-39,-21,1
15,21,1
-3,-27,1
38,26,1
27,-25,1
47,5,1
-6,-26,1
-11,-42,1
21,40,1
-24,-25,1
35,-26,1
13,-25,1
42,-26,1
21,-43,1
-32,-15,1
-11,43,1
22,30,1
28,-3,1
24,-31,1
-49,4,1
25,-1,1
36,-29,1
-34,32,1
-25,-36,1
-23,40,1
-5,25,1
30,25,1
14,-25,1
-46,13,1
37,25,1
1,29,1
-27,39,1
-40,-8,1
43,20,1
27,12,1
42,-4,1
42,18,1
8,-31,1
15,40,1
-34,-4,1
32,25,1
14,29,1
-33,-10,1
18,-21,1
-44,11,1
46,-16,1
27,13,1
35,-33,1
22,18,1
41,26,1
39,20,1
-12,34,1
-38,9,1
47,5,1
-35,30,1
-39,-4,1
30,-7,1
-21,35,1
-27,-26,1
26,0,1
8,31,1
13,-34,1
25,-41,1
-33,37,1
25,2,1
16,43,1
-39,-23,1
-5,47,1
26,-23,1
1,-39,1
-5,-48,1
-3,27,1
-19,-23,1
-28,1,1
-35,-32,1
22,-33,1
33,30,1
22,-17,1
21,-38,1
-38,29,1
-10,-45,1
10,38,1
25,29,1
-3,-49,1
28,35,1
-19,-38,1
23,20,1
40,-12,1
22,-19,1
13,-23,1
-28,36,1
5,40,1
-2,-43,1
21,17,1
33,0,1
15,-31,1
-27,-31,1
-1,32,1
-17,37,1
39,1,1
-19,19,1
32,-36,1
-12,-32,1
-43,1,1
-38,11,1
-8,-24,1
-21,22,1
35,-22,1
17,25,1
11,-28,1
9,-40,1
31,-21,1
8,27,1
41,-28,1
-17,-22,1
15,-26,1
-27,-3,1
-32,-20,1
-12,-35,1
-33,-8,1
-41,1,1
37,-1,1
30,-29,1
28,22,1
25,-1,1
-31,39,1
31,-10,1
-39,30,1
34,12,1
-35,23,1
36,-3,1
3,-39,1
33,-3,1
-13,36,1
29,1,1
30,-3,1
25,-39,1
31,11,1
43,-22,1
-1,48,1
-36,6,1
-41,12,1
4,41,1
24,-19,1
4,45,1
-3,31,1
2,-49,1
-37,-6,1
23,41,1
30,39,1
-44,1,1
-18,-42,1
11,-46,1
-14,23,1
-23,-35,1
27,-23,1
-19,-38,1
-36,-23,1
25,36,1
28,8,1
-25,-34,1
-23,-21,1
3,-25,1
-31,-8,1
42,3,1
39,-16,1
-44,18,1
-31,-3,1
-8,-32,1
-44,18,1
-2,-49,1
-45,14,1
7,-26,1
20,-23,1
-24,-32,1
-36,-4,1
11,30,1
28,24,1
29,31,1
36,9,1
-24,-10,1
46,-19,1
-8,48,1
-24,19,1
-34,15,1
-45,-11,1
29,10,1
39,-29,1
10,24,1
44,15,1
-15,-32,1
-7,-43,1
-22,-44,1
-23,11,1
-45,18,1
-1,-35,1
16,-37,1
-33,-30,1
-18,-35,1
37,-7,1
19,-18,1
-33,27,1
13,24,1
-10,-33,1
32,12,1
39,-29,1
-28,-14,1
-3,-43,1
5,-44,1
-24,9,1
19,42,1
-45,20,1
14,-24,1
-26,12,1
38,9,1
-19,20,1
-26,31,1
-23,29,1
-15,29,1
28,3,1
28,-34,1
-46,-9,1
-23,40,1
38,28,1
6,48,1
-37,13,1
24,-26,1
-18,24,1
-16,43,1
40,3,1
-35,5,1
-35,-28,1
-17,29,1
20,16,1
-12,-34,1
-45,-11,1
31,34,1
40,6,1
2,-33,1
41,4,1
43,25,1
11,41,1
36,-14,1
21,35,1
-34,-9,1
-22,25,1
25,7,1
-32,26,1
48,5,1
10,-33,1
25,22,1
-6,33,1
-11,46,1
-1,-41,1
-44,1,1
26,27,1
6,27,1
44,-13,1
-31,11,1
29,-14,1
-22,-23,1
14,40,1
-13,-30,1
-45,21,1
16,-31,1
28,-35,1
-28,-41,1
6,29,1
-41,-23,1
1,38,1
-1,39,1
48,-10,1
17,-37,1
-34,-26,1
-33,34,1
-39,-11,1
-3,-36,1
43,-17,1
13,-31,1
24,31,1
-28,17,1
-27,-42,1
24,-39,1
7,24,1
27,-8,1
-7,34,1
26,-12,1
-11,-32,1
-49,-8,1
-1,42,1
-39,14,1
18,-32,1
37,9,1
-44,-16,1
-22,-14,1
-6,-39,1
12,24,1
-45,11,1
-12,-25,1
7,-31,1
-30,39,1
-23,-37,1
33,-25,1
-28,11,1
29,37,1
0,-46,1
-30,26,1
0,-47,1
21,34,1
31,7,1
-8,45,1
-9,-45,1
21,41,1
21,22,1
-21,14,1
26,19,1
-44,1,1
-9,49,1
0,42,1
30,-35,1
28,4,1
-28,-20,1
-10,45,1
-17,-23,1
-48,10,1
-22,23,1
-30,-36,1
1,-43,1
22,17,1
-36,-26,1
3,-41,1
7,-31,1
24,-21,1
-3,-32,1
-23,-23,1
-29,22,1
-6,33,1
-18,23,1
-9,40,1
-36,0,1
-21,-36,1
-28,-38,1
37,31,1
-34,30,1
-45,0,1
-25,-11,1
38,-14,1
30,39,1
1,-42,1
-17,24,1
-24,23,1
-38,11,1
49,2,1
37,-10,1
-13,45,1
-48,13,1
-9,-40,1
7,28,1
-22,-31,1
8,39,1
4,-29,1
31,25,1
18,42,1
26,17,1
-19,31,1
32,26,1
-19,46,1
-15,-44,1
-12,28,1
10,-38,1
-22,32,1
25,31,1
-25,15,1
-7,-35,1
30,-8,1
41,12,1
-27,-1,1
42,5,1
5,-26,1
0,34,1
26,26,1
-25,17,1
28,-18,1
44,-8,1
22,-31,1
-41,26,1
-36,-31,1
4,-39,1
33,-32,1
-12,-47,1
22,-15,1
-24,-19,1
11,-23,1
-24,-23,1
-47,0,1
-21,21,1
18,21,1
-13,36,1
36,-16,1
-22,-16,1
-47,15,1
25,30,1
19,45,1
-40,-10,1
31,-2,1
17,33,1
-24,-23,1
-27,-17,1
-17,-39,1
9,46,1
19,-41,1
-41,-16,1
-47,0,1
25,-17,1
-24,-32,1
13,34,1
23,-35,1
-29,-30,1
-25,-33,1
-29,35,1
39,-24,1
3,37,1
-23,35,1
-8,-24,1
-31,20,1
33,23,1
-33,-22,1
-11,39,1
-38,7,1
29,-26,1
27,15,1
17,42,1
-22,-24,1
-29,-8,1
17,32,1
38,-15,1
-22,17,1
-20,-28,1
-36,6,1
-27,34,1
-31,-31,1
29,21,1
-48,-2,1
-24,-34,1
15,-22,1
-1,-40,1
0,27,1
34,14,1
16,20,1
30,6,1
36,16,1
-33,-6,1
35,-24,1
-29,-14,1
-41,13,1
19,33,1
35,22,1
-27,-17,1
26,17,1
21,19,1
34,4,1
13,30,1
29,-10,1
14,34,1
-26,-32,1
41,-10,1
-5,40,1
27,-3,1
-4,-26,1
-37,11,1
6,-46,1
-24,-11,1
4,33,1
20,17,1
-25,-20,1
-36,14,1
40,5,1
-18,41,1
-24,29,1
41,-6,1
10,-47,1
25,-38,1
-27,-42,1
-11,-45,1
-1,37,1
46,-14,1
-3,41,1
36,-34,1
-8,33,1
-27,17,1
-15,-38,1
3,-37,1
-148,45,0
-155,11,0
91,-105,0
156,-16,0
99,106,0
113,-95,0
69,135,0
112,103,0
-37,141,0
-120,97,0
-7,-150,0
-113,112,0
141,-31,0
108,-115,0
86,111,0
-91,101,0
-59,-122,0
97,110,0
84,126,0
18,-134,0
-119,83,0
86,116,0
-24,-140,0
159,10,0
153,-8,0
114,87,0
-99,-108,0
66,-134,0
-122,-97,0
-140,73,0
-120,-77,0
23,-144,0
134,80,0
-14,-140,0
-96,-104,0
34,-152,0
-151,3,0
5,154,0
62,145,0
-140,-59,0
-138,-45,0
-14,140,0
-147,-4,0
144,59,0
-16,155,0
-132,-78,0
80,119,0
129,87,0
124,-60,0
78,137,0
-15,155,0
117,-101,0
-93,125,0
138,58,0
-145,-1,0
124,61,0
-143,-34,0
-91,-124,0
85,-128,0
148,22,0
-123,-81,0
127,-94,0
65,139,0
141,24,0
-154,40,0
111,108,0
-22,-139,0
-18,-153,0
-59,-126,0
-111,81,0
152,-20,0
148,-26,0
43,-152,0
29,-139,0
-27,151,0
137,72,0
-103,119,0
-158,14,0
10,144,0
85,131,0
105,-114,0
101,-123,0
141,37,0
24,-153,0
-124,61,0
61,140,0
65,139,0
-145,54,0
-65,131,0
-140,-18,0
7,-147,0
5,-145,0
-38,131,0
71,-142,0
115,-75,0
36,-148,0
94,-106,0
67,-125,0
113,100,0
-145,39,0
147,26,0
-72,128,0
15,-143,0
-85,113,0
3,-144,0
76,130,0
-110,-116,0
-119,73,0
-132,-67,0
36,-138,0
140,-41,0
-13,-140,0
-92,-105,0
72,-120,0
1,-154,0
33,140,0
-99,124,0
11,138,0
151,-4,0
-10,140,0
113,-76,0
29,146,0
-34,-145,0
-150,26,0
-147,23,0
49,-134,0
-21,-153,0
-102,-115,0
-136,43,0
94,124,0
-137,-9,0
-71,128,0
38,145,0
127,-82,0
-89,-106,0
-84,118,0
-80,-132,0
29,137,0
-48,136,0
95,-113,0
-128,46,0
132,68,0
62,130,0
-103,-97,0
103,103,0
-80,110,0
-103,103,0
-155,35,0
133,80,0
113,-88,0
91,104,0
89,-130,0
-10,-144,0
39,-138,0
-91,-100,0
21,154,0
-57,127,0
93,106,0
-52,-140,0
-47,-144,0
133,-84,0
65,142,0
-104,-101,0
44,143,0
127,-70,0
149,47,0
111,114,0
-103,-115,0
-131,-41,0
-94,-103,0
-104,-115,0
-48,139,0
-102,113,0
107,106,0
16,137,0
66,-144,0
87,-126,0
-17,154,0
-137,51,0
116,-92,0
123,83,0
31,149,0
-112,96,0
91,-114,0
-81,-133,0
73,137,0
-141,-40,0
43,-150,0
35,-145,0
-29,-157,0
-155,-22,0
-40,-149,0
-118,72,0
103,121,0
95,111,0
5,-149,0
-19,-145,0
-42,150,0
140,-23,0
12,-145,0
-99,111,0
137,-54,0
-11,-139,0
-68,-117,0
96,-99,0
-134,62,0
-7,143,0
104,114,0
147,-37,0
38,145,0
150,37,0
-82,-130,0
44,130,0
-142,4,0
148,10,0
117,-76,0
67,137,0
18,-148,0
-122,-76,0
-110,83,0
-109,-95,0
95,-110,0
-25,134,0
147,12,0
130,59,0
114,-80,0
48,145,0
-132,75,0
102,-93,0
-82,-123,0
98,-112,0
146,2,0
87,-110,0
151,16,0
19,135,0
132,31,0
156,-21,0
-96,113,0
-135,-32,0
-56,135,0
85,108,0
26,146,0
84,126,0
129,43,0
-22,-148,0
79,128,0
-14,-154,0
20,158,0
118,98,0
144,64,0
150,-38,0
6,158,0
82,137,0
-75,-127,0
-151,-18,0
-86,-130,0
1,158,0
-96,-125,0
82,-124,0
-143,-58,0
130,-72,0
-123,-69,0
-145,32,0
94,99,0
135,-34,0
110,98,0
-60,-123,0
-142,-42,0
-51,-150,0
121,-94,0
41,-144,0
36,149,0
35,-147,0
88,-133,0
-70,-128,0
-108,99,0
123,-76,0
-7,-140,0
-133,-47,0
-24,-152,0
76,-136,0
72,138,0
-154,36,0
11,-139,0
-109,109,0
125,55,0
-145,53,0
114,-98,0
-88,-133,0
59,-125,0
16,-140,0
60,128,0
-130,58,0
-110,-93,0
-121,-73,0
150,38,0
51,-126,0
-100,-94,0
-13,-140,0
-56,131,0
-67,-128,0
58,140,0
-70,136,0
94,109,0
26,-139,0
154,-17,0
62,-145,0
39,-145,0
-52,130,0
127,-59,0
-40,131,0
144,48,0
-88,-126,0
51,134,0
87,-113,0
-129,50,0
-117,-88,0
88,108,0
110,105,0
-48,-144,0
-16,152,0
-30,-143,0
103,118,0
-136,17,0
-152,1,0
-95,-103,0
85,119,0
-56,132,0
129,-79,0
-136,46,0
-132,45,0
142,60,0
-149,8,0
4,-142,0
-148,-17,0
-27,-153,0
93,130,0
152,-43,0
-159,-8,0
126,69,0
144,-44,0
-145,-21,0
-146,45,0
115,-99,0
-21,155,0
148,14,0
11,154,0
138,78,0
-137,67,0
-133,-72,0
-148,-56,0
-51,-128,0
103,96,0
-142,70,0
-34,136,0
-4,140,0
-37,-131,0
-125,91,0
-40,130,0
101,-90,0
-72,-136,0
109,106,0
-81,-132,0
-29,157,0
12,138,0
124,75,0
126,-56,0
-59,-133,0
149,47,0
82,134,0
-13,-144,0
-137,-21,0
121,60,0
-156,23,0
-117,78,0
-108,-105,0
66,-126,0
157,11,0
-146,-47,0
-128,-94,0
63,128,0
102,107,0
99,-120,0
58,131,0
69,-141,0
67,131,0
57,-130,0
-157,9,0
-114,87,0
138,-38,0
-64,145,0
-60,122,0
-19,-144,0
-41,-146,0
-135,40,0
155,21,0
-38,137,0
99,-114,0
-41,144,0
-26,148,0
142,64,0
-140,12,0
-152,-20,0
107,-114,0
0,-141,0
-126,-82,0
-109,111,0
-68,-128,0
35,-133,0
-85,128,0
85,127,0
70,138,0
-58,-141,0
151,6,0
2,-142,0
1,150,0
-84,125,0
-92,-121,0
125,-96,0
-105,-114,0
-59,-131,0
-137,27,0
-69,124,0
75,138,0
138,-43,0
-93,-105,0
-109,-85,0
-38,132,0
100,94,0
158,-19,0
-122,88,0
-21,-153,0
17,-144,0
-39,148,0
152,-49,0
63,-129,0
134,40,0
14,152,0
30,147,0
25,-142,0
7,140,0
-40,148,0
91,-110,0
-59,-131,0
-118,77,0
73,119,0
-28,-144,0
-111,-91,0
145,-3,0
-35,-150,0
-138,16,0
-59,-132,0
-126,84,0
135,-9,0
-29,145,0
2,143,0
151,52,0
-80,111,0
-17,-135,0
131,74,0
119,-95,0
-130,62,0
139,75,0
154,-28,0
84,106,0
140,45,0
26,-145,0
9,-145,0
-74,121,0
90,-131,0
-31,143,0
138,57,0
137,20,0
-81,117,0
2,-135,0
42,-141,0
-149,-37,0
-25,149,0
-29,-151,0
-6,-149,0
146,-31,0
13,-145,0
153,19,0
-63,-138,0
-43,131,0
99,101,0
52,-146,0
-49,137,0
32,-146,0
-145,-22,0
68,-120,0
-136,5,0
-137,-76,0
-83,-121,0
-67,-130,0
157,14,0
-123,80,0
-134,-58,0
-104,112,0
-46,138,0
