-18,-23,1
25,-13,1
26,34,1
-41,-1,1
-1,27,1
-4,-46,1
-3,41,1
-37,-22,1
30,14,1
10,-30,1
-20,-20,1
3,-37,1
7,-38,1
24,38,1
-9,40,1
1,48,1
28,17,1
35,-34,1
-25,0,1
-21,-28,1
26,35,1
2,49,1
34,-8,1
35,-34,1
1,-48,1
42,0,1
-33,30,1
-30,40,1
-35,1,1
29,-27,1
46,14,1
38,-7,1
-39,24,1
-15,24,1
43,7,1
-35,-27,1
-35,-9,1
-8,36,1
26,31,1
27,23,1
-18,30,1
-41,5,1
-28,33,1
31,-35,1
-7,30,1
-37,33,1
-41,21,1
-21,-34,1
12,-34,1
-24,-24,1
48,11,1
34,2,1
22,-24,1
27,0,1
-40,-20,1
35,-14,1
-4,33,1
-38,8,1
-31,18,1
-29,6,1
12,-25,1
16,39,1
-32,-3,1
6,-43,1
-2,-33,1
-41,-14,1
-11,-38,1
-32,13,1
-37,-33,1
36,-8,1
36,9,1
22,31,1
-33,-9,1
15,-39,1
9,36,1
43,13,1
-42,-7,1
-30,40,1
43,-11,1
30,-40,1
-3,40,1
-41,14,1
23,-22,1
31,-19,1
-40,7,1
23,22,1
38,15,1
-17,-40,1
1,-46,1
-26,-17,1
-33,10,1
46,3,1
12,45,1
19,24,1
25,-21,1
-28,-16,1
23,23,1
-23,-18,1
-27,16,1
-42,-18,1
-25,-31,1
-26,30,1
47,-10,1
26,28,1
39,-31,1
16,33,1
-17,-24,1
-1,-39,1
28,-21,1
-20,-30,1
19,-27,1
8,-46,1
36,24,1
47,-15,1
-35,23,1
-6,-30,1
-10,29,1
-34,36,1
-10,24,1
-5,26,1
10,46,1
-20,35,1
39,-17,1
33,13,1
29,-15,1
25,-8,1
-12,26,1
-44,-20,1
-24,-16,1
37,-7,1
2,-27,1
-16,-32,1
-46,-7,1
-15,-43,1
-23,29,1
-19,-36,1
33,-34,1
9,32,1
9,-28,1
-34,-17,1
-31,-35,1
-24,28,1
-39,29,1
-10,31,1
2,29,1
-11,23,1
-35,12,1
48,4,1
4,48,1
-11,-28,1
42,15,1
-37,-28,1
-32,-28,1
-4,30,1
31,-14,1
25,31,1
19,-42,1
-41,20,1
-23,18,1
-43,3,1
18,31,1
28,33,1
39,-7,1
-10,26,1
28,16,1
-3,25,1
-28,-27,1
-9,-27,1
-28,26,1
-27,-5,1
38,26,1
-16,26,1
35,32,1
-18,-32,1
32,7,1
16,36,1
-3,33,1
-25,3,1
26,-30,1
-31,12,1
30,18,1
-28,-10,1
9,27,1
34,-7,1
-10,42,1
37,-26,1
13,-47,1
34,-14,1
11,30,1
25,42,1
46,18,1
-15,-42,1
-3,-49,1
28,39,1
-6,47,1
11,-37,1
22,-38,1
2,49,1
37,-29,1
-16,25,1
-22,-31,1
-19,44,1
7,-36,1
-30,8,1
33,-7,1
0,31,1
38,-1,1
3,28,1
3,-40,1
33,29,1
-15,26,1
31,-8,1
38,-19,1
-25,-26,1
-24,17,1
13,-44,1
-16,-26,1
33,-3,1
-21,-27,1
34,-22,1
40,-30,1
29,26,1
35,6,1
0,-35,1
40,-13,1
8,33,1
7,-46,1
-13,46,1
-4,37,1
13,-42,1
-26,11,1
-26,-39,1
41,15,1
26,25,1
18,-24,1
1,32,1
-28,10,1
22,-22,1
6,-39,1
-13,45,1
32,-38,1
-24,21,1
35,35,1
42,-15,1
5,-26,1
-1,28,1
24,17,1
-34,-16,1
35,-24,1
-22,-40,1
-39,-23,1
-3,-26,1
-39,-11,1
-43,2,1
-9,28,1
26,-14,1
8,-39,1
29,11,1
9,-35,1
-26,10,1
-29,-10,1
13,-32,1
8,-40,1
20,26,1
-5,33,1
-2,30,1
23,-12,1
24,24,1
-46,6,1
-21,-18,1
-21,16,1
-36,1,1
-47,-5,1
-25,17,1
23,30,1
-18,36,1
-19,-37,1
-22,40,1
-6,46,1
-41,-11,1
40,-2,1
37,-7,1
-12,39,1
-29,-19,1
25,19,1
38,18,1
49,5,1
34,-33,1
28,-20,1
-27,-16,1
38,-26,1
25,-13,1
-19,-46,1
-6,28,1
47,2,1
-44,-4,1
-22,14,1
32,32,1
-34,5,1
14,35,1
-30,-32,1
4,37,1
35,6,1
43,0,1
12,-48,1
-12,40,1
-29,-13,1
8,26,1
-27,-22,1
46,19,1
22,-29,1
-7,49,1
14,47,1
17,-38,1
16,28,1
5,32,1
21,30,1
-47,-8,1
-35,5,1
0,-36,1
26,-40,1
-39,2,1
1,48,1
19,-32,1
-5,-31,1
-16,-23,1
-27,31,1
24,36,1
42,15,1
-45,15,1
-25,17,1
-39,-22,1
4,-31,1
16,36,1
29,25,1
-15,-34,1
25,-34,1
-36,23,1
20,-32,1
-26,41,1
25,20,1
23,-36,1
36,-8,1
39,11,1
23,-44,1
28,-37,1
-45,-14,1
29,25,1
-8,41,1
39,-30,1
12,-39,1
25,-14,1
40,-16,1
-40,-5,1
-34,-31,1
-27,0,1
-36,32,1
8,-30,1
14,-25,1
-26,23,1
-40,-13,1
-7,33,1
30,13,1
-3,27,1
24,25,1
-36,5,1
25,-26,1
9,-49,1
-42,-7,1
-39,-1,1
35,-32,1
-3,-43,1
-24,-20,1
-17,-40,1
-34,19,1
12,40,1
-45,-12,1
-34,2,1
39,-29,1
34,19,1
16,-28,1
24,9,1
33,-26,1
2,33,1
-32,14,1
-23,-13,1
41,4,1
-41,10,1
8,-29,1
-31,7,1
-39,-2,1
24,26,1
-43,15,1
-42,-24,1
-49,-3,1
34,-8,1
33,8,1
44,-17,1
26,-12,1
-40,-8,1
27,-37,1
-39,-28,1
14,33,1
-48,-7,1
-7,-42,1
-22,-15,1
-43,22,1
-46,-9,1
-23,28,1
30,28,1
-2,-39,1
27,15,1
-19,36,1
-24,35,1
44,-11,1
46,4,1
-30,21,1
2,37,1
6,-31,1
-1,-32,1
-11,44,1
-35,11,1
25,8,1
13,-29,1
11,43,1
-7,-34,1
-46,-7,1
25,4,1
-25,-39,1
-37,1,1
-33,9,1
28,-9,1
11,-38,1
-39,-13,1
-27,37,1
-30,-32,1
-32,8,1
24,10,1
-13,-44,1
29,2,1
-40,-13,1
-37,-28,1
-14,42,1
-16,39,1
46,7,1
11,-23,1
-31,-10,1
34,21,1
-31,-33,1
42,2,1
23,-19,1
29,21,1
-45,9,1
-7,29,1
10,26,1
40,-14,1
-43,-1,1
2,48,1
-33,-30,1
-21,-17,1
8,-34,1
1,-47,1
45,-3,1
-14,41,1
-35,6,1
-42,20,1
21,36,1
-22,-24,1
37,-28,1
33,16,1
-16,23,1
-34,5,1
29,-26,1
22,-26,1
6,-38,1
43,24,1
37,30,1
-46,-17,1
-38,-8,1
-17,42,1
33,8,1
-33,-14,1
-34,1,1
38,-24,1
-32,20,1
29,-3,1
19,18,1
-30,8,1
17,31,1
4,-28,1
-31,26,1
-24,-40,1
40,-3,1
35,-27,1
21,21,1
-30,26,1
-36,-2,1
-31,22,1
12,30,1
32,23,1
-110,-90,0
9,-157,0
-13,155,0
-127,80,0
-117,-94,0
-139,54,0
139,-36,0
-117,-99,0
94,-117,0
-145,63,0
112,-104,0
-124,68,0
120,-82,0
-84,-115,0
-145,10,0
24,154,0
12,-146,0
-102,104,0
-29,133,0
152,-48,0
-121,102,0
-27,155,0
153,21,0
-114,-74,0
-36,-132,0
54,138,0
56,128,0
145,-52,0
103,93,0
-143,-46,0
144,2,0
-138,6,0
53,138,0
-54,-133,0
123,97,0
18,-144,0
-8,-147,0
-125,82,0
133,67,0
-139,44,0
-134,-73,0
-25,-142,0
-60,125,0
152,-25,0
-104,97,0
86,109,0
119,-73,0
103,94,0
-67,-128,0
63,-135,0
11,143,0
-134,67,0
-21,-156,0
82,112,0
-101,118,0
-111,87,0
91,108,0
-142,46,0
0,138,0
117,-84,0
103,-111,0
-110,98,0
119,97,0
-152,-19,0
-121,-98,0
154,-37,0
-138,-76,0
137,-67,0
-80,132,0
145,2,0
-1,-153,0
-104,-112,0
87,-107,0
-101,94,0
-125,-97,0
106,115,0
-14,143,0
-143,-50,0
144,-33,0
107,111,0
-72,-133,0
-140,-26,0
-139,-69,0
157,28,0
28,144,0
-67,145,0
145,-41,0
84,130,0
-15,-144,0
-14,144,0
82,-114,0
-81,112,0
108,112,0
10,151,0
46,127,0
-124,72,0
-143,54,0
-50,151,0
155,-6,0
-112,-99,0
25,140,0
136,-73,0
145,48,0
-128,-54,0
-135,64,0
110,-113,0
-63,128,0
139,-76,0
-108,-112,0
120,-82,0
-13,-148,0
114,-86,0
-47,-141,0
-35,-137,0
-18,137,0
140,-10,0
-87,117,0
133,83,0
-159,1,0
-95,-119,0
131,-63,0
-60,-135,0
112,111,0
-42,131,0
142,-66,0
109,-101,0
-73,130,0
-135,-38,0
1,159,0
135,-35,0
132,82,0
110,-105,0
71,119,0
22,145,0
148,46,0
-126,91,0
23,-155,0
-66,-145,0
144,-10,0
-128,63,0
31,149,0
-81,-108,0
112,-94,0
-124,-86,0
129,69,0
55,137,0
124,-69,0
149,-35,0
-63,125,0
-144,-2,0
-65,124,0
31,-145,0
127,58,0
-32,132,0
152,22,0
154,-34,0
61,-143,0
-87,129,0
100,-104,0
-86,110,0
-127,64,0
-123,-81,0
-149,-8,0
97,103,0
-80,-123,0
108,-117,0
-141,-16,0
75,-129,0
140,-22,0
-11,-157,0
92,99,0
150,45,0
-114,75,0
-3,156,0
18,-151,0
-49,-131,0
60,-123,0
5,141,0
-10,136,0
-85,119,0
88,-122,0
61,132,0
-67,126,0
-105,92,0
131,73,0
129,87,0
-143,44,0
-118,79,0
32,148,0
-63,130,0
-41,151,0
-65,132,0
-69,143,0
120,-78,0
-111,-87,0
-4,-146,0
-25,-141,0
-147,22,0
79,-114,0
122,76,0
-148,-17,0
-52,-131,0
138,25,0
91,100,0
7,148,0
-143,-16,0
130,-87,0
-46,136,0
-128,52,0
-148,-31,0
-147,-15,0
102,90,0
-57,-147,0
-135,-35,0
115,74,0
-104,115,0
-107,-94,0
-57,-137,0
149,-11,0
-99,94,0
-52,130,0
-149,30,0
120,-67,0
-41,133,0
144,-28,0
86,-127,0
48,141,0
-126,72,0
-103,-94,0
-137,-76,0
-6,135,0
-104,103,0
117,-79,0
-129,-81,0
-48,142,0
76,139,0
145,-55,0
127,93,0
-144,-57,0
-75,-117,0
82,121,0
-128,66,0
85,-129,0
120,-65,0
-12,-136,0
-109,-107,0
-127,-69,0
-24,142,0
100,106,0
-118,88,0
-44,140,0
-21,151,0
-135,-82,0
159,-11,0
47,-136,0
-102,-113,0
16,141,0
20,-136,0
35,133,0
-92,-118,0
120,80,0
43,151,0
130,-37,0
73,-131,0
36,-150,0
55,131,0
121,96,0
-110,-105,0
-58,-140,0
156,11,0
-71,119,0
68,-127,0
52,137,0
134,-50,0
-150,31,0
-72,136,0
112,-102,0
0,-160,0
-46,145,0
13,-148,0
148,58,0
-146,29,0
-139,-27,0
-128,86,0
152,41,0
-119,93,0
34,145,0
-103,-94,0
-78,-125,0
111,89,0
102,120,0
144,-23,0
-15,-156,0
137,-42,0
19,156,0
-140,-4,0
-49,-143,0
-92,-104,0
153,-29,0
56,-127,0
-20,-138,0
-23,-136,0
-78,-124,0
152,17,0
154,-8,0
21,-154,0
-8,141,0
93,-130,0
-151,-40,0
126,-50,0
-103,-105,0
-136,-4,0
-158,13,0
-51,-151,0
-58,140,0
47,-142,0
108,-115,0
-137,-26,0
-122,-68,0
-113,90,0
-91,-116,0
-125,85,0
93,108,0
146,59,0
-3,-141,0
10,-135,0
28,133,0
125,-94,0
-59,135,0
-52,-138,0
114,83,0
151,-15,0
118,-96,0
-59,-126,0
12,136,0
-98,-110,0
-103,-100,0
-91,-104,0
-145,-5,0
132,45,0
-17,136,0
54,-132,0
-6,-148,0
50,-146,0
131,-44,0
126,-69,0
65,119,0
92,121,0
106,-100,0
-79,131,0
38,-143,0
-147,-31,0
-122,-64,0
-134,59,0
138,20,0
51,132,0
135,-29,0
-28,152,0
146,39,0
11,144,0
57,144,0
-93,-109,0
-136,-75,0
-125,-98,0
-147,22,0
-15,-147,0
-150,-35,0
133,33,0
78,-120,0
114,-85,0
-98,108,0
145,47,0
-86,105,0
72,132,0
15,-135,0
143,54,0
112,103,0
148,44,0
38,-155,0
149,-8,0
69,-132,0
64,144,0
2,141,0
114,-110,0
-148,51,0
-6,-138,0
-62,147,0
122,-90,0
21,152,0
140,60,0
80,-131,0
136,20,0
138,-27,0
-145,44,0
41,-135,0
13,-136,0
137,14,0
129,-46,0
107,-88,0
-103,117,0
-12,136,0
157,14,0
94,-108,0
-61,131,0
108,-113,0
106,110,0
-115,-94,0
132,-62,0
-64,-137,0
84,131,0
109,-100,0
-110,115,0
92,120,0
118,95,0
143,41,0
-9,152,0
-75,129,0
136,29,0
-117,-88,0
144,-62,0
-88,120,0
16,-145,0
-65,142,0
-122,95,0
-84,-130,0
74,136,0
-28,150,0
-141,11,0
16,-150,0
115,81,0
76,128,0
-150,-27,0
25,155,0
55,129,0
-145,-30,0
142,43,0
-157,3,0
-89,130,0
-39,-151,0
-120,98,0
-46,146,0
107,117,0
-118,68,0
-139,-24,0
152,-9,0
142,-50,0
-17,154,0
-36,-154,0
-34,152,0
-1,-154,0
140,11,0
50,-134,0
-97,-95,0
-138,-11,0
136,-7,0
105,-101,0
92,-125,0
-137,15,0
25,151,0
-146,16,0
-112,-108,0
-42,151,0
-149,-27,0
49,-146,0
150,-39,0
-144,59,0
54,124,0
-101,116,0
51,-142,0
68,-144,0
95,-102,0
154,-9,0
-90,-119,0
-139,76,0
-133,-87,0
-118,-77,0
73,-137,0
46,135,0
-142,4,0
64,121,0
-77,125,0
18,134,0
90,-114,0
6,138,0
-143,-65,0
16,137,0
159,-10,0
33,-154,0
70,-131,0
52,125,0
109,-93,0
144,-2,0
-136,24,0
146,49,0
-71,-116,0
125,-55,0
-10,152,0
-153,18,0
25,138,0
-140,34,0
