20,-15,1
38,17,1
38,-15,1
38,18,1
24,-34,1
20,28,1
-9,-48,1
44,-5,1
29,17,1
-5,-34,1
0,-47,1
17,-29,1
-4,-35,1
26,23,1
-17,-19,1
4,-33,1
11,-36,1
33,29,1
0,45,1
-24,36,1
24,10,1
-41,-10,1
40,-15,1
39,0,1
-14,-44,1
-30,40,1
-39,26,1
-43,-10,1
-22,17,1
25,40,1
34,25,1
-16,-39,1
-44,-17,1
-41,-10,1
14,40,1
-26,-22,1
36,-23,1
16,-27,1
11,41,1
-35,-4,1
3,-36,1
-8,31,1
-28,29,1
27,8,1
18,32,1
31,36,1
-10,-27,1
26,41,1
-26,7,1
-26,26,1
42,12,1
-16,41,1
30,21,1
-4,-27,1
39,-23,1
34,-15,1
-43,14,1
37,4,1
16,-46,1
-38,6,1
-28,7,1
7,31,1
-37,-20,1
-20,32,1
-21,26,1
-22,-12,1
28,22,1
-26,-12,1
6,-36,1
46,-9,1
-23,-43,1
-41,-4,1
16,36,1
17,22,1
-42,-26,1
27,-42,1
22,43,1
44,1,1
-35,7,1
-42,27,1
24,-29,1
2,36,1
-4,28,1
20,-32,1
-40,11,1
11,44,1
-35,-31,1
-27,-26,1
-30,0,1
20,21,1
-26,33,1
31,-23,1
22,44,1
-25,-17,1
-27,2,1
-40,12,1
26,38,1
-29,-8,1
-20,-29,1
8,34,1
18,-43,1
44,23,1
-31,9,1
24,10,1
25,28,1
-4,-46,1
-18,32,1
27,25,1
47,-4,1
26,-33,1
42,-14,1
-4,-45,1
6,33,1
-10,-34,1
20,16,1
40,29,1
22,-43,1
1,31,1
48,-12,1
-41,10,1
42,27,1
-31,15,1
-28,-25,1
29,18,1
44,18,1
-47,7,1
12,38,1
-33,14,1
14,-23,1
26,-40,1
-37,14,1
-23,-25,1
20,15,1
-8,40,1
42,-14,1
40,-25,1
-15,-46,1
4,-37,1
16,47,1
-8,49,1
39,28,1
-1,29,1
48,8,1
-33,5,1
4,31,1
-14,-33,1
2,27,1
-24,-40,1
-29,-14,1
26,-32,1
-20,-21,1
-42,14,1
34,-4,1
29,-15,1
-41,-19,1
-26,2,1
26,38,1
-42,20,1
35,34,1
-36,-5,1
-31,30,1
41,19,1
-25,-34,1
21,-27,1
40,21,1
3,-29,1
-35,23,1
31,14,1
-18,24,1
29,-34,1
32,15,1
22,12,1
-30,33,1
-41,-9,1
-21,17,1
25,-38,1
3,-32,1
-21,39,1
-35,7,1
17,-39,1
13,-34,1
-27,-25,1
4,-32,1
13,37,1
32,17,1
-35,29,1
26,23,1
8,-30,1
37,25,1
26,24,1
-20,33,1
38,29,1
26,2,1
24,36,1
-45,17,1
7,-32,1
28,31,1
-7,32,1
-24,26,1
-31,11,1
34,-14,1
-48,2,1
32,15,1
-29,-15,1
-26,-16,1
-3,34,1
31,-32,1
-20,-18,1
-40,-23,1
-31,15,1
-16,38,1
-23,14,1
41,21,1
26,19,1
-26,14,1
26,-25,1
1,-30,1
-17,22,1
3,25,1
-11,-26,1
-10,-48,1
-12,23,1
23,34,1
32,-14,1
-19,-34,1
25,35,1
32,21,1
14,31,1
25,-3,1
-24,-36,1
32,-30,1
-33,1,1
-4,42,1
32,-32,1
-5,31,1
21,16,1
3,31,1
-32,0,1
6,40,1
-17,47,1
-2,49,1
34,30,1
22,-30,1
24,-25,1
-1,33,1
-35,22,1
-10,32,1
27,32,1
33,34,1
3,33,1
16,42,1
12,27,1
2,-46,1
-28,4,1
17,-47,1
-13,34,1
-6,44,1
-26,0,1
-24,-11,1
-18,25,1
-27,28,1
45,6,1
-28,10,1
-35,19,1
14,43,1
37,-7,1
-21,-31,1
-21,44,1
-24,32,1
-3,-38,1
-21,-40,1
23,24,1
28,-34,1
-26,12,1
-26,-15,1
1,-30,1
29,-17,1
-40,-16,1
32,15,1
12,42,1
42,10,1
29,-23,1
23,-40,1
-40,-7,1
-6,29,1
-25,5,1
-13,-46,1
-14,46,1
-32,23,1
30,18,1
31,-23,1
48,14,1
-48,-6,1
11,-30,1
-48,1,1
-17,19,1
23,-31,1
33,26,1
-30,-21,1
-27,5,1
-32,8,1
19,30,1
21,-19,1
-25,26,1
32,-38,1
8,-47,1
28,36,1
-25,-39,1
-27,31,1
-46,-5,1
24,10,1
15,27,1
-6,-32,1
34,-3,1
9,-33,1
-10,41,1
45,3,1
-32,23,1
-8,-32,1
-18,44,1
-9,29,1
-42,-11,1
4,47,1
37,-18,1
-20,35,1
3,40,1
-35,23,1
-49,-1,1
-8,43,1
-34,-6,1
-9,-47,1
-14,-35,1
0,27,1
-7,28,1
-14,-26,1
2,48,1
18,-39,1
-29,-22,1
21,-41,1
-35,22,1
45,-1,1
-24,-14,1
-40,-5,1
10,-40,1
-33,2,1
21,-16,1
47,5,1
-14,-41,1
29,31,1
-43,22,1
-24,25,1
43,17,1
-30,-32,1
38,20,1
-33,23,1
2,49,1
25,35,1
-24,-26,1
46,-1,1
28,28,1
35,13,1
-43,11,1
-30,-40,1
-9,-46,1
-18,20,1
4,-46,1
-15,42,1
-15,-47,1
22,37,1
-18,36,1
-43,-7,1
-28,4,1
31,-20,1
-47,-6,1
-25,21,1
-3,45,1
-44,-5,1
-30,26,1
-2,-25,1
-12,-47,1
6,49,1
2,-48,1
-10,44,1
-27,-1,1
-13,-28,1
9,29,1
-22,-34,1
7,49,1
-43,12,1
25,28,1
8,46,1
-22,-16,1
-29,-12,1
-12,-47,1
-1,48,1
-41,-16,1
-7,-25,1
10,45,1
-41,27,1
-29,15,1
-20,-40,1
39,2,1
25,-18,1
-25,42,1
-19,-44,1
-34,18,1
-13,34,1
38,-26,1
29,-5,1
17,29,1
-21,-28,1
10,-45,1
-47,-16,1
-48,7,1
13,38,1
-8,-35,1
41,-19,1
40,12,1
5,-36,1
-45,-19,1
27,-18,1
18,-29,1
-1,-45,1
-20,27,1
-18,-37,1
25,-1,1
2,43,1
34,23,1
-39,-17,1
-38,13,1
-33,-19,1
36,14,1
-38,-15,1
7,-39,1
21,-20,1
-29,32,1
-33,-29,1
27,-17,1
35,-34,1
29,0,1
-35,17,1
40,30,1
-40,22,1
-24,-19,1
-29,35,1
-44,-7,1
4,-35,1
-2,-30,1
26,3,1
32,-3,1
11,45,1
-31,-4,1
-47,-14,1
-18,-41,1
-42,8,1
-4,32,1
38,15,1
33,-19,1
-42,13,1
22,-30,1
31,-8,1
-27,36,1
-37,11,1
-21,43,1
-30,7,1
-41,-19,1
36,-5,1
32,-33,1
19,31,1
23,-42,1
-33,28,1
-36,2,1
-27,14,1
10,30,1
-37,0,1
8,-45,1
-8,42,1
21,44,1
14,21,1
7,32,1
41,18,1
-46,-13,1
-31,7,1
40,-27,1
-9,-30,1
-22,22,1
-5,-48,1
-15,-25,1
-20,35,1
26,31,1
-29,-29,1
11,-38,1
39,16,1
-28,9,1
26,-19,1
33,19,1
-6,-33,1
16,-39,1
18,28,1
27,23,1
-149,-43,0
127,80,0
-42,-130,0
36,155,0
-153,17,0
-113,-96,0
148,-5,0
81,121,0
136,75,0
-134,-40,0
-112,87,0
30,133,0
122,-73,0
-4,-135,0
5,-135,0
-95,-111,0
18,141,0
-137,-34,0
-123,56,0
-143,70,0
55,-143,0
-132,87,0
117,91,0
157,30,0
147,5,0
-144,51,0
-135,-23,0
-78,125,0
55,-136,0
-118,-70,0
97,-113,0
-128,46,0
98,116,0
100,-92,0
-150,25,0
-44,-139,0
-111,87,0
105,96,0
70,-124,0
24,149,0
-140,-38,0
-148,-43,0
139,39,0
-41,-138,0
90,117,0
11,-136,0
-151,-11,0
-85,-120,0
-144,25,0
157,17,0
121,-66,0
-58,-124,0
-32,137,0
153,3,0
132,-78,0
2,140,0
106,-98,0
-62,-120,0
-35,-150,0
140,-51,0
-25,-145,0
29,-134,0
-142,-58,0
151,-52,0
-158,-8,0
-46,-149,0
20,140,0
8,-143,0
148,-47,0
30,-147,0
-46,-144,0
-20,141,0
-148,-8,0
-140,-26,0
-152,25,0
-94,124,0
-127,84,0
158,-14,0
89,110,0
-133,-29,0
-143,-9,0
107,93,0
144,-6,0
99,100,0
-61,143,0
16,147,0
-41,-140,0
131,37,0
114,98,0
-123,80,0
65,143,0
71,120,0
-122,-102,0
-36,-144,0
-147,16,0
100,-117,0
154,34,0
-115,91,0
30,140,0
151,25,0
-58,-146,0
110,-93,0
-112,88,0
-123,-79,0
-150,-33,0
13,156,0
-89,-107,0
-147,-12,0
147,19,0
-153,-30,0
64,146,0
33,-141,0
-113,-83,0
126,-78,0
88,122,0
76,133,0
-89,-102,0
-151,23,0
123,86,0
-81,116,0
136,-29,0
55,129,0
-52,-143,0
-52,138,0
127,59,0
94,-121,0
-148,16,0
70,-118,0
-52,-132,0
-42,152,0
-128,52,0
47,127,0
144,-27,0
-147,-54,0
-138,-10,0
133,49,0
31,-143,0
-14,-154,0
-88,-128,0
-74,130,0
122,68,0
-8,-140,0
-118,-95,0
-77,113,0
-135,-70,0
67,138,0
-91,-124,0
-139,-73,0
88,-133,0
-139,-79,0
117,86,0
9,154,0
-129,-67,0
47,141,0
-151,-17,0
-79,-117,0
132,-89,0
-128,-81,0
94,-115,0
-6,152,0
119,76,0
-140,-15,0
-44,-137,0
107,106,0
115,-105,0
-138,17,0
89,-131,0
-32,156,0
-17,-156,0
93,99,0
7,151,0
122,-79,0
125,63,0
113,78,0
122,92,0
143,64,0
-143,26,0
-38,-145,0
90,131,0
-24,-138,0
105,-105,0
-71,-129,0
-110,98,0
-13,-144,0
-141,3,0
84,129,0
3,141,0
-124,56,0
0,-145,0
77,111,0
-152,38,0
-134,35,0
131,-38,0
-144,59,0
17,146,0
152,-18,0
-149,39,0
-34,-137,0
141,-17,0
-154,8,0
-3,-140,0
130,-87,0
11,-158,0
-136,-83,0
-94,-125,0
-52,-134,0
-18,137,0
84,-106,0
84,-120,0
-120,-91,0
109,108,0
-95,108,0
114,97,0
127,84,0
48,139,0
70,130,0
136,-6,0
-26,134,0
97,-96,0
72,-116,0
105,115,0
43,-138,0
74,127,0
125,-62,0
-117,-88,0
100,-92,0
-100,-107,0
-67,118,0
120,101,0
37,-153,0
125,-63,0
-26,145,0
-99,97,0
-4,-147,0
42,-150,0
-148,-50,0
-64,129,0
-18,150,0
64,131,0
-128,43,0
46,-144,0
29,135,0
54,138,0
-140,11,0
-133,-58,0
-87,131,0
-146,-48,0
-151,-33,0
102,-94,0
79,-125,0
-81,119,0
77,127,0
146,32,0
-120,66,0
-77,-137,0
-156,-12,0
29,150,0
-76,-113,0
43,-146,0
-88,-115,0
-126,89,0
41,139,0
-32,-132,0
129,58,0
-106,105,0
-134,64,0
-77,129,0
134,-56,0
144,-58,0
128,-62,0
51,139,0
48,150,0
65,-128,0
149,3,0
-147,17,0
2,147,0
35,143,0
48,-137,0
86,115,0
43,144,0
-149,5,0
102,-91,0
-74,138,0
147,6,0
147,60,0
-96,-124,0
-76,-116,0
-57,132,0
79,-113,0
103,-102,0
-136,-34,0
107,-83,0
73,-117,0
-41,140,0
144,-59,0
-136,-10,0
140,-41,0
57,-125,0
90,-107,0
159,-1,0
134,-41,0
50,149,0
134,22,0
-112,-77,0
100,107,0
-72,129,0
-148,-11,0
95,96,0
121,-83,0
113,77,0
140,11,0
24,-144,0
-126,-90,0
20,152,0
-42,138,0
-127,72,0
-138,34,0
34,-143,0
-98,-107,0
-112,-102,0
119,74,0
56,-134,0
-59,129,0
-54,144,0
146,10,0
-152,44,0
-93,-129,0
-108,-85,0
145,-36,0
-105,105,0
-94,113,0
-129,54,0
-73,121,0
-69,-137,0
-136,60,0
111,-115,0
131,-48,0
79,126,0
-91,114,0
91,110,0
42,-147,0
-90,-131,0
26,-152,0
-113,-109,0
-88,-108,0
-14,-135,0
110,-102,0
140,-54,0
-88,-114,0
0,149,0
146,9,0
85,-121,0
-133,-78,0
124,65,0
-108,-85,0
144,41,0
-72,-139,0
-83,117,0
61,144,0
122,88,0
-86,134,0
141,-37,0
-12,-148,0
36,-136,0
143,71,0
52,149,0
77,-137,0
141,-53,0
141,27,0
-135,-40,0
124,97,0
119,-86,0
-27,154,0
145,58,0
-46,-128,0
129,-91,0
92,102,0
79,-135,0
70,128,0
-82,-112,0
72,-126,0
-131,-58,0
-71,-128,0
-87,111,0
-135,-69,0
-12,-147,0
-1,147,0
-26,-150,0
-124,-61,0
58,-137,0
-108,-108,0
-140,36,0
73,128,0
137,-50,0
-136,56,0
-136,-75,0
67,124,0
152,26,0
134,61,0
97,115,0
123,-62,0
-14,-136,0
-130,-51,0
-140,11,0
152,31,0
-68,-144,0
120,-82,0
-67,126,0
153,32,0
61,-141,0
150,-7,0
136,42,0
-98,107,0
71,-127,0
139,19,0
77,113,0
-137,15,0
94,-119,0
-147,-45,0
112,-107,0
27,-137,0
-85,-120,0
120,-82,0
-93,103,0
-152,-27,0
-52,-149,0
42,129,0
-118,66,0
122,-103,0
15,-140,0
-52,-125,0
-135,-58,0
-117,75,0
19,154,0
134,-48,0
132,-64,0
-121,-64,0
140,-12,0
0,156,0
-83,116,0
62,-135,0
-16,-147,0
102,92,0
-138,-62,0
-51,136,0
127,63,0
102,108,0
131,51,0
18,-139,0
-156,-2,0
-28,-142,0
-113,-94,0
-12,153,0
152,46,0
88,-130,0
-150,-3,0
88,109,0
-53,132,0
-80,136,0
-62,-137,0
26,-138,0
-46,-143,0
130,-58,0
90,-123,0
140,-53,0
-67,-119,0
-145,-67,0
-123,66,0
-12,-138,0
45,-128,0
-152,25,0
29,-136,0
127,-67,0
-95,-106,0
149,11,0
50,141,0
125,-88,0
-121,-90,0
-42,-136,0
148,-54,0
76,-118,0
-140,-67,0
84,127,0
-138,6,0
-1,-153,0
80,-129,0
-138,-21,0
-81,127,0
-80,119,0
153,5,0
35,134,0
-148,-32,0
-121,-92,0
101,109,0
-117,100,0
69,117,0
-95,100,0
52,-126,0
-90,-111,0
138,-49,0
