-31,24,1
45,-5,1
-16,29,1
18,46,1
8,49,1
37,-32,1
-21,-35,1
40,7,1
-2,37,1
38,-11,1
38,-12,1
-14,48,1
-14,25,1
23,-44,1
1,-25,1
-33,7,1
-30,-29,1
23,-12,1
-13,24,1
-30,-8,1
24,40,1
14,34,1
40,3,1
-25,21,1
11,-41,1
-2,33,1
-22,-42,1
-15,-37,1
-23,39,1
-22,-25,1
-27,-40,1
8,-25,1
20,-24,1
-22,-21,1
-27,-22,1
-26,22,1
3,49,1
36,28,1
23,15,1
-31,-21,1
23,-12,1
48,4,1
-2,43,1
11,-31,1
-34,16,1
-28,-26,1
-36,-26,1
-20,27,1
-12,48,1
-12,31,1
-19,43,1
-5,32,1
8,-44,1
-25,-15,1
22,14,1
22,-26,1
-30,-27,1
20,-33,1
47,17,1
27,2,1
-42,27,1
18,-31,1
23,-31,1
-20,-36,1
23,-18,1
31,22,1
-32,-10,1
36,-27,1
14,-39,1
17,-33,1
-32,-13,1
-40,28,1
18,45,1
47,0,1
-27,-21,1
-29,6,1
-24,-42,1
-12,-24,1
46,12,1
34,32,1
-37,19,1
-24,-16,1
-34,25,1
-14,-43,1
-8,-34,1
20,33,1
-46,-12,1
-40,-30,1
-3,38,1
45,-4,1
-28,-32,1
4,-28,1
32,-2,1
0,38,1
-15,-20,1
8,46,1
35,35,1
-42,14,1
12,-47,1
-45,0,1
-5,25,1
-22,-29,1
-12,26,1
-41,-4,1
18,-36,1
32,2,1
46,14,1
45,-19,1
-10,42,1
41,-4,1
-24,-15,1
-20,-28,1
16,-44,1
39,-6,1
24,-29,1
-38,-14,1
-38,-27,1
13,-29,1
-30,-12,1
-33,-3,1
3,-29,1
-31,20,1
40,18,1
10,42,1
24,36,1
34,13,1
-3,33,1
-16,-25,1
-2,48,1
-13,-26,1
-32,-19,1
14,32,1
6,26,1
35,24,1
-36,2,1
33,-8,1
-30,-1,1
-8,37,1
-20,-44,1
-29,-6,1
-26,-1,1
43,3,1
27,-37,1
39,-1,1
-18,-22,1
-48,7,1
-22,-34,1
-39,-30,1
-2,-32,1
-18,-22,1
22,22,1
25,-38,1
12,42,1
15,29,1
-29,-9,1
22,-17,1
-16,-24,1
-39,31,1
29,24,1
30,24,1
-13,27,1
26,-38,1
9,-47,1
-24,10,1
-7,-36,1
3,28,1
-15,-44,1
36,-4,1
37,-18,1
30,0,1
33,37,1
26,-16,1
21,17,1
7,30,1
20,20,1
-1,30,1
-32,15,1
-43,12,1
-1,30,1
1,-48,1
23,-30,1
-4,-47,1
22,-15,1
25,12,1
41,-19,1
-46,15,1
-50,0,1
32,36,1
5,-45,1
-1,33,1
-3,-43,1
-40,18,1
0,32,1
13,-44,1
45,-21,1
-30,5,1
-39,2,1
-22,32,1
-47,-15,1
-14,30,1
16,36,1
-7,-37,1
29,26,1
-1,-42,1
26,-4,1
-19,46,1
-15,-43,1
3,48,1
-5,-32,1
39,-2,1
29,30,1
-23,-23,1
-33,-28,1
45,12,1
7,-28,1
-33,4,1
10,-37,1
-21,-29,1
-39,22,1
-3,-41,1
31,-19,1
17,28,1
-41,17,1
25,-33,1
-42,-13,1
46,5,1
45,17,1
26,39,1
47,-2,1
19,31,1
-33,24,1
30,3,1
36,20,1
-26,-39,1
38,15,1
36,-2,1
16,-30,1
-24,12,1
-30,3,1
15,32,1
2,-38,1
-36,-4,1
5,-25,1
-20,38,1
37,29,1
21,-34,1
47,-8,1
30,19,1
-27,9,1
-34,-18,1
-3,-46,1
25,-7,1
21,25,1
-37,28,1
-29,-1,1
45,-1,1
44,-20,1
48,-3,1
38,0,1
7,-37,1
33,1,1
-24,18,1
-25,-36,1
26,32,1
41,-24,1
11,36,1
5,-37,1
-45,-13,1
-1,-40,1
-15,-22,1
-39,0,1
8,-24,1
-11,48,1
25,41,1
-20,-28,1
5,-48,1
-35,34,1
44,-11,1
14,22,1
21,41,1
12,36,1
7,-43,1
-37,-17,1
-40,19,1
4,30,1
-30,6,1
-43,-9,1
0,34,1
47,-17,1
-15,-34,1
23,-20,1
-16,-23,1
33,34,1
7,33,1
49,2,1
-16,45,1
22,38,1
-12,-42,1
-18,-39,1
38,12,1
19,-36,1
40,25,1
-32,-16,1
13,-29,1
-3,-42,1
20,18,1
34,-29,1
24,-30,1
5,-42,1
33,30,1
44,-9,1
-42,6,1
10,-29,1
16,27,1
-22,-30,1
30,-35,1
2,29,1
-27,-35,1
29,35,1
-32,-36,1
-22,-13,1
10,-24,1
29,37,1
21,-25,1
31,0,1
-35,-18,1
22,31,1
-36,12,1
-11,-34,1
17,34,1
12,-38,1
-32,-1,1
-33,-18,1
-29,29,1
-42,1,1
27,5,1
-47,1,1
45,-18,1
-27,-26,1
-25,-15,1
-12,-46,1
-17,26,1
20,41,1
-41,1,1
-40,24,1
-9,43,1
-44,-7,1
17,-19,1
-20,43,1
11,-23,1
-29,27,1
31,18,1
16,-27,1
-43,-15,1
0,45,1
23,-38,1
21,-26,1
-32,-12,1
-28,-30,1
-37,12,1
0,28,1
-18,43,1
-42,-8,1
-16,-21,1
23,13,1
22,-28,1
-29,30,1
31,-22,1
19,-31,1
31,-17,1
9,-38,1
27,20,1
14,42,1
-22,12,1
24,43,1
-5,-37,1
-21,33,1
-10,38,1
44,11,1
45,-9,1
39,9,1
26,39,1
-27,-36,1
-39,25,1
-23,39,1
4,34,1
21,-33,1
32,36,1
-34,-16,1
42,-22,1
-33,-22,1
13,-47,1
33,21,1
43,-16,1
-40,3,1
37,-20,1
16,-39,1
-24,9,1
36,19,1
40,-7,1
-28,-37,1
-24,35,1
-31,32,1
-6,-34,1
18,-21,1
34,-33,1
14,21,1
15,20,1
41,4,1
-28,33,1
45,2,1
-18,-18,1
-28,31,1
42,26,1
-26,-16,1
-27,-10,1
-27,24,1
38,7,1
-39,-27,1
24,-12,1
39,-19,1
-18,-26,1
48,-3,1
18,-21,1
-34,8,1
33,-37,1
0,30,1
-28,-9,1
21,-44,1
-13,30,1
-26,-27,1
39,-17,1
25,-7,1
-35,14,1
24,35,1
-23,-44,1
46,-5,1
27,-33,1
39,16,1
-4,-48,1
-46,-12,1
-34,23,1
-43,7,1
-17,21,1
-8,28,1
48,6,1
30,-29,1
17,20,1
33,35,1
41,-23,1
27,-31,1
27,16,1
8,34,1
28,20,1
23,-20,1
-31,12,1
34,28,1
39,16,1
21,35,1
-23,26,1
-5,43,1
-2,28,1
43,22,1
36,-23,1
48,-1,1
-23,11,1
33,-30,1
-2,47,1
19,28,1
31,-5,1
-26,11,1
4,46,1
33,0,1
30,17,1
41,-23,1
11,43,1
18,-21,1
1,-47,1
28,-16,1
-41,5,1
35,32,1
0,49,1
-16,36,1
-37,-16,1
-18,27,1
25,20,1
8,-41,1
-36,-29,1
18,-42,1
23,-10,1
-39,-17,1
46,-19,1
-34,-6,1
-38,3,1
-21,21,1
1,33,1
-22,30,1
-8,-41,1
25,-2,1
27,-13,1
148,34,0
-34,-150,0
-148,-39,0
-71,124,0
-57,-134,0
-117,-94,0
119,98,0
141,-32,0
139,-21,0
-20,134,0
123,-58,0
-4,156,0
-19,149,0
99,109,0
110,93,0
-59,142,0
-148,0,0
-125,-73,0
102,92,0
-80,122,0
137,77,0
18,153,0
-66,-132,0
118,90,0
-137,-58,0
103,-116,0
-123,66,0
-138,-40,0
118,-105,0
137,23,0
134,76,0
-144,-53,0
-150,-1,0
-81,-111,0
136,72,0
-72,-129,0
-101,117,0
104,97,0
148,-40,0
-49,-143,0
58,142,0
121,62,0
-8,155,0
86,-128,0
-65,-122,0
137,76,0
155,-31,0
155,-15,0
81,129,0
-128,54,0
58,134,0
-97,107,0
-140,20,0
25,-158,0
144,55,0
-85,124,0
152,-44,0
47,127,0
-87,119,0
-102,-120,0
25,-139,0
65,123,0
-1,-142,0
-145,38,0
71,-123,0
-104,-114,0
-90,103,0
-133,45,0
-89,-120,0
132,-52,0
-45,-141,0
55,127,0
-143,-44,0
106,-119,0
141,22,0
-81,-108,0
-128,88,0
101,-113,0
39,130,0
-106,-116,0
-109,-90,0
-87,107,0
13,137,0
-18,-151,0
69,-130,0
140,27,0
62,-141,0
116,-73,0
35,-138,0
142,-2,0
49,-137,0
36,139,0
89,-125,0
27,-138,0
148,-21,0
-58,135,0
128,-95,0
-153,8,0
73,-140,0
-122,98,0
16,144,0
132,47,0
-44,-144,0
-71,-131,0
-102,-108,0
-84,115,0
-58,148,0
36,-131,0
146,-15,0
72,-119,0
51,-141,0
70,-123,0
-133,-55,0
-131,58,0
105,-100,0
-22,-155,0
125,91,0
-72,120,0
24,-149,0
117,-101,0
112,91,0
-76,-121,0
154,-24,0
-138,-44,0
153,20,0
134,34,0
123,-69,0
140,72,0
-142,53,0
-112,107,0
-130,-77,0
50,-150,0
150,-10,0
-144,1,0
90,108,0
43,133,0
-57,-146,0
131,-38,0
-106,97,0
-143,5,0
149,-22,0
-143,1,0
-142,59,0
113,-75,0
-71,-134,0
6,139,0
-99,107,0
-126,96,0
126,-90,0
105,-89,0
-122,-78,0
64,131,0
153,42,0
-31,134,0
101,106,0
-67,139,0
4,151,0
134,48,0
-141,-54,0
82,-135,0
-16,135,0
-86,-110,0
-127,89,0
157,30,0
-60,-130,0
154,-25,0
-95,-125,0
-145,3,0
149,-57,0
128,-91,0
39,155,0
17,-157,0
-48,-139,0
-121,85,0
-66,142,0
158,6,0
104,105,0
-32,132,0
140,-14,0
110,86,0
138,0,0
-15,159,0
-126,55,0
-70,142,0
118,85,0
-78,-138,0
49,-133,0
-136,-75,0
128,81,0
103,107,0
-19,-134,0
108,92,0
-73,-117,0
-77,125,0
-3,-155,0
67,127,0
138,-20,0
-135,-40,0
-52,129,0
-8,156,0
64,141,0
24,-147,0
-69,-120,0
112,-101,0
147,28,0
-128,-66,0
134,84,0
158,19,0
-144,63,0
70,129,0
-50,147,0
42,141,0
-19,-146,0
-148,-18,0
132,-63,0
-3,158,0
-132,58,0
-126,71,0
-9,-155,0
-94,-128,0
-39,-144,0
34,147,0
-92,-113,0
0,-158,0
77,-111,0
-6,155,0
-108,86,0
154,-19,0
109,117,0
-122,-91,0
57,148,0
16,-154,0
101,105,0
131,-40,0
-27,-153,0
-129,79,0
66,123,0
-14,135,0
67,141,0
-146,-24,0
125,-90,0
-152,-45,0
99,118,0
76,-133,0
47,-140,0
61,122,0
113,104,0
-103,114,0
100,-109,0
33,-135,0
121,-104,0
-133,29,0
-52,151,0
132,-63,0
136,42,0
12,-157,0
21,-138,0
24,158,0
152,41,0
-135,83,0
-123,-99,0
-18,-141,0
121,-71,0
-26,-146,0
93,-119,0
141,44,0
-150,28,0
-60,-129,0
52,-131,0
-82,112,0
131,88,0
17,-150,0
57,143,0
91,121,0
-46,137,0
-95,123,0
51,-141,0
-140,-27,0
-140,-23,0
124,79,0
-83,113,0
143,-11,0
-90,122,0
100,116,0
139,-11,0
117,109,0
151,-33,0
42,141,0
144,19,0
-158,-6,0
-135,10,0
-112,104,0
-96,97,0
-47,141,0
-10,-141,0
51,-151,0
-46,-152,0
14,141,0
-6,135,0
-135,-34,0
142,-53,0
-53,137,0
112,-110,0
107,89,0
-137,44,0
-135,-39,0
0,-154,0
-133,67,0
-149,13,0
-148,-22,0
58,-143,0
-148,-9,0
9,150,0
56,-138,0
139,61,0
131,-39,0
10,-146,0
87,126,0
146,-35,0
100,-92,0
-135,-7,0
101,-94,0
-127,50,0
-34,-156,0
69,-121,0
116,89,0
8,-144,0
-51,130,0
68,137,0
-72,122,0
23,150,0
-151,-26,0
-147,-14,0
-143,-12,0
-142,-14,0
138,23,0
-121,-85,0
110,85,0
-25,148,0
-142,-16,0
-140,-58,0
-26,146,0
31,150,0
10,-152,0
-70,-118,0
-47,-136,0
23,149,0
142,-49,0
11,-146,0
-33,-150,0
25,-151,0
-60,-147,0
126,-76,0
155,19,0
-29,153,0
130,44,0
88,-126,0
76,-116,0
141,-23,0
-96,114,0
56,140,0
-109,-103,0
-88,-125,0
-131,-80,0
-137,29,0
84,124,0
-95,105,0
-85,-111,0
142,-58,0
149,54,0
159,-2,0
-97,-119,0
141,61,0
36,134,0
-62,-146,0
-106,-89,0
-1,-150,0
-145,-43,0
135,-48,0
-135,69,0
-150,34,0
130,73,0
-137,77,0
136,-40,0
143,19,0
152,-45,0
-135,-69,0
139,22,0
-80,138,0
110,93,0
43,-147,0
34,134,0
55,143,0
93,106,0
129,-69,0
-135,56,0
114,-99,0
-80,-133,0
-125,-56,0
13,138,0
-149,-8,0
140,54,0
-37,149,0
-155,14,0
-136,31,0
-11,136,0
-57,131,0
133,87,0
15,-141,0
-66,127,0
66,131,0
81,-124,0
-24,147,0
-138,59,0
-81,120,0
120,-84,0
142,40,0
29,151,0
-150,28,0
-136,5,0
9,136,0
-152,-17,0
11,-137,0
-137,-18,0
-37,-143,0
40,139,0
-147,-63,0
-85,111,0
50,-148,0
-137,-79,0
155,-5,0
-138,-39,0
-134,-41,0
136,43,0
108,-109,0
20,142,0
-13,-157,0
125,62,0
111,108,0
130,39,0
155,36,0
22,-142,0
-136,5,0
-77,-132,0
33,136,0
6,152,0
61,-137,0
-80,114,0
47,128,0
-130,-74,0
113,81,0
-123,61,0
157,-19,0
-85,111,0
-114,75,0
98,101,0
130,-84,0
74,141,0
-116,78,0
150,28,0
146,-36,0
61,139,0
-130,-66,0
-25,-147,0
90,131,0
124,-100,0
-146,-60,0
126,69,0
86,-126,0
153,40,0
87,107,0
13,-140,0
-147,-40,0
-96,114,0
38,135,0
-158,-25,0
-145,22,0
-95,-124,0
-83,129,0
88,-112,0
-139,-5,0
148,-35,0
-115,95,0
70,-132,0
-144,-28,0
110,-96,0
1,147,0
149,32,0
-128,82,0
41,137,0
-139,-43,0
138,-26,0
-96,107,0
-45,-138,0
-28,152,0
120,-101,0
40,149,0
-61,125,0
-75,-140,0
-90,-105,0
