-26,22,1
39,19,1
-12,41,1
-45,-4,1
-24,12,1
-27,28,1
42,-8,1
26,-38,1
-33,17,1
-27,-20,1
32,35,1
-34,-14,1
-4,25,1
14,-45,1
37,27,1
23,20,1
45,-1,1
-17,34,1
-14,-25,1
42,5,1
-8,24,1
-17,-46,1
27,10,1
-19,-35,1
-46,0,1
-38,0,1
-12,31,1
25,22,1
-23,22,1
-34,11,1
-8,-48,1
43,3,1
-1,41,1
42,1,1
-4,-46,1
34,-18,1
-24,35,1
30,17,1
21,-42,1
-5,-27,1
-39,5,1
26,-11,1
-12,-30,1
-21,-37,1
18,39,1
-31,-4,1
13,-38,1
-33,28,1
-15,-35,1
9,-33,1
-5,39,1
28,17,1
-47,10,1
-34,-19,1
-6,25,1
-25,17,1
-35,-21,1
34,-22,1
-4,-37,1
19,-19,1
17,31,1
42,-7,1
-3,-38,1
-27,38,1
-44,6,1
22,-20,1
-22,19,1
-28,5,1
18,-31,1
7,-26,1
-30,-37,1
-30,11,1
-15,32,1
24,26,1
-39,-30,1
0,33,1
11,-30,1
-10,-38,1
40,25,1
-27,6,1
35,5,1
3,39,1
41,-7,1
31,-23,1
-23,-17,1
-40,-7,1
35,0,1
-7,47,1
-27,-27,1
-7,40,1
30,1,1
9,-32,1
-8,-34,1
-34,-35,1
-42,20,1
-33,-20,1
-36,20,1
-21,33,1
0,-27,1
44,-17,1
-17,-40,1
-26,-2,1
39,7,1
-6,-42,1
7,-27,1
-8,33,1
-47,-11,1
43,-2,1
-36,24,1
24,19,1
-5,-26,1
-30,10,1
48,8,1
-18,21,1
6,40,1
-26,22,1
4,44,1
-32,-11,1
31,-30,1
-13,-45,1
-37,10,1
-29,10,1
8,25,1
-23,30,1
-37,20,1
19,-24,1
22,-21,1
-12,-43,1
-16,22,1
-30,-11,1
-42,19,1
-10,43,1
24,18,1
-45,7,1
29,27,1
24,16,1
-30,-14,1
30,34,1
-10,-35,1
42,17,1
-31,-25,1
31,-38,1
0,44,1
-28,20,1
-26,-22,1
28,10,1
-1,28,1
-21,45,1
-40,-9,1
-27,-14,1
-46,-5,1
39,-31,1
-35,34,1
37,-2,1
7,49,1
40,11,1
-17,42,1
6,43,1
44,-3,1
21,-18,1
26,4,1
29,-20,1
36,-6,1
-26,-25,1
3,31,1
-48,-10,1
29,-6,1
-29,-21,1
-1,43,1
36,-27,1
-29,-13,1
-48,9,1
-28,-1,1
3,-36,1
20,-28,1
-24,39,1
29,39,1
-3,39,1
-38,4,1
-10,-24,1
-26,-42,1
4,-30,1
42,-22,1
23,-13,1
-28,22,1
31,32,1
-31,36,1
-4,-43,1
8,-40,1
-40,-19,1
39,3,1
34,24,1
39,-16,1
-24,-13,1
-25,36,1
21,-43,1
-18,-34,1
-7,-42,1
35,13,1
37,0,1
23,-28,1
-46,-8,1
-31,9,1
-17,-39,1
-44,21,1
22,13,1
26,30,1
-27,-37,1
40,-13,1
-40,20,1
-30,10,1
-24,16,1
18,31,1
-44,17,1
5,-25,1
-44,16,1
-31,-11,1
32,26,1
40,-3,1
-39,8,1
-17,39,1
-29,-3,1
2,-29,1
-38,2,1
-1,-45,1
44,10,1
-3,-25,1
-28,16,1
13,39,1
-17,25,1
29,34,1
21,-28,1
2,-40,1
-26,21,1
-2,44,1
12,-32,1
-1,41,1
-24,-22,1
-8,-44,1
-31,18,1
-20,19,1
-29,18,1
-39,0,1
-15,-36,1
-24,41,1
23,-10,1
-28,-17,1
39,30,1
19,33,1
-27,-34,1
-26,20,1
23,30,1
-37,-3,1
-12,-27,1
-31,3,1
25,13,1
48,10,1
-41,24,1
25,-28,1
31,-30,1
23,-13,1
-29,11,1
-17,-21,1
-36,31,1
28,-18,1
-19,35,1
-31,7,1
31,-27,1
-30,-34,1
-46,-14,1
-26,-27,1
-36,6,1
-42,-17,1
-16,-43,1
-41,-1,1
15,-43,1
-12,-34,1
9,-39,1
-24,-24,1
-21,-20,1
-46,-14,1
-7,-30,1
-15,38,1
-6,-49,1
7,44,1
15,-22,1
33,33,1
19,22,1
18,43,1
7,45,1
42,20,1
-12,-34,1
-29,-10,1
-48,-9,1
-39,29,1
4,39,1
-4,48,1
12,26,1
34,-25,1
9,45,1
39,-31,1
35,-11,1
-32,36,1
46,3,1
-20,21,1
-21,-39,1
-46,2,1
-24,-11,1
-5,-27,1
-1,-31,1
-31,-7,1
26,17,1
-2,45,1
18,-42,1
42,1,1
-32,-34,1
-4,-39,1
10,-31,1
-45,-15,1
-15,-26,1
0,-48,1
-46,-18,1
-28,11,1
-11,43,1
37,-18,1
-37,14,1
-21,27,1
-24,13,1
13,-39,1
26,33,1
-30,39,1
-23,37,1
-4,35,1
4,26,1
41,-6,1
39,-6,1
-35,-9,1
-16,-20,1
-1,-42,1
27,7,1
30,18,1
13,48,1
-33,14,1
33,8,1
-21,34,1
28,-33,1
-16,-26,1
31,32,1
16,33,1
7,48,1
26,20,1
16,35,1
-28,-35,1
-18,-24,1
-22,28,1
-12,43,1
41,24,1
-39,-16,1
-23,-17,1
-38,-3,1
-33,-19,1
18,-29,1
-22,-12,1
41,-24,1
-6,-41,1
-4,-49,1
-25,-7,1
-34,-14,1
-36,-7,1
8,-46,1
20,-16,1
18,22,1
-2,-39,1
32,13,1
40,0,1
7,39,1
10,-48,1
28,-5,1
24,-17,1
-40,17,1
-25,-2,1
35,35,1
-29,39,1
36,-2,1
-42,2,1
-24,15,1
-32,24,1
41,-11,1
32,5,1
33,26,1
-35,1,1
34,16,1
-2,-41,1
-37,10,1
-26,-24,1
-26,10,1
44,-12,1
-46,16,1
-30,17,1
-29,40,1
39,-19,1
-33,10,1
24,29,1
24,-37,1
2,-36,1
20,-19,1
-32,15,1
-21,45,1
-45,3,1
-15,37,1
46,6,1
-21,16,1
-1,25,1
-31,-18,1
28,-28,1
-23,-26,1
-29,-23,1
-12,26,1
42,16,1
29,5,1
16,36,1
18,-21,1
16,24,1
19,46,1
17,-40,1
11,42,1
-42,-9,1
38,-21,1
-4,-47,1
19,40,1
40,-27,1
40,-27,1
-35,22,1
-43,25,1
43,-22,1
17,-47,1
11,-35,1
-23,34,1
14,-28,1
-37,11,1
-36,26,1
4,-49,1
-43,-4,1
-28,27,1
-17,34,1
-9,43,1
25,-2,1
8,41,1
4,-28,1
-24,36,1
-43,-16,1
-37,-11,1
43,9,1
12,-38,1
24,16,1
15,-47,1
33,30,1
34,12,1
-15,38,1
-22,-41,1
-31,-1,1
-46,-16,1
37,23,1
23,-34,1
-34,-29,1
7,-29,1
-42,-4,1
-21,22,1
21,-33,1
38,13,1
-34,-2,1
13,-28,1
32,12,1
-23,-23,1
-40,12,1
44,8,1
-26,41,1
-38,-18,1
13,-31,1
-28,33,1
-39,-17,1
-9,42,1
44,-9,1
-32,-23,1
12,-39,1
-40,12,1
42,-25,1
-43,23,1
8,-42,1
0,45,1
10,32,1
9,34,1
-4,-45,1
25,-14,1
26,-34,1
29,32,1
3,28,1
-9,-44,1
15,24,1
-27,-2,1
-116,-49,0
-134,55,0
94,-93,0
-94,-106,0
3,145,0
-119,83,0
94,89,0
133,65,0
-84,106,0
49,-126,0
-43,-121,0
-128,55,0
-120,89,0
80,-100,0
-87,-108,0
-112,83,0
-95,-93,0
20,132,0
-21,-140,0
-148,16,0
48,-122,0
128,-43,0
-124,54,0
-89,-107,0
57,132,0
-104,-75,0
-42,-135,0
131,-38,0
81,107,0
32,-123,0
125,31,0
137,-28,0
65,-132,0
-143,17,0
-127,-78,0
2,149,0
-115,-52,0
130,-32,0
85,108,0
42,140,0
131,52,0
-92,116,0
-130,37,0
-4,-133,0
143,-27,0
85,105,0
139,-15,0
-118,77,0
-8,139,0
-32,-142,0
144,3,0
-141,-37,0
-139,44,0
49,125,0
-67,-125,0
88,101,0
-131,27,0
-70,-124,0
103,-87,0
-143,-10,0
-83,114,0
-139,3,0
-39,141,0
132,-53,0
-130,32,0
-118,-67,0
102,91,0
-80,125,0
141,21,0
-126,-28,0
50,-122,0
27,-123,0
77,-104,0
142,-36,0
-87,-114,0
123,-44,0
-131,35,0
-31,-142,0
-135,-36,0
130,21,0
-40,125,0
77,103,0
82,-121,0
-133,-34,0
76,-109,0
-123,55,0
-114,84,0
-92,-112,0
-148,-9,0
-141,-35,0
-42,124,0
-33,128,0
-73,122,0
-29,-123,0
35,128,0
-143,35,0
-41,144,0
125,7,0
53,116,0
-97,-91,0
45,129,0
-117,-56,0
38,-120,0
16,-129,0
-95,91,0
18,-127,0
-46,139,0
-102,-90,0
-43,140,0
62,116,0
-28,-131,0
145,27,0
142,7,0
-101,-104,0
10,-125,0
122,30,0
-134,-2,0
133,55,0
3,-141,0
-145,-18,0
-59,117,0
83,-118,0
-141,-8,0
-128,-59,0
97,-81,0
122,67,0
48,125,0
78,115,0
94,-88,0
-36,-120,0
-12,135,0
-148,14,0
125,-55,0
133,-65,0
-129,41,0
-13,-143,0
-141,32,0
-69,-122,0
-147,-20,0
-30,-127,0
-93,-100,0
-72,-126,0
90,87,0
-56,132,0
-112,77,0
-19,-139,0
40,-140,0
124,55,0
-138,41,0
-140,29,0
-136,-11,0
-131,25,0
82,111,0
25,129,0
76,-104,0
-86,96,0
122,-77,0
-93,108,0
-148,-8,0
121,-63,0
109,75,0
83,-102,0
-42,-129,0
-107,66,0
-134,55,0
-5,-133,0
132,-68,0
4,-132,0
120,68,0
123,32,0
-110,97,0
-122,-79,0
-118,89,0
-62,134,0
-64,-135,0
-116,48,0
139,-44,0
129,72,0
-54,-139,0
-16,125,0
58,114,0
144,6,0
92,94,0
47,-125,0
131,-47,0
-129,-8,0
-22,137,0
117,48,0
-126,48,0
97,108,0
-24,-124,0
79,118,0
-129,17,0
70,-108,0
-43,127,0
-10,-148,0
136,-5,0
122,-78,0
46,-132,0
127,8,0
52,-140,0
76,108,0
-111,62,0
-99,110,0
-36,-131,0
114,-64,0
-62,133,0
5,-126,0
116,69,0
-54,120,0
-32,128,0
128,14,0
123,32,0
119,-41,0
-23,128,0
-134,48,0
144,10,0
-148,16,0
-119,-87,0
-137,-14,0
42,120,0
105,-98,0
88,-115,0
-36,-145,0
-117,93,0
-82,-97,0
-106,-101,0
50,-117,0
128,38,0
-110,65,0
47,131,0
-26,128,0
-51,-140,0
113,73,0
-86,99,0
-16,133,0
49,133,0
127,-61,0
19,143,0
65,119,0
74,102,0
-97,100,0
135,-18,0
-111,-70,0
-3,-148,0
143,28,0
147,13,0
141,8,0
47,129,0
-82,106,0
37,-135,0
-14,-135,0
-69,106,0
-118,45,0
23,139,0
34,-123,0
118,47,0
-138,-26,0
63,126,0
94,-103,0
60,113,0
-134,51,0
-11,-137,0
135,-36,0
-125,58,0
147,15,0
24,-144,0
-116,-56,0
-43,-120,0
4,125,0
-125,80,0
85,107,0
67,-124,0
-94,91,0
115,-51,0
99,91,0
10,-137,0
-95,-82,0
-142,7,0
-91,-118,0
20,132,0
34,-145,0
104,-75,0
-56,-122,0
125,-77,0
-35,131,0
38,-127,0
36,-128,0
-79,-97,0
63,117,0
134,-35,0
56,-122,0
-84,110,0
-121,33,0
-104,-78,0
10,147,0
-64,-115,0
-8,145,0
46,-122,0
-35,-128,0
47,-133,0
-118,64,0
-31,-123,0
126,-60,0
-112,67,0
118,-89,0
58,118,0
44,132,0
-48,-137,0
14,146,0
-101,88,0
-97,81,0
38,-141,0
101,-89,0
108,72,0
118,76,0
108,-102,0
119,-89,0
137,-45,0
-93,-116,0
127,-73,0
129,8,0
83,-116,0
-127,-56,0
138,-39,0
-143,-30,0
68,117,0
-111,-95,0
123,57,0
-135,55,0
106,-104,0
-146,-20,0
-43,133,0
-74,125,0
-128,-12,0
117,65,0
-43,-126,0
126,10,0
-17,-126,0
138,2,0
20,-135,0
-128,18,0
-9,-142,0
138,27,0
104,-82,0
148,-24,0
128,46,0
-12,133,0
-89,-108,0
73,116,0
-106,93,0
-9,135,0
-51,-118,0
-122,72,0
-132,30,0
-12,-130,0
100,-95,0
122,36,0
62,-130,0
-2,140,0
71,116,0
-138,11,0
-88,112,0
142,46,0
101,76,0
147,4,0
-63,-133,0
-38,133,0
125,-15,0
121,-81,0
1,134,0
19,139,0
-46,-124,0
120,49,0
124,16,0
130,-11,0
98,-99,0
113,79,0
-126,48,0
40,133,0
72,129,0
132,-12,0
39,-122,0
139,-19,0
-133,-66,0
-109,100,0
117,-66,0
111,-89,0
113,73,0
139,25,0
-23,128,0
-128,-9,0
-133,-35,0
-106,-96,0
-58,-111,0
-100,-96,0
-12,146,0
-128,41,0
131,-44,0
-28,-131,0
121,63,0
3,143,0
78,-109,0
-56,-127,0
-6,148,0
32,-124,0
110,-80,0
-144,14,0
71,126,0
-101,80,0
118,-64,0
107,-90,0
-68,-115,0
-26,139,0
-14,126,0
-111,-68,0
129,-44,0
-131,-24,0
-51,-140,0
25,-144,0
143,13,0
114,83,0
-138,38,0
-17,139,0
-11,-136,0
-138,-56,0
137,-22,0
139,54,0
35,122,0
-43,-139,0
-136,53,0
-125,37,0
-124,-70,0
-136,15,0
-99,107,0
140,21,0
-125,-52,0
25,-135,0
-87,-117,0
-84,119,0
14,138,0
116,54,0
-128,-14,0
121,33,0
-10,145,0
-91,-111,0
-140,-1,0
-74,101,0
108,-93,0
-108,-67,0
92,-89,0
106,-94,0
-94,93,0
-78,119,0
41,-143,0
-65,111,0
35,124,0
-120,61,0
73,118,0
-9,-142,0
-67,126,0
118,-58,0
-134,64,0
126,-44,0
-14,135,0
149,11,0
-106,93,0
-106,-89,0
-53,130,0
-138,-53,0
95,-104,0
-129,29,0
-77,106,0
-134,50,0
25,136,0
143,-37,0
-62,-124,0
-20,-131,0
133,13,0
109,-83,0
116,-54,0
137,60,0
-109,-92,0
-130,-2,0
-47,125,0
-45,-124,0
63,115,0
-84,96,0
108,72,0
99,-85,0
74,128,0
14,129,0
72,128,0
-78,-121,0
-87,101,0
-103,-93,0
111,-85,0
99,98,0
-51,-117,0
-112,-61,0
