0,-28,1
34,22,1
22,27,1
-16,-40,1
-34,-8,1
-28,-9,1
-16,-40,1
30,21,1
43,-6,1
25,-16,1
28,-8,1
28,4,1
-7,36,1
26,37,1
29,27,1
44,-20,1
-10,48,1
-9,29,1
-30,26,1
-9,33,1
45,-9,1
13,-22,1
-32,32,1
-8,-42,1
-20,-15,1
39,-16,1
40,15,1
-5,-33,1
-9,-48,1
-1,26,1
-8,-32,1
24,37,1
-32,-5,1
-36,-6,1
-34,26,1
11,34,1
21,17,1
29,30,1
-20,-40,1
18,-34,1
-44,-20,1
27,8,1
7,-26,1
34,-31,1
-31,-21,1
-26,25,1
41,15,1
-38,-17,1
-29,6,1
-40,-9,1
-45,-15,1
41,19,1
17,37,1
-43,-16,1
11,28,1
-41,3,1
43,25,1
-23,35,1
11,43,1
10,30,1
26,28,1
25,33,1
-6,-31,1
28,-41,1
-9,-25,1
4,32,1
-33,-25,1
14,-23,1
-28,13,1
-30,31,1
31,15,1
9,46,1
-24,40,1
-19,22,1
33,-35,1
7,-32,1
-26,-28,1
32,-21,1
41,-22,1
-41,25,1
43,13,1
-30,16,1
27,36,1
23,16,1
-20,40,1
-43,-17,1
5,-49,1
-14,38,1
6,28,1
29,-10,1
-31,22,1
40,-30,1
10,-31,1
-47,-2,1
-43,-2,1
23,34,1
-30,-12,1
-43,17,1
-36,30,1
34,-3,1
48,-3,1
-25,-13,1
13,-36,1
40,-27,1
-29,-17,1
-45,-8,1
16,28,1
20,36,1
29,-7,1
-34,28,1
36,-2,1
-44,5,1
-24,25,1
0,44,1
-5,-40,1
-5,-46,1
-2,-25,1
35,0,1
-7,-38,1
35,-32,1
-25,-35,1
-16,28,1
33,-20,1
19,-42,1
-38,20,1
30,-33,1
18,36,1
-15,-31,1
33,0,1
-15,38,1
-25,-9,1
6,41,1
30,39,1
3,-27,1
26,-30,1
-15,-44,1
49,3,1
-4,-47,1
43,-17,1
-36,-16,1
-33,-34,1
16,-31,1
-29,-11,1
35,34,1
-47,-11,1
6,-35,1
-22,38,1
34,27,1
-12,-22,1
13,30,1
-20,-39,1
-25,39,1
21,42,1
7,-47,1
36,13,1
-17,-23,1
30,-11,1
-45,0,1
-18,31,1
29,14,1
9,39,1
-10,40,1
-37,15,1
4,43,1
20,-17,1
24,41,1
9,44,1
31,-32,1
23,42,1
-17,45,1
-31,-14,1
24,-17,1
11,-31,1
-19,35,1
-26,26,1
32,11,1
-26,32,1
24,33,1
26,-29,1
-48,5,1
13,39,1
-46,-13,1
26,28,1
44,1,1
-8,-34,1
-32,-1,1
-9,-27,1
-36,7,1
22,34,1
-37,-23,1
32,36,1
44,3,1
-31,-14,1
-28,25,1
12,25,1
42,-15,1
-19,20,1
-33,-6,1
-34,29,1
-36,33,1
-5,-27,1
-21,-44,1
26,40,1
-19,-26,1
42,-23,1
-46,-13,1
-6,-26,1
-7,25,1
-29,-25,1
32,-30,1
-13,36,1
31,-10,1
-36,24,1
30,-40,1
-16,-28,1
-31,15,1
-40,-21,1
-22,-40,1
-28,8,1
44,-17,1
36,33,1
-12,-35,1
21,-29,1
1,-43,1
-25,-38,1
27,-20,1
-26,13,1
27,24,1
-17,24,1
-38,-17,1
24,39,1
11,42,1
37,31,1
35,-22,1
-5,-34,1
-12,-40,1
-3,46,1
29,1,1
33,-3,1
-7,-34,1
-30,3,1
39,3,1
16,-33,1
10,-29,1
2,-32,1
-24,43,1
29,-19,1
-3,46,1
1,-38,1
-46,11,1
33,3,1
-21,16,1
32,14,1
-3,41,1
35,2,1
-20,39,1
18,35,1
-33,-6,1
16,-26,1
-37,-12,1
-34,7,1
34,31,1
-13,44,1
-29,-17,1
-6,47,1
21,-31,1
23,23,1
-35,-32,1
-9,-47,1
26,-29,1
19,-29,1
-23,15,1
22,-25,1
-35,-15,1
-26,8,1
12,-28,1
-19,-34,1
29,-24,1
44,-12,1
-12,29,1
5,-29,1
11,-47,1
9,-42,1
20,17,1
-16,22,1
30,30,1
-49,6,1
4,-34,1
-34,-30,1
44,-16,1
10,38,1
21,22,1
25,31,1
19,-20,1
-19,-46,1
-32,29,1
-44,11,1
-20,-38,1
-33,33,1
-25,-23,1
-39,-5,1
-3,36,1
-15,40,1
-44,13,1
-46,-19,1
30,30,1
40,5,1
25,6,1
12,30,1
24,-12,1
-40,-10,1
-27,6,1
34,15,1
-3,-27,1
-23,42,1
-13,30,1
30,35,1
17,31,1
-30,-35,1
-8,-49,1
-45,1,1
7,30,1
-35,11,1
21,-37,1
27,24,1
32,-31,1
-30,-30,1
33,0,1
4,-43,1
-37,33,1
-42,11,1
37,9,1
-34,-23,1
29,26,1
39,4,1
18,-44,1
11,27,1
-12,46,1
46,12,1
-23,14,1
-22,20,1
25,37,1
33,-20,1
-24,-35,1
-3,44,1
3,34,1
3,40,1
-20,-33,1
6,-26,1
16,-22,1
-17,-38,1
-28,-6,1
36,3,1
-38,0,1
25,-14,1
-8,-49,1
16,-45,1
27,-25,1
-9,-46,1
30,23,1
-31,11,1
-44,-21,1
2,32,1
-23,-21,1
19,-23,1
20,-33,1
10,-44,1
12,-34,1
40,-13,1
-5,-48,1
6,42,1
30,-2,1
27,-35,1
-43,-13,1
27,-22,1
-6,-40,1
24,13,1
-31,32,1
8,34,1
12,-39,1
-7,40,1
-41,-3,1
-15,37,1
-46,-12,1
33,19,1
1,49,1
-2,30,1
0,42,1
-35,16,1
-35,1,1
9,30,1
43,16,1
-29,-31,1
35,31,1
23,21,1
-34,-12,1
-46,7,1
-47,0,1
25,15,1
-3,-35,1
-3,43,1
15,25,1
10,36,1
21,42,1
12,-41,1
43,5,1
-29,23,1
36,-21,1
-22,-41,1
-32,36,1
34,11,1
-27,-41,1
-32,-4,1
-25,11,1
-28,0,1
-30,-22,1
46,-14,1
-16,36,1
18,-24,1
-38,-21,1
-44,-22,1
39,-10,1
-45,12,1
-15,29,1
-18,26,1
-36,31,1
-22,38,1
40,-8,1
-32,12,1
-40,17,1
5,38,1
-31,12,1
-27,18,1
24,33,1
-3,30,1
-25,37,1
-33,32,1
-33,37,1
-31,8,1
22,-41,1
5,30,1
-46,1,1
-8,-43,1
13,36,1
-46,-13,1
-38,2,1
45,7,1
-4,-40,1
35,-24,1
38,23,1
-28,0,1
-15,27,1
-33,1,1
26,26,1
14,-21,1
41,20,1
-25,-13,1
-21,-36,1
-37,-6,1
-19,39,1
41,23,1
-9,-43,1
-47,-17,1
43,12,1
-28,-18,1
11,40,1
-22,-13,1
1,43,1
43,16,1
20,37,1
45,7,1
-21,25,1
-23,33,1
-12,-34,1
-32,-14,1
-25,-25,1
-15,25,1
22,37,1
-45,-19,1
0,39,1
27,-41,1
-26,-4,1
34,20,1
-34,-5,1
32,-6,1
-5,46,1
-31,7,1
-20,-21,1
-18,-28,1
21,-22,1
12,34,1
-43,9,1
11,-35,1
35,-7,1
2,-26,1
-41,7,1
-41,-22,1
34,-25,1
47,-8,1
-13,47,1
-132,48,0
27,-133,0
-93,-103,0
128,-46,0
-73,112,0
146,-22,0
2,140,0
-98,-79,0
-9,141,0
-69,118,0
88,97,0
92,-93,0
-129,-7,0
137,51,0
55,126,0
-47,136,0
118,54,0
-6,-139,0
63,-125,0
63,113,0
67,-106,0
24,137,0
-39,-141,0
-131,24,0
-48,126,0
-59,128,0
123,-32,0
127,40,0
111,-97,0
-19,-146,0
133,-56,0
94,-92,0
71,-107,0
-64,-132,0
-139,10,0
-126,-37,0
114,55,0
-145,27,0
64,109,0
-126,28,0
-44,119,0
-46,121,0
118,-45,0
-136,17,0
-131,-27,0
-131,-29,0
87,-100,0
-126,31,0
-102,105,0
71,113,0
20,125,0
-126,67,0
-101,-86,0
-133,-25,0
-48,-137,0
-39,139,0
-37,132,0
-10,-129,0
-125,-31,0
109,92,0
24,129,0
128,-74,0
123,-58,0
135,32,0
-104,82,0
132,31,0
-64,-120,0
-12,-127,0
-99,85,0
-138,-22,0
59,115,0
-129,75,0
-79,-112,0
-11,137,0
-96,-105,0
-58,136,0
-17,-124,0
147,7,0
-3,149,0
-90,92,0
-13,129,0
5,135,0
136,-21,0
14,-141,0
126,17,0
-124,-37,0
129,40,0
-21,144,0
147,17,0
-98,78,0
89,103,0
17,-138,0
124,-48,0
-40,-121,0
-64,112,0
-30,-126,0
-100,86,0
-72,107,0
139,-30,0
-138,39,0
88,-89,0
-79,121,0
124,-62,0
144,27,0
-117,59,0
-94,113,0
-83,-94,0
98,-113,0
135,65,0
-56,139,0
132,-44,0
142,6,0
35,121,0
-91,99,0
64,133,0
136,-43,0
-112,-96,0
133,-63,0
-47,-116,0
-121,49,0
58,125,0
134,-1,0
-33,-140,0
35,139,0
-130,30,0
-62,117,0
-94,-112,0
143,-40,0
-47,138,0
-138,-17,0
-72,124,0
61,-112,0
126,66,0
-140,39,0
-91,-114,0
-102,-107,0
-129,34,0
-119,49,0
-107,92,0
-38,137,0
55,115,0
55,-125,0
-42,-141,0
-43,129,0
56,137,0
-34,-140,0
26,-131,0
119,81,0
102,-92,0
117,60,0
-114,72,0
-4,-129,0
127,-47,0
62,-129,0
-101,-94,0
-137,20,0
51,-137,0
127,-34,0
101,100,0
118,-83,0
132,36,0
-61,129,0
89,92,0
118,57,0
-66,113,0
135,-26,0
-136,-62,0
-128,27,0
-106,75,0
48,-120,0
-25,135,0
-67,128,0
-140,18,0
-143,-43,0
69,-116,0
-137,-17,0
131,-22,0
79,-100,0
132,29,0
134,-9,0
89,113,0
-133,32,0
-134,-52,0
132,-43,0
91,97,0
52,-119,0
-139,44,0
67,124,0
-115,90,0
15,-136,0
83,-103,0
-100,87,0
-23,-140,0
-79,-124,0
73,103,0
129,72,0
126,-58,0
-127,48,0
-76,-103,0
-105,-104,0
30,143,0
109,88,0
-30,130,0
140,-27,0
-126,-13,0
-65,110,0
140,12,0
112,-85,0
124,-36,0
-40,140,0
-136,37,0
125,49,0
118,46,0
42,119,0
-39,-138,0
141,50,0
-87,118,0
126,42,0
-76,-127,0
-82,119,0
109,72,0
111,90,0
122,-28,0
-120,-42,0
-112,95,0
10,146,0
-126,26,0
-23,-130,0
47,-136,0
109,-103,0
111,64,0
34,-130,0
122,-49,0
103,90,0
43,-139,0
-140,9,0
-96,115,0
145,3,0
66,-107,0
-45,-125,0
147,25,0
-104,-75,0
-105,-73,0
-141,48,0
-30,-135,0
11,-132,0
45,-139,0
-38,135,0
-145,-31,0
-131,60,0
141,18,0
-127,65,0
-131,14,0
-94,87,0
117,50,0
131,-40,0
133,-15,0
-35,134,0
-146,4,0
57,112,0
-75,-117,0
106,89,0
-25,130,0
22,-128,0
-124,18,0
143,24,0
62,-124,0
-72,113,0
-87,104,0
136,28,0
52,136,0
100,110,0
-69,117,0
125,71,0
-141,-27,0
-56,116,0
-148,-10,0
145,-2,0
-120,39,0
142,-19,0
-46,-125,0
-132,54,0
-147,-19,0
3,-132,0
65,121,0
79,121,0
113,-73,0
136,15,0
-91,86,0
-101,96,0
-128,34,0
-122,44,0
103,-73,0
134,13,0
79,-108,0
-4,-134,0
-68,-128,0
-46,-126,0
-91,109,0
-128,37,0
112,73,0
103,-88,0
-134,-48,0
133,31,0
-79,-119,0
128,-37,0
-2,138,0
-97,100,0
143,-15,0
60,124,0
122,-71,0
-11,126,0
-101,-86,0
51,-139,0
24,133,0
-133,26,0
-126,-21,0
129,27,0
78,109,0
-135,20,0
102,78,0
115,94,0
34,-124,0
146,-31,0
140,-18,0
132,14,0
-125,16,0
-143,20,0
-103,-78,0
-62,114,0
118,-82,0
-48,133,0
78,-119,0
-89,-112,0
-97,113,0
111,-74,0
-138,11,0
147,23,0
147,11,0
36,134,0
-134,49,0
-80,111,0
50,-137,0
-28,-135,0
-97,80,0
51,-124,0
-126,-49,0
-129,-26,0
-63,123,0
-136,-27,0
4,-142,0
14,126,0
-1,-148,0
-8,-143,0
139,30,0
107,-76,0
37,-145,0
118,-71,0
3,-137,0
-101,-80,0
32,128,0
122,-41,0
87,122,0
-120,-67,0
-124,-23,0
107,-94,0
134,-67,0
-97,-111,0
90,108,0
13,-139,0
145,-4,0
-6,126,0
4,132,0
-138,37,0
-106,105,0
-36,-141,0
0,-144,0
-127,43,0
109,101,0
-27,135,0
128,-24,0
-109,94,0
-122,41,0
91,-108,0
-78,110,0
-122,41,0
40,-123,0
-12,-134,0
-100,86,0
-48,-141,0
-47,-140,0
139,-30,0
-40,-125,0
-100,-104,0
80,-107,0
-7,133,0
8,144,0
0,-144,0
141,-16,0
-56,-121,0
-66,-132,0
67,126,0
75,-110,0
-91,-100,0
-40,-144,0
-90,-106,0
-145,28,0
53,-133,0
-134,37,0
-119,-46,0
81,-99,0
41,-133,0
148,14,0
145,-34,0
-61,-125,0
77,-124,0
36,-143,0
138,55,0
-64,116,0
-79,-104,0
-63,-118,0
61,114,0
-87,-104,0
-30,138,0
-136,-16,0
-79,-108,0
-140,41,0
40,132,0
112,96,0
-31,-128,0
-45,-135,0
88,-115,0
-126,15,0
-132,-45,0
-112,-69,0
-39,132,0
21,-135,0
116,-48,0
149,3,0
-31,-132,0
-41,133,0
1,-148,0
-135,44,0
-16,-134,0
62,134,0
99,102,0
146,-9,0
87,-115,0
132,27,0
-144,14,0
-25,-125,0
138,-31,0
128,-3,0
129,36,0
115,86,0
130,48,0
-75,-116,0
120,44,0
-135,-38,0
-128,-40,0
-132,-69,0
-96,95,0
-111,-62,0
-58,-132,0
22,-146,0
136,37,0
-123,-48,0
-137,-36,0
30,143,0
136,32,0
-108,67,0
-48,121,0
-127,-38,0
-136,-62,0
-82,-103,0
-46,122,0
137,31,0
71,-114,0
-85,-94,0
78,-106,0
-115,-94,0
-116,-93,0
133,45,0
86,104,0
147,-8,0
-78,-111,0
135,28,0
-38,139,0
107,93,0
-137,60,0
122,86,0
119,-81,0
90,-99,0
-53,-126,0
77,124,0
-21,139,0
87,120,0
-126,-36,0
-84,-123,0
23,-137,0
