7,44,1
-27,-17,1
-7,-31,1
8,35,1
-11,25,1
32,-29,1
-30,-29,1
14,27,1
-47,12,1
-44,23,1
17,21,1
-36,6,1
35,-6,1
45,-6,1
-7,-27,1
-23,20,1
-45,-1,1
23,36,1
29,7,1
44,-23,1
-24,18,1
-37,6,1
9,40,1
30,-30,1
-8,-33,1
17,-43,1
32,-15,1
-7,41,1
-46,16,1
31,-33,1
15,-21,1
29,-21,1
10,35,1
13,-42,1
32,-17,1
-44,-9,1
-22,21,1
-34,-35,1
7,-27,1
31,-6,1
41,24,1
13,-28,1
32,36,1
-28,-16,1
-21,40,1
8,-47,1
44,0,1
-36,-13,1
-8,37,1
-3,49,1
19,24,1
43,-5,1
-17,34,1
-9,34,1
-36,-15,1
3,36,1
2,27,1
27,-5,1
-19,31,1
17,28,1
-8,31,1
35,-28,1
31,-17,1
-14,-46,1
44,21,1
9,-37,1
-23,38,1
-24,21,1
-14,-34,1
-38,11,1
-32,24,1
-21,22,1
-1,-45,1
1,29,1
-11,-30,1
-32,-31,1
25,-7,1
-6,36,1
-31,39,1
-33,35,1
-37,-21,1
40,20,1
-8,47,1
-12,48,1
36,11,1
23,-22,1
16,43,1
-29,20,1
37,-29,1
2,-28,1
-35,-27,1
-15,45,1
-39,6,1
3,-41,1
29,24,1
-45,21,1
17,-38,1
41,3,1
32,-12,1
22,37,1
0,30,1
28,31,1
27,25,1
-10,-32,1
27,16,1
30,11,1
-10,36,1
7,-25,1
-34,-30,1
-8,-32,1
45,16,1
-42,-10,1
0,25,1
-24,21,1
-26,-12,1
22,26,1
-17,19,1
-20,-32,1
-31,-28,1
16,-43,1
15,-24,1
31,-22,1
48,-5,1
20,45,1
1,-26,1
-12,26,1
35,8,1
-28,25,1
-21,-36,1
16,-32,1
4,46,1
23,-41,1
-6,-43,1
-28,-8,1
24,42,1
-14,-38,1
14,39,1
-31,3,1
35,-16,1
-49,3,1
-15,-42,1
32,-35,1
-38,-18,1
-12,48,1
-9,32,1
-20,29,1
-20,18,1
-38,-13,1
-41,-13,1
-21,-30,1
6,36,1
-43,2,1
-6,-27,1
0,-25,1
38,-13,1
-37,2,1
31,-23,1
11,-28,1
-32,-35,1
38,3,1
40,11,1
39,31,1
-8,-48,1
21,21,1
33,7,1
44,-12,1
-13,-41,1
26,-37,1
23,16,1
27,-15,1
22,35,1
14,-27,1
33,32,1
12,45,1
21,19,1
-6,27,1
39,16,1
-32,-27,1
-19,42,1
-44,-13,1
0,-26,1
45,-9,1
33,11,1
43,-11,1
13,-22,1
38,20,1
6,48,1
31,5,1
12,35,1
-1,37,1
-17,-30,1
-19,38,1
33,-32,1
10,-30,1
11,34,1
-5,-32,1
-44,-11,1
-2,45,1
20,24,1
26,-16,1
31,30,1
2,-31,1
32,-10,1
26,19,1
-5,-32,1
-6,-35,1
32,-14,1
-24,-12,1
-34,-27,1
43,22,1
-36,27,1
3,49,1
-27,34,1
13,-30,1
19,34,1
26,22,1
10,45,1
-18,-29,1
-32,2,1
9,41,1
41,20,1
-35,30,1
-18,35,1
-8,49,1
-41,14,1
-44,-18,1
31,-38,1
36,-33,1
-1,26,1
-32,7,1
-4,-37,1
28,-31,1
28,24,1
12,48,1
40,-21,1
31,-6,1
38,29,1
-21,37,1
-6,-39,1
9,-43,1
-28,20,1
30,-21,1
-8,-35,1
1,-37,1
31,-33,1
-47,13,1
10,-34,1
49,2,1
26,37,1
-32,37,1
21,-32,1
-24,23,1
-19,-46,1
-26,35,1
-29,8,1
-47,-16,1
6,37,1
-4,45,1
21,35,1
-28,11,1
18,-37,1
1,33,1
6,-40,1
-29,30,1
-46,10,1
12,24,1
-5,-37,1
-16,32,1
-7,44,1
0,-34,1
43,-10,1
33,7,1
7,38,1
-30,32,1
39,5,1
-14,-45,1
5,-47,1
-12,25,1
-49,0,1
-39,30,1
-41,17,1
-20,-22,1
9,36,1
-12,25,1
20,-37,1
7,29,1
-30,-35,1
-39,26,1
-25,21,1
-21,-20,1
-29,-29,1
-34,23,1
49,-8,1
-31,-36,1
-32,20,1
5,-26,1
-28,-13,1
25,19,1
5,29,1
27,27,1
-46,-17,1
-23,35,1
-31,33,1
-37,1,1
-19,23,1
40,-8,1
-20,-44,1
-31,21,1
-26,-34,1
-7,49,1
-1,27,1
-6,38,1
-37,-27,1
8,38,1
-19,-18,1
-15,-39,1
28,-4,1
19,31,1
-16,20,1
18,22,1
-44,12,1
36,18,1
-31,23,1
40,-21,1
19,40,1
45,-3,1
-21,16,1
2,-38,1
-26,28,1
-21,45,1
-1,-43,1
-5,-34,1
-32,18,1
7,43,1
7,46,1
-48,-5,1
10,24,1
-27,12,1
36,-10,1
43,10,1
-41,-27,1
-12,-40,1
-9,-26,1
17,-41,1
22,15,1
-13,-32,1
30,37,1
-23,-24,1
45,3,1
-17,28,1
-43,13,1
5,-30,1
-29,-14,1
-40,13,1
48,12,1
-39,-4,1
-17,37,1
-25,-20,1
-27,10,1
30,-1,1
13,48,1
32,-21,1
46,12,1
13,45,1
-12,-36,1
-26,-28,1
26,24,1
-4,41,1
1,43,1
-37,-19,1
18,-42,1
29,22,1
-33,-19,1
44,10,1
-3,-27,1
25,-27,1
-38,-12,1
-34,-8,1
38,-28,1
28,7,1
-31,-1,1
34,1,1
41,-13,1
-37,21,1
28,-13,1
34,21,1
31,-16,1
-37,29,1
-11,-46,1
14,-38,1
-29,32,1
-33,4,1
-34,-27,1
44,-14,1
44,3,1
33,26,1
46,6,1
-34,-7,1
10,26,1
27,-42,1
-8,32,1
-4,-37,1
-44,-13,1
42,22,1
37,7,1
47,8,1
-21,-22,1
31,5,1
31,-15,1
-20,-36,1
-34,11,1
-6,-43,1
-40,12,1
40,8,1
-27,-32,1
-28,19,1
30,1,1
-23,-18,1
-16,29,1
-32,-18,1
24,39,1
-24,-33,1
-26,6,1
39,-20,1
-30,-12,1
30,11,1
26,-10,1
29,-1,1
8,47,1
9,-39,1
-28,13,1
-25,37,1
-25,10,1
-35,-29,1
-10,-34,1
32,-34,1
-3,-41,1
-35,-7,1
1,46,1
14,-29,1
43,17,1
-15,-46,1
-29,26,1
9,-31,1
4,33,1
23,-41,1
-27,4,1
-26,13,1
-31,-24,1
0,29,1
13,-47,1
-3,38,1
29,-34,1
-37,17,1
2,46,1
-40,-6,1
-27,-27,1
-5,-28,1
-32,10,1
0,-31,1
-48,14,1
26,23,1
-23,-37,1
23,37,1
-32,-38,1
-27,21,1
45,1,1
16,45,1
-2,-31,1
35,-25,1
40,0,1
33,-9,1
-30,16,1
-26,23,1
-2,-27,1
-37,28,1
19,30,1
-37,-7,1
29,-14,1
-33,2,1
23,-33,1
-47,-17,1
-22,12,1
-20,-24,1
-22,22,1
-36,-6,1
-29,3,1
-4,25,1
32,-31,1
36,-23,1
-32,-25,1
-15,-36,1
39,-11,1
-26,-33,1
-28,-32,1
-42,27,1
18,-18,1
2,-29,1
-38,-5,1
27,34,1
-193,-252,0
-205,229,0
176,261,0
317,42,0
-68,-298,0
145,276,0
208,-217,0
27,314,0
185,248,0
-185,256,0
309,-16,0
-246,-169,0
45,-305,0
-6,317,0
-301,104,0
296,-7,0
129,270,0
-139,-267,0
-48,298,0
186,-260,0
-308,22,0
299,-1,0
294,-116,0
-24,303,0
-186,-244,0
-318,-25,0
-136,270,0
-185,-240,0
261,155,0
34,312,0
-293,-124,0
236,212,0
162,271,0
-88,286,0
242,188,0
272,157,0
-55,291,0
163,-275,0
-301,12,0
285,111,0
297,-119,0
-178,254,0
96,285,0
205,-227,0
212,239,0
195,-239,0
-278,-111,0
302,-102,0
32,312,0
254,-167,0
40,293,0
-273,151,0
-103,-295,0
-196,239,0
-159,252,0
314,-25,0
84,292,0
-24,319,0
-184,255,0
-201,231,0
-302,-102,0
296,99,0
-184,250,0
265,131,0
-27,-307,0
-167,249,0
301,56,0
-304,-27,0
-258,-174,0
255,-193,0
-238,184,0
-163,-267,0
-248,171,0
-44,-295,0
-35,315,0
-7,-317,0
-205,230,0
298,20,0
279,-96,0
212,-209,0
38,-312,0
-68,-288,0
-10,-308,0
141,267,0
-214,-235,0
127,-284,0
101,300,0
176,-243,0
263,170,0
310,10,0
-305,7,0
-293,-103,0
-50,-316,0
273,-128,0
-164,-274,0
249,181,0
-294,88,0
-241,181,0
-317,1,0
39,-312,0
-25,314,0
-274,-165,0
-103,278,0
-77,-286,0
40,309,0
307,-29,0
-196,-232,0
-313,-10,0
-309,5,0
-278,135,0
283,135,0
-163,-260,0
-295,-15,0
179,261,0
-80,-302,0
312,-38,0
59,298,0
-102,298,0
133,287,0
-304,-11,0
-254,-152,0
283,-116,0
261,139,0
220,213,0
-298,-7,0
162,261,0
274,-165,0
-297,62,0
228,192,0
297,34,0
-287,87,0
304,60,0
109,-293,0
-120,-274,0
305,22,0
237,-183,0
-241,-208,0
-315,11,0
-217,-230,0
-222,196,0
144,279,0
-274,115,0
223,194,0
-299,-49,0
213,-219,0
248,-187,0
51,-309,0
308,-74,0
311,-6,0
-153,263,0
-271,150,0
-305,18,0
290,120,0
-158,-256,0
41,-293,0
-161,-267,0
-191,-226,0
318,11,0
91,-306,0
-284,-115,0
214,-221,0
84,-302,0
1,-300,0
294,-58,0
234,-192,0
85,294,0
313,53,0
-162,-247,0
-302,85,0
-83,304,0
-211,-229,0
160,262,0
156,257,0
124,281,0
-102,-285,0
223,212,0
-286,106,0
-182,-246,0
311,-60,0
299,-55,0
88,283,0
-295,-60,0
-102,280,0
-264,-177,0
214,213,0
227,-203,0
-113,290,0
-278,152,0
139,284,0
-295,76,0
312,70,0
206,-235,0
-227,-191,0
-218,-203,0
122,-291,0
283,90,0
233,200,0
59,-307,0
-129,-281,0
-302,-53,0
275,-114,0
48,-297,0
-31,306,0
-318,-2,0
119,277,0
290,-62,0
221,-210,0
-29,302,0
292,111,0
-28,312,0
-122,283,0
-259,-183,0
-123,281,0
-300,-106,0
-270,-138,0
180,-253,0
-174,-264,0
-262,164,0
-309,-17,0
-156,-251,0
312,18,0
23,-295,0
-275,141,0
-103,288,0
220,227,0
-277,-137,0
-134,270,0
257,-152,0
-136,285,0
-143,262,0
-315,9,0
-228,209,0
-310,36,0
-303,70,0
13,300,0
-209,-210,0
-33,301,0
294,-55,0
-254,175,0
160,-273,0
103,291,0
-309,41,0
-244,-168,0
-181,-241,0
-72,-310,0
203,221,0
100,-289,0
21,304,0
132,281,0
-88,-299,0
-2,317,0
166,-273,0
-114,280,0
-279,150,0
106,-296,0
153,-253,0
125,280,0
-282,148,0
-93,-284,0
-81,291,0
-266,177,0
-73,300,0
-285,88,0
99,303,0
14,-300,0
-250,171,0
-220,206,0
-285,105,0
61,-302,0
296,18,0
294,44,0
196,241,0
302,14,0
-304,-33,0
-279,-101,0
-308,7,0
-92,-305,0
46,-315,0
297,-79,0
249,-166,0
57,296,0
-261,-154,0
-284,107,0
-286,109,0
-262,167,0
-223,-220,0
261,-165,0
-33,-294,0
287,-120,0
-289,80,0
116,280,0
223,217,0
-316,41,0
-289,-91,0
106,300,0
-271,-149,0
-19,312,0
-290,-77,0
-135,282,0
256,-148,0
299,4,0
271,-127,0
214,-220,0
-250,157,0
284,-132,0
-297,24,0
-6,-319,0
111,291,0
78,287,0
241,-199,0
250,-199,0
250,-157,0
-248,190,0
114,295,0
-172,257,0
221,224,0
187,-229,0
300,36,0
200,-248,0
-85,-284,0
317,-28,0
309,-74,0
251,198,0
268,132,0
307,-4,0
-266,151,0
-259,184,0
-86,307,0
-242,204,0
231,189,0
301,-51,0
-268,160,0
-305,-73,0
-302,-44,0
182,-260,0
230,208,0
173,-242,0
-265,-166,0
146,261,0
-41,-299,0
302,3,0
293,127,0
131,270,0
-166,-252,0
-301,64,0
-190,227,0
275,152,0
-307,49,0
241,-178,0
126,290,0
-91,281,0
-81,306,0
258,-155,0
-235,203,0
-149,283,0
60,291,0
-159,258,0
-300,-43,0
104,281,0
-196,-244,0
254,-174,0
211,-225,0
170,-268,0
200,237,0
24,317,0
-238,-188,0
-140,-269,0
244,-188,0
-151,254,0
294,-43,0
167,-255,0
267,162,0
218,223,0
-299,-31,0
157,269,0
-154,270,0
269,-136,0
-269,-122,0
-14,-313,0
144,-269,0
245,171,0
255,-173,0
300,42,0
38,-316,0
14,-299,0
-132,-273,0
175,-238,0
299,-1,0
-288,-99,0
287,-133,0
224,-222,0
298,5,0
80,-284,0
-162,250,0
-187,-246,0
-153,270,0
64,-313,0
-163,250,0
61,-295,0
313,50,0
-99,282,0
229,191,0
46,314,0
-276,136,0
-230,203,0
-298,-67,0
-266,-163,0
17,316,0
183,-232,0
266,146,0
29,316,0
280,113,0
227,-195,0
43,313,0
219,-233,0
-240,-200,0
298,-8,0
-53,293,0
281,-115,0
245,-188,0
30,314,0
197,246,0
205,-234,0
-299,13,0
117,-281,0
307,-72,0
152,-254,0
-208,224,0
65,291,0
110,292,0
-186,259,0
-274,165,0
316,18,0
-248,-170,0
-246,-169,0
124,284,0
-139,271,0
315,54,0
-155,-270,0
43,314,0
-292,-122,0
305,-12,0
195,-236,0
308,-8,0
-306,16,0
143,-284,0
-235,196,0
61,301,0
250,-188,0
-135,287,0
76,286,0
-166,268,0
249,-196,0
-122,-269,0
-124,280,0
213,-216,0
-75,-306,0
-252,175,0
-287,98,0
181,253,0
109,293,0
-302,18,0
282,-117,0
242,-179,0
201,230,0
8,301,0
-302,81,0
-169,-243,0
-246,181,0
-95,285,0
-251,182,0
162,-258,0
283,-99,0
315,-42,0
255,193,0
-199,-221,0
-72,-287,0
209,216,0
118,294,0
136,269,0
71,306,0
247,-169,0
-174,263,0
-239,206,0
-165,-254,0
217,208,0
222,-221,0
270,138,0
-104,-292,0
-280,103,0
-294,87,0
292,-42,0
23,314,0
-270,-148,0
-109,-294,0
273,125,0
-310,77,0
232,216,0
-225,-191,0
255,-167,0
