5,44,1
21,-16,1
4,26,1
0,47,1
-47,-16,1
-14,38,1
-24,15,1
28,36,1
11,36,1
-10,-33,1
-24,-33,1
25,6,1
-39,28,1
-12,-27,1
25,15,1
23,-15,1
-30,-1,1
-37,27,1
44,13,1
-35,-4,1
34,-11,1
28,2,1
37,11,1
45,-19,1
-44,3,1
37,-18,1
-35,21,1
26,18,1
29,-40,1
31,25,1
-38,-13,1
35,-32,1
-23,-43,1
4,-32,1
22,-33,1
-6,36,1
-3,26,1
26,9,1
27,20,1
31,14,1
-13,-29,1
34,4,1
21,24,1
-33,8,1
-27,33,1
4,-33,1
-43,24,1
-10,35,1
-42,-12,1
-9,-30,1
43,-22,1
-25,-24,1
28,4,1
-35,6,1
-21,-33,1
-35,24,1
-6,-29,1
48,11,1
26,-24,1
-29,-16,1
-24,-43,1
-27,-41,1
36,-5,1
-13,-30,1
-34,18,1
1,-34,1
-45,2,1
40,25,1
47,2,1
14,40,1
42,-11,1
2,46,1
38,-10,1
-27,-9,1
30,0,1
24,-30,1
-33,-14,1
44,12,1
-9,-29,1
34,-27,1
6,28,1
27,31,1
-40,-22,1
20,-26,1
20,-32,1
5,43,1
17,-25,1
-40,30,1
9,28,1
39,30,1
40,-30,1
-11,-24,1
-22,-19,1
-1,-44,1
-25,13,1
29,33,1
-38,-32,1
20,-21,1
-26,-6,1
8,-43,1
-15,-47,1
14,38,1
-19,42,1
-32,-30,1
-49,-4,1
8,-29,1
15,-21,1
3,31,1
-40,-26,1
27,11,1
1,39,1
-17,24,1
-42,2,1
-28,0,1
30,-21,1
32,-26,1
15,45,1
3,-44,1
29,-13,1
-39,-13,1
-14,21,1
36,-9,1
27,6,1
-24,42,1
11,47,1
33,13,1
31,-7,1
-21,-14,1
-19,37,1
-43,-1,1
47,13,1
-45,16,1
38,-7,1
-27,-31,1
24,-19,1
14,-28,1
12,-26,1
2,-33,1
-27,-27,1
-23,10,1
-25,-35,1
-34,10,1
31,-6,1
31,-24,1
-28,19,1
41,-11,1
25,-7,1
-20,38,1
31,32,1
8,47,1
-6,-34,1
2,-46,1
42,-15,1
22,15,1
-34,-28,1
30,33,1
11,-30,1
-33,8,1
16,-33,1
-14,-44,1
32,18,1
36,-18,1
28,-2,1
-22,35,1
12,45,1
-10,-29,1
42,8,1
24,10,1
-25,-4,1
-30,-32,1
6,-30,1
-3,-42,1
10,27,1
-7,33,1
-10,-45,1
-18,-19,1
13,43,1
-29,18,1
-40,-27,1
19,18,1
28,-25,1
-37,-22,1
-24,34,1
1,-41,1
12,25,1
-46,17,1
-25,-18,1
46,3,1
-36,-6,1
4,-40,1
28,3,1
-49,0,1
-23,-18,1
-23,36,1
-30,2,1
5,-46,1
2,47,1
-31,36,1
-43,-14,1
-19,46,1
-31,17,1
34,11,1
12,42,1
-15,39,1
-45,-14,1
-26,10,1
21,23,1
-19,-25,1
21,45,1
14,-40,1
35,33,1
16,27,1
32,-3,1
-12,40,1
39,16,1
-28,-3,1
-26,26,1
-28,10,1
-40,28,1
-27,-3,1
20,30,1
-31,30,1
-22,15,1
-19,17,1
-29,34,1
-30,-18,1
-38,-2,1
-31,24,1
-23,-44,1
38,20,1
-6,37,1
20,15,1
-34,-10,1
-37,-6,1
29,-35,1
17,47,1
38,21,1
-27,27,1
-23,-18,1
-17,-24,1
-48,14,1
-47,15,1
-9,42,1
27,9,1
-25,30,1
-4,-36,1
-26,-42,1
7,-25,1
-48,6,1
-39,0,1
34,-28,1
40,26,1
11,-34,1
-27,-4,1
41,-6,1
28,14,1
-28,18,1
28,-19,1
-25,-2,1
11,-48,1
20,31,1
-48,-4,1
-45,-11,1
32,-37,1
37,-7,1
41,-8,1
-12,-29,1
-47,-13,1
-27,19,1
43,5,1
33,32,1
-6,-42,1
-41,-7,1
37,-17,1
-25,-4,1
-6,-30,1
-31,-8,1
-18,-44,1
-45,-21,1
-13,-28,1
-6,41,1
-25,-35,1
39,-12,1
9,-43,1
16,21,1
-25,12,1
11,26,1
43,-4,1
8,-35,1
-15,36,1
15,-20,1
44,2,1
-39,-29,1
26,-41,1
0,-42,1
24,-21,1
35,10,1
1,34,1
-35,-18,1
-17,26,1
-17,-39,1
40,-9,1
2,49,1
-39,5,1
28,31,1
42,11,1
-3,-39,1
-15,-23,1
41,-24,1
-24,34,1
-28,0,1
-21,-16,1
32,23,1
-25,-18,1
-7,-49,1
19,40,1
5,37,1
28,21,1
13,36,1
-21,-18,1
-1,47,1
48,-4,1
4,34,1
24,42,1
-31,37,1
-10,-45,1
32,30,1
-21,-45,1
-34,34,1
-36,-24,1
26,-36,1
14,29,1
49,9,1
-3,-33,1
-20,37,1
27,-32,1
-2,30,1
-29,22,1
-30,13,1
16,-40,1
29,-13,1
1,35,1
34,0,1
-35,-6,1
-1,47,1
8,39,1
-13,-48,1
-14,28,1
-26,-34,1
47,14,1
-22,-35,1
-14,40,1
-23,-17,1
-23,13,1
32,5,1
-4,-39,1
-30,10,1
-29,-38,1
39,4,1
-17,29,1
-14,-40,1
-1,26,1
32,35,1
32,-19,1
-14,33,1
26,-40,1
33,-33,1
27,35,1
-35,-30,1
-29,-30,1
10,33,1
-29,30,1
-6,-37,1
-4,-45,1
33,15,1
34,13,1
17,-38,1
47,-5,1
-32,32,1
-21,-34,1
-28,-12,1
-10,35,1
-8,-41,1
33,-37,1
-21,26,1
-39,-6,1
-7,35,1
-12,22,1
29,-17,1
-3,31,1
20,20,1
38,28,1
21,-19,1
25,-13,1
8,38,1
-24,33,1
42,9,1
-30,-25,1
-35,-8,1
-43,24,1
39,-30,1
33,-1,1
-37,-5,1
-26,-31,1
10,-38,1
-39,0,1
2,-37,1
39,1,1
-46,-1,1
29,-26,1
-18,-32,1
-2,-39,1
20,16,1
38,-12,1
40,16,1
-45,-6,1
-35,21,1
-30,-25,1
-29,-37,1
-2,-47,1
1,-31,1
-32,-30,1
-34,-15,1
31,-2,1
24,40,1
-39,-27,1
-21,28,1
37,-21,1
-28,19,1
-1,26,1
-31,33,1
5,42,1
32,-33,1
-23,32,1
-30,12,1
11,30,1
7,46,1
-41,-18,1
-13,39,1
-22,22,1
34,-30,1
-29,-35,1
11,-33,1
-27,-19,1
-37,12,1
45,-16,1
14,31,1
25,-16,1
-10,-32,1
-7,-31,1
21,31,1
-14,33,1
37,-8,1
-14,38,1
-21,30,1
41,-16,1
-36,30,1
13,-41,1
-44,-2,1
-38,12,1
-35,30,1
-43,3,1
-39,-4,1
18,25,1
-9,-28,1
13,24,1
-8,45,1
28,2,1
-32,23,1
27,37,1
-5,-43,1
-15,-39,1
-29,-37,1
-28,-18,1
-35,-21,1
-37,1,1
35,-4,1
0,-28,1
38,30,1
-16,23,1
-18,40,1
-40,5,1
35,11,1
-10,-47,1
-34,11,1
-35,-5,1
11,24,1
-41,-27,1
7,-30,1
27,16,1
41,-14,1
-22,-19,1
9,-48,1
38,31,1
-35,24,1
-27,38,1
16,35,1
-32,19,1
24,-32,1
-16,32,1
124,-15,0
93,68,0
-82,84,0
-94,98,0
79,-94,0
133,-19,0
123,56,0
-63,114,0
-2,-115,0
-109,69,0
-86,97,0
55,-126,0
130,1,0
-125,-7,0
73,-118,0
116,-76,0
-4,134,0
-137,6,0
115,-28,0
-128,3,0
111,85,0
-60,-102,0
34,124,0
-24,-125,0
-118,-41,0
127,2,0
38,112,0
-138,3,0
79,89,0
-11,-123,0
34,128,0
54,-125,0
-2,-132,0
-4,129,0
-116,27,0
63,119,0
-3,-129,0
62,-120,0
61,-113,0
84,89,0
-28,128,0
-60,125,0
-68,118,0
-34,-112,0
10,-115,0
53,-117,0
-3,129,0
-71,108,0
-118,-60,0
11,-135,0
34,-112,0
-124,-34,0
80,102,0
37,124,0
2,131,0
-56,109,0
-87,89,0
-138,23,0
-125,-31,0
-89,-107,0
114,-38,0
19,-134,0
31,-134,0
85,82,0
-38,-114,0
70,97,0
53,-125,0
-1,-126,0
-87,-84,0
-72,102,0
-41,-115,0
108,73,0
-109,-40,0
-83,-88,0
125,-39,0
-25,123,0
108,-57,0
47,108,0
-124,-22,0
77,115,0
106,75,0
-34,-129,0
-61,-125,0
-126,18,0
-115,-59,0
-131,-21,0
119,-64,0
-119,-61,0
-94,69,0
129,39,0
63,103,0
124,21,0
-134,16,0
131,21,0
13,115,0
1,117,0
-92,73,0
-133,42,0
-95,90,0
-51,123,0
48,-112,0
122,-16,0
0,-126,0
-28,113,0
-104,-61,0
-6,130,0
-53,-112,0
-109,-38,0
6,-135,0
-29,-122,0
102,64,0
-84,93,0
-16,125,0
-137,-9,0
-124,-53,0
-119,48,0
-83,107,0
-113,-77,0
-50,129,0
-41,111,0
-119,-23,0
-107,-85,0
95,-91,0
-33,111,0
110,66,0
-107,84,0
-114,60,0
128,9,0
91,92,0
115,23,0
-122,39,0
43,-117,0
116,11,0
98,-99,0
-122,17,0
129,-53,0
113,-57,0
-124,56,0
127,19,0
-42,113,0
-23,135,0
-120,26,0
-31,-125,0
109,86,0
-35,-129,0
68,-113,0
75,116,0
-26,132,0
-109,-45,0
80,-92,0
108,-45,0
111,73,0
-129,-41,0
-88,-79,0
28,124,0
-115,-51,0
93,-82,0
78,-88,0
91,-106,0
22,123,0
91,-72,0
11,139,0
-120,1,0
-45,-129,0
-106,60,0
-124,42,0
-119,-21,0
-24,124,0
-93,-85,0
-41,-108,0
55,112,0
-118,-60,0
-91,-88,0
-106,55,0
-97,-64,0
-100,-71,0
-4,130,0
-1,-117,0
-82,-93,0
-23,119,0
115,-9,0
-118,-69,0
-114,-64,0
-82,-113,0
-109,-51,0
-117,-60,0
117,68,0
89,78,0
59,-124,0
114,62,0
-13,126,0
103,75,0
-43,-132,0
95,-73,0
86,-98,0
-98,-81,0
-102,93,0
15,133,0
113,-22,0
-2,132,0
-50,123,0
-95,82,0
106,-61,0
-124,-35,0
-5,-138,0
49,-108,0
-42,123,0
23,-117,0
-69,-101,0
83,-103,0
-87,-86,0
92,-77,0
133,24,0
-126,-43,0
135,17,0
16,129,0
31,-123,0
-76,114,0
27,123,0
-73,97,0
133,18,0
-121,47,0
-29,-115,0
40,-119,0
-135,12,0
120,53,0
43,125,0
-112,41,0
-120,-1,0
33,-122,0
-114,-20,0
-31,120,0
-114,-63,0
-120,-45,0
119,2,0
114,-57,0
-71,92,0
-74,102,0
17,126,0
-66,105,0
65,97,0
20,124,0
79,-107,0
94,-97,0
-104,82,0
-10,-133,0
109,55,0
-129,8,0
10,135,0
73,106,0
-91,99,0
-91,90,0
-82,107,0
97,85,0
-78,-109,0
-114,-73,0
122,-17,0
120,70,0
89,-94,0
-118,69,0
-51,126,0
121,-36,0
123,38,0
127,-23,0
-108,-80,0
133,32,0
10,-122,0
-53,-111,0
129,22,0
128,-46,0
139,-16,0
62,-117,0
20,122,0
-102,-89,0
-90,92,0
40,-121,0
-106,-67,0
76,109,0
-90,85,0
80,90,0
75,-116,0
-119,5,0
54,125,0
12,-132,0
4,-135,0
121,57,0
38,134,0
117,-45,0
117,-41,0
-111,-50,0
-59,123,0
-133,-13,0
-123,66,0
123,1,0
-3,-138,0
-12,139,0
-5,-128,0
4,-119,0
25,122,0
72,-100,0
30,113,0
124,-31,0
10,-125,0
54,116,0
104,53,0
-17,-138,0
-133,2,0
108,54,0
-120,11,0
-2,135,0
-109,-71,0
-122,-24,0
-134,-37,0
0,-136,0
38,-134,0
119,-4,0
120,-42,0
64,120,0
115,-42,0
125,-56,0
46,-110,0
-120,7,0
-83,-111,0
-121,-29,0
43,116,0
55,112,0
-43,119,0
-35,117,0
36,-120,0
-129,-24,0
-61,-121,0
126,35,0
90,-72,0
-73,-98,0
118,-61,0
-61,104,0
105,53,0
-114,-81,0
129,25,0
-122,35,0
76,-117,0
-77,-91,0
-89,-85,0
36,111,0
-126,13,0
-49,-130,0
-93,-92,0
-109,38,0
4,126,0
52,117,0
42,-120,0
12,-138,0
-111,-80,0
47,-122,0
-69,-115,0
118,26,0
121,-65,0
11,134,0
36,-119,0
123,-39,0
-59,-126,0
-113,-29,0
135,-16,0
115,-22,0
-115,67,0
84,-82,0
-102,-57,0
-10,-128,0
-130,44,0
109,-42,0
97,-89,0
-115,-8,0
-9,-122,0
125,26,0
-102,79,0
77,-105,0
122,-54,0
-118,-47,0
94,-85,0
-18,-125,0
-12,-127,0
-122,-19,0
-112,-27,0
65,-120,0
-52,107,0
56,-101,0
-18,-129,0
55,128,0
-127,24,0
-118,-33,0
-3,137,0
15,-126,0
120,-13,0
115,6,0
-134,34,0
-92,-99,0
-114,66,0
-98,-98,0
-94,69,0
-31,-131,0
-27,-128,0
-126,-7,0
-124,-54,0
-93,-68,0
-122,-45,0
124,-35,0
109,-55,0
-92,-74,0
-95,-101,0
92,-69,0
105,-88,0
25,136,0
52,116,0
32,-119,0
9,126,0
135,-11,0
122,-46,0
130,24,0
118,74,0
-114,50,0
-12,-121,0
87,-97,0
-91,85,0
71,-114,0
128,-46,0
-89,-91,0
-101,65,0
-133,-13,0
135,34,0
122,16,0
-119,-66,0
-114,-24,0
99,98,0
-115,-66,0
94,98,0
-130,-23,0
138,15,0
9,131,0
-91,77,0
127,-23,0
136,-30,0
-77,113,0
43,114,0
-59,111,0
107,-54,0
92,-82,0
-17,-130,0
22,-132,0
-135,33,0
8,132,0
-24,-115,0
67,-94,0
138,8,0
48,109,0
-25,-126,0
-110,47,0
-130,-44,0
129,38,0
-111,-48,0
-102,86,0
82,106,0
35,114,0
-136,-9,0
-99,69,0
-123,45,0
-1,-127,0
119,-67,0
115,-72,0
85,-80,0
-54,-115,0
94,74,0
-110,35,0
23,-123,0
117,65,0
116,38,0
22,135,0
-102,-75,0
121,-1,0
-126,-26,0
-77,-102,0
-39,110,0
91,-98,0
-111,40,0
26,-132,0
87,99,0
-64,123,0
-110,-42,0
-109,82,0
103,-70,0
-87,-100,0
94,-87,0
71,116,0
-124,49,0
117,5,0
-31,113,0
-113,31,0
-49,-111,0
127,25,0
44,125,0
45,115,0
