37,11,1
23,20,1
16,-26,1
-36,-34,1
-1,41,1
-28,-32,1
38,-3,1
39,8,1
19,43,1
-4,-46,1
23,26,1
23,-22,1
-41,26,1
-19,-27,1
-28,41,1
27,12,1
-31,-29,1
-38,-1,1
-38,9,1
17,46,1
-24,18,1
-46,12,1
49,1,1
-49,3,1
-22,44,1
-25,5,1
-5,28,1
-28,13,1
-38,18,1
-17,35,1
25,18,1
8,-27,1
27,22,1
16,-21,1
17,46,1
9,42,1
12,22,1
-1,37,1
1,34,1
10,-30,1
11,-24,1
-25,-40,1
-22,19,1
41,11,1
9,-29,1
-14,39,1
49,1,1
18,27,1
-31,-10,1
-5,34,1
-35,-1,1
-40,29,1
41,-26,1
0,38,1
-46,-11,1
-16,21,1
-27,18,1
-12,40,1
43,21,1
27,34,1
6,34,1
-4,-30,1
-33,-33,1
5,34,1
-37,2,1
-37,-7,1
-26,-36,1
-11,31,1
33,-15,1
42,-2,1
-11,32,1
16,-34,1
9,43,1
25,-14,1
0,-39,1
-33,-6,1
32,-29,1
30,-26,1
-34,0,1
33,9,1
41,15,1
26,-11,1
-8,45,1
-43,-18,1
18,-24,1
-12,-38,1
-14,21,1
-43,19,1
15,-42,1
12,31,1
28,-16,1
-4,-43,1
-41,11,1
-9,39,1
-45,-19,1
42,17,1
34,-32,1
6,-46,1
24,-14,1
10,31,1
42,6,1
36,-13,1
-18,19,1
19,25,1
-27,19,1
-32,-29,1
-26,6,1
-24,-14,1
28,-38,1
7,-24,1
44,3,1
-32,-2,1
-4,-47,1
38,-4,1
25,-34,1
29,10,1
23,18,1
36,12,1
-39,30,1
34,14,1
-4,35,1
7,-42,1
-40,4,1
-26,32,1
33,13,1
-35,-18,1
18,38,1
-28,26,1
3,35,1
-25,-23,1
26,-5,1
-17,-47,1
-19,-17,1
47,-8,1
23,-15,1
-42,9,1
33,-3,1
38,-19,1
30,-32,1
31,-11,1
8,41,1
-47,5,1
5,43,1
14,30,1
28,38,1
26,-35,1
29,-12,1
-34,-12,1
-14,47,1
-40,-15,1
13,-28,1
32,-24,1
30,-35,1
39,-10,1
-48,-10,1
-32,-37,1
35,-4,1
-18,-36,1
-4,-44,1
-33,-16,1
5,-27,1
-6,-33,1
-49,-1,1
24,30,1
-7,-31,1
-41,-27,1
40,-25,1
-23,23,1
-3,-37,1
6,-26,1
-18,32,1
-37,-6,1
-1,-26,1
15,-24,1
-9,37,1
-25,-12,1
33,-22,1
2,-32,1
11,45,1
31,-6,1
-31,-19,1
-40,15,1
22,-43,1
-42,10,1
-13,-36,1
29,-38,1
-12,-47,1
-5,-40,1
2,-30,1
-26,-19,1
19,-25,1
-36,-10,1
-5,37,1
27,14,1
40,-21,1
-29,-15,1
8,26,1
25,2,1
-40,17,1
31,-31,1
41,-18,1
20,15,1
-19,-36,1
-37,-25,1
-18,-42,1
17,39,1
15,-38,1
35,-14,1
43,-4,1
12,-43,1
21,-25,1
24,-18,1
-30,34,1
-15,-22,1
12,-23,1
-37,20,1
-48,-3,1
11,27,1
-29,-7,1
-31,19,1
42,-9,1
-30,-23,1
28,-19,1
-5,-44,1
41,-27,1
-10,41,1
-46,11,1
-13,-30,1
-1,-46,1
-10,40,1
-31,-16,1
-42,-7,1
25,36,1
30,-23,1
25,-42,1
-28,-35,1
-25,-7,1
22,-25,1
-13,36,1
35,-5,1
-29,27,1
38,-4,1
15,-28,1
-43,7,1
10,-39,1
23,-34,1
-4,-46,1
24,30,1
-6,-31,1
1,-40,1
-13,-44,1
22,30,1
10,47,1
42,-16,1
3,49,1
27,0,1
30,35,1
31,-3,1
14,-44,1
32,-1,1
-39,4,1
49,-3,1
-22,31,1
21,27,1
27,-28,1
6,-36,1
3,-46,1
37,10,1
-34,-35,1
-40,19,1
34,35,1
21,24,1
-26,17,1
3,-27,1
37,18,1
29,29,1
21,25,1
26,38,1
25,26,1
-15,27,1
15,36,1
-37,-11,1
-27,4,1
42,18,1
44,-11,1
25,-43,1
-46,-7,1
-31,-23,1
-20,27,1
-28,-3,1
34,-25,1
28,-39,1
40,-19,1
-4,35,1
-36,-4,1
45,-20,1
-9,32,1
38,25,1
-4,39,1
-4,-40,1
29,15,1
-26,-28,1
33,-30,1
28,6,1
7,-28,1
31,-14,1
-21,19,1
43,22,1
-4,-49,1
-23,-34,1
35,10,1
43,-2,1
-32,-29,1
39,15,1
-19,-29,1
41,-12,1
2,38,1
21,-32,1
-8,36,1
8,29,1
-21,44,1
21,21,1
-47,15,1
26,38,1
8,48,1
32,-5,1
-31,20,1
18,-43,1
-4,49,1
-11,-44,1
45,20,1
20,-31,1
-36,28,1
27,-38,1
-48,-1,1
-31,32,1
-10,24,1
-36,-12,1
-17,-32,1
-4,29,1
-9,30,1
-10,-25,1
-48,-1,1
5,-34,1
-6,30,1
-30,35,1
-46,-1,1
-28,15,1
-8,-34,1
5,43,1
11,38,1
3,-34,1
-42,13,1
-18,-38,1
15,21,1
-29,-28,1
15,46,1
16,25,1
-21,21,1
19,-40,1
39,-28,1
-19,-27,1
-1,26,1
33,-28,1
31,-2,1
29,15,1
-20,-22,1
-22,-43,1
26,3,1
23,10,1
-38,31,1
38,24,1
-20,-17,1
5,33,1
5,31,1
-14,43,1
-40,11,1
-44,-5,1
-10,34,1
40,-22,1
41,-28,1
-32,-33,1
-45,1,1
-7,-32,1
39,19,1
-44,-12,1
-32,32,1
-16,-33,1
-14,45,1
-23,-43,1
15,-37,1
22,-43,1
26,-40,1
29,-19,1
0,-34,1
38,25,1
-36,-12,1
-10,25,1
-29,11,1
-45,-15,1
-5,38,1
-32,2,1
-10,-24,1
-22,-19,1
18,24,1
21,-17,1
30,36,1
32,-4,1
-25,-4,1
-28,-37,1
-20,-19,1
-6,39,1
28,6,1
-40,27,1
-44,4,1
-9,41,1
-38,6,1
25,-11,1
-18,36,1
1,-30,1
23,-23,1
-10,47,1
-10,25,1
-20,-21,1
-34,-4,1
43,2,1
-45,-12,1
7,30,1
-38,3,1
3,-35,1
-23,-15,1
21,-41,1
26,13,1
-5,39,1
28,-32,1
47,-3,1
0,26,1
35,27,1
-26,36,1
29,24,1
18,46,1
39,19,1
25,-10,1
14,-35,1
27,18,1
26,-6,1
-10,43,1
-33,-23,1
29,35,1
5,41,1
3,-47,1
24,22,1
-41,-11,1
-38,24,1
38,-2,1
46,8,1
-28,-13,1
48,-13,1
19,-40,1
30,3,1
-10,-42,1
-22,33,1
24,37,1
-40,-27,1
40,16,1
-33,5,1
-12,-34,1
-23,-33,1
-29,-26,1
-7,-29,1
-44,17,1
-2,40,1
24,-37,1
9,-43,1
-7,32,1
24,18,1
26,9,1
-38,9,1
-18,20,1
41,26,1
7,27,1
13,-31,1
-25,-24,1
-23,-22,1
-44,12,1
25,-3,1
-35,-3,1
-11,30,1
-25,0,1
-5,-41,1
35,19,1
22,29,1
2,-29,1
-24,32,1
-19,24,1
33,19,1
-14,39,1
37,-5,1
27,-12,1
-18,-29,1
-95,75,0
-34,-112,0
54,125,0
-87,-103,0
79,114,0
12,-132,0
76,114,0
-83,82,0
-102,82,0
-92,-102,0
45,113,0
69,-105,0
-114,61,0
-105,-55,0
-130,31,0
-115,58,0
-113,-78,0
-31,-116,0
36,113,0
-62,113,0
-133,32,0
-110,-56,0
13,135,0
88,107,0
-46,128,0
-33,135,0
20,121,0
-127,-14,0
85,109,0
40,115,0
-58,-115,0
9,137,0
126,-6,0
-14,134,0
-111,34,0
-112,56,0
-33,135,0
-25,129,0
11,129,0
-75,-107,0
104,86,0
-62,-98,0
67,-114,0
52,-119,0
-112,51,0
-127,-25,0
-18,-132,0
-46,129,0
112,78,0
98,-96,0
133,-3,0
51,110,0
36,119,0
-64,109,0
-81,92,0
63,122,0
28,128,0
4,-136,0
-117,75,0
103,85,0
-132,-15,0
62,-110,0
70,-98,0
-138,-4,0
-70,98,0
53,108,0
-75,-112,0
-134,-15,0
-125,26,0
12,126,0
-15,136,0
-6,123,0
-75,103,0
135,-29,0
76,88,0
-81,-97,0
-117,29,0
-91,75,0
90,-105,0
-117,-47,0
108,-55,0
55,-103,0
25,-121,0
-62,-114,0
129,0,0
-123,48,0
-90,77,0
-37,129,0
-130,-25,0
134,-12,0
93,73,0
114,32,0
36,110,0
0,-132,0
-86,110,0
91,-94,0
58,-121,0
-78,-86,0
-75,-107,0
-102,-84,0
-66,102,0
-2,-123,0
-49,-130,0
67,-117,0
75,-118,0
63,113,0
60,120,0
104,-89,0
133,-8,0
132,30,0
-80,-86,0
-60,-118,0
111,37,0
-51,106,0
134,-25,0
87,86,0
-33,-124,0
35,133,0
109,-72,0
-96,64,0
-119,-44,0
-30,-124,0
-121,57,0
-44,-113,0
32,132,0
123,-25,0
35,133,0
-89,-89,0
-123,48,0
77,-106,0
-117,-3,0
-104,-92,0
-39,-117,0
-75,118,0
42,109,0
-125,-62,0
-61,114,0
-133,25,0
99,-90,0
-14,132,0
9,-120,0
132,9,0
-5,116,0
99,-88,0
-123,-40,0
-139,9,0
-103,93,0
-29,-128,0
104,-79,0
-111,43,0
-68,-121,0
115,31,0
122,32,0
-12,120,0
113,-77,0
-16,136,0
85,-90,0
34,131,0
-25,128,0
118,-67,0
50,127,0
-106,87,0
-53,117,0
-99,-90,0
68,108,0
-128,12,0
132,30,0
82,-94,0
-99,94,0
117,21,0
27,127,0
29,123,0
-75,88,0
-129,27,0
-124,59,0
-52,127,0
-76,-110,0
135,34,0
103,-89,0
-66,-109,0
132,18,0
104,-92,0
-104,-83,0
-83,103,0
130,-1,0
80,-84,0
99,74,0
111,-66,0
-4,-122,0
-97,84,0
115,27,0
-61,-125,0
-113,-42,0
-125,37,0
110,53,0
128,-18,0
90,-85,0
-104,55,0
114,-70,0
-112,-74,0
44,-131,0
62,-98,0
-61,-126,0
21,132,0
-129,1,0
119,51,0
-120,-54,0
111,-34,0
-109,-84,0
71,107,0
122,5,0
-97,96,0
137,-13,0
34,-126,0
127,-34,0
-52,106,0
49,111,0
-59,99,0
24,124,0
69,-96,0
-101,69,0
-14,132,0
-67,-108,0
-96,70,0
-60,111,0
-116,20,0
-17,126,0
-61,119,0
-122,-58,0
13,118,0
-19,-131,0
-75,88,0
-82,88,0
-44,-107,0
-112,-50,0
-52,-121,0
104,90,0
114,-27,0
-72,-93,0
-120,23,0
-42,-108,0
74,116,0
72,102,0
117,-29,0
49,-109,0
114,32,0
-115,52,0
-40,-110,0
25,-134,0
-26,-121,0
1,-127,0
-73,-89,0
93,-79,0
-83,-91,0
64,-120,0
-13,134,0
97,89,0
106,51,0
-124,42,0
-101,-75,0
-93,-86,0
125,27,0
-107,-45,0
106,90,0
-8,134,0
41,117,0
-120,-55,0
135,4,0
-119,-8,0
-19,-129,0
134,12,0
74,-97,0
-119,21,0
-116,72,0
123,-34,0
72,94,0
25,-115,0
31,123,0
96,-96,0
-24,120,0
-78,90,0
105,-66,0
40,109,0
22,126,0
104,71,0
-84,-79,0
-60,-107,0
-24,-137,0
98,80,0
18,123,0
-121,3,0
-4,136,0
-5,139,0
-34,-123,0
-125,-17,0
138,20,0
-125,-34,0
10,126,0
-115,-51,0
-104,81,0
112,-31,0
-81,-87,0
133,-31,0
35,-119,0
131,-22,0
-131,41,0
-119,-15,0
-115,34,0
-60,107,0
-130,-3,0
74,-118,0
-118,-39,0
-131,39,0
-117,-29,0
-1,130,0
129,22,0
109,71,0
80,92,0
-31,-117,0
32,-130,0
13,-138,0
121,-22,0
77,100,0
-6,-133,0
105,-74,0
113,-64,0
-19,128,0
57,115,0
20,121,0
118,-27,0
-114,78,0
-132,12,0
135,3,0
23,-136,0
94,93,0
-4,124,0
50,-111,0
-96,71,0
131,-21,0
136,11,0
31,126,0
-115,33,0
-86,79,0
-93,-76,0
81,82,0
105,48,0
-138,-16,0
-38,-131,0
1,118,0
-126,17,0
-67,-95,0
-66,108,0
-108,-51,0
-102,-59,0
-12,134,0
12,132,0
110,-61,0
9,119,0
-16,114,0
43,-128,0
52,-112,0
-102,74,0
-49,123,0
47,109,0
12,126,0
-115,-49,0
-102,-87,0
73,95,0
-125,25,0
115,34,0
-78,85,0
-99,67,0
-91,-87,0
112,31,0
-23,118,0
79,109,0
-5,-137,0
-76,-102,0
24,-129,0
51,-129,0
-97,-72,0
-52,113,0
-97,-95,0
127,-37,0
112,-77,0
-119,72,0
-130,26,0
-115,32,0
2,-136,0
-64,-116,0
-99,-82,0
28,-117,0
-34,127,0
124,39,0
-90,86,0
-79,-97,0
84,-89,0
117,-25,0
84,-111,0
105,-54,0
92,89,0
124,48,0
37,-119,0
2,-121,0
-37,-116,0
-37,-128,0
-129,-16,0
118,-26,0
-119,-31,0
-129,18,0
27,-132,0
16,133,0
-110,50,0
95,-72,0
37,-132,0
-65,107,0
-104,87,0
82,-93,0
-53,110,0
-121,16,0
95,-94,0
1,117,0
136,-30,0
-75,-93,0
-66,-107,0
69,-96,0
60,-125,0
131,-9,0
138,14,0
-100,-83,0
-43,122,0
126,43,0
112,28,0
-105,-55,0
122,9,0
-43,116,0
89,82,0
115,-26,0
-15,138,0
-87,107,0
123,49,0
115,-23,0
45,-113,0
-114,-72,0
-32,134,0
-1,129,0
38,-111,0
139,-10,0
122,0,0
-15,129,0
53,-115,0
93,-70,0
127,7,0
-29,133,0
99,-68,0
-63,102,0
34,120,0
-97,-65,0
34,110,0
-86,-83,0
-134,-39,0
-69,111,0
81,-96,0
120,66,0
-79,103,0
-102,-74,0
130,-5,0
87,-92,0
-108,-42,0
47,-117,0
-26,131,0
-1,-134,0
-20,-115,0
-93,87,0
67,116,0
-131,20,0
-20,-117,0
120,37,0
-67,-121,0
83,-81,0
46,115,0
20,116,0
-51,-127,0
28,135,0
72,-113,0
-104,73,0
137,-24,0
-90,84,0
130,-42,0
-56,-117,0
-139,13,0
-45,132,0
59,107,0
-117,66,0
47,107,0
42,-111,0
-75,-106,0
-125,57,0
-20,136,0
14,120,0
