-32,9,1
-37,-11,1
-10,23,1
29,1,1
13,44,1
49,5,1
16,34,1
26,5,1
44,17,1
-30,-2,1
0,-28,1
-40,-2,1
22,-34,1
-2,-46,1
-37,22,1
36,7,1
-46,9,1
-29,1,1
44,12,1
14,34,1
39,-23,1
29,3,1
-22,33,1
-22,-17,1
-19,-19,1
-18,42,1
27,-6,1
-24,34,1
-38,26,1
40,-15,1
13,43,1
-24,-32,1
-1,27,1
24,22,1
32,35,1
-6,30,1
-18,39,1
-35,-27,1
8,27,1
-28,-36,1
-31,10,1
-43,22,1
35,34,1
-19,24,1
-35,21,1
10,-37,1
15,20,1
-27,-16,1
18,30,1
23,16,1
-34,-5,1
-22,-25,1
-46,15,1
13,36,1
26,-24,1
-18,-42,1
13,-46,1
-45,5,1
38,-30,1
23,-33,1
-27,-8,1
34,-15,1
-3,-43,1
-18,23,1
33,-10,1
-35,-12,1
-37,31,1
42,-19,1
25,-2,1
-26,18,1
29,36,1
-49,-8,1
5,-47,1
-30,12,1
-22,-28,1
-7,30,1
-34,12,1
-6,-46,1
-47,12,1
-26,-3,1
9,47,1
-9,28,1
20,16,1
-31,-25,1
-28,-27,1
-14,-21,1
-19,20,1
-22,32,1
-38,4,1
35,32,1
-31,28,1
2,48,1
-5,38,1
7,-39,1
36,-18,1
-2,47,1
19,-20,1
40,23,1
-23,-29,1
15,38,1
24,-36,1
14,33,1
-1,25,1
31,15,1
15,-29,1
23,-23,1
-28,-26,1
25,43,1
31,23,1
1,-30,1
38,-7,1
-36,3,1
48,-2,1
16,-42,1
-17,-36,1
-27,-35,1
31,34,1
-36,-9,1
11,-38,1
24,22,1
35,21,1
36,-5,1
29,16,1
-2,-27,1
40,-6,1
34,-17,1
-37,20,1
-26,28,1
8,-45,1
-18,42,1
-10,42,1
-27,9,1
12,-42,1
-41,-26,1
7,-26,1
7,46,1
-5,35,1
29,31,1
11,-26,1
23,-31,1
0,31,1
-3,-25,1
-18,-44,1
-3,-30,1
-45,-18,1
13,-29,1
28,-24,1
31,-16,1
-26,-16,1
42,-12,1
-3,-44,1
33,-12,1
-21,40,1
31,7,1
22,-24,1
-12,43,1
-29,1,1
-25,-10,1
-4,-49,1
-36,30,1
25,3,1
33,-24,1
5,-33,1
-21,18,1
-28,-33,1
-4,37,1
32,12,1
32,20,1
34,18,1
8,-24,1
22,14,1
-34,-24,1
27,20,1
34,8,1
-34,30,1
35,-5,1
35,15,1
31,27,1
30,-10,1
1,49,1
-37,25,1
-38,20,1
-26,32,1
-33,36,1
32,-3,1
-17,-25,1
-27,12,1
-38,-15,1
33,24,1
16,-36,1
37,-14,1
-12,23,1
32,-1,1
11,44,1
15,32,1
-40,-8,1
29,29,1
40,-23,1
-13,32,1
-4,-43,1
-26,38,1
7,32,1
-9,36,1
36,-14,1
-45,-14,1
-34,-26,1
-33,-32,1
12,-24,1
-47,4,1
5,-29,1
12,-38,1
41,-17,1
-11,-24,1
42,10,1
3,43,1
-1,-48,1
-11,44,1
2,33,1
10,32,1
15,-28,1
-45,-4,1
-25,-39,1
37,27,1
19,36,1
12,-31,1
-19,-41,1
35,5,1
16,23,1
-31,-29,1
-27,-40,1
-31,-13,1
-17,41,1
10,-31,1
-38,-10,1
-7,-40,1
8,-29,1
6,48,1
47,9,1
21,-42,1
20,17,1
20,16,1
38,-27,1
-8,-34,1
49,9,1
-28,16,1
25,11,1
42,-19,1
-8,-40,1
-25,17,1
-39,19,1
-2,-41,1
21,-25,1
-17,32,1
-46,7,1
-26,-23,1
-27,30,1
2,-33,1
-31,26,1
-29,25,1
25,-9,1
-8,-36,1
-45,17,1
-4,46,1
-6,-48,1
42,0,1
-21,-20,1
40,-12,1
8,-40,1
-3,40,1
29,-39,1
-32,-20,1
-10,34,1
24,19,1
-37,-4,1
-15,-28,1
-29,2,1
42,-2,1
37,-7,1
-34,2,1
-6,34,1
37,-26,1
38,11,1
25,-7,1
26,-2,1
21,-40,1
14,-40,1
-28,-34,1
-17,-30,1
16,43,1
-42,-25,1
19,28,1
-27,32,1
-35,-28,1
-12,26,1
36,31,1
37,-25,1
-17,-29,1
13,-34,1
29,-7,1
3,-39,1
30,23,1
-48,-4,1
35,32,1
-13,-48,1
36,30,1
31,1,1
43,25,1
-32,8,1
-28,-29,1
38,17,1
38,-32,1
-34,29,1
14,-22,1
-34,8,1
18,-18,1
-48,-4,1
-47,-7,1
-28,-41,1
40,6,1
-41,18,1
9,-24,1
-19,-29,1
34,15,1
-31,-11,1
-13,-33,1
35,-32,1
35,30,1
-36,2,1
-11,26,1
-31,-3,1
-17,-32,1
-48,8,1
29,-4,1
-23,22,1
23,44,1
41,10,1
40,15,1
33,-2,1
12,32,1
-27,-2,1
-5,43,1
14,-39,1
-36,32,1
28,11,1
11,-48,1
38,-24,1
31,11,1
-23,-14,1
4,32,1
24,-20,1
-4,46,1
-37,24,1
-22,21,1
-16,-36,1
29,-24,1
27,15,1
-41,-16,1
12,-40,1
-39,-5,1
23,26,1
-37,14,1
11,23,1
-36,-30,1
13,-30,1
18,43,1
1,-33,1
-27,7,1
12,-37,1
38,23,1
10,45,1
30,-10,1
-40,25,1
11,-40,1
19,-39,1
-2,-35,1
3,-46,1
-13,38,1
-5,42,1
36,-3,1
-24,-32,1
13,30,1
-32,-2,1
-39,30,1
-4,30,1
-31,2,1
-4,46,1
3,-36,1
16,40,1
22,25,1
14,-33,1
-17,-36,1
-37,31,1
-20,-30,1
-19,-21,1
27,-21,1
-32,30,1
-46,2,1
41,-21,1
-17,31,1
-15,-27,1
-9,-25,1
-48,-9,1
27,-8,1
-11,-33,1
7,25,1
-13,47,1
-11,44,1
26,38,1
16,-38,1
31,14,1
10,24,1
-31,-30,1
-45,5,1
13,32,1
2,49,1
18,-41,1
-9,42,1
-25,-13,1
10,24,1
-1,-26,1
-28,0,1
26,8,1
16,-25,1
-1,-47,1
-37,26,1
11,-46,1
44,-6,1
-41,16,1
10,-47,1
29,8,1
-27,-28,1
30,11,1
35,20,1
-34,24,1
-41,12,1
1,26,1
36,8,1
28,11,1
-33,16,1
-44,20,1
17,-22,1
-39,10,1
-27,17,1
-30,-2,1
8,48,1
-15,41,1
35,33,1
-28,23,1
-7,42,1
-5,30,1
-18,-31,1
-10,-25,1
-7,46,1
-10,35,1
-18,32,1
33,-15,1
11,-45,1
23,38,1
40,30,1
7,-32,1
-1,34,1
-27,3,1
-31,-10,1
-6,32,1
-5,38,1
14,-29,1
-34,-7,1
-31,13,1
-20,-39,1
10,-45,1
31,-5,1
-25,-2,1
-41,25,1
-12,-25,1
-46,16,1
-11,45,1
46,6,1
-31,8,1
33,11,1
-29,11,1
25,-21,1
-23,38,1
-21,39,1
-34,-29,1
11,33,1
37,-21,1
-3,-31,1
-3,-43,1
-36,8,1
-37,9,1
14,-45,1
23,35,1
-36,-1,1
31,0,1
23,-17,1
22,-35,1
-45,-13,1
35,5,1
-31,33,1
-17,-26,1
3,-126,0
119,64,0
76,-96,0
121,50,0
-121,68,0
5,127,0
99,80,0
72,-102,0
72,110,0
31,-121,0
22,-121,0
-93,-76,0
-44,121,0
-104,-74,0
61,108,0
16,-132,0
47,110,0
45,112,0
-26,-137,0
-102,-60,0
45,-120,0
-117,-51,0
68,97,0
0,120,0
-131,12,0
-50,122,0
124,-35,0
-107,-67,0
-109,49,0
7,-134,0
-88,75,0
-130,28,0
-116,-39,0
26,-133,0
110,-53,0
110,-78,0
-63,124,0
86,77,0
-82,105,0
-63,113,0
128,38,0
-128,29,0
-97,-95,0
94,85,0
-79,110,0
73,-99,0
-77,-111,0
-2,139,0
-97,100,0
-14,120,0
-112,-78,0
-4,117,0
-91,72,0
79,98,0
-17,-130,0
-94,-99,0
80,-113,0
11,120,0
30,-114,0
-32,-135,0
120,-72,0
-87,85,0
-10,-133,0
121,-49,0
69,-114,0
115,39,0
-102,67,0
-71,-97,0
-132,-12,0
112,-37,0
-16,-127,0
88,-88,0
-83,104,0
-130,28,0
-72,-97,0
-116,56,0
-66,122,0
-22,-116,0
91,-72,0
0,-119,0
-18,124,0
121,-35,0
-99,-98,0
-66,122,0
-11,-133,0
-28,-127,0
50,116,0
88,-105,0
126,50,0
-7,119,0
-57,-116,0
133,-9,0
2,-126,0
123,-48,0
-15,126,0
39,-125,0
43,133,0
-67,-108,0
109,-64,0
-128,-20,0
106,89,0
95,-82,0
65,-100,0
-88,-81,0
-126,-14,0
29,-135,0
92,79,0
5,-125,0
119,-22,0
-35,117,0
-22,116,0
-117,28,0
106,-89,0
115,6,0
101,-86,0
51,112,0
-48,-109,0
-116,-34,0
9,127,0
115,53,0
64,-108,0
31,-120,0
-26,116,0
111,-42,0
52,114,0
15,-138,0
114,28,0
112,-66,0
-132,10,0
-105,-62,0
84,-111,0
60,112,0
-78,92,0
-81,91,0
120,-29,0
132,27,0
-9,-119,0
-89,94,0
115,-12,0
53,115,0
102,95,0
12,-118,0
59,125,0
133,27,0
57,104,0
-46,-110,0
-52,-117,0
63,-117,0
-74,-101,0
98,96,0
105,51,0
-111,-74,0
131,38,0
117,-62,0
-82,106,0
123,-33,0
-109,71,0
-90,104,0
77,-98,0
-80,102,0
-13,127,0
39,124,0
42,-124,0
-125,49,0
85,-82,0
53,-117,0
-24,115,0
132,-12,0
92,105,0
-128,41,0
-24,136,0
57,-114,0
-122,-46,0
-110,68,0
134,34,0
-44,118,0
-101,57,0
63,-102,0
133,-33,0
-87,90,0
96,-81,0
88,-106,0
113,-55,0
0,137,0
36,111,0
3,115,0
-92,98,0
134,-7,0
-18,-131,0
121,14,0
-109,-81,0
-5,-117,0
-72,95,0
-62,-97,0
109,80,0
86,99,0
-26,120,0
12,-115,0
102,-59,0
120,33,0
-135,-34,0
-45,113,0
1,122,0
-115,-35,0
138,7,0
66,108,0
-130,18,0
5,-125,0
-56,-123,0
-84,80,0
72,118,0
64,-115,0
67,114,0
-81,-88,0
44,-113,0
47,115,0
87,-106,0
117,-18,0
107,69,0
-114,-31,0
135,29,0
139,-15,0
-91,-84,0
-84,106,0
-126,-6,0
-21,-134,0
-16,131,0
72,-106,0
117,-74,0
-25,-113,0
-122,1,0
-114,63,0
115,-13,0
-71,117,0
9,125,0
-27,-116,0
-137,23,0
30,131,0
109,41,0
-91,106,0
-73,90,0
-76,-105,0
-127,-51,0
-80,-89,0
103,63,0
83,-93,0
13,-137,0
58,119,0
-27,112,0
-105,77,0
-69,104,0
-60,125,0
-73,-118,0
114,-29,0
-111,32,0
-135,-30,0
-27,133,0
-32,-114,0
-34,112,0
113,-44,0
-75,102,0
32,115,0
84,-96,0
-11,-119,0
47,117,0
36,125,0
-26,-115,0
105,-62,0
-102,86,0
48,-124,0
87,-96,0
-98,-84,0
110,-66,0
-50,-115,0
46,-111,0
-63,117,0
40,112,0
-45,-124,0
20,127,0
114,-73,0
-112,-28,0
-118,-2,0
119,-44,0
16,-125,0
37,-117,0
109,84,0
-103,62,0
-133,31,0
-83,-111,0
-54,-112,0
-8,121,0
32,-136,0
20,-129,0
107,-84,0
-89,-99,0
-90,-91,0
-50,-130,0
-139,-13,0
-136,-1,0
-32,134,0
-73,-92,0
31,131,0
-117,-11,0
-42,133,0
-77,89,0
-117,-48,0
-35,-118,0
-29,129,0
86,103,0
130,19,0
136,-8,0
82,108,0
-100,97,0
4,129,0
119,-29,0
-45,-131,0
-47,128,0
-124,7,0
22,131,0
114,-29,0
10,-127,0
77,-115,0
133,-30,0
-42,129,0
8,127,0
-94,-88,0
122,17,0
-31,113,0
47,-128,0
4,131,0
-58,-125,0
128,-13,0
-134,20,0
124,-52,0
0,140,0
93,100,0
-39,121,0
107,-70,0
-105,-71,0
113,64,0
-127,45,0
-26,-131,0
41,127,0
77,92,0
30,-131,0
-126,28,0
-63,116,0
130,13,0
65,-112,0
115,-45,0
11,-138,0
-131,29,0
91,-91,0
66,111,0
-113,-63,0
-110,-73,0
57,-121,0
94,-95,0
119,-7,0
132,19,0
-25,117,0
39,-112,0
-9,124,0
-135,-16,0
60,-120,0
-135,21,0
-123,65,0
103,-80,0
119,-25,0
3,125,0
75,93,0
93,97,0
123,-6,0
-110,76,0
-67,-108,0
-105,77,0
38,130,0
-21,-134,0
-74,115,0
71,-115,0
116,-73,0
139,-13,0
-91,-104,0
-61,124,0
76,-101,0
-34,121,0
-59,-110,0
-72,92,0
110,74,0
80,97,0
-122,-45,0
77,102,0
115,-25,0
-118,51,0
-115,30,0
-128,-34,0
-26,-125,0
40,111,0
16,-118,0
-51,-122,0
120,61,0
106,46,0
57,108,0
-64,123,0
-135,27,0
125,-2,0
124,-5,0
-38,110,0
-133,-7,0
121,-62,0
-129,7,0
-130,-1,0
-126,-16,0
-118,46,0
133,-33,0
131,1,0
82,81,0
-92,97,0
116,26,0
48,-120,0
93,-89,0
86,90,0
-38,123,0
-48,130,0
-95,-68,0
-30,117,0
124,57,0
2,-119,0
-87,94,0
-121,-2,0
124,54,0
-116,-55,0
88,94,0
114,-55,0
-25,132,0
116,12,0
31,-127,0
17,-119,0
-138,13,0
114,-21,0
121,-67,0
-3,-126,0
-35,123,0
110,40,0
129,18,0
46,-110,0
-122,51,0
23,-121,0
-65,-97,0
83,80,0
114,-81,0
-55,115,0
112,53,0
127,49,0
118,55,0
88,80,0
-123,-52,0
-51,111,0
-114,-67,0
-9,-123,0
-68,120,0
-108,56,0
-18,122,0
-88,108,0
-95,-92,0
-9,-134,0
117,56,0
-125,-36,0
118,30,0
89,-85,0
-75,107,0
-131,28,0
57,-125,0
132,-9,0
-19,-118,0
-62,123,0
108,-52,0
55,-103,0
-20,124,0
-8,132,0
106,-85,0
-103,58,0
-134,-22,0
-39,-129,0
130,-26,0
-106,88,0
-21,119,0
118,-41,0
2,-138,0
-116,69,0
127,-28,0
-108,51,0
-58,-123,0
128,-31,0
62,-115,0
-55,-127,0
-128,-16,0
-33,-118,0
-112,56,0
-133,22,0
