32,-36,1
39,-29,1
-24,22,1
-12,-37,1
-27,-38,1
32,-38,1
-31,-10,1
27,16,1
19,21,1
42,-27,1
-6,30,1
-27,-40,1
29,26,1
35,14,1
29,-25,1
-17,27,1
-10,23,1
-4,30,1
-40,7,1
27,9,1
30,-33,1
30,20,1
-25,28,1
24,19,1
-45,10,1
22,-18,1
31,14,1
-6,47,1
2,45,1
0,-31,1
14,39,1
46,1,1
29,-24,1
-32,26,1
-26,-11,1
46,-19,1
31,-24,1
-39,4,1
-25,-1,1
45,7,1
33,-4,1
29,-4,1
-34,3,1
-22,-40,1
36,14,1
-4,-39,1
-15,46,1
29,18,1
-18,20,1
-22,35,1
-19,37,1
1,-47,1
-41,-21,1
11,48,1
-24,-9,1
-4,41,1
-18,35,1
-25,31,1
-25,43,1
-14,43,1
21,36,1
-3,-36,1
36,-8,1
-26,0,1
-24,-34,1
7,44,1
6,-49,1
-46,-15,1
36,-29,1
46,1,1
3,-29,1
-40,-18,1
15,-38,1
19,40,1
12,-39,1
-19,22,1
7,27,1
22,17,1
-49,-5,1
33,-25,1
32,-14,1
-42,-19,1
35,-4,1
31,-23,1
-12,43,1
-29,-16,1
23,30,1
-27,-26,1
36,-7,1
-22,35,1
-42,-23,1
13,-22,1
31,-20,1
-25,-31,1
-30,16,1
-38,4,1
18,-25,1
-47,5,1
2,33,1
-46,-8,1
37,-24,1
-44,14,1
21,19,1
-43,19,1
-30,10,1
-31,-37,1
48,-7,1
-25,-30,1
-38,19,1
-28,-7,1
22,-18,1
34,31,1
13,40,1
9,38,1
4,-27,1
-16,36,1
47,-9,1
20,-27,1
-2,39,1
24,-25,1
12,46,1
6,34,1
-2,42,1
-3,-41,1
-43,20,1
21,-23,1
-29,33,1
32,13,1
-30,-27,1
33,-23,1
-28,11,1
12,-39,1
-5,25,1
40,-10,1
45,-5,1
39,27,1
-38,-28,1
-24,15,1
-30,-39,1
32,-33,1
2,-42,1
-29,16,1
3,36,1
-47,12,1
-16,-31,1
35,-7,1
-38,23,1
18,-38,1
10,26,1
-28,4,1
-7,37,1
43,14,1
29,14,1
39,14,1
29,-36,1
3,32,1
1,-43,1
-10,42,1
-26,35,1
1,42,1
41,-14,1
11,-45,1
2,45,1
35,-33,1
39,13,1
-49,-1,1
-18,-34,1
42,-27,1
-31,-22,1
-15,-35,1
-19,25,1
26,40,1
21,-43,1
35,2,1
24,20,1
21,-20,1
-11,-31,1
-30,-38,1
-21,-29,1
-33,-33,1
-21,34,1
20,44,1
-45,-16,1
-30,27,1
27,26,1
36,-19,1
-37,-33,1
-18,23,1
-45,3,1
-28,9,1
19,-24,1
-29,-15,1
48,-1,1
-2,-47,1
-23,-27,1
3,47,1
21,26,1
21,27,1
-18,-31,1
-4,-48,1
40,-23,1
20,-35,1
-3,34,1
-35,-1,1
24,-33,1
-5,-37,1
-38,13,1
41,-2,1
-31,-30,1
-37,-9,1
-37,13,1
-23,14,1
-11,35,1
2,-39,1
24,41,1
25,-29,1
36,1,1
-24,-18,1
23,-14,1
5,37,1
-28,-30,1
-42,16,1
27,12,1
2,34,1
-20,42,1
-49,7,1
-48,-1,1
4,-32,1
-8,-30,1
8,29,1
47,12,1
-15,29,1
-19,43,1
48,1,1
-37,25,1
-9,-25,1
7,30,1
26,34,1
21,-44,1
-35,12,1
-39,-12,1
-37,29,1
-35,-10,1
-48,5,1
22,35,1
9,-32,1
27,-41,1
20,-38,1
25,-43,1
30,-32,1
-34,-15,1
32,-19,1
18,-26,1
45,-2,1
-35,30,1
11,-23,1
-25,25,1
-33,11,1
-25,30,1
41,27,1
42,7,1
-48,-7,1
-33,11,1
-10,-25,1
13,-33,1
-31,20,1
42,-8,1
18,37,1
33,15,1
-41,9,1
21,-22,1
12,-24,1
37,19,1
43,-24,1
38,-13,1
25,-19,1
29,19,1
14,-44,1
21,-25,1
15,-36,1
22,16,1
34,4,1
-35,-4,1
22,22,1
23,17,1
7,-39,1
37,-7,1
-27,-39,1
16,47,1
24,-30,1
-9,47,1
-13,48,1
-27,-2,1
37,18,1
15,33,1
-3,44,1
25,26,1
-27,-40,1
7,-30,1
-7,-37,1
-25,-37,1
-32,-17,1
-9,-27,1
-27,-34,1
-13,-26,1
19,35,1
-4,48,1
21,23,1
-26,-13,1
-27,-1,1
-49,7,1
19,17,1
15,28,1
36,21,1
-31,-13,1
25,11,1
-31,27,1
-35,29,1
0,43,1
-9,38,1
47,17,1
-39,-13,1
43,-10,1
-33,1,1
29,-13,1
5,-47,1
-43,-22,1
-24,-41,1
-15,-45,1
38,32,1
-29,5,1
-33,-11,1
-1,37,1
-26,-4,1
25,42,1
-45,-6,1
34,-13,1
13,-31,1
20,33,1
5,-48,1
33,28,1
25,25,1
31,4,1
18,29,1
-6,28,1
0,36,1
-31,-37,1
44,16,1
29,-20,1
30,14,1
14,38,1
39,-11,1
-46,-6,1
41,-3,1
-48,-2,1
23,-40,1
-7,-35,1
31,-34,1
40,4,1
-28,9,1
47,-5,1
3,29,1
-40,18,1
18,-20,1
45,2,1
17,24,1
25,36,1
-40,27,1
25,10,1
21,29,1
-37,-5,1
-44,-22,1
-30,-16,1
43,6,1
37,-3,1
-29,-3,1
-19,-31,1
11,30,1
28,11,1
-35,-26,1
9,39,1
-40,19,1
-28,-3,1
11,43,1
-26,-23,1
16,30,1
-18,37,1
3,44,1
-24,40,1
-28,-22,1
10,28,1
-16,-26,1
-12,-33,1
29,-20,1
-22,32,1
0,-38,1
46,13,1
-29,-17,1
2,-46,1
37,22,1
-4,35,1
22,-44,1
-31,-14,1
-1,38,1
18,-20,1
30,25,1
-34,28,1
-13,-36,1
7,-37,1
-8,24,1
26,-12,1
22,-34,1
13,-48,1
-2,-45,1
-8,26,1
24,-29,1
21,17,1
35,17,1
29,37,1
-46,-13,1
13,-22,1
-19,42,1
-13,-48,1
-10,-35,1
14,38,1
38,-10,1
25,6,1
-17,-47,1
26,-20,1
-2,26,1
1,-48,1
-30,-6,1
-17,35,1
-20,-20,1
-10,39,1
20,-39,1
43,15,1
36,-4,1
30,-17,1
29,-14,1
22,-39,1
-34,26,1
-5,38,1
40,-25,1
-28,7,1
26,36,1
-35,-12,1
-23,-32,1
-20,24,1
32,16,1
44,-19,1
5,-26,1
44,-19,1
-1,-27,1
-32,-29,1
-23,34,1
-31,12,1
3,35,1
18,31,1
37,-19,1
31,38,1
33,-12,1
-16,43,1
23,-15,1
-4,27,1
9,-30,1
-39,-23,1
33,15,1
-31,-35,1
38,-1,1
-12,36,1
-5,33,1
41,3,1
-24,-30,1
36,-25,1
-36,29,1
39,25,1
23,-26,1
8,32,1
31,12,1
-39,-4,1
-22,12,1
-11,-37,1
-11,-24,1
-20,-25,1
-39,16,1
28,-25,1
-5,48,1
9,24,1
-28,1,1
13,27,1
33,11,1
14,-48,1
-6,-33,1
-20,36,1
-28,-17,1
21,-28,1
10,-24,1
2,35,1
39,-11,1
-5,123,0
98,52,0
-18,118,0
91,-83,0
-123,35,0
-120,-13,0
-66,-99,0
-20,122,0
-119,-44,0
97,68,0
-93,-54,0
-55,100,0
-107,56,0
-52,92,0
-96,-87,0
96,87,0
-99,41,0
-9,125,0
-71,93,0
-112,59,0
106,6,0
-23,-103,0
124,3,0
-75,-80,0
45,-96,0
101,-66,0
-50,-93,0
10,-126,0
-28,-104,0
-95,72,0
41,-103,0
-75,86,0
-43,-107,0
35,-100,0
-62,96,0
-114,1,0
-116,15,0
-47,112,0
88,69,0
-121,-28,0
120,35,0
65,107,0
-41,-104,0
110,69,0
-112,36,0
60,-87,0
6,116,0
-114,-58,0
-51,115,0
-7,113,0
-59,99,0
124,28,0
50,-97,0
92,-62,0
9,-124,0
-92,-89,0
19,-104,0
-117,48,0
-116,-35,0
-16,104,0
121,30,0
15,129,0
-89,81,0
119,15,0
-25,125,0
114,30,0
-99,-73,0
107,-20,0
71,-82,0
122,42,0
-88,65,0
-87,-70,0
-70,94,0
-16,-111,0
125,-35,0
101,49,0
75,77,0
104,-60,0
40,-105,0
126,-10,0
-32,-103,0
122,-8,0
-86,95,0
101,31,0
-66,87,0
109,-13,0
106,24,0
-61,100,0
-113,28,0
-123,-17,0
-113,-61,0
-126,-21,0
21,126,0
-123,-30,0
53,-103,0
-81,-100,0
-124,29,0
65,-101,0
88,91,0
103,78,0
108,-12,0
122,36,0
-19,-117,0
105,-38,0
44,104,0
-52,-118,0
85,-73,0
-114,-30,0
-75,-97,0
113,-26,0
10,120,0
-106,-20,0
40,-113,0
-76,101,0
-1,124,0
-84,67,0
122,-12,0
67,111,0
40,-109,0
-106,-51,0
52,114,0
-63,113,0
114,52,0
-125,14,0
112,-4,0
-108,-67,0
-118,-17,0
79,74,0
89,-77,0
-74,86,0
-5,111,0
-27,-119,0
-101,-37,0
-82,87,0
-107,37,0
-29,111,0
-24,-125,0
95,-56,0
86,-62,0
-107,-60,0
71,-98,0
42,-109,0
-65,94,0
-106,3,0
102,-48,0
73,-98,0
-26,-118,0
-103,27,0
16,-108,0
26,111,0
88,-91,0
108,4,0
-17,108,0
-105,-40,0
-62,-96,0
27,-110,0
84,-68,0
-118,19,0
-110,-36,0
118,-34,0
-121,-29,0
109,6,0
-101,46,0
117,-31,0
49,-100,0
-39,-102,0
84,-80,0
-56,108,0
108,64,0
-86,96,0
70,98,0
100,-52,0
111,61,0
-95,82,0
23,126,0
123,28,0
101,60,0
105,23,0
-77,-84,0
-30,-110,0
71,-105,0
-103,73,0
20,116,0
65,-96,0
84,-93,0
-6,-115,0
-13,113,0
8,-114,0
-6,-115,0
-83,-71,0
84,92,0
-94,54,0
114,16,0
-82,-98,0
-11,-114,0
-97,55,0
-40,119,0
38,-120,0
107,47,0
97,-62,0
109,-59,0
107,23,0
-100,71,0
39,-120,0
-36,-100,0
21,-115,0
123,4,0
87,-91,0
123,-6,0
82,-84,0
-37,107,0
-106,65,0
118,-53,0
-46,-121,0
-98,81,0
-3,109,0
27,127,0
-60,-113,0
22,128,0
-22,116,0
90,81,0
80,79,0
27,112,0
112,46,0
-104,-69,0
-93,70,0
21,106,0
-6,124,0
92,-57,0
-71,100,0
99,84,0
109,22,0
89,65,0
40,114,0
-107,66,0
-106,-55,0
97,-62,0
-113,14,0
-121,25,0
111,10,0
-111,47,0
26,102,0
-38,-116,0
-120,-41,0
-65,94,0
37,-118,0
6,-105,0
70,97,0
-34,-106,0
111,18,0
-16,128,0
98,-66,0
-117,-21,0
-111,3,0
-76,-82,0
-83,95,0
-114,9,0
-58,-106,0
-113,-30,0
-113,17,0
-101,-59,0
81,95,0
28,114,0
-102,-52,0
-25,-113,0
-14,-118,0
71,-90,0
-61,-100,0
-23,108,0
93,-62,0
88,-87,0
-90,-86,0
45,116,0
92,66,0
-99,-51,0
62,-102,0
110,-30,0
-104,24,0
-112,55,0
-123,-21,0
42,-115,0
111,3,0
39,122,0
-63,-94,0
-97,71,0
-46,-113,0
120,1,0
-43,121,0
96,57,0
16,-110,0
-107,-43,0
-91,73,0
-23,-126,0
-92,-77,0
-23,-108,0
77,84,0
74,84,0
76,-73,0
101,-80,0
-72,-78,0
-11,120,0
-10,-108,0
89,-90,0
19,116,0
-34,123,0
-57,101,0
-122,-32,0
105,58,0
-128,-14,0
-98,71,0
-52,92,0
-9,116,0
-129,-7,0
98,-51,0
40,122,0
107,-38,0
40,99,0
79,90,0
-123,8,0
-101,-50,0
18,-128,0
-58,-109,0
81,-74,0
112,-19,0
111,-50,0
46,107,0
-4,127,0
-120,-32,0
101,40,0
118,18,0
-116,33,0
-120,27,0
23,-109,0
78,-83,0
75,98,0
39,102,0
38,108,0
77,-103,0
114,-24,0
-122,8,0
-47,112,0
113,42,0
104,37,0
99,82,0
-123,15,0
119,41,0
13,119,0
69,101,0
39,113,0
116,25,0
-62,106,0
-38,123,0
75,-103,0
97,46,0
78,87,0
63,89,0
-111,28,0
-80,-77,0
-121,-42,0
51,116,0
72,-77,0
-102,-63,0
-32,-120,0
128,8,0
-84,64,0
95,-74,0
-122,-17,0
-30,116,0
128,-20,0
3,-110,0
-111,-24,0
-99,61,0
-46,-118,0
82,-91,0
25,-123,0
-16,109,0
-44,-121,0
-88,-92,0
-125,2,0
102,55,0
-105,2,0
23,119,0
96,57,0
-4,116,0
1,114,0
110,34,0
21,127,0
0,-111,0
126,23,0
-85,-95,0
23,-124,0
-117,-3,0
120,45,0
-119,-10,0
119,17,0
55,111,0
55,-108,0
-42,110,0
-115,12,0
-50,120,0
91,55,0
119,-22,0
-97,45,0
83,90,0
8,116,0
26,109,0
-8,124,0
116,6,0
113,-24,0
-126,30,0
-105,15,0
74,-77,0
-96,59,0
-123,32,0
-98,46,0
-98,47,0
80,-91,0
109,-32,0
123,-34,0
5,-122,0
-28,111,0
79,-93,0
104,53,0
32,123,0
106,-10,0
-82,-96,0
97,61,0
-78,-101,0
47,104,0
-1,-105,0
10,114,0
120,31,0
91,-53,0
54,-106,0
74,78,0
-34,-114,0
82,88,0
-109,-12,0
116,15,0
73,-78,0
23,-105,0
25,109,0
-120,25,0
-76,94,0
3,107,0
-23,112,0
-123,-19,0
90,-68,0
-61,114,0
125,6,0
-115,-35,0
-89,-90,0
-95,-51,0
-91,66,0
41,-106,0
124,-34,0
81,-76,0
-85,79,0
30,-105,0
118,-49,0
-114,-6,0
-24,117,0
66,-105,0
36,-104,0
109,50,0
36,123,0
119,25,0
-90,-82,0
96,75,0
-120,47,0
4,-121,0
61,98,0
-31,-120,0
-30,-110,0
-114,-42,0
1,107,0
-96,-60,0
87,-94,0
-121,-26,0
-43,-107,0
-49,98,0
71,81,0
-70,103,0
70,88,0
-4,105,0
-86,-63,0
39,110,0
-60,110,0
-56,-105,0
-113,13,0
89,59,0
-21,106,0
87,83,0
95,83,0
4,-121,0
-5,-105,0
99,46,0
-109,53,0
-103,61,0
38,98,0
