-15,30,1
-20,-32,1
22,17,1
36,-19,1
37,18,1
15,38,1
40,30,1
-3,-30,1
33,-30,1
-39,27,1
24,11,1
20,-21,1
-27,-3,1
42,8,1
25,38,1
42,-3,1
22,35,1
21,45,1
4,-27,1
30,34,1
-22,26,1
-30,-35,1
-29,-1,1
-48,-2,1
-34,12,1
-27,22,1
38,28,1
-1,25,1
10,-39,1
-47,-11,1
-25,4,1
-31,0,1
9,46,1
-17,19,1
-31,18,1
18,-44,1
-23,22,1
38,7,1
32,35,1
36,-26,1
-22,24,1
9,-26,1
-37,20,1
-33,-3,1
40,-6,1
-22,-41,1
35,15,1
31,32,1
-36,17,1
-12,38,1
-7,-43,1
41,-3,1
-10,38,1
14,-34,1
-42,10,1
24,8,1
41,17,1
-6,-47,1
48,3,1
23,-24,1
35,20,1
-29,28,1
25,10,1
2,30,1
-49,4,1
41,20,1
16,36,1
-10,-37,1
27,38,1
-34,34,1
9,-31,1
2,47,1
45,-14,1
-20,29,1
-39,-20,1
26,-21,1
25,5,1
-16,-23,1
20,-24,1
26,9,1
-21,36,1
-46,-14,1
46,0,1
31,15,1
31,-16,1
48,11,1
-1,-44,1
14,35,1
1,-29,1
-44,-15,1
-23,-40,1
-29,30,1
22,33,1
10,-44,1
27,-36,1
18,-39,1
-42,7,1
34,-32,1
-37,14,1
47,-17,1
-47,7,1
24,11,1
16,-23,1
3,-34,1
25,40,1
32,3,1
-19,-25,1
-17,-29,1
-30,3,1
39,13,1
-32,-16,1
6,-35,1
25,5,1
-6,40,1
-5,32,1
-8,-28,1
-30,-24,1
29,-21,1
42,-15,1
42,2,1
24,27,1
-11,40,1
11,31,1
-22,43,1
-46,-12,1
-12,-27,1
-15,-26,1
-34,29,1
37,-25,1
24,-35,1
-26,-19,1
36,-27,1
18,-39,1
26,34,1
24,36,1
-1,-27,1
-24,30,1
47,-16,1
-15,-25,1
-15,39,1
-35,-19,1
12,40,1
-25,12,1
42,-12,1
-28,24,1
30,34,1
-38,-30,1
-30,27,1
35,13,1
-37,-32,1
-10,34,1
38,-25,1
37,-22,1
-15,37,1
-33,-26,1
37,-16,1
14,34,1
42,14,1
-7,39,1
2,41,1
27,34,1
-3,38,1
40,20,1
35,13,1
-9,-48,1
-29,29,1
40,12,1
40,-2,1
-27,-3,1
-11,32,1
34,-29,1
9,-46,1
-15,21,1
-9,43,1
16,-27,1
-7,-40,1
13,38,1
-34,18,1
-19,24,1
-29,34,1
-31,-35,1
-38,-29,1
45,-16,1
-9,-36,1
-25,-35,1
-31,-26,1
-29,-16,1
18,-24,1
40,-12,1
15,-28,1
-19,42,1
7,-43,1
-46,18,1
-38,-11,1
28,-35,1
-26,-24,1
-28,35,1
-31,36,1
25,-28,1
-47,0,1
46,-2,1
30,-33,1
-25,-1,1
-35,30,1
14,30,1
-22,17,1
-8,-25,1
46,10,1
32,25,1
12,-47,1
39,23,1
-36,-10,1
-24,-34,1
31,-25,1
12,27,1
25,-17,1
40,22,1
7,-30,1
17,-42,1
-38,-27,1
-9,-42,1
12,46,1
39,-4,1
34,25,1
-29,18,1
-3,34,1
-9,-28,1
-7,-28,1
24,41,1
-47,5,1
17,43,1
-16,-27,1
42,1,1
10,-39,1
-13,25,1
-15,22,1
0,50,1
49,7,1
-10,48,1
25,10,1
38,-15,1
-36,-25,1
35,0,1
-40,-9,1
-10,-40,1
-49,2,1
31,-12,1
-30,-5,1
6,31,1
-33,-1,1
29,-19,1
46,4,1
45,-5,1
-13,28,1
-21,-30,1
44,-20,1
-7,-25,1
-33,30,1
-13,-33,1
14,28,1
37,11,1
12,-26,1
-31,33,1
-29,6,1
1,-43,1
-37,20,1
4,-37,1
-2,-45,1
-8,33,1
38,31,1
-38,20,1
32,-37,1
-1,-45,1
6,-48,1
-45,-16,1
-24,-28,1
-43,13,1
-33,8,1
27,5,1
18,-20,1
23,-24,1
34,19,1
-43,18,1
16,-44,1
28,-19,1
43,-16,1
-20,-35,1
30,-16,1
2,-26,1
39,6,1
-30,37,1
-15,33,1
-25,25,1
-2,-26,1
-20,-27,1
-44,-22,1
-28,37,1
31,0,1
-34,12,1
-34,29,1
-26,-35,1
-17,-24,1
-9,26,1
0,29,1
-25,31,1
-43,-22,1
44,-9,1
-7,-48,1
-45,8,1
4,36,1
21,-22,1
12,22,1
43,21,1
8,38,1
-30,-25,1
-32,-10,1
18,-45,1
-28,-10,1
-28,-40,1
-10,-31,1
39,-23,1
26,29,1
-20,45,1
-23,20,1
5,44,1
38,-2,1
39,-9,1
-11,31,1
38,31,1
27,16,1
20,-33,1
-30,33,1
-18,34,1
26,-6,1
33,-7,1
-4,-28,1
-28,30,1
-5,-28,1
22,-28,1
31,-33,1
-29,-33,1
-14,-40,1
-34,-3,1
-27,31,1
-31,22,1
-38,12,1
16,22,1
14,39,1
11,28,1
-36,4,1
42,-27,1
10,-45,1
-33,-7,1
38,7,1
-21,45,1
-25,-38,1
43,25,1
-26,4,1
21,-41,1
-25,-33,1
22,39,1
25,3,1
43,-10,1
-10,-37,1
-25,24,1
-28,-3,1
-6,-49,1
-24,-42,1
-7,-39,1
19,42,1
-39,25,1
-3,47,1
-15,-45,1
-26,-31,1
-33,-11,1
-31,9,1
-19,28,1
-44,-22,1
-27,-1,1
28,-13,1
-35,8,1
-17,47,1
30,5,1
-12,34,1
-23,-18,1
38,27,1
-35,34,1
-21,-22,1
11,40,1
-18,32,1
16,32,1
-8,-30,1
31,34,1
6,25,1
36,6,1
-5,-37,1
18,-27,1
33,7,1
39,-30,1
9,28,1
23,-15,1
-44,-15,1
-20,-21,1
31,28,1
-14,-41,1
-39,1,1
-13,46,1
3,43,1
-40,-28,1
-35,24,1
41,-10,1
-40,30,1
-38,-6,1
-29,-32,1
27,-23,1
6,-31,1
-32,-14,1
24,32,1
-13,48,1
-46,3,1
13,34,1
-15,35,1
24,-19,1
-30,-26,1
-10,32,1
-25,43,1
-25,-38,1
-27,36,1
7,48,1
25,20,1
2,25,1
33,-26,1
34,24,1
-5,-47,1
-24,-43,1
-33,3,1
-6,-35,1
-3,-31,1
-33,-15,1
-48,12,1
33,-31,1
22,-26,1
-13,24,1
38,-5,1
34,4,1
-4,31,1
36,-32,1
19,20,1
13,-44,1
23,13,1
-32,36,1
24,34,1
14,-38,1
-19,-45,1
48,-7,1
17,33,1
-3,38,1
-20,37,1
-44,11,1
-31,24,1
49,8,1
-20,-19,1
36,-4,1
-15,-31,1
25,1,1
20,33,1
48,-13,1
8,28,1
-35,17,1
-35,-17,1
-39,-14,1
-31,18,1
41,-9,1
-6,-36,1
19,43,1
-27,-29,1
-14,37,1
-7,-39,1
-25,6,1
-43,8,1
14,-35,1
32,-3,1
41,-5,1
-26,-27,1
19,25,1
15,44,1
-22,38,1
-49,-1,1
-16,28,1
29,33,1
-41,27,1
0,46,1
20,-41,1
30,20,1
5,43,1
27,-6,1
-21,-26,1
35,-14,1
-27,16,1
-41,26,1
-110,-32,0
-107,-22,0
93,-71,0
-54,-79,0
59,-98,0
42,90,0
39,90,0
21,97,0
61,78,0
61,-80,0
114,-1,0
-92,42,0
79,-83,0
-61,-80,0
40,-101,0
-94,21,0
-100,38,0
89,-76,0
101,16,0
-82,-76,0
116,-29,0
77,59,0
106,53,0
-40,107,0
94,38,0
6,-116,0
70,94,0
102,-42,0
-79,-65,0
13,-102,0
46,91,0
-70,89,0
-90,77,0
-60,76,0
-14,105,0
-31,98,0
18,-97,0
88,75,0
-60,-93,0
103,19,0
-11,-112,0
21,118,0
-37,107,0
10,-97,0
-38,-112,0
72,-71,0
98,15,0
26,94,0
66,-86,0
8,-112,0
-90,38,0
97,-28,0
-77,-83,0
94,64,0
77,-64,0
73,-77,0
59,-77,0
-12,101,0
-67,95,0
60,89,0
60,-81,0
5,103,0
81,84,0
-25,96,0
103,10,0
97,-37,0
-107,-42,0
-6,98,0
-77,-74,0
8,-95,0
109,-12,0
102,35,0
64,83,0
-3,114,0
74,-92,0
73,-87,0
-67,95,0
38,94,0
7,104,0
-80,89,0
-104,6,0
5,95,0
-41,97,0
99,-11,0
-8,-100,0
-67,76,0
-97,23,0
-111,8,0
-112,28,0
102,40,0
30,113,0
88,-79,0
-98,-31,0
51,90,0
-105,-29,0
18,112,0
82,-66,0
115,26,0
-100,-53,0
105,58,0
72,95,0
98,37,0
77,-74,0
-61,87,0
74,-89,0
-46,105,0
-98,-42,0
-7,100,0
-80,-86,0
-47,-98,0
-28,103,0
92,-28,0
23,-100,0
-107,7,0
117,-9,0
-4,-119,0
-40,98,0
-51,-85,0
-16,112,0
-114,27,0
82,82,0
116,28,0
116,-22,0
-72,-92,0
20,99,0
27,107,0
-116,-14,0
-99,-45,0
111,5,0
-96,-9,0
3,117,0
17,-114,0
84,77,0
109,-7,0
68,-86,0
110,11,0
41,88,0
88,-37,0
-90,65,0
4,117,0
-113,-38,0
70,-90,0
78,-87,0
-4,111,0
61,74,0
83,-67,0
9,97,0
20,113,0
98,46,0
-71,-73,0
-50,95,0
-56,106,0
-95,62,0
90,-48,0
98,22,0
32,-96,0
64,-90,0
37,-105,0
40,98,0
41,-106,0
-64,88,0
62,80,0
77,-56,0
79,-79,0
91,78,0
-45,-100,0
-61,-75,0
-105,44,0
-89,-73,0
77,-91,0
97,-6,0
-99,56,0
-104,23,0
-21,100,0
-27,112,0
-40,-99,0
-96,22,0
47,-87,0
41,92,0
47,-107,0
-92,-55,0
-99,-4,0
-44,-105,0
-105,-56,0
-29,113,0
-102,19,0
58,85,0
-63,86,0
88,-54,0
82,48,0
96,-1,0
-104,26,0
73,92,0
-49,-102,0
73,-92,0
27,-116,0
-50,102,0
-77,92,0
-23,109,0
-110,-27,0
-88,-43,0
36,-89,0
5,116,0
104,-59,0
97,-34,0
73,-72,0
81,-56,0
-32,-101,0
110,3,0
105,-51,0
90,63,0
106,34,0
85,-77,0
-17,-112,0
-42,111,0
0,114,0
-97,-25,0
31,-107,0
-69,-98,0
-41,95,0
76,-68,0
-104,-19,0
-93,51,0
76,-75,0
-33,-103,0
-94,-18,0
-8,-109,0
-89,-62,0
-47,-96,0
-84,-46,0
-80,82,0
101,45,0
-34,-93,0
64,93,0
-100,-7,0
-111,-45,0
-73,79,0
101,4,0
27,-108,0
89,73,0
43,-108,0
40,-95,0
2,-104,0
113,14,0
-71,-65,0
-65,-71,0
89,-73,0
57,-84,0
74,81,0
89,-59,0
107,-12,0
86,61,0
100,-27,0
57,-82,0
87,-61,0
20,94,0
-88,-59,0
-71,-68,0
97,35,0
79,-84,0
-104,-4,0
-88,45,0
83,79,0
-77,69,0
-91,30,0
-36,-89,0
62,-101,0
-84,-82,0
6,-106,0
12,116,0
-81,-73,0
-85,70,0
95,53,0
65,-93,0
-50,96,0
-29,108,0
-25,96,0
115,-15,0
85,-45,0
-11,101,0
35,98,0
83,75,0
5,-114,0
-106,2,0
107,-6,0
19,-97,0
-30,-96,0
86,-67,0
104,19,0
-12,112,0
-65,-87,0
58,78,0
104,-28,0
16,102,0
79,77,0
65,-74,0
91,-61,0
56,105,0
33,105,0
-77,-80,0
108,24,0
44,87,0
-30,-93,0
46,-92,0
-105,29,0
108,-14,0
-89,69,0
-64,95,0
4,101,0
-93,-67,0
-90,-44,0
-105,57,0
-96,-37,0
-99,59,0
1,99,0
-71,-86,0
68,-89,0
90,-57,0
-109,-32,0
59,101,0
-45,-92,0
-115,1,0
50,-97,0
16,-104,0
3,99,0
24,-113,0
57,-83,0
-15,107,0
42,-99,0
51,82,0
-92,36,0
-9,119,0
-2,98,0
70,-97,0
-98,6,0
119,-6,0
119,-8,0
5,117,0
102,-55,0
115,-4,0
-92,-47,0
111,-25,0
-105,-38,0
6,99,0
111,21,0
40,-92,0
-61,95,0
33,-107,0
-14,107,0
-110,2,0
-97,-35,0
38,-100,0
101,-45,0
-59,-89,0
57,-105,0
-53,-82,0
74,63,0
-96,-23,0
105,-16,0
-14,97,0
-70,-72,0
53,-82,0
27,-100,0
-70,-85,0
-112,-8,0
5,114,0
114,35,0
100,41,0
-99,39,0
-85,-54,0
115,5,0
11,-116,0
-110,21,0
-84,73,0
69,88,0
48,99,0
-102,-34,0
-2,95,0
108,8,0
-111,-33,0
59,96,0
95,69,0
-89,76,0
48,-83,0
91,-52,0
-83,-79,0
27,115,0
68,-97,0
-38,97,0
76,66,0
17,98,0
-13,107,0
1,110,0
-103,29,0
-93,-71,0
84,72,0
-14,-106,0
-37,-106,0
-80,85,0
-116,-18,0
-108,-38,0
113,7,0
90,46,0
99,3,0
3,-98,0
-102,25,0
-86,-50,0
-7,-106,0
-39,-94,0
23,-93,0
-57,-101,0
-21,-112,0
86,-56,0
-106,-1,0
-107,-43,0
-87,55,0
-91,64,0
41,103,0
115,6,0
-115,29,0
-11,-114,0
-108,16,0
-104,-15,0
107,32,0
-56,106,0
86,68,0
-54,104,0
95,-24,0
96,-67,0
24,-109,0
-77,-62,0
45,-111,0
2,113,0
-72,80,0
66,-88,0
104,-16,0
-119,1,0
-73,74,0
-40,101,0
52,91,0
92,48,0
71,-92,0
98,-23,0
-4,117,0
94,29,0
80,-89,0
39,108,0
-11,-117,0
56,-100,0
-72,79,0
-57,-77,0
-99,-35,0
30,114,0
-74,79,0
-69,85,0
-22,107,0
95,4,0
23,99,0
-34,-103,0
87,58,0
-43,-111,0
0,-120,0
2,100,0
-67,-95,0
93,-30,0
-115,28,0
-58,100,0
-70,-75,0
98,66,0
-104,54,0
112,6,0
33,-108,0
27,103,0
-85,70,0
116,16,0
68,-82,0
-108,2,0
65,-94,0
95,-14,0
-104,24,0
7,99,0
-31,-100,0
-52,107,0
100,28,0
40,-93,0
24,102,0
89,-69,0
-81,54,0
-115,22,0
-106,7,0
-112,43,0
-39,100,0
113,-14,0
-100,-38,0
-45,89,0
12,116,0
81,81,0
22,110,0
-37,-109,0
50,-103,0
