33,-29,1
4,-48,1
-15,-35,1
23,31,1
-22,21,1
19,26,1
9,28,1
-8,-40,1
-4,-28,1
-5,-25,1
-28,-1,1
33,0,1
26,-4,1
41,-3,1
-14,-36,1
30,40,1
17,-34,1
24,-37,1
-46,13,1
10,-32,1
-27,35,1
41,-19,1
9,-48,1
37,23,1
-19,-39,1
-49,5,1
18,23,1
5,-27,1
-17,26,1
-1,34,1
36,-15,1
20,-37,1
-30,-26,1
-42,-16,1
19,-23,1
-36,27,1
18,23,1
24,7,1
-11,25,1
9,-47,1
-21,24,1
-29,-16,1
-34,-2,1
4,-34,1
47,-13,1
-5,28,1
-21,-44,1
38,-25,1
-28,-33,1
34,-2,1
-36,-22,1
-29,13,1
33,-22,1
-41,3,1
-42,0,1
17,30,1
-30,-19,1
-44,-2,1
-16,-26,1
1,-37,1
-33,-24,1
-1,-28,1
0,-37,1
0,45,1
14,34,1
-1,42,1
-39,-26,1
38,-1,1
-21,-31,1
-20,21,1
-13,-38,1
0,-29,1
44,-6,1
-22,-27,1
24,-41,1
-17,-36,1
47,5,1
21,-36,1
10,-44,1
11,46,1
4,31,1
-29,11,1
-16,-45,1
8,45,1
-11,26,1
21,45,1
17,-46,1
-1,-41,1
-47,-2,1
19,-39,1
42,1,1
33,2,1
-34,6,1
-34,21,1
-25,21,1
-13,37,1
-25,-5,1
35,-19,1
-27,2,1
26,-23,1
48,11,1
36,-21,1
-5,-26,1
-35,-13,1
2,48,1
15,30,1
32,1,1
31,-4,1
19,28,1
42,3,1
39,-3,1
-32,3,1
-29,17,1
-32,19,1
37,-18,1
24,-9,1
13,-31,1
24,17,1
28,34,1
-24,18,1
45,-15,1
-17,31,1
-25,-1,1
-3,47,1
-11,35,1
31,30,1
22,37,1
-44,-6,1
48,2,1
14,33,1
-9,47,1
-8,-33,1
-17,39,1
-11,-33,1
0,44,1
30,4,1
15,-43,1
12,-42,1
-19,18,1
13,28,1
18,-19,1
-15,34,1
-24,-32,1
1,34,1
-29,28,1
-21,32,1
32,-21,1
-40,29,1
-26,29,1
31,31,1
-42,13,1
-13,-45,1
20,44,1
18,-39,1
28,-28,1
-27,-2,1
45,-14,1
34,-7,1
4,40,1
-25,-14,1
5,-33,1
-29,-24,1
-11,44,1
-8,39,1
16,38,1
-32,18,1
11,32,1
42,10,1
-21,-23,1
27,-26,1
-27,6,1
-13,-48,1
-12,-42,1
32,-7,1
18,-30,1
24,-32,1
36,9,1
3,33,1
-31,-7,1
33,3,1
-33,-26,1
2,-31,1
5,41,1
-22,-35,1
19,40,1
-41,2,1
-11,30,1
-9,-48,1
-12,27,1
40,22,1
-7,45,1
37,-11,1
-47,4,1
-2,41,1
12,-23,1
-18,-24,1
-26,19,1
18,34,1
29,-4,1
42,-1,1
23,-29,1
30,39,1
-6,32,1
18,26,1
41,28,1
30,23,1
7,33,1
6,42,1
30,7,1
36,-12,1
11,33,1
-16,37,1
2,43,1
-26,34,1
-24,20,1
20,39,1
19,-33,1
-14,-46,1
39,13,1
17,35,1
-2,-28,1
15,-36,1
39,27,1
4,-31,1
37,-13,1
-46,-12,1
17,42,1
27,-21,1
-5,-40,1
-43,5,1
-42,-1,1
-28,-12,1
-35,4,1
27,19,1
35,-11,1
-23,-12,1
35,-20,1
-42,-11,1
-11,-25,1
31,38,1
6,44,1
-2,-33,1
36,-31,1
-26,25,1
-30,39,1
28,-19,1
-25,-9,1
20,36,1
-44,-1,1
6,-33,1
7,-42,1
28,1,1
-41,12,1
0,35,1
34,-23,1
-32,30,1
-27,-9,1
41,-2,1
28,15,1
45,-21,1
13,34,1
-46,-6,1
-6,-36,1
34,-27,1
-28,12,1
-35,-12,1
-37,-6,1
-34,5,1
26,-1,1
-19,-41,1
-13,46,1
22,24,1
33,-32,1
-23,-28,1
-16,-31,1
-15,-22,1
-23,-22,1
31,-13,1
-15,44,1
-49,8,1
24,-28,1
-40,-25,1
37,32,1
38,10,1
41,5,1
24,-42,1
-18,-22,1
14,-33,1
-39,22,1
25,32,1
-13,-27,1
34,-5,1
-2,25,1
29,-7,1
-15,24,1
23,-36,1
-19,-25,1
-22,44,1
-48,11,1
40,22,1
31,36,1
35,24,1
33,-11,1
-18,41,1
26,33,1
19,-31,1
-9,46,1
40,-4,1
-10,24,1
-18,-31,1
-35,-6,1
25,-18,1
-31,-13,1
-43,-10,1
20,-15,1
-45,-16,1
-11,-26,1
2,-30,1
-5,-32,1
-26,-25,1
27,-18,1
-15,-21,1
-39,31,1
-22,13,1
41,-22,1
-27,27,1
-35,28,1
48,-7,1
8,25,1
-41,24,1
-30,29,1
21,33,1
31,10,1
-35,-6,1
-29,29,1
1,-40,1
-21,35,1
0,34,1
-46,-10,1
-9,46,1
35,28,1
32,5,1
33,-13,1
18,22,1
-22,33,1
-18,-46,1
24,-19,1
-23,43,1
-29,-1,1
-22,31,1
-48,-3,1
7,24,1
2,28,1
30,38,1
-35,-18,1
33,-8,1
-19,-38,1
-2,40,1
26,37,1
-24,-41,1
27,8,1
-18,38,1
10,-37,1
-6,32,1
-7,34,1
27,5,1
36,-34,1
-24,-19,1
10,-23,1
-18,24,1
-27,-33,1
-38,12,1
-36,30,1
-20,15,1
-40,6,1
41,-20,1
-19,-22,1
34,33,1
0,49,1
32,-37,1
-38,8,1
-41,22,1
25,-15,1
4,30,1
-44,-10,1
-15,22,1
47,-17,1
-13,43,1
7,43,1
-12,40,1
-12,-42,1
-13,30,1
-30,28,1
3,43,1
-32,18,1
9,-41,1
19,34,1
-28,-11,1
11,40,1
14,28,1
-10,-47,1
24,-41,1
4,36,1
-21,28,1
-31,-19,1
20,-31,1
23,11,1
-17,40,1
-13,38,1
19,-43,1
-35,15,1
-38,-20,1
-12,39,1
22,-26,1
-30,1,1
-15,34,1
-26,-5,1
43,5,1
-34,3,1
-25,36,1
-8,39,1
11,-23,1
28,-7,1
37,-29,1
-8,27,1
33,-32,1
-24,38,1
32,-28,1
-47,-17,1
6,-26,1
-31,6,1
31,1,1
-7,32,1
-43,-3,1
33,26,1
-37,6,1
21,-25,1
-13,44,1
-28,18,1
46,-12,1
22,21,1
-45,1,1
-20,-15,1
18,39,1
-27,-30,1
0,37,1
-49,-9,1
-26,-4,1
-12,-32,1
-48,12,1
-31,-7,1
-14,-28,1
15,45,1
35,19,1
-44,1,1
44,-22,1
-16,28,1
-19,20,1
-15,-38,1
7,-35,1
30,-29,1
34,-30,1
-41,-8,1
-26,-33,1
-27,22,1
-18,33,1
-43,-10,1
-29,18,1
-31,34,1
44,-22,1
-21,-21,1
2,-46,1
-34,36,1
-37,-26,1
-36,-34,1
-30,-1,1
-2,29,1
-35,-14,1
-38,-25,1
39,3,1
21,-28,1
-27,-25,1
8,-31,1
-16,-26,1
6,26,1
22,-42,1
-12,-37,1
-9,25,1
-20,23,1
26,-1,1
33,-24,1
27,20,1
3,30,1
-10,-30,1
-8,34,1
-17,24,1
-12,-30,1
-26,20,1
35,31,1
-15,40,1
116,-14,0
100,-65,0
-115,31,0
91,77,0
86,75,0
50,-106,0
-44,97,0
-29,115,0
56,90,0
113,-5,0
-24,96,0
-84,-65,0
49,-90,0
-107,15,0
-48,82,0
89,-51,0
93,-64,0
-93,-53,0
-102,-55,0
96,17,0
52,-101,0
111,25,0
-92,60,0
96,46,0
-26,-114,0
-113,-38,0
74,92,0
34,-102,0
115,-21,0
87,-73,0
-3,-113,0
80,-89,0
15,112,0
-83,-85,0
-92,-68,0
92,54,0
-110,-19,0
-99,-67,0
-93,38,0
102,18,0
96,11,0
-55,-97,0
-95,66,0
-90,51,0
118,-7,0
87,-64,0
5,116,0
-102,37,0
-60,-100,0
-11,99,0
104,-40,0
79,-90,0
93,-50,0
93,-39,0
-90,75,0
55,87,0
72,84,0
108,-17,0
8,-114,0
96,4,0
-3,-101,0
104,-3,0
-58,80,0
98,-26,0
-3,119,0
-86,48,0
-54,95,0
-48,-109,0
24,104,0
-83,-54,0
106,-21,0
26,108,0
5,-117,0
108,-9,0
-71,-93,0
75,-75,0
-16,-118,0
-88,60,0
-36,113,0
-116,-21,0
64,75,0
-32,-90,0
-32,94,0
99,-55,0
43,-85,0
-108,47,0
96,12,0
91,-74,0
-67,95,0
1,-95,0
-74,82,0
-98,20,0
-113,12,0
-44,86,0
31,-97,0
-47,98,0
53,96,0
-92,58,0
14,-105,0
55,86,0
-7,105,0
-61,87,0
-75,64,0
-71,-70,0
85,-49,0
78,-55,0
48,-88,0
-81,-67,0
-102,-26,0
81,-73,0
87,49,0
36,-99,0
-87,-74,0
8,108,0
-25,-108,0
-82,-80,0
69,92,0
-11,103,0
-100,-42,0
5,-106,0
-104,-49,0
91,-69,0
-54,91,0
-87,-82,0
46,103,0
-104,45,0
75,-93,0
107,-41,0
44,100,0
-95,45,0
-89,-67,0
20,-102,0
94,32,0
-33,99,0
66,-75,0
0,104,0
104,27,0
108,44,0
-84,63,0
4,113,0
22,-117,0
93,-23,0
-113,-27,0
-94,-31,0
86,45,0
26,105,0
86,75,0
2,114,0
-83,-64,0
-75,59,0
115,3,0
-90,-72,0
101,37,0
24,-109,0
63,73,0
67,68,0
-31,-104,0
-17,113,0
-51,96,0
76,72,0
108,18,0
75,-69,0
-27,-99,0
83,-77,0
-87,-63,0
47,-84,0
9,106,0
21,-116,0
101,34,0
42,95,0
74,-86,0
-45,-87,0
-110,-28,0
33,105,0
9,112,0
50,89,0
-5,-117,0
65,88,0
111,-37,0
91,-31,0
74,-68,0
-95,67,0
-105,-53,0
76,-73,0
49,90,0
-108,-5,0
98,47,0
-88,-44,0
99,-5,0
26,-93,0
84,52,0
55,94,0
79,-59,0
98,-62,0
100,19,0
-71,-66,0
-51,-96,0
55,84,0
102,30,0
-21,117,0
-97,42,0
41,95,0
84,-83,0
-92,-27,0
110,19,0
-107,31,0
83,60,0
-11,-117,0
-92,34,0
94,34,0
92,39,0
91,-36,0
61,78,0
67,71,0
114,-12,0
-45,-101,0
87,41,0
111,-45,0
1,-105,0
50,-96,0
-83,68,0
-99,-58,0
29,-116,0
89,79,0
-96,-43,0
42,106,0
-9,106,0
-73,-68,0
104,11,0
96,-47,0
-83,54,0
39,100,0
16,98,0
-62,-89,0
-94,-44,0
92,-62,0
91,-77,0
114,10,0
108,47,0
57,-87,0
-104,24,0
96,-72,0
-42,-108,0
106,2,0
-7,113,0
-99,57,0
-94,-22,0
-96,58,0
64,-82,0
-110,20,0
-108,44,0
38,112,0
-42,-87,0
-1,116,0
19,97,0
-57,-97,0
-45,86,0
-57,-85,0
51,89,0
61,101,0
111,0,0
-26,-103,0
-74,-76,0
106,30,0
-10,104,0
83,52,0
-40,101,0
-21,104,0
77,-88,0
92,-74,0
-53,79,0
70,-73,0
-111,5,0
-59,-84,0
2,113,0
82,58,0
89,72,0
98,38,0
-43,102,0
-102,-40,0
107,4,0
-113,34,0
48,94,0
-96,62,0
112,22,0
100,45,0
-19,96,0
10,112,0
-9,-114,0
-93,-71,0
104,24,0
110,-24,0
109,-7,0
20,112,0
-9,109,0
-77,-82,0
-92,55,0
94,24,0
-112,9,0
78,89,0
100,54,0
61,75,0
100,-66,0
31,111,0
-95,-27,0
-3,-107,0
-85,-80,0
-22,117,0
96,27,0
-2,98,0
-10,95,0
-12,109,0
-94,-23,0
-45,-96,0
-9,115,0
-26,96,0
7,-103,0
-86,-61,0
65,90,0
95,66,0
-109,13,0
-44,-104,0
68,74,0
-107,-35,0
-93,54,0
73,87,0
-113,-19,0
-11,-97,0
56,101,0
19,-117,0
2,95,0
59,-77,0
-57,90,0
-73,93,0
-64,92,0
108,46,0
-15,101,0
-97,-18,0
-14,-118,0
-41,111,0
-42,-100,0
-59,92,0
-14,-103,0
2,-112,0
-64,-92,0
-104,9,0
-97,-48,0
44,-98,0
-70,82,0
-62,90,0
69,-89,0
100,-28,0
35,-91,0
79,-88,0
-35,102,0
-92,-63,0
58,-100,0
-110,9,0
100,-3,0
112,21,0
86,46,0
-68,-75,0
112,17,0
-105,4,0
-34,-104,0
-8,103,0
-64,89,0
106,-28,0
90,-54,0
-117,-15,0
119,0,0
-108,-33,0
-119,-5,0
82,-70,0
-101,-59,0
-89,54,0
78,-81,0
52,92,0
80,-56,0
17,112,0
-74,-65,0
-91,-33,0
-61,78,0
-7,102,0
83,-49,0
-10,107,0
-14,95,0
99,8,0
97,-35,0
-34,109,0
12,-106,0
48,-90,0
106,-2,0
-67,-73,0
58,-86,0
-97,57,0
91,-71,0
-116,12,0
-113,-30,0
101,34,0
-98,2,0
-102,3,0
-79,-77,0
-99,-12,0
37,103,0
-109,40,0
2,-109,0
98,-65,0
87,-58,0
-1,107,0
20,93,0
-8,-106,0
0,-108,0
9,114,0
77,57,0
-76,65,0
-109,-31,0
39,95,0
111,16,0
-49,102,0
-70,-75,0
108,-46,0
-64,-97,0
-17,115,0
64,-88,0
-90,-65,0
94,47,0
90,-47,0
-84,-63,0
-37,-92,0
6,-111,0
4,-119,0
100,54,0
-38,-113,0
-54,98,0
-94,42,0
-19,-104,0
77,64,0
-34,110,0
-110,14,0
-101,7,0
63,72,0
103,-10,0
45,110,0
88,41,0
109,10,0
100,-7,0
-110,3,0
-31,106,0
-87,54,0
109,27,0
-47,97,0
113,-16,0
-89,65,0
-62,-87,0
-11,-101,0
-29,-111,0
-112,-18,0
92,-71,0
-57,104,0
-100,-63,0
27,96,0
-26,-95,0
-21,105,0
-13,101,0
-6,-118,0
-116,-4,0
-95,-59,0
-3,-95,0
76,67,0
-64,-82,0
5,99,0
-46,-100,0
-14,95,0
-78,80,0
64,-101,0
46,102,0
100,-43,0
82,-58,0
98,-10,0
-75,68,0
-100,-27,0
-90,-56,0
-79,-84,0
103,19,0
-113,-8,0
-102,63,0
-78,-76,0
-79,83,0
-110,46,0
-88,57,0
-105,-5,0
-11,-104,0
-33,-106,0
13,109,0
-65,87,0
26,92,0
-98,11,0
12,110,0
-98,-68,0
