19,-39,1
-26,30,1
-25,8,1
-8,-47,1
-28,-1,1
42,13,1
-5,25,1
1,41,1
17,38,1
-42,-5,1
48,-12,1
-11,-24,1
-14,45,1
-13,41,1
-31,-7,1
-36,-25,1
-28,31,1
-11,30,1
-26,20,1
-48,-3,1
33,-16,1
-3,35,1
-15,-35,1
11,33,1
23,-32,1
-15,21,1
30,-38,1
-35,6,1
42,-15,1
-21,-16,1
-37,25,1
0,-40,1
32,23,1
28,-38,1
35,11,1
0,25,1
-1,-31,1
-49,4,1
-21,-22,1
-37,-25,1
-16,26,1
-29,5,1
-18,-21,1
-16,-38,1
-9,-44,1
34,-9,1
7,38,1
-40,22,1
-30,-21,1
29,-22,1
6,37,1
-28,-4,1
-47,-14,1
-12,31,1
13,39,1
19,28,1
-1,-37,1
41,19,1
32,31,1
-1,-36,1
-10,29,1
18,-23,1
29,24,1
-48,0,1
-37,-10,1
-8,46,1
-37,19,1
-49,-7,1
-31,-20,1
28,13,1
-47,16,1
30,32,1
13,44,1
-40,29,1
-25,-11,1
2,45,1
-2,-35,1
41,19,1
38,17,1
-28,16,1
-5,43,1
45,-21,1
-36,-29,1
-22,-14,1
-7,-28,1
26,42,1
38,31,1
16,43,1
32,29,1
20,-37,1
32,2,1
30,-30,1
-38,-27,1
-33,-22,1
-31,33,1
-34,-33,1
16,32,1
-39,-7,1
-28,7,1
-39,-10,1
27,-14,1
-41,25,1
47,13,1
-24,-20,1
-22,-12,1
-3,-34,1
17,29,1
48,-1,1
-37,23,1
-29,22,1
13,-28,1
-23,-13,1
44,-8,1
29,21,1
33,28,1
21,18,1
14,-28,1
48,-5,1
-29,20,1
29,26,1
-37,22,1
-21,-21,1
-40,-9,1
44,-19,1
39,-23,1
-10,-35,1
2,28,1
49,-2,1
27,26,1
-47,-16,1
45,-20,1
25,38,1
-1,-26,1
-34,-33,1
18,27,1
-33,11,1
31,10,1
-22,-23,1
-40,3,1
33,-13,1
36,14,1
22,15,1
-28,-4,1
-3,-48,1
-13,-39,1
6,37,1
-42,-11,1
-42,19,1
-26,-39,1
47,3,1
31,-19,1
43,21,1
-32,-27,1
-3,-48,1
12,46,1
39,-20,1
25,1,1
-36,8,1
1,35,1
-6,-30,1
11,25,1
48,11,1
10,-35,1
-41,-22,1
45,-14,1
-35,6,1
7,35,1
29,39,1
-30,19,1
12,-24,1
-39,29,1
-12,-41,1
14,44,1
42,2,1
19,-30,1
-2,32,1
19,21,1
-33,29,1
-38,-7,1
-20,17,1
-43,25,1
24,26,1
-5,-38,1
21,19,1
-15,47,1
-34,25,1
25,-23,1
42,22,1
14,-29,1
25,32,1
-23,-21,1
11,41,1
46,2,1
16,32,1
2,43,1
8,-26,1
18,-27,1
-48,12,1
-14,48,1
-17,42,1
25,-30,1
-4,-43,1
-23,-10,1
-2,43,1
-36,-33,1
-39,-8,1
4,-30,1
-47,-5,1
-31,-18,1
19,-27,1
-3,-44,1
-37,-24,1
31,18,1
-30,-36,1
40,-16,1
47,-8,1
39,13,1
-36,25,1
-1,34,1
29,-29,1
-29,38,1
29,-28,1
3,-31,1
29,-21,1
47,-10,1
-13,-42,1
-19,-44,1
-41,28,1
-7,24,1
26,-26,1
20,45,1
-12,46,1
14,28,1
-25,-35,1
-1,27,1
-46,14,1
-8,30,1
-25,-10,1
-3,37,1
-11,-28,1
33,-22,1
-32,18,1
-6,31,1
-36,-24,1
-17,27,1
39,5,1
-12,31,1
-44,-6,1
34,33,1
-39,-21,1
34,9,1
-38,1,1
8,-34,1
-38,8,1
-43,8,1
-2,-31,1
-22,14,1
45,20,1
34,9,1
-36,14,1
-3,47,1
34,-32,1
-3,-28,1
-24,-40,1
-37,8,1
40,-2,1
-37,16,1
35,8,1
-30,18,1
39,17,1
-27,16,1
-45,-1,1
-25,-1,1
40,-16,1
-4,-30,1
4,-42,1
21,-30,1
21,35,1
9,-48,1
30,3,1
22,-37,1
14,-33,1
-43,12,1
35,-24,1
43,25,1
13,-36,1
44,-15,1
34,4,1
36,23,1
39,-8,1
40,3,1
19,-34,1
18,32,1
-19,-30,1
-28,0,1
43,6,1
11,-41,1
17,-37,1
-37,-27,1
-35,9,1
31,-29,1
16,-37,1
-24,-27,1
-39,-23,1
-7,-24,1
-46,-7,1
35,-17,1
7,-33,1
26,4,1
-28,16,1
26,-6,1
-27,-22,1
27,4,1
-11,-44,1
-24,24,1
-49,5,1
-27,-3,1
1,33,1
26,17,1
-27,-23,1
28,-28,1
15,-36,1
30,-29,1
11,-28,1
37,-26,1
-2,30,1
-24,24,1
14,-27,1
15,33,1
0,-26,1
-40,26,1
-4,-27,1
-11,-40,1
-27,-12,1
-10,25,1
-26,-8,1
19,-45,1
27,-7,1
2,38,1
-22,-37,1
8,-34,1
17,-33,1
-20,29,1
-20,36,1
4,-45,1
13,43,1
45,-18,1
47,-17,1
2,25,1
-5,42,1
-11,38,1
42,27,1
-45,-16,1
-36,15,1
-35,35,1
32,23,1
6,42,1
29,-20,1
43,0,1
-38,-7,1
-17,-32,1
-4,32,1
45,8,1
-11,38,1
25,-21,1
-17,-42,1
-6,28,1
39,2,1
26,-19,1
-36,24,1
-12,-28,1
-27,-17,1
-5,41,1
-17,45,1
-16,39,1
-26,36,1
46,17,1
1,25,1
28,24,1
44,-19,1
44,19,1
17,-47,1
31,28,1
32,5,1
9,-32,1
-5,-39,1
-16,26,1
-25,-28,1
33,-22,1
-30,29,1
-8,47,1
11,29,1
38,-20,1
9,41,1
33,27,1
28,-38,1
-2,37,1
-46,8,1
-39,31,1
-34,23,1
18,-34,1
-29,-3,1
17,-19,1
-8,-27,1
32,-10,1
34,30,1
-4,-46,1
5,-48,1
-4,44,1
29,-10,1
-12,40,1
42,-21,1
3,48,1
16,20,1
-42,-21,1
-48,8,1
30,-29,1
42,-12,1
-46,2,1
28,-41,1
3,49,1
42,-12,1
32,-31,1
10,-37,1
-30,-30,1
-13,-24,1
12,-27,1
29,-24,1
18,-18,1
39,21,1
27,-6,1
-44,22,1
-26,-15,1
-42,7,1
-23,-16,1
-29,-9,1
-39,19,1
-27,28,1
23,42,1
-11,-43,1
-16,-35,1
-34,-3,1
-10,23,1
17,-30,1
-22,33,1
11,-44,1
-16,-44,1
-15,-23,1
24,20,1
-7,-47,1
-26,2,1
37,16,1
39,10,1
-49,-8,1
-8,-49,1
-31,-28,1
13,-29,1
6,44,1
41,8,1
-22,30,1
25,21,1
-36,-12,1
27,5,1
8,-39,1
-5,-45,1
-22,19,1
-19,-31,1
-43,22,1
-35,-5,1
4,-43,1
26,-41,1
-19,44,1
-45,-17,1
43,-5,1
30,13,1
-5,44,1
11,-33,1
5,-49,1
14,46,1
-27,-12,1
17,46,1
-35,-30,1
5,-30,1
-38,-31,1
-29,2,1
-31,-18,1
1,-31,1
27,-7,1
-22,-31,1
-40,-16,1
-37,18,1
44,-7,1
6,41,1
29,31,1
22,-21,1
-6,27,1
-41,0,1
-40,-25,1
-13,46,1
-30,-30,1
-171,-247,0
-260,144,0
-294,-124,0
-297,-111,0
-45,309,0
-301,100,0
-153,262,0
304,83,0
-212,236,0
150,-263,0
-14,-319,0
-305,-11,0
-308,-11,0
292,106,0
-192,-235,0
15,-315,0
-316,-27,0
-194,-233,0
145,273,0
-295,-47,0
-301,-90,0
162,-274,0
319,0,0
102,286,0
16,-306,0
33,-295,0
194,223,0
-295,21,0
59,-296,0
4,308,0
33,315,0
-284,105,0
-286,-82,0
-229,-221,0
168,244,0
-183,253,0
249,186,0
-234,187,0
-295,89,0
305,57,0
-219,-201,0
-131,-272,0
-100,-281,0
234,214,0
-28,314,0
207,-223,0
-193,-233,0
-297,34,0
301,34,0
311,13,0
-188,-255,0
-283,141,0
153,266,0
27,300,0
-315,22,0
98,286,0
59,-296,0
-303,-9,0
-205,237,0
301,-38,0
-287,-123,0
231,-199,0
272,-156,0
221,215,0
-259,-159,0
153,-277,0
151,-266,0
-98,-294,0
-249,-185,0
-236,-207,0
-313,-38,0
180,-247,0
-281,142,0
-50,-305,0
-190,233,0
-100,-292,0
114,278,0
-292,125,0
55,-306,0
-187,242,0
-107,280,0
-58,-311,0
80,298,0
203,222,0
232,-185,0
-280,-109,0
289,-114,0
-242,187,0
-295,54,0
101,-286,0
-4,312,0
189,258,0
60,296,0
-313,-17,0
-232,-220,0
-251,170,0
-189,-255,0
265,143,0
28,316,0
107,282,0
259,171,0
150,-269,0
-305,0,0
-224,-206,0
316,21,0
-249,-166,0
-297,-64,0
280,-134,0
277,151,0
98,302,0
-187,243,0
245,167,0
249,178,0
298,-74,0
213,-230,0
220,-198,0
311,-26,0
-165,247,0
-90,-305,0
-166,256,0
256,-166,0
194,-254,0
201,235,0
-272,144,0
123,270,0
28,-309,0
125,-275,0
-259,149,0
-288,-138,0
140,-271,0
155,-274,0
-36,-315,0
312,-22,0
192,226,0
256,170,0
168,243,0
-31,307,0
-220,199,0
308,6,0
-193,-229,0
-315,38,0
-13,-301,0
-270,-165,0
106,-293,0
-231,-216,0
-31,-296,0
297,-17,0
255,-177,0
-179,263,0
309,-71,0
-262,-167,0
106,280,0
-137,-269,0
296,-78,0
156,-255,0
-263,154,0
-146,-282,0
85,306,0
260,154,0
-242,-175,0
-299,-75,0
89,300,0
-281,-114,0
80,-294,0
203,-226,0
-177,-249,0
269,166,0
282,-151,0
-309,69,0
20,-315,0
202,-220,0
148,-265,0
-259,-164,0
235,200,0
308,-2,0
304,-27,0
230,207,0
298,13,0
-105,-276,0
287,75,0
208,222,0
175,239,0
275,-135,0
255,-181,0
-183,-241,0
303,54,0
-265,173,0
-302,51,0
-157,-256,0
-169,245,0
301,-96,0
-241,-200,0
145,-268,0
-91,297,0
219,202,0
286,135,0
289,92,0
125,-270,0
49,-298,0
303,-30,0
-4,303,0
-294,-55,0
-189,249,0
241,-202,0
108,294,0
19,306,0
130,-278,0
-216,-231,0
-85,-297,0
-5,-301,0
310,-57,0
-307,-81,0
-100,299,0
41,-314,0
156,-272,0
145,-275,0
-183,-259,0
-152,-279,0
-51,308,0
-308,-24,0
-36,-303,0
-246,184,0
-270,150,0
-122,-269,0
295,2,0
94,-292,0
-295,59,0
269,-153,0
-276,-121,0
-233,-211,0
197,-251,0
105,-278,0
-143,263,0
-257,158,0
-13,306,0
315,-45,0
-231,216,0
-300,52,0
287,-123,0
-145,-268,0
235,-199,0
257,171,0
-229,-205,0
148,281,0
96,286,0
-37,-312,0
295,28,0
-27,302,0
129,292,0
-37,-298,0
14,298,0
105,-278,0
-125,-280,0
-19,-315,0
-20,304,0
-240,-203,0
304,-9,0
-16,296,0
-154,274,0
265,-138,0
305,28,0
-76,-304,0
43,301,0
-299,-68,0
-281,147,0
63,308,0
-96,-291,0
-297,-22,0
304,43,0
178,-240,0
193,-230,0
-233,-201,0
299,114,0
-235,198,0
-295,-12,0
51,301,0
293,83,0
75,301,0
119,-281,0
-54,-294,0
-317,41,0
-303,80,0
-307,-4,0
-64,-310,0
-91,-290,0
129,-272,0
-69,296,0
206,214,0
268,129,0
-134,266,0
-232,-195,0
236,-190,0
88,-297,0
-29,294,0
-3,302,0
37,-309,0
90,284,0
261,184,0
-73,-311,0
-156,269,0
295,-84,0
311,-40,0
-6,-305,0
-262,-147,0
194,-248,0
197,234,0
-127,270,0
-81,-293,0
-57,291,0
176,247,0
-135,-288,0
-289,137,0
-282,-129,0
81,298,0
75,-286,0
229,222,0
-204,222,0
297,-29,0
247,-180,0
300,46,0
138,-284,0
-8,317,0
-274,-164,0
137,264,0
66,308,0
-35,301,0
-32,304,0
-224,218,0
165,-264,0
105,-298,0
-284,103,0
-176,258,0
-129,-274,0
298,-61,0
-306,76,0
109,-296,0
-239,201,0
-189,233,0
202,243,0
-109,289,0
98,-297,0
42,-312,0
-162,-259,0
-203,241,0
242,193,0
241,188,0
114,-293,0
16,-306,0
-313,-30,0
-310,-14,0
305,-2,0
-312,-41,0
-213,207,0
53,-294,0
-304,-96,0
150,275,0
34,-302,0
-271,139,0
168,-254,0
-174,250,0
308,-7,0
-193,232,0
267,-176,0
150,-271,0
314,59,0
102,-285,0
303,-57,0
144,-268,0
-200,-218,0
-230,198,0
-249,-171,0
136,271,0
168,-258,0
-67,-290,0
301,95,0
232,-194,0
95,285,0
55,-302,0
198,-229,0
-313,-5,0
-273,115,0
-287,-69,0
-293,-96,0
213,206,0
241,-187,0
301,-68,0
-58,308,0
193,-246,0
-81,286,0
-249,173,0
176,263,0
241,-201,0
300,14,0
146,257,0
311,-69,0
207,-234,0
-155,-259,0
-35,301,0
-94,295,0
300,12,0
-264,-173,0
-232,-194,0
246,-192,0
-96,304,0
223,-198,0
-102,297,0
-296,-49,0
-198,-222,0
-283,129,0
-62,312,0
-87,299,0
-277,-123,0
300,-31,0
-205,-231,0
290,-86,0
154,267,0
-284,-119,0
298,-114,0
-273,-165,0
159,260,0
308,-65,0
-189,246,0
214,219,0
250,199,0
255,177,0
80,-288,0
231,-202,0
7,-312,0
216,-235,0
-240,-173,0
-129,-286,0
-305,11,0
319,14,0
95,-304,0
-299,-24,0
-70,-295,0
22,312,0
-12,318,0
310,11,0
-73,-308,0
-306,-21,0
239,-212,0
-236,200,0
267,165,0
-277,156,0
-160,258,0
149,281,0
133,-276,0
-124,-278,0
292,-104,0
270,-143,0
307,26,0
312,-42,0
263,168,0
-209,234,0
-39,296,0
-37,299,0
2,309,0
-291,-70,0
-18,-304,0
297,-50,0
-306,-82,0
208,223,0
249,190,0
303,-95,0
288,-133,0
-288,79,0
-101,283,0
-245,179,0
-45,-316,0
304,-50,0
170,247,0
-187,-255,0
292,64,0
-118,296,0
252,184,0
-133,-283,0
-258,155,0
34,299,0
51,-302,0
-84,-285,0
133,274,0
197,-222,0
-122,-271,0
-39,-312,0
-186,-230,0
33,-307,0
-167,256,0
-228,-194,0
168,253,0
245,-191,0
-123,-279,0
-250,178,0
246,-177,0
38,308,0
308,-9,0
308,35,0
80,-297,0
-196,-235,0
-275,-108,0
