30,-28,1
42,-7,1
24,41,1
-25,-9,1
23,22,1
38,-30,1
-47,-3,1
-17,-38,1
-7,30,1
35,-14,1
-1,29,1
10,24,1
18,18,1
-15,-26,1
-3,38,1
-8,38,1
-18,-34,1
-28,-16,1
-31,0,1
-28,-2,1
0,42,1
34,12,1
-15,25,1
13,32,1
-28,31,1
-38,6,1
-14,42,1
-30,-5,1
-41,-28,1
-17,-22,1
31,7,1
-18,-18,1
43,-23,1
35,-16,1
25,-25,1
-5,44,1
22,31,1
-38,-15,1
32,29,1
-29,-33,1
-29,-17,1
23,-27,1
-22,14,1
36,23,1
15,-21,1
4,46,1
37,0,1
39,-16,1
0,28,1
-13,-22,1
26,-3,1
13,-40,1
-28,15,1
15,29,1
27,38,1
41,-5,1
-10,27,1
-19,-43,1
5,-27,1
6,-28,1
47,-1,1
-36,-34,1
-48,-3,1
31,27,1
5,-42,1
-47,-9,1
43,-1,1
48,5,1
29,-31,1
13,39,1
19,43,1
45,-16,1
-24,7,1
-49,3,1
35,23,1
-22,12,1
-32,-6,1
-11,24,1
-19,25,1
-14,-38,1
40,0,1
6,46,1
3,49,1
-6,-27,1
-11,-25,1
19,17,1
20,21,1
28,20,1
18,22,1
0,41,1
-23,15,1
28,20,1
41,25,1
25,4,1
46,-5,1
-1,-37,1
8,34,1
-27,42,1
-2,-37,1
-45,-1,1
-48,-12,1
8,32,1
26,-2,1
-40,3,1
34,32,1
-25,31,1
26,22,1
38,18,1
-8,-34,1
-43,-25,1
-37,-21,1
26,-15,1
-9,-29,1
-12,22,1
44,-4,1
-27,-32,1
-35,23,1
-26,-11,1
-37,-31,1
-24,-8,1
27,4,1
-30,26,1
-39,4,1
17,-34,1
6,-49,1
36,-26,1
-50,0,1
-17,-39,1
17,-47,1
36,19,1
26,2,1
-40,-16,1
-48,-11,1
-3,35,1
20,38,1
-25,-4,1
-22,-40,1
32,8,1
-22,14,1
-37,31,1
-23,12,1
17,29,1
-17,36,1
14,38,1
-29,35,1
-38,14,1
21,20,1
-48,7,1
-22,-28,1
-34,-20,1
30,-30,1
-5,31,1
49,-1,1
-36,-3,1
34,23,1
33,32,1
-41,-2,1
-32,3,1
16,24,1
25,14,1
40,17,1
36,-8,1
36,-34,1
-46,-16,1
42,-20,1
31,-36,1
-42,-11,1
5,-48,1
-11,-48,1
-29,-4,1
-19,-20,1
37,27,1
3,27,1
-36,2,1
-18,35,1
-20,27,1
38,24,1
-34,-24,1
1,-48,1
30,-32,1
7,-44,1
-47,8,1
-15,-35,1
-22,-40,1
16,30,1
-25,-14,1
-41,9,1
-6,31,1
4,-31,1
26,-42,1
-37,26,1
-3,-47,1
17,-32,1
27,8,1
-32,4,1
-28,-4,1
-32,3,1
26,-30,1
24,-31,1
39,-25,1
30,-27,1
-32,19,1
-35,16,1
-23,-36,1
27,17,1
28,34,1
-8,31,1
-32,0,1
17,27,1
-37,-15,1
-13,26,1
-7,29,1
-42,-9,1
-23,-39,1
11,47,1
3,38,1
-6,32,1
-34,0,1
42,-1,1
35,-2,1
12,-33,1
-38,0,1
-14,-28,1
31,-36,1
41,7,1
40,-22,1
12,40,1
-43,8,1
-40,-5,1
-15,34,1
-23,38,1
6,44,1
-29,35,1
-10,40,1
11,-35,1
-19,43,1
23,34,1
-27,21,1
37,-28,1
21,15,1
16,-32,1
14,-36,1
-19,-18,1
48,0,1
20,-26,1
48,-14,1
-25,43,1
5,-43,1
-10,37,1
34,-8,1
-25,-43,1
-40,-27,1
40,-6,1
-19,-41,1
-25,-31,1
22,15,1
35,14,1
23,12,1
11,-25,1
46,8,1
41,27,1
-12,-31,1
16,-42,1
-23,44,1
7,25,1
-41,-8,1
-5,-41,1
1,-42,1
-41,7,1
35,-25,1
-47,13,1
-27,-35,1
3,48,1
8,31,1
12,-27,1
32,38,1
-42,-25,1
-2,36,1
42,27,1
37,16,1
33,32,1
-12,28,1
14,43,1
28,2,1
-2,-26,1
32,17,1
19,-21,1
-35,9,1
23,23,1
29,-19,1
7,-28,1
-26,35,1
-19,-25,1
-39,22,1
18,23,1
-20,15,1
7,-32,1
31,36,1
-30,28,1
-21,20,1
-30,-32,1
5,39,1
-10,-28,1
34,16,1
-45,-16,1
-35,-5,1
43,6,1
-24,39,1
33,-3,1
-11,-24,1
19,-35,1
-43,16,1
46,-11,1
-29,-17,1
23,40,1
1,-48,1
-16,38,1
16,-28,1
-38,12,1
-15,47,1
-45,-3,1
12,-35,1
-22,17,1
-7,-28,1
-47,-3,1
-29,32,1
29,-22,1
23,21,1
8,-34,1
-30,-32,1
43,-13,1
28,-14,1
6,-46,1
16,-36,1
35,34,1
0,-41,1
27,35,1
42,-8,1
22,21,1
-25,-37,1
35,-11,1
30,-24,1
-26,-19,1
38,-28,1
0,-38,1
33,33,1
-23,19,1
13,22,1
36,12,1
-16,-41,1
-39,-12,1
-20,-17,1
-43,15,1
27,33,1
8,42,1
-44,-2,1
41,-24,1
11,38,1
-11,39,1
-6,43,1
18,33,1
-37,-29,1
-31,-18,1
5,-43,1
-8,-39,1
-25,10,1
44,7,1
18,39,1
-14,44,1
-29,-31,1
31,15,1
0,35,1
39,29,1
-36,14,1
46,-5,1
-29,-28,1
-20,-39,1
34,-18,1
-36,-24,1
7,24,1
-31,31,1
9,26,1
32,10,1
29,-14,1
-10,37,1
-42,-3,1
-27,24,1
-8,-42,1
-21,23,1
13,22,1
-16,28,1
-17,-43,1
-24,39,1
-40,13,1
10,-38,1
25,9,1
-44,-3,1
-20,-36,1
15,34,1
-25,-23,1
16,-23,1
49,-3,1
-30,0,1
23,27,1
33,-7,1
1,36,1
-4,37,1
43,-12,1
39,4,1
-22,-19,1
-36,32,1
29,32,1
-17,-26,1
17,36,1
-4,25,1
39,-18,1
39,-11,1
-10,-36,1
-36,-3,1
-17,27,1
15,-28,1
-23,40,1
-40,-3,1
37,-18,1
-24,-10,1
17,-26,1
-2,43,1
-29,-22,1
-23,-35,1
-7,-38,1
-29,11,1
-29,1,1
31,-16,1
-26,-3,1
-46,-14,1
33,-15,1
-16,35,1
-19,-44,1
-36,6,1
-36,-13,1
-17,-33,1
24,-21,1
-8,-24,1
-6,43,1
32,-35,1
38,-24,1
-38,-1,1
-43,-5,1
-30,34,1
33,11,1
15,33,1
20,33,1
-13,-22,1
32,-5,1
-33,-35,1
45,2,1
-39,5,1
-3,35,1
-39,-5,1
48,4,1
-3,46,1
-11,-30,1
11,-47,1
-19,-41,1
-23,-26,1
42,17,1
39,1,1
-29,26,1
-21,43,1
-25,0,1
48,12,1
-32,22,1
12,25,1
-10,33,1
16,35,1
47,-10,1
-27,-2,1
-31,-20,1
-13,40,1
36,14,1
15,-33,1
27,18,1
44,-17,1
-39,-14,1
-32,27,1
16,-42,1
3,45,1
34,-27,1
-26,2,1
47,8,1
-26,41,1
-30,-39,1
8,45,1
-34,-17,1
5,-45,1
18,26,1
41,26,1
-38,-7,1
18,-27,1
29,15,1
-82,-36,0
10,-89,0
-12,-102,0
-30,96,0
88,34,0
-23,-104,0
75,53,0
39,81,0
102,16,0
-4,99,0
-98,38,0
100,42,0
-19,-85,0
-63,-78,0
53,80,0
96,41,0
-103,-27,0
-37,89,0
-76,-61,0
-95,8,0
50,73,0
107,4,0
88,-44,0
66,-84,0
30,93,0
-62,81,0
-84,-26,0
-53,79,0
81,-50,0
82,-29,0
-31,104,0
76,-60,0
-48,88,0
-97,-32,0
24,-91,0
-26,88,0
68,61,0
-85,1,0
-45,93,0
-18,85,0
9,100,0
-73,73,0
-40,86,0
90,-57,0
1,-102,0
-45,78,0
29,-90,0
66,77,0
-29,-103,0
-90,-16,0
-57,64,0
101,-27,0
39,-81,0
103,29,0
-34,102,0
-58,67,0
-5,106,0
85,59,0
-73,-48,0
-20,-103,0
-94,45,0
-61,78,0
1,-100,0
-109,-2,0
89,38,0
98,-16,0
-107,-8,0
-71,-66,0
-66,80,0
24,107,0
-56,-85,0
27,102,0
-58,-74,0
1,-91,0
46,78,0
97,15,0
78,47,0
25,-107,0
-92,-49,0
0,86,0
92,-57,0
98,-48,0
-107,-12,0
-19,95,0
-107,-6,0
-65,68,0
-55,68,0
-70,-58,0
97,-35,0
11,104,0
87,32,0
20,108,0
47,-71,0
18,-84,0
83,-49,0
-31,95,0
60,63,0
79,44,0
95,-13,0
80,-53,0
-69,-78,0
-57,88,0
99,-30,0
-107,-8,0
-83,-51,0
-91,33,0
-21,-92,0
96,-18,0
84,50,0
91,61,0
82,44,0
92,-6,0
-91,-54,0
76,58,0
-94,-13,0
22,-93,0
-69,82,0
80,54,0
36,102,0
56,72,0
-96,-5,0
-57,77,0
-105,-26,0
27,94,0
81,63,0
76,56,0
77,49,0
4,94,0
-52,94,0
-90,26,0
-36,-82,0
-23,-82,0
-36,100,0
82,-32,0
-107,-4,0
-79,-76,0
-81,-53,0
41,-84,0
6,98,0
-94,-4,0
63,-80,0
88,-53,0
-102,-35,0
-52,91,0
27,104,0
-108,5,0
-89,-41,0
-83,-50,0
-17,91,0
-1,99,0
-104,-26,0
79,-60,0
92,-41,0
-85,25,0
5,-93,0
46,98,0
17,-104,0
46,-78,0
84,67,0
100,-4,0
-70,63,0
31,-90,0
-77,38,0
22,107,0
-7,103,0
-2,-106,0
25,96,0
88,30,0
89,-24,0
-55,93,0
46,-77,0
33,-97,0
34,-79,0
-2,-102,0
-1,-97,0
-8,87,0
-107,1,0
-25,-94,0
-92,-1,0
-49,-72,0
76,-51,0
33,92,0
-31,-85,0
90,-41,0
57,-76,0
91,-21,0
-32,-102,0
69,74,0
17,-102,0
-104,28,0
102,24,0
-37,-96,0
22,-107,0
52,-88,0
-33,-98,0
-41,80,0
-36,-87,0
67,84,0
77,-62,0
42,82,0
95,-32,0
83,-23,0
60,-72,0
-27,94,0
-13,-105,0
-40,-100,0
-64,-87,0
-42,-101,0
26,-105,0
-18,90,0
100,14,0
-91,5,0
-74,66,0
-92,-55,0
98,48,0
-109,-1,0
-94,54,0
19,92,0
-31,-102,0
30,-91,0
-109,-5,0
41,93,0
92,30,0
77,-74,0
-80,-64,0
46,94,0
50,-76,0
-53,76,0
70,-69,0
-96,3,0
90,10,0
-9,-87,0
-95,-10,0
4,-102,0
-16,-93,0
7,-98,0
96,49,0
72,54,0
-41,-86,0
19,98,0
85,35,0
70,-68,0
8,-104,0
76,-61,0
-92,-30,0
-94,40,0
-54,87,0
97,-24,0
95,-30,0
93,-28,0
-91,-36,0
-41,91,0
-54,-90,0
89,19,0
63,-67,0
58,78,0
37,-89,0
-82,-59,0
104,-13,0
29,96,0
98,18,0
-93,-55,0
108,10,0
-85,18,0
-50,93,0
-45,87,0
96,-27,0
30,103,0
75,-77,0
54,-75,0
-66,-65,0
-80,50,0
46,88,0
91,-13,0
-84,-41,0
95,-27,0
86,-19,0
-60,-90,0
42,78,0
30,-104,0
90,-17,0
-23,-100,0
-101,33,0
107,-9,0
-35,87,0
46,-83,0
51,-73,0
-62,-83,0
47,82,0
-96,53,0
-43,86,0
-100,-15,0
-100,2,0
-97,-19,0
-34,89,0
-94,-7,0
-49,-74,0
-99,-46,0
-81,60,0
100,-4,0
-98,-46,0
-106,16,0
-28,-102,0
89,41,0
4,-85,0
76,65,0
-11,86,0
-72,-65,0
80,-42,0
91,-58,0
77,49,0
40,100,0
47,-80,0
-56,-68,0
56,-94,0
-8,106,0
51,69,0
-93,-20,0
88,53,0
80,-73,0
26,96,0
-63,-90,0
-103,-9,0
-74,64,0
52,80,0
-80,-41,0
-56,-78,0
38,88,0
109,1,0
-106,20,0
-91,3,0
86,-37,0
-68,-58,0
15,-85,0
76,58,0
96,-24,0
-39,84,0
-15,-98,0
63,87,0
-79,-51,0
73,-49,0
-17,84,0
-60,63,0
-53,81,0
13,-85,0
83,-22,0
73,52,0
27,85,0
-4,105,0
-101,12,0
97,-35,0
-76,39,0
-4,108,0
95,-12,0
31,-97,0
72,52,0
42,-89,0
89,-36,0
85,-24,0
-22,99,0
-95,-30,0
106,-6,0
-100,-1,0
78,72,0
-45,-100,0
-94,36,0
-84,30,0
45,-78,0
87,24,0
47,71,0
24,-85,0
-95,-26,0
-13,-101,0
65,-62,0
87,-33,0
46,92,0
-15,-106,0
-51,-93,0
11,-98,0
101,42,0
96,27,0
85,-23,0
-29,-90,0
88,-6,0
-82,41,0
-90,-44,0
84,39,0
102,-29,0
85,-9,0
27,-85,0
87,49,0
-41,92,0
95,41,0
61,-78,0
101,11,0
84,-22,0
-19,-87,0
-69,-70,0
-101,-15,0
-17,97,0
-22,92,0
73,-74,0
105,-9,0
-30,-93,0
58,69,0
-91,38,0
92,51,0
-13,-97,0
-77,-71,0
-76,55,0
80,-35,0
-92,26,0
-22,98,0
-53,-74,0
41,96,0
-68,-75,0
-77,-39,0
-12,-95,0
-85,-24,0
93,56,0
21,98,0
-96,-50,0
58,-80,0
-83,39,0
103,29,0
-89,60,0
-55,-76,0
73,-78,0
-95,17,0
69,59,0
-85,54,0
38,80,0
42,-85,0
-59,-82,0
63,69,0
92,-1,0
103,-17,0
87,48,0
68,-82,0
-51,83,0
-41,-98,0
-78,56,0
-83,-46,0
64,65,0
18,86,0
62,84,0
-105,13,0
-94,-28,0
-34,-91,0
81,-32,0
11,-86,0
105,-3,0
-40,-96,0
-21,-97,0
46,83,0
47,-87,0
-6,91,0
-88,-45,0
-63,73,0
60,-78,0
-25,95,0
84,-16,0
-66,65,0
-107,-8,0
87,-56,0
-85,5,0
-56,-89,0
-39,87,0
-17,99,0
86,31,0
-104,-27,0
96,-10,0
-60,89,0
57,-79,0
6,85,0
-100,-14,0
3,-102,0
-23,-98,0
-47,-78,0
-4,-86,0
-90,-57,0
-47,-92,0
24,-98,0
11,-97,0
85,-4,0
106,-18,0
105,22,0
94,42,0
81,-64,0
-41,-79,0
101,6,0
6,-95,0
-53,75,0
-50,97,0
61,82,0
93,-9,0
82,-65,0
-16,-89,0
94,-56,0
-40,80,0
