8,-45,1
-26,0,1
-27,-9,1
13,-39,1
2,37,1
-19,-20,1
2,-26,1
-28,-15,1
-28,-31,1
41,-5,1
-14,28,1
23,-40,1
-48,1,1
-26,-39,1
16,32,1
-10,-48,1
16,22,1
40,-14,1
-30,26,1
-38,27,1
41,10,1
28,7,1
27,39,1
34,-35,1
25,-29,1
27,40,1
-45,-19,1
-9,47,1
-15,40,1
19,41,1
12,44,1
-45,4,1
37,4,1
34,8,1
11,-48,1
-19,-29,1
35,4,1
43,22,1
21,-18,1
-37,-25,1
21,-20,1
5,-31,1
37,-24,1
-10,-39,1
-14,-39,1
-1,30,1
8,31,1
-43,-9,1
33,1,1
21,26,1
46,-1,1
-34,-25,1
-38,-21,1
29,9,1
-25,42,1
-14,23,1
-41,10,1
-36,1,1
-9,34,1
-29,-29,1
7,25,1
-42,18,1
-22,-32,1
-9,43,1
28,-41,1
-20,37,1
-33,-19,1
9,-25,1
5,-36,1
16,-20,1
-34,-36,1
-45,15,1
4,44,1
-2,-42,1
-42,26,1
-20,-35,1
20,-22,1
14,23,1
-30,26,1
35,33,1
10,-41,1
-32,26,1
31,9,1
21,-28,1
19,28,1
38,-9,1
-33,-30,1
31,-3,1
16,39,1
33,-24,1
-36,25,1
-45,-2,1
-43,-7,1
2,30,1
47,-16,1
39,0,1
-5,32,1
-32,37,1
26,-40,1
-41,21,1
-15,-28,1
2,-44,1
13,-44,1
-4,47,1
44,18,1
34,-10,1
-28,-18,1
-6,40,1
-26,-42,1
24,-12,1
-31,25,1
-7,-41,1
-7,24,1
-30,28,1
19,33,1
-34,33,1
-2,27,1
-3,-31,1
6,-49,1
36,-3,1
5,-30,1
-11,-36,1
-20,-17,1
-39,3,1
30,-14,1
-13,-36,1
4,-36,1
-21,-41,1
41,2,1
-9,33,1
-2,-39,1
-27,-4,1
-40,1,1
-36,19,1
40,-6,1
8,42,1
-33,33,1
-5,-30,1
19,-33,1
14,41,1
-19,-38,1
-40,12,1
-18,42,1
5,49,1
-23,-10,1
31,-18,1
8,45,1
38,-11,1
10,-39,1
22,39,1
20,27,1
29,5,1
42,-16,1
28,-5,1
-15,25,1
-31,28,1
0,48,1
27,3,1
-10,26,1
9,-35,1
-22,-42,1
42,17,1
-24,-31,1
25,-19,1
-11,-38,1
0,50,1
-30,-22,1
22,-31,1
-34,-27,1
-49,5,1
38,4,1
-41,20,1
7,43,1
35,24,1
-23,-19,1
20,28,1
10,-34,1
43,-7,1
-3,44,1
48,-3,1
-44,11,1
-33,5,1
40,-27,1
-25,15,1
44,-9,1
24,-28,1
44,1,1
-34,-9,1
-3,38,1
-28,32,1
31,-17,1
33,27,1
43,5,1
19,46,1
-11,-23,1
15,26,1
-26,-15,1
-21,40,1
-21,21,1
10,37,1
-15,23,1
26,35,1
-15,-30,1
-37,-25,1
42,-13,1
7,-37,1
4,-36,1
-17,-22,1
-37,-31,1
-31,20,1
41,9,1
-24,-21,1
37,-12,1
39,-7,1
4,-34,1
-42,10,1
12,-25,1
28,34,1
21,-20,1
18,38,1
-46,3,1
32,10,1
16,41,1
-48,-9,1
-30,21,1
38,30,1
28,20,1
38,15,1
25,23,1
3,-42,1
-24,23,1
-34,-23,1
38,0,1
3,47,1
-6,-48,1
-20,-22,1
23,-15,1
23,12,1
-36,-4,1
49,3,1
7,46,1
1,-41,1
-10,24,1
-13,38,1
29,19,1
-32,10,1
-10,-43,1
4,27,1
-32,-32,1
33,13,1
39,24,1
5,-41,1
7,-41,1
11,-31,1
-25,-38,1
-44,-18,1
-18,-41,1
-22,41,1
-41,6,1
27,10,1
44,23,1
-41,-10,1
-43,-24,1
-33,-6,1
37,1,1
36,-14,1
-32,11,1
4,37,1
-17,-21,1
-10,45,1
34,5,1
-40,-18,1
-43,22,1
29,2,1
-5,-46,1
25,16,1
-14,48,1
-38,-29,1
1,-27,1
-13,-42,1
-20,-32,1
-12,28,1
46,19,1
35,26,1
-27,41,1
-9,-41,1
46,19,1
2,-42,1
-35,28,1
-12,41,1
19,-29,1
35,24,1
-7,-46,1
31,-15,1
-45,16,1
13,45,1
49,-6,1
29,39,1
-46,7,1
24,-19,1
-8,-32,1
25,-12,1
-27,-23,1
13,-33,1
-24,-15,1
32,-23,1
48,-13,1
-30,15,1
-36,17,1
-7,45,1
8,-42,1
-26,13,1
33,-4,1
-27,0,1
-13,36,1
17,-46,1
-34,-9,1
-18,-29,1
-29,8,1
-48,7,1
16,-36,1
-30,-21,1
6,-45,1
42,-5,1
34,-34,1
23,-15,1
-24,-11,1
-34,-1,1
36,-32,1
-20,17,1
29,8,1
-29,1,1
-16,-20,1
38,31,1
19,-24,1
-31,32,1
42,24,1
-1,44,1
11,-38,1
-14,45,1
-29,17,1
33,-32,1
16,28,1
-22,-34,1
6,-33,1
43,-23,1
-18,-20,1
24,-13,1
-32,8,1
25,26,1
-5,-48,1
39,-14,1
24,27,1
-3,25,1
-34,-3,1
26,-27,1
-38,-22,1
3,45,1
12,25,1
-43,-21,1
0,40,1
23,-16,1
-16,-22,1
-31,-38,1
19,-25,1
5,39,1
-43,-22,1
28,35,1
41,-27,1
-26,1,1
-20,38,1
-25,22,1
26,5,1
41,26,1
-39,15,1
41,12,1
-19,28,1
31,-33,1
35,-21,1
19,-20,1
47,3,1
26,26,1
-17,-31,1
6,38,1
27,-15,1
34,-30,1
19,36,1
34,-26,1
-24,-41,1
6,-34,1
41,0,1
-41,19,1
-5,43,1
-38,-30,1
-31,15,1
1,43,1
-1,-37,1
13,-35,1
-11,47,1
-31,-37,1
35,33,1
-39,14,1
37,-2,1
15,47,1
-32,-10,1
-36,-22,1
-28,-40,1
-14,32,1
2,-25,1
39,31,1
-8,33,1
-14,-48,1
-6,-43,1
36,34,1
-26,-33,1
17,47,1
9,-41,1
-46,-16,1
39,18,1
-26,-19,1
24,17,1
35,-17,1
-24,16,1
34,-9,1
-1,46,1
7,-30,1
-15,36,1
-48,-13,1
22,43,1
29,-28,1
31,-19,1
-29,28,1
6,41,1
30,36,1
-7,30,1
-12,23,1
11,44,1
-16,43,1
11,38,1
35,20,1
-4,-39,1
-16,39,1
-5,-37,1
-14,31,1
-29,-17,1
41,20,1
46,-6,1
-24,-33,1
-22,-13,1
22,-35,1
-34,11,1
-21,31,1
22,-29,1
-27,-29,1
40,20,1
-36,23,1
23,23,1
45,7,1
47,1,1
0,36,1
45,-11,1
-48,13,1
38,-9,1
40,-13,1
-37,13,1
21,14,1
-27,35,1
44,3,1
27,27,1
-10,-36,1
-30,-40,1
-18,-19,1
-28,17,1
47,-2,1
-4,-38,1
23,29,1
31,-35,1
27,3,1
41,-23,1
22,13,1
-31,-3,1
30,11,1
38,20,1
27,14,1
-27,25,1
-24,31,1
-4,44,1
31,-26,1
-34,-22,1
-2,-35,1
-42,23,1
9,24,1
35,16,1
-26,10,1
-29,-2,1
-6,37,1
-13,22,1
-11,31,1
2,-47,1
-8,-37,1
82,-58,0
-43,93,0
-56,-71,0
99,-40,0
65,77,0
-53,80,0
-106,4,0
97,18,0
14,106,0
-66,75,0
-47,95,0
-57,-77,0
-91,-27,0
71,47,0
77,-58,0
-26,82,0
-86,27,0
0,-106,0
-56,-67,0
-90,3,0
27,99,0
41,-102,0
-101,-33,0
37,102,0
-51,96,0
35,-100,0
48,-79,0
-84,21,0
-39,-83,0
51,-97,0
79,45,0
0,87,0
82,51,0
-95,17,0
-43,94,0
-105,25,0
98,24,0
-89,-20,0
-102,3,0
56,82,0
-3,92,0
52,-82,0
-67,86,0
92,-5,0
91,55,0
31,-104,0
48,-76,0
87,-53,0
-84,-40,0
-80,38,0
79,49,0
-39,90,0
-96,-1,0
-12,-107,0
8,-87,0
-88,-66,0
-77,-63,0
-46,80,0
61,-79,0
32,89,0
4,93,0
16,92,0
-9,-109,0
47,-93,0
-56,-92,0
-83,-45,0
-27,-92,0
-71,-58,0
40,81,0
-100,32,0
0,-103,0
-97,16,0
74,-70,0
-39,-81,0
-46,-87,0
-78,46,0
-82,52,0
-47,83,0
106,13,0
-86,-54,0
64,-63,0
-51,68,0
102,30,0
-52,81,0
56,68,0
-55,88,0
40,98,0
-101,9,0
96,-51,0
27,96,0
-79,36,0
-85,-3,0
-52,83,0
-99,-34,0
-96,19,0
-13,-90,0
96,41,0
-62,63,0
76,69,0
35,98,0
-89,30,0
-88,-43,0
-107,-2,0
27,-93,0
90,-2,0
34,80,0
-45,96,0
-95,50,0
-96,-14,0
-52,-88,0
-15,101,0
44,-93,0
-49,-90,0
105,-2,0
83,20,0
90,-63,0
-50,82,0
89,-57,0
80,56,0
27,100,0
-81,51,0
-78,34,0
24,94,0
-45,96,0
98,17,0
-57,77,0
7,86,0
15,-86,0
-98,23,0
-82,-70,0
95,9,0
-82,53,0
-59,82,0
85,32,0
-44,95,0
3,99,0
-90,46,0
-61,-83,0
96,48,0
83,43,0
102,6,0
83,20,0
-70,72,0
47,-92,0
59,-82,0
-10,-92,0
-6,-95,0
39,-78,0
-71,77,0
41,-90,0
-76,54,0
56,94,0
47,-97,0
26,98,0
23,-93,0
-90,-9,0
-30,-84,0
41,93,0
93,22,0
97,-24,0
57,-80,0
74,-57,0
-63,-89,0
-56,87,0
7,-86,0
-37,-83,0
31,91,0
-96,10,0
-19,-87,0
15,-84,0
-89,-43,0
-2,-108,0
22,107,0
-17,-89,0
14,103,0
74,76,0
-36,84,0
102,1,0
40,-87,0
-22,-85,0
69,78,0
56,86,0
-89,-6,0
-10,89,0
-22,100,0
-26,-83,0
32,94,0
65,60,0
-31,-104,0
45,91,0
91,-12,0
-64,-70,0
-92,19,0
24,-101,0
-42,81,0
-101,23,0
58,-75,0
98,21,0
-34,90,0
-91,-11,0
-95,4,0
-13,94,0
-22,99,0
-34,80,0
-91,35,0
-48,92,0
-1,108,0
-95,-7,0
44,-83,0
43,95,0
-75,75,0
-22,96,0
-46,-77,0
82,24,0
-48,-91,0
-100,-9,0
-93,41,0
54,83,0
-86,-8,0
-18,-103,0
90,22,0
89,45,0
82,53,0
-91,-35,0
-36,-79,0
29,-84,0
86,-3,0
43,-85,0
-102,38,0
-50,81,0
29,99,0
63,-85,0
92,56,0
-62,59,0
-82,72,0
-57,-87,0
-73,76,0
-61,-78,0
71,53,0
66,-67,0
93,2,0
74,-65,0
87,9,0
46,-88,0
86,37,0
59,-62,0
94,38,0
94,-32,0
81,27,0
-43,-82,0
85,-32,0
-6,-105,0
-19,-94,0
69,-83,0
80,-32,0
-39,78,0
7,-98,0
-17,-104,0
-77,63,0
50,92,0
-98,-38,0
-60,70,0
76,-63,0
76,-54,0
52,68,0
-58,74,0
-89,-30,0
-26,-97,0
81,47,0
88,54,0
-16,-93,0
-90,8,0
105,-3,0
73,60,0
107,25,0
80,-46,0
-92,17,0
-99,-43,0
-51,94,0
-88,-7,0
10,-100,0
91,37,0
-2,107,0
-54,79,0
-79,44,0
37,-101,0
-61,77,0
105,24,0
49,87,0
-62,89,0
60,64,0
-24,87,0
-24,99,0
88,37,0
-6,102,0
-36,88,0
-91,56,0
-107,-10,0
-40,75,0
-31,96,0
-58,71,0
-106,1,0
89,52,0
-83,56,0
-93,30,0
72,-48,0
-89,-3,0
-43,-83,0
89,21,0
-65,81,0
-35,-100,0
3,96,0
73,-61,0
-75,-46,0
-88,43,0
-50,88,0
-40,-82,0
92,-59,0
69,-60,0
59,-86,0
-92,-38,0
82,56,0
-39,84,0
91,-6,0
-17,90,0
77,68,0
-99,20,0
-86,-19,0
25,-102,0
71,-66,0
-89,-22,0
1,94,0
44,79,0
-29,-88,0
82,-57,0
41,-81,0
74,81,0
38,87,0
-23,-83,0
-88,-20,0
95,-45,0
62,73,0
75,56,0
48,-96,0
7,93,0
7,-95,0
-36,98,0
4,91,0
85,-36,0
39,-92,0
-66,82,0
-78,-50,0
101,17,0
97,29,0
75,-46,0
89,-43,0
-54,-81,0
-36,-80,0
-64,70,0
-87,-49,0
-29,-86,0
-38,81,0
-91,-52,0
86,30,0
-21,-85,0
-78,44,0
-2,109,0
93,31,0
76,-45,0
-2,-93,0
-93,41,0
66,80,0
-30,-86,0
75,-57,0
49,-79,0
-4,90,0
-104,13,0
35,91,0
-98,1,0
21,-95,0
-96,34,0
75,55,0
16,92,0
92,-49,0
55,-68,0
84,32,0
-50,-75,0
40,94,0
5,-94,0
102,-26,0
-85,65,0
98,-5,0
-41,88,0
90,-56,0
32,88,0
-13,-91,0
-96,7,0
30,-100,0
-33,-98,0
-31,-84,0
-21,92,0
59,-62,0
70,76,0
-37,-93,0
-26,-98,0
-84,62,0
83,32,0
90,-38,0
86,40,0
86,-9,0
27,-104,0
36,-97,0
-77,52,0
90,14,0
-65,-82,0
68,76,0
32,-81,0
-85,-41,0
-44,-96,0
44,83,0
91,-57,0
-33,-79,0
-96,29,0
-46,74,0
73,73,0
-93,43,0
61,-61,0
62,87,0
5,-90,0
79,67,0
-87,33,0
84,48,0
61,68,0
64,80,0
-75,-73,0
90,-39,0
51,-85,0
-106,-10,0
76,71,0
32,-105,0
-94,46,0
92,52,0
4,90,0
-84,60,0
-98,-42,0
-50,-87,0
-92,-42,0
-36,101,0
-105,-11,0
93,40,0
27,-83,0
-98,8,0
-84,-27,0
-50,73,0
-80,52,0
-29,102,0
14,108,0
-98,11,0
-105,-16,0
-22,-97,0
54,-78,0
-16,-84,0
-104,-30,0
81,63,0
-88,-3,0
-103,34,0
63,-71,0
-70,81,0
-84,-18,0
50,97,0
-15,-93,0
67,-77,0
-23,-98,0
-13,-107,0
103,-9,0
51,-79,0
-75,70,0
-73,81,0
8,97,0
27,102,0
-67,-85,0
-90,57,0
104,-18,0
0,86,0
-70,66,0
47,-91,0
98,-30,0
-19,-106,0
-87,59,0
-68,-76,0
-76,40,0
-16,91,0
91,-58,0
85,-57,0
-89,61,0
79,51,0
-90,-32,0
-97,-25,0
-51,88,0
105,18,0
