36,5,1
-25,8,1
-2,-49,1
-22,-23,1
-18,27,1
36,16,1
-25,-7,1
10,35,1
36,-33,1
-34,13,1
-48,4,1
-13,26,1
-34,-2,1
-2,-43,1
-6,-39,1
-44,16,1
10,-48,1
-7,-27,1
35,3,1
0,30,1
13,-28,1
-44,23,1
-38,-30,1
45,4,1
-44,7,1
18,-40,1
-32,-26,1
-5,-39,1
30,-16,1
-3,29,1
27,11,1
-33,31,1
-19,-32,1
-40,-8,1
-32,8,1
2,-45,1
2,39,1
23,-42,1
28,30,1
41,14,1
-35,10,1
-26,41,1
38,21,1
-9,26,1
-27,18,1
-4,-34,1
13,-33,1
15,37,1
26,-21,1
-18,-26,1
40,-27,1
-35,-27,1
38,-20,1
25,13,1
41,-3,1
-23,-30,1
-24,8,1
24,17,1
-28,15,1
-9,-29,1
41,-17,1
-12,-25,1
45,-1,1
-29,5,1
-32,4,1
35,16,1
-1,-33,1
-16,-33,1
-32,-2,1
2,44,1
40,-4,1
-3,36,1
40,-12,1
-4,45,1
15,29,1
-2,-31,1
-21,-27,1
-39,6,1
31,14,1
24,40,1
-34,-17,1
25,41,1
-2,27,1
19,19,1
-46,-8,1
40,-7,1
-40,-25,1
-3,33,1
-31,-10,1
42,-15,1
-15,-23,1
-24,30,1
4,47,1
1,-42,1
32,-20,1
-13,42,1
25,26,1
-24,-32,1
29,28,1
-3,31,1
-40,-4,1
-24,29,1
18,-33,1
10,41,1
25,-23,1
-32,4,1
34,23,1
-36,-27,1
28,-37,1
8,24,1
-43,-7,1
35,-33,1
39,26,1
-7,46,1
21,-38,1
-20,19,1
22,33,1
-14,-41,1
5,40,1
-16,-47,1
25,-3,1
27,-26,1
29,19,1
19,-30,1
20,-16,1
35,19,1
-13,35,1
27,40,1
-37,-9,1
17,-40,1
14,-33,1
37,-4,1
-26,38,1
39,24,1
-11,39,1
17,45,1
-36,-6,1
5,-45,1
28,-12,1
39,4,1
22,-19,1
-34,30,1
42,19,1
-40,4,1
11,30,1
30,-13,1
42,22,1
6,-45,1
-47,-17,1
27,39,1
24,33,1
-35,35,1
-40,0,1
-14,36,1
-32,-27,1
-26,27,1
-6,-39,1
41,-24,1
-21,-36,1
12,-26,1
13,39,1
37,-31,1
27,3,1
6,34,1
-15,-37,1
-17,-21,1
-18,-39,1
-21,-31,1
18,38,1
28,8,1
-27,42,1
18,44,1
-29,-3,1
-36,-29,1
-43,10,1
-37,26,1
40,-5,1
-2,-32,1
10,41,1
-46,-17,1
-22,-21,1
24,-25,1
38,30,1
14,-41,1
24,-36,1
19,20,1
24,-31,1
-41,-27,1
-17,40,1
33,8,1
-13,46,1
-36,26,1
25,9,1
-38,-20,1
36,-32,1
-12,47,1
-26,-15,1
-21,-15,1
-12,-34,1
-1,47,1
18,42,1
-47,2,1
-19,-42,1
-36,-6,1
-7,41,1
-7,37,1
-26,-20,1
-5,40,1
9,25,1
47,-2,1
32,-2,1
-28,1,1
28,-7,1
16,-29,1
-49,3,1
44,7,1
5,37,1
18,-45,1
20,-41,1
-38,-24,1
12,26,1
26,-5,1
1,43,1
25,-3,1
-3,38,1
-2,-28,1
-3,-28,1
-20,40,1
17,29,1
23,-16,1
42,15,1
9,25,1
1,25,1
-8,-38,1
1,26,1
43,8,1
44,-14,1
6,-27,1
-26,20,1
-23,42,1
-33,14,1
-27,42,1
28,24,1
-40,30,1
-13,30,1
-29,-37,1
1,47,1
-6,36,1
20,-16,1
-20,38,1
13,42,1
19,-42,1
27,-20,1
0,26,1
-43,8,1
18,39,1
36,-24,1
25,-21,1
23,29,1
-21,-24,1
26,38,1
23,24,1
-8,27,1
-26,-2,1
32,-7,1
-2,-46,1
-11,-37,1
-13,40,1
18,-44,1
10,48,1
30,-1,1
29,-9,1
33,0,1
-15,25,1
-4,39,1
-2,40,1
-27,25,1
-25,-29,1
14,-39,1
17,28,1
33,22,1
-16,-47,1
-30,1,1
-18,46,1
32,11,1
-41,-1,1
2,32,1
-24,31,1
15,40,1
-11,33,1
31,-24,1
-18,-43,1
28,-21,1
3,41,1
36,16,1
8,-39,1
-45,-18,1
-26,-17,1
-27,-22,1
-19,-41,1
-24,-25,1
-45,-8,1
-29,30,1
-37,25,1
42,15,1
-5,-34,1
18,24,1
15,-37,1
21,-20,1
6,26,1
-6,-33,1
-1,-30,1
-26,-30,1
-32,4,1
-6,37,1
30,28,1
-49,-4,1
-45,-18,1
-29,-37,1
36,7,1
24,27,1
-6,-37,1
-8,-24,1
-30,-32,1
13,46,1
-25,34,1
-29,-28,1
-12,-23,1
31,32,1
4,40,1
-9,30,1
26,5,1
15,36,1
-17,-25,1
23,-34,1
-35,-26,1
31,-15,1
-22,-20,1
41,-5,1
22,-25,1
12,44,1
14,-25,1
-31,7,1
33,22,1
35,34,1
25,35,1
-25,41,1
9,44,1
-17,-44,1
-20,-26,1
-12,-33,1
48,3,1
35,-14,1
8,36,1
0,-38,1
27,40,1
44,13,1
-15,-34,1
26,-31,1
24,19,1
14,26,1
-35,9,1
-20,-18,1
42,-22,1
-36,-14,1
-3,-45,1
-32,6,1
-29,-3,1
35,-3,1
25,28,1
30,31,1
28,38,1
9,-40,1
40,17,1
-5,43,1
7,32,1
30,4,1
-8,27,1
-22,22,1
-43,17,1
3,29,1
30,-36,1
-29,-6,1
-45,-6,1
46,14,1
-9,-27,1
38,-2,1
-30,-4,1
22,33,1
34,-18,1
-47,1,1
28,22,1
-11,-39,1
38,15,1
-33,-31,1
-9,24,1
12,-32,1
-33,-33,1
-44,-11,1
1,32,1
7,-40,1
11,33,1
31,-37,1
-7,-26,1
-11,-37,1
45,-13,1
43,-21,1
-29,-33,1
12,-22,1
17,-45,1
-29,-17,1
-41,12,1
35,-24,1
-44,-16,1
25,-39,1
-33,-36,1
42,-20,1
12,39,1
44,-15,1
-34,-12,1
35,-7,1
15,21,1
-30,-19,1
-17,-25,1
-32,31,1
30,-2,1
42,14,1
18,44,1
38,-29,1
36,-1,1
-11,45,1
9,-38,1
7,-42,1
-25,35,1
-18,-40,1
8,25,1
-40,25,1
16,-32,1
3,-40,1
-15,-46,1
1,-28,1
25,-14,1
-14,39,1
7,-33,1
-9,-33,1
44,-15,1
-33,-35,1
-22,-27,1
41,21,1
30,36,1
18,19,1
42,7,1
37,31,1
40,20,1
2,41,1
-30,35,1
7,46,1
-32,-7,1
-25,27,1
-13,-24,1
-34,24,1
3,-39,1
-8,-43,1
22,18,1
-20,26,1
-31,32,1
-30,-7,1
-27,-2,1
29,22,1
40,-28,1
-40,2,1
-31,36,1
12,40,1
42,-12,1
-43,-7,1
-23,34,1
-15,41,1
17,24,1
-3,43,1
-35,33,1
33,-33,1
-30,0,1
-23,39,1
-41,10,1
1,48,1
29,1,1
-10,-24,1
4,-33,1
35,-1,1
21,-41,1
-18,43,1
-27,34,1
-31,-26,1
33,4,1
24,-11,1
10,44,1
-47,-8,1
21,-39,1
22,33,1
10,34,1
87,-48,0
81,68,0
-81,-46,0
4,103,0
-74,-43,0
-38,-98,0
84,-68,0
-104,-4,0
-97,25,0
-63,-80,0
-85,-20,0
-98,-9,0
104,-24,0
-53,89,0
74,53,0
-60,-77,0
-84,65,0
71,-50,0
-49,81,0
-103,7,0
81,70,0
-75,-53,0
81,40,0
47,-93,0
-33,97,0
87,-21,0
-45,-79,0
35,-91,0
-13,106,0
85,-18,0
-63,-81,0
-6,90,0
14,89,0
18,-92,0
-72,-68,0
53,88,0
-54,92,0
-73,69,0
-43,-94,0
86,11,0
-85,16,0
96,36,0
-88,-20,0
57,84,0
-32,91,0
31,-92,0
-23,96,0
51,97,0
40,-90,0
6,96,0
-20,105,0
85,-34,0
72,-68,0
82,53,0
-88,-50,0
-58,85,0
57,85,0
-70,-83,0
-18,-106,0
102,36,0
11,-95,0
25,-106,0
-103,5,0
-88,9,0
91,54,0
85,34,0
6,92,0
-70,55,0
20,101,0
-60,79,0
16,-97,0
96,28,0
91,-57,0
52,-72,0
39,-95,0
-36,77,0
-86,24,0
-49,-95,0
-57,90,0
-18,-98,0
32,-94,0
57,76,0
84,37,0
-96,6,0
81,54,0
5,105,0
49,-84,0
-41,96,0
84,-49,0
-18,84,0
38,-79,0
-98,48,0
-68,-60,0
52,-87,0
94,43,0
-5,95,0
-40,99,0
-82,-35,0
26,91,0
-55,-86,0
78,-70,0
-58,93,0
11,-101,0
94,39,0
-37,81,0
76,58,0
7,95,0
105,3,0
72,-76,0
-52,-93,0
97,-5,0
-108,-2,0
-33,-87,0
32,92,0
86,-17,0
91,-61,0
84,-70,0
75,-66,0
76,-44,0
-31,100,0
32,95,0
-63,-72,0
43,101,0
-98,27,0
22,-92,0
-65,60,0
61,-88,0
60,-66,0
-77,45,0
-45,90,0
-45,-99,0
68,71,0
-63,-88,0
94,54,0
-31,-96,0
-85,53,0
50,72,0
8,-100,0
-50,-96,0
-27,-89,0
33,96,0
60,80,0
81,-61,0
15,-107,0
78,-77,0
17,-90,0
-80,60,0
-82,36,0
102,-16,0
-102,29,0
-87,-15,0
93,-36,0
66,-72,0
50,-76,0
-80,48,0
33,-79,0
65,-77,0
-88,21,0
-94,-9,0
103,-34,0
3,95,0
-103,25,0
85,-4,0
-96,-3,0
86,15,0
26,-94,0
-52,-85,0
91,3,0
-76,-74,0
-35,85,0
104,28,0
27,87,0
52,89,0
56,92,0
8,95,0
-87,-31,0
-91,-14,0
-41,-76,0
85,15,0
69,58,0
56,-78,0
-24,-105,0
66,61,0
-81,-50,0
107,17,0
88,-17,0
23,100,0
30,86,0
-48,-84,0
89,3,0
93,12,0
80,-63,0
103,15,0
66,-56,0
-16,98,0
-95,-51,0
-27,-94,0
26,102,0
64,76,0
34,-82,0
-52,85,0
50,79,0
15,94,0
101,-26,0
87,-8,0
109,-5,0
-86,-63,0
-82,-34,0
-70,49,0
76,64,0
-66,-88,0
104,33,0
-18,-92,0
-77,66,0
96,1,0
52,78,0
57,-83,0
54,-81,0
80,-55,0
-86,48,0
41,99,0
-25,-107,0
27,106,0
57,74,0
70,63,0
-54,71,0
-22,84,0
17,108,0
69,67,0
-62,85,0
-84,27,0
71,77,0
16,88,0
-68,-65,0
107,-4,0
-59,-78,0
-76,43,0
-92,-7,0
-78,-64,0
94,36,0
26,96,0
10,-105,0
-40,97,0
-109,-7,0
7,-101,0
-12,109,0
30,-99,0
97,10,0
22,-95,0
-73,-48,0
-106,3,0
-61,-71,0
44,-79,0
-88,8,0
74,73,0
66,80,0
-84,37,0
-54,95,0
-24,-93,0
-104,-34,0
3,98,0
-104,11,0
106,-27,0
34,-78,0
-74,43,0
-85,65,0
100,37,0
27,-96,0
0,91,0
-29,85,0
-90,9,0
109,-3,0
87,39,0
41,98,0
16,106,0
81,-58,0
96,21,0
5,109,0
-11,-107,0
-44,86,0
-92,9,0
-65,-80,0
31,84,0
18,100,0
98,-43,0
-66,-88,0
34,90,0
-3,109,0
36,-91,0
87,-56,0
83,50,0
81,35,0
-79,-70,0
-22,102,0
-107,-21,0
94,18,0
-89,-16,0
-26,83,0
-94,-39,0
-83,-36,0
-55,-95,0
-92,31,0
-107,22,0
-71,-69,0
-32,87,0
-6,-87,0
72,-47,0
-11,95,0
-56,86,0
-95,-8,0
-26,-95,0
-85,-66,0
77,-56,0
-17,-99,0
-98,32,0
39,-88,0
-11,85,0
104,24,0
19,93,0
-101,-30,0
-69,-72,0
78,-61,0
37,-88,0
107,-10,0
-1,89,0
106,-6,0
85,4,0
7,-88,0
89,20,0
81,-27,0
-63,85,0
25,-107,0
67,-84,0
25,82,0
68,67,0
50,77,0
-75,-67,0
-50,84,0
97,5,0
67,71,0
106,3,0
-21,86,0
63,-61,0
65,64,0
-57,92,0
-42,94,0
-40,-84,0
32,98,0
-99,17,0
-79,56,0
-86,-62,0
18,-105,0
9,86,0
-69,62,0
-75,72,0
19,-95,0
85,33,0
80,68,0
74,80,0
60,81,0
84,34,0
-78,-37,0
92,-26,0
37,80,0
-67,-70,0
-90,45,0
-71,59,0
89,16,0
86,-23,0
-5,91,0
28,98,0
82,39,0
37,-103,0
74,51,0
-93,-36,0
-24,-104,0
79,32,0
92,-35,0
-85,52,0
12,97,0
-103,-34,0
53,-69,0
101,41,0
-42,99,0
-91,5,0
11,-107,0
90,-41,0
-45,-80,0
26,-83,0
89,41,0
-106,3,0
54,74,0
66,76,0
-74,-64,0
10,106,0
-82,63,0
95,46,0
-50,69,0
74,75,0
74,48,0
-103,27,0
70,-82,0
-19,100,0
-97,-26,0
50,77,0
34,-91,0
97,40,0
11,91,0
6,-88,0
-81,61,0
-100,18,0
-73,71,0
-88,-51,0
-44,-78,0
-3,-97,0
16,107,0
-89,-5,0
-36,100,0
-40,101,0
-89,-57,0
-98,41,0
-86,64,0
72,-79,0
49,83,0
3,-103,0
-47,-72,0
-7,97,0
-88,-42,0
4,-95,0
-70,-76,0
22,90,0
-84,60,0
99,-44,0
-71,-56,0
-16,85,0
-80,-57,0
-40,-87,0
-47,-71,0
39,-98,0
-89,16,0
70,78,0
62,67,0
101,-41,0
60,78,0
76,71,0
-37,81,0
-5,-101,0
-66,-72,0
90,34,0
104,-11,0
99,16,0
3,87,0
87,27,0
-47,-86,0
68,53,0
-22,-92,0
30,-82,0
101,12,0
75,67,0
-42,99,0
42,-79,0
19,107,0
42,77,0
-98,-28,0
-67,-73,0
-18,-103,0
81,-37,0
-85,-50,0
-63,80,0
40,-75,0
-34,-93,0
25,-85,0
43,101,0
64,67,0
62,65,0
-79,45,0
-91,-6,0
24,95,0
4,-101,0
-101,-23,0
7,104,0
80,60,0
78,-65,0
-48,-73,0
76,-77,0
-8,108,0
-39,-96,0
-63,79,0
-60,78,0
-83,-22,0
13,-103,0
-87,-52,0
19,-101,0
-83,66,0
-57,73,0
-87,33,0
30,97,0
-64,83,0
-104,-35,0
103,9,0
