31,6,1
16,21,1
40,-15,1
-16,31,1
9,48,1
-43,20,1
14,43,1
25,-33,1
-14,22,1
27,19,1
-24,22,1
6,31,1
28,6,1
41,17,1
-27,-41,1
-35,24,1
32,-15,1
-15,-41,1
-25,6,1
-30,21,1
-24,9,1
-7,-25,1
-43,15,1
-18,-18,1
-27,16,1
-40,7,1
32,6,1
-19,-46,1
43,-1,1
-34,-2,1
30,23,1
-16,43,1
6,42,1
-23,13,1
-14,-43,1
-30,-22,1
-30,-6,1
27,10,1
17,40,1
3,25,1
43,12,1
-36,-31,1
9,24,1
36,28,1
28,-17,1
-44,-3,1
-10,-24,1
27,22,1
-34,-6,1
37,20,1
8,-43,1
23,-29,1
-1,37,1
42,6,1
37,-9,1
-7,-36,1
-36,20,1
35,-8,1
6,-34,1
-10,-46,1
39,-5,1
-38,-24,1
-27,22,1
1,-31,1
39,0,1
29,-21,1
27,5,1
-43,15,1
-11,-38,1
-10,26,1
29,19,1
-32,29,1
-37,25,1
24,12,1
28,10,1
17,24,1
16,27,1
12,-43,1
17,38,1
27,31,1
26,-38,1
-42,15,1
-20,-19,1
-2,26,1
-41,4,1
-31,32,1
32,-4,1
-18,31,1
-25,-14,1
43,18,1
1,28,1
37,-7,1
-13,-37,1
18,-43,1
-30,13,1
10,24,1
-13,-47,1
-9,-26,1
30,11,1
12,-37,1
28,38,1
43,11,1
42,17,1
-40,1,1
9,-35,1
-19,-43,1
30,-34,1
22,37,1
7,28,1
-41,-11,1
13,-42,1
35,-16,1
42,-8,1
-34,31,1
-19,21,1
-33,-27,1
24,-38,1
-20,35,1
-39,24,1
48,1,1
30,-12,1
-4,-32,1
-40,-23,1
-40,27,1
19,31,1
27,-29,1
-2,45,1
7,43,1
25,17,1
43,0,1
-7,46,1
18,39,1
-47,6,1
35,-4,1
37,4,1
-45,-17,1
41,25,1
-31,-26,1
-17,39,1
27,-42,1
29,-30,1
-41,3,1
-37,30,1
8,46,1
-25,7,1
22,-21,1
18,-28,1
24,12,1
-26,6,1
-23,27,1
30,-32,1
45,3,1
27,36,1
29,0,1
38,13,1
16,37,1
28,-2,1
30,-28,1
27,-4,1
-15,-38,1
-19,-26,1
6,-44,1
26,0,1
-38,-5,1
-29,-12,1
24,-28,1
-46,-4,1
-19,-20,1
-11,-23,1
-30,-5,1
33,-15,1
0,-39,1
25,-10,1
-28,-4,1
20,30,1
-18,20,1
20,-17,1
-1,48,1
-23,44,1
45,-9,1
-8,-34,1
11,-26,1
19,35,1
-32,-2,1
-37,33,1
27,18,1
-47,-8,1
24,36,1
32,5,1
36,-19,1
-13,-25,1
-22,28,1
32,-1,1
27,-26,1
-34,33,1
-24,29,1
7,24,1
-24,34,1
-20,-36,1
33,-37,1
27,-8,1
34,23,1
-1,-47,1
-15,-31,1
25,43,1
-29,-3,1
34,-13,1
-20,-29,1
-40,-25,1
33,10,1
17,43,1
21,25,1
6,43,1
-4,-40,1
24,-19,1
-24,-28,1
18,28,1
42,-26,1
-26,-40,1
32,18,1
25,13,1
-23,-33,1
2,-41,1
26,-30,1
30,9,1
-31,23,1
35,-34,1
42,10,1
13,-23,1
-22,24,1
40,-6,1
29,8,1
1,32,1
17,40,1
-25,-33,1
-39,-29,1
21,22,1
35,26,1
-30,25,1
6,29,1
37,-25,1
1,35,1
26,-30,1
3,-25,1
36,-6,1
37,28,1
6,-42,1
11,44,1
-7,37,1
-5,-34,1
3,40,1
41,3,1
-38,14,1
26,33,1
-44,-4,1
36,17,1
-28,18,1
43,-18,1
-15,46,1
-43,17,1
15,-39,1
27,-15,1
-34,2,1
40,29,1
10,-47,1
-30,-14,1
-46,-8,1
-32,21,1
-15,38,1
-18,34,1
-15,33,1
-1,-30,1
49,4,1
-49,-8,1
-48,-12,1
4,-49,1
-12,-22,1
42,22,1
32,-6,1
30,-4,1
-42,-24,1
35,17,1
-27,34,1
-8,-45,1
1,-30,1
41,-25,1
29,27,1
18,-36,1
25,25,1
23,-37,1
-30,-5,1
13,-37,1
-7,-34,1
17,-33,1
-29,29,1
-25,-27,1
28,-16,1
32,-38,1
-34,-2,1
-15,-45,1
13,29,1
30,25,1
36,-7,1
-27,-30,1
-30,40,1
11,39,1
44,-10,1
37,32,1
-9,28,1
1,34,1
0,39,1
-5,25,1
26,-39,1
3,-25,1
-41,26,1
27,-12,1
-39,-18,1
22,-38,1
-24,-18,1
-39,1,1
35,-13,1
-33,-2,1
-21,-39,1
6,-28,1
20,43,1
3,28,1
-21,45,1
-23,26,1
10,-38,1
17,46,1
25,-31,1
-42,-26,1
-15,37,1
37,-28,1
-29,40,1
29,-8,1
-38,14,1
0,44,1
36,-3,1
-23,-38,1
-30,10,1
-23,-16,1
-6,46,1
44,12,1
-8,44,1
-44,-23,1
-28,-25,1
-12,-40,1
29,9,1
-41,-21,1
-9,-28,1
43,9,1
30,-20,1
-32,-6,1
26,-4,1
-39,5,1
-29,-31,1
32,4,1
11,31,1
30,-23,1
-28,-7,1
40,-26,1
11,-35,1
45,15,1
45,4,1
18,22,1
18,21,1
-4,38,1
-1,26,1
-46,13,1
-33,-10,1
-8,34,1
-36,20,1
43,18,1
-25,0,1
-35,-22,1
-23,39,1
12,-28,1
-45,-21,1
6,27,1
-42,-3,1
15,-23,1
16,-42,1
13,-43,1
-43,13,1
-27,11,1
6,47,1
14,38,1
-22,30,1
-17,45,1
-23,-15,1
-41,28,1
26,30,1
-35,10,1
-28,-24,1
-42,3,1
-37,-21,1
23,-36,1
35,25,1
-44,-7,1
44,-21,1
33,20,1
39,5,1
1,25,1
34,-36,1
-39,-20,1
29,-13,1
-30,-23,1
41,-15,1
39,-2,1
13,47,1
27,6,1
-47,-3,1
-32,-20,1
-13,28,1
-28,-13,1
-40,11,1
-17,43,1
25,30,1
10,43,1
-22,-22,1
33,32,1
32,17,1
20,-41,1
-30,24,1
-30,-31,1
34,-26,1
-40,-3,1
-19,25,1
-47,5,1
34,4,1
1,36,1
-30,-29,1
-5,44,1
38,-6,1
-14,-27,1
3,-31,1
-3,26,1
28,-29,1
31,-16,1
-40,-14,1
-37,-32,1
5,29,1
25,34,1
-42,-27,1
45,-12,1
-34,12,1
26,10,1
-16,24,1
2,41,1
-32,22,1
48,8,1
2,27,1
23,37,1
-13,-44,1
-29,-29,1
-7,48,1
5,-41,1
-26,5,1
18,23,1
30,5,1
-10,-30,1
-31,-33,1
3,-49,1
23,-37,1
48,-14,1
46,-13,1
-18,18,1
22,-40,1
19,-19,1
-21,-28,1
11,42,1
38,-4,1
-46,19,1
39,15,1
16,-25,1
40,24,1
34,7,1
29,22,1
-27,41,1
3,-34,1
-15,26,1
-40,-26,1
-12,39,1
36,-2,1
-26,25,1
42,-4,1
-16,-31,1
9,-32,1
-7,39,1
-6,-33,1
48,9,1
-42,-20,1
-9,-47,1
-14,47,1
36,24,1
-21,37,1
18,-30,1
24,22,1
26,4,1
-68,-55,0
-40,-96,0
-28,83,0
82,46,0
85,6,0
-97,-43,0
-34,-83,0
5,-98,0
67,-76,0
86,-62,0
91,-44,0
-85,48,0
-29,102,0
92,10,0
-108,-8,0
104,-3,0
-28,-93,0
86,-33,0
-2,99,0
38,91,0
-93,-54,0
-62,82,0
-95,-54,0
49,-71,0
61,-61,0
17,106,0
85,-28,0
98,-8,0
-83,-39,0
15,-94,0
97,-29,0
99,-42,0
14,-93,0
36,89,0
63,87,0
8,-93,0
62,73,0
-99,43,0
58,-89,0
-75,59,0
43,93,0
-108,-16,0
-15,107,0
-105,-1,0
-64,72,0
81,-48,0
-74,43,0
16,-95,0
90,20,0
39,-90,0
-101,-4,0
31,-94,0
88,-23,0
95,14,0
88,-37,0
90,-8,0
-106,-17,0
39,-83,0
75,80,0
-66,-87,0
-31,-90,0
-82,-28,0
84,-19,0
108,-15,0
-106,-5,0
-56,-71,0
-93,-30,0
-81,-31,0
-29,104,0
0,-92,0
-105,-5,0
-94,-44,0
13,-109,0
-66,-74,0
-65,-76,0
100,35,0
-107,-10,0
86,-29,0
-32,-99,0
38,83,0
1,-104,0
-94,-26,0
-35,80,0
-95,45,0
7,-97,0
-107,22,0
-47,87,0
63,60,0
-53,-94,0
41,-80,0
-86,-34,0
-89,60,0
-82,59,0
73,60,0
-95,-30,0
-82,50,0
75,74,0
10,86,0
-24,102,0
-60,-75,0
-95,-5,0
-57,73,0
-88,5,0
-79,-50,0
-98,1,0
77,-67,0
-16,88,0
36,-93,0
10,-85,0
-69,-82,0
-55,-82,0
-96,-7,0
68,86,0
80,-75,0
82,39,0
-53,-79,0
93,24,0
15,103,0
86,-36,0
-91,24,0
73,82,0
86,-26,0
94,4,0
66,-64,0
-103,-34,0
98,16,0
-96,5,0
-79,-46,0
-91,60,0
55,93,0
52,-94,0
14,105,0
-18,85,0
-71,-70,0
-64,-86,0
-104,35,0
45,76,0
65,81,0
90,-63,0
73,-75,0
-82,54,0
91,39,0
108,3,0
88,62,0
10,-102,0
8,100,0
43,90,0
2,-106,0
92,-54,0
35,-85,0
-93,55,0
5,103,0
-75,-62,0
-76,63,0
-17,-100,0
-93,18,0
-104,16,0
73,77,0
79,-48,0
-100,-30,0
79,-46,0
-103,14,0
3,108,0
38,-99,0
26,-93,0
108,-10,0
50,88,0
-77,-44,0
-93,58,0
-39,-97,0
-68,-63,0
-44,94,0
32,-83,0
9,-88,0
-83,69,0
71,-76,0
58,91,0
71,81,0
97,40,0
-3,109,0
-42,-99,0
-55,88,0
-47,-73,0
-11,89,0
41,92,0
-90,-47,0
-94,12,0
-67,-63,0
-45,-86,0
34,-101,0
56,-81,0
-90,-20,0
-2,91,0
-86,64,0
-88,53,0
-49,89,0
-51,85,0
-50,-89,0
-25,93,0
-90,49,0
-78,49,0
89,-5,0
73,-64,0
68,-84,0
-107,-4,0
79,-47,0
68,79,0
70,75,0
88,62,0
-3,-95,0
-60,-72,0
-63,-83,0
-91,-5,0
74,-57,0
-107,10,0
55,-75,0
-93,-16,0
17,84,0
95,-42,0
-27,-87,0
84,-70,0
64,-64,0
40,84,0
-98,-22,0
35,-89,0
-91,-27,0
12,-109,0
-86,1,0
-99,7,0
-40,-75,0
-26,-92,0
53,77,0
-42,82,0
-93,57,0
-89,-64,0
71,-71,0
-85,54,0
91,-50,0
33,-85,0
-84,63,0
88,-33,0
-79,61,0
-71,65,0
79,-37,0
88,-55,0
10,-99,0
-22,-102,0
-47,95,0
34,-100,0
-99,-19,0
-91,22,0
54,-95,0
-89,27,0
100,-6,0
-43,-97,0
-97,-15,0
96,6,0
50,90,0
-92,-11,0
87,-19,0
50,-88,0
45,-77,0
74,-45,0
-44,97,0
-45,-93,0
-91,-7,0
-15,-99,0
-93,-1,0
-105,0,0
29,87,0
-89,-45,0
-92,16,0
56,82,0
45,99,0
-105,-32,0
100,20,0
-93,20,0
37,79,0
84,20,0
12,-105,0
68,-66,0
3,98,0
-96,-37,0
-10,-89,0
101,-14,0
5,-106,0
-101,-32,0
68,-70,0
-92,44,0
-98,-43,0
-56,64,0
20,105,0
-84,-43,0
-31,-82,0
-84,-21,0
98,-6,0
5,89,0
-93,-4,0
-81,51,0
-75,-71,0
-77,54,0
90,-34,0
-52,76,0
-51,-74,0
56,67,0
-105,26,0
98,-27,0
-78,-66,0
-77,61,0
20,-83,0
98,30,0
20,-104,0
-32,89,0
22,100,0
87,-18,0
76,-70,0
34,-103,0
4,-87,0
-59,78,0
43,81,0
-94,49,0
103,23,0
73,47,0
39,86,0
-97,-16,0
-84,35,0
-42,-94,0
52,-93,0
-103,-30,0
-83,-19,0
18,-107,0
-51,-95,0
84,58,0
-23,88,0
56,77,0
-97,12,0
40,-87,0
-20,-95,0
-3,-89,0
-68,79,0
-50,-87,0
-88,58,0
-45,-99,0
37,-92,0
-97,-33,0
-83,-27,0
90,-38,0
84,27,0
4,102,0
-36,87,0
-52,78,0
-89,-29,0
43,-101,0
-80,-75,0
106,3,0
89,-57,0
32,84,0
4,-102,0
-43,-87,0
-107,20,0
90,-31,0
-108,13,0
-75,-53,0
5,-100,0
60,71,0
83,-62,0
-90,17,0
60,-61,0
34,95,0
-81,74,0
-90,-4,0
-98,33,0
-90,-59,0
78,-60,0
38,100,0
-90,18,0
56,86,0
83,23,0
-61,-68,0
20,-101,0
-60,77,0
80,39,0
-88,-32,0
-45,99,0
6,-98,0
46,88,0
-91,-58,0
-9,-86,0
70,64,0
-72,72,0
33,94,0
-91,-51,0
-67,-58,0
100,44,0
0,-92,0
42,-78,0
-55,73,0
-98,8,0
-46,-90,0
-104,18,0
-43,-89,0
29,-86,0
-85,-9,0
60,89,0
-15,-95,0
82,67,0
-84,-60,0
-86,62,0
14,-103,0
-74,-62,0
-109,-1,0
-108,-19,0
103,-38,0
-107,4,0
15,-108,0
-4,86,0
-12,98,0
92,45,0
-29,100,0
-88,15,0
102,-4,0
86,-40,0
-29,81,0
97,28,0
-1,88,0
-83,33,0
-5,-91,0
83,-71,0
85,-13,0
37,101,0
4,107,0
63,77,0
57,-94,0
70,70,0
-101,8,0
77,-50,0
-72,73,0
-77,-45,0
52,-89,0
-64,-70,0
-91,-2,0
-88,-21,0
-5,104,0
-3,86,0
14,86,0
96,-18,0
97,-32,0
-78,-64,0
-75,66,0
42,-82,0
-91,-37,0
-17,85,0
102,-24,0
-104,-15,0
-88,-42,0
-6,-85,0
-7,-92,0
33,-95,0
-42,-84,0
103,-26,0
18,104,0
-69,-66,0
-82,-62,0
-65,-78,0
36,-89,0
-85,44,0
54,-68,0
101,-22,0
-33,-102,0
-99,0,0
82,55,0
-94,36,0
63,74,0
27,83,0
56,-94,0
4,-101,0
-51,89,0
-45,-87,0
41,-100,0
62,66,0
-78,63,0
-51,-74,0
-46,-88,0
93,-13,0
-27,-91,0
-86,23,0
101,-37,0
-62,72,0
95,55,0
11,-101,0
-99,24,0
-17,-96,0
71,72,0
-7,91,0
26,92,0
-36,-103,0
-49,72,0
98,-40,0
-76,56,0
79,-62,0
