-36,29,1
30,-7,1
18,26,1
-8,-47,1
34,10,1
26,22,1
-17,41,1
26,35,1
-32,11,1
45,-9,1
16,-29,1
4,-26,1
-34,35,1
5,-45,1
0,-45,1
-9,-29,1
29,2,1
39,-18,1
15,37,1
-28,-22,1
31,-1,1
30,28,1
20,35,1
-6,34,1
-35,8,1
17,22,1
30,-5,1
-25,42,1
-25,33,1
-27,-12,1
43,4,1
-29,21,1
-29,29,1
-10,-35,1
-14,-34,1
-17,-44,1
-33,0,1
49,-2,1
12,-38,1
-19,-44,1
-44,-7,1
38,2,1
-47,-17,1
-25,35,1
-26,25,1
44,9,1
-10,-41,1
-38,-27,1
-30,-13,1
19,21,1
0,-29,1
39,27,1
-12,23,1
-6,-38,1
22,-40,1
17,-35,1
-29,18,1
-49,-3,1
-27,-32,1
34,-35,1
-28,-23,1
-26,-23,1
37,12,1
-39,-8,1
-29,29,1
39,-22,1
27,-26,1
28,-36,1
1,-29,1
-40,17,1
-24,-23,1
-38,0,1
36,9,1
44,18,1
-44,-8,1
32,-8,1
3,-34,1
7,-36,1
2,38,1
46,-6,1
-48,-1,1
32,-30,1
-35,8,1
-2,-31,1
13,-29,1
-46,3,1
23,36,1
3,27,1
-41,22,1
-16,36,1
-1,-29,1
43,19,1
-29,-29,1
-30,38,1
48,-14,1
11,40,1
-36,24,1
-27,-26,1
-9,-37,1
41,4,1
-23,15,1
-34,-22,1
-13,44,1
-31,-5,1
-20,43,1
10,-42,1
24,-20,1
40,-30,1
-12,41,1
41,-14,1
-8,37,1
8,-32,1
30,-35,1
-32,7,1
-12,-40,1
18,29,1
29,-28,1
32,-20,1
-28,20,1
21,37,1
36,2,1
32,-5,1
-1,-46,1
-21,-37,1
-18,-24,1
-36,-12,1
18,-33,1
-23,-20,1
6,-27,1
-45,-15,1
40,-29,1
-27,34,1
-20,-17,1
-24,-30,1
-27,-6,1
31,24,1
-48,8,1
-27,-9,1
-25,1,1
-17,-40,1
-42,13,1
4,28,1
0,42,1
26,24,1
-32,-15,1
-14,-28,1
28,36,1
-21,-23,1
35,18,1
-46,-11,1
12,-27,1
9,46,1
32,4,1
27,-16,1
-45,-3,1
2,31,1
21,-30,1
29,13,1
-32,16,1
-32,19,1
-27,18,1
41,-28,1
30,-15,1
-15,-27,1
-25,12,1
-27,-34,1
-26,-10,1
42,-25,1
13,-45,1
-35,-26,1
-47,-6,1
-3,-47,1
35,33,1
-7,-30,1
30,-6,1
20,31,1
40,16,1
-36,31,1
39,27,1
2,41,1
28,19,1
33,22,1
-37,27,1
-47,-11,1
-8,-25,1
-17,-32,1
28,37,1
43,-22,1
35,-32,1
-35,-24,1
-29,21,1
-16,-35,1
29,2,1
-16,45,1
20,15,1
0,41,1
49,3,1
9,-28,1
-15,40,1
28,4,1
19,-43,1
32,37,1
-16,-20,1
-41,-24,1
-20,-39,1
-22,-13,1
44,5,1
-10,38,1
37,-33,1
-29,-1,1
39,8,1
18,-25,1
-27,-17,1
22,-39,1
16,33,1
17,-28,1
-19,35,1
49,9,1
30,35,1
-11,32,1
-23,-44,1
-16,-31,1
-26,8,1
-1,-49,1
3,-25,1
-17,-31,1
21,32,1
-45,-12,1
37,6,1
-31,-15,1
1,43,1
-25,1,1
-36,0,1
27,26,1
12,35,1
2,-34,1
0,35,1
-22,-38,1
-19,34,1
25,-15,1
-2,25,1
-21,-32,1
12,46,1
33,-19,1
-47,-1,1
-42,-20,1
-44,19,1
14,45,1
15,22,1
9,-25,1
35,2,1
31,-33,1
-28,29,1
41,-23,1
34,15,1
19,-36,1
40,-30,1
-29,-16,1
38,-8,1
-15,45,1
22,22,1
-29,16,1
-8,-35,1
-1,-28,1
-19,-19,1
10,-37,1
28,13,1
-11,47,1
-23,-41,1
40,0,1
-32,-5,1
16,-42,1
-2,-40,1
13,-43,1
6,35,1
-7,31,1
-20,24,1
-37,2,1
32,34,1
44,4,1
30,11,1
-46,-10,1
32,3,1
36,-31,1
-15,-42,1
-10,-30,1
-21,33,1
28,26,1
31,16,1
-25,-12,1
32,35,1
-10,41,1
-9,48,1
-46,6,1
-14,24,1
32,-37,1
33,-24,1
10,-32,1
-17,30,1
31,-39,1
9,42,1
-25,-5,1
-11,35,1
34,-23,1
22,-16,1
25,-37,1
41,-1,1
15,23,1
-36,-20,1
-14,42,1
20,33,1
-41,12,1
-9,47,1
27,14,1
-21,23,1
-11,-38,1
-36,-5,1
-42,15,1
7,49,1
-25,40,1
35,17,1
-9,-43,1
-13,25,1
-14,-48,1
-31,-17,1
-22,-40,1
41,17,1
20,-28,1
17,-35,1
-27,26,1
-47,11,1
36,19,1
-9,-31,1
38,-22,1
-3,44,1
-29,-21,1
-42,12,1
-31,16,1
29,40,1
31,-17,1
23,38,1
-48,-8,1
-25,43,1
-45,-1,1
-44,-20,1
15,34,1
-37,25,1
24,24,1
42,-2,1
-12,-27,1
-11,-40,1
-23,-17,1
46,13,1
27,32,1
33,36,1
-40,9,1
29,-15,1
40,-12,1
7,41,1
-16,36,1
32,34,1
-3,49,1
-20,36,1
-17,-44,1
-26,28,1
-42,-8,1
10,-29,1
37,-15,1
32,-22,1
24,43,1
30,3,1
48,5,1
-33,-22,1
-15,-28,1
2,37,1
-42,-2,1
-27,14,1
43,24,1
14,37,1
14,32,1
-28,8,1
-16,-25,1
-1,-49,1
27,2,1
32,-29,1
21,-42,1
41,-27,1
24,34,1
7,-46,1
-11,-31,1
-15,33,1
42,-11,1
-36,-14,1
1,-46,1
-7,37,1
-42,-16,1
-10,28,1
15,-25,1
-6,26,1
30,6,1
-25,23,1
-18,28,1
-35,30,1
15,-28,1
20,-35,1
-29,31,1
46,15,1
-45,5,1
-13,-25,1
-48,-3,1
45,4,1
-21,33,1
26,-32,1
-28,29,1
-16,33,1
-1,-44,1
-16,-30,1
-47,6,1
-32,4,1
31,-30,1
40,12,1
-26,13,1
2,-49,1
-26,-39,1
2,26,1
9,-48,1
-22,-25,1
6,-42,1
34,35,1
-39,-9,1
11,-48,1
20,34,1
-12,23,1
-22,-12,1
-25,2,1
-38,-20,1
27,0,1
5,-42,1
29,3,1
-31,23,1
-16,-43,1
33,20,1
29,2,1
32,19,1
-12,27,1
-11,46,1
31,-37,1
7,30,1
37,-26,1
27,1,1
4,-43,1
-35,34,1
-33,33,1
20,27,1
41,-11,1
41,10,1
-34,19,1
32,-25,1
15,43,1
29,31,1
12,-30,1
-42,-8,1
26,13,1
39,-15,1
30,33,1
-14,29,1
25,-5,1
-28,-3,1
12,23,1
6,-38,1
-28,28,1
-9,-47,1
17,-41,1
38,22,1
-40,22,1
-37,-22,1
29,-26,1
-9,-39,1
-13,23,1
42,16,1
-31,-25,1
46,13,1
23,23,1
-45,10,1
14,33,1
38,28,1
1,35,1
6,29,1
-32,38,1
48,9,1
25,-6,1
-34,25,1
-5,-37,1
33,36,1
43,17,1
-12,-45,1
26,-31,1
-20,-38,1
-25,5,1
28,22,1
-12,-94,0
-24,76,0
-2,98,0
84,18,0
72,-51,0
-53,54,0
-9,90,0
-34,87,0
-92,10,0
-99,4,0
77,58,0
13,-78,0
-72,-50,0
-27,-85,0
-44,89,0
90,-3,0
-33,84,0
-22,92,0
-73,46,0
75,-50,0
-99,3,0
74,-26,0
68,-44,0
-27,-82,0
-13,79,0
-61,-51,0
30,76,0
-23,88,0
-34,74,0
19,-84,0
32,-70,0
-38,84,0
-12,-90,0
90,37,0
-35,-68,0
-73,19,0
-52,-57,0
-90,-5,0
-78,-19,0
-21,-82,0
-69,-68,0
2,76,0
-17,89,0
19,89,0
-14,-83,0
-38,72,0
2,99,0
45,-72,0
50,68,0
18,-78,0
-43,-89,0
-93,19,0
16,-94,0
-20,-74,0
-94,-32,0
-93,9,0
-77,-58,0
-50,-68,0
6,-97,0
-84,0,0
78,24,0
34,68,0
-53,-62,0
-29,86,0
74,-20,0
-43,-66,0
-78,12,0
-92,-37,0
71,35,0
16,93,0
-2,-88,0
-49,84,0
69,67,0
89,23,0
72,30,0
-76,30,0
85,-29,0
63,49,0
-37,-83,0
-12,-85,0
-90,42,0
-23,93,0
39,-78,0
-62,72,0
27,-73,0
2,-76,0
28,-85,0
1,85,0
96,-3,0
39,-86,0
-35,-67,0
-78,-56,0
-80,-1,0
76,-23,0
-76,-29,0
37,-69,0
-1,75,0
-76,18,0
28,-86,0
-59,55,0
-71,-28,0
-44,67,0
-60,73,0
-4,97,0
-98,-15,0
-2,-85,0
-32,-73,0
3,75,0
63,54,0
54,-73,0
97,-17,0
41,70,0
-52,-79,0
-41,-64,0
74,-41,0
-79,-37,0
-25,80,0
76,-62,0
-27,70,0
-69,-61,0
-81,-45,0
1,-86,0
-73,28,0
-62,46,0
84,15,0
23,-76,0
-57,80,0
87,21,0
-52,68,0
51,82,0
-10,75,0
-83,21,0
77,2,0
-75,54,0
-64,-61,0
-69,-56,0
71,59,0
-97,6,0
-70,-59,0
66,-69,0
-12,83,0
-68,-39,0
4,-85,0
83,17,0
-17,87,0
26,-91,0
59,75,0
-34,-68,0
40,-90,0
27,-86,0
-67,44,0
-76,-28,0
-5,-90,0
-78,21,0
-89,-21,0
-25,-94,0
-45,-60,0
-85,28,0
-82,-6,0
-48,-78,0
60,80,0
-51,-73,0
-3,84,0
25,91,0
78,20,0
58,78,0
-73,55,0
40,-88,0
-85,39,0
61,63,0
55,80,0
41,86,0
42,64,0
56,66,0
68,-43,0
-71,37,0
69,69,0
-59,63,0
-35,-91,0
99,13,0
82,51,0
69,-55,0
-83,22,0
-22,-95,0
-82,4,0
72,39,0
-71,30,0
-85,-31,0
48,79,0
53,-83,0
-6,-91,0
-49,83,0
79,-11,0
-15,75,0
57,80,0
19,-93,0
35,85,0
11,96,0
-6,-88,0
-96,-2,0
36,-91,0
97,0,0
-75,4,0
-74,56,0
51,-72,0
31,77,0
-78,41,0
50,-86,0
85,-27,0
94,3,0
-71,55,0
46,83,0
-49,-78,0
58,78,0
68,-54,0
-79,49,0
82,-42,0
79,24,0
-78,43,0
97,17,0
-42,-90,0
42,80,0
87,-34,0
18,78,0
68,-66,0
-73,-22,0
-21,-86,0
59,-78,0
-51,-57,0
-67,-41,0
22,-93,0
-20,88,0
-77,60,0
-85,36,0
31,73,0
-53,68,0
-79,40,0
-71,70,0
-36,-90,0
83,3,0
69,-55,0
-73,62,0
-64,75,0
88,-47,0
-34,91,0
-63,47,0
88,-31,0
-41,80,0
-99,2,0
-88,9,0
-64,-73,0
18,81,0
51,-68,0
-90,5,0
-28,-86,0
46,75,0
56,73,0
-9,96,0
-22,85,0
86,-24,0
37,-73,0
-95,27,0
-70,-60,0
72,-37,0
74,44,0
-66,-65,0
-37,-68,0
-89,19,0
77,4,0
-54,-78,0
47,76,0
-44,78,0
7,97,0
-63,65,0
18,81,0
61,51,0
69,47,0
53,82,0
-88,-24,0
91,-27,0
-57,-56,0
-8,87,0
20,80,0
-33,-88,0
-95,28,0
73,-34,0
80,-46,0
5,-91,0
70,-48,0
-56,52,0
89,21,0
-2,97,0
-66,69,0
60,77,0
-84,-10,0
67,59,0
80,-45,0
18,87,0
55,58,0
-80,19,0
90,5,0
71,-42,0
62,-47,0
-75,14,0
44,80,0
-1,83,0
-54,-80,0
-88,9,0
96,10,0
83,-26,0
14,87,0
84,34,0
55,65,0
33,68,0
81,-13,0
-61,73,0
-57,-56,0
-74,42,0
87,-4,0
72,-61,0
70,69,0
62,-44,0
75,-32,0
96,11,0
11,95,0
-76,-10,0
16,97,0
93,32,0
58,-49,0
-35,91,0
76,-52,0
-78,-20,0
89,15,0
-90,-2,0
70,-53,0
-78,-23,0
-64,-61,0
-20,89,0
33,-82,0
-59,76,0
-16,90,0
-10,-81,0
-45,-70,0
72,51,0
-94,2,0
-15,-90,0
-76,-31,0
-10,-93,0
20,77,0
-83,-11,0
77,10,0
-32,72,0
42,72,0
75,-44,0
-52,70,0
-27,-86,0
28,-76,0
-5,87,0
-19,-89,0
86,-44,0
71,-31,0
-78,-29,0
-71,67,0
34,-83,0
10,-95,0
20,86,0
-14,96,0
-82,38,0
99,-6,0
75,11,0
-49,67,0
-44,61,0
-37,-88,0
-26,-85,0
-38,-82,0
42,79,0
-63,77,0
-95,-20,0
-78,31,0
67,48,0
-35,-75,0
-4,-89,0
-64,-75,0
-84,-3,0
51,-85,0
-75,-36,0
35,-76,0
-95,-8,0
-84,45,0
-47,-61,0
82,-38,0
72,-22,0
14,83,0
19,89,0
-76,-41,0
78,-21,0
58,66,0
-9,-96,0
74,59,0
25,82,0
54,63,0
78,27,0
81,-45,0
87,-48,0
-38,91,0
78,0,0
-81,-27,0
58,-55,0
-76,-14,0
50,-76,0
-56,-50,0
-60,-48,0
-90,-17,0
47,66,0
86,-1,0
-78,-3,0
-52,67,0
-50,-63,0
-1,-81,0
-2,-93,0
-27,-81,0
-92,-26,0
-95,13,0
-45,60,0
-57,-66,0
88,6,0
-84,23,0
-35,82,0
-44,83,0
36,77,0
95,0,0
-92,-27,0
90,23,0
-33,-73,0
47,-71,0
67,-62,0
-86,-41,0
7,-76,0
22,77,0
68,33,0
15,95,0
-83,-32,0
0,79,0
11,76,0
-83,-35,0
78,4,0
76,-47,0
27,79,0
-70,33,0
99,-10,0
12,-82,0
62,68,0
-4,-99,0
84,-13,0
-76,36,0
56,-76,0
61,77,0
14,-78,0
48,-65,0
33,91,0
-73,-29,0
70,28,0
88,29,0
49,75,0
44,-82,0
4,75,0
83,-50,0
99,4,0
-69,-37,0
-88,5,0
-75,24,0
-73,25,0
80,32,0
62,51,0
54,74,0
29,93,0
52,-70,0
-46,-71,0
-59,61,0
-82,-40,0
-95,-21,0
33,-71,0
43,81,0
68,-32,0
52,60,0
-53,-80,0
70,69,0
-82,-8,0
41,-67,0
-91,-23,0
18,-92,0
-90,-20,0
50,-85,0
22,97,0
71,-54,0
-77,11,0
-48,75,0
-31,86,0
62,-74,0
56,67,0
