-26,-6,1
1,-28,1
-27,18,1
30,-40,1
-17,-38,1
11,33,1
-1,29,1
-3,47,1
-44,-17,1
0,-29,1
21,-37,1
21,-20,1
-34,-7,1
18,-35,1
-45,2,1
32,-19,1
-27,3,1
-38,-29,1
27,-31,1
21,-34,1
10,-27,1
32,32,1
-20,45,1
-46,-2,1
-37,-29,1
29,36,1
-31,-19,1
-26,-30,1
-13,-37,1
-17,21,1
33,-21,1
10,-39,1
19,-43,1
33,12,1
-8,-42,1
15,46,1
-34,9,1
35,17,1
-32,3,1
-1,-30,1
12,33,1
-20,-40,1
2,43,1
20,-25,1
11,27,1
29,-3,1
29,37,1
-34,-32,1
9,-25,1
-28,-8,1
-26,-12,1
2,-37,1
21,27,1
34,-12,1
49,-7,1
-39,-6,1
-3,29,1
26,-27,1
6,-47,1
-4,44,1
-15,31,1
49,0,1
29,7,1
-32,37,1
-35,-31,1
-11,-31,1
-18,33,1
7,-24,1
-4,41,1
-18,38,1
-33,-3,1
4,-43,1
-43,-17,1
-26,1,1
0,38,1
31,36,1
-41,22,1
-25,-38,1
-7,-36,1
-41,-15,1
-29,-6,1
-33,11,1
25,15,1
-34,-17,1
-13,-32,1
12,-31,1
31,-23,1
-26,-25,1
13,41,1
26,5,1
-9,-24,1
-17,-26,1
-23,-44,1
9,28,1
45,-10,1
41,-13,1
6,40,1
-15,-24,1
25,-21,1
48,5,1
31,37,1
-8,33,1
-34,-36,1
-5,-32,1
41,-4,1
3,-34,1
46,-13,1
39,-30,1
-29,20,1
42,3,1
11,-48,1
-43,-6,1
17,-35,1
-36,11,1
-32,-11,1
27,11,1
-4,30,1
-22,-22,1
-5,-45,1
-32,-16,1
17,-30,1
11,-38,1
-33,-29,1
-22,42,1
34,12,1
33,-34,1
27,37,1
48,-8,1
42,8,1
48,4,1
41,26,1
20,-17,1
-20,-37,1
-22,29,1
-23,25,1
-1,-33,1
7,44,1
-28,-36,1
44,5,1
15,43,1
12,41,1
12,29,1
24,24,1
-1,-48,1
32,-23,1
35,6,1
35,-13,1
-29,39,1
14,38,1
24,-42,1
18,-24,1
17,-44,1
3,-49,1
9,45,1
39,13,1
47,16,1
-13,-37,1
-23,-40,1
38,-1,1
-6,-43,1
-47,-16,1
36,7,1
26,-38,1
-35,26,1
-13,45,1
29,23,1
-21,36,1
-28,-40,1
45,-21,1
34,-10,1
-40,-16,1
6,31,1
14,-23,1
35,-4,1
-21,-42,1
-26,-34,1
27,18,1
36,9,1
40,7,1
-30,26,1
-13,42,1
19,35,1
3,-27,1
10,-33,1
12,38,1
-23,42,1
-38,-14,1
16,-43,1
0,-29,1
20,-30,1
6,-45,1
-20,17,1
43,-17,1
-14,-28,1
0,26,1
-18,39,1
-1,36,1
-7,27,1
4,-28,1
39,29,1
14,-27,1
-6,-35,1
-39,-3,1
14,-46,1
-28,-2,1
28,38,1
-11,-48,1
-8,-39,1
-19,-26,1
37,-11,1
42,27,1
24,38,1
-32,-27,1
-37,-21,1
14,30,1
19,37,1
-39,19,1
27,11,1
0,29,1
27,-31,1
-37,8,1
-33,25,1
-3,-43,1
33,-37,1
8,-31,1
30,-26,1
-30,-16,1
-3,-25,1
-23,40,1
18,-30,1
42,-3,1
-6,44,1
25,-10,1
36,10,1
25,-23,1
46,-6,1
12,-34,1
-35,7,1
-25,23,1
-2,28,1
26,41,1
16,-34,1
-11,-44,1
46,1,1
-37,32,1
32,-34,1
-33,28,1
-44,22,1
-45,16,1
-32,-6,1
-32,-26,1
-37,22,1
22,-14,1
-1,-36,1
36,9,1
-8,-45,1
-16,41,1
30,-26,1
12,36,1
-31,-10,1
-6,-42,1
-25,20,1
-12,-41,1
19,-22,1
-41,-20,1
16,-22,1
-44,-11,1
31,-12,1
-34,32,1
47,-1,1
-23,-17,1
45,4,1
-3,-40,1
-39,6,1
45,-13,1
-1,-27,1
20,-40,1
34,-23,1
-43,7,1
1,-32,1
20,27,1
45,2,1
7,46,1
-24,11,1
34,-10,1
39,-14,1
4,40,1
-47,-4,1
-7,-28,1
45,11,1
-13,27,1
34,-17,1
28,3,1
10,-41,1
-29,-37,1
-7,-43,1
-23,39,1
-22,-20,1
-14,-45,1
-41,-26,1
-14,46,1
-6,29,1
-41,10,1
-36,-14,1
3,-27,1
-46,-8,1
-35,20,1
-32,22,1
33,17,1
-37,-15,1
20,35,1
-25,-43,1
36,-28,1
-29,-1,1
36,13,1
-33,-6,1
25,1,1
26,-12,1
-39,30,1
1,44,1
5,49,1
39,-4,1
24,39,1
21,-38,1
35,11,1
42,-19,1
-46,13,1
-38,-25,1
-20,-38,1
3,27,1
14,47,1
-30,14,1
26,13,1
-2,37,1
-7,42,1
-5,49,1
-3,25,1
24,-41,1
-34,18,1
49,-7,1
-21,44,1
14,26,1
-11,-27,1
-28,28,1
-14,-37,1
-39,-19,1
-10,31,1
42,10,1
4,-35,1
20,42,1
6,-45,1
4,-33,1
-22,-25,1
-3,28,1
-11,23,1
37,20,1
-10,27,1
-27,-23,1
-23,40,1
-23,27,1
-17,47,1
-41,9,1
24,41,1
30,33,1
-10,-40,1
5,-36,1
1,37,1
9,-34,1
42,3,1
27,22,1
-10,-37,1
9,-36,1
-45,-6,1
-27,33,1
22,-16,1
-40,12,1
-19,-24,1
-10,34,1
-1,34,1
34,29,1
26,15,1
-22,23,1
-39,-2,1
33,8,1
-34,-23,1
27,39,1
44,-11,1
21,-42,1
-27,-10,1
28,38,1
33,36,1
30,-18,1
-7,27,1
-8,-32,1
-32,0,1
-8,-33,1
34,-26,1
-41,-9,1
25,35,1
-26,22,1
-34,31,1
-16,-28,1
16,31,1
26,-32,1
34,-28,1
-44,-15,1
-14,29,1
-5,27,1
27,-3,1
-36,15,1
23,33,1
-13,48,1
-28,-22,1
-5,49,1
46,11,1
17,20,1
25,13,1
26,-19,1
-1,-48,1
0,33,1
31,26,1
30,-18,1
-8,39,1
-24,-9,1
28,29,1
17,-20,1
-8,-46,1
31,-36,1
-41,17,1
31,11,1
-25,22,1
25,-7,1
12,-38,1
23,44,1
-15,47,1
20,27,1
19,-37,1
-43,-20,1
24,-40,1
-31,16,1
-16,39,1
18,27,1
-36,27,1
45,-3,1
28,14,1
-36,25,1
-42,-26,1
32,-30,1
-37,-1,1
2,37,1
33,-8,1
5,-25,1
39,-26,1
43,3,1
-25,-11,1
6,42,1
-37,8,1
28,35,1
22,-40,1
-31,-33,1
25,15,1
-36,-31,1
-26,-22,1
-22,31,1
-20,-24,1
-38,-12,1
14,44,1
-26,42,1
-1,-32,1
-43,-19,1
8,25,1
-48,13,1
-1,-43,1
-35,26,1
-38,15,1
-32,-3,1
-40,2,1
-48,-10,1
29,10,1
45,10,1
-2,43,1
20,39,1
25,4,1
-17,25,1
31,-19,1
-40,13,1
-41,-17,1
-44,-7,1
26,18,1
37,0,1
25,-16,1
-14,22,1
31,1,1
25,41,1
-24,15,1
42,-7,1
4,-49,1
11,27,1
-41,-5,1
12,-30,1
117,-280,0
-288,-116,0
-290,103,0
-310,-39,0
-106,-287,0
-59,293,0
83,-304,0
-244,203,0
215,-219,0
0,319,0
185,244,0
278,-131,0
-130,-278,0
316,17,0
-125,-287,0
299,77,0
-310,14,0
-1,301,0
285,86,0
151,266,0
-222,195,0
-187,-254,0
-164,263,0
303,100,0
298,-11,0
-110,279,0
-297,-84,0
-90,281,0
-25,-314,0
-120,283,0
297,-110,0
-297,99,0
-294,102,0
282,88,0
212,-224,0
-293,-37,0
-127,-271,0
103,287,0
271,-149,0
130,-285,0
288,-120,0
-164,-249,0
-17,-304,0
266,177,0
268,-144,0
304,-30,0
-298,103,0
263,-145,0
-10,299,0
-262,-175,0
151,-271,0
160,-266,0
296,91,0
164,266,0
266,-177,0
-290,-89,0
-225,202,0
104,293,0
112,284,0
198,-224,0
286,-109,0
134,-277,0
-90,-281,0
-308,-22,0
275,-113,0
283,-130,0
-275,-127,0
100,-290,0
-98,-283,0
-201,-226,0
255,172,0
221,-202,0
-238,-176,0
230,186,0
-165,258,0
258,-182,0
-291,101,0
258,160,0
-42,296,0
51,302,0
-259,-187,0
295,-102,0
-103,285,0
162,263,0
-40,-298,0
79,292,0
-182,263,0
169,-242,0
-49,307,0
-64,-306,0
220,201,0
120,-282,0
-61,-305,0
-172,260,0
168,261,0
-156,-273,0
-144,-266,0
-264,-148,0
-255,152,0
209,238,0
214,236,0
-210,-214,0
-303,98,0
202,-228,0
-297,101,0
-262,-154,0
76,-292,0
-72,289,0
238,211,0
-13,-317,0
-247,179,0
-237,-193,0
121,288,0
-168,269,0
-278,-133,0
266,-153,0
-227,212,0
-286,-125,0
9,316,0
132,280,0
163,-271,0
210,237,0
-227,-200,0
302,-86,0
151,-280,0
301,-41,0
-299,-36,0
202,219,0
-291,84,0
265,167,0
68,304,0
231,193,0
304,-16,0
232,-194,0
-235,-210,0
241,-207,0
-70,296,0
-229,-209,0
22,-301,0
-244,200,0
216,-209,0
84,-293,0
-222,-208,0
-183,243,0
-86,-299,0
-283,92,0
306,56,0
-295,-49,0
295,-70,0
-244,183,0
-311,-25,0
144,268,0
287,-75,0
-302,38,0
-299,60,0
-166,-246,0
-297,-41,0
-53,-294,0
-300,2,0
-256,173,0
304,-18,0
-301,-66,0
-313,-33,0
190,253,0
-62,313,0
-189,-249,0
51,-295,0
-256,-166,0
187,-239,0
-298,-92,0
-170,254,0
-183,-239,0
296,112,0
-130,291,0
226,222,0
-207,218,0
233,182,0
-208,-233,0
-126,292,0
228,-203,0
306,39,0
298,-40,0
-1,297,0
240,206,0
-275,-120,0
-292,95,0
166,259,0
306,-9,0
38,295,0
-117,-296,0
-250,-161,0
76,300,0
-293,-76,0
77,302,0
160,-252,0
210,216,0
157,269,0
145,-273,0
-190,-236,0
228,191,0
-171,248,0
199,241,0
204,242,0
251,156,0
-264,175,0
281,100,0
260,148,0
-139,266,0
239,203,0
6,-317,0
295,-82,0
-307,43,0
-275,120,0
264,156,0
265,-171,0
284,-146,0
-303,93,0
-316,-29,0
309,-49,0
-280,-147,0
193,-235,0
246,-184,0
-147,269,0
226,225,0
45,293,0
312,41,0
-16,-298,0
-271,121,0
303,43,0
-297,-21,0
82,-299,0
-64,294,0
-7,-296,0
-268,155,0
-296,101,0
-56,-303,0
235,-202,0
-91,-285,0
270,148,0
-282,-98,0
148,282,0
271,158,0
-253,164,0
181,-251,0
-146,-269,0
-272,-138,0
-86,299,0
201,-238,0
-304,-73,0
234,-217,0
238,-177,0
265,-149,0
-263,-143,0
-291,-122,0
-289,117,0
291,64,0
289,-106,0
295,73,0
-284,140,0
-281,113,0
176,-239,0
276,118,0
-225,215,0
-308,-64,0
-173,-251,0
-148,-260,0
315,-54,0
19,315,0
-197,226,0
-181,-261,0
305,-51,0
-297,87,0
304,-59,0
276,-106,0
297,77,0
76,310,0
-216,-226,0
-301,-76,0
-166,-254,0
-245,176,0
-252,194,0
-247,196,0
117,292,0
288,-85,0
260,-168,0
178,-261,0
-318,-11,0
196,225,0
249,191,0
-219,225,0
-88,305,0
-103,287,0
-16,315,0
235,206,0
-144,-283,0
128,-288,0
246,174,0
120,279,0
295,-16,0
-180,-241,0
-40,-301,0
308,-61,0
286,-136,0
-241,-199,0
301,6,0
-303,28,0
-126,283,0
176,256,0
1,-305,0
-293,-128,0
-94,-281,0
-298,-69,0
281,-152,0
-109,295,0
-148,-256,0
-291,-130,0
-280,99,0
189,-258,0
-308,0,0
294,117,0
88,-300,0
10,-318,0
-259,-159,0
143,260,0
-100,-293,0
184,-240,0
-139,-274,0
263,-163,0
81,-295,0
-152,273,0
207,236,0
-190,246,0
-78,-294,0
-287,-82,0
-297,-39,0
243,-197,0
120,-292,0
189,252,0
68,298,0
304,-29,0
306,-18,0
-149,276,0
91,290,0
-171,-253,0
-101,285,0
308,-73,0
194,-227,0
254,-156,0
-30,294,0
309,24,0
40,296,0
103,-300,0
-312,-32,0
275,110,0
-86,-288,0
-304,-45,0
113,-293,0
-297,-54,0
-290,-126,0
-179,243,0
-137,264,0
280,139,0
-282,111,0
301,-17,0
-287,-137,0
-301,-29,0
279,-148,0
263,135,0
-189,-237,0
-311,-12,0
216,-220,0
-45,-303,0
-144,268,0
-314,-57,0
303,11,0
-116,290,0
-261,152,0
315,-51,0
-288,70,0
-304,-89,0
-172,-252,0
-310,-37,0
-302,-91,0
289,-134,0
122,295,0
-33,-314,0
266,141,0
99,-278,0
234,201,0
296,-77,0
-269,-126,0
-112,-290,0
-245,-166,0
99,-284,0
42,-317,0
-288,-133,0
-108,-287,0
316,18,0
130,-287,0
-291,72,0
136,279,0
208,224,0
301,-47,0
-278,125,0
-176,252,0
-142,-265,0
259,-153,0
-246,175,0
-319,18,0
194,-247,0
-296,-95,0
-298,115,0
-183,257,0
222,217,0
-266,-155,0
-244,201,0
-271,-154,0
198,-245,0
179,-264,0
303,-8,0
300,7,0
-228,-212,0
-205,-243,0
3,-313,0
157,250,0
302,88,0
-234,191,0
199,233,0
305,-88,0
281,-125,0
-109,284,0
-27,-311,0
168,267,0
-27,-317,0
200,-225,0
3,-298,0
80,-302,0
-318,11,0
62,300,0
-44,303,0
-269,-165,0
158,269,0
-308,15,0
-257,152,0
-306,-80,0
174,263,0
304,-96,0
309,46,0
-274,131,0
-202,-239,0
-115,292,0
-125,276,0
183,255,0
312,54,0
-269,-172,0
305,-19,0
-194,-236,0
190,246,0
95,291,0
-181,241,0
-37,314,0
-5,-304,0
-186,-239,0
-65,-306,0
145,-273,0
-111,-296,0
136,284,0
-30,-317,0
153,255,0
-146,283,0
-181,-247,0
-209,239,0
-119,270,0
-201,223,0
-137,-268,0
-277,143,0
207,-236,0
32,-302,0
140,285,0
174,266,0
-56,-311,0
126,-278,0
-231,-195,0
-317,-25,0
218,215,0
-215,215,0
298,81,0
23,318,0
217,205,0
-51,-309,0
-55,-297,0
-259,-147,0
312,40,0
26,-301,0
28,-314,0
239,-174,0
252,-157,0
-187,253,0
-301,86,0
218,205,0
