25,3,1
-32,-35,1
-26,16,1
-27,-9,1
-22,29,1
38,10,1
-36,-23,1
24,12,1
37,17,1
-23,36,1
7,-38,1
47,-8,1
32,-13,1
29,-8,1
38,17,1
-12,-46,1
-22,13,1
-17,-25,1
-29,-20,1
-15,-25,1
10,42,1
-29,5,1
-25,-27,1
-18,-34,1
29,6,1
1,-46,1
-19,-38,1
-20,-45,1
-38,0,1
-25,-13,1
-25,-6,1
42,13,1
-28,33,1
5,-28,1
-33,-1,1
1,-35,1
22,41,1
-15,28,1
-47,-9,1
25,4,1
31,36,1
-7,48,1
-17,31,1
-33,-15,1
-3,-48,1
-31,-3,1
28,28,1
29,38,1
-8,33,1
-27,29,1
21,-44,1
17,-26,1
-7,28,1
-24,43,1
8,-42,1
-36,5,1
18,33,1
-46,-16,1
17,20,1
-8,37,1
-28,-17,1
-4,35,1
13,31,1
22,40,1
-28,19,1
0,-26,1
-23,-32,1
-26,13,1
-27,-35,1
8,34,1
24,16,1
44,14,1
33,13,1
-37,22,1
-34,34,1
-34,5,1
-30,-8,1
-35,6,1
37,24,1
-7,27,1
-37,3,1
-29,12,1
2,25,1
-9,-49,1
27,-3,1
-42,17,1
23,18,1
-10,-34,1
-10,-34,1
44,3,1
-13,34,1
39,-23,1
17,34,1
33,33,1
-26,39,1
-10,46,1
1,36,1
27,39,1
-13,29,1
-22,-36,1
-29,-9,1
-34,-22,1
-37,28,1
-5,48,1
13,41,1
-47,17,1
-34,6,1
-4,30,1
-7,-38,1
28,-9,1
-31,35,1
-39,28,1
-24,35,1
9,-36,1
-25,41,1
16,45,1
8,31,1
16,42,1
-35,10,1
22,-42,1
32,14,1
-28,-25,1
18,43,1
41,-4,1
40,3,1
28,10,1
40,-29,1
3,-25,1
14,47,1
26,15,1
-24,-42,1
-37,32,1
24,36,1
-27,-3,1
-25,37,1
-44,-21,1
34,-15,1
-19,-38,1
43,-25,1
41,-20,1
8,39,1
-36,23,1
-42,25,1
16,20,1
35,9,1
29,-21,1
40,15,1
-16,46,1
40,-26,1
4,45,1
-29,-33,1
21,42,1
7,31,1
-36,23,1
16,-27,1
-25,-26,1
4,-48,1
-30,-35,1
-27,39,1
41,-20,1
27,26,1
-6,28,1
-46,-3,1
-18,24,1
-45,11,1
-43,-20,1
42,20,1
1,28,1
-37,-12,1
20,-34,1
-14,-26,1
6,-49,1
-49,3,1
-24,-17,1
-29,-4,1
-15,-40,1
23,26,1
-6,35,1
31,17,1
38,3,1
30,-1,1
-10,35,1
-24,12,1
-16,-45,1
-24,19,1
5,32,1
26,13,1
-39,-30,1
28,31,1
37,8,1
-34,-27,1
-8,34,1
16,47,1
-36,4,1
-42,-3,1
43,13,1
-34,17,1
12,-33,1
36,17,1
-6,-29,1
-2,49,1
-29,3,1
-29,-16,1
46,10,1
17,29,1
-19,-29,1
-19,-30,1
45,18,1
-14,-26,1
-18,-37,1
-20,-23,1
28,-39,1
-46,16,1
36,29,1
4,29,1
33,7,1
-27,18,1
39,4,1
33,-21,1
-19,-31,1
6,46,1
-17,-26,1
-46,-8,1
-42,11,1
-44,-11,1
36,33,1
-38,19,1
-32,8,1
17,21,1
5,28,1
-24,42,1
14,27,1
-9,-49,1
37,17,1
24,-39,1
9,-35,1
21,-34,1
40,21,1
-24,29,1
49,4,1
-26,24,1
42,10,1
49,3,1
-7,43,1
7,35,1
-1,31,1
-42,23,1
-40,-22,1
-26,-13,1
-31,29,1
-13,25,1
-28,8,1
-41,-19,1
38,14,1
-33,17,1
1,-46,1
-40,26,1
-22,27,1
12,-32,1
-7,-42,1
-24,34,1
40,23,1
-9,-32,1
-30,19,1
20,34,1
39,-2,1
-28,18,1
-9,26,1
-17,31,1
25,3,1
-45,-18,1
32,11,1
33,-16,1
-20,30,1
-27,-11,1
24,-38,1
-37,29,1
48,3,1
18,41,1
-35,-5,1
-6,35,1
-26,33,1
-13,-24,1
17,-37,1
22,-27,1
-4,43,1
-14,-27,1
-44,-2,1
-46,-7,1
-32,26,1
28,-21,1
-26,39,1
4,35,1
-31,30,1
-45,-13,1
-24,-11,1
-2,38,1
28,-27,1
-44,-5,1
14,-46,1
-39,-13,1
39,17,1
-40,8,1
-41,8,1
12,-31,1
-37,12,1
-46,13,1
-34,-11,1
-30,-38,1
-48,9,1
-24,-28,1
-44,-2,1
-47,-5,1
-15,33,1
-12,-48,1
14,26,1
7,41,1
-8,27,1
27,16,1
34,-3,1
-38,-29,1
-28,24,1
11,-30,1
-37,-5,1
-40,-13,1
-31,-15,1
2,-29,1
-39,-27,1
37,-23,1
42,-24,1
-3,-37,1
31,-26,1
11,-48,1
8,-35,1
23,-11,1
-41,16,1
8,-25,1
44,16,1
-12,-40,1
-16,20,1
25,-23,1
15,-24,1
33,-18,1
-13,24,1
3,41,1
-3,-28,1
-17,-34,1
21,-26,1
-3,45,1
-27,20,1
-18,32,1
-12,26,1
-39,-18,1
22,-25,1
7,-33,1
1,-41,1
-37,4,1
-1,36,1
-35,-19,1
-27,25,1
-6,34,1
-35,10,1
36,-33,1
-41,12,1
37,-19,1
16,-44,1
27,-32,1
43,15,1
-37,-3,1
-16,-44,1
45,1,1
33,-16,1
46,-13,1
-28,40,1
-25,28,1
32,1,1
11,-35,1
-17,43,1
-45,-2,1
-1,45,1
-41,-17,1
23,37,1
-37,-29,1
-27,3,1
-2,-30,1
-7,-34,1
44,-4,1
3,-26,1
-6,34,1
-35,19,1
-27,7,1
-21,38,1
25,37,1
43,8,1
-25,-22,1
26,-11,1
-28,-7,1
19,-39,1
25,27,1
3,25,1
-28,-1,1
-9,42,1
-16,43,1
-39,24,1
-6,-44,1
42,27,1
11,24,1
33,-12,1
32,11,1
-30,7,1
25,-30,1
34,-35,1
32,7,1
19,21,1
41,-1,1
4,-34,1
1,41,1
14,41,1
39,15,1
22,-16,1
-49,6,1
-36,-22,1
18,-23,1
10,41,1
4,47,1
-9,34,1
-11,45,1
27,35,1
34,-32,1
-26,25,1
47,-1,1
-25,39,1
40,-16,1
-41,-8,1
-23,28,1
0,-36,1
43,-25,1
-26,-4,1
27,32,1
-37,-23,1
-16,29,1
47,15,1
45,18,1
6,-48,1
48,12,1
33,-19,1
22,-39,1
-14,-33,1
-36,26,1
-19,-32,1
-42,-18,1
-3,-39,1
-17,-36,1
-44,-18,1
-37,8,1
28,-3,1
40,4,1
-3,-49,1
25,-9,1
-11,-29,1
-48,-10,1
10,40,1
17,-38,1
-28,30,1
-30,1,1
-35,-24,1
-29,-13,1
34,33,1
-37,24,1
-27,-28,1
37,24,1
34,-24,1
10,-23,1
-27,-20,1
8,26,1
49,-7,1
32,-12,1
37,-9,1
20,-18,1
0,-37,1
25,19,1
-26,3,1
18,29,1
37,33,1
-25,-19,1
-24,-23,1
27,-25,1
-37,-26,1
36,0,1
-28,-16,1
2,-28,1
-3,49,1
31,-30,1
-36,26,1
8,-45,1
42,25,1
-13,-37,1
7,-48,1
-26,-15,1
4,48,1
0,-77,0
-56,-2,0
-25,-70,0
23,-68,0
-54,-28,0
-60,34,0
5,73,0
-36,-48,0
74,13,0
-9,76,0
59,-9,0
7,63,0
-58,-35,0
50,61,0
32,57,0
-55,45,0
-67,21,0
15,-58,0
66,30,0
44,-44,0
48,-31,0
73,-19,0
57,-27,0
-39,-59,0
75,-8,0
26,49,0
56,42,0
42,-41,0
68,16,0
-53,-38,0
-67,37,0
25,-75,0
60,-4,0
-29,-52,0
-75,9,0
-40,-41,0
14,-71,0
49,59,0
-55,-28,0
57,51,0
-53,52,0
-67,-35,0
6,-55,0
40,-68,0
-30,-71,0
20,-71,0
65,-15,0
3,70,0
-6,-70,0
37,63,0
-57,17,0
-72,-16,0
-14,77,0
-78,15,0
61,21,0
66,35,0
-62,42,0
-55,-47,0
-43,66,0
12,-71,0
16,-59,0
-32,54,0
-33,-63,0
-58,-20,0
19,74,0
12,57,0
-60,-50,0
65,-10,0
-25,-51,0
-67,-23,0
-4,68,0
-48,29,0
60,8,0
69,9,0
-13,-74,0
61,-3,0
28,64,0
67,6,0
-9,-68,0
60,-36,0
-43,55,0
67,11,0
16,78,0
-22,-73,0
-64,8,0
5,62,0
-59,16,0
65,-41,0
28,-64,0
-51,-26,0
-25,72,0
68,8,0
-16,59,0
-74,12,0
3,-76,0
-70,3,0
40,69,0
-28,59,0
-1,-61,0
-66,16,0
-57,-17,0
-6,77,0
-30,74,0
-68,-39,0
50,33,0
36,63,0
-49,-27,0
-15,60,0
-69,19,0
-38,48,0
-4,-68,0
-33,-51,0
-64,-24,0
57,-18,0
75,20,0
67,-34,0
64,7,0
74,-17,0
53,-46,0
14,69,0
-20,61,0
-69,30,0
-62,13,0
11,-73,0
-55,5,0
11,55,0
-65,21,0
-2,-63,0
28,67,0
58,-31,0
-22,-57,0
12,-55,0
-36,49,0
55,-44,0
55,-15,0
69,5,0
-62,31,0
-51,-51,0
29,65,0
-63,-22,0
30,56,0
53,29,0
-59,0,0
-10,59,0
-26,52,0
-30,57,0
-78,17,0
-8,57,0
-19,59,0
-14,-63,0
52,50,0
-1,-58,0
-67,35,0
-11,77,0
1,-75,0
-57,38,0
-52,45,0
69,15,0
-66,22,0
-58,-1,0
5,74,0
-51,44,0
2,-73,0
49,59,0
-61,47,0
58,33,0
54,-56,0
-21,-65,0
-45,-61,0
-50,-27,0
69,-24,0
54,-37,0
79,12,0
59,37,0
27,-52,0
-52,-57,0
10,57,0
-65,-24,0
-45,-66,0
47,-43,0
47,-36,0
-9,-71,0
51,58,0
-15,69,0
36,-53,0
-75,-1,0
56,-48,0
39,49,0
43,45,0
-56,-35,0
18,62,0
13,-71,0
-25,69,0
-28,58,0
20,76,0
-64,-38,0
-5,73,0
-75,9,0
59,-23,0
41,64,0
16,-63,0
-20,67,0
60,11,0
68,-12,0
-11,-79,0
13,-64,0
-79,-10,0
-43,-39,0
-15,-55,0
-22,69,0
-8,64,0
65,5,0
15,-70,0
-55,31,0
-74,-24,0
55,-3,0
28,55,0
-63,-16,0
19,63,0
57,33,0
6,79,0
-66,32,0
3,-58,0
51,-40,0
2,61,0
44,51,0
55,-21,0
55,54,0
-74,18,0
-71,4,0
-19,-75,0
-38,60,0
49,31,0
-69,24,0
-56,25,0
-56,48,0
68,25,0
-1,-58,0
24,57,0
-13,-61,0
-40,-66,0
9,-71,0
26,-60,0
-46,54,0
58,-32,0
-42,63,0
77,0,0
23,72,0
-62,35,0
-16,-60,0
-50,-26,0
-57,35,0
-9,76,0
-50,48,0
-69,16,0
-25,-50,0
-68,34,0
9,66,0
68,-6,0
18,77,0
54,33,0
60,-31,0
67,-34,0
60,4,0
-70,-4,0
-24,61,0
48,-31,0
7,-65,0
-58,37,0
36,-68,0
-46,-55,0
1,-65,0
-67,12,0
17,-63,0
53,-21,0
21,59,0
-71,-2,0
55,5,0
-16,76,0
-71,6,0
-55,4,0
-57,4,0
-69,4,0
19,53,0
58,-21,0
-12,61,0
-37,-54,0
-72,-7,0
-41,58,0
-12,-68,0
58,37,0
-53,-20,0
4,57,0
61,35,0
-31,51,0
70,26,0
-23,63,0
-9,-59,0
-77,-13,0
-59,-51,0
-59,14,0
-62,-17,0
-35,-58,0
-48,45,0
21,-69,0
-38,42,0
44,-63,0
-9,69,0
-16,-70,0
-62,25,0
-47,43,0
51,-61,0
-60,11,0
-77,9,0
38,-57,0
0,-66,0
63,14,0
-53,52,0
-37,-68,0
17,-64,0
-62,9,0
76,-4,0
57,2,0
-39,-55,0
-72,31,0
-60,22,0
69,37,0
-76,4,0
-79,-11,0
23,61,0
-37,63,0
-36,50,0
79,11,0
-59,26,0
5,61,0
-55,-11,0
-41,49,0
-49,62,0
-69,32,0
-40,-45,0
61,39,0
45,39,0
-42,-37,0
-17,-73,0
-56,-37,0
76,7,0
-60,1,0
30,-66,0
-65,-42,0
16,-58,0
-20,63,0
-10,-56,0
-63,13,0
-58,17,0
78,7,0
-71,-10,0
64,-27,0
54,17,0
41,-56,0
34,-52,0
45,-37,0
57,-33,0
-56,13,0
65,-5,0
54,-30,0
-52,-36,0
44,33,0
23,59,0
-8,71,0
-35,50,0
60,-6,0
-60,34,0
-39,52,0
52,-34,0
-20,-73,0
18,75,0
-23,-58,0
-56,-50,0
22,66,0
56,4,0
-8,-68,0
18,57,0
37,44,0
70,-18,0
-44,-53,0
30,61,0
-73,-8,0
51,41,0
43,38,0
41,-53,0
60,-23,0
-41,-38,0
-35,-51,0
63,27,0
-69,1,0
31,67,0
53,-18,0
-14,-76,0
29,-48,0
33,65,0
-75,26,0
46,-51,0
-30,62,0
20,59,0
-60,-18,0
22,61,0
-24,-57,0
-30,-67,0
-75,-17,0
-5,-75,0
8,55,0
58,34,0
71,5,0
-65,3,0
-14,56,0
-40,-67,0
70,-33,0
-70,15,0
27,60,0
-57,29,0
-12,-72,0
-60,39,0
71,29,0
42,-56,0
17,-72,0
77,18,0
-48,33,0
52,41,0
-12,77,0
-6,-70,0
-17,76,0
58,7,0
5,77,0
-54,-53,0
27,-57,0
-30,-60,0
-67,27,0
55,-3,0
-16,64,0
-62,-19,0
-4,-60,0
68,29,0
13,58,0
79,-3,0
-52,60,0
8,69,0
-59,23,0
63,-42,0
-56,-33,0
-49,-39,0
60,46,0
-56,-43,0
57,30,0
44,-49,0
-39,-39,0
-62,39,0
51,28,0
-66,43,0
-54,18,0
44,62,0
-56,23,0
-53,34,0
63,-49,0
74,-28,0
-40,55,0
-49,36,0
-15,-68,0
57,25,0
57,47,0
2,-59,0
46,41,0
-68,39,0
65,-12,0
41,-51,0
-18,66,0
1,63,0
47,54,0
14,73,0
28,-55,0
-26,65,0
-2,59,0
64,22,0
-59,17,0
-57,35,0
-58,-33,0
-64,-44,0
-54,32,0
57,28,0
17,-73,0
71,7,0
-61,32,0
-52,-32,0
-35,-60,0
5,59,0
41,47,0
51,-33,0
20,61,0
61,-17,0
-61,20,0
56,36,0
