29,39,1
6,-43,1
20,-24,1
-29,29,1
16,-43,1
1,39,1
-14,-25,1
-41,-20,1
6,-32,1
-40,-22,1
27,-33,1
9,-37,1
26,6,1
47,13,1
37,-17,1
44,-12,1
-38,22,1
44,15,1
13,-46,1
-17,-41,1
19,42,1
27,24,1
-26,-6,1
34,15,1
34,28,1
-20,-18,1
29,-17,1
-17,-44,1
-21,38,1
29,30,1
6,-33,1
-32,-1,1
11,46,1
-18,27,1
-21,39,1
-30,-15,1
-12,-45,1
-36,15,1
12,-44,1
13,46,1
42,22,1
43,20,1
33,3,1
-22,28,1
-6,43,1
23,19,1
40,0,1
48,-8,1
17,-26,1
-25,4,1
-11,35,1
27,-22,1
-22,39,1
21,27,1
-26,-34,1
47,-3,1
26,-21,1
37,26,1
-29,-19,1
2,46,1
-15,-45,1
-5,45,1
15,47,1
24,33,1
-4,32,1
32,25,1
-39,8,1
5,-49,1
-29,16,1
-5,-43,1
42,-5,1
1,43,1
30,-40,1
1,-44,1
-4,-27,1
24,-39,1
-36,-22,1
-36,-11,1
-19,34,1
-14,23,1
35,4,1
-6,42,1
-18,-30,1
-13,33,1
33,-13,1
-28,33,1
-20,-44,1
8,-33,1
18,31,1
-8,44,1
35,7,1
41,-4,1
-34,24,1
14,-24,1
-7,31,1
28,1,1
13,42,1
-11,-48,1
32,-25,1
2,36,1
-24,-8,1
11,28,1
-37,-15,1
-4,-25,1
-39,29,1
-7,33,1
36,-11,1
-27,41,1
45,-21,1
44,20,1
-40,-14,1
35,2,1
-43,12,1
-30,-38,1
11,-27,1
-21,26,1
32,-12,1
-40,10,1
-28,19,1
-15,23,1
32,-9,1
-21,15,1
8,37,1
-2,-33,1
-21,22,1
35,35,1
20,-16,1
-47,1,1
34,-21,1
-30,16,1
38,-31,1
-42,-7,1
37,-17,1
6,47,1
11,-25,1
-34,-9,1
30,-11,1
-12,-34,1
-2,-34,1
17,35,1
-20,-29,1
-7,-41,1
37,-1,1
44,7,1
19,-32,1
-47,-10,1
-45,-10,1
31,-19,1
16,-32,1
-13,45,1
21,39,1
-25,-30,1
-32,30,1
-17,36,1
37,-26,1
-6,-43,1
16,32,1
21,17,1
3,35,1
-28,16,1
36,20,1
-37,-15,1
-23,-25,1
25,22,1
-17,-45,1
-35,7,1
47,10,1
15,31,1
46,10,1
45,-9,1
12,-42,1
-38,23,1
33,-25,1
17,41,1
-21,19,1
25,-43,1
-7,26,1
26,-13,1
6,25,1
-3,-32,1
6,42,1
40,3,1
-36,34,1
3,26,1
-27,3,1
35,18,1
-26,36,1
-24,42,1
-40,-18,1
-35,22,1
-48,-12,1
-13,37,1
-25,-33,1
-48,-5,1
14,-36,1
-15,34,1
27,0,1
-21,-37,1
-25,26,1
41,9,1
-31,29,1
-9,38,1
33,-1,1
-34,25,1
-42,27,1
37,-22,1
-14,25,1
36,6,1
-6,-44,1
-38,-4,1
-17,-27,1
-29,-28,1
6,-39,1
-9,36,1
30,-17,1
-21,-31,1
41,20,1
-2,41,1
46,14,1
-38,30,1
-16,-20,1
-30,23,1
25,-40,1
27,-9,1
-6,-29,1
38,22,1
-24,-33,1
45,14,1
-42,-17,1
17,-41,1
9,-24,1
-2,49,1
-26,42,1
-9,27,1
-30,33,1
33,-36,1
-17,-30,1
1,43,1
-26,26,1
12,-35,1
15,20,1
-29,31,1
-49,-6,1
13,34,1
24,14,1
-19,-31,1
-35,-13,1
4,-46,1
37,28,1
-27,-31,1
-29,15,1
48,-1,1
-37,-2,1
-26,7,1
-15,41,1
-24,-38,1
-33,18,1
16,36,1
-25,-41,1
42,3,1
-34,-24,1
-22,14,1
29,20,1
5,-30,1
14,43,1
-19,26,1
-4,32,1
-10,-32,1
41,15,1
24,-43,1
10,-38,1
39,14,1
20,15,1
13,37,1
27,34,1
-13,-31,1
28,-24,1
-6,-29,1
-14,-47,1
-28,39,1
34,29,1
-34,21,1
15,25,1
-46,-5,1
-33,-15,1
-29,-17,1
-31,-34,1
-41,7,1
6,-35,1
-14,-38,1
49,2,1
-26,25,1
31,31,1
-14,38,1
47,-16,1
25,8,1
-19,21,1
-28,31,1
37,5,1
-14,-29,1
-14,30,1
-30,-35,1
10,-42,1
-17,-31,1
26,-9,1
-27,-15,1
35,24,1
-31,-22,1
37,4,1
-13,-37,1
-8,33,1
-5,28,1
9,-41,1
14,26,1
33,-32,1
-5,-31,1
4,29,1
-30,-14,1
18,-30,1
36,-25,1
-39,-30,1
20,36,1
26,21,1
39,-24,1
-29,27,1
4,-32,1
11,47,1
-47,-3,1
37,14,1
45,1,1
44,8,1
-1,37,1
-35,9,1
26,-15,1
29,-28,1
-34,8,1
0,-27,1
-36,-7,1
22,39,1
-22,27,1
-4,-30,1
1,-48,1
15,37,1
-29,-36,1
32,-30,1
6,42,1
39,-20,1
40,21,1
13,-32,1
-42,1,1
23,12,1
11,48,1
38,-32,1
-19,22,1
1,-41,1
-44,6,1
32,8,1
34,24,1
44,16,1
-28,2,1
8,34,1
-7,49,1
-6,-29,1
-30,36,1
14,-31,1
6,28,1
-38,16,1
40,-25,1
30,-24,1
-28,-38,1
-49,-7,1
-15,-37,1
-36,28,1
20,-23,1
-42,2,1
12,-36,1
-38,24,1
-18,-44,1
-29,28,1
-35,31,1
-38,4,1
15,46,1
-46,-15,1
-14,25,1
35,8,1
-11,-26,1
-5,-37,1
-17,32,1
-38,8,1
2,-41,1
42,-27,1
33,0,1
26,31,1
26,15,1
-31,32,1
-8,29,1
-11,-28,1
-17,34,1
14,23,1
35,26,1
8,39,1
46,-13,1
3,40,1
31,-20,1
-43,-17,1
30,-14,1
-23,-20,1
-10,-26,1
-20,-26,1
35,33,1
-39,9,1
33,12,1
24,-42,1
-26,35,1
-29,29,1
-25,30,1
-33,-4,1
15,-30,1
-44,-2,1
-45,-3,1
-27,37,1
-21,-28,1
-14,37,1
-14,39,1
7,47,1
-19,44,1
5,-46,1
-1,-26,1
-28,31,1
-27,-10,1
-35,-31,1
15,-47,1
23,22,1
12,-28,1
-34,-18,1
-31,19,1
23,41,1
2,38,1
33,29,1
8,26,1
-41,1,1
-28,16,1
21,44,1
-26,-26,1
35,-24,1
-28,0,1
33,-24,1
-3,-34,1
-38,-26,1
-31,20,1
18,-40,1
-18,-29,1
21,30,1
3,27,1
32,18,1
-41,-22,1
27,-38,1
-37,-32,1
-7,35,1
-19,-23,1
-37,21,1
27,-17,1
-39,19,1
-17,42,1
-22,22,1
30,-17,1
-30,-1,1
20,-36,1
22,-36,1
-24,34,1
-24,23,1
32,-5,1
-45,4,1
-49,-3,1
13,-47,1
-18,41,1
-12,-29,1
-40,23,1
-16,44,1
-30,18,1
6,-33,1
24,24,1
10,32,1
1,38,1
-28,3,1
48,-14,1
-7,-24,1
47,-8,1
-32,10,1
-25,4,1
9,32,1
45,-3,1
29,-31,1
-37,-29,1
-34,20,1
-40,0,1
-13,-46,1
2,43,1
-29,40,1
-28,15,1
-5,68,0
52,-47,0
-45,-40,0
-65,13,0
43,-41,0
54,-57,0
-53,42,0
11,-59,0
29,50,0
59,0,0
-76,2,0
-40,47,0
50,-34,0
8,-70,0
4,-74,0
45,-42,0
32,61,0
-75,20,0
60,-50,0
-50,60,0
63,-35,0
-36,60,0
-63,13,0
28,73,0
42,59,0
-46,-65,0
-66,11,0
-55,-47,0
77,19,0
52,-26,0
-38,61,0
-6,57,0
-7,-60,0
-30,-59,0
-73,27,0
-56,56,0
-14,-60,0
-64,24,0
-30,-52,0
54,-43,0
-77,21,0
-24,64,0
37,-69,0
-24,-71,0
42,39,0
20,73,0
58,-22,0
50,-59,0
56,-49,0
-15,-75,0
-76,7,0
56,43,0
-47,-43,0
37,64,0
-49,-29,0
-69,-34,0
-11,-69,0
-55,16,0
-54,-49,0
69,-23,0
-62,30,0
-56,38,0
9,-70,0
-3,-72,0
54,35,0
74,-26,0
-60,-7,0
-32,58,0
-23,-68,0
-59,-35,0
-10,73,0
31,73,0
57,18,0
62,-9,0
40,-54,0
46,65,0
69,14,0
29,-59,0
19,52,0
-52,-50,0
60,-19,0
45,-42,0
-72,26,0
-27,-64,0
10,72,0
70,-30,0
-45,46,0
77,-15,0
-3,69,0
-44,-41,0
-38,45,0
-68,16,0
-56,-53,0
58,-28,0
35,-44,0
-54,-42,0
-66,-24,0
18,-58,0
-53,-58,0
-23,70,0
-47,42,0
54,-55,0
39,-58,0
62,-1,0
7,-70,0
31,-65,0
-62,40,0
48,-64,0
66,-41,0
34,-61,0
-32,73,0
-47,64,0
-36,65,0
-57,4,0
16,-57,0
58,-53,0
25,-70,0
55,-48,0
24,51,0
-14,-60,0
4,64,0
-59,16,0
52,44,0
58,-44,0
-13,66,0
-53,-32,0
-50,-59,0
12,57,0
20,-75,0
-1,78,0
-66,43,0
-38,-56,0
66,-23,0
2,61,0
23,-58,0
-77,-21,0
-11,-65,0
56,53,0
62,5,0
42,-36,0
-24,-51,0
20,-60,0
-77,-10,0
74,30,0
-72,15,0
50,28,0
55,16,0
45,45,0
69,-6,0
64,-20,0
62,-12,0
-46,47,0
36,-44,0
75,-23,0
59,6,0
54,-11,0
-31,-66,0
-39,-63,0
-29,63,0
-58,26,0
1,-59,0
-11,62,0
55,5,0
-59,49,0
-35,43,0
-53,54,0
-42,51,0
-54,32,0
23,60,0
40,54,0
-58,-20,0
-42,-56,0
68,-14,0
-39,-54,0
-48,56,0
-75,8,0
-32,53,0
49,29,0
-54,58,0
-71,24,0
2,-68,0
-53,26,0
64,34,0
-8,74,0
-18,62,0
-68,-24,0
22,-56,0
57,-26,0
9,-71,0
-45,-64,0
-55,-8,0
75,9,0
26,-67,0
6,61,0
42,61,0
23,60,0
-47,34,0
-15,-54,0
-67,-10,0
60,-24,0
-61,46,0
18,-63,0
17,72,0
-19,70,0
-60,-9,0
61,1,0
54,39,0
-48,-50,0
-72,-2,0
46,-35,0
-34,72,0
72,-1,0
56,-21,0
23,71,0
11,76,0
-46,-35,0
-44,37,0
-20,-58,0
-17,-61,0
-61,4,0
-70,7,0
55,37,0
30,48,0
7,-70,0
-28,57,0
62,37,0
8,63,0
63,4,0
16,71,0
64,-21,0
-67,30,0
-75,12,0
40,-38,0
-66,-17,0
66,-24,0
-72,-23,0
57,-15,0
-59,-8,0
43,-55,0
-44,65,0
-68,34,0
2,-60,0
-25,70,0
-53,-41,0
2,-75,0
-2,68,0
-63,6,0
-3,64,0
-6,74,0
30,74,0
-55,-23,0
52,-35,0
-43,37,0
-50,41,0
13,59,0
-61,4,0
-1,76,0
26,62,0
-15,-61,0
-63,-20,0
78,-15,0
-3,-67,0
-74,18,0
-59,12,0
63,-3,0
52,56,0
-67,-3,0
-62,30,0
69,-39,0
37,67,0
70,-33,0
38,66,0
-58,20,0
-51,-26,0
-43,-67,0
-44,-37,0
63,-31,0
32,45,0
-33,69,0
-56,-19,0
39,-40,0
59,-28,0
57,-30,0
-44,38,0
31,46,0
48,-36,0
37,42,0
-5,-63,0
-33,-72,0
-13,72,0
47,37,0
-62,-50,0
-26,-51,0
66,-44,0
52,-43,0
-54,58,0
-21,62,0
67,11,0
57,55,0
1,64,0
-45,53,0
-68,-23,0
19,-54,0
-21,-51,0
65,-26,0
8,66,0
-57,-10,0
34,-51,0
-20,-60,0
-75,-8,0
-11,67,0
-54,-59,0
-73,21,0
-30,68,0
-48,-45,0
7,-69,0
64,48,0
29,64,0
55,-21,0
-71,-23,0
77,-10,0
30,67,0
-35,48,0
57,26,0
62,-24,0
-58,-28,0
-44,-33,0
73,-27,0
61,46,0
53,-48,0
-12,-67,0
41,40,0
-56,-53,0
-24,62,0
-80,0,0
5,79,0
-34,-44,0
69,-21,0
-30,49,0
-59,32,0
-15,64,0
22,51,0
58,4,0
-35,-49,0
-51,-35,0
-51,-32,0
-73,0,0
-33,-48,0
55,10,0
33,-60,0
4,-63,0
-75,-9,0
-5,58,0
27,52,0
65,41,0
45,-43,0
34,-72,0
-40,-60,0
-15,-77,0
77,11,0
19,-58,0
44,-38,0
-24,-53,0
-4,69,0
-18,-66,0
11,-55,0
13,61,0
65,23,0
57,-17,0
-13,-70,0
1,55,0
-27,49,0
-37,68,0
56,43,0
77,17,0
64,40,0
75,-18,0
58,45,0
-27,-55,0
-65,31,0
-44,49,0
-59,33,0
-60,1,0
20,72,0
53,-38,0
-64,-35,0
-26,49,0
67,-7,0
-36,66,0
67,-29,0
5,64,0
-65,2,0
-25,-55,0
9,-64,0
75,27,0
74,21,0
-26,59,0
-38,55,0
-43,-50,0
-41,-50,0
76,6,0
68,37,0
-52,26,0
17,74,0
22,72,0
-75,9,0
-30,68,0
-59,40,0
52,45,0
58,29,0
-38,-41,0
62,-16,0
69,-22,0
62,38,0
44,59,0
-66,-4,0
21,-51,0
18,57,0
-58,54,0
-61,-40,0
47,-56,0
70,-26,0
35,65,0
42,-44,0
-25,49,0
-36,-69,0
-1,-59,0
-57,-6,0
2,-62,0
24,64,0
48,-46,0
53,-15,0
-62,-3,0
56,-4,0
-35,-63,0
63,32,0
-67,26,0
10,78,0
20,-64,0
37,-56,0
6,-56,0
-59,45,0
40,-62,0
44,41,0
-56,31,0
46,57,0
-19,64,0
-65,-20,0
62,34,0
55,-23,0
38,-42,0
79,10,0
-9,75,0
-47,49,0
-15,65,0
-57,-21,0
-75,15,0
-60,6,0
54,-51,0
62,7,0
-50,-37,0
16,-68,0
47,-54,0
61,32,0
-56,10,0
68,8,0
-26,-59,0
34,46,0
-25,73,0
-58,-12,0
54,55,0
12,55,0
-61,14,0
9,63,0
51,-24,0
16,-61,0
-47,-60,0
-36,-51,0
-63,-10,0
22,-75,0
-27,-73,0
70,31,0
48,-55,0
-59,39,0
8,75,0
11,-56,0
-50,-55,0
-50,34,0
-60,28,0
-5,-76,0
50,34,0
51,52,0
17,-75,0
-76,15,0
-48,-40,0
-10,-71,0
-49,-60,0
25,66,0
59,-36,0
-61,34,0
