14,-34,1
30,-4,1
38,-30,1
-13,47,1
-40,-10,1
30,-11,1
21,-38,1
-43,-23,1
36,10,1
-41,-17,1
-43,-2,1
21,-40,1
31,-7,1
-22,-13,1
7,38,1
9,-27,1
-47,9,1
24,-23,1
-3,-30,1
11,-26,1
23,-27,1
-31,-32,1
-29,5,1
7,-30,1
46,1,1
39,-9,1
35,8,1
-19,21,1
13,-42,1
34,36,1
-23,15,1
-1,-33,1
17,30,1
-25,-11,1
-27,-41,1
8,-33,1
29,25,1
35,-24,1
21,-17,1
-34,17,1
28,-40,1
32,-15,1
22,16,1
37,-3,1
42,1,1
31,33,1
41,9,1
-31,35,1
-28,9,1
36,-17,1
-47,4,1
5,-30,1
26,12,1
7,40,1
0,36,1
-14,37,1
-45,-7,1
24,-16,1
39,15,1
-43,-12,1
35,-27,1
-38,22,1
-38,-24,1
39,-22,1
5,-40,1
-36,-4,1
16,23,1
-23,-12,1
-27,-19,1
-12,-25,1
32,-6,1
-27,-28,1
-20,-22,1
23,24,1
42,26,1
-19,-30,1
21,37,1
26,-37,1
-38,-10,1
-42,-6,1
-16,-27,1
35,-3,1
-4,30,1
-37,9,1
45,9,1
-43,11,1
27,-6,1
26,19,1
15,32,1
-31,-8,1
42,-13,1
-32,-19,1
-5,-48,1
-45,-5,1
34,7,1
23,23,1
-29,-4,1
37,22,1
36,-14,1
-12,-31,1
24,-21,1
-9,39,1
29,11,1
-13,29,1
-2,-28,1
-14,-24,1
-38,15,1
-26,-6,1
-38,-17,1
28,19,1
-19,46,1
34,-24,1
-26,-35,1
-32,33,1
-15,-40,1
5,-29,1
-39,-29,1
-3,46,1
36,26,1
-22,-26,1
-23,31,1
-9,-26,1
-12,-38,1
-38,23,1
32,-32,1
17,-44,1
-37,-3,1
43,0,1
29,-8,1
-11,33,1
9,-41,1
-35,-17,1
-35,25,1
28,-23,1
19,-20,1
13,41,1
-14,-21,1
25,17,1
-39,-13,1
34,-19,1
25,21,1
-26,-3,1
38,24,1
-7,34,1
25,-19,1
-25,-5,1
46,-14,1
21,-29,1
-8,-34,1
18,-33,1
26,-20,1
49,3,1
-31,21,1
-24,26,1
24,10,1
-20,27,1
32,21,1
-25,-39,1
19,43,1
3,-33,1
20,-16,1
24,43,1
28,-38,1
21,26,1
-11,-30,1
20,41,1
46,-11,1
-9,43,1
22,-39,1
24,23,1
-30,31,1
-5,45,1
48,-11,1
5,-49,1
-6,37,1
18,33,1
5,31,1
35,-2,1
34,21,1
-30,-40,1
45,-11,1
-28,39,1
-30,15,1
-41,-23,1
41,25,1
-25,0,1
35,3,1
12,36,1
17,20,1
2,-46,1
16,-39,1
12,-25,1
-22,22,1
-34,-33,1
-26,-1,1
-26,-34,1
18,-30,1
2,39,1
48,-4,1
36,-30,1
5,-43,1
28,-5,1
-24,-28,1
-10,28,1
-31,15,1
-47,11,1
-41,10,1
19,-31,1
36,-22,1
-31,-6,1
25,-22,1
-7,43,1
-10,45,1
14,28,1
-28,-6,1
35,13,1
-45,-18,1
39,-20,1
-5,48,1
-24,-23,1
-25,-4,1
41,-21,1
-18,-30,1
39,25,1
-10,-32,1
-45,3,1
-19,-46,1
-18,33,1
37,-27,1
-42,-23,1
28,13,1
-24,34,1
14,45,1
-21,22,1
-36,5,1
4,40,1
20,28,1
-7,38,1
-6,-33,1
-26,-40,1
23,31,1
-36,-13,1
-14,-30,1
30,1,1
-12,-42,1
28,36,1
-3,26,1
43,17,1
-30,-14,1
39,-12,1
35,-35,1
1,31,1
46,10,1
-20,21,1
-17,36,1
30,-13,1
-29,39,1
-20,-25,1
-20,42,1
-10,48,1
-18,-41,1
-21,22,1
-35,6,1
28,9,1
46,8,1
20,29,1
-21,-40,1
39,-21,1
28,-38,1
-29,21,1
-13,39,1
30,25,1
37,-15,1
-46,-17,1
-8,-27,1
-41,28,1
17,40,1
-24,37,1
24,-28,1
14,33,1
-2,47,1
-29,-12,1
12,-37,1
26,18,1
40,25,1
29,9,1
26,-4,1
-18,33,1
-31,37,1
-29,-6,1
29,31,1
5,40,1
-37,-25,1
27,19,1
-41,16,1
15,45,1
-34,19,1
40,0,1
22,13,1
12,-48,1
-27,9,1
-33,9,1
4,37,1
-34,-19,1
-12,34,1
-45,18,1
-4,39,1
30,39,1
-31,9,1
-41,0,1
-32,-38,1
3,45,1
34,-31,1
33,1,1
8,-41,1
-46,7,1
30,-27,1
-13,39,1
10,-36,1
32,-5,1
-7,31,1
-34,33,1
22,30,1
46,-13,1
6,-32,1
-35,6,1
-39,6,1
26,-18,1
-9,29,1
24,-8,1
-48,3,1
33,0,1
3,-36,1
0,32,1
10,-41,1
25,8,1
-12,-33,1
30,-29,1
35,-11,1
24,-32,1
8,-42,1
15,42,1
-28,-9,1
33,18,1
-15,-44,1
8,49,1
46,14,1
30,36,1
8,43,1
-27,24,1
-43,21,1
-37,-32,1
21,39,1
-31,16,1
45,-13,1
-26,-14,1
40,-25,1
-44,11,1
31,2,1
25,-22,1
13,-47,1
-35,-33,1
16,-25,1
25,-39,1
25,-15,1
-7,26,1
-15,36,1
-25,-11,1
13,-24,1
-48,-8,1
12,-27,1
38,13,1
29,-24,1
23,35,1
-19,42,1
18,44,1
-14,43,1
-18,44,1
-41,-6,1
7,-25,1
35,-15,1
5,45,1
25,-17,1
-10,30,1
-24,-10,1
-14,36,1
32,36,1
-27,1,1
-30,-27,1
0,32,1
46,13,1
-14,-25,1
-48,5,1
-41,6,1
34,-7,1
-29,-34,1
-29,0,1
38,-10,1
29,28,1
14,26,1
-20,-35,1
-37,26,1
-20,31,1
-28,28,1
-2,31,1
34,-4,1
30,7,1
-23,32,1
14,31,1
-31,23,1
29,-40,1
-21,15,1
-31,36,1
34,-9,1
-37,-15,1
10,37,1
26,-31,1
30,36,1
44,-3,1
-33,-28,1
35,-1,1
-39,23,1
-30,-6,1
-32,32,1
-6,-38,1
-28,-27,1
-45,-2,1
-37,-32,1
30,14,1
-11,32,1
15,30,1
-2,-40,1
-7,34,1
-25,-37,1
-38,15,1
25,-32,1
-30,-34,1
32,-15,1
11,47,1
47,-2,1
-34,7,1
-36,28,1
47,-5,1
39,3,1
-10,-29,1
33,-12,1
-33,-17,1
-13,48,1
41,2,1
-22,36,1
14,31,1
42,11,1
-45,-17,1
36,-34,1
-29,28,1
-32,16,1
30,-15,1
-22,-39,1
23,-22,1
24,-38,1
5,46,1
-2,36,1
-46,-2,1
-33,-29,1
-23,-43,1
-41,-5,1
-25,-17,1
25,7,1
9,26,1
12,-24,1
-17,32,1
-1,-27,1
-2,36,1
23,38,1
35,24,1
46,-18,1
25,15,1
32,-2,1
-9,-38,1
0,35,1
-21,-38,1
-6,41,1
2,-49,1
32,20,1
-48,-5,1
21,-17,1
-31,5,1
23,18,1
15,46,1
43,-15,1
-28,35,1
10,-29,1
-46,16,1
-3,-44,1
-6,-33,1
42,-5,1
-39,16,1
11,34,1
0,-31,1
-21,33,1
-33,-45,0
15,54,0
3,53,0
-68,12,0
-15,-49,0
45,16,0
12,65,0
-50,1,0
-36,32,0
-59,16,0
49,-16,0
-51,11,0
-55,41,0
-12,64,0
14,-54,0
48,18,0
-58,14,0
-5,51,0
33,58,0
-55,-22,0
10,-44,0
-49,3,0
-31,-33,0
46,32,0
65,21,0
-7,63,0
-9,-56,0
-35,-45,0
61,26,0
-12,55,0
44,-33,0
24,-46,0
-65,-3,0
6,64,0
-4,-62,0
-41,-23,0
6,67,0
50,24,0
-12,-55,0
18,-44,0
51,7,0
-45,-3,0
-1,55,0
-65,8,0
-7,-46,0
-50,40,0
14,-64,0
-40,32,0
4,-58,0
47,3,0
-55,20,0
-59,-11,0
-20,-67,0
55,12,0
49,4,0
-28,-54,0
41,-48,0
19,-55,0
-47,4,0
45,-10,0
26,-64,0
-4,-67,0
-63,-28,0
-68,-15,0
-53,-24,0
-50,-34,0
-33,-34,0
-3,68,0
-23,-58,0
47,-46,0
53,-34,0
50,26,0
50,37,0
51,46,0
37,-51,0
68,7,0
-34,-39,0
-56,-10,0
66,2,0
32,43,0
24,56,0
-29,59,0
24,-44,0
-25,-64,0
22,53,0
26,-48,0
56,-18,0
37,-56,0
-31,46,0
-52,22,0
34,-43,0
-12,-48,0
-31,-35,0
53,39,0
59,-26,0
-46,16,0
23,-64,0
8,67,0
22,42,0
59,-14,0
35,-29,0
-15,55,0
5,-66,0
-29,-46,0
6,-46,0
50,-13,0
13,49,0
-21,-57,0
-33,-54,0
-37,-50,0
53,-20,0
39,47,0
-54,-27,0
33,-33,0
45,-30,0
-47,34,0
7,-65,0
61,-25,0
30,60,0
60,26,0
50,22,0
-44,-11,0
-25,-38,0
-17,-49,0
39,-28,0
7,-57,0
63,28,0
-13,61,0
-22,44,0
51,19,0
63,24,0
48,-8,0
23,39,0
9,-62,0
-47,-2,0
-6,51,0
-65,19,0
29,-38,0
41,-31,0
-44,-13,0
39,42,0
44,-18,0
-62,8,0
0,57,0
44,-37,0
-56,-5,0
23,53,0
39,-42,0
46,-1,0
-55,-25,0
52,-26,0
5,60,0
-28,-57,0
-55,25,0
-42,47,0
55,39,0
56,10,0
-62,31,0
42,35,0
1,48,0
49,-29,0
38,-28,0
67,-13,0
-62,16,0
-1,-45,0
4,62,0
51,13,0
-49,-42,0
16,-50,0
-2,-49,0
-23,48,0
55,-18,0
-51,29,0
0,-49,0
45,52,0
23,56,0
-33,31,0
58,4,0
-44,-23,0
-39,-23,0
33,-40,0
63,-27,0
-50,27,0
-48,13,0
19,-60,0
-67,-4,0
51,-11,0
-14,64,0
-3,-60,0
-37,-46,0
-9,-64,0
-55,-11,0
21,-60,0
23,-64,0
51,-20,0
-11,53,0
-60,-30,0
54,32,0
-27,-59,0
43,25,0
-8,-64,0
32,40,0
8,53,0
66,19,0
13,-48,0
-30,42,0
56,-31,0
44,-24,0
20,-59,0
-56,8,0
20,57,0
49,7,0
-45,45,0
45,22,0
-53,-35,0
-55,16,0
27,64,0
55,-30,0
43,14,0
-49,30,0
0,-70,0
68,9,0
-31,-35,0
56,22,0
56,23,0
-22,45,0
-43,53,0
-65,-4,0
48,17,0
-37,-28,0
33,56,0
-21,-58,0
-48,-47,0
64,-11,0
-30,-43,0
-22,44,0
-55,28,0
52,-26,0
-6,56,0
67,6,0
-62,-13,0
-8,-46,0
58,10,0
44,-12,0
-50,13,0
17,-45,0
45,-2,0
52,-37,0
51,-33,0
59,34,0
-51,-44,0
-39,-58,0
2,52,0
31,-48,0
47,-39,0
-45,14,0
0,-59,0
-19,52,0
47,28,0
67,-20,0
61,11,0
2,65,0
-16,-64,0
-34,-35,0
-47,7,0
-50,-28,0
-11,-58,0
55,-29,0
-5,58,0
24,-62,0
1,67,0
25,-43,0
-33,-56,0
46,-19,0
67,2,0
27,-49,0
43,24,0
-4,-58,0
50,-7,0
36,-59,0
-35,48,0
48,5,0
-34,59,0
48,47,0
-36,47,0
-46,-39,0
12,45,0
7,-60,0
58,-32,0
-29,-63,0
-54,-33,0
40,33,0
-49,-13,0
34,53,0
61,6,0
-23,64,0
55,-8,0
-50,30,0
48,13,0
-22,55,0
-45,34,0
20,-66,0
-38,54,0
-49,42,0
45,-26,0
-46,6,0
47,51,0
-50,-9,0
68,11,0
-58,8,0
64,-15,0
-54,17,0
-45,18,0
-44,-15,0
-67,-9,0
-64,1,0
39,-46,0
-32,-55,0
-31,-39,0
-53,-5,0
-38,-34,0
47,19,0
-51,26,0
52,-45,0
44,19,0
-56,42,0
59,17,0
22,-41,0
-40,22,0
-51,-23,0
45,18,0
-11,-50,0
55,6,0
-8,-45,0
-17,58,0
40,27,0
-55,-40,0
-32,54,0
-40,-41,0
28,-46,0
59,6,0
-16,-58,0
4,50,0
53,6,0
-48,-10,0
65,4,0
-36,-51,0
-31,-35,0
9,57,0
22,-44,0
22,-50,0
59,-12,0
-29,-38,0
-12,54,0
-62,1,0
54,-1,0
-62,-16,0
62,-9,0
39,-31,0
36,-44,0
68,13,0
-63,-1,0
-2,61,0
45,-26,0
-24,60,0
28,-60,0
-18,48,0
-45,-3,0
-17,42,0
-40,-41,0
56,16,0
-67,-12,0
-41,-44,0
-46,51,0
67,-1,0
-25,-46,0
-2,49,0
-19,-49,0
-45,-17,0
-45,-22,0
36,38,0
57,-5,0
-43,-31,0
-36,34,0
45,26,0
62,22,0
-50,6,0
53,25,0
-45,9,0
65,14,0
67,13,0
-11,-62,0
-66,4,0
42,19,0
-27,-60,0
53,-10,0
7,61,0
-52,-16,0
-40,-57,0
-1,55,0
-58,22,0
-10,49,0
-20,-41,0
19,63,0
-27,-56,0
37,-46,0
3,-56,0
10,-45,0
-39,27,0
65,-10,0
56,30,0
-28,64,0
54,22,0
-58,24,0
49,4,0
-16,-43,0
48,22,0
39,55,0
-34,-33,0
-32,-42,0
23,57,0
67,-5,0
10,-64,0
-32,-48,0
39,-29,0
-36,33,0
-49,18,0
-48,22,0
-15,62,0
-16,56,0
-48,9,0
-40,-37,0
-63,-19,0
0,-65,0
-60,10,0
-57,10,0
-62,-13,0
-66,22,0
14,55,0
-35,29,0
-46,31,0
-57,5,0
38,-27,0
-18,50,0
-11,-60,0
49,-30,0
15,58,0
-40,43,0
-59,9,0
65,7,0
-10,-69,0
13,-51,0
-27,-37,0
-42,-21,0
-57,2,0
-46,18,0
-53,18,0
-37,46,0
60,-23,0
-66,22,0
-33,-39,0
58,13,0
33,-60,0
23,40,0
-49,45,0
-24,51,0
-21,60,0
40,-26,0
-60,-27,0
-25,47,0
-49,-24,0
13,51,0
-58,15,0
-19,-49,0
-19,-43,0
36,-35,0
61,-11,0
64,-2,0
-25,-55,0
-44,27,0
44,-31,0
-30,43,0
-61,26,0
-16,46,0
-41,24,0
54,21,0
-57,28,0
53,31,0
64,-14,0
35,-50,0
-29,-43,0
-52,-36,0
49,-11,0
-52,8,0
-19,50,0
21,64,0
-46,19,0
-62,-26,0
11,54,0
-20,65,0
