-13,-24,1
-17,-42,1
13,34,1
-25,-6,1
-41,-23,1
14,-37,1
-22,32,1
-6,-35,1
-45,-1,1
42,-12,1
-38,-12,1
-24,-39,1
-48,-14,1
-21,-25,1
-37,-3,1
-14,-37,1
-44,17,1
8,34,1
45,11,1
11,34,1
-3,-49,1
-27,-15,1
17,-23,1
24,-10,1
-32,-27,1
38,1,1
-9,39,1
39,26,1
32,30,1
-29,34,1
-36,-13,1
-8,-48,1
-46,-17,1
-41,23,1
-36,20,1
33,6,1
26,29,1
12,-45,1
-1,-38,1
-7,-43,1
-10,-43,1
2,28,1
-1,40,1
-11,-39,1
8,-40,1
-25,20,1
-8,30,1
27,42,1
13,-37,1
-12,30,1
-32,36,1
-28,-38,1
34,-7,1
-12,25,1
-41,20,1
-26,-34,1
-18,-20,1
16,29,1
-24,11,1
14,47,1
-4,-38,1
-19,-45,1
-28,-5,1
47,-7,1
-24,-39,1
6,41,1
-7,44,1
17,46,1
-29,39,1
-7,-42,1
38,-14,1
-28,-10,1
-36,-27,1
17,36,1
15,-47,1
-36,-31,1
-42,12,1
10,35,1
-35,4,1
-26,-16,1
39,14,1
-14,42,1
-22,21,1
5,32,1
-38,-21,1
-18,32,1
-32,26,1
38,20,1
18,-30,1
25,2,1
27,42,1
-44,9,1
39,-16,1
49,-8,1
31,25,1
-31,-37,1
37,-26,1
-2,25,1
32,26,1
40,24,1
35,8,1
5,-39,1
1,-26,1
15,-25,1
32,-20,1
-38,3,1
3,48,1
-28,-16,1
12,-28,1
9,-42,1
-34,-13,1
22,-15,1
-5,41,1
-34,0,1
44,-8,1
22,-16,1
-16,-43,1
-46,-17,1
38,-12,1
44,10,1
-20,-32,1
-35,25,1
-14,44,1
40,8,1
-26,7,1
31,-14,1
-23,-23,1
41,18,1
38,20,1
-16,45,1
31,-20,1
-14,31,1
-11,-34,1
5,-43,1
32,-8,1
43,-6,1
28,-39,1
-18,27,1
-12,48,1
-25,7,1
-16,-36,1
-39,-13,1
38,-23,1
22,24,1
19,-21,1
-36,-15,1
-29,6,1
-8,35,1
28,37,1
-37,-24,1
-33,16,1
47,-2,1
13,-43,1
-43,16,1
30,-2,1
-7,-39,1
-6,27,1
12,-30,1
18,-42,1
22,-39,1
16,-27,1
-33,-14,1
-36,32,1
-23,41,1
9,31,1
-32,-10,1
-2,47,1
-15,21,1
3,47,1
-11,-47,1
-3,31,1
-1,-49,1
47,-6,1
19,24,1
-43,-17,1
-25,-39,1
47,7,1
24,40,1
23,-27,1
-25,38,1
29,-30,1
-29,-37,1
-41,4,1
-39,-12,1
-10,39,1
-47,7,1
28,17,1
-7,-33,1
40,2,1
6,49,1
24,-13,1
-39,15,1
-9,27,1
-27,30,1
5,49,1
31,-37,1
1,-45,1
-27,42,1
43,11,1
13,39,1
27,5,1
31,-26,1
43,23,1
24,-29,1
26,18,1
32,25,1
-39,13,1
-13,-48,1
-4,29,1
8,38,1
-42,11,1
-26,7,1
1,27,1
48,10,1
24,34,1
-44,11,1
30,-11,1
42,-17,1
-35,8,1
6,36,1
-40,10,1
35,30,1
-13,48,1
-25,-26,1
-44,4,1
-21,-21,1
-38,-18,1
-33,3,1
4,31,1
7,-41,1
40,-15,1
-36,31,1
-24,-17,1
39,13,1
16,-39,1
23,28,1
-8,-32,1
-32,-6,1
-26,8,1
32,13,1
43,-24,1
19,-44,1
-30,10,1
-39,5,1
-38,13,1
-2,45,1
31,-1,1
21,45,1
16,-47,1
28,-33,1
-35,28,1
-21,-31,1
24,9,1
26,37,1
36,31,1
-19,38,1
-33,6,1
18,-34,1
13,-41,1
15,27,1
-13,-31,1
-1,-32,1
-4,28,1
-23,22,1
-15,27,1
-29,18,1
14,27,1
38,-6,1
23,28,1
-36,-1,1
-17,-47,1
34,-28,1
28,0,1
-14,-45,1
24,-15,1
6,-47,1
33,-18,1
-42,17,1
40,28,1
17,-33,1
-28,41,1
5,-32,1
-22,-44,1
-43,-13,1
-6,32,1
10,41,1
3,-31,1
-30,-12,1
-14,32,1
27,-23,1
-32,-9,1
36,6,1
12,41,1
-24,-17,1
-27,15,1
-44,-15,1
6,31,1
-38,5,1
38,24,1
26,20,1
43,12,1
16,-38,1
-37,-6,1
23,-44,1
28,2,1
-39,-30,1
-44,-17,1
8,-41,1
-9,37,1
6,39,1
-7,-36,1
-34,18,1
27,-25,1
-41,22,1
-1,-45,1
12,-22,1
-38,2,1
42,-2,1
23,-11,1
-46,15,1
27,-10,1
-45,17,1
42,2,1
0,42,1
-38,-11,1
-27,8,1
-26,-14,1
-1,-46,1
29,33,1
-43,-18,1
36,-2,1
1,44,1
46,11,1
-28,-15,1
-15,43,1
33,-13,1
-40,22,1
-44,-9,1
-23,-38,1
39,21,1
-23,23,1
-37,-32,1
-40,-25,1
-31,31,1
-9,-49,1
23,21,1
26,-41,1
28,-29,1
-34,30,1
4,35,1
-33,-5,1
-21,-15,1
-8,-39,1
30,28,1
16,-38,1
18,38,1
14,29,1
4,-43,1
40,-24,1
47,-2,1
-36,10,1
0,-25,1
8,33,1
-38,-24,1
-24,-39,1
-14,38,1
46,-18,1
4,38,1
-21,-31,1
39,0,1
-34,23,1
-4,-33,1
-14,21,1
16,-24,1
-32,27,1
-29,24,1
2,-30,1
-22,-40,1
43,8,1
29,-14,1
3,-46,1
13,26,1
-24,-9,1
-5,38,1
11,-23,1
24,-40,1
31,-28,1
-24,20,1
33,28,1
2,-47,1
-15,24,1
-7,-26,1
-19,22,1
38,5,1
0,46,1
-42,-14,1
-47,-17,1
30,-7,1
-36,-22,1
-10,-44,1
34,-10,1
5,-37,1
22,-39,1
46,3,1
32,-2,1
17,-24,1
-16,-36,1
-15,37,1
5,48,1
43,15,1
-1,33,1
3,37,1
-46,12,1
6,27,1
-2,27,1
-36,-13,1
-25,-17,1
39,-9,1
-9,46,1
-25,-28,1
38,-1,1
22,-26,1
-39,-4,1
39,1,1
43,-23,1
-8,30,1
26,6,1
-12,22,1
20,17,1
29,-28,1
31,32,1
23,-20,1
34,-31,1
-23,17,1
11,26,1
-18,-43,1
-36,18,1
44,-21,1
-37,17,1
44,-14,1
-14,-24,1
14,32,1
37,21,1
35,-16,1
-5,34,1
-25,-11,1
21,-38,1
2,-27,1
28,-11,1
24,-41,1
39,14,1
-16,46,1
-37,-19,1
34,13,1
40,20,1
31,-15,1
37,11,1
-33,-22,1
-24,-11,1
39,18,1
20,-24,1
-35,-12,1
-30,27,1
-33,-5,1
-9,39,1
-28,10,1
-17,-24,1
30,33,1
29,-29,1
-26,1,1
32,9,1
-47,-15,1
-39,-3,1
-35,-9,1
-44,4,1
34,2,1
-19,35,1
-22,12,1
-8,33,1
33,-26,1
-5,-26,1
-14,-36,1
-39,-19,1
14,29,1
-23,12,1
16,-38,1
13,28,1
-28,10,1
-19,-28,1
-39,-20,1
-21,-45,1
-42,-2,1
-39,-3,1
-36,-4,1
-10,30,1
2,-25,1
33,3,1
38,-1,1
34,-5,1
11,24,1
18,43,0
25,-65,0
-11,-46,0
-50,-19,0
-57,39,0
-18,62,0
-61,-33,0
-42,-49,0
-61,-15,0
-37,-59,0
-6,-49,0
-33,-37,0
61,-3,0
-28,36,0
-17,63,0
-28,64,0
26,-59,0
33,-32,0
64,-5,0
0,-62,0
-28,38,0
-26,-50,0
16,58,0
-12,-46,0
18,-62,0
4,67,0
-45,-16,0
-34,50,0
-58,1,0
-60,-21,0
41,-37,0
43,-45,0
44,-43,0
20,62,0
28,-51,0
-68,-15,0
-39,-32,0
-25,-61,0
29,60,0
-49,2,0
-22,51,0
-52,14,0
-60,11,0
-59,35,0
-41,38,0
3,69,0
-31,60,0
-47,-31,0
40,46,0
-25,-60,0
39,-38,0
45,-6,0
-1,64,0
-48,-13,0
48,-17,0
-48,-19,0
7,-60,0
-47,-18,0
66,2,0
-11,-62,0
45,-5,0
21,-55,0
54,35,0
-27,-54,0
53,-9,0
-29,37,0
53,8,0
47,2,0
66,7,0
61,31,0
23,56,0
-14,60,0
12,44,0
-51,14,0
66,0,0
50,20,0
-49,37,0
45,30,0
55,12,0
-2,-47,0
19,-66,0
31,-38,0
54,8,0
40,-39,0
41,-44,0
-8,-50,0
-39,26,0
-68,15,0
-58,3,0
-34,51,0
-39,-53,0
34,57,0
-4,-49,0
-43,-21,0
50,33,0
52,5,0
-16,68,0
65,-14,0
-32,58,0
18,53,0
-39,38,0
-67,-5,0
-34,46,0
33,40,0
26,-38,0
47,43,0
52,-45,0
52,9,0
-33,-47,0
53,11,0
-52,37,0
10,-67,0
-58,6,0
35,29,0
45,27,0
16,44,0
-44,24,0
68,1,0
63,-18,0
-38,27,0
57,26,0
48,29,0
57,-26,0
-42,-53,0
-12,59,0
-11,47,0
-59,1,0
-47,7,0
-15,54,0
43,20,0
16,-57,0
31,-33,0
47,-25,0
48,43,0
-58,5,0
-66,7,0
-22,53,0
-17,44,0
51,36,0
52,37,0
40,-54,0
-50,17,0
-56,-36,0
60,36,0
-50,-12,0
-45,2,0
-28,58,0
-31,-45,0
67,-1,0
51,33,0
50,21,0
11,51,0
-30,-38,0
55,-37,0
-25,-56,0
-39,45,0
25,-62,0
40,-41,0
-47,-33,0
-54,0,0
-39,-35,0
-67,1,0
-68,7,0
-69,-4,0
26,53,0
52,-5,0
56,-33,0
-43,-49,0
-48,-49,0
12,-64,0
-38,-33,0
-16,58,0
-58,-8,0
10,51,0
-61,6,0
-42,30,0
57,17,0
-37,44,0
-23,55,0
-40,-36,0
-33,-40,0
-53,-35,0
-30,41,0
44,-32,0
17,50,0
40,-25,0
-37,-34,0
-7,-56,0
6,-58,0
-20,66,0
-54,34,0
-58,24,0
59,-34,0
20,-52,0
-22,61,0
42,48,0
-23,63,0
6,51,0
53,22,0
42,-49,0
4,-58,0
1,58,0
41,52,0
63,14,0
64,4,0
55,-16,0
30,47,0
-62,13,0
-28,45,0
49,-39,0
20,66,0
54,17,0
48,29,0
-9,52,0
19,59,0
-65,-16,0
23,60,0
-39,-46,0
-38,47,0
29,44,0
29,-38,0
-36,-46,0
39,43,0
-57,0,0
-52,6,0
46,-20,0
51,10,0
47,2,0
-57,32,0
65,-20,0
60,1,0
10,60,0
20,48,0
46,-25,0
-53,-32,0
0,-64,0
7,-64,0
-49,-47,0
-31,59,0
-53,16,0
61,-9,0
-33,32,0
-21,-63,0
45,-26,0
32,50,0
35,-34,0
-5,-69,0
38,45,0
48,-35,0
61,0,0
40,-50,0
47,-33,0
-42,22,0
-17,44,0
-6,66,0
35,48,0
-32,-53,0
-48,14,0
35,31,0
-20,59,0
41,-22,0
-42,56,0
-56,11,0
-49,17,0
15,-47,0
-14,68,0
-61,-33,0
-38,-38,0
-44,-38,0
63,1,0
38,42,0
18,-57,0
-50,-26,0
-19,43,0
-28,62,0
-56,1,0
-48,30,0
56,-19,0
-49,26,0
62,24,0
59,-3,0
-14,58,0
-33,33,0
-46,-9,0
63,-15,0
52,-11,0
3,-51,0
-65,16,0
-5,51,0
46,44,0
11,65,0
-36,47,0
-59,30,0
42,51,0
-53,-21,0
62,-9,0
-44,-20,0
-37,-53,0
11,66,0
51,46,0
27,-59,0
46,-1,0
-52,-40,0
24,-64,0
49,-6,0
55,-32,0
52,24,0
33,-46,0
10,65,0
-30,-39,0
-3,-58,0
-44,54,0
33,-32,0
49,-9,0
42,-27,0
31,-45,0
-19,45,0
-45,-34,0
-44,32,0
-27,-61,0
-43,17,0
-55,26,0
29,-53,0
23,49,0
43,-22,0
63,9,0
61,-30,0
33,-42,0
57,-11,0
62,11,0
56,-23,0
-55,-37,0
36,-60,0
37,-49,0
-39,-43,0
-41,29,0
-25,-47,0
-33,-44,0
-26,-52,0
20,-66,0
33,48,0
47,-8,0
45,-2,0
67,-8,0
-45,-51,0
47,-3,0
49,-15,0
-54,36,0
-34,61,0
-54,-36,0
22,62,0
-53,24,0
-12,-61,0
31,47,0
-64,-21,0
-66,11,0
-64,23,0
-42,-47,0
-59,-28,0
-32,-52,0
51,38,0
2,-58,0
43,40,0
-62,-29,0
19,-49,0
54,36,0
-67,1,0
-44,25,0
24,-41,0
66,-12,0
-65,-22,0
62,25,0
2,-52,0
-44,45,0
-43,-45,0
6,-66,0
-52,-18,0
-61,-29,0
24,-42,0
-53,-6,0
7,-54,0
-64,-24,0
-8,-62,0
-48,-18,0
0,58,0
30,63,0
-48,19,0
-28,56,0
55,31,0
32,-36,0
27,-43,0
-50,-33,0
65,-19,0
-56,-32,0
-33,52,0
-56,-10,0
13,-58,0
36,-38,0
-38,-35,0
20,62,0
-49,28,0
44,-44,0
-64,-1,0
61,-34,0
9,45,0
34,30,0
64,-28,0
25,50,0
48,15,0
48,-48,0
-44,22,0
1,62,0
48,-22,0
-45,16,0
-50,-17,0
-63,-20,0
-45,12,0
51,22,0
33,-44,0
-62,-13,0
60,-4,0
29,-56,0
60,22,0
51,26,0
-35,60,0
-36,34,0
58,14,0
2,45,0
25,39,0
-26,-53,0
-34,55,0
8,-67,0
-54,-3,0
5,48,0
3,47,0
61,3,0
52,23,0
-52,29,0
-42,26,0
-38,45,0
9,-55,0
-65,9,0
56,-42,0
-69,-7,0
25,45,0
49,-43,0
52,-5,0
-55,-12,0
-56,-8,0
-31,46,0
9,48,0
-18,-65,0
37,56,0
2,-53,0
26,50,0
2,68,0
-51,29,0
-21,-63,0
-60,25,0
-50,21,0
-36,60,0
58,-28,0
46,-34,0
13,59,0
-2,67,0
39,32,0
61,-33,0
-39,44,0
39,55,0
-7,54,0
37,-53,0
52,30,0
-57,32,0
11,55,0
-14,64,0
-12,-65,0
-41,43,0
-63,-26,0
28,40,0
14,-49,0
-50,28,0
-37,27,0
23,-56,0
49,-32,0
-62,-14,0
-28,-44,0
34,43,0
55,-9,0
42,29,0
-19,-48,0
-16,-65,0
44,14,0
34,36,0
-12,52,0
-43,-17,0
43,-37,0
0,-48,0
15,-68,0
-60,31,0
-54,-39,0
