-35,26,1
-37,-32,1
0,25,1
22,14,1
19,-33,1
-11,-36,1
-22,-41,1
-8,-24,1
-41,16,1
46,-4,1
11,-35,1
25,-7,1
-25,43,1
29,3,1
-30,32,1
37,-4,1
16,34,1
-24,-24,1
-33,-24,1
3,38,1
6,-34,1
-29,-38,1
41,9,1
25,-26,1
-26,27,1
18,-44,1
1,-25,1
-44,-3,1
-32,-12,1
36,-16,1
19,31,1
23,-16,1
18,-28,1
34,-16,1
19,-25,1
-26,19,1
-11,-44,1
23,-22,1
-1,-42,1
26,36,1
12,-26,1
-37,-26,1
36,-27,1
36,-15,1
-13,38,1
8,-32,1
7,30,1
-2,46,1
2,35,1
33,-1,1
-16,43,1
-30,-26,1
17,26,1
5,38,1
-36,-11,1
-14,-38,1
-3,-37,1
-25,-42,1
28,17,1
-28,-28,1
-32,-5,1
-18,-39,1
13,45,1
-9,-48,1
-26,-7,1
30,-5,1
24,25,1
43,1,1
-31,21,1
-21,-35,1
-7,41,1
24,-42,1
-28,-3,1
34,-19,1
14,41,1
-26,-9,1
-22,27,1
-19,21,1
24,-11,1
-9,-27,1
28,-33,1
-34,16,1
7,32,1
7,-32,1
36,-18,1
7,-48,1
16,21,1
49,-6,1
-28,-32,1
44,3,1
20,-17,1
9,-32,1
-36,30,1
36,-26,1
-25,0,1
-22,-40,1
21,-36,1
-1,27,1
4,-48,1
25,20,1
26,11,1
38,-17,1
-42,-16,1
-21,33,1
-49,-5,1
-35,-28,1
25,-23,1
1,-29,1
-20,-31,1
36,-21,1
-34,6,1
-39,2,1
-40,7,1
-11,27,1
-41,-18,1
-1,-34,1
-35,28,1
10,40,1
31,25,1
-22,38,1
38,23,1
-8,44,1
-10,23,1
9,40,1
40,-2,1
28,-21,1
-33,16,1
-7,48,1
17,29,1
-19,21,1
-13,-33,1
-39,-26,1
35,5,1
-29,22,1
-6,-42,1
21,-24,1
6,-35,1
-23,-21,1
-8,34,1
-36,-29,1
26,0,1
37,-20,1
29,-17,1
-37,-2,1
-40,21,1
-14,22,1
4,-36,1
0,-27,1
11,-29,1
5,-40,1
17,26,1
-43,-4,1
9,36,1
-30,-29,1
24,-8,1
-35,0,1
-37,8,1
23,19,1
-24,8,1
-44,5,1
-12,48,1
30,40,1
19,21,1
28,19,1
13,-28,1
-20,26,1
-2,44,1
-37,6,1
25,-34,1
-31,-16,1
-9,-36,1
-33,25,1
41,-3,1
32,-26,1
0,-25,1
-40,-8,1
0,-35,1
-17,-38,1
17,45,1
32,-6,1
-14,42,1
37,24,1
-7,-32,1
30,3,1
-8,36,1
30,-4,1
-35,34,1
-46,-5,1
20,36,1
-7,-40,1
1,36,1
44,5,1
-20,37,1
-25,-21,1
47,-5,1
-29,25,1
-46,18,1
33,12,1
35,6,1
-5,35,1
-25,-35,1
-37,-23,1
44,17,1
-8,46,1
-3,27,1
15,-40,1
10,31,1
-29,40,1
-31,6,1
24,21,1
-36,-23,1
-31,16,1
4,-39,1
9,30,1
31,-4,1
-13,39,1
-43,8,1
-7,-40,1
-33,29,1
-28,41,1
-28,15,1
-33,14,1
-13,28,1
44,-7,1
-13,-33,1
18,29,1
-26,34,1
9,25,1
29,30,1
-47,-11,1
28,-18,1
-30,40,1
29,32,1
-25,-14,1
40,-12,1
-3,-42,1
-1,35,1
32,37,1
46,-7,1
18,37,1
-47,3,1
46,-1,1
-22,-35,1
33,-13,1
-40,27,1
25,-23,1
-33,18,1
-13,-48,1
14,-38,1
-27,29,1
22,36,1
27,5,1
32,-37,1
9,26,1
43,-3,1
-25,5,1
-39,17,1
39,18,1
-1,48,1
-25,-40,1
-22,-15,1
9,24,1
-14,-38,1
-20,-31,1
-14,32,1
-21,-14,1
-43,16,1
25,-33,1
9,29,1
-37,30,1
-40,12,1
-17,35,1
34,-18,1
-34,-36,1
18,29,1
32,11,1
33,30,1
24,36,1
36,-26,1
-47,-16,1
-23,11,1
-39,18,1
20,-31,1
-37,15,1
-1,32,1
-3,-44,1
26,6,1
45,15,1
29,28,1
-27,35,1
34,-9,1
-18,-22,1
26,-26,1
-43,2,1
26,32,1
30,-31,1
30,8,1
-34,-30,1
-42,26,1
-12,38,1
-43,-9,1
24,33,1
11,-46,1
-46,-14,1
28,10,1
7,41,1
-33,-10,1
22,-27,1
-44,16,1
42,1,1
-42,-10,1
33,-29,1
40,21,1
45,12,1
22,-19,1
-8,-38,1
-47,13,1
-16,47,1
21,22,1
-33,-6,1
-18,-34,1
-35,6,1
25,18,1
-24,15,1
-18,-30,1
-36,27,1
-40,-10,1
34,0,1
-30,40,1
-14,-37,1
-36,31,1
-11,-42,1
-18,-21,1
-30,-35,1
-43,11,1
23,-20,1
31,-8,1
25,-24,1
39,-1,1
-18,41,1
46,14,1
-39,4,1
0,44,1
32,-12,1
0,-38,1
-10,34,1
-23,10,1
-13,-44,1
35,-13,1
20,24,1
0,-33,1
15,34,1
35,-16,1
-29,19,1
12,38,1
29,20,1
-44,-3,1
-6,30,1
15,-40,1
30,2,1
-30,-20,1
-25,-18,1
24,-18,1
-29,-24,1
-24,39,1
7,24,1
-40,16,1
-1,-48,1
-9,41,1
33,23,1
12,45,1
-18,24,1
14,46,1
34,-33,1
-24,-24,1
-23,21,1
-6,40,1
-36,20,1
-7,28,1
33,-36,1
19,-31,1
31,3,1
-7,33,1
22,-29,1
12,35,1
26,13,1
35,-2,1
-19,30,1
23,-15,1
-26,42,1
30,27,1
29,-31,1
40,-19,1
-17,-41,1
28,3,1
-24,23,1
-31,4,1
14,-35,1
41,-16,1
26,3,1
3,34,1
-21,-23,1
28,21,1
24,-27,1
25,12,1
25,25,1
-42,-27,1
-23,39,1
18,-34,1
-14,-37,1
41,-4,1
-4,32,1
-24,29,1
20,24,1
21,19,1
-19,43,1
34,3,1
1,45,1
45,1,1
-16,29,1
-28,-34,1
-9,38,1
43,6,1
-24,-7,1
27,5,1
-32,27,1
5,41,1
-33,23,1
-43,14,1
-42,23,1
-6,45,1
22,22,1
-19,38,1
-2,27,1
-33,-33,1
21,23,1
-33,32,1
29,40,1
1,-27,1
-36,-21,1
-38,29,1
-38,28,1
-36,-32,1
-39,9,1
31,7,1
28,38,1
-30,35,1
18,-32,1
-12,-25,1
-27,1,1
10,31,1
44,9,1
-37,16,1
-26,28,1
-8,-44,1
43,19,1
-38,1,1
-42,-24,1
10,-43,1
0,25,1
-26,-23,1
-42,7,1
36,-30,1
26,2,1
38,2,1
19,-25,1
-10,-28,1
46,4,1
26,5,1
-12,38,1
29,-13,1
8,-31,1
8,28,1
-32,-9,1
35,-9,1
-24,16,1
8,-43,1
-11,-26,1
48,3,1
22,-41,1
35,28,1
-17,34,1
19,46,1
38,-7,1
-24,-24,1
36,-27,1
-41,-5,1
-18,-40,1
-39,-13,1
41,-23,1
46,-19,1
-13,-48,1
28,8,1
-40,-1,1
-18,-25,1
40,26,1
-40,25,1
33,-5,1
5,-35,1
-41,27,1
69,11,0
12,63,0
43,-35,0
-58,20,0
60,28,0
8,65,0
-22,-65,0
52,-26,0
-49,-27,0
-7,56,0
46,16,0
-29,-51,0
66,-14,0
63,3,0
49,-17,0
-57,3,0
-29,-63,0
62,15,0
54,36,0
-11,68,0
21,45,0
56,-34,0
-29,-44,0
58,-36,0
44,16,0
49,15,0
15,49,0
-56,3,0
25,-45,0
-25,61,0
17,61,0
56,8,0
-5,-57,0
-7,-69,0
-24,-43,0
-7,-60,0
15,-55,0
-9,56,0
-62,-29,0
49,-1,0
-32,47,0
-61,-15,0
-42,23,0
-51,-23,0
-58,-28,0
65,-23,0
-34,30,0
5,61,0
-59,7,0
-64,28,0
-35,59,0
23,50,0
-21,48,0
66,0,0
13,-53,0
-51,7,0
-47,26,0
-33,-54,0
0,-67,0
-61,2,0
-46,-49,0
-46,-32,0
-51,-16,0
-18,43,0
41,-26,0
36,-33,0
67,17,0
-16,-44,0
62,8,0
56,-5,0
-14,47,0
51,17,0
36,36,0
61,-31,0
-56,32,0
-49,22,0
-34,-43,0
11,69,0
-41,-35,0
-49,9,0
-48,-15,0
-57,-22,0
17,-56,0
55,-2,0
-19,-51,0
-30,-48,0
43,-40,0
2,51,0
-25,60,0
12,-62,0
57,-20,0
-54,-41,0
-33,33,0
-20,49,0
-2,51,0
55,34,0
30,-37,0
-23,42,0
23,-66,0
-2,-56,0
64,5,0
55,-22,0
59,18,0
-22,-53,0
4,67,0
-50,27,0
17,61,0
-36,-35,0
67,-19,0
-13,46,0
0,-49,0
-66,23,0
-32,62,0
4,-55,0
-61,-2,0
53,-4,0
42,-20,0
-39,-48,0
-61,-5,0
-20,43,0
-53,3,0
-10,65,0
-53,-24,0
45,45,0
-16,-49,0
-55,41,0
-44,-15,0
53,-39,0
63,20,0
7,-56,0
-50,2,0
69,-10,0
-42,41,0
11,-54,0
-35,-42,0
-34,-31,0
-19,59,0
-45,-7,0
-15,-53,0
3,61,0
-57,-37,0
47,-23,0
37,27,0
47,-34,0
47,-31,0
-43,31,0
-50,14,0
-56,21,0
-36,-28,0
-18,-52,0
48,-23,0
1,-48,0
-65,-22,0
50,5,0
44,-47,0
32,44,0
43,-50,0
-42,-22,0
45,-53,0
-52,13,0
59,11,0
51,-25,0
61,-24,0
45,51,0
-34,43,0
38,48,0
-40,-36,0
-61,10,0
-54,-32,0
-49,-19,0
12,57,0
-49,-31,0
-37,-59,0
29,-55,0
48,-38,0
42,-22,0
41,-48,0
7,-58,0
34,-55,0
49,11,0
-59,-6,0
-58,-21,0
-53,-22,0
59,32,0
52,-42,0
-22,41,0
-9,49,0
-1,45,0
-57,-18,0
68,11,0
18,57,0
23,65,0
32,-60,0
5,-63,0
-35,-32,0
-46,-6,0
6,-50,0
-21,41,0
-48,-36,0
60,-18,0
-37,-48,0
32,-35,0
37,53,0
-62,2,0
-53,21,0
35,51,0
-61,3,0
21,-65,0
21,55,0
23,-54,0
-54,-28,0
-29,-52,0
19,-43,0
37,30,0
45,-42,0
-65,14,0
-56,5,0
-52,44,0
9,-49,0
56,-23,0
-32,62,0
-26,49,0
-49,30,0
-51,38,0
-29,44,0
-13,62,0
42,39,0
23,-48,0
-47,12,0
-33,53,0
-15,62,0
-35,-29,0
21,-45,0
-28,44,0
42,-29,0
4,-51,0
-32,51,0
-46,-26,0
50,14,0
51,-30,0
-55,-13,0
66,22,0
65,-14,0
11,45,0
-10,-64,0
-50,15,0
13,56,0
38,-57,0
-18,-48,0
26,49,0
-43,35,0
-43,-53,0
43,-14,0
-64,12,0
-46,-30,0
-36,57,0
-2,-63,0
68,-5,0
38,40,0
51,-3,0
51,-21,0
-30,-48,0
-41,-32,0
47,3,0
64,-25,0
54,-24,0
-57,-7,0
-55,-43,0
-14,-60,0
-19,41,0
-44,53,0
-65,-17,0
19,59,0
57,3,0
69,10,0
47,-29,0
9,-66,0
46,-14,0
52,8,0
64,-26,0
-43,27,0
42,56,0
-25,65,0
14,-65,0
-32,-43,0
58,17,0
49,-28,0
-20,-45,0
-49,47,0
56,-11,0
47,25,0
14,-51,0
25,40,0
-47,-12,0
53,-36,0
15,-51,0
54,-23,0
50,-3,0
26,40,0
17,-54,0
9,-69,0
-24,-59,0
43,26,0
59,33,0
-26,-37,0
43,45,0
-44,40,0
56,4,0
-24,-62,0
64,8,0
-49,-9,0
69,-9,0
10,-66,0
7,57,0
-46,-21,0
-8,69,0
55,-11,0
15,-45,0
48,-28,0
-41,37,0
-63,24,0
13,44,0
-47,-50,0
49,48,0
-58,39,0
27,-41,0
-45,36,0
-13,60,0
-60,2,0
-8,-59,0
-1,65,0
49,32,0
-5,-60,0
12,56,0
-23,63,0
-28,-45,0
-18,49,0
-65,-14,0
44,23,0
19,-66,0
-47,15,0
53,42,0
-19,-50,0
19,-59,0
-52,2,0
1,-62,0
33,36,0
45,-18,0
66,-7,0
-6,-69,0
66,4,0
30,60,0
7,-54,0
39,29,0
19,-61,0
-26,62,0
4,-45,0
-9,-69,0
-6,58,0
-23,58,0
-47,-44,0
62,-15,0
23,-57,0
50,-15,0
-25,53,0
65,-24,0
-45,-11,0
-6,58,0
-5,-52,0
21,46,0
-55,24,0
55,37,0
32,37,0
69,5,0
56,14,0
59,35,0
-32,-50,0
-46,-51,0
-42,-26,0
-52,29,0
-38,-27,0
-69,-7,0
-8,67,0
12,65,0
24,-56,0
25,-43,0
47,24,0
24,-55,0
-34,-40,0
-52,-13,0
26,-43,0
15,56,0
39,33,0
-56,20,0
-52,-30,0
30,-63,0
48,-24,0
-61,-6,0
-24,64,0
58,-37,0
31,-60,0
-22,66,0
43,49,0
8,-54,0
-31,-44,0
-17,58,0
58,-13,0
-49,-13,0
10,-56,0
-54,13,0
65,-11,0
57,-15,0
-67,5,0
-52,37,0
12,51,0
-13,-60,0
23,-53,0
35,-48,0
-45,-21,0
-66,6,0
34,48,0
-63,6,0
51,-2,0
46,8,0
-24,62,0
34,-38,0
-55,-34,0
-30,41,0
23,49,0
51,-46,0
59,31,0
52,-10,0
40,32,0
46,13,0
21,-64,0
-42,-30,0
23,-55,0
-63,26,0
54,29,0
49,-1,0
20,-61,0
-19,59,0
-66,15,0
-21,53,0
-9,-48,0
-56,31,0
53,20,0
36,49,0
-12,-60,0
-61,-23,0
53,29,0
51,40,0
42,37,0
-54,25,0
35,38,0
-61,-12,0
45,-49,0
-44,25,0
60,-11,0
-46,-2,0
-49,-41,0
-16,68,0
-26,59,0
14,-68,0
-51,-12,0
-20,-51,0
-58,28,0
49,33,0
48,-31,0
66,-18,0
-27,59,0
58,33,0
-51,6,0
29,48,0
57,-15,0
29,37,0
-61,22,0
58,-27,0
-39,-52,0
-58,-36,0
-16,-66,0
21,61,0
66,17,0
-67,-15,0
47,-32,0
-1,-58,0
-43,-44,0
49,1,0
44,12,0
-56,41,0
57,-35,0
42,-19,0
2,-62,0
11,-66,0
-51,-13,0
44,-26,0
54,-7,0
-26,52,0
-5,53,0
-21,62,0
