38,1,1
43,-7,1
28,6,1
27,-41,1
40,27,1
-32,9,1
-39,13,1
24,30,1
-28,24,1
30,20,1
-6,48,1
24,-18,1
-7,-45,1
29,-33,1
-22,15,1
35,-8,1
-18,36,1
2,-41,1
11,43,1
-23,11,1
-20,-24,1
28,-25,1
5,47,1
-20,-26,1
-18,-36,1
17,36,1
31,0,1
-35,-25,1
-8,34,1
28,5,1
34,-26,1
-26,17,1
30,4,1
-35,0,1
0,34,1
-28,27,1
27,15,1
-39,29,1
32,-38,1
-27,-1,1
25,-31,1
-33,6,1
12,-37,1
19,24,1
36,-33,1
-42,10,1
-25,23,1
19,-28,1
-43,16,1
45,-21,1
-45,-3,1
32,-13,1
32,-22,1
-19,-25,1
39,24,1
1,-49,1
-35,-23,1
-14,36,1
-28,4,1
11,-43,1
-5,-29,1
-33,-3,1
12,-40,1
23,-13,1
40,-1,1
17,23,1
48,5,1
49,7,1
-42,12,1
27,36,1
15,-35,1
20,-30,1
31,6,1
17,30,1
40,15,1
28,-29,1
-15,-32,1
12,-27,1
-14,23,1
-25,-11,1
29,1,1
-19,46,1
-17,41,1
25,-17,1
-2,30,1
9,25,1
-18,-35,1
-30,-34,1
-32,25,1
-49,7,1
17,46,1
-38,-18,1
2,41,1
48,-9,1
-29,-36,1
23,31,1
33,-35,1
-17,29,1
-30,16,1
12,-30,1
39,-22,1
37,-20,1
1,-28,1
-28,24,1
-29,40,1
3,-28,1
13,-23,1
39,-2,1
12,37,1
-23,37,1
-15,30,1
3,36,1
30,-40,1
19,-35,1
32,-8,1
15,-32,1
-2,-31,1
36,-3,1
25,-26,1
-34,23,1
-8,-37,1
-25,-37,1
30,16,1
-9,-36,1
0,-40,1
-9,43,1
-30,2,1
40,-26,1
-42,-23,1
30,1,1
-17,35,1
42,25,1
2,27,1
12,-28,1
-30,37,1
30,11,1
17,19,1
-22,25,1
-37,-25,1
-43,-10,1
29,-5,1
-35,11,1
-41,23,1
-39,10,1
-26,-26,1
-25,30,1
-29,-37,1
-23,-33,1
-19,-27,1
31,-33,1
44,-9,1
-3,44,1
26,-19,1
-25,36,1
-43,19,1
-24,40,1
34,-5,1
-23,31,1
-37,-25,1
-20,31,1
19,-34,1
-47,8,1
-7,27,1
-10,34,1
-13,-23,1
14,-39,1
-30,-25,1
42,10,1
-25,36,1
4,45,1
15,-20,1
-21,37,1
39,-29,1
24,-26,1
-5,-42,1
29,-9,1
43,25,1
-1,33,1
7,40,1
-6,29,1
-12,-45,1
31,17,1
19,35,1
33,-3,1
-8,24,1
-11,-47,1
48,-4,1
-33,-12,1
-14,-22,1
-36,0,1
24,-8,1
-14,33,1
0,29,1
15,-31,1
49,6,1
-34,-8,1
46,-8,1
26,-36,1
-7,-41,1
9,29,1
7,24,1
-30,-9,1
12,47,1
12,-44,1
-37,24,1
33,8,1
-31,-2,1
21,-27,1
-35,-35,1
-47,4,1
29,-21,1
34,-17,1
41,14,1
11,42,1
13,-23,1
-37,4,1
38,16,1
20,-19,1
45,4,1
23,21,1
-15,-25,1
-12,-27,1
40,-6,1
-32,-11,1
21,-43,1
-32,-22,1
-42,8,1
25,7,1
-33,-20,1
19,-33,1
-19,29,1
22,13,1
-19,33,1
20,38,1
-35,-20,1
36,-16,1
14,45,1
-22,-32,1
23,11,1
29,39,1
5,47,1
29,20,1
-40,-19,1
14,-26,1
-32,-18,1
-29,-13,1
-13,39,1
35,10,1
-37,-23,1
27,12,1
23,12,1
-8,48,1
-20,21,1
29,5,1
23,-16,1
37,-25,1
49,-3,1
29,-27,1
36,19,1
21,-15,1
-25,36,1
-29,-5,1
20,25,1
33,21,1
-4,32,1
-39,24,1
-9,-35,1
-32,-13,1
-12,41,1
29,-6,1
35,26,1
41,21,1
0,44,1
-25,-10,1
26,9,1
45,-2,1
-20,-16,1
-32,17,1
-21,-33,1
33,-10,1
-2,40,1
35,-29,1
33,-15,1
-43,-17,1
21,-42,1
34,7,1
-28,-37,1
-45,0,1
45,-7,1
38,-28,1
-22,-40,1
26,12,1
-21,40,1
-13,-27,1
-36,-9,1
0,-26,1
-32,30,1
8,-31,1
-41,19,1
-12,-38,1
23,37,1
21,-30,1
-7,-45,1
29,-19,1
-38,-23,1
34,-27,1
15,43,1
45,5,1
41,22,1
31,-39,1
35,-19,1
-25,34,1
39,-5,1
-42,-25,1
-34,29,1
-29,10,1
31,-24,1
-28,30,1
-43,9,1
-12,-47,1
43,-8,1
39,-21,1
25,33,1
28,-39,1
-35,-30,1
17,37,1
4,48,1
-44,9,1
-20,28,1
30,3,1
3,-40,1
-37,-21,1
-43,5,1
-19,37,1
12,-42,1
-7,-30,1
13,24,1
-8,-49,1
-17,23,1
-15,42,1
-23,-31,1
17,-19,1
20,-26,1
14,37,1
7,38,1
-33,5,1
-24,-16,1
-15,25,1
-25,15,1
29,-13,1
-42,21,1
-24,-39,1
29,5,1
14,41,1
-3,45,1
26,-9,1
-14,25,1
32,-25,1
26,4,1
0,50,1
-23,-12,1
30,0,1
-23,-27,1
-13,-41,1
-42,24,1
17,22,1
20,42,1
44,6,1
-45,3,1
30,-39,1
-25,31,1
27,8,1
18,37,1
-23,15,1
30,31,1
-20,23,1
39,25,1
-14,29,1
-47,5,1
20,-38,1
-42,8,1
37,-7,1
-35,-14,1
32,-3,1
39,-17,1
30,4,1
19,-36,1
12,-31,1
24,24,1
13,47,1
13,35,1
-43,-13,1
-41,-17,1
-7,-37,1
27,20,1
11,-31,1
-33,-10,1
-34,18,1
12,-27,1
-6,-45,1
-31,5,1
38,-15,1
39,9,1
-34,-6,1
19,-41,1
-17,27,1
37,-21,1
-35,-18,1
-38,6,1
-34,21,1
-26,27,1
46,15,1
39,11,1
-32,4,1
11,-38,1
11,-28,1
-26,14,1
-34,6,1
47,-9,1
-38,26,1
-6,46,1
-14,-31,1
-18,33,1
-14,-24,1
11,-36,1
24,-22,1
-33,31,1
-30,27,1
-3,37,1
-22,-29,1
-21,34,1
-33,11,1
42,-12,1
-18,46,1
24,26,1
7,-37,1
42,1,1
10,-32,1
28,40,1
22,-33,1
37,5,1
30,-4,1
23,34,1
17,36,1
-43,9,1
19,22,1
-26,-33,1
-23,-37,1
36,-17,1
13,31,1
-23,12,1
-32,-4,1
47,-13,1
-12,26,1
-9,25,1
9,37,1
-30,27,1
-21,43,1
24,20,1
44,9,1
-46,6,1
-26,-30,1
29,-21,1
-7,-38,1
-47,-13,1
-44,-16,1
37,-28,1
26,-28,1
-6,-35,1
-7,43,1
19,-31,1
18,-37,1
27,-18,1
-14,43,1
19,-38,1
1,29,1
28,16,1
23,-20,1
-6,-44,1
-48,12,1
-27,-27,1
-18,-24,1
21,-17,1
-27,24,1
-18,-25,1
-25,-32,1
30,-32,1
20,25,1
44,4,1
-22,-18,1
-26,-38,1
23,-37,1
27,-4,1
18,23,1
33,9,1
-16,-36,1
-9,40,1
11,-38,1
32,37,1
13,-35,1
-36,25,0
29,-51,0
-38,-7,0
23,39,0
-35,-34,0
39,21,0
40,-43,0
16,-53,0
25,-50,0
27,39,0
-49,21,0
-34,17,0
-40,24,0
53,5,0
3,-39,0
-58,15,0
46,-5,0
55,4,0
-23,-36,0
36,5,0
14,55,0
42,41,0
-5,41,0
-35,-1,0
54,3,0
49,-24,0
42,23,0
-2,52,0
-26,54,0
-44,33,0
-58,1,0
36,23,0
28,-21,0
35,-15,0
12,53,0
0,-53,0
-10,-44,0
5,35,0
-33,-33,0
45,38,0
38,-31,0
53,18,0
-23,-52,0
-15,-52,0
39,0,0
29,42,0
-54,20,0
-1,-49,0
-47,-7,0
53,-10,0
58,8,0
-29,21,0
48,6,0
-17,48,0
8,50,0
43,6,0
45,36,0
43,3,0
-46,38,0
-26,40,0
-13,-51,0
38,-17,0
39,-34,0
18,-56,0
44,33,0
-28,-26,0
-2,-35,0
-48,-30,0
-21,-36,0
-16,-34,0
-48,8,0
-14,-36,0
34,47,0
50,32,0
-10,-50,0
23,44,0
45,24,0
39,-11,0
56,12,0
39,1,0
-2,53,0
-20,34,0
-15,-36,0
38,16,0
6,-40,0
-18,-47,0
43,-1,0
15,-52,0
-6,54,0
34,-37,0
28,-28,0
26,-53,0
-36,40,0
29,-27,0
42,-27,0
-5,-48,0
-15,52,0
-30,-35,0
-45,27,0
20,-53,0
-2,-48,0
54,-25,0
28,-33,0
39,9,0
-16,-42,0
-1,43,0
-40,17,0
-32,19,0
33,-21,0
-50,-2,0
41,-11,0
-17,-37,0
6,-58,0
-59,-3,0
-29,-20,0
35,19,0
-15,56,0
10,-54,0
52,-12,0
30,37,0
37,-17,0
9,-42,0
28,25,0
-26,-49,0
-26,30,0
39,-21,0
46,-25,0
13,-39,0
-27,49,0
-47,1,0
37,41,0
16,-51,0
-54,-15,0
-29,-40,0
25,30,0
43,-28,0
4,40,0
58,-5,0
-51,-16,0
25,43,0
51,6,0
10,-50,0
37,31,0
45,-5,0
-14,-58,0
8,-49,0
-30,-38,0
22,-48,0
40,-13,0
-18,40,0
11,53,0
44,20,0
36,-13,0
24,-29,0
-2,-41,0
36,-47,0
33,14,0
-51,-23,0
34,-40,0
24,-47,0
-38,13,0
-52,-17,0
24,-54,0
33,-46,0
20,-41,0
51,23,0
-16,-42,0
-42,28,0
-13,38,0
-50,20,0
-6,-52,0
-22,-44,0
35,-27,0
30,-39,0
15,-57,0
-29,-52,0
-22,-42,0
34,43,0
-32,-33,0
-43,3,0
-35,16,0
25,-38,0
28,21,0
16,-34,0
-48,7,0
14,-44,0
24,-28,0
2,35,0
25,35,0
20,-48,0
43,12,0
42,31,0
36,-40,0
-14,-52,0
11,-55,0
-6,45,0
54,8,0
15,36,0
-41,0,0
11,34,0
-49,-13,0
32,-46,0
-50,2,0
38,-1,0
-41,-17,0
7,48,0
2,36,0
43,-5,0
-41,-17,0
-37,-10,0
-37,3,0
40,-6,0
-46,-24,0
-38,-41,0
58,-7,0
-48,-5,0
-41,30,0
38,-11,0
33,-48,0
31,-20,0
24,39,0
-25,33,0
57,-3,0
-15,54,0
-38,36,0
1,-58,0
-18,38,0
-54,4,0
35,6,0
6,47,0
-34,48,0
-57,14,0
-35,-39,0
11,34,0
54,-8,0
26,-48,0
8,49,0
-40,42,0
-53,-18,0
17,-34,0
-33,47,0
-39,38,0
39,-45,0
48,-32,0
-53,-26,0
-29,44,0
47,-14,0
-34,48,0
33,39,0
-43,24,0
-36,-14,0
-39,11,0
-19,54,0
36,-3,0
34,-34,0
-17,45,0
40,-15,0
57,16,0
-7,54,0
31,-48,0
-40,33,0
8,-38,0
27,-47,0
2,-39,0
-19,-37,0
-11,-45,0
54,-22,0
4,48,0
-49,-30,0
52,-19,0
28,-38,0
58,-11,0
4,55,0
26,-40,0
-18,-54,0
13,40,0
25,33,0
7,39,0
35,8,0
23,-42,0
-29,-21,0
-20,-39,0
-36,2,0
-36,-46,0
35,45,0
-50,-7,0
-58,-15,0
34,-21,0
-7,-58,0
35,16,0
44,-39,0
52,-12,0
32,19,0
9,-43,0
13,47,0
-49,-9,0
-49,2,0
-33,-42,0
-38,2,0
56,-18,0
-8,-44,0
-37,-2,0
36,10,0
58,8,0
-54,13,0
24,-31,0
17,31,0
2,-49,0
-38,16,0
8,36,0
-29,31,0
8,-51,0
56,17,0
-42,-18,0
-19,56,0
-22,46,0
-4,43,0
35,-1,0
-55,7,0
-48,9,0
-54,2,0
13,48,0
-32,-18,0
-35,7,0
38,-9,0
40,-7,0
16,51,0
32,24,0
-47,9,0
-40,-33,0
-40,-36,0
-11,37,0
48,-16,0
47,-20,0
-46,-30,0
-44,-4,0
44,-29,0
57,-9,0
11,-55,0
-30,-38,0
13,44,0
39,4,0
31,-51,0
-43,15,0
46,2,0
-49,-30,0
-25,-54,0
-35,-31,0
44,-30,0
0,-42,0
40,27,0
42,16,0
-35,-29,0
-42,27,0
-54,19,0
50,-12,0
16,-36,0
34,43,0
5,41,0
37,-23,0
34,47,0
-44,-33,0
30,28,0
-28,37,0
30,-28,0
-47,-29,0
-23,-51,0
58,0,0
52,14,0
49,0,0
25,45,0
48,-23,0
-49,11,0
-46,-15,0
-6,-35,0
13,46,0
43,-14,0
18,-40,0
-48,-19,0
42,13,0
10,47,0
18,-33,0
-47,12,0
-53,19,0
-39,-28,0
-35,37,0
-2,35,0
-39,23,0
49,-12,0
55,-20,0
-33,-22,0
45,4,0
-21,-53,0
35,13,0
-19,-32,0
25,-53,0
-35,-28,0
-47,-4,0
-30,-27,0
14,40,0
-28,-30,0
-12,53,0
41,14,0
-2,51,0
-12,-54,0
-37,-41,0
17,-44,0
-44,-11,0
39,31,0
40,-23,0
6,56,0
10,56,0
35,-27,0
8,40,0
-10,-48,0
-5,-55,0
11,49,0
-34,-31,0
16,-50,0
51,31,0
38,-35,0
57,4,0
-23,-55,0
33,-28,0
-15,-38,0
19,-42,0
-3,-42,0
18,-54,0
7,41,0
28,-51,0
-11,51,0
-17,40,0
9,-36,0
51,26,0
16,-36,0
26,32,0
36,7,0
-31,20,0
-17,-42,0
-15,40,0
0,48,0
-13,-48,0
30,40,0
-49,-29,0
1,47,0
54,-23,0
-42,41,0
19,-38,0
41,-37,0
2,-56,0
46,24,0
4,46,0
5,56,0
-1,-39,0
20,37,0
5,58,0
48,-21,0
-31,43,0
-6,42,0
-25,-38,0
38,-29,0
-53,28,0
-27,-40,0
8,48,0
-31,-41,0
34,25,0
12,39,0
-30,-41,0
18,-37,0
17,52,0
-12,-36,0
38,42,0
42,18,0
41,23,0
-31,49,0
-51,-30,0
3,-44,0
57,3,0
51,0,0
-27,41,0
25,-33,0
-33,49,0
-24,41,0
34,48,0
56,-7,0
9,-37,0
10,46,0
28,-34,0
-46,-37,0
54,23,0
19,-32,0
-27,-46,0
2,53,0
-6,59,0
48,5,0
23,-27,0
35,-33,0
-33,-39,0
-10,47,0
35,-11,0
