-26,29,1
-42,8,1
15,-47,1
-40,30,1
33,28,1
17,-29,1
8,43,1
-7,-31,1
-47,-10,1
-23,-28,1
-15,29,1
-4,-48,1
-2,42,1
26,-6,1
-10,37,1
-43,-19,1
-25,24,1
-29,5,1
-35,33,1
-31,5,1
-28,-11,1
24,-29,1
27,42,1
-32,-33,1
-20,39,1
-16,-44,1
17,-46,1
30,-36,1
48,13,1
-16,29,1
37,-23,1
-15,-27,1
31,-39,1
-2,38,1
38,-15,1
-37,-28,1
12,36,1
-33,21,1
-34,-36,1
-44,21,1
-23,42,1
38,-25,1
-41,-20,1
-16,24,1
28,11,1
16,40,1
-7,39,1
-2,-35,1
35,14,1
29,-15,1
3,38,1
-3,-26,1
47,-17,1
17,-28,1
35,34,1
-28,18,1
7,-29,1
35,-7,1
-30,32,1
9,24,1
12,-36,1
-17,45,1
6,-36,1
25,13,1
35,6,1
3,-42,1
-39,-17,1
25,17,1
42,-1,1
34,-35,1
-33,22,1
-28,37,1
-34,-26,1
-30,12,1
-28,14,1
-1,-29,1
19,-31,1
-20,41,1
11,-48,1
12,44,1
40,-20,1
10,-40,1
-8,28,1
-15,-33,1
12,42,1
-30,23,1
43,1,1
24,-26,1
18,-18,1
40,19,1
-45,-2,1
-30,-19,1
34,-2,1
-19,-32,1
33,25,1
23,-22,1
-10,40,1
18,19,1
-12,-40,1
13,-33,1
-23,16,1
41,-25,1
-21,-23,1
4,-27,1
31,-12,1
-36,-11,1
-41,-20,1
-48,11,1
-7,-40,1
-28,-5,1
-11,-47,1
47,-7,1
35,-2,1
46,17,1
30,-29,1
-11,-24,1
-30,37,1
-46,-7,1
34,3,1
36,-13,1
-25,-18,1
41,1,1
20,-18,1
-14,29,1
-34,-26,1
-32,-31,1
10,-31,1
-8,39,1
-45,20,1
36,-19,1
26,-36,1
-29,-20,1
19,36,1
19,-43,1
-12,36,1
-9,42,1
-16,30,1
35,24,1
39,-19,1
48,-3,1
-39,14,1
41,23,1
-21,28,1
-18,19,1
-11,30,1
24,32,1
-44,3,1
-1,-35,1
6,25,1
5,-49,1
5,-40,1
46,-9,1
-7,-27,1
-34,-20,1
43,-24,1
29,4,1
-39,8,1
0,40,1
5,-27,1
-12,40,1
23,-30,1
27,13,1
29,-37,1
29,34,1
-7,48,1
21,-42,1
19,-30,1
-32,28,1
-24,-26,1
-23,21,1
43,-24,1
-18,-18,1
33,13,1
48,0,1
-13,-42,1
-2,35,1
45,16,1
12,29,1
-2,-45,1
27,28,1
7,-45,1
20,-18,1
-1,33,1
21,21,1
46,8,1
29,24,1
-8,-28,1
-42,-17,1
-3,46,1
-6,-29,1
-30,7,1
33,-19,1
15,24,1
-9,-41,1
26,-31,1
-27,38,1
-10,43,1
16,31,1
47,-8,1
40,20,1
37,26,1
39,12,1
36,1,1
-45,21,1
-25,10,1
23,39,1
33,-16,1
4,46,1
-45,-10,1
-21,-15,1
48,10,1
-10,42,1
4,-29,1
42,0,1
-38,-13,1
-29,-22,1
39,14,1
46,-10,1
-20,40,1
7,45,1
-5,39,1
-27,14,1
-2,-28,1
19,19,1
-35,24,1
17,44,1
20,44,1
-10,31,1
-36,17,1
-18,-26,1
27,-22,1
34,-9,1
-17,47,1
-3,-44,1
33,27,1
46,-18,1
-18,19,1
25,-25,1
28,-9,1
0,37,1
32,38,1
29,-18,1
30,38,1
-38,13,1
-13,-39,1
-25,8,1
-31,16,1
11,29,1
2,-49,1
-10,-26,1
2,-28,1
33,-2,1
1,25,1
-35,24,1
-38,-18,1
-13,38,1
33,27,1
27,-23,1
21,-22,1
14,-22,1
-28,-14,1
-41,9,1
25,31,1
-46,15,1
26,28,1
-26,-40,1
-31,39,1
-12,41,1
31,3,1
31,34,1
-19,-46,1
-38,8,1
-45,-15,1
-34,-7,1
21,37,1
-30,-30,1
40,-19,1
-38,-3,1
47,-15,1
12,23,1
28,24,1
-30,26,1
-48,10,1
-3,32,1
-13,46,1
49,5,1
10,-36,1
-15,45,1
47,13,1
17,-41,1
-23,14,1
-42,19,1
27,-2,1
10,30,1
-3,40,1
36,2,1
-29,-28,1
17,-32,1
4,34,1
-40,-24,1
26,36,1
24,-32,1
-43,-15,1
40,-19,1
33,8,1
46,12,1
6,31,1
-30,-31,1
-8,39,1
-12,32,1
-33,-16,1
39,-18,1
4,-26,1
38,-9,1
47,16,1
-33,-5,1
-36,27,1
25,41,1
33,-23,1
-25,-42,1
23,29,1
41,-7,1
41,3,1
11,27,1
-23,-16,1
34,-15,1
7,44,1
-27,-8,1
3,-42,1
-11,26,1
17,-26,1
-36,33,1
22,14,1
-37,27,1
-39,20,1
39,30,1
-45,17,1
38,-25,1
19,39,1
8,33,1
-18,25,1
-13,-37,1
25,16,1
-25,41,1
3,-42,1
4,31,1
41,22,1
-22,-18,1
-32,36,1
25,19,1
39,24,1
-25,-25,1
-44,2,1
-33,12,1
25,8,1
30,27,1
-24,30,1
-8,43,1
11,-34,1
-1,-49,1
-29,11,1
5,27,1
1,-36,1
24,-21,1
3,-36,1
-4,-38,1
31,-33,1
30,-1,1
-24,31,1
-43,19,1
30,-33,1
-36,-2,1
44,17,1
27,-1,1
-30,20,1
-33,19,1
-31,32,1
1,40,1
31,-28,1
-38,-26,1
18,25,1
18,32,1
-34,-3,1
-20,36,1
-44,0,1
-33,5,1
-5,43,1
-23,27,1
-16,-22,1
34,-20,1
40,20,1
34,32,1
20,-35,1
1,40,1
35,-4,1
-28,-35,1
33,-21,1
-28,10,1
33,31,1
9,28,1
43,-8,1
-19,40,1
-24,34,1
-23,-43,1
-37,14,1
4,-43,1
32,8,1
37,31,1
-37,6,1
-28,-6,1
-31,28,1
-26,-25,1
19,27,1
-43,22,1
19,31,1
-32,-12,1
8,-33,1
26,27,1
-27,-35,1
34,-13,1
-14,37,1
-27,37,1
41,24,1
-39,-23,1
-35,18,1
-11,48,1
18,30,1
-27,-10,1
-28,-33,1
-23,-34,1
-35,27,1
-6,-31,1
-38,20,1
-35,7,1
19,-29,1
15,26,1
-29,-1,1
-33,26,1
-42,-24,1
27,32,1
19,-46,1
32,27,1
18,26,1
-11,-23,1
-15,-44,1
-32,21,1
38,24,1
-24,-16,1
-25,2,1
32,-8,1
-23,34,1
-18,18,1
12,-30,1
0,33,1
-25,22,1
-46,19,1
1,31,1
-38,20,1
10,45,1
40,-25,1
9,-24,1
32,-29,1
42,-26,1
-30,39,1
38,20,1
-41,-27,1
-2,46,1
34,24,1
24,26,1
26,-38,1
11,45,1
33,-6,1
-18,-23,1
37,-27,1
-15,22,1
13,-25,1
-23,42,1
33,6,1
39,-10,1
-8,25,1
5,-28,1
-12,-30,1
-20,-39,1
-43,-10,1
37,24,1
-18,29,1
3,49,1
5,-43,1
24,34,1
-6,49,1
12,48,1
-3,26,1
-28,28,1
-28,28,1
-6,-40,1
-6,27,1
-4,-26,1
39,12,1
31,-26,1
39,-10,1
35,30,0
30,-47,0
-50,18,0
27,36,0
-57,-12,0
-57,1,0
53,8,0
-42,29,0
12,-40,0
-3,50,0
-44,-18,0
-33,45,0
-34,-48,0
-9,-47,0
-2,-54,0
14,-45,0
16,-54,0
20,52,0
27,39,0
23,-49,0
48,-33,0
-7,-51,0
-47,-21,0
-49,11,0
50,-6,0
-4,40,0
42,-19,0
18,-50,0
-46,32,0
11,57,0
48,-15,0
-42,28,0
45,4,0
-12,33,0
1,49,0
-31,-26,0
53,12,0
21,-39,0
3,-37,0
34,-24,0
5,-48,0
0,53,0
-44,-4,0
25,52,0
-5,47,0
56,4,0
49,31,0
-27,35,0
-36,-45,0
49,-1,0
48,13,0
-40,-19,0
54,11,0
-49,-30,0
-46,35,0
45,-20,0
-35,-47,0
16,56,0
38,-36,0
34,-44,0
-17,52,0
7,43,0
-42,-20,0
22,33,0
-30,-40,0
33,19,0
-36,-46,0
38,26,0
-50,-18,0
-47,7,0
-33,42,0
35,-13,0
23,54,0
34,-28,0
-25,33,0
51,4,0
-31,25,0
-15,-43,0
-57,5,0
49,25,0
-31,-51,0
-36,-8,0
-32,-41,0
12,-42,0
52,-25,0
1,36,0
16,-39,0
36,31,0
41,23,0
20,30,0
-35,-43,0
33,-35,0
-49,-1,0
-35,-30,0
39,-37,0
-27,-32,0
40,-36,0
-38,19,0
53,18,0
23,-37,0
51,-30,0
14,36,0
27,42,0
-45,-29,0
47,-21,0
36,-14,0
-15,-38,0
-39,31,0
-41,28,0
10,35,0
-29,40,0
30,-29,0
2,54,0
-30,50,0
-27,-37,0
45,-12,0
-58,-4,0
-16,-43,0
25,49,0
37,-8,0
18,-31,0
-22,54,0
37,-22,0
-7,-45,0
6,40,0
51,8,0
46,12,0
-15,40,0
39,12,0
-28,43,0
15,-33,0
-55,17,0
4,-46,0
-31,-49,0
-18,-39,0
-53,-11,0
-32,38,0
29,36,0
-9,42,0
29,35,0
-16,-48,0
37,44,0
-22,-35,0
-21,-33,0
25,40,0
-37,24,0
41,-42,0
-59,-1,0
36,-27,0
-18,-31,0
14,52,0
37,14,0
-53,-27,0
-23,47,0
30,-43,0
40,-24,0
39,19,0
-18,45,0
-14,-43,0
-57,-13,0
-23,-39,0
32,-49,0
-23,51,0
47,34,0
8,52,0
42,11,0
-33,-45,0
56,16,0
-18,42,0
8,-50,0
-35,30,0
21,48,0
4,-55,0
19,40,0
27,24,0
50,-9,0
-15,-53,0
-33,47,0
-36,-25,0
-15,34,0
-39,4,0
42,39,0
23,50,0
0,-56,0
-16,-41,0
-23,-28,0
-17,-45,0
11,-38,0
-8,35,0
0,58,0
42,12,0
-11,-39,0
22,-39,0
8,38,0
-5,45,0
-15,54,0
42,-16,0
26,-41,0
-58,-7,0
48,-18,0
-40,30,0
-7,53,0
-45,-39,0
51,4,0
26,-35,0
-4,-36,0
58,11,0
-10,48,0
-58,1,0
-7,-38,0
-29,-44,0
49,-17,0
-55,5,0
16,-47,0
47,12,0
35,-7,0
-5,47,0
22,-31,0
38,-10,0
-32,38,0
-10,52,0
-35,-22,0
-37,-25,0
6,-50,0
22,45,0
41,-20,0
30,-44,0
-29,-46,0
41,26,0
-54,-8,0
-35,-38,0
-35,22,0
-7,46,0
49,-12,0
24,45,0
7,-36,0
3,-58,0
20,-31,0
-20,36,0
54,11,0
44,3,0
11,47,0
0,-45,0
37,13,0
-7,40,0
-35,47,0
-39,-43,0
47,29,0
7,42,0
-33,44,0
-39,3,0
-13,42,0
-39,15,0
36,-25,0
-31,27,0
15,51,0
-29,28,0
21,-49,0
35,4,0
43,23,0
-52,-13,0
20,-31,0
-27,49,0
-36,-32,0
7,-56,0
39,13,0
18,48,0
-41,-40,0
-19,-39,0
43,-1,0
35,24,0
47,8,0
20,-42,0
-42,40,0
43,-36,0
-3,-44,0
-16,51,0
-40,36,0
32,24,0
47,-23,0
-56,13,0
25,50,0
41,21,0
30,27,0
7,51,0
48,-5,0
-38,-4,0
-32,16,0
18,-57,0
54,-21,0
-18,43,0
23,-34,0
41,12,0
49,-28,0
-52,9,0
-37,-34,0
-15,35,0
-44,-39,0
18,-56,0
-27,-34,0
-44,1,0
-31,30,0
-19,33,0
-46,35,0
-38,26,0
-11,38,0
25,-29,0
-6,37,0
12,-35,0
-38,-38,0
-44,26,0
14,41,0
-12,51,0
9,40,0
-46,25,0
53,12,0
52,28,0
13,44,0
-36,6,0
-19,30,0
-29,-25,0
3,-47,0
46,35,0
12,-56,0
-50,4,0
-43,-11,0
2,-50,0
52,18,0
33,36,0
44,-34,0
-2,42,0
-31,46,0
37,18,0
-12,-41,0
-12,35,0
22,43,0
-3,48,0
27,-24,0
-45,-34,0
-43,39,0
-50,-18,0
-22,-37,0
45,10,0
-37,-2,0
55,11,0
30,46,0
-52,-17,0
49,-23,0
-19,-51,0
-13,-47,0
36,-21,0
-57,8,0
23,-48,0
15,46,0
53,15,0
-50,5,0
14,51,0
-12,36,0
-43,-27,0
-41,-33,0
-52,-6,0
-41,-35,0
32,-30,0
26,-51,0
45,20,0
-42,36,0
-4,-43,0
43,-7,0
-50,-12,0
30,-35,0
25,43,0
35,17,0
51,12,0
-52,-12,0
38,-27,0
-12,-39,0
-31,-28,0
17,-48,0
57,16,0
-46,17,0
14,-49,0
42,-17,0
-37,30,0
-56,20,0
-41,-11,0
33,-47,0
-15,-43,0
-51,29,0
-39,-27,0
-18,-49,0
-27,53,0
43,7,0
-40,-29,0
1,35,0
4,-54,0
-48,33,0
52,28,0
-46,-25,0
37,40,0
9,-51,0
0,60,0
-20,43,0
-30,44,0
19,-42,0
24,28,0
-6,-48,0
39,-5,0
40,6,0
9,39,0
17,-47,0
-30,46,0
34,35,0
29,-20,0
-12,35,0
-32,-34,0
-30,26,0
5,56,0
-53,-11,0
32,44,0
28,-42,0
39,37,0
3,-38,0
25,-44,0
-22,-35,0
-31,-26,0
58,-5,0
-8,56,0
-45,-2,0
26,-47,0
17,-42,0
2,55,0
6,46,0
-37,-19,0
23,31,0
51,-20,0
-32,29,0
40,5,0
40,8,0
-42,-17,0
-11,45,0
-43,27,0
8,44,0
-39,-23,0
-47,21,0
38,-23,0
25,51,0
6,-58,0
37,1,0
36,10,0
-50,30,0
27,-40,0
18,47,0
-35,15,0
-16,42,0
-33,29,0
37,-12,0
25,-50,0
11,-40,0
-16,-43,0
43,-7,0
58,-6,0
45,34,0
-35,-10,0
24,-26,0
27,-31,0
33,-41,0
-35,-45,0
48,26,0
46,11,0
33,-46,0
-17,55,0
45,-19,0
-16,-33,0
35,46,0
19,-49,0
50,-19,0
-8,36,0
-40,-20,0
-13,45,0
35,-5,0
45,-27,0
-29,-48,0
-8,59,0
-43,-26,0
-5,41,0
38,-34,0
37,-38,0
52,5,0
-52,17,0
2,-41,0
36,1,0
48,-4,0
48,28,0
-27,-39,0
-47,16,0
2,38,0
-48,-36,0
11,46,0
-34,17,0
34,-46,0
