-18,-39,1
32,13,1
40,7,1
-21,-32,1
29,-37,1
-33,-27,1
-14,32,1
-48,-10,1
23,-27,1
7,48,1
2,35,1
39,-28,1
-40,3,1
-3,30,1
-3,-36,1
-23,33,1
23,-37,1
-41,-2,1
-17,24,1
44,9,1
-36,15,1
4,-47,1
29,-17,1
29,-13,1
0,-34,1
-24,33,1
-30,-2,1
31,34,1
-42,-3,1
29,2,1
-28,-15,1
34,30,1
-31,-13,1
-43,17,1
42,20,1
25,-25,1
-26,35,1
40,-10,1
24,-12,1
-19,31,1
5,35,1
-31,-15,1
34,20,1
42,19,1
1,39,1
25,23,1
-38,16,1
37,-22,1
39,-29,1
26,-19,1
39,0,1
39,2,1
47,-15,1
26,-26,1
-33,24,1
-1,43,1
-31,-1,1
28,37,1
38,-6,1
-30,-33,1
-41,-9,1
20,-44,1
-1,-39,1
-21,-27,1
-27,-22,1
34,-15,1
-12,-43,1
-19,20,1
-45,14,1
-25,-9,1
-36,-7,1
31,10,1
-17,-35,1
37,13,1
-7,-44,1
-40,-17,1
14,46,1
17,-41,1
-8,-44,1
37,-6,1
46,-5,1
29,-15,1
8,-25,1
26,14,1
-44,16,1
20,-22,1
-37,9,1
37,4,1
32,-17,1
-37,4,1
15,21,1
-1,-48,1
-37,20,1
31,30,1
26,-32,1
-46,2,1
-39,-12,1
-22,-25,1
35,-27,1
2,-28,1
-15,31,1
22,-36,1
26,-31,1
-29,21,1
-33,-18,1
45,-21,1
-44,-17,1
39,-2,1
36,-6,1
12,34,1
47,14,1
35,14,1
-25,-33,1
7,46,1
-45,13,1
2,27,1
10,-37,1
11,43,1
-22,15,1
-33,24,1
-19,-24,1
-4,25,1
25,-18,1
29,29,1
-16,35,1
-25,-10,1
-5,27,1
23,42,1
4,39,1
-38,28,1
2,-45,1
3,29,1
8,49,1
-41,23,1
-24,-17,1
-31,8,1
-35,29,1
-42,22,1
-22,28,1
-26,-16,1
37,-32,1
-10,46,1
27,15,1
-21,42,1
37,-26,1
16,-46,1
-36,8,1
6,-45,1
-22,-16,1
-44,6,1
-1,-38,1
-15,-46,1
-42,7,1
26,-9,1
5,45,1
-28,2,1
-17,42,1
-21,-40,1
46,14,1
16,36,1
35,-24,1
38,31,1
-42,0,1
37,29,1
-11,-47,1
-28,29,1
27,-14,1
-28,-25,1
-41,-27,1
-19,-40,1
-28,22,1
-38,-6,1
-6,43,1
44,10,1
36,25,1
3,-38,1
7,36,1
11,34,1
-34,-2,1
-26,-4,1
42,-24,1
-32,-28,1
30,-5,1
-41,-4,1
-41,-13,1
35,7,1
-14,48,1
-22,40,1
-42,-5,1
-9,48,1
-24,-23,1
8,39,1
23,33,1
-35,12,1
38,-27,1
4,35,1
-34,-29,1
-28,-12,1
34,19,1
-2,44,1
-22,-37,1
33,10,1
-39,-16,1
28,-18,1
32,-37,1
36,19,1
-35,-19,1
33,33,1
-13,-29,1
-48,9,1
25,-4,1
-32,34,1
-19,-26,1
40,-11,1
18,-46,1
43,-13,1
-27,-23,1
-27,-18,1
-31,-14,1
-33,-8,1
-22,-24,1
-23,42,1
25,-5,1
-42,3,1
27,7,1
-2,45,1
-19,39,1
24,-38,1
9,26,1
32,-10,1
-39,-29,1
2,-37,1
-33,31,1
-31,19,1
-13,31,1
13,-35,1
19,44,1
-31,20,1
24,18,1
33,-17,1
-5,-41,1
23,16,1
45,-2,1
-34,-7,1
24,-37,1
-24,13,1
-14,45,1
-24,41,1
10,-23,1
-31,9,1
34,-29,1
5,48,1
-27,2,1
-35,27,1
-22,-27,1
-20,-34,1
-37,-21,1
-24,38,1
31,-23,1
-45,7,1
34,-1,1
14,38,1
35,-18,1
-31,39,1
44,14,1
-2,-49,1
-1,43,1
-27,34,1
-35,1,1
4,49,1
26,38,1
18,-40,1
30,33,1
-15,-45,1
-39,-7,1
-32,1,1
-1,-28,1
28,30,1
-10,-32,1
-34,-31,1
40,-23,1
-33,7,1
15,43,1
-33,29,1
24,-35,1
20,24,1
0,-29,1
-41,8,1
15,-21,1
0,-30,1
14,-39,1
11,-47,1
-15,20,1
37,-18,1
4,-35,1
38,28,1
15,21,1
35,19,1
35,30,1
41,-10,1
21,-17,1
-38,27,1
-35,-4,1
27,-21,1
-3,39,1
25,24,1
3,-44,1
-19,38,1
-27,16,1
-22,39,1
-38,-23,1
-39,19,1
28,-12,1
39,0,1
-1,42,1
24,28,1
-12,30,1
-37,20,1
34,26,1
2,-34,1
38,-1,1
-47,-15,1
36,-1,1
17,26,1
14,24,1
-31,5,1
33,17,1
15,-38,1
28,27,1
-46,14,1
-22,-36,1
-43,1,1
20,-29,1
-30,-15,1
10,41,1
-1,-36,1
-3,-29,1
9,-27,1
17,-28,1
27,29,1
-31,-5,1
-44,-6,1
-42,-13,1
-27,29,1
-8,29,1
-40,-13,1
47,8,1
26,-7,1
27,33,1
12,37,1
27,2,1
15,22,1
14,47,1
-30,16,1
35,-30,1
-1,-39,1
3,30,1
-24,-12,1
31,25,1
19,-25,1
-26,-15,1
-22,36,1
36,-34,1
-38,-21,1
-29,-28,1
-21,-44,1
47,-17,1
-31,38,1
32,16,1
-44,6,1
47,7,1
24,-30,1
37,10,1
-26,-38,1
3,-46,1
-30,-3,1
31,25,1
-21,29,1
-14,-23,1
-4,29,1
-8,-28,1
-7,30,1
-29,11,1
-16,22,1
-2,-45,1
5,-39,1
22,19,1
25,-3,1
30,-29,1
9,-39,1
21,22,1
28,40,1
-3,-47,1
-10,-32,1
35,33,1
30,-33,1
-9,-32,1
15,-30,1
-18,-44,1
26,-32,1
-27,15,1
-30,-18,1
-20,26,1
15,-30,1
-21,18,1
17,39,1
12,-26,1
30,38,1
5,-33,1
-4,-31,1
-25,-5,1
-24,40,1
37,-16,1
-35,-16,1
37,26,1
36,-16,1
35,-7,1
28,28,1
-27,-38,1
-39,-10,1
-10,-28,1
-14,-48,1
36,-25,1
36,-8,1
18,37,1
19,29,1
-22,14,1
-2,-44,1
-5,35,1
-24,26,1
-32,-30,1
23,39,1
40,-11,1
-3,-39,1
-33,5,1
28,-6,1
-7,-29,1
29,-37,1
-19,19,1
4,-28,1
10,-24,1
42,-19,1
36,-29,1
-41,5,1
12,26,1
19,27,1
-24,36,1
27,-41,1
-30,32,1
-42,-1,1
-38,0,1
-47,-6,1
33,-15,1
-37,21,1
4,42,1
-47,12,1
8,41,1
-30,-28,1
-27,11,1
25,28,1
5,28,1
33,-11,1
-43,15,1
-41,2,1
4,-47,1
-48,12,1
-25,-25,1
-17,-26,1
13,41,1
-17,-35,1
9,44,1
-35,-6,1
-27,-1,1
-29,-21,1
14,-24,1
7,44,1
-22,33,1
24,-39,1
-37,11,1
-22,-33,1
-12,39,1
25,-9,1
9,35,1
44,-10,1
43,-23,1
25,34,1
24,-31,1
39,1,1
-34,-8,1
-27,-27,1
7,39,1
-33,-19,1
9,-27,1
28,4,1
0,49,1
39,-21,1
27,30,1
-43,6,1
-17,42,1
-28,-22,1
-24,-7,0
-22,21,0
35,-33,0
47,9,0
48,4,0
20,-22,0
32,-29,0
35,12,0
1,44,0
43,15,0
-26,-4,0
35,-12,0
22,-18,0
-5,28,0
29,7,0
1,-41,0
-38,-8,0
35,32,0
-17,-24,0
18,-38,0
-16,39,0
-10,-24,0
-2,47,0
3,40,0
-40,3,0
3,41,0
47,16,0
37,8,0
38,27,0
31,1,0
-38,-1,0
36,-4,0
-25,38,0
-7,-31,0
-27,32,0
4,47,0
-29,-33,0
-31,-25,0
-17,-35,0
-24,38,0
-22,14,0
22,-35,0
34,29,0
13,39,0
25,20,0
38,15,0
20,-28,0
40,5,0
-14,37,0
36,-11,0
10,43,0
46,12,0
-11,-45,0
29,33,0
3,-39,0
45,-5,0
-24,-12,0
24,-14,0
22,-36,0
36,-2,0
-9,-40,0
34,-4,0
-32,-11,0
-16,-23,0
-34,-15,0
43,-4,0
19,-26,0
25,-13,0
-10,-41,0
29,-13,0
47,-4,0
-6,-25,0
-1,41,0
38,25,0
-21,15,0
-26,-25,0
-35,-23,0
36,25,0
-29,35,0
31,23,0
36,-32,0
-23,-11,0
-14,-45,0
-24,36,0
6,45,0
-22,-40,0
-37,29,0
29,18,0
5,-28,0
-4,-34,0
9,-37,0
46,7,0
-1,-47,0
-43,-13,0
5,44,0
17,43,0
20,-29,0
32,30,0
-42,-17,0
-38,24,0
24,41,0
-38,2,0
42,1,0
34,34,0
-7,-40,0
-28,-10,0
-4,40,0
34,-19,0
44,-11,0
-45,13,0
-30,-6,0
29,0,0
32,-30,0
-25,34,0
-41,-2,0
-18,-39,0
-5,37,0
31,-30,0
-20,34,0
35,21,0
-40,19,0
-24,31,0
11,-33,0
44,-23,0
-42,14,0
-13,-25,0
-23,-20,0
29,-21,0
-48,-6,0
10,-45,0
45,-7,0
-47,-5,0
-8,-48,0
29,-5,0
-1,-46,0
28,27,0
10,-43,0
-37,-27,0
-8,49,0
17,-45,0
-22,-31,0
-33,-17,0
-42,7,0
24,30,0
36,28,0
-43,-14,0
32,32,0
24,11,0
31,32,0
-40,-15,0
-23,42,0
-29,-14,0
18,43,0
-33,31,0
21,41,0
4,31,0
-1,-25,0
23,-27,0
-31,24,0
6,29,0
-17,-27,0
36,-18,0
-42,27,0
-38,-2,0
39,-21,0
-41,-25,0
-37,-20,0
26,-34,0
-9,-38,0
-7,36,0
-36,0,0
28,-12,0
14,-22,0
41,17,0
44,-6,0
27,5,0
-45,-21,0
46,4,0
-41,-15,0
-27,27,0
-27,22,0
16,-31,0
33,-11,0
-38,-22,0
-47,-1,0
20,-23,0
-41,10,0
3,46,0
-6,34,0
-24,37,0
-34,-35,0
46,-17,0
41,18,0
45,-4,0
-47,6,0
1,-33,0
30,-2,0
30,1,0
28,22,0
9,45,0
22,43,0
49,9,0
-43,-17,0
-45,-19,0
-5,-38,0
45,-19,0
-45,13,0
36,-12,0
10,47,0
-6,43,0
9,-31,0
-21,-15,0
-30,-28,0
-39,-20,0
-9,-33,0
28,22,0
4,40,0
-31,-21,0
-25,-24,0
-42,-22,0
-14,-21,0
-34,34,0
-7,-30,0
44,0,0
-30,-7,0
13,45,0
39,22,0
-42,-21,0
-14,31,0
-27,-5,0
27,-42,0
-7,35,0
32,18,0
46,-8,0
-6,-26,0
-26,31,0
13,-31,0
-35,12,0
42,-14,0
28,35,0
-4,-32,0
-3,-48,0
-22,-21,0
20,-27,0
-33,-34,0
-9,-41,0
15,-22,0
-3,-28,0
-46,-14,0
5,-26,0
28,-19,0
10,26,0
29,-34,0
0,47,0
-41,23,0
-42,-14,0
28,-2,0
-47,0,0
-23,-11,0
33,21,0
48,9,0
-12,-31,0
-19,45,0
14,24,0
33,9,0
-37,-33,0
-35,2,0
-45,-11,0
33,14,0
46,6,0
7,48,0
35,22,0
-42,23,0
0,-46,0
5,32,0
-42,19,0
15,41,0
25,-34,0
8,-40,0
-18,36,0
-17,-22,0
-38,-19,0
-34,23,0
-34,-19,0
14,39,0
26,-23,0
9,27,0
10,-32,0
0,-33,0
14,31,0
-39,29,0
14,-22,0
-32,34,0
36,-20,0
-35,-10,0
34,27,0
-30,35,0
-6,-47,0
44,16,0
5,41,0
32,-2,0
39,-1,0
38,25,0
26,16,0
17,41,0
10,25,0
-17,26,0
44,-6,0
-43,14,0
-26,11,0
-33,1,0
-41,-22,0
34,-36,0
7,38,0
4,-47,0
31,-8,0
-8,-33,0
-30,28,0
8,41,0
7,-38,0
18,-46,0
-17,46,0
-28,-23,0
39,-11,0
-8,-43,0
7,-37,0
-12,-41,0
0,38,0
42,-2,0
14,47,0
32,-12,0
16,-41,0
3,-34,0
-25,-27,0
27,22,0
-23,10,0
-39,11,0
-42,24,0
-26,-17,0
-37,-29,0
-21,34,0
-27,-22,0
-28,-1,0
14,-36,0
48,1,0
-38,32,0
-15,-30,0
-35,-24,0
41,-14,0
39,-8,0
-25,32,0
-15,-34,0
34,-23,0
8,-39,0
-10,23,0
13,23,0
-37,32,0
-36,-13,0
32,-38,0
34,24,0
-22,-40,0
30,1,0
32,3,0
31,3,0
39,29,0
25,-16,0
17,-45,0
7,36,0
-33,-18,0
2,48,0
-1,39,0
11,-26,0
35,5,0
-4,41,0
29,-19,0
43,-3,0
-2,26,0
-12,25,0
24,13,0
27,18,0
-33,29,0
27,27,0
-5,-28,0
-18,-33,0
-9,-36,0
-25,-30,0
-34,36,0
-24,-35,0
20,42,0
29,-12,0
16,33,0
38,-19,0
-25,-26,0
40,10,0
-41,5,0
-36,-8,0
5,-30,0
-15,-23,0
-40,21,0
-36,-32,0
33,-25,0
-41,27,0
48,5,0
-41,-18,0
15,23,0
21,34,0
32,7,0
-12,-45,0
-19,21,0
-42,-15,0
-43,-5,0
8,40,0
-44,7,0
-20,-32,0
-21,-17,0
19,38,0
-10,39,0
17,37,0
27,-28,0
-22,28,0
24,-41,0
-25,-33,0
25,8,0
-48,-13,0
-39,29,0
5,35,0
-9,45,0
25,23,0
-44,5,0
-9,-43,0
30,-32,0
32,30,0
27,11,0
26,-20,0
-27,33,0
20,23,0
31,6,0
25,42,0
40,-19,0
44,21,0
20,34,0
-45,8,0
-33,32,0
8,26,0
26,38,0
26,-25,0
-38,8,0
27,-15,0
12,36,0
-34,7,0
43,-7,0
3,31,0
-36,1,0
-42,17,0
48,-13,0
5,-45,0
14,24,0
-35,35,0
9,38,0
6,42,0
-39,26,0
-32,-26,0
22,-41,0
-45,-14,0
29,-14,0
-9,41,0
-17,36,0
-25,-12,0
-1,46,0
17,46,0
34,11,0
13,-43,0
-14,-45,0
32,-19,0
-16,40,0
-16,-33,0
9,39,0
-25,0,0
12,-25,0
-14,28,0
35,30,0
-1,-43,0
6,41,0
30,10,0
20,15,0
38,-19,0
-28,1,0
-28,-14,0
29,-24,0
38,-26,0
12,-41,0
-45,-15,0
-27,8,0
-19,-46,0
14,-28,0
11,47,0
26,0,0
-29,-32,0
45,10,0
25,-6,0
