-44,-10,1
-26,25,1
9,-29,1
-27,-35,1
24,-8,1
18,41,1
-47,14,1
-15,-21,1
21,27,1
1,40,1
30,-11,1
-31,-1,1
-46,-14,1
16,26,1
-25,-38,1
9,-32,1
20,22,1
14,39,1
5,47,1
-30,-40,1
-4,30,1
-5,-35,1
31,21,1
-14,-43,1
-27,6,1
32,-5,1
22,22,1
22,-23,1
42,5,1
8,-28,1
-37,-25,1
26,32,1
-8,-30,1
17,28,1
25,30,1
27,33,1
30,-12,1
-15,-36,1
-6,-34,1
-27,-8,1
-32,-19,1
29,-22,1
-20,-41,1
-36,0,1
10,30,1
34,26,1
26,-42,1
28,-30,1
25,-4,1
20,-36,1
37,12,1
-11,-41,1
-1,-31,1
-25,-16,1
-10,23,1
33,13,1
25,-25,1
8,-31,1
41,4,1
28,31,1
-11,28,1
23,11,1
-6,-48,1
14,-30,1
35,-16,1
23,-33,1
-28,12,1
2,45,1
23,-36,1
-6,-36,1
14,-43,1
-31,-30,1
38,20,1
-36,23,1
25,-23,1
20,33,1
33,21,1
-26,-22,1
-6,-28,1
-14,48,1
-20,-43,1
14,37,1
17,-24,1
40,-3,1
42,12,1
23,10,1
-7,-47,1
-6,36,1
6,-25,1
34,11,1
-5,-34,1
-30,14,1
33,-3,1
39,11,1
-12,-43,1
-25,-33,1
-49,3,1
46,9,1
36,6,1
-14,34,1
23,-41,1
13,23,1
-27,-23,1
34,-10,1
20,36,1
12,-35,1
32,-6,1
3,41,1
10,-26,1
16,42,1
-14,-22,1
34,-25,1
-37,-10,1
-35,26,1
1,-45,1
6,44,1
-7,-34,1
-28,30,1
-8,-44,1
44,4,1
37,16,1
42,-20,1
-41,-2,1
-17,-47,1
-14,-43,1
40,-30,1
-39,-2,1
-13,-35,1
24,41,1
24,36,1
-1,32,1
-17,-37,1
-39,-27,1
29,11,1
-22,-14,1
-49,1,1
41,14,1
-16,40,1
7,47,1
-20,-22,1
32,-30,1
-27,32,1
23,-24,1
37,10,1
-5,-39,1
-26,2,1
26,-30,1
-21,-43,1
-35,-35,1
3,-25,1
-45,10,1
30,-10,1
9,34,1
9,33,1
0,-29,1
-25,23,1
29,35,1
-49,-2,1
43,-4,1
-12,23,1
18,34,1
33,-35,1
26,23,1
-16,-34,1
-33,-2,1
4,39,1
23,41,1
-20,-31,1
10,39,1
-7,46,1
-24,31,1
-43,-17,1
-23,27,1
-16,40,1
8,-48,1
34,-31,1
-34,-36,1
23,-33,1
37,12,1
40,-16,1
45,11,1
-37,12,1
35,-11,1
-33,-13,1
34,17,1
4,46,1
-41,-23,1
34,-31,1
30,38,1
48,-2,1
4,-37,1
13,35,1
-29,-33,1
0,-40,1
-22,27,1
-45,-6,1
-8,31,1
-14,34,1
21,29,1
35,-30,1
-31,37,1
-37,6,1
29,-14,1
28,-9,1
-34,30,1
-35,-2,1
0,-31,1
-3,-39,1
-8,-31,1
-7,-32,1
15,-40,1
-37,30,1
-11,45,1
-2,47,1
-34,6,1
-3,-25,1
-15,36,1
-26,-14,1
6,26,1
-24,-14,1
-34,3,1
-24,13,1
11,28,1
-36,-13,1
20,-23,1
28,36,1
1,47,1
-3,40,1
49,-9,1
30,37,1
-5,33,1
-21,-36,1
46,-19,1
-27,12,1
-47,7,1
-23,-44,1
10,23,1
29,-10,1
29,-23,1
27,-30,1
-1,36,1
28,12,1
-13,29,1
21,-18,1
35,21,1
-31,-18,1
-2,-41,1
35,4,1
36,17,1
-3,40,1
45,-3,1
19,17,1
-31,11,1
3,32,1
-36,11,1
33,37,1
-3,-49,1
-32,-35,1
-18,-35,1
47,2,1
-20,-43,1
46,13,1
44,-21,1
30,3,1
0,35,1
-9,45,1
-42,13,1
-21,43,1
-35,3,1
-7,31,1
0,-41,1
14,21,1
-22,-21,1
15,32,1
14,-24,1
-33,11,1
-14,45,1
-29,23,1
-25,-15,1
-16,42,1
-16,-21,1
-15,-39,1
-37,8,1
3,-41,1
-9,-35,1
-30,37,1
-38,-23,1
13,-36,1
-20,-41,1
16,-32,1
27,-21,1
-2,-25,1
-26,-29,1
17,-43,1
21,16,1
-4,-42,1
-47,9,1
-48,12,1
41,-21,1
-18,-18,1
34,4,1
10,42,1
43,-6,1
35,-8,1
25,-21,1
45,14,1
-10,-30,1
38,-28,1
-12,27,1
40,-11,1
22,-21,1
-3,-31,1
39,-23,1
30,15,1
-24,7,1
-31,16,1
-38,-7,1
5,-45,1
44,9,1
33,6,1
5,-27,1
-7,-48,1
16,-21,1
7,-45,1
-39,3,1
30,36,1
-27,39,1
44,-8,1
24,-19,1
-20,-33,1
2,-45,1
27,-13,1
30,-33,1
48,-5,1
33,-30,1
-20,30,1
42,4,1
-23,26,1
-13,-36,1
-35,-21,1
29,19,1
7,-36,1
-36,6,1
43,11,1
-20,-28,1
12,-27,1
-5,29,1
14,-44,1
21,22,1
19,-38,1
39,-11,1
24,9,1
17,40,1
-23,26,1
-42,-18,1
24,-17,1
19,-27,1
-10,-38,1
-40,12,1
32,14,1
-18,31,1
-7,-27,1
14,31,1
30,-14,1
-32,15,1
3,46,1
-29,0,1
-13,-39,1
-14,37,1
30,-31,1
34,-22,1
-34,-17,1
-43,-20,1
21,-27,1
21,-28,1
29,30,1
5,-25,1
-33,5,1
-43,20,1
19,-18,1
-37,5,1
-25,-7,1
-49,-9,1
-32,37,1
31,29,1
-33,-4,1
-12,-37,1
-36,20,1
12,44,1
-24,-24,1
37,33,1
-19,46,1
30,-35,1
-47,3,1
39,23,1
12,35,1
44,-1,1
45,1,1
3,47,1
-8,48,1
-10,-46,1
21,-28,1
-1,-34,1
-11,36,1
-35,8,1
-40,-4,1
-19,38,1
8,43,1
-35,-14,1
-2,-49,1
48,6,1
-6,46,1
-37,11,1
-19,45,1
10,-27,1
49,9,1
12,23,1
-12,26,1
0,47,1
23,13,1
-33,27,1
15,40,1
25,-35,1
23,41,1
45,-17,1
-6,45,1
-1,45,1
-3,29,1
25,-38,1
-28,-7,1
-34,-23,1
-8,-36,1
4,44,1
8,41,1
-8,39,1
-9,34,1
25,-38,1
-27,25,1
15,30,1
38,-29,1
-40,-15,1
-14,-41,1
31,8,1
49,8,1
36,30,1
13,-47,1
-25,23,1
-27,40,1
-45,18,1
26,14,1
16,-29,1
10,-33,1
-25,-30,1
-18,29,1
-30,17,1
-30,40,1
-40,-10,1
10,-42,1
-29,27,1
18,-31,1
-29,-18,1
-24,-22,1
23,-42,1
47,13,1
-3,-29,1
-14,28,1
27,-24,1
39,-19,1
34,-13,1
-4,32,1
0,41,1
-43,17,1
-33,16,1
20,-43,1
14,-41,1
21,15,1
-24,-43,1
48,-9,1
25,0,1
-27,23,1
-15,-44,1
32,6,1
32,28,1
-18,-36,1
6,-32,1
-18,-40,1
-37,16,1
-1,32,1
-25,7,1
-41,17,1
40,18,1
-34,20,1
-10,-36,1
-12,-34,1
27,-16,1
13,-42,1
-30,-36,1
39,10,1
32,35,1
-9,-37,1
-29,-25,0
28,15,0
12,-42,0
32,9,0
-19,44,0
32,-19,0
6,-44,0
41,-5,0
45,-7,0
27,-13,0
-31,36,0
-13,27,0
-9,-47,0
36,28,0
-34,11,0
-44,12,0
24,13,0
21,-20,0
20,31,0
-13,42,0
35,34,0
-6,-35,0
24,7,0
-26,0,0
30,35,0
-36,-4,0
32,5,0
-41,8,0
-17,-27,0
2,44,0
-37,-21,0
-26,-32,0
42,-12,0
-44,19,0
-24,28,0
-21,-22,0
-1,25,0
29,11,0
12,35,0
36,21,0
-38,28,0
5,37,0
8,-43,0
-26,35,0
-43,-8,0
-25,34,0
-39,7,0
20,-43,0
-26,-2,0
-33,29,0
-45,-7,0
-9,41,0
18,39,0
-23,17,0
-38,25,0
24,40,0
25,-41,0
-43,4,0
-6,-44,0
44,2,0
40,10,0
-29,-28,0
0,27,0
19,31,0
14,36,0
-18,-42,0
29,-31,0
-4,32,0
31,37,0
43,-5,0
4,34,0
-12,44,0
25,41,0
22,32,0
-35,9,0
-21,-40,0
-5,-33,0
31,-22,0
-25,19,0
-13,-44,0
9,-32,0
18,-23,0
-37,-30,0
27,25,0
48,-2,0
-15,30,0
9,-36,0
-2,-46,0
5,-46,0
43,8,0
-11,32,0
27,27,0
5,35,0
-45,3,0
13,-42,0
14,34,0
-37,-24,0
-38,-29,0
30,-4,0
-25,3,0
-22,-12,0
34,28,0
-26,-31,0
37,15,0
-17,-44,0
-34,-27,0
19,40,0
-6,-33,0
31,-35,0
21,28,0
8,37,0
-26,-14,0
10,45,0
13,-43,0
1,-30,0
41,13,0
32,-9,0
-27,42,0
13,23,0
41,9,0
-5,37,0
31,-32,0
9,-26,0
-16,-40,0
19,-33,0
28,-13,0
38,-31,0
39,-20,0
30,-9,0
30,-33,0
-42,16,0
-21,-20,0
36,-12,0
-16,-24,0
-41,-7,0
24,16,0
-4,31,0
-10,39,0
14,-35,0
-2,27,0
41,27,0
-16,-42,0
4,34,0
-35,-4,0
-7,33,0
44,-17,0
-17,-29,0
8,-25,0
-42,-10,0
-45,-14,0
-11,-28,0
-42,20,0
18,-45,0
48,-13,0
15,-32,0
-41,-19,0
8,34,0
10,-35,0
-5,27,0
-37,-6,0
31,-3,0
25,41,0
-26,-31,0
-21,40,0
7,30,0
27,39,0
31,-31,0
-23,-39,0
15,-47,0
0,49,0
32,-26,0
31,-7,0
-35,-7,0
18,-37,0
36,7,0
7,-45,0
18,-22,0
11,47,0
7,-24,0
-22,23,0
-18,-38,0
-29,-15,0
30,-31,0
40,-22,0
14,28,0
-28,9,0
21,36,0
36,24,0
25,40,0
27,-41,0
25,6,0
-2,-34,0
-40,-20,0
10,26,0
-33,-31,0
-18,-30,0
-2,38,0
47,0,0
23,34,0
5,-47,0
-41,-15,0
-36,-11,0
45,16,0
-29,-5,0
-21,42,0
29,-25,0
-17,-26,0
31,-4,0
40,19,0
29,30,0
25,-3,0
24,-15,0
22,-16,0
32,-31,0
40,18,0
48,1,0
-45,-6,0
34,-23,0
25,17,0
28,-28,0
7,30,0
20,16,0
13,-23,0
4,-25,0
39,-7,0
43,19,0
13,37,0
-24,20,0
-21,30,0
-35,-34,0
8,-27,0
-49,-4,0
-9,-36,0
8,-31,0
-32,32,0
0,29,0
45,-13,0
35,-19,0
9,-46,0
-16,22,0
33,-32,0
24,19,0
17,-26,0
-45,18,0
-13,44,0
46,-10,0
-38,-1,0
21,24,0
-8,-44,0
24,-42,0
-9,48,0
-27,-25,0
2,-40,0
-43,23,0
20,35,0
-22,29,0
21,-27,0
-37,-10,0
8,-40,0
-22,28,0
45,-6,0
33,32,0
-13,37,0
-27,32,0
27,-42,0
26,-9,0
-40,4,0
26,-3,0
-44,3,0
29,33,0
16,22,0
37,-13,0
-7,43,0
-11,-24,0
12,-24,0
31,22,0
4,-35,0
8,-27,0
33,6,0
-26,5,0
-30,-31,0
25,-22,0
6,36,0
11,37,0
18,-19,0
-5,-48,0
-26,-29,0
-18,27,0
-11,-23,0
13,-37,0
-17,-36,0
-3,30,0
-24,-42,0
-33,22,0
-5,47,0
-28,-17,0
24,32,0
-27,26,0
-32,-3,0
-43,-2,0
-31,-1,0
-29,-17,0
-35,28,0
15,22,0
-44,6,0
17,35,0
-25,41,0
44,6,0
29,-35,0
30,12,0
20,-22,0
-12,27,0
21,40,0
31,-25,0
-31,17,0
-44,3,0
-25,31,0
22,-35,0
11,29,0
-3,-33,0
42,10,0
-31,25,0
-19,-26,0
-3,29,0
-47,15,0
-24,-15,0
-47,15,0
0,-29,0
-36,-29,0
12,-24,0
23,37,0
-38,-3,0
37,18,0
-8,39,0
4,-40,0
-4,-39,0
-30,-26,0
3,-41,0
23,15,0
-37,-24,0
14,26,0
-9,-44,0
39,-21,0
29,-30,0
32,-34,0
-43,-10,0
34,-21,0
-15,35,0
38,-9,0
17,32,0
-47,-14,0
15,42,0
-26,-12,0
46,14,0
43,-15,0
-7,28,0
-15,29,0
49,-5,0
21,-41,0
-34,21,0
47,16,0
-34,-2,0
27,38,0
-40,10,0
-27,-12,0
-20,20,0
23,37,0
-25,-5,0
-47,-6,0
30,11,0
20,36,0
-37,3,0
1,33,0
-33,25,0
-37,-22,0
-35,-33,0
-26,-25,0
21,-34,0
-26,-6,0
48,-2,0
9,27,0
-12,44,0
-18,-39,0
-24,-32,0
-24,-35,0
-21,-16,0
4,46,0
28,39,0
14,-36,0
-30,-8,0
-22,29,0
29,5,0
-40,11,0
-27,38,0
-38,13,0
36,34,0
-29,-2,0
-29,17,0
-7,-25,0
37,22,0
-46,3,0
8,37,0
1,37,0
32,25,0
-22,21,0
22,-23,0
42,-23,0
-28,16,0
-28,-7,0
11,26,0
7,33,0
-39,-14,0
-18,-20,0
-26,40,0
28,-38,0
-5,30,0
34,-11,0
-20,-30,0
9,37,0
2,-38,0
-27,4,0
-40,-4,0
-20,44,0
30,36,0
42,-21,0
-29,23,0
-42,-6,0
-24,15,0
-27,-6,0
-31,21,0
-28,17,0
-26,42,0
-20,-40,0
28,11,0
-11,-47,0
29,-18,0
-11,-36,0
-29,-30,0
28,-35,0
5,44,0
23,-35,0
30,-29,0
26,25,0
21,-14,0
1,25,0
12,-36,0
31,37,0
-28,13,0
7,47,0
13,-37,0
-34,-18,0
11,-30,0
9,42,0
44,-23,0
29,-3,0
0,41,0
-25,22,0
-34,2,0
38,-30,0
27,-36,0
-41,-18,0
40,23,0
39,-5,0
39,-13,0
28,16,0
-18,24,0
-5,49,0
-15,27,0
-34,20,0
17,26,0
-26,-19,0
28,32,0
-3,38,0
11,38,0
27,-39,0
3,-28,0
-29,-29,0
13,37,0
-32,13,0
-47,11,0
26,11,0
18,46,0
12,-29,0
-12,27,0
42,-19,0
17,-29,0
47,6,0
-25,16,0
-47,1,0
-19,29,0
-24,-29,0
3,33,0
-26,19,0
7,24,0
-2,-27,0
43,15,0
-16,34,0
-43,-2,0
26,15,0
-34,-22,0
