46,0,1
-13,32,1
-20,24,1
-33,-18,1
16,-20,1
43,-5,1
27,9,1
-29,30,1
-41,5,1
-48,8,1
-18,-21,1
-44,-14,1
0,37,1
21,-24,1
-30,-37,1
-46,-18,1
-8,-39,1
38,-5,1
-25,-39,1
35,-26,1
11,-43,1
-21,-35,1
-16,34,1
46,-3,1
14,48,1
14,-32,1
0,40,1
-32,3,1
43,-4,1
-28,-21,1
-24,23,1
16,38,1
44,5,1
20,16,1
5,47,1
3,41,1
-35,31,1
-30,-35,1
-7,36,1
28,-3,1
24,33,1
30,-7,1
-14,-36,1
20,-24,1
-23,34,1
-37,-27,1
8,-28,1
-20,36,1
-39,-25,1
-5,29,1
-2,-49,1
-3,46,1
0,27,1
-11,48,1
-40,-16,1
-5,46,1
-18,31,1
-43,25,1
-8,-32,1
19,-26,1
13,-43,1
20,34,1
28,39,1
-40,-5,1
23,-25,1
-39,21,1
-27,-15,1
-32,-10,1
28,41,1
28,-8,1
27,-27,1
24,18,1
-45,14,1
-15,25,1
-42,-16,1
45,-11,1
-19,32,1
47,13,1
-44,-5,1
-15,28,1
-9,-26,1
-4,-47,1
39,9,1
-29,25,1
30,-29,1
-32,32,1
11,-38,1
-34,7,1
21,38,1
-10,-31,1
-49,-6,1
-19,34,1
-19,40,1
0,-28,1
43,10,1
42,0,1
0,-36,1
35,-12,1
-48,-5,1
15,40,1
-33,-37,1
15,-21,1
-30,4,1
41,-19,1
-34,-15,1
8,46,1
-12,-46,1
-12,31,1
12,-37,1
-20,-39,1
-31,-12,1
18,-32,1
0,47,1
-29,13,1
47,-16,1
35,11,1
19,45,1
-1,33,1
12,24,1
-32,13,1
32,-4,1
-18,-28,1
43,19,1
-7,-49,1
43,23,1
-25,12,1
-37,31,1
4,36,1
-30,-39,1
1,-46,1
36,21,1
-25,10,1
-26,3,1
12,-44,1
29,1,1
-44,-21,1
-26,37,1
26,29,1
32,10,1
33,-6,1
-33,-5,1
-19,-20,1
38,-21,1
22,37,1
46,4,1
-28,-21,1
-10,29,1
15,-35,1
22,27,1
-29,38,1
29,1,1
-29,-29,1
-14,34,1
14,-21,1
4,33,1
35,5,1
3,39,1
15,-36,1
40,4,1
23,-28,1
-24,-16,1
24,-32,1
33,26,1
46,19,1
32,34,1
-27,-14,1
-20,-35,1
28,17,1
39,26,1
11,35,1
30,-26,1
18,27,1
25,4,1
32,-28,1
-28,6,1
35,6,1
10,-28,1
-26,23,1
-22,20,1
-37,29,1
-1,37,1
-9,29,1
34,18,1
42,7,1
16,29,1
-39,-10,1
17,-20,1
28,-37,1
13,48,1
-28,7,1
-6,-43,1
23,-34,1
-27,32,1
-25,10,1
-42,17,1
-38,-21,1
-32,-37,1
-14,37,1
29,18,1
44,6,1
25,11,1
-40,-25,1
31,20,1
-37,-29,1
9,25,1
37,22,1
-42,27,1
-34,29,1
23,42,1
27,-38,1
-42,-23,1
-42,5,1
28,-11,1
-23,35,1
31,-9,1
-21,-21,1
27,32,1
-2,-36,1
22,-14,1
27,42,1
-8,-49,1
-43,16,1
-9,45,1
18,-27,1
0,-43,1
22,-16,1
-7,34,1
27,22,1
36,7,1
-28,-5,1
-38,-7,1
27,14,1
-31,-33,1
15,-43,1
-22,29,1
24,-20,1
-19,-45,1
-30,-24,1
45,-1,1
-12,-25,1
20,37,1
-6,-39,1
-8,-42,1
3,-39,1
28,-10,1
26,-9,1
-21,-34,1
8,43,1
31,16,1
-9,-40,1
20,-19,1
-28,-38,1
-27,-36,1
-42,7,1
35,19,1
22,-36,1
-31,-10,1
-3,39,1
-1,47,1
-35,-2,1
33,-14,1
11,-32,1
27,18,1
44,5,1
17,31,1
-26,14,1
-17,-20,1
-25,-12,1
27,33,1
23,-12,1
35,-9,1
-43,-11,1
26,-34,1
-47,13,1
37,15,1
27,-34,1
-10,35,1
10,35,1
-9,-36,1
49,3,1
4,-49,1
11,40,1
31,-38,1
13,-47,1
-31,6,1
47,15,1
-32,-24,1
31,-22,1
-3,-47,1
39,25,1
-30,29,1
-35,19,1
34,-1,1
-7,-24,1
35,5,1
-7,-49,1
20,-32,1
-48,14,1
-36,30,1
36,19,1
20,-25,1
-13,47,1
33,-9,1
27,12,1
26,-14,1
-38,24,1
8,-27,1
37,-22,1
44,-1,1
-39,-8,1
32,-29,1
13,34,1
-33,-17,1
25,-7,1
-22,-33,1
-30,2,1
-14,-47,1
46,-15,1
28,28,1
-9,42,1
39,31,1
37,25,1
45,9,1
34,11,1
-17,-36,1
-30,-1,1
21,-14,1
-43,-7,1
-34,-10,1
4,-30,1
45,20,1
0,-33,1
-1,-41,1
32,15,1
-8,-29,1
-21,41,1
-14,39,1
36,-7,1
45,-17,1
-14,-32,1
25,-35,1
-14,-42,1
-6,-49,1
31,-33,1
-44,23,1
-47,10,1
-3,33,1
29,9,1
3,-41,1
25,8,1
-3,42,1
-26,-30,1
-36,-3,1
-34,-1,1
-7,45,1
-22,39,1
36,-2,1
-28,24,1
35,-18,1
34,-30,1
-49,-9,1
31,22,1
34,27,1
3,42,1
-22,29,1
8,24,1
-35,23,1
-37,31,1
-8,26,1
42,-4,1
-39,18,1
29,-10,1
-7,-32,1
43,9,1
-2,34,1
11,35,1
-46,17,1
-40,23,1
31,-32,1
-3,38,1
-17,-36,1
29,-31,1
10,-45,1
-9,48,1
-34,26,1
-21,17,1
-4,-29,1
-12,-37,1
44,-2,1
-30,3,1
-26,-22,1
19,-29,1
-20,42,1
-8,-26,1
-26,-3,1
-46,-4,1
-27,8,1
33,-31,1
25,17,1
11,-44,1
-37,-25,1
24,24,1
-40,-20,1
-33,-5,1
-21,-35,1
6,-25,1
29,10,1
-14,-25,1
-3,30,1
22,-34,1
1,-28,1
-17,-37,1
-40,-19,1
30,-28,1
-9,25,1
-25,12,1
-20,-38,1
35,19,1
-26,22,1
14,-40,1
0,50,1
30,-19,1
-41,-1,1
-38,-17,1
-6,31,1
-5,-35,1
-7,32,1
-14,-41,1
24,-11,1
-32,-17,1
25,-31,1
42,26,1
40,-19,1
-43,17,1
40,4,1
31,31,1
-7,-37,1
7,45,1
-37,22,1
20,-34,1
-38,28,1
14,31,1
7,-44,1
-17,21,1
-40,28,1
-11,24,1
8,33,1
32,9,1
1,46,1
-27,-4,1
18,31,1
-6,32,1
-8,40,1
18,24,1
36,16,1
26,-5,1
12,-35,1
-30,-24,1
-41,21,1
-22,15,1
-15,-29,1
33,0,1
34,7,1
-40,2,1
35,-13,1
-7,27,1
45,-9,1
-42,3,1
-13,-42,1
33,8,1
-15,24,1
35,29,1
-7,-31,1
-36,4,1
-15,-33,1
-39,18,1
-27,-28,1
8,-30,1
15,21,1
41,15,1
-16,45,1
24,31,1
31,-27,1
-16,34,1
32,12,1
-32,21,1
-41,-23,1
38,16,1
1,48,1
47,17,1
32,17,1
47,16,1
37,1,1
-27,4,1
1,48,1
21,44,1
-30,-32,1
24,-27,1
-43,-25,1
-7,-43,1
-31,27,0
13,-47,0
35,35,0
-45,-11,0
22,-30,0
34,-20,0
-47,-1,0
41,19,0
8,-39,0
28,-3,0
23,37,0
-32,11,0
-28,-36,0
26,32,0
-1,45,0
-35,25,0
16,-24,0
42,15,0
16,-34,0
-11,-42,0
-41,-7,0
40,1,0
-9,-32,0
-29,-33,0
41,20,0
-6,38,0
-41,17,0
27,-10,0
-27,2,0
33,-10,0
-29,17,0
3,-35,0
9,-34,0
36,20,0
2,39,0
21,-45,0
8,-43,0
-42,-26,0
16,45,0
29,3,0
40,18,0
13,-47,0
-22,-22,0
-41,-27,0
-28,18,0
-35,-5,0
-48,-7,0
34,36,0
0,29,0
-5,45,0
-28,24,0
-16,-20,0
24,15,0
-35,29,0
-22,-17,0
-22,32,0
-38,-5,0
-4,45,0
-7,30,0
15,37,0
-42,-23,0
-22,44,0
26,-37,0
5,49,0
-6,42,0
-12,28,0
42,17,0
26,-13,0
-1,37,0
26,-22,0
43,-21,0
-40,-30,0
-28,-35,0
20,29,0
-30,-30,0
24,13,0
46,-8,0
-9,-46,0
45,10,0
18,46,0
-32,6,0
37,-33,0
48,12,0
3,-25,0
-37,-32,0
-5,25,0
22,-25,0
-11,42,0
-22,24,0
-29,-12,0
33,-9,0
11,-43,0
-14,43,0
12,40,0
-22,-36,0
-1,43,0
36,-20,0
-12,-30,0
36,-29,0
-38,-19,0
-26,31,0
-27,-36,0
-28,-2,0
-37,4,0
21,34,0
12,39,0
10,33,0
-13,28,0
-25,28,0
-29,-4,0
30,-19,0
-45,12,0
26,-32,0
-27,-33,0
-35,-5,0
-33,-20,0
21,32,0
36,29,0
34,36,0
-14,-38,0
-1,-49,0
-25,-32,0
21,29,0
11,23,0
-41,6,0
46,-6,0
23,10,0
-37,30,0
17,35,0
20,-27,0
-34,14,0
33,10,0
-33,14,0
12,-28,0
-3,-39,0
-21,32,0
4,-46,0
-31,-3,0
-38,19,0
-9,44,0
-32,-2,0
13,-25,0
26,18,0
-9,-30,0
-32,17,0
-28,-23,0
31,-37,0
27,32,0
10,40,0
27,-35,0
-35,-33,0
22,-15,0
27,-2,0
-13,29,0
33,-5,0
40,-29,0
9,-32,0
35,-25,0
7,41,0
3,-30,0
-40,-30,0
-27,16,0
-7,-48,0
-27,19,0
24,37,0
-28,-29,0
-2,-48,0
31,31,0
36,-8,0
-24,-22,0
38,-12,0
-28,13,0
-24,37,0
13,-23,0
3,-49,0
-39,7,0
34,-29,0
40,-5,0
-19,-44,0
28,2,0
49,1,0
20,45,0
-8,35,0
32,-16,0
-22,42,0
-34,8,0
37,-33,0
40,0,0
-35,-32,0
-7,28,0
-11,42,0
29,-4,0
8,46,0
-16,42,0
24,-19,0
25,38,0
32,13,0
9,31,0
-10,42,0
-13,34,0
-3,44,0
-32,22,0
-33,32,0
-11,-24,0
-24,-39,0
-28,-22,0
-22,32,0
-45,2,0
34,1,0
45,4,0
-8,46,0
45,-16,0
-42,15,0
47,15,0
16,27,0
41,11,0
-42,26,0
-44,-22,0
-30,-40,0
33,-35,0
47,4,0
11,39,0
15,-20,0
14,-35,0
-28,-39,0
-36,18,0
-31,15,0
35,12,0
-25,-39,0
21,27,0
30,11,0
37,7,0
-25,-4,0
-16,35,0
-38,-28,0
-23,34,0
49,-7,0
22,-32,0
7,-42,0
-32,17,0
36,27,0
21,44,0
-27,-41,0
37,-14,0
24,-43,0
19,21,0
0,49,0
17,-47,0
-42,23,0
-1,43,0
15,31,0
42,-15,0
-36,-16,0
34,-29,0
-19,26,0
-38,11,0
20,25,0
-34,12,0
25,35,0
-45,-6,0
-39,16,0
25,18,0
-32,9,0
-13,-40,0
36,-2,0
9,48,0
-15,-29,0
-21,-36,0
-6,35,0
16,-35,0
34,-14,0
-18,31,0
-41,-1,0
3,-42,0
-44,-5,0
22,21,0
27,-13,0
47,-13,0
1,-43,0
31,-31,0
-14,24,0
46,-8,0
30,-3,0
-1,-39,0
16,45,0
-36,20,0
6,-36,0
-35,9,0
26,-30,0
-38,17,0
23,29,0
0,-42,0
38,7,0
-17,-46,0
-3,-45,0
13,42,0
-21,24,0
40,-29,0
-22,-24,0
33,-18,0
22,-24,0
49,-5,0
-49,-3,0
20,-30,0
-8,46,0
24,-35,0
-28,3,0
20,24,0
12,-46,0
34,-21,0
-6,-27,0
43,-9,0
17,44,0
12,32,0
10,35,0
-28,25,0
-13,-48,0
-8,-43,0
-11,32,0
42,-5,0
-44,18,0
44,23,0
-25,22,0
31,0,0
13,-22,0
-28,33,0
-25,-21,0
-28,34,0
-14,39,0
-17,39,0
-45,-20,0
20,25,0
-34,32,0
-30,31,0
30,14,0
35,-20,0
-37,25,0
-37,18,0
-7,27,0
-18,-32,0
36,16,0
-12,-43,0
12,23,0
-1,38,0
24,40,0
16,23,0
27,27,0
-36,-10,0
9,35,0
27,10,0
20,-25,0
-26,-14,0
5,28,0
-6,49,0
3,46,0
-28,-22,0
9,-30,0
-39,-29,0
43,-23,0
37,8,0
-42,12,0
-21,40,0
-31,-38,0
17,-30,0
20,-41,0
-16,-31,0
8,-47,0
31,13,0
19,34,0
-46,17,0
-26,-6,0
19,40,0
-20,-15,0
32,-11,0
-18,46,0
6,-48,0
27,-7,0
6,-26,0
29,11,0
-2,39,0
-16,-24,0
46,-12,0
49,4,0
21,-27,0
-4,46,0
10,-34,0
-15,36,0
-31,-6,0
22,-16,0
-16,-37,0
-21,-16,0
-28,-18,0
24,-32,0
-6,48,0
-23,25,0
39,0,0
-32,30,0
17,44,0
27,23,0
6,-32,0
-16,47,0
-33,16,0
-3,47,0
-29,29,0
27,37,0
7,31,0
30,-31,0
36,-33,0
-34,23,0
-28,-27,0
30,5,0
37,31,0
23,-38,0
24,-17,0
-1,34,0
24,21,0
1,44,0
45,-15,0
39,3,0
20,20,0
28,-19,0
4,-37,0
-25,21,0
11,45,0
-38,18,0
-36,15,0
-49,-3,0
14,-47,0
25,1,0
11,-28,0
46,-14,0
-27,-36,0
-30,34,0
20,23,0
43,-24,0
2,-33,0
-26,34,0
37,26,0
12,27,0
16,-46,0
-34,12,0
33,12,0
-35,16,0
-23,13,0
16,-38,0
30,11,0
-40,-23,0
28,-19,0
-2,33,0
-23,10,0
39,-25,0
-30,21,0
-18,33,0
18,-40,0
11,48,0
-13,-42,0
12,30,0
17,-22,0
-31,24,0
-20,-15,0
45,5,0
2,-38,0
-35,28,0
-42,8,0
23,-43,0
36,-8,0
-39,-30,0
-19,-18,0
29,4,0
-17,22,0
33,33,0
-26,24,0
43,18,0
-34,-33,0
-15,40,0
15,24,0
-13,-40,0
-40,-9,0
20,27,0
-17,-25,0
-40,18,0
-30,-34,0
28,35,0
29,-26,0
13,-35,0
-13,38,0
-46,10,0
15,-39,0
-19,31,0
-42,-21,0
34,18,0
3,-31,0
8,30,0
-28,22,0
12,40,0
34,-30,0
-33,19,0
-3,-44,0
2,-40,0
21,-38,0
