-23,16,1
25,35,1
-44,12,1
5,-40,1
-33,-33,1
38,0,1
-43,25,1
-24,-25,1
47,14,1
2,-31,1
-14,-29,1
20,20,1
-35,-22,1
23,13,1
4,40,1
32,31,1
20,35,1
37,15,1
22,-20,1
30,30,1
14,-30,1
-33,-6,1
26,31,1
-47,12,1
49,-9,1
-33,27,1
33,36,1
-25,17,1
-15,-22,1
-36,-20,1
11,46,1
-39,28,1
0,29,1
-46,-7,1
23,24,1
-28,-4,1
8,-34,1
-26,3,1
-5,-31,1
23,24,1
-41,8,1
-34,33,1
-20,-18,1
33,31,1
24,-24,1
34,-27,1
-15,-37,1
-5,35,1
24,41,1
-27,5,1
-16,41,1
-30,29,1
30,-15,1
-43,-20,1
-1,-40,1
29,4,1
2,-30,1
-23,-34,1
20,30,1
-18,-45,1
-15,23,1
-17,46,1
40,-1,1
-14,40,1
49,7,1
24,-16,1
-34,-14,1
8,35,1
10,35,1
26,-15,1
34,7,1
-7,38,1
-7,48,1
-30,34,1
14,-26,1
-19,34,1
14,-47,1
-40,-25,1
-47,12,1
-20,24,1
-5,32,1
26,1,1
35,35,1
-27,6,1
-35,21,1
17,29,1
-43,6,1
-14,-40,1
6,26,1
33,25,1
46,19,1
-1,-34,1
-21,-45,1
-45,16,1
-19,-40,1
32,-19,1
-29,0,1
-34,31,1
-6,-31,1
25,18,1
33,-31,1
-33,-1,1
-22,-30,1
40,22,1
10,-30,1
34,35,1
42,-27,1
-33,24,1
4,30,1
-30,-30,1
35,20,1
11,29,1
4,-46,1
11,46,1
-8,44,1
42,-9,1
-9,34,1
26,15,1
46,-8,1
5,-27,1
-25,-17,1
-15,-41,1
7,49,1
20,22,1
28,-36,1
-15,-29,1
37,-10,1
38,-12,1
-1,38,1
44,1,1
-6,41,1
46,15,1
-4,45,1
-24,42,1
25,28,1
22,22,1
-30,38,1
37,13,1
-30,-3,1
-23,44,1
-28,30,1
-33,-27,1
-30,-37,1
-22,18,1
19,-23,1
-46,-13,1
-41,-25,1
-42,9,1
-44,18,1
-45,20,1
34,23,1
45,6,1
-48,-2,1
12,-35,1
37,-16,1
-20,24,1
-21,-35,1
8,46,1
-22,-35,1
5,-46,1
-4,-45,1
-16,-32,1
-26,-11,1
-45,-14,1
11,43,1
-30,40,1
40,-11,1
-1,30,1
38,5,1
-21,-39,1
0,-33,1
6,44,1
14,33,1
-19,45,1
-6,-30,1
16,44,1
7,30,1
1,-38,1
36,19,1
-5,33,1
32,-22,1
-19,-23,1
25,13,1
43,-9,1
10,-43,1
1,26,1
17,22,1
-18,20,1
20,-30,1
19,36,1
13,25,1
42,25,1
4,35,1
-45,7,1
20,-45,1
-45,6,1
27,-1,1
23,22,1
-2,-37,1
28,31,1
-35,-28,1
24,-16,1
23,33,1
29,-21,1
-17,-23,1
8,49,1
-7,-40,1
18,-29,1
-36,-15,1
-17,-29,1
-24,-41,1
-34,-12,1
45,9,1
21,22,1
17,-42,1
4,-46,1
36,-4,1
7,-40,1
5,38,1
-40,-14,1
38,6,1
-2,46,1
-10,38,1
-46,-4,1
21,-44,1
21,-39,1
-8,-44,1
25,-30,1
47,-1,1
26,19,1
-34,25,1
32,-4,1
-20,34,1
-36,10,1
33,36,1
-9,-45,1
-34,-7,1
23,-10,1
-35,17,1
39,-2,1
-1,41,1
21,45,1
-26,-35,1
-29,-14,1
-25,-15,1
0,25,1
-27,19,1
8,-28,1
-39,-21,1
34,-22,1
-43,-18,1
41,-8,1
3,40,1
-37,-14,1
-9,24,1
41,-23,1
29,39,1
-44,-4,1
33,-14,1
-27,21,1
-38,21,1
-41,-6,1
28,-40,1
-22,-26,1
-30,-36,1
22,-27,1
-42,-18,1
4,30,1
-12,26,1
30,2,1
-11,24,1
-40,3,1
-42,16,1
27,-42,1
-36,-9,1
2,-38,1
-6,34,1
-16,-24,1
3,29,1
20,45,1
-22,-12,1
18,-32,1
-45,-13,1
28,31,1
-48,11,1
-29,0,1
28,40,1
27,40,1
20,-36,1
27,13,1
5,-34,1
36,24,1
17,37,1
42,-24,1
-18,38,1
-11,-34,1
-18,-30,1
-14,21,1
-35,-3,1
16,-28,1
36,19,1
-31,-11,1
25,2,1
-14,-31,1
-26,7,1
35,9,1
27,3,1
-10,-47,1
28,-29,1
35,-13,1
-23,36,1
39,22,1
-31,18,1
6,-25,1
-21,-38,1
37,-22,1
-38,-3,1
-35,-2,1
-48,12,1
35,16,1
29,-7,1
-45,18,1
-2,35,1
-35,18,1
-21,24,1
6,32,1
48,-3,1
-13,41,1
25,-32,1
34,11,1
11,47,1
-20,28,1
-27,22,1
-31,-28,1
13,40,1
-38,14,1
18,28,1
-35,-17,1
-33,14,1
39,-30,1
-4,28,1
-32,31,1
13,-29,1
15,-37,1
5,-42,1
6,34,1
21,-30,1
8,42,1
-42,-4,1
22,-40,1
10,41,1
-16,25,1
-30,21,1
-40,-1,1
31,23,1
-35,31,1
37,33,1
26,-3,1
12,26,1
-6,-48,1
27,-37,1
-4,-37,1
-28,-26,1
-6,32,1
-13,-23,1
21,32,1
2,35,1
-36,8,1
26,-10,1
10,29,1
35,19,1
5,36,1
19,28,1
-7,26,1
-27,-29,1
33,28,1
7,-28,1
-22,-41,1
24,26,1
-30,-5,1
16,45,1
25,21,1
17,-43,1
44,-23,1
9,40,1
42,-16,1
20,34,1
15,-26,1
-4,28,1
26,27,1
-34,-3,1
23,-19,1
-38,29,1
-5,-43,1
-2,-36,1
39,14,1
16,-26,1
-47,4,1
-30,22,1
26,16,1
-47,-1,1
-20,-37,1
-34,8,1
-42,-9,1
10,34,1
-34,10,1
-49,7,1
27,27,1
-30,-36,1
43,18,1
-26,2,1
0,-37,1
20,30,1
27,-34,1
38,17,1
-17,37,1
35,2,1
16,45,1
11,-44,1
-33,4,1
-9,-41,1
-28,33,1
-24,-11,1
-14,-36,1
-36,23,1
3,49,1
-14,-31,1
22,-30,1
-4,32,1
-25,-11,1
-25,15,1
14,23,1
-29,22,1
-37,30,1
13,28,1
-32,34,1
-32,-28,1
-41,23,1
27,21,1
-13,-26,1
-34,23,1
35,-18,1
-13,-46,1
-37,-30,1
10,37,1
39,17,1
15,-31,1
40,-1,1
-44,-12,1
-16,-32,1
26,32,1
-40,17,1
-39,-27,1
-8,-29,1
23,-38,1
-8,-27,1
4,-38,1
-7,34,1
-40,11,1
-2,43,1
-6,43,1
8,-32,1
-18,-29,1
22,14,1
-35,7,1
0,-42,1
3,32,1
1,-43,1
37,-29,1
0,50,1
7,-27,1
-35,-20,1
6,32,1
23,-43,1
-9,37,1
-38,28,1
-10,38,1
-33,37,1
30,-16,1
22,38,1
9,-26,1
20,17,1
-6,-27,1
32,1,1
-41,2,1
12,48,1
-31,-5,1
-6,30,1
-29,-38,1
32,23,1
0,38,1
1,-44,1
-42,4,1
27,19,1
-17,-29,1
-24,37,1
3,25,1
46,-3,1
42,-9,1
-11,47,1
-284,-30,0
-296,-46,0
-80,277,0
-279,127,0
247,-160,0
278,78,0
188,242,0
286,78,0
241,-158,0
-160,-246,0
-244,191,0
269,-150,0
-253,177,0
-225,184,0
203,201,0
-301,74,0
-109,-269,0
127,259,0
-12,-298,0
-251,-175,0
240,190,0
-295,32,0
-163,262,0
303,-48,0
-87,274,0
216,195,0
158,-251,0
258,-166,0
-232,-194,0
-291,-68,0
282,120,0
-158,-260,0
272,-86,0
-210,-228,0
117,-271,0
-267,-102,0
-120,271,0
-242,159,0
259,163,0
308,-21,0
300,-12,0
-294,48,0
-283,118,0
86,282,0
-271,-113,0
-115,278,0
308,-32,0
289,112,0
290,-38,0
-153,253,0
-172,-246,0
299,20,0
-291,-52,0
-262,-139,0
-283,118,0
-160,-258,0
-22,-286,0
247,-144,0
220,-216,0
302,-41,0
-289,-99,0
261,121,0
-184,231,0
-273,-111,0
294,-81,0
-40,-290,0
-108,-271,0
146,-247,0
302,-50,0
239,170,0
280,-85,0
238,-175,0
78,275,0
224,-203,0
-61,281,0
131,-278,0
-265,119,0
105,271,0
-207,-229,0
199,-216,0
179,-226,0
210,206,0
-212,204,0
-215,-218,0
-303,42,0
147,259,0
-193,-221,0
82,-276,0
31,-304,0
236,188,0
-284,-64,0
142,274,0
-112,-277,0
-72,-289,0
161,-263,0
269,-102,0
194,-225,0
36,303,0
186,245,0
-63,291,0
-93,-293,0
277,92,0
169,244,0
214,-196,0
27,300,0
120,-269,0
87,287,0
-176,-239,0
-184,-218,0
202,208,0
-190,-223,0
-73,-287,0
-50,293,0
-177,-248,0
-82,283,0
281,67,0
-279,-129,0
45,305,0
274,-99,0
-258,-136,0
-105,-291,0
301,64,0
-215,-223,0
304,46,0
265,133,0
131,274,0
-132,-253,0
-200,216,0
-291,44,0
-221,187,0
-26,287,0
6,-292,0
-55,-282,0
238,-180,0
183,235,0
16,307,0
-217,204,0
181,240,0
-181,234,0
154,-252,0
-261,162,0
295,-59,0
-86,272,0
-226,185,0
-185,-237,0
132,269,0
224,-183,0
-285,15,0
-183,-245,0
276,76,0
119,-274,0
195,224,0
-298,60,0
1,-290,0
-212,204,0
-103,286,0
216,198,0
280,85,0
225,193,0
285,-119,0
234,-198,0
261,123,0
13,300,0
-161,238,0
-284,79,0
172,251,0
-265,-160,0
-244,-179,0
288,43,0
248,-176,0
296,-81,0
280,-128,0
90,275,0
287,-57,0
271,-119,0
77,-295,0
-298,-64,0
61,284,0
305,-18,0
-159,248,0
-124,270,0
-293,-70,0
103,278,0
197,-224,0
283,60,0
24,-296,0
271,-126,0
224,187,0
-38,297,0
193,229,0
240,163,0
-24,298,0
-293,-50,0
196,-236,0
223,194,0
-240,186,0
117,-278,0
32,-287,0
-257,-124,0
-255,166,0
292,85,0
248,-167,0
-173,-257,0
293,85,0
294,-37,0
275,78,0
300,-60,0
-273,139,0
294,-56,0
264,117,0
-92,-274,0
-145,-267,0
-237,172,0
-183,-229,0
-222,183,0
251,-161,0
-260,-143,0
-265,-127,0
301,53,0
111,-280,0
-133,-262,0
-290,-75,0
155,-262,0
270,137,0
100,-287,0
129,-279,0
-273,111,0
256,-157,0
286,63,0
-74,-282,0
-206,-211,0
295,69,0
-284,-57,0
76,278,0
-262,-128,0
239,-168,0
-35,290,0
282,100,0
291,35,0
-290,64,0
289,-18,0
62,291,0
264,-132,0
-296,-10,0
218,184,0
119,279,0
-99,274,0
-136,-256,0
171,-253,0
-31,-294,0
-62,-286,0
-210,205,0
61,-280,0
-52,-283,0
-124,277,0
286,-119,0
-305,-30,0
-286,66,0
-50,302,0
280,66,0
-270,129,0
-249,-178,0
141,-274,0
176,249,0
-59,-294,0
-309,-6,0
11,287,0
-237,-163,0
-263,144,0
-235,185,0
100,-280,0
218,191,0
285,-5,0
228,-176,0
194,-230,0
-229,204,0
-281,-55,0
-292,-9,0
116,-262,0
-171,241,0
-175,-249,0
-288,100,0
69,295,0
64,282,0
269,99,0
53,300,0
-70,287,0
0,297,0
282,-72,0
290,-60,0
240,-184,0
227,183,0
-249,179,0
309,-23,0
-291,-89,0
-113,-276,0
240,183,0
-260,124,0
139,-252,0
216,-202,0
-146,259,0
-117,-265,0
-284,-108,0
-85,273,0
-220,-187,0
204,218,0
-300,-65,0
-141,-272,0
-106,282,0
-146,253,0
33,-290,0
-223,207,0
273,-123,0
-122,-282,0
84,-282,0
154,261,0
-127,-262,0
-150,-258,0
-255,-129,0
-151,-244,0
-270,-102,0
181,-233,0
151,256,0
-194,-218,0
-174,-229,0
-301,-51,0
275,98,0
197,230,0
155,-245,0
-257,128,0
-110,-279,0
268,-98,0
257,-154,0
288,-60,0
-303,-23,0
-26,299,0
-280,123,0
-295,-10,0
-306,-17,0
-34,296,0
285,-44,0
205,217,0
119,260,0
-19,-288,0
225,203,0
31,305,0
289,108,0
-117,-279,0
-48,-295,0
-288,-108,0
135,-279,0
260,155,0
257,-165,0
-77,277,0
270,129,0
207,-213,0
53,304,0
212,-199,0
-286,97,0
-231,200,0
304,-8,0
-299,14,0
11,296,0
-256,-149,0
273,105,0
223,194,0
83,-282,0
-211,-218,0
-41,-290,0
202,-214,0
-276,-103,0
218,-198,0
-224,201,0
-160,-236,0
-288,72,0
-256,-158,0
16,-307,0
-290,49,0
-205,-207,0
-129,-261,0
-285,-2,0
-185,230,0
-265,123,0
-54,295,0
-294,-93,0
-282,92,0
-304,-19,0
263,163,0
138,-250,0
-98,268,0
-265,-130,0
-150,271,0
109,264,0
283,108,0
93,289,0
255,-147,0
42,-291,0
-271,-136,0
-223,183,0
197,-232,0
-205,207,0
91,-293,0
30,-287,0
214,-193,0
-21,309,0
260,-154,0
-246,-163,0
-107,-271,0
283,-82,0
-203,-205,0
-156,-251,0
185,-224,0
-103,-290,0
296,26,0
126,-276,0
83,279,0
273,-113,0
283,96,0
294,55,0
-121,-264,0
262,134,0
-237,-170,0
215,-191,0
-294,-32,0
287,111,0
293,5,0
-61,279,0
100,268,0
155,242,0
-207,-213,0
-165,-262,0
-215,-192,0
279,125,0
-162,-261,0
-150,-270,0
-112,277,0
-29,302,0
-4,286,0
5,297,0
127,-257,0
-57,-281,0
204,209,0
-218,-192,0
-283,47,0
-66,-282,0
261,-156,0
-172,-240,0
-286,-28,0
-134,-257,0
-105,272,0
-249,139,0
100,-292,0
53,-292,0
290,68,0
267,129,0
-232,170,0
75,293,0
271,-134,0
63,-282,0
51,287,0
284,-96,0
-283,78,0
297,67,0
-100,-280,0
274,132,0
239,-178,0
233,-174,0
-302,27,0
252,162,0
-182,230,0
10,-300,0
-281,60,0
299,22,0
302,52,0
-291,-37,0
280,117,0
-254,149,0
-37,-285,0
-293,-19,0
-284,-81,0
82,-275,0
-291,8,0
271,103,0
-137,-276,0
188,-222,0
275,139,0
-83,-281,0
201,225,0
-143,256,0
182,-234,0
-217,-207,0
285,17,0
192,215,0
267,148,0
268,-155,0
5,-300,0
-299,3,0
136,-277,0
-240,-174,0
129,269,0
