35,25,1
-13,37,1
37,-1,1
47,-14,1
3,34,1
-40,-18,1
-31,26,1
-6,40,1
-29,-34,1
5,44,1
8,-38,1
0,-38,1
28,29,1
46,-7,1
6,36,1
-41,24,1
-27,-19,1
-10,43,1
0,28,1
23,21,1
23,-24,1
-17,35,1
-44,18,1
-14,-46,1
9,-30,1
-24,26,1
39,-21,1
-21,-31,1
34,0,1
-10,-36,1
1,27,1
5,-26,1
11,30,1
24,26,1
31,-26,1
-10,43,1
-3,29,1
-31,-34,1
-29,-31,1
5,36,1
-45,-20,1
-40,24,1
5,-29,1
-15,31,1
20,36,1
3,31,1
31,-14,1
15,39,1
25,43,1
-19,-46,1
-15,-42,1
-20,-45,1
44,21,1
-39,20,1
-14,-32,1
-34,-22,1
-45,-12,1
9,-47,1
18,-39,1
11,38,1
-44,-22,1
4,38,1
14,47,1
5,-28,1
29,28,1
9,-38,1
-41,-27,1
-17,33,1
-45,9,1
-4,-45,1
-36,10,1
27,33,1
22,19,1
19,30,1
26,16,1
-3,-37,1
-11,-37,1
-7,26,1
34,-20,1
-43,-1,1
31,-10,1
15,-34,1
-18,46,1
-23,19,1
4,40,1
-23,14,1
16,-36,1
-29,13,1
-25,-30,1
20,17,1
-8,-39,1
-30,13,1
-15,43,1
-33,29,1
-28,-29,1
-9,-35,1
34,10,1
-33,-10,1
-22,-31,1
12,-25,1
-18,-22,1
-27,14,1
43,-17,1
3,45,1
-47,-9,1
-15,-40,1
4,31,1
-2,-45,1
-35,-33,1
-42,6,1
-46,-1,1
48,10,1
34,31,1
20,21,1
21,-43,1
-46,9,1
-38,-4,1
27,8,1
-11,-39,1
-1,-42,1
-23,19,1
-37,20,1
-14,-35,1
4,-32,1
-35,-13,1
15,-39,1
-31,-6,1
-15,31,1
-25,36,1
25,-11,1
-12,-32,1
-47,-5,1
14,45,1
16,34,1
-10,40,1
17,30,1
-5,-31,1
15,24,1
-1,-36,1
-17,-24,1
-35,27,1
-24,38,1
-3,-42,1
2,-40,1
-23,-31,1
-23,14,1
-25,-22,1
16,-42,1
0,-38,1
-33,6,1
46,7,1
35,31,1
36,-2,1
-26,-24,1
27,-7,1
-28,27,1
42,-15,1
-26,-34,1
18,-31,1
-34,-2,1
45,-9,1
-45,19,1
20,33,1
29,-17,1
-29,24,1
32,1,1
28,12,1
-48,-6,1
27,-14,1
-17,34,1
3,-39,1
-47,-3,1
4,-30,1
34,10,1
10,35,1
7,33,1
-37,-17,1
44,-5,1
29,34,1
28,-31,1
47,11,1
30,7,1
-26,-29,1
31,-10,1
20,-25,1
32,-36,1
4,-25,1
18,-22,1
12,-34,1
47,-1,1
21,37,1
-27,17,1
-29,1,1
9,-30,1
21,-30,1
31,-16,1
-36,-26,1
35,1,1
31,-23,1
11,-46,1
9,-38,1
11,-24,1
-22,43,1
4,38,1
-38,-14,1
0,-48,1
6,44,1
20,-37,1
20,-28,1
28,-36,1
31,-17,1
18,-23,1
-14,-23,1
-21,39,1
36,-31,1
42,21,1
-34,-19,1
24,35,1
-18,43,1
22,33,1
-1,-42,1
-16,-38,1
25,-26,1
-9,32,1
-28,15,1
16,23,1
33,25,1
-37,-18,1
11,46,1
-12,-47,1
23,38,1
-6,37,1
2,37,1
39,0,1
3,-38,1
39,-2,1
-44,-9,1
39,6,1
-23,-26,1
-13,-30,1
-6,-28,1
28,-8,1
-37,-4,1
-23,-23,1
31,0,1
-16,-31,1
-31,-13,1
-39,-27,1
27,15,1
-39,-12,1
-31,-10,1
-33,-16,1
36,10,1
32,-26,1
-16,42,1
-11,27,1
4,-45,1
-34,13,1
-4,-40,1
14,22,1
-29,3,1
-8,-27,1
24,-21,1
31,32,1
20,-19,1
-35,-27,1
30,-26,1
-28,14,1
-1,-39,1
-40,13,1
24,-40,1
-42,3,1
32,3,1
-23,-32,1
-3,-43,1
16,-34,1
12,-30,1
-48,0,1
21,17,1
13,-37,1
-28,17,1
-37,-4,1
45,11,1
-33,23,1
-32,37,1
-8,34,1
26,13,1
34,-17,1
43,-6,1
-7,-39,1
30,5,1
-30,26,1
9,46,1
28,6,1
-30,-5,1
29,31,1
-43,11,1
-25,32,1
-31,6,1
26,8,1
-11,37,1
-24,13,1
10,-30,1
-31,25,1
-33,25,1
39,16,1
-18,26,1
7,29,1
-16,-30,1
17,-19,1
41,17,1
37,19,1
34,12,1
-16,-44,1
-20,32,1
-40,8,1
-15,-30,1
-24,24,1
-2,-28,1
-10,-40,1
-24,20,1
-30,-27,1
35,16,1
19,19,1
-39,-12,1
35,14,1
-40,-25,1
-20,-25,1
-4,36,1
-25,-26,1
22,-32,1
-6,-42,1
-27,-31,1
-32,-37,1
34,-31,1
-10,24,1
10,-47,1
-27,17,1
3,-39,1
-20,31,1
32,-8,1
-21,25,1
5,-25,1
21,-40,1
2,32,1
24,-19,1
5,36,1
-25,36,1
11,32,1
34,29,1
39,-15,1
2,27,1
37,-5,1
-31,16,1
-33,22,1
-26,22,1
6,35,1
-24,21,1
-42,3,1
42,-8,1
-36,-9,1
49,-1,1
18,44,1
47,17,1
33,-3,1
23,13,1
34,-20,1
-25,29,1
-25,-30,1
17,-34,1
-21,-41,1
-12,32,1
22,-26,1
-34,15,1
-16,32,1
35,-23,1
-7,-27,1
-38,-25,1
-21,-43,1
44,10,1
38,24,1
3,-46,1
38,-3,1
16,24,1
-21,-25,1
31,19,1
-20,-24,1
-14,-40,1
-2,26,1
-40,27,1
35,-33,1
-35,-24,1
29,-1,1
0,-48,1
45,0,1
29,35,1
-5,-46,1
-41,15,1
37,20,1
10,-46,1
32,-19,1
-41,-3,1
30,-34,1
41,-27,1
33,33,1
-30,40,1
40,13,1
6,28,1
-23,34,1
-28,2,1
-38,12,1
-34,-35,1
-35,-9,1
34,-33,1
13,24,1
1,44,1
42,-12,1
20,39,1
41,11,1
-12,32,1
32,7,1
-20,34,1
-27,22,1
-30,-39,1
-26,-15,1
-29,-3,1
27,-39,1
-44,-21,1
-34,1,1
-16,-47,1
32,29,1
21,-33,1
0,-42,1
2,29,1
-23,-33,1
21,-14,1
-23,16,1
-33,-24,1
47,-9,1
8,45,1
-24,-20,1
33,27,1
22,-25,1
-26,-30,1
0,41,1
22,-42,1
-30,28,1
18,-40,1
-31,-34,1
38,-6,1
-9,30,1
-8,-38,1
19,-27,1
-25,12,1
-31,33,1
9,-43,1
-35,-17,1
-42,24,1
29,0,1
-4,29,1
-26,10,1
-42,9,1
-36,22,1
22,32,1
-8,33,1
9,-43,1
-28,16,1
27,-21,1
48,2,1
43,18,1
18,37,1
-25,20,1
-26,-22,1
26,6,1
13,48,1
33,-21,1
-10,39,1
-23,37,1
20,41,1
48,3,1
41,-4,1
6,43,1
29,-2,1
-15,39,1
5,-49,1
-19,25,1
23,-17,1
-31,-6,1
24,43,1
35,-9,1
-41,-11,1
13,46,1
33,29,1
13,-38,1
-14,-48,1
39,1,1
9,32,1
-34,5,1
-21,-32,1
-37,31,1
-104,269,0
246,168,0
284,-53,0
-87,-273,0
260,-134,0
55,-284,0
237,-181,0
111,280,0
-193,-210,0
-279,103,0
-228,-175,0
154,255,0
2,293,0
200,214,0
171,-248,0
6,300,0
142,269,0
302,50,0
60,284,0
-43,-292,0
-14,285,0
39,304,0
-293,-88,0
-294,-69,0
-62,-284,0
44,303,0
17,301,0
31,-306,0
-306,30,0
128,-266,0
-259,-124,0
29,-284,0
14,290,0
-118,-273,0
-109,281,0
294,-2,0
-267,157,0
81,274,0
-176,235,0
-154,-249,0
-163,-245,0
289,-58,0
236,169,0
253,164,0
107,274,0
257,-134,0
263,-124,0
284,-32,0
-173,-234,0
266,-104,0
163,259,0
-4,296,0
-144,-273,0
288,92,0
-169,-250,0
287,86,0
284,36,0
304,-38,0
284,-105,0
265,-133,0
281,-51,0
-210,-200,0
-212,214,0
-166,-246,0
-193,233,0
215,-215,0
288,-1,0
-297,3,0
259,-166,0
-122,-274,0
203,-207,0
106,-266,0
-153,243,0
152,-265,0
-301,-17,0
-160,248,0
54,-280,0
-205,208,0
-202,204,0
264,111,0
-226,193,0
146,254,0
223,-205,0
-243,-168,0
-297,30,0
-268,-149,0
-276,-72,0
-289,31,0
235,172,0
269,128,0
186,235,0
265,108,0
302,-61,0
-224,-209,0
276,-102,0
37,297,0
260,156,0
138,259,0
-40,-287,0
-148,-268,0
-253,142,0
52,296,0
116,-271,0
13,-296,0
50,-297,0
-291,-80,0
-143,266,0
120,282,0
-63,300,0
-300,-1,0
-290,-87,0
216,193,0
-47,286,0
-273,116,0
-264,-116,0
230,-193,0
283,-49,0
1,-286,0
-116,-269,0
-275,-131,0
-182,-231,0
-143,-259,0
-242,153,0
93,278,0
-287,106,0
86,-279,0
122,-274,0
187,244,0
82,277,0
-284,-86,0
119,-261,0
-248,143,0
-140,265,0
64,-294,0
-219,-213,0
299,71,0
-264,-118,0
220,213,0
-63,296,0
183,-225,0
-277,-130,0
-69,-290,0
-194,-238,0
-295,-68,0
-199,-226,0
289,79,0
-248,141,0
-282,-109,0
-70,-281,0
-81,274,0
34,289,0
213,-220,0
-304,-29,0
10,288,0
253,143,0
-299,49,0
225,198,0
67,289,0
66,-282,0
109,287,0
72,-281,0
289,36,0
109,273,0
182,-223,0
84,-278,0
73,284,0
159,250,0
-266,103,0
-212,-200,0
36,-306,0
5,-292,0
99,-281,0
208,220,0
-108,289,0
231,204,0
-55,-292,0
211,-196,0
295,-69,0
299,-19,0
151,-258,0
265,-120,0
-301,20,0
143,-265,0
302,9,0
-31,288,0
-180,248,0
273,82,0
293,1,0
-14,-286,0
-277,-101,0
296,75,0
45,-303,0
32,305,0
221,188,0
-211,195,0
231,-189,0
-210,-215,0
242,-175,0
-257,143,0
-275,-82,0
295,-95,0
222,215,0
103,275,0
241,-159,0
-52,-293,0
285,-9,0
71,-293,0
294,61,0
-42,286,0
144,-252,0
-268,142,0
-16,-287,0
307,-2,0
28,-286,0
-298,-10,0
210,195,0
138,-273,0
-266,-124,0
248,-172,0
249,-139,0
-186,235,0
219,192,0
43,-304,0
-297,46,0
-275,131,0
-272,112,0
-291,42,0
22,291,0
-291,-17,0
220,182,0
215,-209,0
-174,236,0
-120,-278,0
-247,170,0
-285,37,0
-42,-293,0
259,167,0
95,-271,0
296,87,0
-290,4,0
3,-288,0
173,237,0
248,167,0
206,-227,0
219,184,0
130,274,0
-200,223,0
263,-159,0
-97,273,0
-300,57,0
-162,-241,0
-196,230,0
48,292,0
-287,90,0
286,38,0
-7,294,0
-12,287,0
-291,-71,0
-53,-286,0
94,-293,0
65,-303,0
42,-288,0
-302,0,0
277,96,0
151,-258,0
-57,-284,0
291,-2,0
248,165,0
-256,157,0
101,-281,0
229,183,0
207,219,0
-256,159,0
201,228,0
-288,60,0
50,299,0
-96,-287,0
-256,-171,0
184,-229,0
-257,145,0
109,-285,0
294,-24,0
-112,273,0
-24,-305,0
-2,-285,0
-255,-144,0
-240,180,0
-249,144,0
302,67,0
-287,29,0
171,-239,0
-196,-217,0
-285,-107,0
-74,284,0
123,265,0
116,-273,0
-173,228,0
262,160,0
-276,81,0
-101,-291,0
3,290,0
230,172,0
208,-220,0
-50,296,0
-275,130,0
301,70,0
-185,234,0
134,272,0
-190,-215,0
285,96,0
-271,140,0
246,152,0
-182,-225,0
236,-166,0
-111,272,0
-176,248,0
-69,290,0
187,235,0
287,103,0
-194,-232,0
-92,272,0
286,-15,0
172,243,0
-143,-273,0
282,-63,0
-152,250,0
-283,54,0
-282,59,0
-238,-181,0
-203,-223,0
287,84,0
-255,159,0
75,294,0
55,304,0
-84,-288,0
146,-257,0
-280,97,0
-54,-300,0
110,-273,0
252,171,0
32,-301,0
-137,-270,0
231,-200,0
102,287,0
263,-121,0
-19,-304,0
19,296,0
270,-137,0
84,293,0
151,-267,0
282,56,0
271,-106,0
234,195,0
-28,-295,0
222,-191,0
-162,241,0
206,197,0
184,-229,0
-250,-165,0
-299,-25,0
135,251,0
-90,272,0
-261,-165,0
162,-240,0
-224,-214,0
4,-294,0
32,-303,0
-151,-270,0
-288,76,0
215,-217,0
-272,-131,0
142,-270,0
152,249,0
236,-191,0
-246,163,0
221,183,0
11,-299,0
303,-57,0
219,206,0
-227,203,0
-260,-142,0
175,225,0
-148,245,0
-94,-277,0
-37,-287,0
-265,-140,0
-4,298,0
269,137,0
-298,54,0
-169,241,0
178,245,0
-35,293,0
-243,-154,0
17,293,0
103,275,0
263,-130,0
270,-123,0
-217,211,0
-82,296,0
172,-233,0
263,129,0
-150,-249,0
-94,-291,0
-79,-285,0
72,293,0
42,300,0
-93,275,0
-291,89,0
35,-298,0
181,-236,0
-104,292,0
25,290,0
-220,-207,0
77,294,0
120,263,0
-204,-202,0
237,172,0
-177,-231,0
0,308,0
-105,287,0
187,-240,0
-270,152,0
-289,58,0
273,-112,0
306,-42,0
-285,-102,0
-290,-78,0
-285,-84,0
-140,-252,0
-234,-187,0
119,-271,0
-147,268,0
-287,-81,0
-300,12,0
294,-80,0
233,188,0
-241,159,0
-308,-29,0
234,-176,0
289,6,0
287,-47,0
271,-103,0
-221,193,0
-275,-112,0
-173,-227,0
287,-77,0
-184,222,0
285,-56,0
-279,-98,0
-63,301,0
22,294,0
-148,-265,0
145,-262,0
160,-255,0
87,297,0
-194,229,0
190,222,0
229,190,0
13,288,0
-26,-303,0
-291,-31,0
-261,-157,0
-286,83,0
184,-218,0
301,-37,0
-100,-285,0
-223,-211,0
-139,275,0
-268,-100,0
307,-19,0
-302,-40,0
-208,-214,0
-300,44,0
216,-190,0
-299,-38,0
-185,-217,0
-175,-246,0
-203,-229,0
-275,-140,0
-214,-205,0
-22,306,0
131,-279,0
271,126,0
-126,-264,0
-279,132,0
223,214,0
-200,208,0
53,-300,0
96,279,0
20,290,0
246,-149,0
-111,-269,0
245,-181,0
52,-290,0
-293,87,0
218,205,0
257,140,0
-277,82,0
-78,276,0
206,201,0
