-30,-25,1
-45,0,1
2,45,1
29,15,1
38,-7,1
45,-16,1
-39,11,1
30,-27,1
-27,-6,1
24,23,1
-39,-11,1
-15,30,1
36,-10,1
33,-7,1
-4,-36,1
-28,-15,1
-38,-4,1
-45,16,1
13,43,1
-24,11,1
12,-33,1
41,-24,1
-23,-35,1
42,25,1
0,42,1
8,-46,1
-38,13,1
28,-28,1
-4,-35,1
-7,25,1
-27,29,1
-39,-13,1
44,23,1
-7,-26,1
-37,-21,1
15,20,1
-48,8,1
34,33,1
-29,-33,1
-34,9,1
-17,33,1
-20,29,1
-21,25,1
46,-2,1
14,29,1
23,-40,1
47,-12,1
-21,-22,1
-43,-19,1
-38,22,1
0,42,1
-10,-24,1
-13,39,1
-20,42,1
14,39,1
30,17,1
25,14,1
48,7,1
2,-33,1
8,-24,1
2,-45,1
-11,-33,1
-27,-24,1
31,-23,1
19,45,1
26,-34,1
9,-42,1
-2,-43,1
-26,-9,1
-47,-11,1
-45,17,1
31,-14,1
46,5,1
34,13,1
37,0,1
31,5,1
-37,-27,1
22,21,1
-26,-21,1
-41,-20,1
-39,-30,1
-44,1,1
-8,-42,1
-15,29,1
-25,27,1
-21,-45,1
-4,34,1
24,-11,1
39,11,1
18,22,1
41,17,1
44,7,1
29,-12,1
-15,-25,1
-38,-8,1
24,12,1
-27,-21,1
23,-36,1
-30,26,1
-22,-28,1
-45,-17,1
13,-24,1
-16,41,1
28,-20,1
28,23,1
-40,-15,1
8,-44,1
-16,-26,1
41,15,1
33,-11,1
36,32,1
21,20,1
25,4,1
-49,-4,1
8,25,1
7,-36,1
44,12,1
45,-19,1
37,-24,1
37,-27,1
1,-33,1
-30,-5,1
22,-39,1
-19,18,1
3,-48,1
27,-2,1
35,13,1
-43,23,1
-36,27,1
-38,-24,1
-36,23,1
-49,-3,1
5,28,1
-13,-45,1
-38,10,1
24,-9,1
6,-29,1
-23,-25,1
-21,15,1
-19,-20,1
17,20,1
49,2,1
6,32,1
43,-11,1
-40,8,1
27,-1,1
27,37,1
-36,-10,1
25,39,1
-32,13,1
-37,24,1
-3,32,1
42,8,1
34,26,1
8,25,1
-29,-1,1
36,22,1
44,22,1
-26,-13,1
-19,-41,1
-30,-22,1
41,19,1
-18,24,1
41,23,1
-15,41,1
37,12,1
15,47,1
-20,30,1
31,-4,1
-18,43,1
21,-41,1
43,-2,1
-30,20,1
1,32,1
4,-46,1
-17,-20,1
28,16,1
10,-47,1
-18,43,1
-13,-31,1
6,35,1
46,-17,1
-12,-23,1
49,-7,1
29,14,1
20,-30,1
15,41,1
41,24,1
-9,40,1
-26,33,1
-39,26,1
-38,16,1
-37,-31,1
13,30,1
1,-47,1
22,-34,1
43,-25,1
-10,-48,1
-24,18,1
24,-23,1
-30,22,1
33,-18,1
45,17,1
17,33,1
-45,-21,1
8,-39,1
-3,36,1
28,-34,1
-32,28,1
18,20,1
-23,-30,1
10,48,1
-22,-33,1
-14,41,1
15,-36,1
-36,-29,1
-49,-6,1
-41,-1,1
-33,8,1
27,-31,1
2,-30,1
-33,-17,1
30,-24,1
26,31,1
-45,-11,1
-8,43,1
9,-46,1
18,-37,1
19,17,1
9,35,1
-24,38,1
47,-12,1
-46,-13,1
-35,17,1
40,-6,1
-19,-36,1
-42,0,1
-33,-21,1
-21,41,1
20,-41,1
47,10,1
20,-41,1
-4,-34,1
19,-35,1
-33,-27,1
5,-34,1
-8,44,1
2,-39,1
-14,-25,1
-16,-36,1
-28,3,1
7,48,1
-3,-31,1
-37,-15,1
18,45,1
40,-8,1
13,26,1
-30,22,1
-28,-22,1
43,7,1
-45,-18,1
-1,29,1
39,-14,1
-35,27,1
-23,33,1
42,-13,1
19,-20,1
-11,24,1
9,-49,1
-40,5,1
-23,-29,1
31,-23,1
38,32,1
46,-4,1
20,-19,1
8,38,1
-3,36,1
11,34,1
37,24,1
39,5,1
14,-28,1
17,34,1
7,-32,1
21,-44,1
-20,25,1
24,14,1
43,-6,1
-41,-26,1
-25,40,1
-25,-15,1
-25,-24,1
-19,19,1
0,35,1
30,30,1
38,18,1
36,-6,1
34,4,1
23,-25,1
35,-32,1
-27,-38,1
48,1,1
30,10,1
40,26,1
-6,29,1
29,8,1
29,35,1
38,-3,1
1,-41,1
-39,13,1
25,14,1
-38,-8,1
-1,-43,1
-31,14,1
3,37,1
-14,25,1
-28,-16,1
-30,-21,1
-44,-19,1
2,-28,1
-25,21,1
34,-19,1
-35,-20,1
35,-12,1
-9,45,1
6,-33,1
-11,23,1
-31,-22,1
12,45,1
-8,46,1
11,-44,1
31,-10,1
-27,6,1
15,-29,1
-21,-16,1
5,34,1
-18,-24,1
12,-27,1
44,-14,1
38,27,1
8,24,1
-45,10,1
45,-19,1
5,48,1
16,-36,1
-13,22,1
41,12,1
-26,40,1
-10,-23,1
-2,49,1
26,-42,1
3,-36,1
-30,-4,1
-17,-33,1
39,17,1
-42,-3,1
-4,-33,1
-27,9,1
-18,22,1
-19,-37,1
38,12,1
31,-22,1
13,-47,1
12,-36,1
31,-8,1
3,-32,1
38,8,1
-18,33,1
39,20,1
10,-47,1
30,-6,1
-25,21,1
14,-22,1
32,-10,1
-34,-13,1
-23,41,1
-32,9,1
46,-6,1
-45,-13,1
32,27,1
-16,-34,1
-32,36,1
-24,-29,1
-14,44,1
21,20,1
27,-6,1
27,-30,1
-30,11,1
-17,-21,1
-32,29,1
12,30,1
25,-26,1
-28,33,1
-29,-24,1
9,-37,1
-22,22,1
34,-27,1
-40,9,1
-48,-4,1
-45,1,1
23,-36,1
33,30,1
-7,47,1
-23,-22,1
-3,-47,1
-39,-1,1
-43,6,1
-10,-24,1
16,41,1
-16,20,1
28,2,1
-8,41,1
-29,29,1
-23,-21,1
-8,-45,1
39,0,1
-38,15,1
-24,-29,1
0,-28,1
9,36,1
14,25,1
-26,8,1
32,-29,1
34,-29,1
-33,-18,1
31,35,1
49,8,1
-44,5,1
-29,0,1
31,4,1
-31,12,1
-32,34,1
19,42,1
41,22,1
5,37,1
12,-32,1
25,10,1
27,-3,1
-14,-46,1
3,-42,1
-31,27,1
-36,-7,1
-30,-7,1
16,-35,1
-29,-16,1
-21,35,1
36,16,1
-23,-26,1
-23,-22,1
30,-15,1
19,-45,1
-26,-27,1
21,14,1
41,-20,1
34,18,1
34,4,1
38,-11,1
-15,-39,1
-26,-23,1
16,33,1
-7,-26,1
46,-8,1
-37,22,1
-18,44,1
-14,26,1
13,-23,1
-44,-10,1
25,41,1
30,-33,1
-30,39,1
-21,-43,1
35,7,1
-10,-33,1
-24,-25,1
23,-15,1
-31,4,1
20,27,1
-17,47,1
33,18,1
33,0,1
-31,25,1
-13,37,1
14,-43,1
-9,34,1
46,-14,1
-36,-15,1
-3,25,1
23,-17,1
-31,37,1
46,8,1
-24,-40,1
24,23,1
-43,0,1
10,35,1
-29,-10,1
-36,-14,1
19,37,1
43,6,1
9,24,1
-43,-7,1
-33,14,1
230,-189,0
106,-269,0
-153,-230,0
-277,-69,0
-101,272,0
260,147,0
229,-153,0
-187,-221,0
287,51,0
-167,-231,0
259,117,0
0,279,0
-240,-154,0
-153,255,0
60,-270,0
195,198,0
-264,-114,0
-40,-297,0
-181,-214,0
-60,-274,0
245,168,0
-44,290,0
181,-217,0
280,80,0
-295,38,0
140,-244,0
-220,202,0
109,274,0
-273,49,0
78,-282,0
-248,-158,0
-247,-131,0
37,-286,0
-199,196,0
276,19,0
-256,102,0
28,298,0
-163,223,0
-297,20,0
261,-87,0
-127,-266,0
228,182,0
171,-240,0
-246,-145,0
-274,54,0
-281,-68,0
275,102,0
280,61,0
270,62,0
34,-279,0
293,25,0
-282,-21,0
297,27,0
227,189,0
-59,-281,0
-234,-160,0
25,274,0
287,75,0
-204,-192,0
59,-278,0
286,34,0
130,256,0
205,205,0
-172,234,0
38,279,0
200,198,0
-294,-38,0
-278,103,0
-287,-67,0
-54,-273,0
285,15,0
-285,-43,0
284,77,0
251,-119,0
47,-281,0
-169,217,0
-52,-289,0
210,-193,0
211,201,0
-247,129,0
-241,140,0
249,-152,0
278,-77,0
125,248,0
-79,265,0
-118,-253,0
236,-151,0
-283,99,0
285,-37,0
-214,-187,0
47,-291,0
113,272,0
-289,52,0
238,-179,0
-12,-275,0
-132,-244,0
-180,233,0
168,-245,0
-84,278,0
-225,183,0
116,259,0
-38,288,0
282,8,0
-292,50,0
157,237,0
282,-77,0
-267,74,0
223,178,0
284,-61,0
-233,-159,0
250,135,0
-126,272,0
-283,-16,0
-277,-80,0
-146,248,0
49,-271,0
19,286,0
197,212,0
240,172,0
128,-270,0
52,289,0
-227,-178,0
-62,-275,0
155,-242,0
242,149,0
166,-248,0
-243,145,0
-232,-177,0
-184,216,0
282,51,0
144,-247,0
-123,-267,0
-173,234,0
-16,-282,0
138,241,0
-281,39,0
-55,281,0
-215,-179,0
-294,-9,0
-283,-33,0
258,-113,0
-38,280,0
-273,121,0
281,-65,0
-281,92,0
-282,-29,0
189,-219,0
-277,-56,0
101,274,0
-84,-279,0
-115,-253,0
201,-211,0
-226,-173,0
-75,271,0
175,231,0
-245,130,0
-288,76,0
116,251,0
109,-263,0
-42,291,0
175,240,0
-190,-209,0
-291,-31,0
292,62,0
107,260,0
284,-46,0
295,-32,0
244,134,0
7,-278,0
-129,-248,0
241,143,0
-79,270,0
-147,242,0
266,-122,0
247,124,0
249,-148,0
-290,-13,0
-261,87,0
-135,246,0
-101,-270,0
-274,54,0
-269,119,0
171,220,0
84,-280,0
126,266,0
199,-213,0
-50,274,0
186,227,0
70,-270,0
174,227,0
287,68,0
170,245,0
-43,-292,0
275,-77,0
-275,37,0
132,-257,0
181,221,0
-106,260,0
-206,-202,0
-35,-283,0
-287,27,0
-261,-112,0
20,-297,0
-41,281,0
-222,-173,0
243,-166,0
280,67,0
-281,-75,0
280,-20,0
-5,-284,0
217,-173,0
255,114,0
23,-275,0
240,-157,0
-64,269,0
-120,271,0
-29,-279,0
139,241,0
-159,-234,0
286,-7,0
-84,288,0
-278,-17,0
186,-221,0
90,264,0
-7,287,0
266,73,0
-33,291,0
22,-282,0
-295,9,0
-83,-288,0
-290,73,0
-278,-55,0
79,285,0
279,-67,0
51,276,0
34,285,0
-27,-275,0
287,-54,0
-50,278,0
290,-5,0
-275,43,0
239,-176,0
126,-248,0
139,265,0
213,182,0
-137,242,0
-278,70,0
272,104,0
264,-90,0
-173,236,0
-45,-274,0
-204,-192,0
-225,-184,0
-235,-147,0
-273,121,0
-282,4,0
55,288,0
119,-271,0
285,16,0
-237,-182,0
203,210,0
-258,-102,0
239,157,0
42,293,0
268,-64,0
7,-281,0
288,-19,0
-216,-197,0
-15,286,0
-85,276,0
26,-286,0
-164,-234,0
-63,-287,0
-38,280,0
-230,-164,0
132,246,0
-74,282,0
159,229,0
-255,-157,0
255,-104,0
54,-271,0
17,-284,0
88,-262,0
273,-94,0
-292,-68,0
66,-280,0
-48,286,0
-247,-148,0
-294,13,0
211,199,0
291,65,0
-26,-281,0
112,-277,0
188,222,0
279,110,0
-291,-60,0
237,-166,0
-286,-50,0
109,-260,0
227,-179,0
158,-239,0
-204,216,0
-260,93,0
281,-24,0
210,192,0
-281,-26,0
237,-161,0
183,-216,0
-83,271,0
289,39,0
-263,-130,0
287,80,0
-219,-172,0
255,-108,0
-208,-184,0
191,-220,0
-266,-101,0
217,192,0
-134,-246,0
237,145,0
-7,278,0
-34,-281,0
-102,-266,0
-117,250,0
-247,139,0
218,-177,0
257,-108,0
-19,283,0
-282,51,0
-250,-148,0
276,-45,0
94,266,0
119,267,0
-190,-213,0
-61,-280,0
-279,-32,0
37,278,0
243,-174,0
-296,27,0
-114,259,0
-226,173,0
232,174,0
-90,281,0
293,8,0
-281,-16,0
243,-174,0
16,298,0
-59,-279,0
-276,84,0
-278,47,0
-106,-257,0
272,-121,0
17,-295,0
94,274,0
-54,272,0
193,-204,0
41,-280,0
272,120,0
-171,218,0
-128,-251,0
207,182,0
-73,276,0
-99,-267,0
-228,159,0
-260,-90,0
-257,-118,0
-236,-183,0
241,175,0
6,295,0
-27,-286,0
-295,22,0
96,260,0
-32,284,0
259,-105,0
-257,-123,0
-260,-120,0
-283,-40,0
298,-15,0
64,281,0
-171,231,0
274,-56,0
-245,139,0
271,74,0
-68,-274,0
-250,-120,0
-202,217,0
-154,252,0
-34,-290,0
-228,-157,0
-75,285,0
266,-84,0
103,266,0
98,-281,0
-184,-215,0
-132,-252,0
-167,-235,0
-280,-14,0
148,-236,0
-91,-283,0
-141,-253,0
221,164,0
187,209,0
124,-248,0
-55,-289,0
184,210,0
147,-235,0
279,99,0
244,152,0
-286,57,0
64,288,0
-65,-275,0
297,-20,0
-31,295,0
245,153,0
-213,208,0
64,-283,0
-226,160,0
-95,284,0
-108,279,0
124,246,0
234,-187,0
-210,207,0
87,-283,0
-243,-144,0
-261,108,0
141,248,0
-93,-275,0
93,282,0
-278,-11,0
144,-255,0
-275,-116,0
-237,168,0
-273,-119,0
-182,212,0
-240,148,0
222,171,0
-166,234,0
-286,67,0
-188,211,0
184,-226,0
-284,-69,0
-148,-243,0
26,289,0
-257,112,0
246,-133,0
67,-283,0
-260,-109,0
-158,255,0
233,178,0
-63,-273,0
-219,-180,0
227,168,0
247,-168,0
68,-281,0
-263,-85,0
23,297,0
290,-28,0
242,139,0
-146,239,0
-144,-251,0
253,-126,0
-268,-134,0
180,-235,0
-278,21,0
-205,217,0
-172,237,0
212,185,0
-10,-290,0
-66,-292,0
-225,194,0
-186,218,0
-178,-210,0
-290,2,0
268,-93,0
-276,-14,0
200,-195,0
280,-106,0
185,-209,0
-285,88,0
-276,105,0
106,259,0
254,-109,0
-239,-148,0
-272,-100,0
-113,-267,0
274,119,0
-44,279,0
-71,273,0
162,-235,0
252,-144,0
65,283,0
238,167,0
-175,216,0
40,285,0
283,-76,0
294,-46,0
-288,29,0
259,-121,0
-159,235,0
-236,-166,0
