-1,32,1
17,20,1
-27,-8,1
10,-40,1
28,-32,1
36,-31,1
-22,41,1
-16,36,1
30,-33,1
-13,31,1
-18,-18,1
-13,26,1
5,-36,1
-46,-11,1
44,-8,1
48,12,1
34,34,1
-15,-20,1
48,-6,1
-20,-45,1
49,0,1
29,-22,1
-36,32,1
-44,-21,1
-31,29,1
5,30,1
-32,23,1
-34,3,1
-48,5,1
10,24,1
16,22,1
28,-24,1
-28,20,1
-46,2,1
-9,26,1
-23,11,1
22,-39,1
-2,-49,1
-28,-20,1
-47,-3,1
-20,-23,1
-24,29,1
-18,-42,1
29,-17,1
-11,39,1
-20,-34,1
38,9,1
23,14,1
-11,-29,1
-6,-33,1
-36,-21,1
28,8,1
21,26,1
-38,-1,1
-20,17,1
28,23,1
-30,22,1
-48,11,1
17,21,1
29,-32,1
-3,28,1
-45,0,1
-17,-27,1
-35,1,1
6,31,1
-14,-30,1
-4,28,1
-18,-37,1
23,40,1
-37,21,1
-5,-47,1
-46,-14,1
36,-29,1
-32,-8,1
43,15,1
-16,-28,1
-40,30,1
27,-4,1
-2,-27,1
36,-24,1
48,-13,1
49,-3,1
48,13,1
42,20,1
-3,-25,1
-28,-5,1
-14,23,1
1,-32,1
-13,24,1
12,37,1
3,-42,1
-34,-9,1
-10,-43,1
-15,42,1
23,17,1
-34,-14,1
36,6,1
36,16,1
40,-12,1
-27,29,1
-32,35,1
-1,-27,1
31,38,1
-26,-21,1
10,29,1
-3,46,1
46,19,1
-26,-41,1
-1,41,1
-10,43,1
-40,-4,1
48,-4,1
32,35,1
-34,2,1
25,-17,1
-30,38,1
-8,49,1
-23,25,1
24,-22,1
45,12,1
-35,31,1
-20,-30,1
0,-44,1
38,6,1
-32,31,1
17,-27,1
-25,-43,1
13,-28,1
23,-23,1
-23,31,1
28,-2,1
46,18,1
-10,-45,1
-23,-13,1
-15,26,1
40,21,1
-23,39,1
-29,29,1
27,33,1
-8,-36,1
28,-31,1
-30,-36,1
-14,37,1
22,-40,1
-4,-28,1
-15,-21,1
40,25,1
44,15,1
-28,13,1
29,-20,1
-26,13,1
-38,28,1
-32,-30,1
-28,33,1
19,28,1
-15,-24,1
31,4,1
45,-14,1
-36,-1,1
-30,-38,1
43,6,1
7,35,1
28,24,1
8,-38,1
25,-40,1
23,20,1
4,32,1
-9,-49,1
28,-34,1
3,-30,1
-28,31,1
20,32,1
-12,-27,1
-33,4,1
21,18,1
19,28,1
32,-36,1
-39,1,1
-39,24,1
23,-27,1
-5,-36,1
-27,23,1
14,21,1
48,3,1
7,30,1
3,-41,1
13,-43,1
-43,13,1
-21,-22,1
26,-13,1
-11,31,1
-18,26,1
-16,-44,1
-17,22,1
-3,27,1
-8,-35,1
-12,-35,1
16,-33,1
-37,-33,1
34,-15,1
43,-23,1
-33,-30,1
39,29,1
-26,8,1
-39,26,1
-34,6,1
-36,19,1
-2,-32,1
-37,3,1
-14,-48,1
34,31,1
10,-35,1
-47,10,1
4,-29,1
1,-45,1
-21,-18,1
8,29,1
37,12,1
35,-17,1
-21,31,1
19,-28,1
-47,12,1
-22,-41,1
-31,-11,1
-31,16,1
-32,29,1
-34,6,1
-3,-33,1
-20,30,1
24,-41,1
-44,-16,1
12,42,1
41,2,1
-12,-22,1
32,29,1
-26,28,1
-41,-26,1
-39,15,1
26,40,1
9,31,1
-21,26,1
-15,44,1
-22,-40,1
25,36,1
36,-14,1
-35,-19,1
-41,-21,1
-16,46,1
31,-2,1
-12,43,1
15,34,1
20,-20,1
14,-40,1
-39,-13,1
-8,-35,1
47,16,1
33,-4,1
27,31,1
-14,-35,1
28,-18,1
-24,32,1
25,13,1
-9,37,1
44,8,1
32,13,1
-17,41,1
-27,-11,1
-45,-6,1
19,-35,1
-15,-35,1
43,-7,1
-29,4,1
-20,-19,1
-34,-21,1
22,-26,1
26,36,1
-35,2,1
25,-29,1
-37,-24,1
-1,-49,1
45,-10,1
-35,7,1
19,-23,1
46,-19,1
2,-49,1
28,12,1
24,18,1
17,-37,1
-18,-22,1
-41,7,1
30,20,1
2,37,1
-37,20,1
-34,6,1
-26,-22,1
-7,-40,1
-3,33,1
-43,-10,1
-40,27,1
43,25,1
-27,19,1
-30,-5,1
24,-8,1
5,34,1
-30,-20,1
-28,-34,1
12,47,1
24,39,1
-10,-30,1
27,38,1
21,-38,1
14,47,1
15,-33,1
-7,-46,1
-3,25,1
-20,18,1
-34,-29,1
18,-40,1
-6,27,1
8,-26,1
-32,-11,1
-30,-35,1
-37,-8,1
-8,49,1
-39,2,1
-48,4,1
-48,2,1
40,20,1
-40,25,1
-44,-9,1
33,22,1
-38,14,1
46,0,1
-18,24,1
25,43,1
-40,17,1
-1,32,1
-8,36,1
33,-5,1
31,-15,1
-9,46,1
10,-29,1
-4,37,1
-7,-41,1
-34,29,1
7,28,1
-8,34,1
-29,11,1
-37,-16,1
-6,45,1
-25,-17,1
-2,33,1
-10,-28,1
48,14,1
-34,-21,1
-27,4,1
5,35,1
37,24,1
-11,31,1
-20,26,1
-39,-17,1
5,37,1
27,-12,1
-12,-34,1
21,-16,1
-35,13,1
24,24,1
-42,4,1
24,15,1
-23,-27,1
4,-48,1
-49,5,1
-20,-28,1
5,31,1
-32,-27,1
-47,-1,1
33,30,1
-4,31,1
25,-10,1
29,-25,1
-16,44,1
17,-21,1
45,-12,1
-38,-4,1
-40,11,1
-24,-17,1
0,-30,1
-10,-41,1
-27,-13,1
45,0,1
28,10,1
-35,-25,1
-32,33,1
34,35,1
-17,-21,1
43,-14,1
16,-29,1
-34,19,1
15,-31,1
33,-11,1
10,-36,1
-30,-5,1
-33,31,1
-47,9,1
7,-35,1
-26,5,1
-36,-16,1
-10,-45,1
44,22,1
-12,24,1
-31,0,1
1,-30,1
-41,8,1
-35,35,1
26,9,1
-7,-37,1
-11,36,1
26,-6,1
-14,-40,1
38,-21,1
-16,-33,1
-17,-47,1
5,29,1
-45,16,1
32,20,1
24,-14,1
20,-44,1
24,39,1
-9,36,1
-23,-24,1
4,38,1
40,22,1
18,-41,1
30,15,1
13,36,1
27,13,1
25,11,1
-42,23,1
-42,-12,1
-15,38,1
10,-23,1
-2,-29,1
3,41,1
4,-39,1
1,38,1
-7,31,1
35,-32,1
12,42,1
-31,22,1
8,-45,1
-28,36,1
29,-10,1
-35,6,1
-1,35,1
-20,-16,1
-16,37,1
33,37,1
25,-40,1
-16,-33,1
-24,18,1
14,27,1
-33,5,1
10,45,1
7,-25,1
-7,-35,1
-13,29,1
24,30,1
34,2,1
32,29,1
-40,-12,1
20,28,1
-26,-20,1
-30,22,1
-31,-21,1
20,25,1
28,-4,1
-39,30,1
-14,-32,1
-38,15,1
-42,4,1
30,22,1
-33,15,1
19,35,1
-40,14,1
4,-34,1
33,21,1
13,23,1
-38,-8,1
-11,43,1
-12,47,1
-18,-41,1
-18,-22,1
21,39,1
-43,5,1
29,2,1
35,-8,1
8,-40,1
41,-8,1
22,12,1
-28,-9,1
-273,-71,0
-114,-258,0
256,104,0
-163,250,0
-292,26,0
143,256,0
275,37,0
266,75,0
109,-258,0
165,-241,0
286,14,0
-26,-279,0
83,273,0
-181,217,0
239,154,0
-2,284,0
-210,-179,0
158,239,0
-39,-285,0
292,10,0
-152,255,0
-270,-77,0
293,24,0
-241,-152,0
-272,-53,0
250,124,0
186,-224,0
-206,192,0
285,10,0
-63,293,0
295,46,0
-18,284,0
258,-127,0
219,183,0
-211,191,0
133,-268,0
-274,-53,0
-41,-283,0
-170,228,0
232,-172,0
224,-166,0
-253,158,0
-25,-283,0
-92,-283,0
280,-59,0
-4,291,0
-261,-114,0
-72,282,0
218,-184,0
-293,-49,0
-180,-215,0
-240,176,0
90,271,0
209,183,0
-264,-109,0
-84,284,0
203,197,0
178,210,0
-255,-152,0
170,222,0
-54,-271,0
128,248,0
-228,161,0
-275,39,0
-213,201,0
256,-145,0
-117,-276,0
295,-45,0
-197,200,0
233,-177,0
196,202,0
-288,0,0
161,250,0
190,203,0
251,-125,0
299,-12,0
-252,-142,0
277,67,0
3,277,0
259,109,0
-158,-232,0
291,-32,0
-275,57,0
-222,188,0
270,-60,0
-234,-154,0
-255,-156,0
-247,140,0
250,120,0
276,-84,0
195,197,0
89,281,0
-97,282,0
29,298,0
277,-78,0
150,-236,0
34,-273,0
24,-282,0
-287,-70,0
-234,-172,0
-278,103,0
231,185,0
-40,-278,0
-94,-264,0
245,141,0
289,-3,0
-188,-225,0
163,-226,0
173,-218,0
286,-67,0
269,-124,0
6,295,0
107,-258,0
278,-40,0
45,275,0
285,-31,0
282,-51,0
-172,222,0
185,222,0
-144,255,0
288,-70,0
-246,143,0
-107,-257,0
266,-78,0
-143,237,0
199,207,0
205,-191,0
-258,151,0
-231,172,0
54,281,0
-278,-49,0
175,-237,0
-274,27,0
-266,-77,0
-198,-214,0
279,-79,0
-284,-56,0
103,262,0
213,-207,0
-282,26,0
-68,-284,0
-247,168,0
248,-134,0
173,234,0
-46,-285,0
284,59,0
293,32,0
2,288,0
-167,-246,0
-224,-187,0
-44,-284,0
-6,-283,0
19,-297,0
286,54,0
-40,278,0
287,44,0
-287,-83,0
-96,270,0
196,-214,0
287,68,0
-284,-47,0
-129,262,0
-236,-171,0
3,280,0
-30,294,0
-278,39,0
-254,159,0
-269,-92,0
-149,-245,0
-270,68,0
221,195,0
28,276,0
-285,-60,0
219,-196,0
-125,256,0
-264,-123,0
-23,292,0
-246,135,0
-100,257,0
-274,62,0
189,227,0
288,-74,0
12,276,0
-5,281,0
239,-171,0
-261,140,0
185,-224,0
137,-257,0
-12,-276,0
196,-200,0
197,221,0
97,-281,0
6,-283,0
-152,-243,0
-269,95,0
-147,-259,0
-81,279,0
-270,-116,0
255,-124,0
-271,-92,0
-208,-209,0
-47,-275,0
-235,-162,0
-3,-299,0
-245,139,0
241,-140,0
296,17,0
-283,68,0
-195,-225,0
31,280,0
-170,-230,0
241,-153,0
-124,267,0
40,-286,0
-195,227,0
10,-299,0
216,177,0
-182,210,0
14,292,0
53,-290,0
-299,-24,0
148,238,0
243,141,0
266,96,0
279,101,0
292,55,0
-271,88,0
-270,105,0
267,122,0
65,273,0
-158,229,0
218,194,0
87,-265,0
289,-14,0
-130,-258,0
-176,242,0
269,80,0
255,-103,0
-272,-118,0
-253,-142,0
-264,-81,0
224,-193,0
-23,282,0
-127,-252,0
-281,28,0
272,57,0
260,101,0
-179,221,0
281,-64,0
97,-283,0
-60,280,0
-260,-97,0
289,-40,0
-68,-287,0
298,31,0
183,-209,0
-4,286,0
278,4,0
-16,292,0
-254,148,0
-219,-198,0
-172,236,0
254,-137,0
266,88,0
-277,-85,0
207,-195,0
237,-148,0
-292,-24,0
-83,-284,0
-252,-135,0
152,-238,0
184,-211,0
-236,180,0
167,-229,0
232,-182,0
235,-169,0
105,263,0
16,-293,0
264,142,0
-264,106,0
-243,-146,0
-155,-246,0
-217,201,0
262,-94,0
70,-267,0
277,16,0
34,-284,0
118,-259,0
-286,67,0
85,-283,0
-268,83,0
110,260,0
-270,92,0
132,-260,0
240,154,0
29,-287,0
-1,-287,0
-24,-293,0
277,-11,0
-229,193,0
179,226,0
174,243,0
-105,-270,0
-9,297,0
275,-68,0
-169,-226,0
176,218,0
-139,241,0
-252,-125,0
278,7,0
39,-277,0
-2,-284,0
-279,-56,0
-75,-278,0
269,-93,0
232,151,0
175,232,0
274,44,0
-276,114,0
171,237,0
204,194,0
-289,-43,0
-248,126,0
246,169,0
233,176,0
-282,-98,0
-183,-214,0
264,105,0
-93,-260,0
-268,-104,0
-259,-119,0
215,194,0
226,-169,0
293,5,0
105,-269,0
-81,288,0
-106,-270,0
161,243,0
-65,-285,0
-296,29,0
63,274,0
-79,270,0
-1,-286,0
-256,-155,0
174,-224,0
-274,38,0
57,-282,0
166,228,0
212,191,0
-196,210,0
-3,-297,0
-242,151,0
-299,6,0
-7,292,0
287,37,0
-250,148,0
13,-299,0
23,275,0
60,276,0
-176,-228,0
246,-169,0
296,7,0
117,-251,0
191,-206,0
288,16,0
-118,271,0
181,-233,0
277,-89,0
-258,-105,0
96,261,0
-11,-293,0
264,-142,0
-3,-284,0
-165,-242,0
-193,-218,0
175,223,0
-77,-274,0
50,283,0
-243,169,0
-11,-275,0
-89,286,0
-289,-21,0
293,-14,0
122,-255,0
-172,-215,0
17,294,0
260,99,0
-70,274,0
-165,250,0
276,17,0
59,-270,0
-280,-16,0
146,237,0
183,-235,0
-26,-298,0
-276,112,0
206,206,0
190,232,0
-162,224,0
-137,-251,0
-174,-225,0
-288,70,0
273,-78,0
271,-62,0
-188,209,0
-137,256,0
-290,38,0
65,-280,0
-61,293,0
235,-169,0
264,107,0
299,18,0
253,116,0
-184,-213,0
283,-38,0
-278,-102,0
212,-212,0
141,-240,0
-120,253,0
-47,-294,0
-202,-214,0
-56,-282,0
-217,-196,0
-71,286,0
213,-195,0
-98,274,0
138,-264,0
33,286,0
-266,-110,0
-113,-259,0
-240,-167,0
268,105,0
-203,-195,0
25,282,0
-134,-265,0
-72,267,0
-191,-198,0
276,102,0
216,-198,0
201,-194,0
-275,104,0
269,-131,0
-254,158,0
203,193,0
81,273,0
187,225,0
-275,-23,0
287,5,0
277,7,0
270,100,0
-275,-10,0
184,-216,0
160,242,0
277,42,0
284,-65,0
-172,-223,0
-243,143,0
-206,202,0
-181,220,0
-93,-276,0
-194,212,0
11,-278,0
-102,-280,0
-279,25,0
-91,266,0
-242,-169,0
-27,280,0
-281,51,0
-219,196,0
22,284,0
281,-33,0
-151,-245,0
-232,-170,0
-164,243,0
133,-249,0
-216,184,0
146,245,0
-22,283,0
-186,228,0
-226,-189,0
217,-182,0
-255,-121,0
253,109,0
-261,144,0
-215,196,0
-19,295,0
-128,249,0
280,44,0
-137,265,0
292,34,0
-21,-281,0
237,163,0
-278,-48,0
-90,-276,0
168,222,0
263,140,0
-102,273,0
274,59,0
269,-94,0
251,131,0
