-37,16,1
7,-49,1
33,-35,1
25,-15,1
-24,14,1
29,-33,1
25,6,1
14,33,1
22,-39,1
-39,-20,1
-20,21,1
-22,-31,1
23,-27,1
-45,2,1
-16,-20,1
-41,-25,1
36,14,1
-26,-40,1
33,-35,1
-25,-40,1
-32,25,1
14,38,1
-48,12,1
33,-25,1
-11,-33,1
-35,-35,1
-48,-14,1
37,-32,1
-38,-24,1
-36,10,1
9,-38,1
-7,30,1
26,41,1
-13,-26,1
-19,42,1
-43,-3,1
-35,31,1
11,-23,1
2,30,1
45,-16,1
34,-4,1
-25,41,1
-27,30,1
-12,28,1
-33,15,1
4,39,1
27,-20,1
3,-37,1
29,40,1
8,30,1
40,29,1
34,-14,1
6,48,1
-22,24,1
-36,-22,1
36,-17,1
47,-3,1
31,-32,1
-29,19,1
13,31,1
-37,4,1
22,-15,1
27,-27,1
-44,-20,1
16,-36,1
-29,35,1
-15,-21,1
-23,-14,1
-36,-4,1
-35,-35,1
6,43,1
-31,14,1
32,-30,1
-49,1,1
-7,48,1
23,-24,1
-41,-27,1
-17,-28,1
-35,-17,1
15,43,1
-36,4,1
-40,-10,1
-37,-27,1
-33,-17,1
2,-42,1
30,19,1
-24,12,1
45,-15,1
11,-40,1
9,29,1
49,9,1
11,27,1
1,34,1
-27,7,1
24,27,1
-11,48,1
39,15,1
19,38,1
-10,39,1
3,39,1
38,-31,1
-41,3,1
38,0,1
-44,12,1
26,-8,1
-14,24,1
2,-40,1
-32,38,1
24,-35,1
-13,-46,1
8,-42,1
33,2,1
11,-37,1
30,30,1
17,38,1
3,27,1
0,-48,1
43,-22,1
30,-26,1
24,-26,1
-11,-46,1
-33,15,1
-21,-28,1
-39,-18,1
-24,23,1
37,-30,1
-34,27,1
15,42,1
3,38,1
42,2,1
8,-41,1
-31,-17,1
16,-25,1
-23,16,1
41,-28,1
-32,-8,1
0,-35,1
41,-24,1
-7,-25,1
6,-32,1
2,-35,1
-6,-48,1
1,-41,1
48,2,1
32,-12,1
-29,9,1
17,-34,1
-38,1,1
-38,-27,1
-41,4,1
39,6,1
-34,-21,1
25,-35,1
5,49,1
-16,-28,1
-25,24,1
-19,-18,1
-30,-29,1
-30,-10,1
38,5,1
12,44,1
-20,-34,1
-42,15,1
-49,0,1
-19,41,1
12,45,1
-7,26,1
-27,-8,1
25,-7,1
27,23,1
40,27,1
-27,-22,1
-39,30,1
-10,38,1
-27,-37,1
23,-16,1
7,37,1
-26,-37,1
46,16,1
-40,3,1
-40,16,1
-18,-29,1
-36,-10,1
21,-17,1
-13,34,1
-3,-42,1
43,0,1
17,45,1
21,45,1
-28,-30,1
-34,20,1
-41,-9,1
13,-39,1
19,28,1
38,2,1
-10,42,1
-17,-30,1
17,19,1
0,-45,1
13,34,1
-10,43,1
-33,29,1
14,-27,1
-35,-21,1
3,26,1
-19,-40,1
6,-41,1
38,-29,1
32,-25,1
30,-19,1
34,-17,1
-38,0,1
29,18,1
-10,-30,1
-10,-33,1
8,-47,1
-31,29,1
27,-12,1
38,20,1
-16,30,1
38,-31,1
-23,-29,1
-16,22,1
-24,11,1
-9,-42,1
-36,-17,1
5,46,1
-14,-25,1
13,-39,1
-12,32,1
1,-42,1
7,35,1
-37,-29,1
-48,13,1
-26,-42,1
20,-21,1
37,-16,1
-17,-21,1
2,25,1
16,38,1
-30,14,1
-22,37,1
-41,-18,1
-9,31,1
20,36,1
-25,9,1
-12,-46,1
-34,-2,1
-2,36,1
28,14,1
6,49,1
31,-12,1
-16,25,1
33,5,1
3,36,1
-29,6,1
36,10,1
-38,-31,1
-40,29,1
44,-17,1
1,37,1
32,-38,1
-32,30,1
-32,27,1
-30,-34,1
-1,-36,1
-43,-10,1
45,-18,1
-33,7,1
-18,-26,1
-14,-46,1
44,8,1
46,0,1
-28,-3,1
-47,-3,1
30,-30,1
38,21,1
8,-29,1
-21,-32,1
28,38,1
8,49,1
-20,-43,1
-17,-19,1
-15,-45,1
26,40,1
26,26,1
-28,-31,1
-41,23,1
-23,-21,1
-33,-37,1
33,-16,1
-30,24,1
-37,-2,1
-23,-10,1
-8,26,1
49,-9,1
8,-27,1
-33,13,1
-4,31,1
-17,41,1
23,22,1
-37,-10,1
16,35,1
-22,-19,1
47,5,1
-22,-27,1
31,-24,1
37,-11,1
-33,23,1
-42,13,1
16,-25,1
-24,22,1
17,22,1
12,25,1
27,34,1
-3,45,1
-39,-25,1
-27,26,1
-8,30,1
-31,30,1
17,-30,1
-34,23,1
9,30,1
24,-7,1
-14,39,1
-25,11,1
26,-16,1
46,-3,1
35,14,1
-14,29,1
-22,26,1
30,26,1
-35,-10,1
29,-33,1
-27,-38,1
-32,16,1
23,25,1
-35,10,1
-42,4,1
27,-36,1
23,26,1
29,27,1
42,-25,1
-16,29,1
-29,9,1
42,-15,1
48,-8,1
-40,6,1
-37,-1,1
29,27,1
-24,-36,1
-28,10,1
-19,40,1
-26,-37,1
35,-12,1
-32,-30,1
26,-23,1
16,-20,1
-23,21,1
28,2,1
44,16,1
43,-15,1
-30,-18,1
4,-28,1
-39,-20,1
18,22,1
-32,22,1
-26,-27,1
-12,-23,1
-35,-16,1
21,-27,1
-5,-42,1
38,0,1
-41,-6,1
13,-37,1
-4,48,1
35,15,1
9,-29,1
10,44,1
48,-11,1
4,27,1
22,-20,1
37,9,1
-37,-9,1
8,-32,1
2,-42,1
12,-41,1
27,-7,1
-42,12,1
-47,-5,1
5,30,1
-40,8,1
-37,-23,1
-25,-8,1
-30,28,1
20,16,1
35,4,1
36,9,1
38,-23,1
-18,35,1
37,-25,1
-35,-1,1
-31,-14,1
32,-5,1
-16,-32,1
43,-5,1
25,-20,1
39,11,1
21,33,1
-12,-23,1
31,22,1
-33,-25,1
-25,36,1
-31,-17,1
35,14,1
23,20,1
-24,39,1
-11,-29,1
42,-19,1
14,31,1
-23,35,1
46,-12,1
18,-25,1
16,42,1
39,11,1
-26,22,1
-16,-40,1
27,-25,1
-4,33,1
38,17,1
11,-30,1
-24,-19,1
44,13,1
-11,-41,1
-49,6,1
27,-4,1
-18,-46,1
3,37,1
-31,-25,1
34,8,1
-35,30,1
-35,3,1
19,-35,1
4,-36,1
5,38,1
4,36,1
-19,-43,1
18,29,1
6,-48,1
32,23,1
-15,-37,1
23,-37,1
-36,-24,1
-31,-3,1
-23,-26,1
15,41,1
-30,18,1
-27,-4,1
18,-35,1
-24,-26,1
-15,-25,1
-18,20,1
29,-15,1
6,-47,1
-35,29,1
-16,20,1
-3,43,1
42,-2,1
34,-35,1
28,-27,1
-7,27,1
3,25,1
-23,28,1
-14,-29,1
11,-32,1
-19,33,1
8,41,1
-16,-44,1
5,-42,1
-26,-31,1
-46,0,1
-31,33,1
-11,41,1
37,4,1
-26,-28,1
0,46,1
17,28,1
27,0,1
43,-3,1
6,38,1
11,-46,1
-23,-14,1
-47,2,1
13,40,1
10,-33,1
17,-45,1
34,13,1
47,-2,1
37,12,1
-19,34,1
-285,-30,0
-134,-265,0
185,212,0
76,-273,0
-146,247,0
290,9,0
275,-62,0
-100,268,0
233,148,0
52,-282,0
-191,211,0
-236,-151,0
299,-20,0
-283,-39,0
-29,-290,0
68,-282,0
-168,242,0
286,-65,0
-188,201,0
199,-207,0
15,-296,0
296,27,0
148,-249,0
-119,269,0
54,-283,0
211,-177,0
17,-276,0
-89,284,0
-131,-258,0
-118,-272,0
291,12,0
208,209,0
275,14,0
-166,249,0
-140,254,0
61,293,0
252,154,0
224,197,0
-273,-45,0
277,-60,0
99,258,0
277,-24,0
-267,120,0
22,-279,0
-272,-48,0
-216,-205,0
-63,273,0
-217,203,0
122,-250,0
-287,-64,0
153,252,0
-289,44,0
-234,185,0
-11,294,0
-202,-194,0
-261,91,0
-237,-171,0
267,-117,0
276,105,0
80,280,0
-278,-16,0
-294,50,0
-35,288,0
-181,215,0
-262,112,0
83,283,0
30,-287,0
-204,-185,0
-230,154,0
282,60,0
-86,278,0
-260,-127,0
-200,190,0
-276,62,0
279,-22,0
-112,267,0
-277,18,0
-230,161,0
268,66,0
282,-54,0
-232,186,0
253,120,0
257,-103,0
99,-274,0
155,253,0
-26,292,0
-2,285,0
228,-168,0
-230,-164,0
-287,13,0
247,-151,0
170,244,0
238,157,0
-251,-127,0
266,-95,0
249,145,0
110,278,0
-112,253,0
210,-184,0
-217,-177,0
-288,-77,0
-295,-17,0
-213,-210,0
287,60,0
261,-121,0
-216,174,0
-142,247,0
-10,-292,0
-69,283,0
-290,1,0
293,39,0
-287,47,0
183,227,0
-297,-33,0
-66,288,0
-290,-39,0
236,171,0
38,286,0
197,218,0
-213,-187,0
-240,-154,0
-121,251,0
108,-275,0
-233,-147,0
147,259,0
63,-274,0
237,-149,0
-278,-10,0
-279,-35,0
-111,-269,0
233,176,0
-65,285,0
280,-37,0
119,262,0
-281,-101,0
255,-146,0
-275,11,0
268,106,0
-297,-30,0
-226,176,0
176,220,0
-87,-275,0
287,38,0
-279,-27,0
106,275,0
172,-219,0
-282,16,0
187,206,0
184,-207,0
42,291,0
279,22,0
-276,-85,0
225,-187,0
-279,-20,0
-113,-260,0
-214,183,0
114,-256,0
286,-75,0
287,17,0
206,216,0
234,165,0
-119,-253,0
-41,-274,0
-265,78,0
226,-169,0
192,230,0
118,-269,0
-187,230,0
-166,-230,0
-84,277,0
292,-25,0
284,-21,0
-62,-290,0
-193,223,0
-280,14,0
24,280,0
-194,228,0
165,229,0
122,-257,0
117,253,0
186,-212,0
-105,-279,0
90,-260,0
-120,-264,0
147,260,0
245,140,0
-164,227,0
-268,110,0
276,-52,0
269,86,0
-269,-126,0
274,-77,0
-273,-69,0
-269,64,0
144,-262,0
-278,94,0
-295,-42,0
-1,-278,0
277,43,0
227,195,0
267,-87,0
-282,15,0
-264,-95,0
-86,263,0
19,-297,0
-167,245,0
-141,-239,0
-47,-273,0
103,-263,0
-175,237,0
157,-242,0
-209,-191,0
278,-61,0
92,267,0
168,218,0
-293,-18,0
-189,232,0
214,-174,0
177,216,0
-248,140,0
-242,-163,0
175,239,0
251,-135,0
71,-268,0
-213,-191,0
260,-91,0
-51,289,0
-191,202,0
225,-169,0
-235,184,0
279,25,0
-229,159,0
275,42,0
26,292,0
16,-299,0
-276,-49,0
270,-53,0
32,281,0
-275,80,0
273,-45,0
-197,-195,0
80,275,0
-281,25,0
275,80,0
9,-299,0
220,201,0
-25,297,0
-116,256,0
253,-122,0
-273,122,0
-263,139,0
-183,-226,0
-231,-156,0
-289,-71,0
119,-261,0
255,125,0
-198,-217,0
-113,260,0
-238,-143,0
-276,-69,0
95,-267,0
267,92,0
-258,150,0
175,-241,0
212,207,0
-280,30,0
-277,-75,0
257,-147,0
119,263,0
-44,-292,0
169,-243,0
196,201,0
-193,224,0
30,274,0
208,-180,0
-176,232,0
100,270,0
-194,198,0
-146,-247,0
-179,-230,0
-44,-280,0
-65,281,0
285,85,0
186,-204,0
184,-209,0
-156,-228,0
95,270,0
56,291,0
7,275,0
-214,204,0
147,247,0
263,-105,0
-198,204,0
274,82,0
111,-266,0
81,-281,0
259,151,0
-24,291,0
-16,278,0
-4,295,0
-256,129,0
271,60,0
235,-157,0
194,-212,0
265,-125,0
-238,-159,0
124,253,0
145,260,0
-221,-194,0
-74,277,0
204,-199,0
-135,244,0
220,-177,0
-271,-51,0
277,76,0
233,154,0
221,-170,0
292,-60,0
211,-203,0
-294,-14,0
-20,-281,0
-186,-230,0
-241,136,0
283,89,0
-256,-112,0
287,-76,0
66,275,0
277,-44,0
80,-283,0
213,-179,0
60,278,0
289,-51,0
214,-199,0
189,-206,0
147,242,0
112,256,0
284,-11,0
287,60,0
265,-112,0
296,8,0
76,-287,0
-266,88,0
198,-193,0
-140,-249,0
-275,-26,0
-76,274,0
-275,70,0
12,299,0
209,-193,0
-294,45,0
221,-166,0
-11,-277,0
-70,277,0
43,-281,0
200,-217,0
17,282,0
54,-294,0
22,-281,0
230,154,0
-274,62,0
-222,-196,0
143,246,0
-25,-293,0
200,-199,0
295,-15,0
279,-75,0
106,-277,0
-217,-178,0
207,212,0
-110,-265,0
-131,-243,0
-284,-79,0
45,274,0
-256,-151,0
-82,286,0
234,-174,0
-283,-71,0
282,-77,0
-284,65,0
158,234,0
-279,53,0
34,294,0
294,-31,0
-276,58,0
-293,-39,0
37,-290,0
-109,-256,0
-138,-252,0
-185,229,0
275,-19,0
-123,269,0
-199,208,0
-57,-293,0
219,-205,0
224,-181,0
-296,41,0
-224,187,0
-218,187,0
130,-243,0
247,131,0
262,96,0
163,-224,0
-32,278,0
176,-234,0
-245,130,0
-167,-241,0
-155,-245,0
-259,124,0
-296,9,0
-199,-199,0
97,-262,0
49,291,0
-87,268,0
285,-4,0
258,-110,0
167,227,0
-281,-17,0
224,-187,0
227,180,0
291,-24,0
202,-188,0
-283,-33,0
-145,-235,0
217,-192,0
289,48,0
277,-51,0
243,152,0
100,-280,0
160,-228,0
1,278,0
-241,-161,0
229,180,0
276,75,0
-85,-263,0
290,32,0
-246,125,0
-154,240,0
267,-129,0
-151,-250,0
229,168,0
-192,197,0
278,65,0
71,-290,0
-169,235,0
-295,34,0
-182,225,0
267,70,0
-92,275,0
258,-109,0
239,165,0
-248,158,0
-80,-277,0
84,-280,0
-70,-278,0
-267,94,0
257,-127,0
-290,16,0
-275,-3,0
-255,145,0
-25,278,0
118,-249,0
-233,-159,0
76,-290,0
-17,299,0
101,266,0
256,129,0
46,-289,0
-287,-27,0
-152,-240,0
-117,275,0
-131,259,0
294,23,0
-265,-99,0
201,218,0
-264,-77,0
-132,-266,0
-162,-233,0
253,133,0
258,-108,0
263,-140,0
280,-8,0
277,23,0
-271,92,0
-274,-81,0
280,-1,0
259,-143,0
-276,106,0
-276,-63,0
242,-148,0
-12,299,0
-279,-78,0
248,-154,0
288,-56,0
68,-273,0
-261,-142,0
-165,231,0
248,-142,0
53,-288,0
-193,-229,0
166,-235,0
