-5,42,1
31,36,1
-3,-31,1
-14,22,1
23,33,1
-33,-5,1
29,29,1
-26,-2,1
-4,-43,1
1,41,1
1,39,1
30,-19,1
15,-38,1
44,-22,1
26,30,1
-41,-2,1
-2,-41,1
-3,36,1
14,-42,1
-2,-27,1
-17,-41,1
11,-25,1
20,26,1
-28,30,1
20,19,1
-26,13,1
32,6,1
26,31,1
12,-39,1
36,-5,1
37,0,1
13,-41,1
48,-1,1
38,13,1
14,39,1
-30,-37,1
-36,-15,1
23,35,1
-12,-31,1
-22,38,1
-30,-13,1
-13,-38,1
5,-45,1
-14,27,1
22,-17,1
-18,25,1
-26,2,1
4,43,1
1,36,1
-26,-30,1
-28,31,1
1,42,1
36,28,1
31,18,1
-36,20,1
40,-21,1
17,-21,1
-22,24,1
28,-5,1
-43,-11,1
-30,-8,1
40,19,1
-29,14,1
33,3,1
12,-24,1
36,26,1
-31,2,1
-39,-25,1
17,30,1
21,-41,1
4,-48,1
-1,49,1
39,-3,1
-23,43,1
-22,15,1
1,-44,1
32,-3,1
39,12,1
-40,2,1
35,25,1
-2,48,1
-2,-25,1
14,-27,1
24,19,1
-30,34,1
19,-20,1
-8,-42,1
-5,35,1
31,5,1
11,40,1
-16,29,1
33,18,1
23,-33,1
23,-34,1
24,-35,1
-7,34,1
7,32,1
37,31,1
-13,-48,1
14,46,1
-19,-22,1
13,47,1
-12,-37,1
-29,-14,1
27,40,1
24,17,1
3,-31,1
-19,-17,1
-33,8,1
11,-29,1
15,23,1
41,-4,1
24,41,1
6,28,1
26,-12,1
4,38,1
28,-41,1
-16,-28,1
25,15,1
-44,2,1
-31,-30,1
46,-4,1
-10,-35,1
-16,20,1
-28,8,1
-43,2,1
-37,-23,1
-32,-20,1
-4,-40,1
-34,-14,1
31,-6,1
-47,3,1
24,-16,1
29,-4,1
-31,5,1
17,-40,1
18,-42,1
-34,30,1
-31,-15,1
-46,0,1
16,-23,1
-2,25,1
16,-20,1
-9,37,1
42,-16,1
-1,40,1
39,-28,1
-20,36,1
-7,36,1
-39,-29,1
-24,-22,1
-30,-12,1
-38,-23,1
-36,-25,1
23,44,1
9,24,1
-33,17,1
31,36,1
44,-3,1
-10,23,1
33,30,1
-20,-43,1
19,34,1
25,-3,1
26,-34,1
39,-29,1
7,-43,1
-10,-38,1
-25,-34,1
-39,22,1
-14,35,1
18,31,1
47,-10,1
24,-17,1
33,-17,1
31,37,1
10,-31,1
40,8,1
15,-27,1
-42,10,1
-43,-14,1
42,-3,1
34,9,1
-25,-24,1
-22,28,1
5,33,1
-10,-27,1
-22,-15,1
7,-29,1
29,15,1
-23,44,1
31,6,1
-4,43,1
36,-27,1
32,3,1
4,25,1
-22,21,1
21,37,1
-9,-44,1
-23,13,1
-38,11,1
-32,-33,1
-19,45,1
23,11,1
36,-4,1
29,-18,1
-38,-19,1
19,-34,1
-41,-24,1
11,33,1
-26,8,1
7,-43,1
30,-35,1
23,41,1
25,-22,1
46,0,1
32,24,1
-9,45,1
39,-3,1
28,23,1
-39,27,1
-29,8,1
-48,4,1
2,-34,1
40,20,1
-39,-25,1
4,46,1
21,-21,1
1,48,1
-7,31,1
-21,-21,1
39,8,1
28,-13,1
-46,-6,1
14,44,1
-28,23,1
-28,-38,1
15,45,1
24,15,1
28,18,1
20,26,1
45,-14,1
16,45,1
20,45,1
24,-12,1
-32,16,1
-39,-5,1
-31,4,1
-30,30,1
26,19,1
-48,-6,1
18,30,1
-32,25,1
-4,38,1
-33,20,1
-35,0,1
13,-25,1
43,19,1
-48,9,1
-23,-15,1
-33,-12,1
-30,-2,1
-41,-3,1
-32,-10,1
-29,32,1
-6,36,1
22,-30,1
-44,-15,1
31,38,1
-39,-29,1
12,29,1
15,34,1
38,9,1
18,-34,1
8,-35,1
-31,19,1
-33,-22,1
-24,36,1
7,-37,1
7,-26,1
44,21,1
-25,-29,1
18,-25,1
32,-34,1
10,-41,1
13,-23,1
30,-39,1
-43,-11,1
-22,33,1
-29,29,1
-17,-40,1
47,1,1
48,-4,1
35,-2,1
-22,-20,1
-8,39,1
-17,-41,1
26,19,1
28,18,1
-26,-35,1
17,30,1
31,34,1
44,-22,1
-42,-25,1
-48,6,1
-47,12,1
25,13,1
-39,-5,1
-42,-10,1
-21,-15,1
32,-6,1
-29,20,1
-28,32,1
47,14,1
-40,14,1
-23,34,1
32,7,1
29,-3,1
-18,41,1
-48,0,1
-49,-7,1
15,-24,1
44,-7,1
40,18,1
-26,24,1
23,-17,1
-45,19,1
36,-33,1
-2,-39,1
-28,-21,1
37,17,1
12,31,1
34,-31,1
20,-25,1
-35,-24,1
-4,38,1
-33,-25,1
-22,-42,1
-31,37,1
-28,5,1
35,27,1
14,-37,1
-19,-27,1
-37,-5,1
19,26,1
16,30,1
5,-34,1
-36,-10,1
-39,14,1
48,-9,1
-19,25,1
-8,30,1
29,-21,1
-30,-17,1
34,-6,1
36,9,1
29,17,1
-33,11,1
26,-11,1
32,36,1
13,-27,1
12,41,1
13,-42,1
-9,-42,1
9,-42,1
26,-1,1
-6,-39,1
32,24,1
38,7,1
38,28,1
6,37,1
25,-19,1
-29,32,1
-30,37,1
26,30,1
14,-22,1
-23,27,1
-47,5,1
-3,49,1
19,-42,1
32,-21,1
-28,-6,1
-27,17,1
-32,-38,1
-42,-18,1
-3,-30,1
8,49,1
-19,-22,1
-15,-20,1
-31,33,1
20,-35,1
-25,-24,1
37,-20,1
-31,-26,1
22,-12,1
28,23,1
34,36,1
-18,45,1
-8,-44,1
5,28,1
-27,-14,1
-1,-39,1
44,-12,1
-33,12,1
-29,14,1
33,10,1
-43,-3,1
28,-39,1
41,13,1
-1,48,1
-21,41,1
31,-19,1
-35,-33,1
45,-2,1
31,13,1
-3,25,1
15,-37,1
-17,-23,1
-33,19,1
48,-13,1
-37,-23,1
-40,-26,1
-3,-37,1
-23,32,1
-23,20,1
-2,-47,1
7,37,1
35,-7,1
-26,-9,1
-11,-36,1
30,17,1
-31,6,1
-22,-27,1
45,21,1
-22,-15,1
26,16,1
-26,-24,1
33,29,1
-31,27,1
-3,-47,1
-18,-19,1
-34,-24,1
39,-14,1
4,-35,1
-2,-37,1
-27,36,1
26,35,1
-19,-36,1
-23,-13,1
5,47,1
-10,-47,1
-28,-21,1
40,-26,1
-25,-41,1
3,-28,1
36,26,1
17,-41,1
-32,7,1
-7,45,1
-46,-7,1
-8,36,1
-30,-20,1
-34,-26,1
27,33,1
-39,29,1
11,45,1
13,30,1
42,-20,1
-28,-2,1
-25,-25,1
35,24,1
-31,-36,1
-29,5,1
43,15,1
-24,-25,1
26,-26,1
-37,21,1
32,0,1
-20,-24,1
-30,-37,1
39,6,1
-2,34,1
-7,32,1
-48,3,1
-25,17,1
-16,-42,1
16,-26,1
29,38,1
22,-33,1
29,-28,1
-13,28,1
-7,27,1
-29,-11,1
-21,27,1
-31,10,1
-32,-24,1
-2,28,1
30,40,1
38,9,1
34,-2,1
-247,148,0
260,94,0
-135,-262,0
155,-244,0
-33,-296,0
39,-294,0
245,142,0
-275,-85,0
-173,240,0
124,-269,0
146,-245,0
178,226,0
265,-118,0
286,88,0
-117,-266,0
-24,-291,0
182,208,0
251,151,0
271,-102,0
15,-283,0
155,-245,0
262,113,0
5,275,0
-281,-95,0
-282,75,0
288,10,0
-172,231,0
203,-201,0
170,217,0
288,-64,0
256,-141,0
280,8,0
277,96,0
-202,188,0
91,-272,0
151,-259,0
-142,-261,0
245,-154,0
28,278,0
-230,174,0
-278,-96,0
146,-247,0
71,-290,0
-268,-117,0
36,-297,0
-10,282,0
193,-209,0
-266,-130,0
248,160,0
132,-258,0
75,-276,0
265,136,0
-189,-207,0
-279,-47,0
280,-4,0
153,-252,0
-250,-152,0
46,282,0
-93,273,0
209,-215,0
285,-38,0
-210,207,0
-270,102,0
-97,268,0
-250,-164,0
214,-183,0
-229,-161,0
-261,-126,0
63,-270,0
292,-3,0
45,-295,0
-126,-254,0
225,190,0
256,-113,0
-84,-287,0
84,287,0
273,-43,0
-31,289,0
-257,-114,0
36,296,0
141,262,0
-146,-239,0
-256,133,0
-56,275,0
-91,273,0
16,295,0
288,-53,0
297,12,0
171,-218,0
255,115,0
265,111,0
210,183,0
11,-284,0
295,-16,0
217,-177,0
-211,179,0
266,130,0
181,-220,0
273,-76,0
-184,-220,0
-283,98,0
243,147,0
-274,54,0
275,-74,0
96,-273,0
163,246,0
-5,-283,0
283,5,0
179,-214,0
273,-51,0
205,-206,0
260,142,0
185,-211,0
-297,-42,0
-190,-220,0
250,158,0
-82,-279,0
-61,-270,0
194,-202,0
293,28,0
-293,32,0
239,-180,0
119,-262,0
-147,237,0
-21,-295,0
-297,-27,0
-248,142,0
268,98,0
-280,43,0
-260,124,0
-274,-41,0
268,104,0
289,36,0
-294,-35,0
135,-265,0
-146,-262,0
127,-260,0
-124,265,0
-199,-224,0
90,-273,0
250,128,0
117,274,0
214,182,0
-154,251,0
-93,-282,0
244,-148,0
-256,136,0
50,273,0
288,36,0
168,-223,0
275,75,0
-111,274,0
-157,254,0
-273,-107,0
-243,164,0
-145,-260,0
-81,-280,0
-11,-292,0
-221,-197,0
-115,253,0
140,-247,0
-136,259,0
257,-133,0
-120,-257,0
-275,-49,0
208,-187,0
-275,112,0
-182,223,0
242,-139,0
288,-83,0
172,-223,0
263,98,0
9,-289,0
-273,-84,0
-283,-65,0
152,-253,0
251,126,0
239,157,0
276,-14,0
281,-3,0
271,116,0
-155,-237,0
284,67,0
-287,25,0
-267,-104,0
-51,-285,0
-284,-57,0
94,267,0
181,-234,0
280,-44,0
-202,-200,0
-245,126,0
-14,-283,0
138,-256,0
198,224,0
-280,69,0
276,-69,0
277,-110,0
-82,280,0
-127,254,0
232,-164,0
290,19,0
-215,-189,0
-143,-247,0
193,-219,0
-194,222,0
-261,135,0
-236,-177,0
-118,262,0
16,283,0
280,33,0
125,-249,0
215,196,0
-285,16,0
262,-126,0
128,-256,0
-119,260,0
128,-253,0
63,288,0
180,220,0
293,6,0
-220,-174,0
287,-84,0
-99,-278,0
269,82,0
200,-207,0
-258,100,0
269,-104,0
141,251,0
89,278,0
274,63,0
-169,230,0
109,-277,0
-230,157,0
142,254,0
-49,-293,0
102,262,0
117,-251,0
293,1,0
256,156,0
-294,-43,0
271,119,0
-226,-171,0
11,277,0
149,238,0
93,-259,0
-279,-54,0
-222,198,0
-185,205,0
220,-177,0
-76,-270,0
220,197,0
-281,-63,0
-288,-29,0
188,221,0
234,157,0
-7,290,0
-263,114,0
-35,292,0
-108,-257,0
-105,259,0
215,-172,0
258,123,0
-140,-261,0
-268,-95,0
212,-187,0
275,-59,0
-202,209,0
-96,274,0
-218,-203,0
-199,215,0
-15,290,0
-235,185,0
-98,-263,0
-262,-100,0
278,-70,0
-153,-232,0
-285,4,0
212,-198,0
155,-255,0
226,-179,0
-6,287,0
-270,-85,0
271,73,0
61,-273,0
220,200,0
-279,20,0
-215,189,0
275,-8,0
5,282,0
-221,173,0
127,256,0
-178,214,0
252,-154,0
-255,120,0
257,-142,0
237,-147,0
-124,-255,0
124,256,0
208,-208,0
147,240,0
-252,-155,0
0,-283,0
-146,-242,0
59,-294,0
272,-109,0
202,-206,0
133,249,0
-264,-139,0
252,142,0
-106,267,0
-143,-243,0
7,-282,0
-214,-201,0
-225,165,0
-264,114,0
-278,2,0
269,103,0
-123,-254,0
111,-252,0
135,-241,0
111,276,0
-290,-72,0
-241,-160,0
-279,-42,0
-270,-54,0
265,-104,0
-271,-66,0
289,-70,0
164,227,0
-278,-91,0
-293,57,0
99,-281,0
54,275,0
-15,275,0
-117,-262,0
-203,218,0
113,261,0
276,-32,0
283,-65,0
267,95,0
-18,290,0
38,294,0
-74,-281,0
-281,84,0
-127,-262,0
234,-175,0
-138,-252,0
118,253,0
87,-273,0
173,218,0
269,60,0
127,249,0
279,102,0
9,-281,0
-37,290,0
-39,-275,0
185,-223,0
-235,161,0
207,183,0
-83,-267,0
-282,23,0
227,157,0
-227,-178,0
-277,107,0
-191,-213,0
-69,273,0
290,-17,0
242,-132,0
-190,-205,0
-270,78,0
240,141,0
-221,178,0
-190,-212,0
259,-94,0
25,-297,0
154,-229,0
-90,-268,0
-262,96,0
146,236,0
277,78,0
-251,-150,0
114,255,0
-254,-139,0
24,-275,0
59,-279,0
276,110,0
-216,190,0
132,268,0
-274,-57,0
71,-267,0
225,-175,0
-269,81,0
57,-284,0
238,-142,0
196,200,0
-40,-281,0
-40,-290,0
-291,-16,0
-285,1,0
4,276,0
166,-243,0
-143,262,0
-13,-285,0
253,154,0
194,210,0
297,-37,0
-242,-154,0
-174,-242,0
105,256,0
60,288,0
-113,272,0
147,-257,0
270,-119,0
-247,168,0
-239,143,0
-278,38,0
125,268,0
145,244,0
224,195,0
-162,223,0
278,-11,0
141,-243,0
-279,35,0
-193,220,0
198,-205,0
-134,-267,0
265,89,0
288,74,0
-76,-287,0
228,-165,0
-180,223,0
-284,94,0
287,36,0
-165,-240,0
242,146,0
291,-33,0
-73,268,0
-149,-249,0
-134,-262,0
269,-70,0
-177,233,0
202,-187,0
191,226,0
12,-281,0
207,-186,0
60,293,0
187,204,0
181,-216,0
113,-252,0
290,-72,0
204,-200,0
-86,-280,0
-293,-56,0
165,-221,0
217,170,0
-82,287,0
160,-248,0
-254,-119,0
-280,-85,0
-182,230,0
206,-186,0
-82,285,0
-105,269,0
118,-260,0
154,230,0
277,13,0
276,10,0
211,202,0
14,298,0
-174,-243,0
-187,-224,0
104,258,0
36,-296,0
-138,-259,0
-283,-50,0
284,58,0
281,79,0
254,-118,0
-263,-127,0
112,-254,0
-250,-152,0
268,-102,0
-170,-231,0
-33,279,0
-82,276,0
-64,288,0
278,92,0
191,-221,0
248,-160,0
-18,292,0
228,-159,0
-71,-289,0
231,183,0
135,258,0
38,293,0
-273,-79,0
-223,-184,0
260,133,0
212,195,0
