15,9,0
43,35,0
41,38,0
26,42,0
45,24,0
21,22,0
44,28,0
11,29,0
12,26,0
17,46,0
29,23,0
48,27,0
44,33,0
29,32,0
33,46,0
25,44,0
21,34,0
17,10,0
10,23,0
31,40,0
25,47,0
33,19,0
26,33,0
18,27,0
34,47,0
31,29,0
20,37,0
18,1,0
34,48,0
32,31,0
23,19,0
27,16,0
13,32,0
45,39,0
21,38,0
5,40,0
22,13,0
47,32,0
33,6,0
23,41,0
28,4,0
19,21,0
33,37,0
19,20,0
4,23,0
26,16,0
21,22,0
43,42,0
28,23,0
11,45,0
19,24,0
15,12,0
10,8,0
24,1,0
38,32,0
20,46,0
28,25,0
10,27,0
31,40,0
36,44,0
32,22,0
7,38,0
47,18,0
4,28,0
44,19,0
11,34,0
37,29,0
29,6,0
47,16,0
40,37,0
37,46,0
37,37,0
44,28,0
11,19,0
38,46,0
27,5,0
45,17,0
16,22,0
35,17,0
31,16,0
23,43,0
6,22,0
32,22,0
8,12,0
20,48,0
26,7,0
4,20,0
41,26,0
7,23,0
20,16,0
1,32,0
40,16,0
13,45,0
15,24,0
31,25,0
8,14,0
15,4,0
41,24,0
32,10,0
27,12,0
13,42,0
14,28,0
31,35,0
14,9,0
48,32,0
45,39,0
28,9,0
36,9,0
12,39,0
10,23,0
2,34,0
31,27,0
23,45,0
38,42,0
24,10,0
10,36,0
46,20,0
16,26,0
10,27,0
35,9,0
38,9,0
2,26,0
26,48,0
31,26,0
3,29,0
26,41,0
29,15,0
45,24,0
9,34,0
33,19,0
45,32,0
32,40,0
44,10,0
38,14,0
42,28,0
10,33,0
27,47,0
29,16,0
43,21,0
33,23,0
24,30,0
41,37,0
25,8,0
7,20,0
41,42,0
46,12,0
20,46,0
19,43,0
45,28,0
17,23,0
31,47,0
49,24,0
28,32,0
22,47,0
2,26,0
26,16,0
40,6,0
11,12,0
20,8,0
44,26,0
10,39,0
44,35,0
28,44,0
35,27,0
30,2,0
22,32,0
19,18,0
48,19,0
45,24,0
12,31,0
30,47,0
2,19,0
25,41,0
48,28,0
29,27,0
7,15,0
2,24,0
40,31,0
21,39,0
42,21,0
35,45,0
4,30,0
31,2,0
39,26,0
22,21,0
36,30,0
46,22,0
11,43,0
28,27,0
43,25,0
19,2,0
36,46,0
16,12,0
26,1,0
18,15,0
10,22,0
46,27,0
26,37,0
21,21,0
40,24,0
8,36,0
17,16,0
16,36,0
27,11,0
11,8,0
18,13,0
9,26,0
28,49,0
19,46,0
21,26,0
23,34,0
46,24,0
13,14,0
39,24,0
12,36,0
21,36,0
19,32,0
30,18,0
4,30,0
2,34,0
25,43,0
18,19,0
34,21,0
48,17,0
4,17,0
15,11,0
32,8,0
26,48,0
22,8,0
42,27,0
6,23,0
18,29,0
38,37,0
3,28,0
34,15,0
42,38,0
32,45,0
37,7,0
19,45,0
25,28,0
31,40,0
37,38,0
35,12,0
11,12,0
5,21,0
33,33,0
25,46,0
22,13,0
36,16,0
26,17,0
29,24,0
44,10,0
29,2,0
12,38,0
28,13,0
11,24,0
43,22,0
6,29,0
22,28,0
40,40,0
36,10,0
35,7,0
22,1,0
37,30,0
45,25,0
31,12,0
31,25,0
34,34,0
28,22,0
41,26,0
23,23,0
24,38,0
48,30,0
49,26,0
10,10,0
25,49,0
36,30,0
37,31,0
29,5,0
20,12,0
26,7,0
25,7,0
37,27,0
38,31,0
21,48,0
9,25,0
5,24,0
36,45,0
43,42,0
18,9,0
49,23,0
20,18,0
25,8,0
29,33,0
7,34,0
21,3,0
9,17,0
28,26,0
31,2,0
23,28,0
12,32,0
18,45,0
5,32,0
11,44,0
19,27,0
37,34,0
35,27,0
36,23,0
44,41,0
21,12,0
28,15,0
4,37,0
27,1,0
21,38,0
31,22,0
21,16,0
31,11,0
25,25,0
46,24,0
23,8,0
49,27,0
34,36,0
40,23,0
23,17,0
26,48,0
46,22,0
35,31,0
49,18,0
38,15,0
23,8,0
2,31,0
17,25,0
21,20,0
42,40,0
20,6,0
37,12,0
16,21,0
11,39,0
44,31,0
20,7,0
49,22,0
14,33,0
12,10,0
41,22,0
12,46,0
24,37,0
21,31,0
33,38,0
17,39,0
2,16,0
34,15,0
22,44,0
6,9,0
5,28,0
24,37,0
22,12,0
10,43,0
38,6,0
7,39,0
14,33,0
38,32,0
32,21,0
6,9,0
28,22,0
41,8,0
35,29,0
32,32,0
4,20,0
30,2,0
14,10,0
22,22,0
15,7,0
30,31,0
43,13,0
2,24,0
23,15,0
38,26,0
43,26,0
25,13,0
31,46,0
27,21,0
40,19,0
23,34,0
29,26,0
38,24,0
41,27,0
7,26,0
14,14,0
23,16,0
21,32,0
42,32,0
33,22,0
5,38,0
30,2,0
11,8,0
33,22,0
13,6,0
45,27,0
22,2,0
9,24,0
324,42,1
317,42,1
313,25,1
328,25,1
323,36,1
315,23,1
319,33,1
331,10,1
339,25,1
307,42,1
317,16,1
329,18,1
329,40,1
315,29,1
329,9,1
294,34,1
298,35,1
315,46,1
332,8,1
294,34,1
299,32,1
315,33,1
297,40,1
325,42,1
325,37,1
311,47,1
310,30,1
315,1,1
334,26,1
298,36,1
322,32,1
332,16,1
312,35,1
302,14,1
335,14,1
304,29,1
305,3,1
326,13,1
306,37,1
304,20,1
323,26,1
318,40,1
322,34,1
332,10,1
309,23,1
294,37,1
333,37,1
307,22,1
325,25,1
309,19,1
313,1,1
316,43,1
299,33,1
311,25,1
333,36,1
307,21,1
291,20,1
333,32,1
297,39,1
312,39,1
295,39,1
298,10,1
331,15,1
317,44,1
310,38,1
321,29,1
302,21,1
305,18,1
321,17,1
317,28,1
306,11,1
292,20,1
309,17,1
319,34,1
314,23,1
316,25,1
301,7,1
320,28,1
296,28,1
324,35,1
319,7,1
312,27,1
314,37,1
297,32,1
307,8,1
333,20,1
323,24,1
319,33,1
326,20,1
312,33,1
327,34,1
339,29,1
315,23,1
332,39,1
296,21,1
309,39,1
303,5,1
322,4,1
335,37,1
315,13,1
330,44,1
300,43,1
325,10,1
327,24,1
333,29,1
311,39,1
317,3,1
314,12,1
293,24,1
311,45,1
316,47,1
320,49,1
301,24,1
299,39,1
324,33,1
314,43,1
310,25,1
295,18,1
320,29,1
296,26,1
293,17,1
327,16,1
296,35,1
336,24,1
296,32,1
336,33,1
327,31,1
322,35,1
324,31,1
307,41,1
329,37,1
321,10,1
311,42,1
333,34,1
303,20,1
319,1,1
296,38,1
338,17,1
336,22,1
333,20,1
308,40,1
294,36,1
310,28,1
297,10,1
303,21,1
310,24,1
302,38,1
300,10,1
338,20,1
325,40,1
333,29,1
298,12,1
314,42,1
331,9,1
320,12,1
330,28,1
307,44,1
318,30,1
317,27,1
316,42,1
320,34,1
296,30,1
322,41,1
299,6,1
310,26,1
320,23,1
297,22,1
335,33,1
294,12,1
309,43,1
321,1,1
308,27,1
333,18,1
318,23,1
331,9,1
319,33,1
324,29,1
319,47,1
292,30,1
336,33,1
314,24,1
327,42,1
331,25,1
328,26,1
321,39,1
313,2,1
311,9,1
324,13,1
329,28,1
332,36,1
334,39,1
335,23,1
334,23,1
329,19,1
304,40,1
325,18,1
294,27,1
309,46,1
317,36,1
327,24,1
318,3,1
317,15,1
337,25,1
316,2,1
327,20,1
294,35,1
308,17,1
317,7,1
308,21,1
302,23,1
316,19,1
295,11,1
303,37,1
303,44,1
322,7,1
322,16,1
328,15,1
321,9,1
306,44,1
292,18,1
315,12,1
337,19,1
311,9,1
306,39,1
323,8,1
329,29,1
298,16,1
331,37,1
308,43,1
331,27,1
332,35,1
321,39,1
307,46,1
308,5,1
337,23,1
328,37,1
337,26,1
304,17,1
313,39,1
311,21,1
294,38,1
334,26,1
292,30,1
307,21,1
315,11,1
315,19,1
337,29,1
294,37,1
305,16,1
299,16,1
323,9,1
321,18,1
312,23,1
315,31,1
334,14,1
317,37,1
313,7,1
314,37,1
303,19,1
297,40,1
334,30,1
324,39,1
318,17,1
336,35,1
305,46,1
301,10,1
327,11,1
302,43,1
305,3,1
315,13,1
319,37,1
307,45,1
324,18,1
307,47,1
327,44,1
317,7,1
315,5,1
321,47,1
324,11,1
300,34,1
292,23,1
317,1,1
329,22,1
306,21,1
323,11,1
310,2,1
333,30,1
294,13,1
303,33,1
315,27,1
321,44,1
325,38,1
309,2,1
325,46,1
321,36,1
310,42,1
328,37,1
332,42,1
313,13,1
329,31,1
320,15,1
334,36,1
332,41,1
321,2,1
310,38,1
311,27,1
337,17,1
332,24,1
332,39,1
293,17,1
312,45,1
310,14,1
312,27,1
328,31,1
328,19,1
296,40,1
308,46,1
310,49,1
309,9,1
308,2,1
312,26,1
333,18,1
332,10,1
306,43,1
305,8,1
311,18,1
327,8,1
315,12,1
323,36,1
303,9,1
321,42,1
330,28,1
336,20,1
303,30,1
328,5,1
318,36,1
306,7,1
326,7,1
308,17,1
299,16,1
304,8,1
329,14,1
309,17,1
336,33,1
329,6,1
320,40,1
328,6,1
332,21,1
323,41,1
323,13,1
324,32,1
303,24,1
328,15,1
334,14,1
309,22,1
301,34,1
311,4,1
302,16,1
333,29,1
293,28,1
334,12,1
328,40,1
323,14,1
312,19,1
317,42,1
318,23,1
334,11,1
316,33,1
321,45,1
322,24,1
322,38,1
309,31,1
321,9,1
306,20,1
320,32,1
323,43,1
329,28,1
313,20,1
311,46,1
336,31,1
320,37,1
309,8,1
315,8,1
339,24,1
301,31,1
313,18,1
334,30,1
294,15,1
327,22,1
305,37,1
295,27,1
337,22,1
310,32,1
301,37,1
314,48,1
298,11,1
312,11,1
339,27,1
319,1,1
303,27,1
304,35,1
296,41,1
324,48,1
312,3,1
321,48,1
334,23,1
317,1,1
318,1,1
319,6,1
305,3,1
313,47,1
314,43,1
313,36,1
331,33,1
330,5,1
304,31,1
323,44,1
322,24,1
301,16,1
300,20,1
306,38,1
313,35,1
300,36,1
299,40,1
292,21,1
322,47,1
300,35,1
323,18,1
321,47,1
324,20,1
304,10,1
324,25,1
302,42,1
314,38,1
325,47,1
295,19,1
324,12,1
301,26,1
324,2,1
319,19,1
302,19,1
337,26,1
296,35,1
312,27,1
302,6,1
325,43,1
291,21,1
301,29,1
333,16,1
311,35,1
306,43,1
329,26,1
312,9,1
332,21,1
300,11,1
315,31,1
310,49,1
316,17,1
303,8,1
329,42,1
298,36,1
316,14,1
297,39,1
328,20,1
336,37,1
323,2,1
299,22,1
303,46,1
305,17,1
324,28,1
307,27,1
304,42,1
306,9,1
299,42,1
325,3,1
328,36,1
319,44,1
339,19,1
310,16,1
303,22,1
329,20,1
325,41,1
298,43,1
311,32,1
325,21,1
328,41,1
337,23,1
310,19,1
309,4,1
325,39,1
317,9,1
313,43,1
296,36,1
327,34,1
313,27,1
321,20,1
333,36,1
315,34,1
325,34,1
314,30,1
303,38,1
322,27,1
329,36,1
325,39,1
292,23,1
316,8,1
316,27,1
298,7,1
317,4,1
317,1,1
327,41,1
309,23,1
292,23,1
324,6,1
297,24,1
296,37,1
314,3,1
292,29,1
315,43,1
330,5,1
337,23,1
293,26,1
302,9,1
305,40,1
325,47,1
297,24,1
336,17,1
333,42,1
308,46,1
324,10,1
337,16,1
319,4,1
301,7,1
328,6,1
327,28,1
309,29,1
311,25,1
300,12,1
321,31,1
309,32,1
295,30,1
332,35,1
334,41,1
324,22,1
335,27,1
301,17,1
307,10,1
326,12,1
295,39,1
331,6,1
316,27,1
332,16,1
304,44,1
313,32,1
330,39,1
305,29,1
304,17,1
315,29,1
339,23,1
310,32,1
315,8,1
311,48,1
306,27,1
294,12,1
323,26,1
320,22,1
318,35,1
305,35,1
314,8,1
330,25,1
319,40,1
334,20,1
308,45,1
298,13,1
327,38,1
320,33,1
302,15,1
320,46,1
325,46,1
304,34,1
308,41,1
297,11,1
321,31,1
331,28,1
307,39,1
301,44,1
313,6,1
307,48,1
312,38,1
300,42,1
325,6,1
320,1,1
307,13,1
302,18,1
302,27,1
296,41,1
325,35,1
320,20,1
301,8,1
303,45,1
