29,20,0
18,22,0
34,35,0
42,31,0
23,5,0
13,10,0
14,25,0
8,22,0
30,47,0
15,21,0
29,29,0
22,5,0
27,16,0
24,21,0
46,36,0
41,15,0
6,38,0
18,14,0
27,3,0
18,12,0
21,42,0
48,18,0
25,17,0
36,5,0
46,25,0
29,14,0
23,11,0
5,28,0
37,30,0
13,22,0
36,26,0
40,31,0
14,20,0
9,9,0
18,23,0
31,3,0
9,22,0
32,24,0
33,22,0
32,12,0
25,3,0
34,40,0
46,17,0
39,23,0
31,27,0
29,31,0
48,26,0
11,25,0
27,36,0
5,30,0
22,16,0
18,15,0
35,46,0
29,47,0
5,16,0
16,35,0
25,29,0
40,29,0
8,15,0
24,44,0
5,24,0
12,10,0
18,46,0
12,42,0
36,9,0
12,6,0
41,33,0
41,39,0
42,15,0
40,33,0
5,28,0
34,13,0
10,16,0
30,7,0
19,11,0
8,21,0
20,2,0
33,2,0
43,21,0
39,25,0
11,20,0
20,21,0
15,23,0
31,44,0
14,11,0
33,27,0
19,26,0
22,42,0
20,21,0
1,19,0
26,41,0
9,29,0
17,17,0
20,38,0
23,39,0
11,41,0
46,26,0
42,23,0
23,3,0
43,14,0
12,16,0
15,38,0
44,10,0
40,11,0
39,30,0
38,8,0
33,27,0
28,29,0
29,40,0
45,13,0
39,35,0
9,27,0
34,31,0
29,5,0
31,38,0
13,11,0
44,33,0
17,18,0
17,37,0
36,32,0
12,4,0
2,20,0
28,25,0
21,14,0
29,9,0
21,32,0
1,25,0
21,4,0
20,44,0
26,2,0
19,2,0
37,6,0
3,26,0
22,11,0
13,35,0
14,25,0
26,34,0
11,18,0
13,39,0
4,14,0
30,33,0
18,9,0
41,22,0
25,5,0
7,28,0
12,26,0
2,23,0
11,23,0
31,31,0
15,12,0
12,46,0
35,40,0
36,21,0
15,16,0
24,1,0
32,20,0
19,39,0
12,13,0
8,9,0
21,31,0
41,39,0
26,9,0
30,18,0
33,37,0
10,20,0
21,25,0
14,12,0
33,29,0
27,46,0
13,16,0
38,40,0
38,27,0
15,21,0
33,17,0
4,21,0
15,24,0
43,12,0
42,24,0
6,9,0
11,44,0
20,47,0
33,36,0
37,31,0
43,13,0
46,25,0
43,10,0
44,26,0
12,40,0
26,49,0
36,6,0
34,26,0
49,19,0
29,45,0
6,36,0
5,24,0
20,18,0
8,27,0
29,12,0
43,21,0
24,36,0
39,17,0
45,20,0
7,34,0
9,41,0
40,13,0
34,41,0
5,13,0
34,7,0
45,37,0
21,5,0
26,29,0
46,34,0
17,16,0
27,12,0
18,2,0
33,21,0
32,12,0
42,36,0
28,29,0
9,29,0
17,6,0
29,3,0
34,13,0
1,31,0
30,22,0
25,31,0
18,29,0
40,45,0
26,36,0
37,6,0
7,10,0
43,31,0
21,5,0
40,39,0
28,43,0
29,8,0
23,43,0
31,47,0
29,20,0
30,8,0
15,20,0
29,24,0
42,31,0
18,21,0
8,38,0
25,35,0
35,19,0
41,44,0
13,9,0
39,17,0
22,39,0
14,7,0
18,18,0
40,8,0
41,31,0
9,10,0
36,23,0
29,43,0
13,35,0
37,23,0
1,27,0
6,19,0
40,40,0
4,28,0
29,36,0
3,35,0
26,48,0
20,11,0
27,35,0
16,27,0
31,31,0
40,11,0
39,39,0
43,18,0
18,8,0
30,30,0
11,30,0
13,18,0
14,18,0
24,21,0
14,4,0
13,42,0
32,46,0
28,30,0
10,18,0
37,28,0
41,6,0
48,23,0
16,7,0
38,30,0
30,8,0
25,20,0
29,23,0
31,2,0
16,26,0
25,24,0
32,25,0
29,7,0
20,17,0
31,3,0
10,17,0
4,19,0
27,9,0
14,21,0
17,14,0
29,12,0
14,17,0
28,47,0
21,6,0
43,38,0
20,43,0
42,18,0
12,13,0
22,18,0
15,20,0
8,25,0
25,49,0
24,22,0
2,23,0
39,45,0
19,11,0
33,44,0
19,29,0
2,20,0
25,48,0
49,22,0
45,28,0
25,43,0
28,8,0
35,3,0
26,26,0
16,46,0
28,20,0
18,23,0
2,19,0
40,25,0
9,31,0
12,10,0
14,11,0
30,49,0
48,17,0
14,37,0
48,18,0
35,5,0
29,46,0
24,27,0
22,39,0
33,34,0
42,9,0
37,39,0
43,42,0
40,38,0
18,40,0
35,33,0
47,36,0
25,8,0
9,7,0
47,27,0
30,36,0
17,14,0
9,33,0
43,16,0
15,41,0
17,35,0
15,22,0
39,40,0
46,31,0
31,34,0
13,6,0
14,12,0
17,38,0
8,7,0
5,40,0
7,36,0
26,6,0
34,7,0
20,9,0
29,14,0
32,39,0
42,40,0
9,13,0
25,7,0
15,16,0
16,35,0
5,37,0
18,45,0
37,6,0
22,21,0
16,37,0
3,30,0
26,29,0
9,42,0
2,24,0
27,11,0
17,3,0
6,19,0
27,6,0
25,13,0
14,31,0
12,14,0
337,14,1
323,38,1
299,37,1
307,10,1
330,35,1
320,16,1
302,30,1
308,30,1
294,29,1
300,22,1
309,7,1
304,36,1
295,19,1
307,14,1
325,38,1
293,36,1
324,8,1
306,9,1
330,8,1
311,29,1
310,16,1
328,9,1
332,41,1
319,40,1
332,36,1
299,33,1
295,21,1
332,17,1
329,42,1
330,41,1
324,16,1
307,43,1
333,26,1
321,24,1
301,11,1
311,36,1
295,38,1
335,30,1
314,32,1
308,42,1
314,9,1
297,39,1
313,18,1
295,36,1
323,41,1
316,2,1
304,6,1
315,15,1
318,14,1
311,28,1
302,30,1
319,23,1
326,19,1
322,18,1
315,40,1
315,37,1
297,37,1
327,33,1
329,42,1
318,12,1
326,27,1
329,39,1
334,23,1
295,23,1
296,39,1
319,26,1
311,36,1
313,7,1
308,13,1
301,39,1
331,25,1
315,20,1
312,16,1
329,26,1
320,40,1
327,44,1
327,39,1
324,46,1
323,36,1
321,9,1
336,20,1
334,34,1
300,41,1
318,42,1
324,34,1
323,18,1
302,30,1
294,20,1
316,2,1
317,34,1
321,46,1
328,27,1
336,27,1
299,36,1
291,27,1
326,21,1
310,38,1
305,18,1
334,12,1
310,1,1
320,9,1
321,35,1
294,19,1
301,35,1
309,29,1
306,10,1
323,26,1
328,20,1
330,16,1
337,22,1
313,5,1
292,22,1
317,1,1
316,46,1
323,31,1
335,21,1
326,43,1
324,24,1
315,6,1
315,10,1
306,17,1
293,28,1
303,14,1
332,43,1
324,32,1
314,20,1
329,5,1
330,8,1
305,4,1
329,41,1
308,8,1
320,7,1
330,38,1
296,31,1
292,32,1
292,27,1
334,27,1
322,6,1
323,11,1
303,29,1
298,7,1
298,41,1
293,31,1
331,14,1
328,28,1
309,49,1
332,37,1
316,35,1
312,8,1
334,30,1
293,31,1
304,22,1
324,18,1
336,21,1
291,24,1
313,27,1
339,23,1
311,49,1
323,45,1
322,20,1
311,38,1
317,9,1
315,39,1
311,18,1
304,46,1
320,22,1
305,5,1
298,24,1
321,46,1
309,27,1
312,5,1
333,17,1
332,26,1
296,12,1
318,44,1
320,7,1
304,21,1
320,30,1
315,2,1
317,43,1
328,30,1
323,43,1
311,12,1
300,14,1
332,19,1
317,2,1
319,18,1
318,15,1
300,26,1
302,37,1
313,41,1
333,32,1
308,12,1
307,4,1
292,23,1
301,11,1
297,35,1
322,23,1
303,18,1
291,22,1
325,28,1
297,18,1
296,17,1
331,21,1
303,30,1
318,33,1
296,25,1
327,7,1
312,42,1
298,7,1
330,18,1
320,31,1
302,31,1
321,24,1
332,16,1
316,12,1
306,14,1
310,42,1
318,48,1
309,27,1
300,23,1
334,16,1
330,7,1
303,44,1
316,48,1
305,28,1
314,29,1
311,25,1
336,34,1
321,33,1
299,37,1
300,45,1
308,40,1
330,14,1
315,25,1
311,24,1
297,19,1
322,8,1
306,33,1
323,29,1
314,31,1
301,11,1
331,20,1
326,27,1
298,7,1
312,42,1
328,44,1
333,16,1
332,15,1
311,13,1
305,3,1
320,34,1
327,6,1
303,26,1
308,16,1
306,33,1
292,31,1
315,6,1
322,8,1
320,6,1
339,19,1
295,25,1
320,41,1
328,6,1
329,36,1
295,32,1
307,15,1
327,25,1
333,12,1
307,3,1
327,18,1
327,15,1
298,30,1
331,32,1
327,41,1
318,38,1
291,27,1
316,35,1
319,31,1
315,28,1
308,17,1
299,15,1
312,23,1
304,9,1
297,12,1
317,39,1
311,44,1
316,45,1
308,48,1
311,44,1
310,3,1
304,8,1
296,30,1
319,7,1
304,7,1
299,28,1
328,31,1
324,30,1
324,37,1
331,20,1
315,20,1
294,21,1
336,25,1
325,20,1
315,22,1
328,33,1
311,39,1
305,4,1
297,32,1
318,48,1
299,23,1
334,16,1
330,20,1
306,11,1
308,23,1
309,32,1
329,5,1
305,5,1
309,21,1
299,19,1
330,14,1
308,11,1
304,19,1
305,47,1
315,40,1
313,37,1
334,33,1
293,27,1
320,10,1
300,17,1
323,31,1
323,25,1
318,49,1
308,29,1
332,25,1
331,16,1
308,5,1
314,2,1
323,14,1
324,8,1
320,26,1
328,8,1
312,36,1
304,6,1
332,39,1
316,32,1
300,44,1
327,30,1
325,30,1
335,29,1
325,35,1
325,15,1
294,38,1
318,11,1
309,13,1
308,14,1
322,32,1
312,22,1
325,14,1
321,28,1
336,21,1
338,32,1
308,29,1
299,43,1
335,23,1
321,24,1
335,19,1
320,28,1
322,33,1
310,48,1
300,7,1
306,43,1
295,27,1
331,27,1
323,35,1
312,11,1
334,25,1
311,14,1
334,10,1
323,6,1
310,30,1
292,25,1
322,33,1
317,35,1
302,37,1
303,38,1
328,46,1
317,16,1
303,5,1
333,24,1
307,43,1
309,41,1
295,37,1
295,11,1
325,21,1
301,11,1
307,47,1
301,28,1
329,21,1
325,36,1
302,29,1
300,34,1
313,48,1
331,21,1
308,1,1
315,14,1
308,33,1
306,48,1
312,35,1
301,24,1
318,43,1
307,17,1
300,30,1
331,35,1
313,37,1
304,41,1
315,48,1
311,24,1
301,32,1
291,20,1
335,17,1
306,9,1
311,2,1
312,3,1
315,20,1
319,47,1
303,17,1
308,32,1
322,7,1
322,36,1
316,25,1
312,38,1
318,38,1
310,8,1
315,25,1
323,29,1
321,23,1
317,30,1
318,37,1
306,33,1
301,10,1
339,23,1
295,22,1
332,40,1
324,39,1
304,8,1
297,24,1
329,42,1
310,48,1
293,35,1
311,2,1
331,37,1
304,3,1
304,3,1
295,11,1
299,29,1
300,24,1
331,38,1
298,41,1
301,5,1
303,45,1
311,48,1
325,12,1
311,12,1
327,44,1
337,20,1
313,45,1
319,10,1
297,29,1
305,18,1
332,20,1
336,17,1
325,37,1
293,20,1
313,30,1
332,17,1
297,38,1
311,43,1
303,43,1
324,20,1
301,27,1
321,16,1
311,46,1
324,29,1
297,19,1
303,30,1
319,49,1
327,22,1
316,32,1
329,22,1
322,28,1
295,21,1
338,28,1
317,10,1
317,43,1
329,34,1
331,28,1
293,14,1
297,37,1
308,18,1
299,17,1
310,21,1
320,5,1
329,37,1
331,39,1
309,19,1
306,33,1
310,37,1
311,47,1
325,45,1
306,2,1
304,46,1
331,17,1
338,16,1
312,27,1
317,10,1
312,10,1
297,32,1
318,4,1
321,49,1
338,34,1
292,19,1
333,41,1
318,9,1
328,7,1
305,3,1
316,15,1
337,28,1
298,27,1
334,13,1
317,25,1
326,19,1
334,35,1
326,23,1
300,38,1
305,24,1
317,5,1
304,44,1
329,10,1
304,38,1
320,48,1
332,9,1
304,17,1
299,41,1
294,15,1
332,33,1
317,19,1
329,37,1
337,15,1
310,35,1
339,23,1
308,43,1
308,20,1
302,24,1
304,14,1
324,20,1
324,46,1
296,13,1
298,11,1
322,12,1
305,36,1
302,29,1
314,45,1
328,19,1
317,1,1
318,18,1
317,45,1
304,24,1
312,8,1
315,23,1
326,6,1
327,18,1
308,20,1
314,26,1
301,26,1
315,40,1
329,16,1
309,26,1
308,10,1
322,26,1
295,12,1
311,20,1
322,41,1
314,20,1
316,12,1
325,24,1
310,21,1
294,13,1
298,16,1
320,25,1
292,29,1
299,10,1
337,14,1
315,37,1
331,39,1
307,13,1
315,8,1
336,34,1
334,40,1
300,36,1
