27,37,0
35,10,0
14,24,0
9,33,0
33,35,0
24,11,0
26,30,0
13,5,0
16,24,0
27,12,0
37,31,0
17,28,0
34,16,0
10,15,0
45,32,0
37,38,0
9,12,0
18,6,0
46,37,0
33,48,0
4,14,0
13,37,0
30,46,0
41,8,0
6,26,0
1,21,0
30,24,0
26,15,0
20,25,0
8,39,0
21,18,0
22,6,0
23,31,0
8,28,0
44,12,0
20,4,0
19,11,0
31,37,0
31,12,0
13,6,0
1,31,0
33,11,0
9,10,0
33,2,0
25,15,0
2,30,0
17,20,0
36,30,0
45,15,0
21,45,0
8,32,0
7,31,0
32,13,0
12,26,0
18,49,0
49,20,0
12,36,0
8,37,0
29,1,0
29,36,0
38,6,0
27,3,0
36,40,0
46,19,0
9,15,0
33,29,0
10,15,0
42,22,0
6,22,0
12,37,0
49,31,0
1,24,0
46,35,0
38,36,0
18,19,0
45,24,0
32,3,0
41,31,0
35,18,0
17,24,0
33,40,0
30,24,0
32,31,0
16,30,0
23,13,0
21,48,0
15,24,0
35,32,0
30,14,0
32,14,0
38,18,0
24,32,0
20,45,0
37,44,0
49,21,0
31,1,0
15,47,0
39,32,0
13,7,0
42,41,0
47,35,0
47,24,0
32,31,0
16,8,0
25,0,0
40,41,0
14,6,0
3,14,0
27,16,0
49,26,0
44,40,0
15,9,0
15,34,0
26,44,0
7,15,0
23,4,0
48,33,0
11,9,0
11,25,0
4,23,0
27,42,0
36,4,0
13,40,0
41,11,0
39,33,0
2,18,0
22,3,0
41,36,0
11,11,0
10,24,0
16,29,0
24,45,0
35,27,0
40,42,0
37,45,0
11,29,0
19,32,0
31,34,0
49,30,0
47,23,0
10,10,0
18,12,0
2,28,0
42,7,0
31,5,0
38,36,0
9,32,0
23,1,0
21,41,0
31,37,0
35,39,0
10,14,0
10,31,0
9,35,0
38,43,0
9,18,0
41,7,0
30,7,0
8,28,0
48,19,0
17,32,0
42,11,0
39,16,0
32,43,0
45,38,0
10,37,0
32,24,0
28,4,0
24,1,0
16,14,0
19,13,0
27,46,0
6,24,0
5,31,0
15,32,0
31,42,0
43,9,0
29,1,0
27,36,0
26,40,0
15,4,0
26,23,0
17,47,0
41,14,0
33,29,0
36,21,0
14,6,0
36,15,0
21,6,0
20,46,0
15,6,0
19,33,0
38,40,0
25,12,0
35,18,0
30,39,0
40,36,0
10,21,0
20,33,0
35,38,0
19,7,0
50,25,0
7,33,0
43,36,0
38,36,0
11,26,0
27,44,0
8,32,0
9,8,0
21,35,0
35,10,0
49,19,0
20,39,0
23,2,0
12,8,0
17,16,0
46,17,0
10,21,0
33,4,0
19,43,0
40,21,0
26,4,0
39,11,0
10,39,0
3,20,0
23,38,0
33,30,0
48,29,0
28,9,0
30,14,0
23,5,0
26,1,0
36,10,0
31,34,0
36,22,0
36,21,0
5,13,0
39,22,0
25,19,0
36,11,0
33,30,0
10,38,0
33,10,0
3,31,0
39,32,0
21,17,0
16,40,0
12,10,0
9,42,0
21,3,0
15,31,0
7,25,0
20,47,0
24,17,0
31,10,0
26,3,0
20,28,0
25,3,0
40,40,0
30,30,0
38,15,0
3,19,0
29,49,0
19,8,0
14,34,0
10,10,0
31,31,0
33,19,0
45,40,0
13,33,0
38,34,0
24,22,0
32,1,0
36,27,0
2,31,0
5,23,0
39,12,0
3,15,0
32,13,0
46,25,0
43,12,0
4,25,0
35,35,0
31,6,0
16,18,0
14,39,0
28,30,0
16,27,0
28,27,0
33,18,0
5,20,0
13,36,0
6,33,0
40,29,0
33,11,0
10,13,0
29,5,0
40,15,0
40,22,0
28,40,0
44,27,0
28,4,0
10,42,0
32,48,0
33,7,0
13,24,0
35,33,0
5,39,0
23,16,0
26,26,0
18,7,0
33,38,0
33,40,0
20,19,0
30,12,0
21,27,0
24,5,0
19,22,0
19,31,0
31,38,0
30,21,0
20,49,0
29,49,0
15,44,0
32,18,0
21,7,0
23,18,0
22,28,0
44,35,0
11,40,0
20,19,0
28,1,0
18,25,0
16,47,0
12,5,0
19,13,0
35,29,0
42,27,0
30,40,0
31,6,0
26,21,0
24,45,0
44,19,0
34,18,0
32,1,0
27,20,0
30,30,0
18,42,0
12,26,0
39,24,0
13,16,0
34,33,0
34,2,0
2,17,0
17,37,0
5,38,0
20,4,0
7,42,0
38,24,0
24,19,0
8,43,0
25,17,0
28,42,0
42,30,0
38,23,0
37,4,0
24,27,0
38,38,0
19,12,0
29,24,0
15,42,0
36,4,0
21,33,0
21,35,0
13,6,0
31,47,0
30,30,0
27,44,0
41,24,0
45,10,0
28,25,0
1,32,0
34,25,0
8,15,0
11,20,0
2,20,0
3,14,0
24,39,0
48,29,0
34,13,0
25,50,0
30,21,0
30,35,0
18,37,0
9,19,0
31,4,0
15,41,0
42,17,0
44,36,0
10,28,0
263,6,1
255,47,1
278,19,1
275,29,1
278,19,1
265,4,1
246,29,1
261,11,1
279,37,1
275,10,1
273,28,1
282,11,1
257,29,1
255,34,1
246,39,1
252,34,1
260,41,1
268,2,1
253,15,1
244,15,1
274,21,1
279,16,1
283,12,1
269,32,1
255,19,1
248,21,1
249,41,1
272,22,1
244,18,1
277,7,1
274,18,1
252,10,1
271,3,1
273,20,1
261,9,1
263,22,1
262,23,1
256,8,1
251,21,1
248,7,1
263,33,1
246,12,1
283,9,1
246,24,1
270,8,1
276,20,1
288,33,1
268,24,1
254,37,1
280,16,1
274,31,1
262,45,1
289,21,1
270,28,1
264,2,1
265,6,1
272,26,1
251,29,1
242,24,1
255,43,1
282,18,1
274,43,1
267,40,1
249,40,1
259,37,1
251,20,1
285,13,1
251,43,1
251,36,1
249,10,1
267,35,1
262,41,1
279,21,1
253,11,1
274,33,1
250,36,1
246,13,1
258,36,1
269,1,1
285,40,1
264,39,1
275,26,1
274,4,1
244,27,1
247,19,1
254,5,1
251,44,1
266,2,1
286,35,1
284,36,1
267,39,1
260,48,1
270,45,1
261,43,1
268,45,1
249,8,1
268,35,1
269,42,1
249,16,1
259,44,1
284,16,1
254,9,1
263,48,1
246,37,1
259,8,1
277,14,1
276,27,1
252,14,1
260,47,1
285,24,1
272,12,1
268,30,1
270,32,1
247,11,1
282,29,1
271,6,1
256,30,1
287,33,1
266,11,1
247,19,1
254,37,1
284,26,1
266,31,1
284,35,1
285,25,1
254,20,1
288,24,1
258,23,1
252,33,1
253,46,1
277,14,1
259,5,1
257,9,1
262,35,1
276,7,1
275,13,1
254,8,1
254,10,1
261,18,1
261,11,1
278,6,1
263,5,1
268,40,1
276,5,1
260,22,1
270,10,1
247,39,1
247,12,1
282,43,1
270,1,1
259,30,1
241,29,1
283,34,1
245,31,1
265,44,1
263,41,1
267,22,1
284,21,1
271,49,1
272,19,1
253,29,1
280,32,1
257,44,1
269,9,1
273,27,1
279,25,1
257,17,1
262,17,1
287,32,1
282,8,1
259,23,1
261,46,1
260,41,1
279,43,1
265,42,1
249,21,1
248,16,1
259,36,1
275,32,1
247,35,1
245,32,1
255,12,1
281,27,1
251,18,1
273,38,1
273,36,1
247,31,1
266,28,1
260,13,1
284,41,1
243,29,1
246,13,1
250,39,1
279,19,1
257,17,1
241,29,1
272,12,1
256,21,1
289,22,1
273,3,1
268,31,1
254,11,1
275,20,1
258,17,1
282,8,1
262,26,1
251,20,1
255,25,1
289,18,1
283,19,1
280,29,1
259,4,1
252,5,1
262,24,1
288,28,1
243,20,1
269,9,1
271,5,1
276,4,1
278,12,1
288,26,1
247,19,1
287,26,1
275,8,1
267,42,1
275,40,1
283,13,1
268,14,1
275,27,1
274,45,1
254,11,1
257,14,1
271,13,1
253,19,1
287,18,1
247,18,1
258,16,1
273,13,1
248,33,1
277,7,1
279,11,1
280,21,1
247,24,1
242,30,1
275,46,1
263,12,1
268,44,1
241,23,1
244,36,1
268,41,1
263,19,1
282,8,1
281,27,1
262,18,1
277,39,1
254,42,1
241,26,1
245,14,1
262,45,1
259,26,1
253,22,1
263,9,1
274,12,1
284,37,1
265,10,1
247,20,1
273,20,1
267,21,1
256,6,1
259,29,1
259,34,1
280,21,1
262,16,1
259,18,1
274,8,1
285,12,1
245,10,1
255,6,1
264,40,1
267,28,1
260,22,1
272,28,1
261,49,1
288,18,1
241,29,1
252,22,1
271,16,1
246,27,1
257,32,1
265,38,1
282,22,1
272,23,1
258,33,1
261,2,1
252,7,1
270,10,1
248,35,1
272,26,1
273,16,1
247,10,1
282,14,1
256,16,1
259,45,1
250,45,1
273,6,1
245,11,1
286,29,1
288,24,1
251,41,1
251,39,1
241,25,1
287,31,1
247,27,1
257,44,1
277,27,1
268,19,1
265,9,1
265,8,1
278,40,1
266,43,1
274,7,1
269,24,1
268,38,1
246,30,1
276,10,1
267,17,1
271,13,1
273,44,1
287,34,1
274,30,1
256,4,1
277,24,1
283,35,1
247,12,1
280,37,1
265,19,1
263,12,1
290,25,1
259,38,1
281,14,1
274,14,1
286,16,1
253,13,1
250,27,1
284,21,1
264,15,1
260,38,1
265,13,1
272,34,1
260,12,1
256,7,1
275,19,1
253,15,1
280,29,1
255,28,1
287,28,1
255,37,1
259,48,1
261,11,1
286,25,1
259,18,1
266,22,1
274,2,1
278,36,1
287,15,1
264,15,1
290,25,1
241,31,1
273,3,1
259,7,1
266,26,1
257,47,1
278,31,1
289,24,1
273,7,1
284,38,1
262,32,1
282,37,1
279,22,1
249,11,1
268,15,1
243,17,1
256,39,1
274,44,1
257,44,1
285,19,1
277,15,1
272,30,1
255,32,1
241,31,1
250,17,1
264,14,1
256,36,1
270,42,1
247,26,1
253,25,1
279,24,1
260,30,1
276,6,1
259,42,1
241,19,1
279,11,1
249,37,1
245,30,1
271,43,1
265,17,1
265,15,1
252,17,1
270,28,1
248,39,1
277,46,1
272,44,1
255,44,1
278,29,1
251,35,1
277,31,1
242,17,1
274,19,1
271,23,1
268,2,1
260,18,1
267,9,1
265,15,1
270,46,1
263,7,1
278,42,1
267,43,1
245,20,1
286,12,1
260,24,1
252,10,1
259,5,1
250,23,1
254,29,1
251,19,1
280,40,1
272,42,1
253,45,1
253,46,1
259,44,1
255,33,1
257,36,1
269,20,1
277,33,1
257,45,1
278,43,1
272,49,1
268,26,1
273,11,1
269,5,1
272,10,1
253,23,1
286,12,1
266,21,1
249,16,1
272,3,1
272,15,1
266,20,1
266,40,1
247,37,1
264,7,1
264,41,1
267,24,1
269,26,1
271,29,1
262,38,1
249,25,1
289,22,1
273,29,1
264,33,1
247,37,1
249,16,1
271,49,1
259,25,1
269,18,1
247,42,1
244,32,1
259,21,1
252,30,1
254,40,1
265,30,1
265,47,1
279,14,1
273,7,1
248,25,1
253,11,1
283,11,1
285,27,1
258,42,1
272,27,1
267,9,1
249,33,1
255,45,1
288,34,1
268,16,1
272,14,1
274,29,1
247,23,1
268,24,1
257,14,1
258,28,1
279,29,1
270,38,1
254,7,1
253,22,1
266,36,1
274,42,1
278,28,1
250,17,1
283,21,1
253,26,1
265,1,1
275,45,1
283,41,1
275,15,1
283,36,1
267,26,1
249,23,1
260,20,1
245,12,1
283,30,1
264,14,1
252,33,1
260,5,1
285,13,1
245,20,1
267,38,1
281,39,1
252,23,1
280,14,1
279,36,1
276,46,1
255,45,1
280,38,1
279,36,1
266,16,1
279,27,1
273,12,1
280,12,1
267,8,1
286,38,1
251,36,1
277,36,1
264,33,1
269,39,1
252,36,1
254,46,1
276,11,1
274,37,1
271,46,1
281,19,1
283,33,1
269,36,1
271,49,1
249,9,1
243,35,1
274,20,1
254,10,1
276,9,1
267,40,1
268,41,1
251,28,1
247,18,1
258,3,1
288,32,1
265,36,1
255,33,1
257,25,1
254,19,1
253,34,1
265,34,1
246,14,1
288,19,1
278,28,1
270,34,1
289,29,1
280,12,1
265,45,1
278,22,1
243,24,1
246,25,1
257,37,1
248,22,1
266,45,1
245,17,1
269,37,1
279,31,1
260,38,1
273,13,1
263,16,1
267,35,1
263,32,1
253,21,1
281,44,1
250,18,1
243,36,1
273,39,1
281,28,1
279,40,1
262,26,1
