13,19,0
8,22,0
18,37,0
33,4,0
29,39,0
19,10,0
23,39,0
3,28,0
5,32,0
31,26,0
7,25,0
25,28,0
46,23,0
20,37,0
7,11,0
41,22,0
39,8,0
24,40,0
27,31,0
16,34,0
37,41,0
49,26,0
28,27,0
31,25,0
34,37,0
9,39,0
11,45,0
17,40,0
17,33,0
17,23,0
19,46,0
40,28,0
34,30,0
25,7,0
35,5,0
14,24,0
45,24,0
11,37,0
9,38,0
44,13,0
24,12,0
5,20,0
13,35,0
48,22,0
20,29,0
39,36,0
16,46,0
16,6,0
37,4,0
19,48,0
7,17,0
10,41,0
13,18,0
13,5,0
24,23,0
44,34,0
28,20,0
29,22,0
21,39,0
19,13,0
24,7,0
25,30,0
43,19,0
32,6,0
15,45,0
34,44,0
11,21,0
35,18,0
27,33,0
50,25,0
27,14,0
28,1,0
27,14,0
17,9,0
27,1,0
33,33,0
12,15,0
10,28,0
49,32,0
5,27,0
37,7,0
10,9,0
20,20,0
34,5,0
13,37,0
12,30,0
31,23,0
7,17,0
5,19,0
41,34,0
9,10,0
23,42,0
21,19,0
38,27,0
17,46,0
15,43,0
5,11,0
10,35,0
43,36,0
42,21,0
6,27,0
30,7,0
34,12,0
25,31,0
40,12,0
22,45,0
32,24,0
45,24,0
12,30,0
25,31,0
14,47,0
22,20,0
11,31,0
14,19,0
1,26,0
34,40,0
6,39,0
49,18,0
42,25,0
28,25,0
26,12,0
45,10,0
47,26,0
29,2,0
8,30,0
27,12,0
24,12,0
8,13,0
31,13,0
30,33,0
15,46,0
25,34,0
46,38,0
20,43,0
37,33,0
6,32,0
26,28,0
33,44,0
42,32,0
42,38,0
32,10,0
40,12,0
38,10,0
32,10,0
34,15,0
7,38,0
43,34,0
25,17,0
22,11,0
2,18,0
24,9,0
14,16,0
1,27,0
27,31,0
25,25,0
3,16,0
44,13,0
20,40,0
18,40,0
41,18,0
31,39,0
32,44,0
39,15,0
26,38,0
8,40,0
17,35,0
21,49,0
29,16,0
20,45,0
17,8,0
11,9,0
18,43,0
10,38,0
29,48,0
41,28,0
45,13,0
35,8,0
10,11,0
10,42,0
14,16,0
31,15,0
9,8,0
21,20,0
26,26,0
10,38,0
37,39,0
18,21,0
43,9,0
41,34,0
21,3,0
27,37,0
11,43,0
36,43,0
17,25,0
2,27,0
7,11,0
43,15,0
39,11,0
46,23,0
38,10,0
46,32,0
27,2,0
21,7,0
37,25,0
42,15,0
27,29,0
14,36,0
19,14,0
8,34,0
18,36,0
16,6,0
41,20,0
14,46,0
24,13,0
11,28,0
41,27,0
14,27,0
9,35,0
8,16,0
32,38,0
35,6,0
15,20,0
2,24,0
4,27,0
49,23,0
15,28,0
4,22,0
41,8,0
8,40,0
15,34,0
45,13,0
10,12,0
31,49,0
32,21,0
10,9,0
31,23,0
21,30,0
25,8,0
8,25,0
4,36,0
31,20,0
47,26,0
39,6,0
45,15,0
10,12,0
26,45,0
31,7,0
15,3,0
34,7,0
21,46,0
30,17,0
9,10,0
24,38,0
30,31,0
7,42,0
47,34,0
9,16,0
33,5,0
17,38,0
19,5,0
12,44,0
20,30,0
23,43,0
8,22,0
41,34,0
32,8,0
26,41,0
31,24,0
10,45,0
44,24,0
38,46,0
41,17,0
12,28,0
46,25,0
14,36,0
10,28,0
25,34,0
15,31,0
2,17,0
6,20,0
32,8,0
42,30,0
7,28,0
22,9,0
35,35,0
9,44,0
40,34,0
21,20,0
25,39,0
39,23,0
35,39,0
40,20,0
18,44,0
15,41,0
29,15,0
38,24,0
31,30,0
46,30,0
6,9,0
20,1,0
15,10,0
39,19,0
35,13,0
43,16,0
37,21,0
26,34,0
38,22,0
23,40,0
13,41,0
8,42,0
7,23,0
11,37,0
25,31,0
29,45,0
7,24,0
32,21,0
48,31,0
14,46,0
27,31,0
36,22,0
48,26,0
8,8,0
28,44,0
39,19,0
41,10,0
18,31,0
22,37,0
20,18,0
40,43,0
34,40,0
13,37,0
28,5,0
31,24,0
32,41,0
18,43,0
19,25,0
35,38,0
23,26,0
21,9,0
16,14,0
4,36,0
24,9,0
29,43,0
11,29,0
24,1,0
44,30,0
9,30,0
27,48,0
14,47,0
36,10,0
15,6,0
10,21,0
8,8,0
17,10,0
12,28,0
12,43,0
44,20,0
7,15,0
36,6,0
9,31,0
47,29,0
46,37,0
18,43,0
14,9,0
21,3,0
32,12,0
45,24,0
14,23,0
26,26,0
46,28,0
32,42,0
12,6,0
34,24,0
41,9,0
27,6,0
9,18,0
38,45,0
41,8,0
10,19,0
27,45,0
14,35,0
10,25,0
16,5,0
13,20,0
16,9,0
34,4,0
31,39,0
3,15,0
22,35,0
21,24,0
16,18,0
18,20,0
11,24,0
38,4,0
42,15,0
18,8,0
36,12,0
26,20,0
15,38,0
32,18,0
252,29,1
266,44,1
249,17,1
259,9,1
245,19,1
259,39,1
269,20,1
252,27,1
246,10,1
266,32,1
267,38,1
249,39,1
262,32,1
245,30,1
263,49,1
245,11,1
255,27,1
257,24,1
245,40,1
251,20,1
252,17,1
267,33,1
261,46,1
251,22,1
272,30,1
262,3,1
271,33,1
263,6,1
261,8,1
268,38,1
275,21,1
257,21,1
245,11,1
262,17,1
272,43,1
282,11,1
285,31,1
284,38,1
269,17,1
277,24,1
246,13,1
262,2,1
281,18,1
274,21,1
278,42,1
272,47,1
261,34,1
271,36,1
283,35,1
257,16,1
262,1,1
266,26,1
262,10,1
289,22,1
259,11,1
273,6,1
247,15,1
278,45,1
255,30,1
249,24,1
255,18,1
240,25,1
258,6,1
242,20,1
244,35,1
280,20,1
263,46,1
250,22,1
266,43,1
264,40,1
253,13,1
285,19,1
257,4,1
247,15,1
265,9,1
279,39,1
276,40,1
277,18,1
259,37,1
248,37,1
266,37,1
275,42,1
264,27,1
245,15,1
273,33,1
283,29,1
283,41,1
283,36,1
260,16,1
269,4,1
257,45,1
268,23,1
258,26,1
251,33,1
252,22,1
278,34,1
257,26,1
259,35,1
280,16,1
268,31,1
272,10,1
248,30,1
284,29,1
278,29,1
241,23,1
266,31,1
266,36,1
281,34,1
255,14,1
244,26,1
248,13,1
273,31,1
274,30,1
243,20,1
263,7,1
251,31,1
270,33,1
272,49,1
289,18,1
276,9,1
279,21,1
287,33,1
274,39,1
250,19,1
286,28,1
262,3,1
282,8,1
272,28,1
251,19,1
260,46,1
287,28,1
258,31,1
284,13,1
262,25,1
255,30,1
261,26,1
263,20,1
257,28,1
263,5,1
260,39,1
253,21,1
273,29,1
260,20,1
281,31,1
261,25,1
286,35,1
274,19,1
257,7,1
280,39,1
250,30,1
272,33,1
254,5,1
274,10,1
270,36,1
253,40,1
249,44,1
264,6,1
288,33,1
268,21,1
281,38,1
251,16,1
249,26,1
279,21,1
251,12,1
251,39,1
275,9,1
250,21,1
261,6,1
246,14,1
250,27,1
254,38,1
246,41,1
257,39,1
266,46,1
265,29,1
259,10,1
263,24,1
251,36,1
278,7,1
279,23,1
259,14,1
280,36,1
244,25,1
262,4,1
263,34,1
271,3,1
271,45,1
275,44,1
261,14,1
257,40,1
275,32,1
246,32,1
243,16,1
280,23,1
276,36,1
261,40,1
287,31,1
256,13,1
283,12,1
273,16,1
275,6,1
271,17,1
268,47,1
279,11,1
269,11,1
248,34,1
289,18,1
243,23,1
265,1,1
255,31,1
264,49,1
278,38,1
279,29,1
255,10,1
285,30,1
263,22,1
278,30,1
251,10,1
255,19,1
282,18,1
283,33,1
253,26,1
271,12,1
265,0,1
270,40,1
270,7,1
272,5,1
244,38,1
249,37,1
247,27,1
258,19,1
243,22,1
274,21,1
266,11,1
246,29,1
280,15,1
286,26,1
277,23,1
249,29,1
262,8,1
270,15,1
275,40,1
281,40,1
250,34,1
255,16,1
245,27,1
266,35,1
249,36,1
257,16,1
265,28,1
268,10,1
245,18,1
250,24,1
268,25,1
267,26,1
246,19,1
260,34,1
279,32,1
251,39,1
280,39,1
255,33,1
277,17,1
254,22,1
258,1,1
284,30,1
264,41,1
263,26,1
284,9,1
270,23,1
251,16,1
248,15,1
261,20,1
281,38,1
263,9,1
287,34,1
265,45,1
286,24,1
254,21,1
272,8,1
267,31,1
273,42,1
265,33,1
274,16,1
258,10,1
272,35,1
265,40,1
256,3,1
264,6,1
285,29,1
269,9,1
278,8,1
277,28,1
280,21,1
265,34,1
254,46,1
269,27,1
273,35,1
271,32,1
268,40,1
259,7,1
257,16,1
270,36,1
268,6,1
249,26,1
263,38,1
250,36,1
249,35,1
260,37,1
243,29,1
270,14,1
246,9,1
255,44,1
268,21,1
277,10,1
242,17,1
246,15,1
280,22,1
254,44,1
265,37,1
243,22,1
251,35,1
276,19,1
258,21,1
282,19,1
259,16,1
249,21,1
257,31,1
253,38,1
263,39,1
265,16,1
261,6,1
260,35,1
285,25,1
261,6,1
283,20,1
278,22,1
256,33,1
243,23,1
245,33,1
251,6,1
255,20,1
252,29,1
256,21,1
241,28,1
275,11,1
259,4,1
278,13,1
247,12,1
250,6,1
275,45,1
283,26,1
275,41,1
261,22,1
252,5,1
272,11,1
263,13,1
248,13,1
278,13,1
242,24,1
282,38,1
260,29,1
264,15,1
272,10,1
252,37,1
260,37,1
264,48,1
265,32,1
256,47,1
280,45,1
264,28,1
286,21,1
257,27,1
289,23,1
243,20,1
249,9,1
268,43,1
256,30,1
286,16,1
273,18,1
274,2,1
279,16,1
272,12,1
264,41,1
272,27,1
273,17,1
277,20,1
253,4,1
269,16,1
255,35,1
285,18,1
272,5,1
273,7,1
279,22,1
250,41,1
252,5,1
264,24,1
269,16,1
268,46,1
241,20,1
253,8,1
271,9,1
263,4,1
273,24,1
244,32,1
276,4,1
270,28,1
262,45,1
265,11,1
273,33,1
266,15,1
256,39,1
273,32,1
269,22,1
282,38,1
280,39,1
249,16,1
272,32,1
279,20,1
269,16,1
261,43,1
272,25,1
259,31,1
272,41,1
245,28,1
281,21,1
246,19,1
262,49,1
252,19,1
270,10,1
264,36,1
260,22,1
246,12,1
245,24,1
275,35,1
277,33,1
279,20,1
280,9,1
246,24,1
272,13,1
289,29,1
266,39,1
275,7,1
251,37,1
253,8,1
264,2,1
274,29,1
284,34,1
244,12,1
266,18,1
246,9,1
269,34,1
243,28,1
260,40,1
261,19,1
257,22,1
250,21,1
268,5,1
244,14,1
259,4,1
286,16,1
269,43,1
251,32,1
268,3,1
249,33,1
246,38,1
243,14,1
277,44,1
269,30,1
248,34,1
268,34,1
260,17,1
276,35,1
277,7,1
265,36,1
257,21,1
285,38,1
262,28,1
249,35,1
277,7,1
244,15,1
272,22,1
281,8,1
254,34,1
256,36,1
270,46,1
249,40,1
264,34,1
266,45,1
269,21,1
262,7,1
268,25,1
259,40,1
243,29,1
279,28,1
277,38,1
262,7,1
261,3,1
243,16,1
265,37,1
263,14,1
280,28,1
261,33,1
269,9,1
286,22,1
244,16,1
280,10,1
282,14,1
283,31,1
274,25,1
261,14,1
278,22,1
269,36,1
250,7,1
269,3,1
262,15,1
254,33,1
268,28,1
281,22,1
242,26,1
280,45,1
250,41,1
257,47,1
244,26,1
270,9,1
266,21,1
246,41,1
255,35,1
264,22,1
284,33,1
277,20,1
276,20,1
263,6,1
284,31,1
252,41,1
248,27,1
241,26,1
274,47,1
263,28,1
271,7,1
253,25,1
267,25,1
274,26,1
289,18,1
254,40,1
272,40,1
289,26,1
288,29,1
262,30,1
283,28,1
241,20,1
273,10,1
271,43,1
256,11,1
261,47,1
261,37,1
253,20,1
267,47,1
253,6,1
276,25,1
258,47,1
255,22,1
264,3,1
270,29,1
262,25,1
269,1,1
280,11,1
271,13,1
275,45,1
244,24,1
273,29,1
279,13,1
255,9,1
243,17,1
248,41,1
288,19,1
255,8,1
260,26,1
273,25,1
264,37,1
268,13,1
252,6,1
287,33,1
289,18,1
284,32,1
246,27,1
257,41,1
274,8,1
264,38,1
257,8,1
243,18,1
250,23,1
275,35,1
258,17,1
278,40,1
281,24,1
251,34,1
264,21,1
258,38,1
282,18,1
267,40,1
