32,47,0
41,6,0
4,21,0
33,47,0
33,4,0
26,47,0
15,28,0
34,10,0
29,15,0
49,32,0
28,9,0
3,16,0
15,42,0
35,29,0
16,5,0
25,22,0
15,26,0
9,40,0
29,32,0
8,39,0
20,15,0
16,4,0
46,14,0
37,40,0
25,18,0
45,22,0
30,41,0
41,30,0
32,13,0
40,26,0
21,35,0
27,23,0
18,32,0
31,21,0
44,14,0
35,46,0
18,6,0
11,38,0
41,28,0
30,45,0
12,18,0
30,1,0
20,33,0
32,45,0
6,18,0
44,30,0
10,16,0
14,14,0
48,16,0
49,27,0
35,3,0
37,31,0
17,33,0
23,44,0
33,42,0
21,7,0
21,8,0
8,12,0
27,42,0
20,20,0
36,5,0
49,24,0
35,35,0
30,41,0
16,34,0
2,20,0
40,6,0
25,7,0
23,29,0
26,8,0
30,45,0
38,44,0
26,18,0
31,12,0
22,41,0
7,26,0
17,15,0
38,24,0
34,22,0
36,29,0
24,14,0
45,25,0
34,24,0
15,39,0
1,22,0
27,34,0
8,27,0
21,25,0
10,22,0
31,18,0
22,11,0
33,5,0
26,12,0
20,6,0
32,39,0
32,24,0
26,37,0
48,16,0
11,36,0
14,16,0
47,18,0
33,33,0
23,25,0
24,16,0
21,48,0
23,41,0
24,47,0
26,7,0
48,22,0
25,38,0
9,7,0
45,15,0
28,2,0
10,29,0
23,46,0
24,43,0
42,21,0
45,16,0
21,48,0
30,20,0
13,25,0
49,32,0
12,24,0
6,30,0
42,27,0
17,21,0
42,37,0
37,29,0
28,2,0
6,10,0
21,4,0
6,18,0
46,35,0
25,46,0
25,33,0
27,2,0
8,21,0
10,41,0
45,35,0
40,16,0
4,18,0
17,34,0
41,35,0
28,33,0
16,40,0
18,36,0
16,13,0
25,21,0
10,32,0
8,11,0
35,46,0
46,35,0
18,31,0
35,40,0
16,33,0
28,45,0
5,37,0
16,25,0
3,26,0
20,13,0
37,17,0
19,49,0
40,34,0
45,14,0
36,39,0
13,11,0
27,43,0
27,13,0
29,39,0
35,4,0
13,15,0
23,37,0
13,17,0
1,26,0
17,44,0
44,14,0
42,38,0
25,16,0
1,27,0
10,14,0
5,25,0
30,45,0
38,41,0
10,44,0
37,5,0
47,27,0
20,15,0
17,20,0
33,47,0
40,42,0
11,15,0
32,26,0
41,37,0
27,11,0
42,29,0
37,4,0
5,32,0
21,13,0
44,18,0
8,16,0
33,48,0
15,41,0
16,40,0
17,19,0
41,9,0
28,12,0
27,21,0
12,45,0
45,22,0
19,38,0
23,42,0
37,27,0
37,39,0
21,16,0
27,9,0
43,25,0
18,9,0
49,20,0
41,7,0
9,9,0
10,35,0
12,35,0
23,16,0
47,24,0
29,30,0
48,25,0
43,28,0
30,27,0
34,28,0
35,33,0
34,47,0
44,18,0
7,35,0
17,29,0
30,31,0
16,41,0
10,36,0
11,27,0
29,31,0
10,15,0
31,33,0
10,44,0
37,38,0
15,39,0
34,7,0
40,44,0
14,6,0
36,24,0
2,33,0
26,28,0
22,10,0
43,30,0
16,31,0
26,40,0
25,37,0
20,41,0
28,45,0
21,22,0
32,29,0
30,35,0
44,21,0
45,16,0
5,21,0
40,37,0
9,15,0
28,14,0
21,35,0
42,27,0
31,5,0
37,46,0
28,26,0
34,35,0
2,23,0
8,31,0
29,43,0
32,49,0
11,18,0
13,34,0
26,25,0
33,26,0
5,32,0
32,1,0
7,27,0
29,31,0
43,16,0
27,9,0
24,14,0
29,33,0
40,39,0
31,3,0
35,14,0
21,32,0
18,2,0
41,10,0
23,18,0
34,17,0
24,31,0
7,26,0
32,12,0
34,5,0
5,15,0
34,28,0
40,41,0
28,44,0
26,36,0
15,40,0
46,36,0
11,29,0
25,35,0
27,34,0
24,44,0
11,26,0
21,17,0
5,25,0
24,8,0
47,28,0
9,18,0
22,20,0
35,18,0
31,14,0
27,42,0
36,13,0
10,21,0
38,41,0
29,5,0
16,3,0
11,21,0
41,42,0
42,11,0
22,10,0
30,19,0
38,41,0
28,22,0
9,23,0
8,32,0
39,14,0
13,18,0
45,21,0
6,27,0
34,2,0
12,45,0
4,37,0
32,37,0
15,47,0
20,9,0
14,9,0
30,37,0
41,39,0
43,14,0
25,28,0
14,43,0
33,29,0
2,22,0
36,27,0
14,15,0
27,33,0
12,36,0
13,24,0
42,20,0
2,30,0
11,21,0
13,15,0
31,44,0
25,11,0
25,31,0
12,9,0
28,12,0
44,13,0
35,35,0
16,27,0
22,5,0
12,8,0
22,38,0
7,14,0
47,20,0
48,27,0
13,33,0
26,17,0
5,23,0
40,16,0
36,21,0
11,9,0
17,22,0
30,49,0
13,18,0
30,4,0
10,44,0
39,44,0
13,31,0
41,21,0
2,33,0
47,36,0
6,31,0
31,16,0
14,33,0
38,4,0
31,34,0
0,25,0
42,31,0
49,25,0
238,19,1
246,6,1
258,42,1
278,19,1
272,17,1
244,34,1
276,35,1
262,33,1
249,25,1
261,33,1
242,21,1
278,32,1
260,29,1
253,13,1
273,30,1
272,23,1
262,30,1
263,36,1
251,27,1
237,33,1
233,23,1
240,15,1
263,43,1
258,46,1
249,33,1
237,26,1
232,34,1
242,37,1
254,11,1
254,49,1
258,31,1
273,30,1
262,8,1
270,31,1
264,25,1
269,8,1
264,9,1
267,6,1
271,19,1
266,20,1
251,43,1
271,37,1
243,44,1
247,25,1
255,49,1
248,3,1
252,10,1
244,44,1
257,5,1
238,14,1
257,35,1
267,6,1
270,38,1
268,40,1
269,34,1
237,37,1
261,41,1
252,28,1
243,43,1
242,12,1
268,27,1
242,30,1
236,25,1
271,9,1
277,24,1
236,18,1
240,41,1
258,31,1
246,9,1
245,28,1
265,16,1
241,22,1
233,21,1
276,28,1
234,18,1
252,14,1
247,39,1
247,37,1
260,27,1
256,32,1
265,17,1
272,33,1
246,19,1
257,46,1
271,8,1
243,19,1
273,18,1
266,20,1
245,22,1
243,33,1
240,8,1
246,22,1
272,12,1
255,0,1
234,31,1
258,6,1
243,36,1
253,31,1
234,23,1
266,12,1
252,13,1
241,43,1
238,11,1
252,24,1
275,21,1
260,21,1
243,38,1
244,34,1
248,5,1
245,25,1
241,37,1
264,5,1
261,18,1
259,41,1
249,38,1
257,31,1
273,20,1
250,25,1
248,21,1
236,24,1
252,19,1
265,27,1
241,24,1
233,26,1
267,11,1
263,42,1
248,36,1
268,36,1
277,35,1
266,14,1
255,16,1
244,32,1
245,31,1
275,38,1
251,35,1
244,34,1
266,42,1
246,40,1
248,16,1
259,22,1
255,25,1
238,38,1
241,16,1
273,10,1
257,43,1
243,34,1
276,22,1
272,39,1
266,28,1
251,1,1
271,25,1
248,11,1
278,23,1
262,18,1
274,25,1
268,11,1
261,23,1
234,23,1
261,33,1
247,24,1
269,42,1
243,40,1
247,13,1
241,19,1
240,9,1
251,34,1
272,34,1
254,47,1
255,33,1
247,41,1
267,29,1
269,32,1
264,42,1
255,50,1
241,8,1
241,27,1
242,30,1
272,7,1
268,26,1
232,31,1
239,39,1
259,9,1
242,24,1
254,41,1
255,16,1
261,3,1
264,48,1
271,40,1
236,27,1
245,43,1
276,32,1
267,26,1
245,45,1
268,7,1
263,12,1
270,25,1
240,40,1
239,43,1
274,32,1
252,19,1
276,30,1
262,47,1
256,15,1
264,48,1
248,48,1
263,17,1
254,18,1
257,18,1
236,30,1
255,46,1
270,21,1
254,47,1
253,37,1
251,30,1
239,26,1
262,6,1
276,17,1
268,7,1
260,25,1
249,46,1
268,38,1
237,24,1
233,34,1
260,42,1
246,19,1
253,13,1
236,32,1
235,24,1
275,23,1
270,37,1
248,7,1
273,36,1
266,24,1
252,31,1
249,7,1
233,32,1
246,38,1
231,29,1
274,38,1
256,8,1
258,5,1
253,35,1
270,17,1
267,34,1
250,26,1
238,28,1
257,17,1
249,11,1
248,6,1
249,18,1
262,44,1
246,23,1
253,18,1
243,27,1
233,35,1
241,31,1
237,10,1
244,11,1
253,12,1
234,28,1
267,17,1
260,7,1
261,31,1
243,22,1
249,9,1
261,48,1
255,26,1
246,40,1
264,17,1
246,20,1
258,49,1
232,27,1
262,16,1
261,21,1
239,12,1
263,44,1
257,35,1
249,28,1
267,34,1
245,26,1
265,4,1
254,49,1
242,36,1
244,10,1
247,5,1
237,18,1
255,44,1
257,7,1
251,41,1
251,46,1
267,39,1
263,45,1
278,29,1
234,31,1
262,42,1
238,30,1
279,22,1
261,26,1
254,38,1
272,7,1
244,10,1
239,33,1
242,21,1
269,41,1
241,8,1
259,40,1
239,9,1
262,30,1
257,12,1
260,2,1
232,31,1
256,46,1
251,44,1
254,21,1
243,41,1
260,42,1
239,23,1
249,8,1
244,43,1
260,32,1
273,27,1
256,9,1
258,43,1
243,19,1
261,46,1
256,21,1
242,26,1
248,29,1
248,18,1
242,38,1
232,17,1
250,38,1
242,9,1
269,19,1
256,10,1
247,2,1
253,1,1
243,46,1
256,44,1
254,22,1
266,42,1
272,38,1
261,3,1
233,14,1
253,43,1
278,27,1
238,8,1
262,14,1
275,11,1
241,24,1
240,7,1
253,23,1
247,14,1
234,33,1
255,49,1
265,28,1
258,42,1
266,17,1
232,27,1
232,16,1
237,21,1
245,38,1
273,24,1
244,18,1
246,23,1
237,24,1
270,19,1
258,9,1
255,38,1
258,22,1
258,46,1
235,16,1
269,41,1
270,16,1
238,14,1
248,45,1
249,36,1
276,32,1
263,30,1
248,19,1
248,47,1
240,21,1
239,14,1
253,14,1
256,42,1
258,31,1
277,31,1
274,33,1
257,11,1
249,40,1
271,34,1
241,7,1
243,38,1
257,37,1
254,11,1
248,42,1
257,34,1
234,24,1
269,7,1
261,38,1
264,42,1
253,37,1
270,10,1
279,30,1
237,10,1
250,47,1
264,37,1
236,24,1
258,40,1
246,35,1
278,32,1
267,31,1
239,34,1
232,17,1
266,20,1
275,30,1
234,21,1
264,12,1
262,40,1
270,38,1
249,9,1
249,44,1
238,9,1
240,8,1
255,50,1
253,7,1
265,14,1
254,11,1
259,17,1
261,12,1
245,39,1
263,11,1
255,50,1
265,17,1
254,40,1
248,29,1
241,24,1
279,32,1
268,35,1
243,24,1
271,44,1
276,19,1
249,6,1
251,13,1
244,42,1
240,23,1
272,9,1
270,33,1
274,22,1
248,1,1
266,8,1
273,14,1
265,3,1
264,46,1
249,43,1
252,40,1
252,44,1
266,28,1
253,21,1
262,25,1
267,38,1
241,24,1
259,20,1
269,5,1
268,8,1
245,41,1
261,9,1
254,28,1
273,24,1
239,44,1
240,36,1
253,6,1
270,44,1
239,35,1
267,40,1
240,36,1
262,38,1
268,18,1
261,16,1
232,18,1
241,12,1
262,43,1
249,14,1
268,39,1
267,16,1
268,15,1
261,31,1
235,24,1
262,9,1
265,10,1
232,17,1
276,30,1
239,21,1
259,38,1
233,22,1
237,11,1
233,25,1
272,28,1
237,11,1
244,5,1
270,39,1
250,7,1
257,27,1
242,16,1
275,31,1
231,24,1
234,24,1
246,40,1
243,18,1
237,14,1
272,40,1
251,47,1
261,49,1
251,38,1
246,29,1
273,36,1
254,4,1
255,33,1
272,40,1
251,34,1
235,30,1
252,4,1
244,29,1
236,36,1
262,4,1
277,34,1
249,28,1
239,38,1
259,5,1
268,36,1
259,23,1
252,2,1
262,34,1
249,35,1
264,28,1
263,9,1
245,38,1
273,29,1
240,39,1
238,13,1
269,34,1
269,20,1
270,35,1
273,16,1
258,21,1
278,22,1
253,35,1
244,38,1
247,9,1
265,32,1
237,21,1
279,30,1
271,33,1
254,44,1
258,36,1
254,20,1
264,17,1
233,28,1
247,18,1
253,38,1
252,34,1
270,23,1
264,43,1
253,47,1
255,13,1
252,37,1
252,41,1
257,34,1
251,5,1
240,24,1
235,40,1
247,10,1
241,20,1
256,16,1
272,16,1
268,18,1
275,14,1
234,17,1
260,41,1
234,16,1
272,14,1
259,11,1
249,30,1
241,9,1
252,19,1
250,15,1
244,12,1
279,28,1
268,30,1
232,34,1
262,47,1
261,31,1
245,41,1
257,21,1
275,26,1
269,12,1
256,35,1
266,41,1
266,26,1
262,13,1
