12,23,0
36,16,0
33,39,0
9,20,0
20,45,0
22,42,0
28,4,0
34,48,0
43,31,0
12,20,0
17,45,0
17,25,0
12,18,0
6,40,0
37,46,0
42,33,0
24,35,0
40,39,0
31,28,0
33,30,0
28,6,0
15,16,0
1,31,0
17,7,0
25,40,0
2,16,0
7,14,0
19,16,0
26,25,0
41,24,0
34,41,0
44,28,0
24,9,0
35,42,0
44,26,0
19,2,0
24,16,0
11,44,0
13,4,0
16,31,0
22,44,0
40,21,0
5,30,0
37,32,0
19,18,0
40,30,0
13,38,0
42,12,0
23,5,0
41,40,0
45,21,0
34,19,0
35,11,0
19,21,0
21,4,0
23,6,0
28,46,0
37,37,0
41,21,0
13,15,0
33,24,0
27,9,0
25,16,0
17,9,0
36,28,0
24,42,0
7,17,0
40,6,0
10,10,0
43,9,0
20,45,0
21,13,0
23,4,0
6,12,0
11,20,0
6,18,0
16,3,0
38,28,0
5,11,0
13,19,0
43,25,0
29,47,0
36,9,0
15,28,0
24,30,0
9,7,0
49,24,0
19,25,0
39,16,0
33,16,0
13,17,0
20,27,0
22,47,0
48,19,0
49,18,0
37,25,0
15,25,0
13,6,0
12,24,0
20,39,0
2,28,0
38,4,0
9,10,0
3,15,0
6,15,0
17,32,0
37,8,0
26,2,0
42,33,0
40,20,0
45,37,0
37,8,0
23,22,0
19,26,0
19,39,0
17,31,0
31,41,0
2,29,0
25,40,0
27,21,0
29,30,0
21,28,0
37,16,0
16,29,0
1,32,0
34,8,0
3,31,0
45,21,0
32,42,0
37,19,0
48,16,0
35,6,0
35,31,0
36,21,0
2,22,0
49,28,0
21,42,0
19,37,0
49,30,0
49,22,0
17,8,0
27,24,0
15,41,0
46,34,0
3,26,0
29,17,0
19,29,0
45,33,0
25,17,0
8,41,0
47,30,0
19,11,0
8,17,0
36,36,0
7,27,0
39,27,0
33,46,0
43,37,0
21,26,0
38,36,0
46,20,0
43,23,0
47,20,0
38,23,0
23,32,0
28,40,0
45,37,0
28,28,0
9,17,0
26,34,0
16,12,0
12,33,0
17,31,0
37,23,0
48,17,0
19,6,0
48,30,0
23,4,0
31,36,0
31,34,0
8,26,0
39,28,0
30,10,0
42,21,0
24,9,0
41,16,0
19,40,0
43,15,0
4,34,0
40,14,0
44,40,0
16,9,0
34,10,0
35,42,0
8,15,0
25,32,0
19,27,0
34,14,0
26,22,0
16,46,0
18,33,0
33,38,0
42,34,0
37,45,0
28,11,0
32,9,0
37,8,0
34,29,0
31,8,0
27,24,0
18,37,0
16,27,0
14,45,0
11,24,0
24,32,0
11,22,0
9,14,0
2,25,0
47,23,0
26,28,0
25,1,0
8,40,0
7,14,0
31,35,0
34,32,0
28,24,0
49,28,0
46,33,0
1,30,0
5,26,0
35,20,0
29,25,0
11,30,0
5,13,0
24,23,0
7,33,0
28,6,0
30,34,0
31,40,0
33,36,0
3,16,0
24,45,0
34,6,0
38,13,0
11,33,0
14,16,0
33,18,0
36,46,0
41,30,0
17,18,0
13,9,0
4,24,0
17,9,0
23,45,0
25,11,0
9,14,0
1,29,0
24,35,0
11,20,0
5,30,0
12,11,0
16,41,0
15,28,0
44,26,0
17,32,0
25,47,0
28,13,0
23,18,0
45,36,0
10,41,0
30,16,0
33,15,0
32,18,0
44,15,0
21,18,0
37,21,0
18,46,0
22,48,0
35,44,0
28,30,0
35,7,0
13,39,0
30,1,0
29,45,0
10,15,0
38,32,0
4,23,0
46,19,0
25,32,0
17,47,0
45,12,0
2,29,0
19,28,0
6,23,0
34,35,0
24,32,0
44,32,0
21,28,0
27,7,0
12,29,0
30,26,0
27,2,0
8,42,0
3,17,0
18,6,0
1,29,0
48,16,0
10,21,0
22,35,0
25,48,0
10,44,0
43,28,0
42,31,0
30,3,0
31,14,0
9,9,0
43,19,0
42,23,0
42,23,0
25,12,0
30,38,0
34,41,0
24,47,0
37,11,0
1,21,0
16,31,0
46,12,0
29,35,0
21,42,0
40,42,0
35,23,0
35,38,0
15,9,0
30,1,0
9,19,0
28,21,0
19,29,0
7,38,0
39,25,0
28,17,0
12,8,0
19,23,0
41,40,0
42,32,0
25,9,0
35,45,0
5,23,0
9,41,0
23,29,0
42,41,0
27,30,0
16,5,0
18,19,0
19,25,0
33,31,0
22,32,0
42,11,0
44,16,0
24,49,0
39,35,0
28,2,0
49,30,0
10,34,0
12,34,0
2,23,0
25,47,0
2,34,0
14,22,0
18,32,0
25,48,0
14,25,0
21,31,0
5,38,0
36,6,0
35,33,0
45,38,0
9,42,0
7,32,0
11,35,0
42,33,0
33,28,0
19,15,0
17,8,0
37,32,0
8,42,0
8,29,0
37,7,0
19,4,0
49,24,0
12,43,0
42,11,0
24,31,0
13,5,0
18,43,0
38,13,0
30,31,0
47,27,0
22,21,0
33,45,0
48,29,0
305,8,1
330,33,1
304,8,1
315,12,1
307,43,1
325,46,1
325,10,1
301,42,1
325,21,1
308,22,1
309,11,1
317,12,1
303,37,1
292,22,1
318,16,1
324,42,1
315,11,1
325,29,1
315,26,1
295,10,1
308,10,1
292,17,1
328,32,1
302,14,1
318,48,1
322,12,1
320,33,1
315,23,1
298,31,1
339,29,1
325,19,1
310,8,1
326,32,1
338,23,1
320,8,1
324,26,1
299,10,1
311,18,1
312,33,1
297,38,1
309,9,1
309,14,1
320,8,1
326,7,1
309,33,1
322,37,1
307,37,1
305,34,1
311,7,1
321,28,1
316,36,1
335,30,1
324,32,1
327,37,1
310,5,1
331,20,1
316,29,1
296,27,1
307,23,1
312,32,1
302,37,1
298,43,1
310,14,1
333,32,1
307,11,1
312,15,1
304,9,1
320,44,1
326,14,1
305,20,1
336,35,1
302,38,1
309,37,1
340,25,1
294,35,1
322,47,1
298,31,1
298,13,1
315,28,1
307,2,1
301,5,1
291,28,1
334,18,1
314,6,1
325,3,1
303,6,1
322,4,1
295,37,1
308,13,1
296,40,1
305,12,1
293,29,1
331,27,1
327,37,1
306,36,1
311,32,1
311,32,1
295,40,1
304,29,1
312,26,1
333,25,1
322,34,1
321,47,1
315,10,1
305,45,1
328,8,1
325,32,1
304,42,1
310,7,1
337,17,1
326,38,1
296,13,1
309,26,1
318,30,1
313,37,1
324,24,1
310,31,1
326,13,1
328,10,1
327,42,1
294,12,1
315,27,1
313,14,1
302,7,1
324,43,1
328,40,1
304,6,1
329,41,1
297,10,1
327,36,1
293,34,1
319,8,1
333,34,1
313,13,1
322,10,1
304,33,1
316,40,1
293,20,1
324,3,1
332,21,1
314,18,1
306,35,1
291,31,1
334,40,1
309,13,1
322,8,1
304,46,1
310,24,1
306,11,1
330,26,1
327,23,1
301,29,1
315,36,1
317,19,1
330,42,1
332,21,1
324,20,1
311,30,1
313,22,1
309,40,1
321,34,1
311,45,1
296,24,1
325,11,1
303,28,1
324,24,1
331,31,1
305,34,1
331,6,1
301,45,1
335,23,1
313,39,1
326,10,1
311,26,1
325,42,1
313,23,1
300,9,1
321,33,1
310,17,1
326,14,1
335,17,1
315,34,1
296,23,1
307,10,1
305,8,1
301,17,1
336,30,1
308,9,1
339,19,1
317,18,1
305,27,1
305,35,1
310,2,1
318,45,1
303,37,1
330,20,1
324,45,1
302,28,1
329,24,1
331,44,1
307,17,1
304,32,1
328,21,1
300,5,1
323,30,1
293,34,1
334,37,1
310,25,1
296,25,1
326,22,1
326,5,1
306,39,1
314,29,1
307,17,1
307,38,1
296,26,1
301,21,1
332,8,1
300,31,1
320,33,1
331,6,1
332,36,1
314,9,1
323,21,1
306,22,1
303,23,1
295,12,1
318,39,1
316,13,1
301,28,1
302,35,1
310,22,1
336,19,1
317,38,1
307,44,1
296,40,1
308,30,1
317,49,1
329,18,1
306,22,1
296,22,1
332,16,1
294,19,1
303,25,1
297,10,1
303,10,1
321,6,1
327,32,1
296,32,1
325,19,1
313,14,1
326,18,1
294,38,1
329,35,1
293,16,1
313,9,1
321,46,1
300,27,1
298,35,1
335,13,1
304,33,1
303,24,1
331,21,1
334,41,1
334,20,1
321,20,1
310,36,1
335,11,1
319,14,1
312,32,1
325,25,1
325,31,1
318,34,1
313,36,1
330,12,1
306,23,1
293,20,1
321,7,1
330,16,1
322,33,1
307,4,1
312,49,1
299,18,1
326,17,1
308,19,1
303,39,1
328,39,1
323,34,1
333,36,1
338,22,1
321,23,1
321,10,1
310,31,1
304,22,1
318,21,1
294,22,1
318,42,1
318,11,1
330,28,1
308,22,1
331,20,1
325,18,1
313,6,1
316,37,1
318,41,1
301,30,1
299,12,1
321,23,1
323,12,1
302,32,1
328,8,1
319,1,1
315,21,1
318,34,1
308,27,1
309,17,1
324,14,1
304,19,1
317,14,1
316,23,1
305,35,1
312,7,1
316,4,1
306,44,1
309,16,1
301,13,1
298,7,1
315,12,1
304,13,1
295,21,1
328,10,1
329,37,1
327,12,1
299,35,1
332,11,1
317,7,1
303,10,1
322,47,1
318,32,1
314,27,1
328,46,1
309,35,1
310,25,1
317,31,1
308,9,1
299,25,1
311,21,1
324,45,1
306,30,1
324,6,1
338,21,1
302,36,1
298,43,1
318,10,1
317,35,1
326,13,1
328,46,1
334,19,1
307,22,1
304,27,1
313,4,1
334,32,1
293,29,1
294,27,1
315,11,1
310,40,1
308,38,1
305,43,1
321,3,1
311,4,1
303,18,1
309,46,1
321,36,1
322,18,1
291,26,1
294,13,1
306,36,1
297,28,1
327,38,1
310,44,1
306,18,1
313,8,1
336,16,1
296,11,1
308,29,1
330,15,1
337,15,1
313,38,1
316,32,1
303,20,1
301,43,1
317,37,1
313,8,1
294,36,1
338,29,1
298,39,1
334,12,1
329,42,1
320,34,1
338,31,1
333,19,1
319,34,1
318,23,1
307,35,1
304,22,1
324,17,1
339,24,1
323,30,1
315,42,1
321,14,1
304,7,1
313,17,1
299,29,1
338,20,1
306,39,1
324,44,1
305,29,1
321,30,1
311,23,1
330,32,1
300,45,1
314,25,1
325,28,1
334,40,1
291,24,1
315,4,1
336,29,1
312,21,1
326,44,1
306,37,1
314,49,1
314,21,1
327,23,1
318,11,1
314,9,1
300,43,1
294,29,1
327,12,1
331,10,1
325,4,1
306,40,1
311,43,1
312,45,1
305,26,1
334,35,1
296,18,1
326,31,1
312,10,1
329,38,1
311,24,1
321,40,1
335,37,1
323,6,1
303,37,1
329,41,1
303,5,1
318,30,1
301,18,1
336,31,1
303,9,1
300,36,1
314,31,1
322,36,1
324,13,1
332,39,1
321,48,1
316,35,1
325,8,1
331,33,1
339,32,1
317,10,1
321,49,1
306,6,1
302,38,1
304,19,1
318,21,1
333,16,1
329,30,1
323,46,1
334,38,1
328,12,1
308,35,1
304,22,1
326,25,1
319,28,1
294,25,1
312,28,1
335,36,1
332,35,1
309,25,1
317,30,1
316,16,1
306,20,1
339,26,1
298,18,1
297,18,1
295,12,1
322,48,1
301,36,1
310,26,1
299,31,1
321,13,1
309,42,1
309,22,1
313,47,1
338,25,1
325,4,1
312,49,1
321,16,1
311,33,1
325,38,1
293,16,1
330,31,1
312,35,1
323,23,1
335,40,1
332,21,1
338,31,1
301,23,1
322,41,1
314,26,1
317,24,1
315,30,1
315,13,1
323,19,1
297,21,1
324,42,1
302,23,1
330,6,1
320,47,1
304,17,1
302,15,1
315,5,1
296,38,1
333,29,1
316,10,1
331,26,1
317,42,1
318,22,1
322,33,1
321,36,1
303,4,1
318,46,1
307,22,1
312,5,1
330,29,1
309,40,1
306,9,1
322,20,1
304,23,1
313,34,1
313,16,1
319,12,1
328,8,1
300,20,1
327,8,1
304,24,1
307,35,1
322,17,1
310,13,1
303,35,1
312,42,1
302,5,1
311,29,1
328,28,1
302,34,1
308,25,1
318,36,1
308,6,1
302,31,1
304,34,1
298,26,1
318,18,1
306,31,1
315,29,1
309,18,1
320,3,1
331,29,1
312,34,1
294,30,1
320,19,1
338,30,1
295,35,1
315,43,1
327,25,1
333,26,1
332,32,1
319,31,1
315,2,1
311,46,1
325,3,1
306,12,1
300,36,1
304,8,1
301,45,1
295,40,1
300,40,1
311,4,1
321,46,1
292,31,1
