7,9,0
27,32,0
8,15,0
28,44,0
37,16,0
13,41,0
31,13,0
37,35,0
26,47,0
3,27,0
20,6,0
6,27,0
29,13,0
34,21,0
1,23,0
34,38,0
24,6,0
29,40,0
22,35,0
14,37,0
36,42,0
30,18,0
18,28,0
19,1,0
26,36,0
34,48,0
43,17,0
2,27,0
12,21,0
7,11,0
32,18,0
25,50,0
42,35,0
41,26,0
22,20,0
40,40,0
44,16,0
30,1,0
39,19,0
16,45,0
35,21,0
34,4,0
40,10,0
39,37,0
43,18,0
34,46,0
18,16,0
44,33,0
40,23,0
36,40,0
14,39,0
45,19,0
19,12,0
26,33,0
24,25,0
22,9,0
26,1,0
15,16,0
2,33,0
47,15,0
22,9,0
5,37,0
42,39,0
14,38,0
45,30,0
20,7,0
39,26,0
33,12,0
36,27,0
37,5,0
19,7,0
43,29,0
33,7,0
13,13,0
36,32,0
31,7,0
47,20,0
33,7,0
37,29,0
19,24,0
7,8,0
32,48,0
7,37,0
15,11,0
17,46,0
16,13,0
30,3,0
45,17,0
30,15,0
34,48,0
30,4,0
5,14,0
5,14,0
29,24,0
24,2,0
12,11,0
15,25,0
27,31,0
30,12,0
27,49,0
23,16,0
37,11,0
20,24,0
11,45,0
35,14,0
36,25,0
6,32,0
23,1,0
29,6,0
43,38,0
15,9,0
25,15,0
38,19,0
16,25,0
34,16,0
14,34,0
4,13,0
26,27,0
45,30,0
26,34,0
25,2,0
7,21,0
12,19,0
32,48,0
20,33,0
28,33,0
14,37,0
48,23,0
42,40,0
30,44,0
14,16,0
16,18,0
24,2,0
46,16,0
3,29,0
18,9,0
12,25,0
19,7,0
36,11,0
4,29,0
14,11,0
13,17,0
24,11,0
16,44,0
31,34,0
10,23,0
25,19,0
15,14,0
39,20,0
28,32,0
43,9,0
8,24,0
8,24,0
28,24,0
44,12,0
19,23,0
31,25,0
18,11,0
42,29,0
13,30,0
26,49,0
38,21,0
30,45,0
34,32,0
25,0,0
38,46,0
42,28,0
26,36,0
30,42,0
19,20,0
34,14,0
33,4,0
41,34,0
27,34,0
21,24,0
44,20,0
18,23,0
29,3,0
26,18,0
14,14,0
42,42,0
41,38,0
9,28,0
23,35,0
37,8,0
42,11,0
3,15,0
9,19,0
40,32,0
38,21,0
17,5,0
10,26,0
25,34,0
31,43,0
23,29,0
12,29,0
9,26,0
32,48,0
43,11,0
26,27,0
28,7,0
33,32,0
43,38,0
29,23,0
6,30,0
2,34,0
30,41,0
20,18,0
29,6,0
15,43,0
13,16,0
14,45,0
10,39,0
19,37,0
36,42,0
20,9,0
34,25,0
28,21,0
21,36,0
20,1,0
38,11,0
41,23,0
30,4,0
44,17,0
24,36,0
15,5,0
2,23,0
46,27,0
35,4,0
15,43,0
19,23,0
12,4,0
31,5,0
16,35,0
18,37,0
24,22,0
2,17,0
43,33,0
44,32,0
39,22,0
24,42,0
42,41,0
16,5,0
30,48,0
25,22,0
17,23,0
49,23,0
7,10,0
9,16,0
6,35,0
39,34,0
37,45,0
34,19,0
39,45,0
24,44,0
20,32,0
36,21,0
23,23,0
33,12,0
36,37,0
4,37,0
10,26,0
1,31,0
43,19,0
18,35,0
19,31,0
8,16,0
33,8,0
15,27,0
47,29,0
18,3,0
16,14,0
23,31,0
49,30,0
14,9,0
34,16,0
47,21,0
27,18,0
37,17,0
4,17,0
35,4,0
7,35,0
14,34,0
10,38,0
14,33,0
31,41,0
46,32,0
21,22,0
21,18,0
45,29,0
40,8,0
16,44,0
28,19,0
28,6,0
32,35,0
11,23,0
6,20,0
23,49,0
1,24,0
15,15,0
40,18,0
32,15,0
34,13,0
40,25,0
10,23,0
12,41,0
37,6,0
18,49,0
22,29,0
30,1,0
33,35,0
41,41,0
14,46,0
37,25,0
31,41,0
19,34,0
45,17,0
23,34,0
33,4,0
26,21,0
37,5,0
10,15,0
30,31,0
41,37,0
21,29,0
36,12,0
31,16,0
3,19,0
1,29,0
32,6,0
20,13,0
14,22,0
13,10,0
29,27,0
11,45,0
37,45,0
18,2,0
17,37,0
28,33,0
21,48,0
43,19,0
35,43,0
41,13,0
21,36,0
24,48,0
37,38,0
28,23,0
37,11,0
8,27,0
23,23,0
42,32,0
9,36,0
24,44,0
45,20,0
33,9,0
9,24,0
29,25,0
32,8,0
29,40,0
46,34,0
11,8,0
21,44,0
22,48,0
34,30,0
38,13,0
40,12,0
11,37,0
46,33,0
31,25,0
6,25,0
20,37,0
11,21,0
7,34,0
6,30,0
32,49,0
29,15,0
25,42,0
12,13,0
21,3,0
35,8,0
13,40,0
20,37,0
24,12,0
47,30,0
33,30,0
18,44,0
37,4,0
43,35,0
23,33,0
32,36,0
45,12,0
34,31,0
26,7,0
48,28,0
14,19,0
45,32,0
41,37,0
9,18,0
43,10,0
49,24,0
244,18,1
228,17,1
248,11,1
230,43,1
243,29,1
227,38,1
249,15,1
247,34,1
236,32,1
227,15,1
229,36,1
259,28,1
234,44,1
245,4,1
259,40,1
260,39,1
244,49,1
261,25,1
238,31,1
260,27,1
232,11,1
249,34,1
249,1,1
256,11,1
248,16,1
267,31,1
249,45,1
258,14,1
267,35,1
260,45,1
258,12,1
241,7,1
261,20,1
226,9,1
260,14,1
260,27,1
235,24,1
225,38,1
235,10,1
228,32,1
244,32,1
256,32,1
261,30,1
264,41,1
237,32,1
239,9,1
235,47,1
244,32,1
258,37,1
262,26,1
265,37,1
241,15,1
229,27,1
225,24,1
245,11,1
237,42,1
263,40,1
258,7,1
245,0,1
240,38,1
248,4,1
246,8,1
251,42,1
242,32,1
230,30,1
245,9,1
234,20,1
229,33,1
257,12,1
242,38,1
241,12,1
230,36,1
258,4,1
234,7,1
238,27,1
254,12,1
251,39,1
232,39,1
235,22,1
262,27,1
239,22,1
237,2,1
231,37,1
265,23,1
262,29,1
253,40,1
266,27,1
233,5,1
267,26,1
234,3,1
239,13,1
246,26,1
253,44,1
243,19,1
250,46,1
231,43,1
267,26,1
231,19,1
258,23,1
235,30,1
248,45,1
246,41,1
268,32,1
223,21,1
236,46,1
248,30,1
263,30,1
239,9,1
250,19,1
240,8,1
262,9,1
243,3,1
222,19,1
251,35,1
248,34,1
229,35,1
222,21,1
260,17,1
222,20,1
259,12,1
234,18,1
233,43,1
235,28,1
239,31,1
247,22,1
254,5,1
237,5,1
235,14,1
244,47,1
236,4,1
253,18,1
241,25,1
269,24,1
243,30,1
252,47,1
246,32,1
240,20,1
233,46,1
239,22,1
236,5,1
243,43,1
240,17,1
260,19,1
240,45,1
230,41,1
265,24,1
229,6,1
246,19,1
227,10,1
238,43,1
250,24,1
249,32,1
262,12,1
241,43,1
256,44,1
263,22,1
228,8,1
251,23,1
224,14,1
232,46,1
256,38,1
250,12,1
240,42,1
245,47,1
260,19,1
262,36,1
245,42,1
242,26,1
240,32,1
248,24,1
223,26,1
247,1,1
225,31,1
268,27,1
241,26,1
257,23,1
254,8,1
253,27,1
237,26,1
237,5,1
225,34,1
260,42,1
248,12,1
226,32,1
231,43,1
259,25,1
266,22,1
252,4,1
255,8,1
229,41,1
250,44,1
249,33,1
244,1,1
249,14,1
250,23,1
253,16,1
247,40,1
227,11,1
225,32,1
266,34,1
244,44,1
247,47,1
234,3,1
250,6,1
243,38,1
269,30,1
233,22,1
222,16,1
258,37,1
243,9,1
222,27,1
242,26,1
257,39,1
237,6,1
228,7,1
228,41,1
232,38,1
224,23,1
262,19,1
243,2,1
261,7,1
239,5,1
240,37,1
241,2,1
229,24,1
243,32,1
261,27,1
253,44,1
240,2,1
243,7,1
241,24,1
257,42,1
235,31,1
257,34,1
251,34,1
259,10,1
234,12,1
252,20,1
265,21,1
241,16,1
258,31,1
244,39,1
237,42,1
245,1,1
231,34,1
242,33,1
248,18,1
235,46,1
257,40,1
232,6,1
268,24,1
252,24,1
233,9,1
238,39,1
226,29,1
224,13,1
242,3,1
244,3,1
255,27,1
248,6,1
247,30,1
266,33,1
249,26,1
230,10,1
251,31,1
241,36,1
233,25,1
238,25,1
239,39,1
225,26,1
268,31,1
260,31,1
248,24,1
257,32,1
227,11,1
260,35,1
226,15,1
240,17,1
247,3,1
242,23,1
257,14,1
247,40,1
252,1,1
229,30,1
224,26,1
234,4,1
233,17,1
246,42,1
248,1,1
232,27,1
244,7,1
262,31,1
262,37,1
240,16,1
236,32,1
260,41,1
260,28,1
261,28,1
246,17,1
249,39,1
253,25,1
251,37,1
250,33,1
250,6,1
244,2,1
235,7,1
239,4,1
260,5,1
234,26,1
229,9,1
264,23,1
236,2,1
250,6,1
228,20,1
255,28,1
258,6,1
241,31,1
259,39,1
248,11,1
226,10,1
233,12,1
232,26,1
266,34,1
252,40,1
250,24,1
224,16,1
226,15,1
241,36,1
252,41,1
223,30,1
261,20,1
223,31,1
266,18,1
261,44,1
255,26,1
258,25,1
256,27,1
237,3,1
266,28,1
256,44,1
249,27,1
261,35,1
249,17,1
265,15,1
241,12,1
229,34,1
230,45,1
268,25,1
267,24,1
223,28,1
238,47,1
236,34,1
246,1,1
253,18,1
233,38,1
260,35,1
249,14,1
255,13,1
249,37,1
241,46,1
243,4,1
260,10,1
252,40,1
240,41,1
239,48,1
233,23,1
254,37,1
222,21,1
261,40,1
240,44,1
246,4,1
221,30,1
263,14,1
223,19,1
230,12,1
252,30,1
241,22,1
239,15,1
246,8,1
233,33,1
233,26,1
247,5,1
232,28,1
260,18,1
232,28,1
237,28,1
255,3,1
257,13,1
265,19,1
252,29,1
250,28,1
259,33,1
264,13,1
256,34,1
250,7,1
238,37,1
252,30,1
237,43,1
241,34,1
238,45,1
232,27,1
255,36,1
226,19,1
246,46,1
260,39,1
242,38,1
224,13,1
253,33,1
232,22,1
247,19,1
261,39,1
235,39,1
227,35,1
248,49,1
241,34,1
263,23,1
226,37,1
241,18,1
238,22,1
242,43,1
258,24,1
249,34,1
255,33,1
251,35,1
229,42,1
224,36,1
258,23,1
227,23,1
260,9,1
237,26,1
244,2,1
231,38,1
247,9,1
244,44,1
260,39,1
237,20,1
235,12,1
229,28,1
243,16,1
262,43,1
243,46,1
221,29,1
247,6,1
241,6,1
244,33,1
225,29,1
242,27,1
229,26,1
227,14,1
251,33,1
237,12,1
244,32,1
232,14,1
231,22,1
227,25,1
262,38,1
262,25,1
249,46,1
229,17,1
245,18,1
251,26,1
236,47,1
233,38,1
252,26,1
246,22,1
253,15,1
238,16,1
241,20,1
236,37,1
242,11,1
240,7,1
236,27,1
262,11,1
236,37,1
256,36,1
249,21,1
255,30,1
255,15,1
259,20,1
256,33,1
246,22,1
241,6,1
240,8,1
222,33,1
258,13,1
252,5,1
241,34,1
268,29,1
245,42,1
241,47,1
250,20,1
257,31,1
236,22,1
225,15,1
246,31,1
233,46,1
231,20,1
225,14,1
240,2,1
249,22,1
255,33,1
258,35,1
254,16,1
251,19,1
229,25,1
250,19,1
239,36,1
242,20,1
238,23,1
227,26,1
244,25,1
247,24,1
261,31,1
237,3,1
268,30,1
238,29,1
250,36,1
241,49,1
254,44,1
238,19,1
238,23,1
237,23,1
252,25,1
251,30,1
223,34,1
239,16,1
260,6,1
243,31,1
241,2,1
245,38,1
231,42,1
260,12,1
249,2,1
235,45,1
255,35,1
236,40,1
253,19,1
252,27,1
240,37,1
237,17,1
232,31,1
242,23,1
263,36,1
247,8,1
241,27,1
252,38,1
225,24,1
267,36,1
264,21,1
256,37,1
255,39,1
263,20,1
225,24,1
225,31,1
231,36,1
258,28,1
233,18,1
253,25,1
238,4,1
236,15,1
231,42,1
250,27,1
238,30,1
230,16,1
240,36,1
248,20,1
248,34,1
257,43,1
250,46,1
255,17,1
250,16,1
243,42,1
243,28,1
224,30,1
231,9,1
256,31,1
256,32,1
247,39,1
226,25,1
225,34,1
255,10,1
262,36,1
239,13,1
258,25,1
258,8,1
240,29,1
254,32,1
224,28,1
259,19,1
254,9,1
221,28,1
259,26,1
250,49,1
242,24,1
235,13,1
240,9,1
221,18,1
225,40,1
242,11,1
251,17,1
