27,44,0
30,38,0
14,26,0
36,31,0
33,34,0
32,15,0
37,25,0
12,29,0
17,47,0
24,22,0
20,30,0
23,10,0
5,20,0
27,34,0
30,44,0
45,34,0
19,38,0
30,49,0
42,17,0
33,44,0
36,5,0
7,18,0
21,22,0
33,25,0
9,9,0
12,41,0
40,25,0
25,39,0
35,26,0
36,37,0
18,34,0
12,13,0
7,24,0
11,31,0
14,26,0
25,35,0
18,26,0
47,31,0
24,39,0
22,28,0
49,24,0
39,45,0
27,33,0
14,8,0
14,40,0
25,7,0
40,28,0
2,32,0
25,2,0
11,30,0
23,46,0
44,37,0
20,16,0
15,46,0
26,26,0
40,16,0
15,36,0
31,14,0
22,39,0
30,44,0
12,36,0
45,31,0
31,30,0
25,43,0
24,31,0
42,38,0
34,41,0
39,33,0
31,30,0
45,21,0
39,7,0
32,46,0
16,24,0
30,26,0
36,34,0
7,20,0
25,0,0
16,22,0
15,43,0
12,18,0
22,24,0
13,8,0
35,16,0
41,10,0
30,22,0
36,42,0
9,31,0
37,43,0
4,34,0
23,9,0
43,36,0
34,35,0
21,41,0
15,14,0
29,5,0
28,4,0
9,43,0
1,20,0
37,26,0
26,4,0
9,32,0
32,45,0
33,19,0
46,16,0
47,17,0
17,40,0
19,29,0
26,12,0
39,37,0
11,29,0
20,24,0
40,9,0
33,45,0
8,17,0
27,18,0
36,11,0
5,13,0
34,13,0
40,29,0
29,45,0
11,34,0
7,13,0
31,38,0
26,11,0
31,4,0
31,8,0
40,39,0
27,25,0
42,8,0
19,9,0
12,27,0
28,20,0
11,6,0
35,14,0
36,16,0
16,36,0
27,30,0
26,1,0
19,40,0
25,25,0
36,24,0
23,45,0
20,32,0
15,19,0
11,13,0
33,13,0
14,47,0
40,28,0
32,11,0
8,32,0
31,46,0
16,8,0
49,23,0
40,13,0
16,6,0
30,45,0
45,33,0
40,18,0
26,30,0
13,38,0
18,11,0
24,27,0
28,35,0
6,33,0
45,11,0
44,22,0
44,9,0
46,14,0
37,6,0
35,8,0
6,11,0
16,48,0
29,20,0
17,45,0
31,27,0
34,18,0
32,37,0
41,36,0
40,20,0
30,42,0
21,12,0
2,24,0
30,1,0
30,34,0
45,16,0
29,33,0
46,21,0
46,31,0
21,13,0
32,1,0
36,4,0
3,24,0
42,18,0
31,1,0
29,27,0
36,23,0
36,42,0
4,34,0
25,1,0
45,19,0
25,23,0
32,44,0
25,24,0
41,19,0
27,33,0
11,40,0
47,18,0
18,23,0
27,38,0
23,12,0
28,44,0
6,27,0
42,25,0
43,40,0
22,43,0
44,36,0
20,6,0
11,28,0
43,41,0
45,20,0
26,49,0
8,10,0
11,9,0
24,44,0
2,20,0
30,29,0
44,30,0
28,27,0
41,39,0
26,3,0
31,3,0
26,29,0
4,26,0
40,35,0
37,24,0
28,19,0
45,32,0
31,2,0
14,26,0
23,23,0
42,43,0
45,10,0
23,23,0
23,20,0
41,28,0
13,44,0
30,41,0
32,38,0
32,20,0
40,21,0
5,34,0
48,24,0
35,29,0
26,32,0
21,14,0
34,6,0
48,18,0
19,17,0
39,15,0
30,23,0
42,38,0
45,39,0
2,19,0
39,12,0
25,21,0
24,22,0
4,29,0
40,27,0
19,44,0
45,36,0
44,35,0
10,43,0
24,29,0
33,43,0
39,32,0
26,12,0
28,18,0
21,41,0
5,16,0
4,19,0
11,23,0
17,41,0
43,12,0
29,12,0
16,44,0
8,25,0
35,17,0
21,6,0
45,37,0
24,15,0
13,36,0
5,21,0
13,12,0
6,11,0
27,49,0
12,43,0
35,10,0
10,32,0
44,40,0
25,48,0
30,4,0
48,33,0
19,34,0
16,46,0
23,33,0
5,24,0
26,23,0
35,29,0
5,28,0
38,8,0
45,34,0
42,30,0
10,16,0
14,23,0
33,34,0
34,44,0
1,20,0
31,27,0
28,17,0
34,20,0
23,2,0
40,20,0
21,24,0
22,33,0
11,31,0
18,38,0
14,18,0
23,34,0
26,34,0
21,22,0
45,37,0
44,31,0
36,10,0
5,12,0
14,23,0
13,9,0
11,32,0
1,24,0
23,14,0
5,33,0
43,11,0
13,9,0
34,2,0
17,20,0
17,18,0
23,23,0
2,21,0
41,9,0
18,15,0
15,4,0
23,11,0
31,44,0
11,17,0
18,30,0
33,47,0
45,29,0
31,42,0
25,29,0
12,32,0
21,29,0
13,41,0
31,22,0
12,45,0
39,40,0
18,17,0
14,5,0
49,23,0
37,6,0
45,21,0
7,31,0
48,22,0
29,29,0
11,37,0
15,25,0
39,22,0
18,14,0
12,14,0
17,22,0
31,18,0
28,14,0
6,15,0
34,29,0
4,26,0
41,30,0
45,39,0
45,16,0
39,23,0
29,4,0
16,29,0
11,29,0
5,35,0
3,26,0
25,45,0
36,20,0
42,28,0
24,6,0
32,22,0
20,6,0
19,32,0
43,35,0
238,23,1
258,38,1
256,27,1
231,45,1
245,42,1
237,46,1
262,19,1
240,43,1
235,4,1
225,38,1
254,26,1
249,49,1
257,22,1
238,42,1
252,7,1
240,34,1
260,26,1
222,18,1
233,21,1
241,18,1
244,3,1
236,45,1
236,23,1
255,44,1
244,45,1
248,3,1
244,20,1
235,26,1
257,15,1
241,26,1
222,24,1
235,28,1
236,3,1
246,49,1
245,4,1
247,24,1
237,9,1
244,17,1
254,5,1
253,32,1
239,1,1
267,35,1
256,16,1
249,10,1
242,36,1
253,14,1
246,9,1
267,27,1
266,17,1
236,30,1
241,45,1
244,31,1
222,17,1
235,37,1
249,12,1
252,11,1
240,28,1
255,9,1
254,8,1
257,8,1
262,17,1
251,22,1
264,9,1
264,39,1
240,29,1
243,2,1
262,37,1
244,25,1
259,6,1
255,31,1
262,10,1
237,29,1
231,15,1
229,34,1
266,34,1
228,29,1
265,12,1
229,36,1
243,48,1
241,27,1
235,26,1
230,9,1
249,42,1
249,18,1
269,30,1
230,10,1
261,19,1
255,45,1
260,25,1
255,9,1
258,16,1
245,23,1
258,20,1
259,44,1
259,15,1
233,4,1
244,12,1
245,49,1
242,21,1
250,47,1
257,40,1
230,32,1
231,16,1
222,33,1
233,29,1
250,41,1
235,34,1
224,35,1
255,43,1
246,9,1
265,33,1
243,15,1
260,14,1
247,12,1
234,47,1
248,25,1
240,27,1
242,28,1
241,25,1
227,36,1
240,6,1
239,34,1
255,29,1
240,2,1
235,9,1
254,16,1
241,40,1
247,14,1
263,15,1
266,23,1
231,19,1
239,48,1
264,38,1
261,38,1
224,25,1
247,35,1
229,42,1
257,15,1
243,30,1
235,35,1
261,15,1
230,5,1
245,49,1
225,23,1
240,21,1
229,34,1
242,33,1
256,23,1
248,3,1
253,27,1
266,32,1
263,36,1
231,30,1
264,20,1
237,26,1
243,15,1
224,16,1
225,36,1
255,25,1
263,40,1
265,11,1
238,48,1
252,1,1
235,40,1
245,3,1
255,34,1
235,37,1
261,29,1
247,11,1
246,35,1
235,27,1
252,39,1
260,39,1
230,13,1
265,28,1
249,39,1
265,17,1
257,45,1
243,19,1
253,40,1
251,17,1
266,14,1
232,5,1
262,29,1
236,14,1
223,24,1
234,34,1
253,30,1
223,14,1
226,37,1
246,49,1
235,34,1
261,31,1
236,6,1
255,45,1
248,20,1
262,42,1
243,26,1
249,46,1
258,12,1
243,32,1
231,9,1
236,48,1
231,33,1
233,35,1
260,41,1
227,20,1
259,40,1
239,25,1
239,4,1
255,47,1
255,30,1
244,42,1
262,35,1
231,33,1
261,11,1
237,9,1
245,9,1
267,17,1
241,14,1
241,18,1
236,2,1
248,35,1
252,44,1
259,28,1
234,25,1
258,5,1
231,13,1
237,26,1
257,7,1
246,5,1
231,9,1
224,24,1
251,49,1
240,26,1
223,29,1
245,16,1
231,32,1
257,34,1
266,31,1
223,35,1
248,31,1
239,47,1
253,43,1
239,35,1
261,32,1
247,14,1
244,25,1
246,41,1
229,36,1
254,44,1
244,10,1
237,48,1
263,30,1
222,25,1
235,25,1
247,36,1
265,33,1
264,39,1
247,2,1
259,8,1
252,21,1
263,42,1
254,4,1
254,33,1
235,26,1
250,11,1
245,36,1
235,3,1
245,5,1
235,39,1
258,38,1
239,36,1
263,32,1
261,35,1
242,27,1
224,28,1
254,34,1
225,13,1
230,36,1
248,2,1
261,40,1
261,10,1
240,21,1
267,18,1
265,37,1
235,8,1
248,35,1
238,23,1
239,30,1
268,22,1
231,26,1
245,36,1
235,31,1
224,33,1
222,26,1
228,16,1
254,3,1
225,18,1
237,28,1
232,14,1
252,46,1
254,41,1
265,27,1
249,27,1
262,8,1
266,31,1
247,17,1
254,21,1
246,7,1
254,48,1
238,31,1
229,15,1
250,1,1
251,15,1
254,37,1
237,5,1
260,9,1
243,11,1
260,37,1
265,10,1
264,26,1
238,2,1
238,47,1
265,34,1
245,7,1
239,9,1
239,10,1
258,25,1
262,17,1
236,18,1
256,33,1
254,22,1
238,30,1
263,24,1
248,10,1
254,15,1
228,35,1
246,45,1
241,42,1
252,18,1
248,36,1
229,15,1
222,24,1
241,25,1
244,6,1
243,34,1
227,10,1
255,5,1
250,35,1
228,34,1
237,2,1
256,27,1
228,20,1
224,30,1
240,47,1
227,33,1
246,43,1
236,44,1
231,34,1
249,29,1
251,14,1
246,30,1
256,5,1
260,41,1
253,16,1
251,14,1
264,19,1
269,21,1
222,23,1
250,46,1
263,12,1
263,25,1
260,13,1
228,30,1
245,45,1
239,31,1
244,36,1
251,39,1
228,19,1
256,5,1
228,25,1
222,27,1
229,31,1
259,9,1
256,40,1
222,16,1
265,35,1
244,40,1
234,23,1
261,34,1
252,4,1
252,7,1
246,42,1
228,43,1
254,3,1
251,46,1
261,15,1
255,24,1
258,29,1
262,10,1
238,49,1
247,18,1
249,47,1
243,47,1
254,5,1
229,7,1
246,33,1
260,16,1
266,20,1
257,33,1
231,7,1
253,45,1
251,13,1
238,44,1
229,17,1
234,47,1
254,11,1
264,32,1
228,7,1
245,19,1
242,20,1
233,35,1
252,13,1
220,25,1
261,9,1
254,22,1
248,45,1
224,32,1
239,48,1
232,15,1
248,45,1
236,21,1
239,18,1
238,7,1
254,19,1
233,45,1
236,37,1
230,32,1
250,18,1
246,5,1
246,5,1
240,10,1
249,25,1
263,19,1
256,37,1
226,26,1
230,44,1
242,31,1
238,28,1
252,15,1
261,18,1
249,43,1
228,10,1
255,39,1
239,13,1
245,47,1
244,29,1
243,21,1
268,31,1
258,29,1
243,41,1
258,32,1
268,30,1
250,38,1
227,35,1
245,21,1
237,48,1
249,40,1
229,32,1
267,16,1
237,2,1
246,24,1
248,33,1
263,42,1
232,29,1
249,5,1
269,24,1
222,24,1
257,22,1
258,10,1
234,23,1
269,18,1
248,41,1
253,14,1
233,6,1
233,7,1
269,24,1
255,4,1
234,16,1
222,26,1
255,23,1
242,45,1
239,20,1
228,24,1
260,35,1
243,7,1
240,45,1
221,28,1
258,9,1
223,16,1
254,17,1
226,15,1
263,14,1
258,36,1
226,25,1
247,27,1
248,30,1
251,13,1
231,5,1
223,20,1
241,22,1
259,21,1
245,37,1
262,18,1
251,35,1
226,35,1
266,22,1
257,8,1
269,25,1
260,34,1
243,8,1
238,9,1
268,24,1
265,36,1
244,24,1
251,14,1
250,16,1
261,22,1
266,27,1
226,22,1
241,3,1
256,14,1
261,41,1
253,33,1
251,34,1
241,34,1
254,8,1
249,41,1
244,48,1
241,41,1
237,33,1
248,4,1
226,12,1
253,2,1
230,14,1
232,19,1
250,46,1
239,5,1
248,27,1
263,20,1
238,26,1
260,14,1
263,20,1
229,26,1
263,40,1
237,43,1
240,6,1
264,22,1
233,34,1
244,6,1
263,29,1
241,39,1
256,9,1
239,28,1
230,11,1
232,31,1
267,14,1
268,32,1
257,35,1
241,7,1
249,25,1
251,45,1
267,30,1
223,27,1
257,36,1
237,3,1
252,37,1
235,35,1
244,11,1
242,11,1
224,14,1
225,20,1
230,19,1
225,38,1
262,18,1
231,9,1
248,43,1
255,11,1
258,9,1
240,18,1
226,40,1
223,21,1
262,24,1
236,47,1
239,41,1
243,21,1
239,7,1
251,44,1
236,33,1
