23,14,0
34,17,0
32,5,0
30,11,0
18,22,0
35,32,0
38,29,0
30,4,0
18,44,0
34,38,0
19,23,0
17,39,0
46,20,0
25,0,0
48,32,0
19,35,0
9,24,0
21,31,0
13,19,0
26,45,0
35,31,0
18,39,0
43,19,0
9,41,0
40,24,0
1,27,0
27,27,0
3,17,0
21,36,0
39,39,0
30,42,0
24,12,0
22,40,0
43,31,0
19,39,0
26,14,0
11,19,0
35,37,0
43,8,0
33,34,0
21,22,0
23,38,0
22,28,0
9,12,0
30,36,0
25,33,0
26,10,0
18,6,0
41,8,0
32,37,0
26,39,0
3,20,0
15,10,0
46,29,0
9,19,0
29,40,0
9,16,0
26,47,0
12,22,0
14,7,0
17,34,0
28,16,0
41,21,0
47,30,0
14,36,0
46,24,0
21,13,0
6,19,0
18,40,0
20,44,0
16,6,0
15,32,0
17,6,0
15,30,0
36,23,0
23,22,0
9,35,0
27,37,0
32,18,0
17,19,0
39,42,0
24,16,0
31,48,0
32,21,0
40,33,0
30,35,0
17,3,0
20,15,0
9,37,0
27,45,0
33,38,0
25,9,0
16,18,0
36,22,0
4,18,0
1,26,0
16,30,0
46,28,0
15,8,0
18,39,0
14,22,0
45,36,0
32,2,0
31,39,0
31,39,0
10,20,0
6,28,0
41,42,0
34,17,0
36,15,0
35,31,0
29,20,0
23,44,0
43,41,0
36,27,0
31,45,0
45,17,0
14,27,0
18,27,0
32,9,0
9,18,0
25,16,0
19,41,0
9,40,0
27,9,0
4,24,0
47,18,0
33,43,0
30,6,0
3,26,0
30,34,0
11,15,0
17,39,0
34,48,0
25,45,0
14,34,0
13,13,0
45,16,0
48,17,0
34,46,0
14,37,0
15,41,0
22,3,0
6,21,0
18,28,0
8,18,0
19,31,0
19,32,0
12,19,0
32,27,0
15,31,0
24,1,0
12,16,0
32,11,0
27,1,0
47,19,0
28,28,0
41,11,0
24,10,0
8,8,0
26,9,0
37,11,0
21,34,0
20,43,0
25,27,0
7,37,0
40,10,0
49,26,0
29,34,0
11,21,0
27,36,0
30,37,0
46,36,0
12,9,0
29,16,0
23,47,0
32,42,0
12,31,0
45,23,0
23,14,0
36,47,0
37,23,0
40,38,0
14,15,0
14,14,0
26,11,0
8,25,0
29,9,0
38,19,0
43,14,0
36,8,0
13,11,0
28,42,0
47,16,0
31,18,0
23,29,0
37,22,0
46,30,0
40,30,0
35,21,0
17,24,0
35,15,0
16,43,0
18,35,0
16,40,0
37,29,0
17,14,0
21,4,0
28,16,0
12,14,0
34,12,0
16,31,0
29,37,0
28,31,0
28,40,0
23,15,0
42,32,0
10,29,0
25,35,0
15,44,0
37,26,0
33,26,0
24,34,0
33,22,0
25,22,0
21,26,0
3,36,0
45,14,0
40,5,0
29,13,0
9,18,0
38,11,0
12,20,0
13,35,0
19,49,0
18,23,0
22,33,0
42,24,0
40,21,0
46,36,0
44,16,0
18,27,0
42,40,0
26,36,0
10,31,0
26,32,0
31,45,0
18,29,0
48,22,0
28,30,0
3,31,0
22,24,0
30,3,0
2,18,0
45,19,0
9,41,0
2,27,0
32,20,0
45,28,0
13,4,0
19,16,0
15,22,0
36,31,0
33,40,0
29,22,0
32,31,0
28,7,0
17,3,0
1,26,0
19,40,0
46,30,0
37,46,0
21,8,0
11,20,0
30,11,0
6,27,0
23,7,0
28,6,0
28,11,0
27,34,0
36,47,0
1,23,0
22,43,0
10,6,0
18,23,0
6,27,0
10,24,0
25,43,0
43,20,0
36,9,0
26,29,0
8,30,0
32,42,0
43,24,0
44,33,0
19,18,0
21,30,0
9,13,0
41,36,0
29,9,0
27,7,0
13,13,0
10,13,0
15,15,0
34,22,0
14,46,0
16,35,0
9,37,0
13,22,0
27,26,0
42,17,0
37,36,0
16,31,0
9,10,0
48,17,0
14,9,0
42,16,0
27,2,0
14,35,0
41,44,0
27,11,0
40,20,0
32,26,0
35,26,0
14,28,0
24,45,0
24,4,0
30,6,0
28,2,0
9,15,0
8,43,0
45,39,0
33,40,0
19,12,0
33,25,0
19,25,0
18,38,0
13,37,0
34,34,0
26,31,0
33,21,0
4,36,0
1,32,0
32,1,0
31,13,0
16,9,0
29,4,0
36,41,0
16,16,0
30,2,0
28,32,0
18,8,0
38,41,0
27,10,0
43,19,0
11,39,0
44,34,0
27,1,0
41,33,0
46,13,0
22,15,0
31,8,0
19,14,0
7,31,0
7,38,0
18,31,0
8,13,0
35,19,0
24,23,0
23,28,0
7,23,0
9,30,0
49,30,0
33,32,0
33,40,0
22,29,0
32,24,0
35,38,0
46,32,0
36,34,0
31,15,0
46,14,0
32,48,0
36,29,0
29,40,0
21,21,0
24,19,0
13,29,0
39,11,0
39,30,0
18,7,0
43,36,0
17,2,0
2,29,0
13,36,0
28,36,0
19,37,0
25,20,0
33,43,0
3,18,0
254,29,1
252,33,1
230,45,1
230,31,1
250,41,1
259,43,1
243,35,1
252,41,1
243,25,1
233,28,1
242,33,1
238,48,1
251,19,1
249,45,1
227,18,1
238,46,1
238,15,1
256,13,1
252,14,1
266,31,1
234,15,1
257,42,1
232,18,1
258,33,1
247,2,1
262,27,1
238,22,1
228,8,1
253,14,1
244,38,1
230,24,1
259,36,1
242,2,1
262,23,1
247,12,1
238,24,1
232,42,1
255,24,1
253,20,1
265,26,1
259,22,1
249,5,1
239,4,1
242,7,1
244,2,1
263,32,1
226,29,1
264,32,1
234,9,1
241,49,1
240,20,1
236,30,1
252,3,1
255,47,1
240,28,1
243,21,1
237,28,1
240,15,1
245,15,1
245,18,1
252,28,1
235,28,1
239,21,1
259,33,1
239,8,1
265,40,1
258,46,1
268,25,1
250,44,1
258,30,1
249,22,1
229,25,1
238,16,1
252,36,1
267,34,1
249,19,1
243,8,1
227,20,1
254,25,1
237,36,1
229,11,1
236,46,1
228,24,1
240,17,1
221,26,1
232,20,1
254,41,1
225,24,1
235,42,1
242,32,1
251,6,1
244,8,1
236,37,1
240,16,1
244,20,1
245,29,1
269,31,1
228,41,1
242,37,1
258,6,1
240,29,1
252,10,1
233,33,1
249,21,1
225,26,1
249,37,1
266,12,1
221,28,1
236,16,1
239,7,1
246,23,1
248,16,1
242,10,1
227,41,1
246,40,1
236,11,1
245,30,1
245,42,1
225,10,1
223,24,1
263,12,1
256,36,1
234,5,1
238,29,1
255,30,1
238,47,1
251,43,1
251,48,1
257,22,1
247,27,1
223,36,1
233,24,1
265,20,1
234,19,1
235,20,1
231,17,1
259,21,1
228,23,1
242,31,1
248,3,1
253,36,1
248,20,1
252,43,1
235,41,1
236,8,1
249,45,1
233,25,1
243,33,1
249,36,1
252,38,1
245,1,1
242,9,1
242,5,1
250,7,1
264,24,1
264,37,1
265,28,1
226,38,1
225,12,1
238,35,1
237,37,1
244,37,1
261,41,1
251,16,1
241,18,1
242,30,1
265,20,1
264,29,1
233,11,1
266,33,1
240,39,1
260,18,1
229,17,1
227,35,1
241,9,1
244,6,1
250,15,1
242,30,1
252,31,1
251,8,1
248,2,1
246,11,1
253,15,1
253,47,1
240,32,1
230,9,1
250,23,1
246,23,1
252,32,1
252,16,1
230,32,1
260,13,1
245,49,1
244,4,1
261,44,1
233,45,1
245,49,1
255,44,1
252,24,1
239,22,1
244,24,1
248,27,1
246,7,1
253,24,1
233,13,1
252,49,1
265,20,1
254,42,1
239,6,1
259,22,1
233,20,1
264,27,1
228,33,1
256,44,1
256,6,1
242,19,1
221,29,1
242,21,1
257,34,1
239,11,1
228,38,1
240,35,1
231,35,1
254,13,1
265,34,1
231,14,1
266,30,1
236,29,1
261,43,1
264,31,1
240,5,1
231,36,1
260,17,1
263,40,1
227,33,1
243,47,1
247,31,1
236,4,1
258,40,1
237,40,1
257,25,1
233,30,1
241,22,1
248,27,1
232,6,1
259,43,1
248,36,1
233,10,1
247,32,1
242,24,1
252,13,1
237,16,1
253,30,1
222,20,1
259,22,1
232,9,1
237,45,1
226,31,1
249,19,1
252,38,1
246,4,1
261,18,1
246,18,1
253,14,1
247,18,1
251,41,1
244,29,1
226,36,1
253,6,1
264,19,1
266,35,1
267,28,1
229,15,1
233,32,1
236,12,1
227,37,1
261,21,1
240,26,1
246,44,1
237,8,1
258,45,1
257,46,1
246,38,1
238,21,1
240,34,1
268,27,1
256,43,1
247,47,1
239,19,1
238,24,1
264,15,1
223,36,1
237,19,1
227,24,1
243,3,1
249,24,1
268,29,1
232,12,1
234,37,1
260,30,1
232,18,1
253,35,1
235,6,1
247,34,1
244,12,1
232,15,1
231,29,1
252,46,1
241,17,1
242,18,1
234,35,1
232,11,1
254,43,1
256,35,1
237,38,1
263,14,1
235,29,1
223,28,1
230,21,1
260,19,1
255,8,1
266,20,1
251,3,1
252,2,1
242,24,1
265,35,1
259,24,1
251,43,1
252,36,1
225,21,1
254,45,1
239,41,1
245,25,1
235,8,1
245,50,1
227,25,1
230,45,1
229,39,1
264,33,1
226,31,1
258,12,1
250,38,1
252,36,1
265,18,1
238,49,1
251,43,1
251,16,1
222,27,1
240,8,1
233,31,1
231,19,1
247,9,1
258,30,1
254,5,1
254,42,1
227,14,1
255,17,1
261,35,1
248,48,1
226,35,1
237,40,1
261,25,1
238,9,1
255,33,1
230,22,1
249,37,1
259,26,1
248,34,1
228,24,1
264,32,1
232,17,1
239,31,1
249,7,1
232,11,1
267,16,1
257,8,1
249,41,1
255,25,1
244,22,1
258,30,1
250,34,1
259,7,1
250,2,1
250,23,1
238,12,1
241,2,1
255,35,1
239,46,1
233,23,1
257,31,1
229,16,1
250,18,1
269,22,1
246,18,1
257,37,1
244,30,1
222,19,1
250,23,1
233,21,1
235,43,1
241,4,1
264,13,1
244,37,1
249,47,1
231,38,1
244,30,1
264,37,1
232,8,1
250,44,1
259,10,1
247,11,1
225,18,1
224,22,1
231,40,1
248,40,1
256,25,1
233,31,1
267,21,1
237,20,1
225,16,1
257,45,1
255,9,1
244,13,1
253,4,1
254,14,1
264,36,1
246,19,1
249,10,1
237,2,1
266,25,1
255,7,1
266,26,1
223,16,1
253,18,1
253,40,1
266,27,1
260,24,1
222,22,1
241,23,1
242,42,1
255,41,1
237,13,1
250,15,1
252,11,1
247,28,1
241,47,1
247,12,1
225,13,1
255,25,1
238,43,1
226,26,1
226,20,1
260,45,1
258,8,1
248,31,1
242,1,1
253,20,1
237,37,1
229,25,1
241,37,1
231,36,1
252,18,1
249,35,1
238,42,1
233,22,1
223,18,1
239,28,1
243,14,1
251,18,1
239,11,1
252,12,1
260,6,1
245,12,1
243,36,1
250,21,1
249,45,1
228,17,1
248,47,1
229,10,1
239,49,1
260,31,1
234,45,1
244,39,1
245,21,1
232,29,1
229,9,1
242,15,1
232,19,1
262,11,1
258,45,1
229,10,1
244,5,1
247,31,1
245,5,1
247,23,1
251,49,1
248,9,1
237,22,1
223,17,1
241,24,1
233,41,1
255,19,1
254,25,1
237,23,1
253,43,1
235,34,1
253,38,1
235,17,1
242,8,1
261,9,1
238,36,1
234,29,1
243,28,1
249,1,1
243,21,1
228,31,1
264,37,1
264,24,1
242,7,1
246,47,1
261,19,1
249,22,1
247,10,1
263,33,1
232,4,1
238,33,1
242,26,1
267,36,1
226,39,1
247,42,1
250,16,1
235,3,1
240,46,1
266,23,1
256,35,1
250,28,1
240,30,1
258,7,1
263,37,1
250,37,1
269,27,1
248,5,1
255,40,1
228,22,1
262,31,1
260,13,1
252,42,1
231,21,1
229,33,1
250,32,1
239,38,1
235,9,1
264,18,1
253,43,1
255,45,1
243,24,1
242,32,1
247,49,1
246,34,1
244,34,1
252,14,1
236,19,1
243,11,1
243,47,1
232,21,1
254,5,1
261,13,1
255,23,1
247,35,1
247,40,1
242,39,1
235,45,1
230,32,1
230,20,1
231,17,1
250,6,1
264,40,1
228,8,1
238,28,1
228,39,1
247,13,1
241,33,1
241,4,1
232,45,1
249,46,1
262,26,1
252,38,1
226,33,1
246,48,1
238,29,1
269,31,1
256,38,1
258,21,1
231,8,1
256,45,1
265,36,1
251,30,1
229,40,1
228,18,1
252,27,1
