35,17,0
8,17,0
17,11,0
37,5,0
34,48,0
14,21,0
29,33,0
4,18,0
35,10,0
1,22,0
28,40,0
28,46,0
2,19,0
29,2,0
41,13,0
16,13,0
8,29,0
24,4,0
2,18,0
28,25,0
29,10,0
49,29,0
22,7,0
27,1,0
3,30,0
13,36,0
20,46,0
23,43,0
27,40,0
15,34,0
6,13,0
33,33,0
28,13,0
9,18,0
38,46,0
1,23,0
37,4,0
16,7,0
36,5,0
36,40,0
17,36,0
37,8,0
12,11,0
41,12,0
38,41,0
10,11,0
16,41,0
30,26,0
33,9,0
36,25,0
28,25,0
14,38,0
11,43,0
41,13,0
33,6,0
38,18,0
4,31,0
48,25,0
28,4,0
15,28,0
38,31,0
14,21,0
33,2,0
45,35,0
28,8,0
9,27,0
12,42,0
35,10,0
12,25,0
21,22,0
21,29,0
29,40,0
8,17,0
42,15,0
33,25,0
49,21,0
27,47,0
44,25,0
37,11,0
21,27,0
33,16,0
14,6,0
39,15,0
30,19,0
8,26,0
37,44,0
30,42,0
44,38,0
46,31,0
19,12,0
35,5,0
23,39,0
28,26,0
34,33,0
13,25,0
2,34,0
7,40,0
7,41,0
33,40,0
32,32,0
39,27,0
22,19,0
37,23,0
29,16,0
21,19,0
38,12,0
36,25,0
3,20,0
15,37,0
40,8,0
15,23,0
2,23,0
9,23,0
29,19,0
24,6,0
34,3,0
24,37,0
4,22,0
27,20,0
46,36,0
13,32,0
10,39,0
5,22,0
16,44,0
11,26,0
25,32,0
18,5,0
42,41,0
45,37,0
33,24,0
24,5,0
42,33,0
21,5,0
10,5,0
29,45,0
21,29,0
45,40,0
25,0,0
27,5,0
41,25,0
24,1,0
22,16,0
13,24,0
31,42,0
24,2,0
20,41,0
43,9,0
41,23,0
37,16,0
5,37,0
16,27,0
38,37,0
30,48,0
2,16,0
5,25,0
9,25,0
30,42,0
48,20,0
42,20,0
44,12,0
13,29,0
13,25,0
30,40,0
46,20,0
14,28,0
31,7,0
25,26,0
16,48,0
13,42,0
45,35,0
31,32,0
19,23,0
25,31,0
21,33,0
33,17,0
6,30,0
34,19,0
35,20,0
37,16,0
12,28,0
12,19,0
17,26,0
4,30,0
43,18,0
37,33,0
28,9,0
6,30,0
9,43,0
43,30,0
39,28,0
2,22,0
21,28,0
22,16,0
30,24,0
48,21,0
8,12,0
34,7,0
3,17,0
32,18,0
11,30,0
35,4,0
43,33,0
18,7,0
20,1,0
11,29,0
2,24,0
27,18,0
43,12,0
23,11,0
16,25,0
36,29,0
3,20,0
24,19,0
6,41,0
1,27,0
24,28,0
14,8,0
16,26,0
13,27,0
48,21,0
22,48,0
6,36,0
43,35,0
40,5,0
9,37,0
17,32,0
40,12,0
16,10,0
21,2,0
46,25,0
31,4,0
13,41,0
18,25,0
46,21,0
29,34,0
29,15,0
28,48,0
30,16,0
6,20,0
31,22,0
31,18,0
5,25,0
10,21,0
45,22,0
34,4,0
6,35,0
27,16,0
17,20,0
33,19,0
11,6,0
8,13,0
14,41,0
39,30,0
49,20,0
27,41,0
24,12,0
37,16,0
42,35,0
25,10,0
19,14,0
13,46,0
10,40,0
22,18,0
11,15,0
36,28,0
25,49,0
3,18,0
39,5,0
48,20,0
16,30,0
10,17,0
32,19,0
22,3,0
11,35,0
9,34,0
46,20,0
13,11,0
29,23,0
6,34,0
18,42,0
32,4,0
14,42,0
22,12,0
24,17,0
21,1,0
38,8,0
42,33,0
48,16,0
26,10,0
47,23,0
17,44,0
28,25,0
32,15,0
32,19,0
7,34,0
35,19,0
28,5,0
34,31,0
25,2,0
48,33,0
35,28,0
10,22,0
26,28,0
24,32,0
27,29,0
22,48,0
39,34,0
5,35,0
16,19,0
21,40,0
25,3,0
39,24,0
33,8,0
3,35,0
33,21,0
34,24,0
46,19,0
28,19,0
13,21,0
21,14,0
30,23,0
28,5,0
40,11,0
39,23,0
26,2,0
34,44,0
16,10,0
18,11,0
24,8,0
43,29,0
8,15,0
21,26,0
12,5,0
11,18,0
36,44,0
17,3,0
18,25,0
38,18,0
30,34,0
3,31,0
22,38,0
18,24,0
24,14,0
43,25,0
49,20,0
24,8,0
12,7,0
11,10,0
28,2,0
24,28,0
7,27,0
16,14,0
10,28,0
31,8,0
6,12,0
27,20,0
30,36,0
6,31,0
23,23,0
31,28,0
37,39,0
42,9,0
26,35,0
21,16,0
41,31,0
40,22,0
3,29,0
14,11,0
3,15,0
29,41,0
39,9,0
37,37,0
43,37,0
28,42,0
17,3,0
1,22,0
45,38,0
29,4,0
46,36,0
26,15,0
31,15,0
15,44,0
23,28,0
39,21,0
37,20,0
15,11,0
31,29,0
36,16,0
1,28,0
16,35,0
42,24,0
34,11,0
35,36,0
7,17,0
37,18,0
25,28,0
20,49,0
37,12,0
2,24,0
24,32,0
248,46,1
231,14,1
218,19,1
218,41,1
244,18,1
240,41,1
230,40,1
219,13,1
236,40,1
244,45,1
238,41,1
243,9,1
257,27,1
240,17,1
234,5,1
233,10,1
231,8,1
233,43,1
212,23,1
243,5,1
245,28,1
225,24,1
218,35,1
233,2,1
235,43,1
236,8,1
244,18,1
217,35,1
229,2,1
231,12,1
214,16,1
251,41,1
255,38,1
231,42,1
246,36,1
253,36,1
218,36,1
240,28,1
231,18,1
222,11,1
227,40,1
238,32,1
242,19,1
228,16,1
248,44,1
233,35,1
222,39,1
213,36,1
251,17,1
250,25,1
231,9,1
231,15,1
240,39,1
254,26,1
222,45,1
225,47,1
216,31,1
247,27,1
250,18,1
255,30,1
243,39,1
215,19,1
213,17,1
241,24,1
247,14,1
241,31,1
250,10,1
245,27,1
259,18,1
259,19,1
219,39,1
231,47,1
243,21,1
233,14,1
233,14,1
227,43,1
255,22,1
224,17,1
217,34,1
246,21,1
213,28,1
234,43,1
247,43,1
239,15,1
241,42,1
256,21,1
225,42,1
225,21,1
244,37,1
236,34,1
242,45,1
227,30,1
258,23,1
248,32,1
240,42,1
230,40,1
229,40,1
235,45,1
215,37,1
245,29,1
247,46,1
223,31,1
219,14,1
235,48,1
254,13,1
249,9,1
247,43,1
223,39,1
234,20,1
233,39,1
231,41,1
256,18,1
254,30,1
241,33,1
219,6,1
214,27,1
244,15,1
241,48,1
251,23,1
245,39,1
221,21,1
220,13,1
257,34,1
248,11,1
220,9,1
224,9,1
237,41,1
257,16,1
224,11,1
249,44,1
243,4,1
213,16,1
243,29,1
246,46,1
228,46,1
227,19,1
225,39,1
238,34,1
217,36,1
225,20,1
244,33,1
226,22,1
242,27,1
232,45,1
242,1,1
236,12,1
235,26,1
235,3,1
218,36,1
223,44,1
228,24,1
220,5,1
223,27,1
242,25,1
246,15,1
234,16,1
238,36,1
244,19,1
234,1,1
227,43,1
252,42,1
253,30,1
245,41,1
238,13,1
235,43,1
226,8,1
238,47,1
233,35,1
242,25,1
220,12,1
228,37,1
234,48,1
258,19,1
220,19,1
238,30,1
244,31,1
246,23,1
236,1,1
233,48,1
250,37,1
234,8,1
239,19,1
244,24,1
241,48,1
252,38,1
218,27,1
258,33,1
259,32,1
243,30,1
237,48,1
237,10,1
255,23,1
226,26,1
230,6,1
255,11,1
237,48,1
212,26,1
221,27,1
233,16,1
216,39,1
239,1,1
240,17,1
228,5,1
225,41,1
218,23,1
222,15,1
235,25,1
240,47,1
250,26,1
238,36,1
232,9,1
218,26,1
216,33,1
235,39,1
230,18,1
227,13,1
239,34,1
250,35,1
231,43,1
221,38,1
225,33,1
248,18,1
239,27,1
245,15,1
224,36,1
219,37,1
219,19,1
227,42,1
254,13,1
236,13,1
226,26,1
238,49,1
225,37,1
230,2,1
243,36,1
236,31,1
239,47,1
213,23,1
248,27,1
215,34,1
225,11,1
247,34,1
237,25,1
255,32,1
220,7,1
244,18,1
233,27,1
253,11,1
233,8,1
250,14,1
256,31,1
224,43,1
220,29,1
211,28,1
228,22,1
245,17,1
236,47,1
237,18,1
235,14,1
244,15,1
235,24,1
248,21,1
225,17,1
249,10,1
216,10,1
248,23,1
228,44,1
237,6,1
241,37,1
220,37,1
218,28,1
257,17,1
242,33,1
235,49,1
246,31,1
243,25,1
222,43,1
245,40,1
235,47,1
237,38,1
245,41,1
248,16,1
225,22,1
252,29,1
225,13,1
245,8,1
216,18,1
235,26,1
217,10,1
215,27,1
232,32,1
234,17,1
233,9,1
251,11,1
237,24,1
226,4,1
247,10,1
231,10,1
248,24,1
216,36,1
224,46,1
225,41,1
225,24,1
222,13,1
236,49,1
236,17,1
222,12,1
218,16,1
217,8,1
241,16,1
240,40,1
252,29,1
248,27,1
230,47,1
225,21,1
214,23,1
220,45,1
248,7,1
252,20,1
222,44,1
214,31,1
236,19,1
220,32,1
220,20,1
239,15,1
223,32,1
228,46,1
248,15,1
239,21,1
243,19,1
222,6,1
256,14,1
240,28,1
220,18,1
233,14,1
235,17,1
213,17,1
237,30,1
244,27,1
217,29,1
253,12,1
235,47,1
212,21,1
240,46,1
224,17,1
233,8,1
230,27,1
226,28,1
230,1,1
229,4,1
222,34,1
248,26,1
241,23,1
220,21,1
258,21,1
221,10,1
244,20,1
215,24,1
215,16,1
221,41,1
226,24,1
248,24,1
217,16,1
217,41,1
240,18,1
234,18,1
232,33,1
254,41,1
249,25,1
230,41,1
219,12,1
248,40,1
238,48,1
232,12,1
221,27,1
231,2,1
229,16,1
222,15,1
234,31,1
259,20,1
227,25,1
259,29,1
224,37,1
219,20,1
252,34,1
238,30,1
225,23,1
239,10,1
226,8,1
240,28,1
241,1,1
234,43,1
223,37,1
257,14,1
234,17,1
243,28,1
252,39,1
248,7,1
239,26,1
252,10,1
256,22,1
240,12,1
225,23,1
252,13,1
226,30,1
239,43,1
217,11,1
225,28,1
248,27,1
221,34,1
238,18,1
217,26,1
233,43,1
245,24,1
237,11,1
227,20,1
232,8,1
231,27,1
219,37,1
217,22,1
229,11,1
223,22,1
226,34,1
224,29,1
219,43,1
257,19,1
216,22,1
238,43,1
247,4,1
236,28,1
250,30,1
257,14,1
242,43,1
245,6,1
211,26,1
252,42,1
225,7,1
243,26,1
250,34,1
214,31,1
250,16,1
244,18,1
233,7,1
216,28,1
226,33,1
216,38,1
240,39,1
258,27,1
228,12,1
247,18,1
222,35,1
223,16,1
238,10,1
220,33,1
230,11,1
238,11,1
243,40,1
233,27,1
249,35,1
249,22,1
254,19,1
244,23,1
248,17,1
229,16,1
245,23,1
228,28,1
249,41,1
246,23,1
257,34,1
252,9,1
223,40,1
221,29,1
221,38,1
216,13,1
250,8,1
245,35,1
233,30,1
243,36,1
222,34,1
226,16,1
224,21,1
216,14,1
240,42,1
225,38,1
251,39,1
221,27,1
230,40,1
239,33,1
246,14,1
252,18,1
234,33,1
230,39,1
220,41,1
229,10,1
223,25,1
230,7,1
215,40,1
246,6,1
218,30,1
220,24,1
248,20,1
214,26,1
231,6,1
216,35,1
216,34,1
248,24,1
246,36,1
211,32,1
217,33,1
243,26,1
238,36,1
250,33,1
235,38,1
250,34,1
233,18,1
251,25,1
238,17,1
212,16,1
247,41,1
218,14,1
231,2,1
235,17,1
236,3,1
222,33,1
222,16,1
248,41,1
215,21,1
232,3,1
238,10,1
220,8,1
232,33,1
238,3,1
228,34,1
252,12,1
228,42,1
255,31,1
254,10,1
220,32,1
226,31,1
227,48,1
216,36,1
238,5,1
214,36,1
232,18,1
234,5,1
234,27,1
250,37,1
216,9,1
233,36,1
233,48,1
248,8,1
219,16,1
223,43,1
239,23,1
225,15,1
222,38,1
245,21,1
218,18,1
236,27,1
242,49,1
226,35,1
228,46,1
231,8,1
248,37,1
216,9,1
225,29,1
215,37,1
229,6,1
216,27,1
251,39,1
224,15,1
225,25,1
220,7,1
226,42,1
253,21,1
231,31,1
237,38,1
234,47,1
226,16,1
236,20,1
250,16,1
228,38,1
224,7,1
215,33,1
229,46,1
247,12,1
243,43,1
220,12,1
251,18,1
237,44,1
236,42,1
235,4,1
214,15,1
243,2,1
214,16,1
234,19,1
252,38,1
254,24,1
242,43,1
248,43,1
