31,24,0
32,40,0
38,34,0
20,11,0
41,44,0
14,6,0
17,5,0
31,30,0
32,8,0
22,45,0
40,9,0
1,22,0
19,31,0
42,25,0
20,30,0
38,34,0
34,10,0
8,25,0
3,27,0
21,5,0
16,39,0
40,9,0
15,34,0
31,33,0
34,15,0
43,32,0
45,24,0
36,3,0
11,23,0
20,6,0
22,33,0
9,20,0
2,24,0
15,44,0
3,32,0
37,4,0
22,44,0
34,8,0
6,10,0
18,29,0
21,42,0
31,48,0
22,37,0
9,28,0
31,8,0
39,27,0
41,24,0
18,33,0
32,23,0
22,27,0
28,45,0
23,11,0
29,9,0
40,26,0
42,26,0
12,33,0
12,8,0
25,26,0
48,18,0
13,15,0
21,20,0
32,24,0
34,9,0
25,23,0
25,33,0
22,15,0
23,45,0
41,42,0
37,44,0
18,4,0
17,22,0
46,18,0
41,41,0
6,31,0
36,11,0
20,37,0
25,48,0
42,24,0
11,36,0
45,39,0
33,12,0
41,18,0
15,6,0
43,11,0
34,39,0
25,32,0
7,13,0
27,25,0
36,26,0
43,12,0
37,43,0
23,44,0
47,29,0
27,16,0
22,43,0
47,25,0
37,14,0
42,15,0
26,6,0
23,7,0
3,35,0
21,15,0
8,38,0
43,20,0
31,8,0
28,2,0
12,27,0
10,17,0
38,23,0
1,22,0
18,14,0
2,21,0
8,27,0
28,28,0
35,29,0
17,3,0
45,20,0
30,9,0
30,39,0
39,32,0
29,34,0
21,7,0
30,2,0
35,15,0
32,24,0
42,39,0
25,13,0
27,36,0
21,19,0
13,38,0
35,21,0
20,15,0
10,13,0
6,22,0
42,23,0
16,21,0
39,45,0
13,24,0
21,49,0
37,12,0
21,30,0
45,19,0
26,34,0
33,19,0
34,37,0
38,44,0
12,28,0
17,12,0
30,1,0
11,40,0
42,13,0
23,42,0
39,32,0
47,29,0
22,40,0
37,33,0
7,31,0
14,19,0
49,18,0
8,42,0
23,12,0
21,1,0
30,37,0
46,30,0
27,17,0
9,39,0
8,32,0
39,30,0
35,23,0
30,44,0
23,13,0
12,42,0
43,39,0
29,10,0
2,22,0
37,14,0
8,37,0
4,27,0
19,42,0
25,9,0
4,14,0
19,42,0
33,41,0
39,36,0
19,35,0
41,41,0
21,13,0
19,42,0
32,33,0
24,42,0
29,31,0
18,48,0
37,25,0
2,19,0
9,26,0
45,38,0
43,28,0
6,9,0
5,37,0
12,18,0
36,13,0
21,19,0
33,47,0
7,37,0
44,16,0
33,37,0
28,15,0
46,31,0
35,26,0
18,38,0
26,34,0
15,27,0
13,14,0
18,19,0
7,38,0
31,9,0
46,31,0
10,8,0
32,2,0
30,18,0
32,36,0
8,9,0
5,15,0
44,17,0
25,30,0
13,43,0
36,30,0
18,4,0
39,29,0
46,34,0
27,17,0
25,9,0
24,4,0
22,33,0
15,30,0
43,12,0
45,14,0
36,10,0
48,24,0
36,32,0
9,30,0
34,21,0
33,14,0
42,39,0
16,10,0
42,36,0
37,33,0
37,11,0
13,24,0
23,11,0
9,10,0
27,15,0
39,45,0
39,14,0
36,30,0
16,13,0
34,42,0
26,21,0
20,49,0
9,13,0
22,23,0
18,5,0
18,5,0
45,10,0
33,37,0
33,29,0
14,36,0
25,22,0
45,34,0
42,29,0
33,45,0
12,24,0
2,28,0
23,25,0
21,23,0
26,3,0
30,26,0
7,25,0
4,38,0
44,15,0
30,46,0
24,30,0
11,40,0
16,34,0
26,39,0
13,20,0
42,33,0
17,9,0
27,31,0
46,27,0
21,12,0
30,20,0
33,23,0
42,33,0
5,31,0
32,36,0
14,22,0
13,20,0
20,16,0
30,42,0
8,25,0
23,49,0
14,47,0
6,31,0
1,24,0
36,20,0
25,17,0
7,20,0
25,24,0
44,37,0
36,9,0
34,38,0
40,15,0
32,32,0
29,7,0
34,31,0
31,6,0
10,11,0
36,5,0
35,20,0
24,10,0
47,35,0
29,30,0
31,13,0
13,43,0
5,23,0
46,24,0
38,31,0
12,8,0
7,32,0
33,7,0
43,40,0
6,23,0
24,6,0
5,39,0
25,32,0
33,39,0
32,9,0
25,28,0
16,46,0
29,7,0
34,11,0
40,45,0
30,49,0
28,25,0
28,29,0
11,45,0
36,45,0
38,30,0
29,4,0
7,36,0
16,31,0
19,14,0
48,22,0
44,20,0
29,21,0
28,26,0
31,5,0
19,42,0
32,28,0
27,9,0
36,16,0
42,9,0
36,17,0
26,25,0
22,34,0
36,18,0
21,46,0
5,17,0
25,2,0
22,39,0
39,18,0
26,14,0
8,27,0
40,45,0
4,21,0
38,46,0
39,40,0
25,22,0
31,12,0
25,31,0
28,32,0
48,25,0
36,35,0
22,7,0
38,4,0
9,9,0
25,39,0
5,36,0
20,30,0
39,44,0
13,21,0
35,32,0
19,25,0
30,41,0
26,41,0
47,23,0
9,8,0
26,6,0
28,2,0
216,22,1
235,18,1
240,1,1
246,35,1
254,15,1
243,9,1
252,18,1
248,43,1
248,45,1
237,31,1
216,16,1
243,30,1
234,27,1
225,12,1
215,29,1
212,28,1
217,31,1
249,5,1
222,15,1
216,35,1
241,9,1
232,40,1
243,38,1
258,27,1
221,15,1
243,6,1
244,27,1
223,24,1
246,9,1
223,14,1
250,37,1
227,13,1
238,21,1
251,35,1
232,46,1
223,32,1
238,49,1
233,1,1
236,38,1
254,21,1
229,23,1
229,44,1
216,12,1
222,43,1
224,10,1
242,15,1
217,12,1
228,9,1
242,12,1
234,38,1
243,36,1
254,19,1
225,39,1
228,35,1
227,47,1
219,9,1
258,33,1
246,14,1
233,29,1
233,12,1
211,29,1
235,8,1
242,4,1
213,18,1
216,15,1
215,35,1
240,35,1
233,29,1
258,31,1
248,13,1
215,10,1
220,12,1
248,41,1
251,37,1
234,46,1
232,28,1
224,12,1
234,30,1
232,42,1
256,24,1
252,42,1
247,4,1
227,45,1
219,8,1
236,30,1
218,16,1
234,35,1
228,15,1
223,11,1
233,4,1
233,29,1
226,33,1
242,5,1
220,14,1
226,12,1
225,33,1
222,41,1
220,15,1
223,31,1
216,20,1
247,35,1
241,18,1
254,40,1
244,33,1
230,7,1
223,42,1
227,44,1
227,15,1
228,49,1
244,22,1
237,3,1
218,19,1
216,10,1
243,24,1
246,24,1
246,43,1
252,38,1
253,38,1
233,18,1
225,46,1
230,19,1
211,27,1
218,32,1
230,26,1
234,19,1
248,17,1
246,11,1
235,11,1
238,9,1
256,30,1
257,19,1
229,21,1
233,39,1
241,36,1
233,6,1
250,12,1
251,30,1
229,14,1
230,3,1
249,10,1
228,19,1
239,48,1
256,37,1
255,35,1
226,3,1
236,36,1
243,31,1
243,3,1
211,27,1
213,21,1
252,20,1
226,11,1
222,38,1
218,21,1
254,40,1
229,43,1
222,6,1
218,7,1
236,42,1
231,48,1
235,7,1
212,22,1
242,43,1
222,45,1
225,32,1
232,40,1
238,22,1
249,33,1
239,39,1
227,28,1
240,47,1
246,37,1
245,32,1
227,21,1
238,5,1
235,39,1
241,49,1
235,24,1
221,25,1
247,9,1
220,15,1
243,21,1
228,19,1
247,43,1
233,29,1
254,19,1
247,32,1
240,11,1
259,27,1
225,46,1
219,15,1
254,40,1
235,2,1
225,42,1
257,30,1
248,12,1
246,37,1
244,5,1
240,24,1
253,19,1
222,28,1
238,16,1
242,6,1
253,33,1
246,35,1
235,9,1
227,41,1
217,30,1
220,10,1
237,45,1
215,36,1
238,27,1
250,28,1
226,6,1
257,33,1
243,13,1
233,36,1
238,30,1
246,32,1
229,27,1
255,35,1
215,34,1
254,23,1
254,22,1
237,10,1
241,39,1
249,17,1
237,26,1
231,37,1
232,1,1
242,36,1
219,31,1
214,34,1
251,17,1
217,29,1
236,44,1
249,19,1
255,13,1
219,28,1
257,19,1
232,20,1
237,31,1
213,34,1
243,38,1
247,33,1
234,23,1
244,44,1
217,21,1
234,26,1
219,23,1
216,26,1
238,43,1
244,33,1
213,26,1
255,32,1
225,19,1
250,6,1
238,33,1
222,20,1
233,31,1
219,28,1
226,43,1
240,13,1
223,7,1
228,1,1
229,49,1
226,5,1
234,23,1
231,15,1
239,42,1
240,9,1
231,19,1
215,22,1
234,32,1
224,22,1
234,49,1
238,30,1
212,22,1
243,5,1
224,31,1
212,34,1
216,29,1
230,35,1
213,27,1
238,15,1
225,17,1
227,10,1
235,37,1
254,21,1
221,29,1
232,28,1
250,32,1
215,16,1
218,43,1
215,26,1
217,29,1
215,33,1
237,42,1
225,17,1
238,47,1
229,39,1
224,8,1
257,17,1
246,10,1
227,9,1
211,21,1
235,10,1
233,1,1
254,35,1
221,7,1
220,31,1
238,38,1
251,41,1
251,19,1
226,18,1
237,27,1
240,3,1
230,39,1
225,20,1
225,41,1
257,36,1
236,16,1
242,43,1
242,34,1
226,47,1
214,38,1
226,43,1
234,24,1
228,17,1
243,45,1
217,26,1
248,24,1
242,38,1
232,13,1
240,10,1
237,43,1
223,34,1
217,42,1
228,22,1
256,33,1
254,38,1
222,11,1
235,38,1
249,21,1
232,44,1
225,39,1
251,34,1
259,21,1
233,42,1
214,22,1
227,40,1
242,6,1
235,13,1
246,14,1
218,33,1
215,20,1
252,41,1
239,48,1
249,36,1
248,31,1
215,14,1
211,23,1
221,37,1
228,13,1
254,34,1
237,3,1
226,27,1
234,12,1
231,21,1
237,27,1
230,48,1
241,33,1
251,44,1
241,49,1
231,19,1
215,32,1
235,49,1
223,19,1
254,24,1
228,23,1
256,29,1
222,31,1
240,8,1
219,6,1
251,26,1
221,21,1
222,22,1
256,18,1
228,6,1
233,36,1
235,22,1
249,13,1
229,28,1
220,23,1
228,43,1
231,34,1
248,44,1
218,36,1
254,26,1
213,15,1
245,41,1
223,19,1
228,49,1
233,49,1
234,16,1
234,32,1
227,35,1
225,34,1
252,37,1
253,14,1
227,46,1
226,3,1
229,6,1
239,20,1
236,49,1
242,20,1
211,23,1
252,34,1
247,16,1
247,38,1
212,18,1
249,23,1
234,42,1
255,40,1
229,32,1
223,35,1
250,16,1
219,42,1
222,24,1
253,19,1
251,31,1
215,17,1
240,21,1
230,16,1
244,42,1
226,3,1
240,9,1
238,46,1
215,16,1
214,12,1
220,20,1
228,46,1
246,37,1
243,16,1
220,33,1
224,26,1
229,9,1
239,3,1
229,39,1
227,17,1
223,15,1
248,42,1
237,38,1
230,9,1
213,16,1
217,24,1
221,16,1
233,42,1
242,32,1
230,16,1
223,24,1
223,12,1
211,21,1
226,21,1
237,29,1
225,10,1
227,10,1
229,27,1
223,39,1
212,34,1
252,7,1
231,42,1
257,16,1
212,19,1
222,7,1
232,29,1
229,34,1
237,44,1
219,32,1
237,42,1
233,8,1
226,33,1
220,30,1
235,47,1
230,12,1
247,10,1
248,41,1
229,49,1
241,4,1
248,41,1
221,30,1
253,24,1
229,15,1
226,29,1
252,9,1
247,23,1
256,17,1
238,20,1
232,27,1
243,44,1
245,18,1
242,21,1
220,5,1
227,11,1
232,14,1
233,47,1
235,14,1
253,15,1
224,18,1
256,15,1
231,18,1
253,29,1
215,24,1
237,26,1
246,23,1
227,14,1
227,27,1
233,9,1
252,16,1
240,38,1
255,23,1
258,18,1
240,18,1
242,1,1
239,3,1
227,11,1
243,26,1
246,14,1
238,46,1
233,18,1
216,10,1
232,19,1
227,48,1
227,43,1
229,13,1
228,43,1
237,17,1
228,4,1
228,48,1
226,44,1
246,32,1
244,12,1
241,35,1
249,39,1
227,15,1
223,25,1
222,35,1
253,17,1
239,32,1
245,43,1
256,24,1
246,26,1
252,31,1
225,34,1
239,46,1
235,33,1
256,24,1
217,30,1
225,34,1
243,48,1
238,3,1
226,36,1
247,20,1
225,6,1
238,10,1
224,12,1
217,11,1
256,20,1
230,26,1
237,31,1
231,16,1
253,38,1
241,21,1
239,43,1
248,31,1
225,26,1
227,2,1
229,42,1
244,5,1
221,40,1
220,18,1
230,36,1
219,15,1
225,13,1
217,21,1
220,34,1
253,11,1
228,26,1
251,11,1
240,30,1
215,24,1
258,17,1
242,26,1
216,13,1
244,48,1
243,34,1
231,15,1
243,4,1
230,8,1
230,26,1
