22,17,0
5,12,0
19,17,0
14,17,0
14,3,0
4,30,0
5,22,0
46,21,0
27,41,0
4,28,0
27,3,0
39,7,0
23,45,0
36,7,0
18,9,0
8,24,0
45,33,0
25,3,0
21,41,0
33,9,0
27,15,0
10,6,0
35,40,0
42,22,0
40,29,0
30,41,0
35,35,0
42,8,0
48,16,0
6,29,0
22,13,0
19,35,0
26,32,0
30,36,0
45,24,0
14,23,0
43,13,0
17,5,0
33,3,0
24,47,0
11,30,0
28,13,0
45,11,0
9,15,0
29,28,0
20,42,0
10,23,0
11,23,0
36,41,0
15,8,0
2,20,0
28,28,0
28,9,0
27,27,0
32,30,0
24,29,0
7,12,0
36,22,0
18,45,0
21,21,0
25,13,0
26,9,0
17,43,0
14,23,0
39,35,0
30,15,0
21,26,0
17,47,0
24,24,0
25,31,0
47,28,0
45,40,0
40,25,0
14,31,0
26,35,0
8,12,0
24,12,0
9,9,0
5,39,0
28,29,0
42,15,0
37,29,0
27,12,0
37,24,0
46,35,0
40,5,0
37,30,0
35,44,0
14,7,0
44,14,0
24,47,0
19,14,0
24,17,0
34,20,0
25,48,0
23,21,0
21,5,0
20,27,0
12,16,0
27,8,0
45,31,0
17,6,0
4,23,0
18,10,0
22,40,0
49,32,0
22,27,0
39,11,0
49,23,0
20,9,0
30,38,0
44,9,0
42,42,0
3,23,0
29,29,0
31,12,0
19,40,0
17,40,0
7,38,0
39,5,0
23,14,0
30,9,0
15,31,0
21,6,0
40,31,0
22,2,0
46,20,0
28,48,0
15,33,0
49,32,0
45,29,0
31,49,0
25,26,0
9,40,0
17,46,0
2,19,0
37,42,0
28,43,0
37,5,0
3,18,0
21,45,0
13,5,0
10,8,0
18,38,0
31,45,0
15,35,0
10,19,0
44,21,0
28,35,0
35,7,0
11,10,0
18,5,0
37,8,0
10,45,0
37,23,0
33,38,0
38,18,0
5,13,0
37,7,0
3,33,0
34,37,0
8,14,0
22,12,0
38,31,0
12,44,0
43,37,0
34,39,0
18,7,0
22,41,0
29,33,0
21,3,0
13,12,0
4,21,0
20,36,0
12,6,0
17,37,0
15,19,0
43,32,0
47,15,0
28,11,0
19,2,0
17,32,0
16,47,0
17,43,0
2,21,0
2,20,0
13,15,0
38,34,0
7,29,0
38,26,0
27,35,0
10,44,0
36,4,0
24,45,0
39,16,0
7,21,0
48,27,0
34,5,0
39,27,0
23,6,0
34,6,0
48,31,0
39,11,0
34,32,0
18,23,0
45,27,0
17,44,0
24,41,0
10,45,0
18,5,0
32,38,0
6,30,0
33,10,0
19,15,0
14,20,0
44,14,0
23,1,0
22,1,0
39,22,0
8,28,0
42,22,0
7,17,0
7,8,0
18,25,0
33,13,0
45,15,0
19,25,0
27,7,0
15,43,0
5,32,0
42,32,0
10,37,0
23,45,0
20,40,0
20,29,0
30,9,0
23,23,0
21,22,0
24,44,0
21,29,0
21,12,0
13,18,0
47,35,0
34,13,0
12,38,0
21,29,0
33,8,0
26,49,0
11,33,0
41,43,0
23,5,0
22,20,0
4,18,0
34,7,0
32,4,0
20,7,0
31,18,0
22,40,0
1,24,0
5,15,0
15,12,0
42,13,0
40,5,0
32,35,0
5,34,0
16,6,0
13,26,0
34,20,0
35,18,0
18,48,0
19,20,0
46,27,0
27,15,0
28,35,0
26,14,0
4,21,0
23,17,0
47,25,0
27,36,0
28,6,0
44,24,0
25,29,0
26,22,0
32,45,0
47,36,0
24,14,0
17,44,0
37,39,0
19,19,0
15,44,0
18,41,0
4,27,0
35,42,0
43,18,0
13,22,0
13,5,0
36,47,0
42,33,0
22,12,0
31,13,0
45,10,0
18,39,0
25,41,0
23,25,0
36,19,0
39,11,0
45,32,0
27,32,0
41,23,0
11,28,0
16,14,0
20,16,0
42,22,0
38,28,0
30,20,0
42,32,0
42,26,0
6,35,0
24,20,0
8,32,0
25,22,0
48,25,0
14,27,0
21,13,0
36,4,0
9,38,0
25,4,0
7,14,0
28,12,0
19,42,0
23,36,0
12,27,0
28,22,0
27,16,0
41,10,0
18,37,0
8,16,0
18,35,0
22,4,0
34,9,0
29,43,0
12,34,0
3,15,0
27,2,0
16,21,0
19,14,0
6,14,0
35,3,0
17,12,0
15,21,0
0,25,0
41,8,0
35,16,0
25,15,0
29,7,0
40,33,0
36,19,0
24,2,0
35,33,0
35,37,0
17,2,0
38,13,0
5,30,0
23,21,0
16,27,0
15,6,0
32,15,0
38,21,0
32,18,0
17,11,0
39,6,0
3,18,0
38,10,0
18,17,0
43,13,0
39,45,0
16,11,0
20,12,0
16,31,0
13,28,0
46,15,0
16,2,0
13,23,0
4,31,0
26,30,0
36,40,0
21,15,0
23,31,0
32,49,0
44,23,0
22,32,0
41,23,0
18,36,0
5,29,0
29,22,0
17,10,0
23,43,0
29,40,0
33,5,0
36,37,0
225,5,1
233,47,1
238,44,1
204,17,1
208,11,1
230,6,1
203,29,1
218,31,1
242,23,1
232,18,1
220,28,1
227,2,1
213,21,1
209,40,1
214,45,1
246,32,1
244,31,1
209,27,1
218,32,1
218,19,1
244,19,1
235,38,1
242,43,1
205,19,1
231,45,1
228,19,1
225,32,1
213,23,1
212,18,1
205,38,1
202,22,1
232,13,1
245,31,1
213,22,1
228,46,1
230,6,1
218,13,1
208,19,1
231,6,1
238,10,1
230,46,1
210,35,1
228,15,1
245,26,1
229,33,1
217,24,1
226,7,1
229,6,1
248,22,1
215,42,1
209,9,1
245,19,1
244,33,1
225,50,1
218,10,1
231,5,1
202,26,1
228,36,1
225,37,1
211,25,1
212,10,1
206,39,1
207,31,1
205,28,1
247,36,1
242,22,1
204,21,1
208,22,1
218,30,1
223,10,1
210,24,1
229,16,1
217,29,1
235,44,1
240,39,1
219,11,1
219,32,1
240,8,1
202,22,1
216,34,1
218,40,1
238,19,1
239,10,1
202,16,1
211,18,1
236,30,1
230,46,1
239,11,1
202,18,1
220,24,1
225,5,1
219,24,1
214,7,1
224,7,1
214,13,1
217,39,1
216,18,1
220,13,1
203,33,1
218,5,1
227,12,1
227,29,1
215,46,1
220,34,1
213,27,1
218,49,1
211,8,1
235,18,1
211,34,1
233,29,1
211,31,1
234,32,1
222,17,1
243,16,1
216,6,1
210,21,1
207,28,1
233,41,1
247,19,1
234,13,1
231,3,1
231,9,1
202,32,1
246,38,1
241,30,1
221,23,1
245,18,1
207,9,1
208,33,1
223,8,1
248,21,1
221,31,1
238,21,1
243,9,1
229,23,1
239,29,1
224,47,1
220,34,1
227,29,1
231,24,1
208,24,1
248,19,1
246,13,1
208,14,1
214,44,1
239,35,1
228,7,1
226,17,1
246,22,1
210,43,1
228,40,1
231,44,1
235,8,1
235,27,1
241,30,1
204,18,1
242,8,1
239,26,1
234,10,1
243,42,1
215,11,1
235,22,1
236,17,1
226,13,1
246,32,1
238,9,1
245,31,1
239,10,1
207,14,1
216,5,1
220,12,1
219,36,1
236,31,1
207,24,1
202,23,1
212,22,1
216,33,1
241,19,1
245,34,1
228,3,1
215,30,1
210,17,1
209,39,1
244,16,1
218,19,1
247,36,1
210,25,1
210,20,1
224,1,1
232,31,1
234,18,1
228,25,1
233,23,1
205,10,1
228,15,1
240,23,1
207,30,1
227,22,1
222,48,1
222,16,1
235,11,1
228,15,1
216,43,1
221,49,1
223,24,1
216,32,1
240,20,1
214,37,1
241,43,1
216,40,1
218,30,1
222,36,1
225,6,1
240,40,1
211,37,1
232,17,1
209,34,1
233,14,1
228,19,1
243,36,1
235,23,1
239,7,1
232,37,1
212,7,1
222,2,1
211,43,1
225,34,1
232,29,1
204,34,1
203,15,1
221,19,1
238,12,1
209,19,1
226,36,1
232,36,1
203,36,1
215,25,1
237,43,1
236,10,1
214,11,1
231,28,1
243,18,1
228,22,1
210,15,1
240,20,1
238,4,1
221,18,1
221,33,1
234,11,1
227,2,1
243,33,1
238,11,1
246,38,1
233,7,1
217,13,1
209,26,1
243,21,1
235,5,1
206,27,1
230,7,1
234,27,1
220,3,1
249,26,1
233,44,1
228,14,1
249,32,1
220,46,1
238,22,1
210,25,1
224,10,1
225,45,1
212,15,1
237,16,1
219,35,1
242,15,1
223,29,1
205,32,1
234,16,1
204,34,1
224,45,1
209,32,1
249,25,1
220,11,1
236,38,1
217,20,1
215,27,1
215,3,1
221,5,1
230,3,1
237,17,1
246,33,1
205,25,1
220,34,1
223,3,1
213,22,1
233,2,1
246,26,1
241,8,1
218,20,1
234,43,1
232,11,1
216,24,1
224,2,1
236,36,1
236,35,1
213,18,1
209,44,1
241,31,1
230,45,1
230,16,1
207,31,1
215,24,1
202,18,1
204,13,1
217,16,1
213,16,1
236,27,1
215,39,1
209,35,1
215,46,1
206,14,1
206,40,1
226,24,1
212,6,1
224,44,1
224,6,1
214,5,1
244,16,1
211,28,1
246,38,1
237,34,1
217,37,1
234,13,1
225,7,1
212,23,1
221,27,1
223,47,1
239,18,1
233,23,1
234,10,1
216,27,1
247,17,1
215,21,1
221,49,1
239,38,1
224,14,1
205,39,1
218,7,1
237,18,1
207,21,1
214,30,1
204,38,1
206,19,1
213,45,1
238,26,1
225,38,1
218,25,1
240,36,1
205,30,1
217,3,1
223,9,1
229,29,1
206,39,1
247,29,1
229,49,1
245,38,1
238,31,1
229,37,1
213,15,1
227,18,1
225,15,1
241,39,1
235,12,1
208,32,1
240,19,1
212,29,1
231,42,1
229,23,1
234,6,1
208,29,1
212,34,1
215,17,1
210,6,1
215,13,1
224,14,1
223,4,1
208,19,1
223,36,1
218,24,1
208,16,1
225,39,1
207,20,1
233,12,1
233,47,1
219,1,1
236,15,1
223,41,1
233,48,1
215,21,1
226,28,1
229,30,1
208,21,1
210,17,1
243,11,1
249,19,1
217,3,1
204,14,1
237,5,1
201,32,1
232,14,1
243,33,1
237,6,1
230,5,1
212,31,1
207,42,1
210,18,1
205,36,1
206,25,1
232,39,1
238,16,1
209,44,1
246,33,1
210,6,1
223,14,1
246,23,1
230,44,1
233,45,1
231,34,1
224,46,1
231,20,1
215,46,1
221,4,1
222,15,1
208,19,1
231,32,1
247,17,1
231,6,1
225,13,1
242,36,1
213,7,1
221,35,1
247,31,1
221,27,1
210,23,1
221,25,1
233,25,1
206,11,1
233,20,1
217,28,1
215,23,1
223,48,1
239,15,1
247,20,1
208,28,1
219,30,1
244,41,1
223,46,1
234,32,1
241,29,1
222,43,1
242,17,1
228,21,1
220,43,1
244,35,1
214,13,1
235,8,1
225,36,1
222,5,1
221,22,1
230,47,1
223,38,1
213,34,1
211,39,1
225,28,1
208,26,1
239,24,1
223,22,1
227,3,1
218,45,1
239,13,1
220,41,1
204,33,1
214,47,1
221,12,1
207,30,1
228,46,1
248,21,1
206,39,1
209,18,1
201,23,1
242,41,1
233,36,1
226,39,1
242,34,1
218,12,1
221,28,1
245,35,1
244,22,1
214,16,1
248,26,1
230,43,1
238,42,1
217,16,1
228,30,1
237,41,1
227,8,1
246,18,1
240,7,1
240,16,1
216,5,1
234,42,1
212,44,1
224,35,1
243,15,1
222,9,1
227,6,1
237,15,1
244,13,1
223,5,1
242,18,1
213,39,1
222,21,1
215,16,1
221,44,1
201,29,1
214,22,1
232,5,1
247,32,1
219,36,1
235,15,1
217,25,1
230,44,1
238,16,1
221,16,1
236,22,1
233,5,1
204,17,1
221,11,1
246,14,1
222,40,1
239,29,1
213,32,1
210,9,1
236,4,1
215,36,1
235,11,1
201,20,1
217,12,1
243,29,1
237,42,1
232,1,1
209,24,1
224,21,1
227,8,1
240,26,1
218,35,1
242,43,1
236,25,1
207,36,1
210,45,1
227,36,1
234,6,1
221,46,1
243,20,1
231,12,1
241,34,1
233,5,1
229,40,1
241,26,1
216,25,1
208,27,1
218,12,1
202,33,1
210,45,1
216,17,1
219,46,1
230,13,1
208,15,1
227,41,1
211,7,1
214,6,1
216,17,1
223,28,1
239,6,1
236,18,1
224,16,1
202,24,1
240,31,1
227,16,1
230,13,1
222,44,1
223,38,1
223,38,1
239,32,1
234,18,1
247,17,1
226,48,1
234,13,1
243,14,1
218,8,1
