44,10,0
23,45,0
18,43,0
23,30,0
39,42,0
29,47,0
15,21,0
41,30,0
37,27,0
17,16,0
32,21,0
31,32,0
28,45,0
21,49,0
40,30,0
42,20,0
46,18,0
14,44,0
32,12,0
15,21,0
45,19,0
42,30,0
16,27,0
12,15,0
4,26,0
23,19,0
14,31,0
23,32,0
24,22,0
48,31,0
19,5,0
39,7,0
31,38,0
37,19,0
7,25,0
34,29,0
32,46,0
35,11,0
22,40,0
31,31,0
6,38,0
19,39,0
24,26,0
25,39,0
49,23,0
17,7,0
25,17,0
35,45,0
27,41,0
29,3,0
14,16,0
31,49,0
13,40,0
7,32,0
26,25,0
35,3,0
31,28,0
44,41,0
38,36,0
22,46,0
4,38,0
42,24,0
33,28,0
4,34,0
23,2,0
33,39,0
6,28,0
10,45,0
19,6,0
15,20,0
34,19,0
48,19,0
29,48,0
43,12,0
33,27,0
31,27,0
17,48,0
27,41,0
37,42,0
2,27,0
41,16,0
30,28,0
30,37,0
34,8,0
43,18,0
2,25,0
22,17,0
31,41,0
7,23,0
1,23,0
39,10,0
28,32,0
20,22,0
39,39,0
27,47,0
36,11,0
26,1,0
34,2,0
14,42,0
22,22,0
24,27,0
32,37,0
42,12,0
19,36,0
32,32,0
12,31,0
15,28,0
5,13,0
23,28,0
5,26,0
8,8,0
31,31,0
45,24,0
31,34,0
44,37,0
47,29,0
36,36,0
11,12,0
17,10,0
48,16,0
30,42,0
10,30,0
13,11,0
19,38,0
19,24,0
33,16,0
12,23,0
19,35,0
46,37,0
41,17,0
33,13,0
22,25,0
8,32,0
28,12,0
41,16,0
10,26,0
2,29,0
35,33,0
17,47,0
22,36,0
7,36,0
29,16,0
31,15,0
16,3,0
23,44,0
20,36,0
28,28,0
44,34,0
15,9,0
44,23,0
27,35,0
30,6,0
20,25,0
32,3,0
23,32,0
12,36,0
8,32,0
32,31,0
26,24,0
23,46,0
20,37,0
44,40,0
28,8,0
20,4,0
40,17,0
24,22,0
39,24,0
45,36,0
40,9,0
41,33,0
45,12,0
13,37,0
12,34,0
20,1,0
9,9,0
36,46,0
17,35,0
16,4,0
18,43,0
26,42,0
16,30,0
36,30,0
39,15,0
30,30,0
33,46,0
15,45,0
43,23,0
3,22,0
3,17,0
4,27,0
23,34,0
21,29,0
31,24,0
24,27,0
24,3,0
30,10,0
23,43,0
14,33,0
30,30,0
13,22,0
18,40,0
17,30,0
15,21,0
34,28,0
38,10,0
19,24,0
28,9,0
28,21,0
41,11,0
25,30,0
22,8,0
36,25,0
48,17,0
21,48,0
2,34,0
27,1,0
27,35,0
43,11,0
8,32,0
46,17,0
35,31,0
16,11,0
12,37,0
7,22,0
7,20,0
24,42,0
18,40,0
41,23,0
26,40,0
33,3,0
37,30,0
5,15,0
35,13,0
19,44,0
12,18,0
16,38,0
17,19,0
2,19,0
41,33,0
23,42,0
45,12,0
42,31,0
9,20,0
21,25,0
41,9,0
16,31,0
24,31,0
12,39,0
4,26,0
9,14,0
43,27,0
16,15,0
40,37,0
20,37,0
11,42,0
33,21,0
14,4,0
10,23,0
13,17,0
17,17,0
19,18,0
33,36,0
27,42,0
42,33,0
32,8,0
39,11,0
17,4,0
17,7,0
16,48,0
5,30,0
10,30,0
44,26,0
9,12,0
41,16,0
37,43,0
22,44,0
39,32,0
28,8,0
31,7,0
15,22,0
25,34,0
10,11,0
13,10,0
15,34,0
44,18,0
37,35,0
12,22,0
33,17,0
4,18,0
46,31,0
18,8,0
42,35,0
30,13,0
45,11,0
20,2,0
9,39,0
19,19,0
27,33,0
44,15,0
37,14,0
6,15,0
19,13,0
26,14,0
15,43,0
15,9,0
27,11,0
45,22,0
26,40,0
20,46,0
17,30,0
40,45,0
22,48,0
43,13,0
13,8,0
35,9,0
12,4,0
10,45,0
9,14,0
15,32,0
20,43,0
7,36,0
6,13,0
11,39,0
2,32,0
19,13,0
43,19,0
46,33,0
16,24,0
16,34,0
32,5,0
36,8,0
19,29,0
22,19,0
28,40,0
24,6,0
46,28,0
15,6,0
15,43,0
18,35,0
25,13,0
2,30,0
5,27,0
37,6,0
40,38,0
30,6,0
11,39,0
11,8,0
40,31,0
31,11,0
30,35,0
4,29,0
22,13,0
44,37,0
32,49,0
13,11,0
20,21,0
22,25,0
16,12,0
20,36,0
9,7,0
21,28,0
36,3,0
28,36,0
15,32,0
24,19,0
40,42,0
39,9,0
13,6,0
31,36,0
6,31,0
39,13,0
17,36,0
42,21,0
4,20,0
37,11,0
16,37,0
16,44,0
7,13,0
31,1,0
18,12,0
44,34,0
45,15,0
18,49,0
4,38,0
34,15,0
6,14,0
29,47,0
42,16,0
40,16,0
45,11,0
48,23,0
17,21,0
21,7,0
36,33,0
25,30,0
24,17,0
30,16,0
11,37,0
30,43,0
35,8,0
224,1,1
240,31,1
231,5,1
241,6,1
205,34,1
202,26,1
225,46,1
221,22,1
226,40,1
241,24,1
230,5,1
207,24,1
206,21,1
218,34,1
242,38,1
230,19,1
233,40,1
209,37,1
247,28,1
233,9,1
206,33,1
230,17,1
246,32,1
215,40,1
240,29,1
240,35,1
239,13,1
233,24,1
215,28,1
210,34,1
239,36,1
207,29,1
229,34,1
213,10,1
226,4,1
209,23,1
228,26,1
207,37,1
232,24,1
221,47,1
226,21,1
212,15,1
234,19,1
226,35,1
238,39,1
221,44,1
204,15,1
232,42,1
216,26,1
205,22,1
245,18,1
236,17,1
214,10,1
220,17,1
222,3,1
240,15,1
209,13,1
234,36,1
202,32,1
213,5,1
226,43,1
226,26,1
232,16,1
207,37,1
220,20,1
225,43,1
210,18,1
221,26,1
216,32,1
242,18,1
238,33,1
210,40,1
244,31,1
231,46,1
214,4,1
220,19,1
228,22,1
245,32,1
205,25,1
229,35,1
240,43,1
238,30,1
240,44,1
244,22,1
205,39,1
209,34,1
211,5,1
246,37,1
204,30,1
235,42,1
228,19,1
245,35,1
213,30,1
211,18,1
248,34,1
227,46,1
230,40,1
233,28,1
247,20,1
212,11,1
244,32,1
248,23,1
236,33,1
228,22,1
242,39,1
246,33,1
210,6,1
238,13,1
236,45,1
202,16,1
231,25,1
217,26,1
222,31,1
244,20,1
236,40,1
216,20,1
210,9,1
215,9,1
247,16,1
225,3,1
229,34,1
238,12,1
221,37,1
222,22,1
218,40,1
215,40,1
225,7,1
214,33,1
221,37,1
206,38,1
215,7,1
217,4,1
206,29,1
232,9,1
212,24,1
236,32,1
246,19,1
229,28,1
239,41,1
211,9,1
232,32,1
208,42,1
231,32,1
229,39,1
234,42,1
223,6,1
233,3,1
230,22,1
205,33,1
216,3,1
241,6,1
213,40,1
211,12,1
241,29,1
231,12,1
239,21,1
208,17,1
237,33,1
235,4,1
232,24,1
231,11,1
216,41,1
220,7,1
243,41,1
207,41,1
223,2,1
209,23,1
203,30,1
222,15,1
210,27,1
224,7,1
211,15,1
230,45,1
219,20,1
212,42,1
209,7,1
224,7,1
226,37,1
234,39,1
246,20,1
209,26,1
230,21,1
248,28,1
231,27,1
237,37,1
224,14,1
215,19,1
217,28,1
232,49,1
233,21,1
211,44,1
222,33,1
240,33,1
216,44,1
215,13,1
218,40,1
234,33,1
229,32,1
221,22,1
242,17,1
245,39,1
245,29,1
228,19,1
215,37,1
211,29,1
224,24,1
242,34,1
203,23,1
211,8,1
205,35,1
237,34,1
202,28,1
222,37,1
238,4,1
228,26,1
216,21,1
212,11,1
221,11,1
225,42,1
241,8,1
226,44,1
246,26,1
243,34,1
221,32,1
217,26,1
210,42,1
216,34,1
235,16,1
226,32,1
226,30,1
230,10,1
220,33,1
227,18,1
238,33,1
209,28,1
232,3,1
244,12,1
207,33,1
238,43,1
219,45,1
205,15,1
236,38,1
230,28,1
215,21,1
232,48,1
243,35,1
217,32,1
219,14,1
217,26,1
239,6,1
213,36,1
220,28,1
223,44,1
243,32,1
202,34,1
232,3,1
231,35,1
210,7,1
222,41,1
244,35,1
216,23,1
240,30,1
218,38,1
215,36,1
238,10,1
236,21,1
242,39,1
231,41,1
204,13,1
220,18,1
243,29,1
211,24,1
231,31,1
212,20,1
217,26,1
222,20,1
230,20,1
243,30,1
238,30,1
232,8,1
230,35,1
233,41,1
243,39,1
242,18,1
244,13,1
225,29,1
214,12,1
210,42,1
203,26,1
217,3,1
226,1,1
247,32,1
221,10,1
215,35,1
245,10,1
243,32,1
235,43,1
208,31,1
209,12,1
218,16,1
206,24,1
224,40,1
230,26,1
205,32,1
241,12,1
230,47,1
216,16,1
223,43,1
244,40,1
211,20,1
236,47,1
215,17,1
204,16,1
238,12,1
206,25,1
217,40,1
227,21,1
231,43,1
220,48,1
201,27,1
207,10,1
223,22,1
205,13,1
245,27,1
245,15,1
203,21,1
236,12,1
213,32,1
240,41,1
220,4,1
206,26,1
231,15,1
241,16,1
228,21,1
234,12,1
220,14,1
235,25,1
246,27,1
209,35,1
208,26,1
245,40,1
238,31,1
214,24,1
204,17,1
222,47,1
227,46,1
232,29,1
228,27,1
212,44,1
212,7,1
222,25,1
231,49,1
246,37,1
240,32,1
214,39,1
225,47,1
233,26,1
221,15,1
203,24,1
223,13,1
218,26,1
217,10,1
217,31,1
221,13,1
244,36,1
247,31,1
223,29,1
243,36,1
215,18,1
203,15,1
215,8,1
207,24,1
242,31,1
226,39,1
230,4,1
217,25,1
207,35,1
201,18,1
238,8,1
208,8,1
243,17,1
227,18,1
236,45,1
211,17,1
237,8,1
248,21,1
201,22,1
228,17,1
242,13,1
230,46,1
227,34,1
229,19,1
212,18,1
218,10,1
230,20,1
236,28,1
210,29,1
215,30,1
241,27,1
232,13,1
205,15,1
239,35,1
221,24,1
244,34,1
238,39,1
213,11,1
247,22,1
242,33,1
228,21,1
227,28,1
226,39,1
228,5,1
226,17,1
238,23,1
225,49,1
241,44,1
208,22,1
237,43,1
244,40,1
229,36,1
238,41,1
241,43,1
228,3,1
208,33,1
219,21,1
241,27,1
235,26,1
232,32,1
234,24,1
248,24,1
244,19,1
232,36,1
206,16,1
227,28,1
216,14,1
204,34,1
209,38,1
246,33,1
217,13,1
236,34,1
229,42,1
207,34,1
203,30,1
248,33,1
227,27,1
201,27,1
245,40,1
230,9,1
223,7,1
208,16,1
232,32,1
237,43,1
208,13,1
245,24,1
240,38,1
211,6,1
230,8,1
213,6,1
237,27,1
223,22,1
240,6,1
216,6,1
219,10,1
223,10,1
201,18,1
237,20,1
231,42,1
240,12,1
220,43,1
227,14,1
239,35,1
231,40,1
219,21,1
245,13,1
231,23,1
210,22,1
203,21,1
233,4,1
228,9,1
236,12,1
213,18,1
228,49,1
238,44,1
245,35,1
221,37,1
227,38,1
212,5,1
217,23,1
228,30,1
207,22,1
237,11,1
227,11,1
245,19,1
241,37,1
227,13,1
234,2,1
231,19,1
221,32,1
232,34,1
247,34,1
205,28,1
247,30,1
228,25,1
208,21,1
229,17,1
223,4,1
216,18,1
235,17,1
230,21,1
243,15,1
224,24,1
223,46,1
221,8,1
203,28,1
222,21,1
226,2,1
206,15,1
224,5,1
226,29,1
213,7,1
222,23,1
248,20,1
205,30,1
247,21,1
231,46,1
218,4,1
217,4,1
203,26,1
217,12,1
232,14,1
244,11,1
245,32,1
245,21,1
228,31,1
232,19,1
225,7,1
222,36,1
211,19,1
249,26,1
247,30,1
226,7,1
224,1,1
237,31,1
236,43,1
207,28,1
205,32,1
237,9,1
220,23,1
218,19,1
219,38,1
226,46,1
203,21,1
222,2,1
239,28,1
230,12,1
228,43,1
236,5,1
237,24,1
225,11,1
247,36,1
237,29,1
210,32,1
231,46,1
211,13,1
203,34,1
209,24,1
204,19,1
212,33,1
207,21,1
220,7,1
222,15,1
206,27,1
238,18,1
225,3,1
245,29,1
212,11,1
242,16,1
225,49,1
227,20,1
238,21,1
217,40,1
238,39,1
203,31,1
231,34,1
211,45,1
240,24,1
227,33,1
232,17,1
211,5,1
227,42,1
219,38,1
200,25,1
234,13,1
217,10,1
218,12,1
239,21,1
219,47,1
210,9,1
222,28,1
231,16,1
