37,38,0
40,23,0
20,18,0
29,28,0
8,34,0
27,39,0
43,42,0
41,32,0
23,5,0
23,9,0
41,13,0
20,17,0
12,4,0
38,12,0
12,45,0
19,12,0
35,18,0
36,33,0
3,25,0
11,26,0
11,7,0
15,14,0
25,37,0
10,33,0
20,36,0
13,29,0
31,5,0
27,49,0
43,39,0
35,7,0
13,27,0
17,8,0
42,9,0
46,38,0
9,13,0
19,1,0
43,22,0
40,11,0
48,23,0
40,23,0
29,46,0
11,17,0
19,29,0
40,12,0
8,39,0
39,40,0
44,34,0
18,19,0
30,42,0
37,37,0
30,38,0
36,30,0
17,4,0
47,14,0
7,33,0
9,13,0
29,15,0
10,41,0
34,44,0
4,14,0
30,20,0
33,3,0
26,15,0
29,12,0
22,33,0
34,9,0
42,14,0
32,2,0
2,32,0
31,21,0
1,23,0
28,33,0
22,26,0
41,38,0
44,24,0
23,31,0
42,16,0
43,27,0
44,19,0
31,30,0
32,17,0
38,29,0
42,42,0
44,10,0
22,37,0
20,37,0
27,30,0
1,25,0
28,11,0
18,49,0
33,42,0
11,44,0
42,31,0
14,10,0
11,30,0
12,33,0
12,42,0
48,26,0
4,34,0
40,16,0
42,39,0
33,20,0
21,21,0
25,4,0
15,13,0
36,39,0
16,9,0
44,12,0
36,37,0
46,13,0
17,11,0
15,12,0
15,37,0
9,34,0
32,23,0
40,36,0
26,18,0
37,29,0
40,23,0
22,8,0
15,12,0
13,38,0
28,47,0
24,1,0
36,26,0
10,21,0
40,41,0
7,39,0
40,35,0
4,31,0
38,19,0
4,19,0
34,37,0
43,40,0
21,35,0
30,4,0
13,14,0
23,35,0
15,26,0
13,10,0
26,18,0
7,25,0
29,16,0
2,34,0
30,38,0
28,28,0
3,17,0
27,19,0
36,45,0
35,43,0
38,37,0
42,9,0
29,23,0
40,15,0
4,15,0
5,10,0
45,13,0
32,34,0
49,30,0
22,43,0
9,9,0
35,18,0
2,24,0
16,10,0
20,39,0
19,13,0
26,9,0
16,44,0
42,8,0
31,46,0
39,44,0
27,1,0
26,40,0
44,20,0
38,29,0
5,11,0
2,34,0
17,36,0
23,1,0
11,39,0
7,11,0
26,31,0
22,14,0
34,6,0
14,4,0
30,16,0
32,46,0
31,44,0
44,33,0
25,2,0
7,27,0
29,48,0
25,31,0
46,23,0
23,37,0
28,37,0
33,24,0
33,16,0
40,15,0
8,22,0
45,27,0
5,33,0
17,12,0
14,16,0
26,34,0
3,19,0
24,11,0
14,46,0
6,34,0
12,7,0
22,18,0
22,15,0
39,23,0
30,41,0
15,7,0
13,17,0
19,10,0
22,13,0
36,34,0
45,16,0
16,10,0
10,19,0
4,25,0
33,19,0
45,29,0
39,39,0
17,45,0
23,19,0
39,23,0
23,27,0
17,47,0
30,10,0
45,25,0
2,32,0
16,47,0
8,32,0
43,38,0
22,11,0
22,19,0
41,33,0
8,19,0
14,39,0
28,9,0
17,15,0
21,24,0
14,40,0
4,15,0
48,29,0
31,30,0
4,20,0
42,28,0
14,30,0
20,28,0
28,41,0
10,30,0
36,32,0
27,21,0
22,7,0
44,38,0
41,28,0
19,9,0
12,25,0
20,14,0
17,2,0
41,42,0
41,39,0
28,40,0
46,12,0
28,23,0
41,23,0
36,43,0
45,27,0
35,36,0
40,35,0
24,25,0
2,30,0
29,6,0
44,20,0
28,28,0
4,12,0
39,29,0
4,34,0
43,28,0
33,25,0
22,24,0
30,2,0
21,37,0
39,29,0
26,19,0
27,48,0
16,32,0
45,11,0
28,33,0
33,26,0
7,23,0
2,19,0
35,46,0
16,23,0
38,46,0
6,16,0
2,28,0
11,34,0
26,40,0
18,35,0
2,24,0
28,22,0
33,6,0
35,30,0
34,35,0
18,2,0
8,8,0
28,11,0
41,38,0
19,8,0
6,31,0
31,25,0
25,44,0
33,24,0
2,30,0
32,16,0
40,32,0
38,22,0
37,27,0
11,15,0
16,7,0
25,36,0
14,14,0
40,12,0
3,32,0
29,22,0
24,19,0
28,2,0
13,37,0
5,29,0
37,12,0
31,13,0
14,37,0
1,18,0
22,24,0
12,9,0
42,35,0
19,33,0
26,18,0
5,34,0
27,37,0
29,38,0
19,36,0
26,22,0
22,29,0
25,43,0
45,21,0
27,32,0
20,16,0
19,29,0
24,14,0
29,18,0
31,41,0
26,8,0
28,47,0
27,43,0
35,41,0
31,4,0
39,39,0
22,1,0
42,35,0
39,28,0
29,8,0
31,9,0
31,9,0
25,38,0
31,22,0
38,45,0
34,17,0
44,12,0
9,15,0
17,30,0
14,36,0
15,31,0
18,8,0
19,29,0
21,27,0
44,41,0
26,48,0
6,40,0
38,21,0
24,16,0
14,18,0
10,26,0
8,30,0
33,13,0
6,9,0
20,7,0
16,26,0
35,23,0
39,41,0
39,40,0
16,30,0
32,17,0
44,24,0
19,24,0
225,27,1
231,10,1
218,25,1
246,38,1
225,12,1
235,6,1
240,10,1
218,48,1
211,30,1
214,11,1
241,28,1
225,14,1
209,25,1
219,24,1
212,18,1
243,12,1
224,36,1
220,49,1
231,33,1
241,11,1
232,42,1
242,21,1
246,19,1
204,28,1
237,37,1
213,7,1
223,45,1
240,17,1
233,42,1
213,20,1
222,40,1
228,36,1
222,2,1
240,22,1
221,5,1
224,15,1
224,24,1
215,18,1
242,37,1
213,19,1
210,18,1
230,15,1
220,38,1
226,36,1
238,16,1
217,32,1
223,47,1
215,11,1
243,15,1
244,24,1
208,19,1
214,3,1
225,41,1
229,38,1
225,34,1
224,5,1
231,8,1
225,48,1
233,37,1
235,30,1
232,42,1
236,19,1
227,39,1
224,10,1
231,38,1
233,30,1
233,6,1
229,40,1
223,32,1
246,27,1
211,24,1
209,29,1
229,28,1
212,21,1
215,44,1
230,32,1
249,28,1
221,32,1
237,9,1
219,43,1
207,42,1
244,40,1
224,38,1
220,34,1
223,7,1
243,38,1
237,34,1
208,14,1
234,28,1
215,14,1
218,20,1
214,43,1
227,22,1
234,43,1
204,22,1
239,10,1
228,29,1
218,32,1
227,25,1
206,16,1
218,46,1
214,22,1
242,19,1
247,28,1
239,32,1
212,21,1
222,38,1
237,45,1
241,9,1
213,46,1
223,2,1
216,43,1
236,43,1
227,43,1
231,30,1
206,37,1
233,33,1
244,11,1
238,37,1
218,25,1
245,22,1
228,47,1
244,40,1
221,10,1
240,39,1
204,12,1
228,39,1
233,28,1
222,48,1
203,15,1
243,12,1
219,48,1
236,27,1
233,5,1
202,24,1
242,34,1
219,48,1
249,18,1
222,5,1
233,32,1
235,4,1
207,27,1
218,24,1
214,42,1
217,29,1
228,21,1
248,27,1
224,16,1
238,43,1
220,18,1
224,2,1
214,21,1
230,46,1
226,40,1
219,13,1
220,2,1
225,18,1
221,44,1
245,22,1
228,47,1
216,22,1
232,19,1
235,28,1
232,22,1
234,32,1
235,35,1
210,12,1
208,23,1
203,26,1
231,8,1
230,3,1
244,36,1
205,25,1
235,27,1
222,49,1
231,18,1
216,38,1
234,6,1
233,17,1
229,14,1
213,15,1
243,12,1
235,22,1
215,10,1
240,41,1
233,10,1
201,23,1
242,27,1
246,13,1
209,13,1
229,19,1
249,27,1
208,19,1
218,46,1
224,44,1
202,34,1
247,17,1
248,19,1
243,21,1
213,7,1
238,30,1
235,10,1
226,16,1
225,31,1
225,9,1
227,28,1
229,30,1
207,35,1
228,34,1
218,13,1
222,22,1
234,17,1
232,43,1
213,46,1
235,6,1
205,30,1
225,0,1
214,28,1
209,14,1
233,17,1
222,24,1
241,30,1
206,12,1
224,23,1
241,11,1
232,4,1
209,7,1
206,25,1
218,29,1
203,32,1
215,15,1
221,11,1
211,23,1
219,16,1
212,6,1
225,10,1
245,36,1
223,3,1
210,13,1
223,40,1
224,47,1
219,44,1
205,28,1
206,26,1
220,16,1
234,8,1
232,18,1
215,4,1
239,40,1
240,8,1
236,4,1
204,22,1
223,48,1
222,32,1
242,17,1
216,31,1
222,15,1
202,17,1
225,37,1
245,29,1
221,10,1
216,26,1
229,4,1
215,22,1
243,37,1
229,7,1
204,20,1
228,12,1
226,16,1
234,37,1
205,30,1
235,29,1
211,11,1
216,44,1
221,42,1
228,5,1
205,26,1
220,47,1
222,39,1
214,4,1
224,7,1
249,29,1
243,38,1
201,23,1
224,30,1
239,25,1
240,45,1
236,24,1
238,16,1
221,23,1
202,21,1
224,37,1
233,46,1
214,27,1
228,21,1
208,14,1
215,20,1
229,32,1
225,4,1
207,13,1
244,13,1
233,45,1
226,44,1
233,23,1
207,8,1
209,42,1
215,43,1
207,12,1
210,24,1
235,47,1
237,23,1
217,27,1
205,21,1
204,31,1
207,27,1
216,47,1
217,47,1
240,6,1
229,23,1
227,45,1
233,38,1
215,32,1
213,38,1
226,19,1
214,8,1
227,43,1
243,12,1
209,25,1
219,49,1
229,43,1
217,20,1
207,27,1
211,40,1
208,39,1
214,46,1
244,9,1
221,21,1
230,42,1
236,46,1
227,36,1
226,23,1
225,6,1
210,45,1
230,5,1
219,37,1
220,27,1
224,48,1
238,37,1
243,40,1
224,8,1
239,30,1
213,35,1
232,16,1
203,28,1
201,23,1
247,35,1
241,36,1
241,23,1
221,36,1
228,19,1
217,35,1
214,34,1
208,22,1
241,11,1
202,22,1
219,16,1
237,5,1
212,16,1
236,39,1
245,23,1
204,36,1
225,28,1
234,19,1
224,4,1
239,32,1
242,13,1
244,10,1
236,3,1
215,39,1
207,32,1
230,39,1
207,23,1
226,30,1
246,20,1
212,10,1
214,42,1
242,15,1
230,4,1
219,29,1
219,27,1
226,2,1
248,23,1
205,16,1
202,29,1
213,34,1
207,36,1
206,15,1
247,30,1
238,39,1
215,6,1
238,13,1
246,38,1
225,38,1
221,1,1
231,34,1
240,37,1
237,15,1
234,2,1
248,28,1
227,40,1
207,27,1
234,16,1
202,25,1
208,33,1
215,36,1
241,9,1
207,29,1
211,23,1
218,42,1
208,23,1
230,22,1
234,27,1
225,5,1
228,43,1
247,16,1
208,18,1
238,31,1
226,8,1
208,12,1
222,40,1
240,32,1
241,39,1
216,23,1
232,18,1
220,27,1
246,33,1
217,4,1
235,24,1
215,42,1
227,4,1
248,18,1
214,30,1
224,16,1
207,37,1
238,42,1
247,32,1
228,43,1
222,49,1
226,6,1
208,40,1
221,34,1
233,37,1
247,15,1
224,31,1
201,19,1
209,39,1
212,21,1
228,23,1
236,15,1
231,47,1
201,31,1
225,15,1
234,32,1
213,34,1
236,21,1
236,12,1
248,21,1
204,30,1
207,23,1
220,39,1
230,22,1
232,24,1
248,22,1
233,35,1
240,24,1
247,19,1
248,34,1
204,32,1
226,32,1
208,8,1
232,13,1
235,34,1
235,28,1
221,43,1
219,32,1
204,30,1
217,35,1
231,28,1
242,24,1
238,5,1
249,31,1
224,13,1
233,46,1
227,48,1
216,7,1
238,23,1
247,30,1
220,23,1
245,34,1
245,25,1
209,23,1
238,35,1
230,20,1
207,11,1
220,36,1
237,28,1
212,36,1
208,35,1
227,8,1
219,12,1
210,11,1
210,20,1
219,30,1
206,31,1
229,14,1
224,43,1
226,32,1
235,38,1
208,39,1
220,20,1
234,2,1
222,24,1
238,20,1
246,22,1
231,1,1
216,37,1
223,13,1
219,28,1
232,2,1
223,17,1
241,40,1
218,27,1
207,34,1
239,16,1
226,47,1
222,8,1
234,47,1
229,30,1
232,15,1
245,17,1
208,16,1
232,25,1
203,31,1
211,7,1
219,1,1
210,26,1
234,15,1
247,23,1
249,24,1
220,6,1
230,37,1
229,13,1
243,8,1
232,23,1
212,11,1
212,5,1
245,14,1
208,18,1
246,31,1
221,1,1
215,19,1
244,28,1
232,36,1
242,22,1
248,32,1
216,3,1
235,16,1
223,6,1
231,42,1
221,14,1
237,10,1
221,40,1
226,37,1
215,19,1
207,35,1
238,22,1
209,21,1
241,13,1
236,33,1
232,11,1
212,20,1
204,37,1
242,32,1
210,25,1
219,37,1
203,26,1
240,40,1
218,24,1
224,36,1
235,41,1
239,16,1
222,20,1
247,34,1
209,35,1
218,33,1
221,47,1
221,47,1
230,39,1
239,43,1
229,37,1
