34,4,0
25,36,0
13,41,0
35,3,0
26,16,0
23,17,0
27,5,0
15,23,0
49,29,0
33,37,0
3,33,0
30,49,0
28,5,0
22,43,0
19,33,0
12,4,0
10,16,0
47,17,0
5,33,0
40,29,0
38,12,0
11,14,0
30,19,0
14,8,0
33,10,0
49,19,0
30,18,0
44,12,0
1,26,0
37,26,0
43,39,0
38,19,0
18,4,0
22,2,0
15,12,0
20,7,0
9,15,0
6,16,0
20,27,0
18,10,0
13,33,0
31,31,0
11,26,0
19,31,0
25,31,0
37,16,0
11,24,0
11,8,0
13,43,0
41,29,0
27,29,0
5,27,0
37,33,0
36,7,0
32,2,0
36,36,0
41,19,0
12,41,0
16,14,0
18,8,0
6,15,0
16,13,0
41,18,0
22,32,0
17,21,0
14,5,0
15,8,0
4,12,0
34,15,0
8,8,0
42,33,0
21,8,0
25,16,0
24,45,0
42,43,0
6,25,0
3,19,0
15,38,0
45,30,0
28,14,0
26,37,0
48,17,0
18,3,0
6,11,0
20,43,0
41,7,0
36,44,0
29,32,0
28,41,0
20,20,0
30,40,0
18,32,0
42,13,0
14,46,0
34,40,0
39,31,0
28,33,0
25,17,0
34,35,0
19,12,0
37,18,0
31,10,0
37,26,0
39,40,0
21,43,0
22,9,0
29,45,0
26,11,0
29,24,0
8,14,0
16,47,0
19,7,0
33,24,0
40,15,0
30,27,0
43,13,0
31,14,0
43,8,0
38,10,0
8,35,0
48,29,0
14,7,0
17,3,0
16,40,0
35,5,0
22,39,0
34,21,0
10,36,0
18,18,0
38,44,0
35,47,0
21,22,0
33,11,0
30,11,0
28,3,0
35,34,0
16,12,0
20,20,0
18,39,0
36,32,0
46,15,0
27,13,0
24,46,0
34,47,0
44,18,0
38,46,0
49,27,0
21,2,0
11,35,0
11,33,0
26,24,0
44,33,0
42,9,0
44,29,0
25,40,0
12,12,0
2,31,0
4,32,0
40,36,0
31,9,0
20,9,0
17,43,0
21,6,0
18,9,0
42,15,0
27,40,0
48,33,0
18,48,0
46,14,0
21,12,0
32,24,0
4,38,0
46,37,0
9,36,0
21,14,0
15,38,0
13,21,0
2,23,0
24,9,0
41,16,0
42,36,0
47,28,0
15,34,0
12,11,0
35,26,0
27,48,0
31,23,0
6,38,0
6,39,0
16,33,0
26,32,0
26,47,0
26,38,0
14,7,0
28,22,0
15,32,0
30,40,0
9,32,0
25,11,0
26,13,0
18,12,0
30,12,0
9,10,0
28,29,0
33,4,0
26,45,0
39,18,0
32,22,0
1,28,0
35,23,0
31,41,0
25,50,0
21,30,0
17,9,0
35,3,0
17,27,0
31,46,0
23,22,0
31,47,0
39,11,0
19,30,0
3,36,0
22,22,0
27,25,0
32,11,0
4,34,0
19,49,0
45,27,0
39,24,0
27,8,0
33,47,0
10,40,0
29,36,0
32,41,0
44,10,0
15,20,0
38,8,0
33,9,0
5,33,0
22,41,0
24,26,0
18,42,0
43,28,0
20,35,0
25,7,0
40,34,0
33,37,0
30,29,0
43,24,0
44,10,0
26,49,0
10,25,0
11,28,0
23,37,0
34,27,0
13,35,0
7,35,0
12,27,0
11,14,0
21,25,0
10,28,0
14,18,0
3,19,0
20,3,0
32,2,0
25,39,0
5,37,0
20,3,0
39,35,0
24,31,0
34,19,0
12,5,0
16,3,0
13,13,0
10,20,0
4,14,0
12,9,0
37,13,0
13,34,0
1,29,0
36,41,0
24,5,0
13,25,0
12,12,0
41,16,0
21,28,0
12,8,0
42,25,0
27,25,0
12,7,0
8,37,0
24,22,0
39,33,0
31,12,0
34,30,0
16,17,0
11,17,0
30,9,0
16,18,0
30,9,0
13,32,0
40,7,0
13,25,0
21,5,0
38,28,0
23,32,0
33,6,0
25,39,0
25,3,0
49,22,0
26,35,0
4,12,0
20,44,0
9,15,0
11,44,0
45,15,0
35,27,0
19,36,0
27,16,0
17,36,0
31,43,0
25,32,0
11,11,0
3,34,0
44,11,0
17,34,0
36,39,0
31,7,0
15,25,0
8,25,0
21,21,0
28,31,0
28,46,0
20,20,0
12,11,0
36,16,0
27,30,0
8,28,0
43,20,0
47,29,0
24,22,0
29,49,0
11,37,0
44,14,0
22,13,0
36,18,0
12,35,0
32,18,0
34,13,0
11,33,0
12,20,0
42,10,0
32,23,0
17,37,0
44,15,0
26,9,0
29,43,0
11,18,0
23,15,0
15,27,0
20,1,0
46,35,0
15,6,0
6,13,0
25,11,0
16,14,0
35,33,0
23,27,0
45,32,0
24,18,0
34,26,0
48,17,0
37,22,0
43,14,0
44,30,0
46,27,0
23,23,0
15,15,0
9,27,0
33,42,0
16,14,0
33,13,0
10,32,0
11,45,0
36,11,0
42,11,0
13,37,0
29,43,0
25,10,0
36,36,0
45,21,0
13,24,0
23,2,0
5,21,0
8,11,0
8,19,0
27,44,0
25,5,0
45,10,0
30,20,0
202,6,1
207,21,1
219,24,1
195,27,1
218,26,1
224,10,1
229,27,1
222,28,1
196,39,1
231,36,1
224,31,1
215,19,1
194,32,1
225,12,1
221,3,1
226,23,1
233,14,1
199,41,1
219,19,1
212,38,1
203,7,1
208,43,1
206,40,1
201,22,1
222,42,1
231,21,1
236,13,1
230,6,1
203,46,1
208,39,1
225,12,1
202,22,1
228,44,1
226,43,1
225,14,1
208,20,1
226,14,1
201,41,1
219,46,1
221,21,1
205,3,1
229,44,1
219,28,1
194,38,1
230,27,1
198,34,1
211,23,1
217,44,1
230,31,1
220,40,1
225,6,1
237,29,1
222,4,1
221,30,1
202,4,1
228,22,1
232,38,1
217,11,1
208,30,1
208,22,1
203,11,1
232,37,1
209,23,1
199,25,1
222,17,1
223,6,1
224,43,1
229,30,1
230,36,1
198,15,1
198,39,1
221,42,1
227,21,1
206,20,1
214,24,1
209,41,1
215,20,1
230,41,1
210,46,1
215,42,1
225,20,1
203,27,1
209,31,1
232,38,1
193,31,1
209,30,1
217,35,1
203,26,1
218,29,1
218,3,1
197,15,1
199,24,1
205,3,1
204,21,1
209,49,1
209,44,1
200,5,1
205,12,1
234,15,1
225,17,1
212,13,1
225,47,1
219,4,1
212,18,1
211,14,1
208,27,1
216,28,1
217,9,1
210,25,1
209,23,1
227,29,1
228,24,1
214,49,1
209,8,1
214,2,1
220,14,1
217,19,1
211,24,1
200,18,1
221,49,1
215,10,1
192,32,1
213,22,1
205,16,1
222,40,1
227,8,1
234,36,1
229,34,1
210,20,1
204,29,1
221,12,1
209,43,1
238,29,1
237,25,1
226,21,1
202,9,1
197,18,1
226,22,1
209,6,1
221,6,1
213,8,1
229,13,1
197,32,1
209,45,1
208,46,1
211,35,1
208,2,1
238,29,1
193,19,1
193,20,1
224,28,1
200,36,1
235,24,1
192,16,1
230,20,1
228,39,1
191,31,1
220,22,1
199,37,1
213,22,1
234,11,1
219,10,1
215,5,1
201,29,1
195,28,1
208,37,1
228,9,1
219,8,1
237,33,1
218,37,1
213,9,1
201,11,1
233,30,1
199,14,1
231,21,1
218,11,1
211,29,1
220,45,1
214,5,1
204,16,1
206,30,1
221,30,1
198,30,1
217,43,1
226,25,1
215,16,1
200,29,1
226,41,1
238,26,1
218,16,1
209,40,1
197,8,1
204,39,1
229,25,1
216,11,1
220,21,1
218,25,1
219,41,1
194,18,1
197,35,1
201,27,1
200,41,1
238,30,1
229,39,1
191,27,1
216,38,1
229,7,1
205,8,1
196,9,1
210,33,1
219,17,1
210,30,1
223,30,1
208,32,1
209,33,1
206,42,1
198,17,1
207,4,1
230,32,1
237,21,1
233,24,1
200,22,1
198,39,1
229,36,1
234,25,1
228,42,1
232,36,1
234,36,1
220,1,1
220,1,1
215,33,1
232,27,1
222,8,1
214,7,1
205,7,1
232,35,1
226,41,1
218,37,1
217,19,1
214,45,1
221,2,1
210,26,1
225,22,1
207,27,1
212,21,1
215,1,1
225,18,1
193,24,1
209,10,1
201,30,1
231,42,1
194,28,1
213,34,1
222,10,1
219,19,1
214,4,1
208,17,1
194,24,1
235,21,1
234,27,1
200,13,1
231,18,1
232,22,1
197,37,1
208,29,1
235,12,1
196,17,1
206,8,1
214,35,1
207,13,1
230,32,1
229,13,1
211,42,1
218,48,1
230,45,1
218,31,1
222,36,1
229,29,1
216,18,1
230,31,1
202,45,1
218,18,1
229,37,1
217,15,1
202,27,1
231,13,1
232,20,1
191,27,1
233,34,1
198,34,1
212,12,1
218,24,1
225,7,1
232,34,1
224,13,1
239,21,1
222,49,1
196,21,1
198,17,1
200,24,1
222,45,1
231,44,1
220,15,1
225,29,1
233,36,1
238,34,1
218,15,1
208,3,1
229,40,1
234,28,1
221,26,1
225,39,1
206,36,1
214,29,1
196,36,1
198,15,1
203,37,1
205,26,1
214,35,1
228,37,1
208,42,1
200,41,1
217,40,1
220,8,1
198,25,1
214,9,1
221,3,1
215,20,1
230,34,1
204,29,1
196,13,1
196,33,1
221,23,1
228,42,1
211,14,1
220,3,1
206,23,1
206,37,1
211,27,1
191,18,1
223,23,1
237,27,1
227,38,1
218,27,1
205,47,1
239,23,1
209,43,1
208,17,1
206,16,1
201,20,1
209,39,1
207,3,1
211,42,1
195,11,1
207,29,1
219,2,1
232,31,1
211,35,1
201,6,1
227,39,1
228,8,1
194,34,1
219,13,1
216,38,1
227,37,1
219,39,1
230,17,1
194,19,1
219,10,1
198,20,1
218,7,1
198,41,1
198,9,1
213,13,1
219,38,1
219,24,1
193,15,1
203,10,1
217,19,1
212,1,1
194,35,1
198,39,1
217,1,1
212,43,1
205,15,1
201,10,1
232,31,1
196,41,1
200,6,1
193,28,1
209,30,1
220,30,1
205,15,1
215,5,1
220,33,1
224,18,1
222,4,1
204,29,1
216,29,1
213,35,1
218,13,1
194,20,1
209,13,1
205,18,1
212,4,1
217,15,1
221,20,1
208,7,1
232,22,1
235,18,1
205,5,1
213,37,1
220,25,1
212,28,1
232,11,1
215,37,1
223,8,1
204,13,1
225,46,1
232,24,1
235,17,1
231,9,1
224,18,1
206,34,1
210,39,1
223,14,1
204,10,1
195,17,1
207,25,1
205,30,1
214,30,1
202,32,1
230,29,1
209,47,1
214,9,1
195,34,1
214,26,1
206,19,1
202,8,1
196,16,1
208,30,1
199,36,1
228,4,1
225,39,1
227,22,1
221,43,1
203,5,1
199,11,1
204,19,1
211,7,1
202,44,1
224,35,1
213,38,1
213,26,1
225,11,1
225,10,1
205,47,1
205,11,1
218,34,1
229,31,1
223,19,1
215,17,1
234,16,1
205,16,1
200,22,1
214,14,1
196,29,1
223,44,1
220,37,1
207,29,1
208,25,1
229,5,1
210,12,1
208,5,1
221,21,1
197,10,1
220,5,1
196,29,1
194,19,1
213,5,1
233,14,1
201,16,1
220,32,1
226,19,1
222,9,1
196,34,1
201,43,1
226,21,1
225,5,1
213,12,1
230,29,1
232,14,1
209,16,1
202,14,1
235,12,1
209,22,1
231,18,1
219,32,1
204,38,1
216,23,1
225,22,1
225,41,1
199,36,1
215,39,1
228,38,1
227,32,1
209,49,1
199,17,1
205,23,1
226,39,1
197,20,1
203,12,1
236,29,1
212,45,1
231,21,1
208,26,1
198,29,1
221,39,1
230,7,1
226,3,1
226,36,1
231,13,1
197,40,1
198,41,1
212,24,1
233,24,1
204,47,1
208,26,1
211,21,1
214,3,1
209,49,1
208,37,1
203,38,1
210,22,1
205,26,1
204,26,1
232,41,1
221,12,1
227,39,1
212,2,1
228,41,1
210,31,1
236,15,1
225,28,1
206,29,1
228,40,1
202,7,1
198,12,1
216,38,1
209,8,1
220,24,1
225,23,1
226,11,1
206,16,1
204,36,1
234,18,1
204,28,1
221,6,1
232,42,1
210,33,1
239,25,1
216,36,1
204,11,1
212,13,1
197,36,1
211,46,1
206,28,1
221,3,1
192,32,1
207,40,1
218,44,1
205,45,1
226,31,1
224,30,1
222,8,1
228,42,1
226,28,1
197,10,1
217,29,1
226,46,1
213,22,1
228,11,1
215,0,1
196,29,1
225,34,1
235,13,1
221,38,1
215,45,1
198,7,1
211,47,1
207,13,1
207,2,1
194,28,1
216,15,1
221,38,1
222,44,1
207,34,1
204,40,1
216,33,1
238,16,1
