2,17,0
30,43,0
10,42,0
18,6,0
21,48,0
17,39,0
25,10,0
19,48,0
16,25,0
22,27,0
16,11,0
10,44,0
11,10,0
12,16,0
10,41,0
29,12,0
46,25,0
35,42,0
33,40,0
43,13,0
20,16,0
31,42,0
15,20,0
43,19,0
16,23,0
39,18,0
27,10,0
32,34,0
28,39,0
29,11,0
32,16,0
26,10,0
31,30,0
41,21,0
37,4,0
13,19,0
37,4,0
41,34,0
6,30,0
23,43,0
25,34,0
27,13,0
28,3,0
19,12,0
8,8,0
26,6,0
25,28,0
35,5,0
34,19,0
13,6,0
45,16,0
36,6,0
38,34,0
37,29,0
37,38,0
34,2,0
24,6,0
43,31,0
41,35,0
28,15,0
16,34,0
9,18,0
46,24,0
48,26,0
38,28,0
5,36,0
41,17,0
24,6,0
37,45,0
34,23,0
28,38,0
33,7,0
14,14,0
29,25,0
12,5,0
39,19,0
6,13,0
39,7,0
29,11,0
39,27,0
29,32,0
17,37,0
34,18,0
15,15,0
36,45,0
2,28,0
45,23,0
19,16,0
39,31,0
4,26,0
28,40,0
12,21,0
13,13,0
31,32,0
2,21,0
16,20,0
19,15,0
18,36,0
19,7,0
25,10,0
8,35,0
32,49,0
45,28,0
18,20,0
33,27,0
12,12,0
42,37,0
32,48,0
5,22,0
46,37,0
19,37,0
6,14,0
42,37,0
35,11,0
41,23,0
6,32,0
13,21,0
18,45,0
11,11,0
25,14,0
35,20,0
13,38,0
22,23,0
13,24,0
23,22,0
24,20,0
21,7,0
28,33,0
29,49,0
8,25,0
50,25,0
27,49,0
32,19,0
24,7,0
17,25,0
17,25,0
24,27,0
24,22,0
13,37,0
35,19,0
42,24,0
26,47,0
28,13,0
38,12,0
20,24,0
3,26,0
5,15,0
33,39,0
10,14,0
13,28,0
48,16,0
38,25,0
8,24,0
24,39,0
23,17,0
16,39,0
25,3,0
22,12,0
36,42,0
23,32,0
5,31,0
30,32,0
11,21,0
24,10,0
30,25,0
13,8,0
13,4,0
26,21,0
47,20,0
1,30,0
28,33,0
9,40,0
8,15,0
48,16,0
10,37,0
8,7,0
10,10,0
35,38,0
19,44,0
25,50,0
36,8,0
35,41,0
44,31,0
31,27,0
4,33,0
21,9,0
29,33,0
43,25,0
31,45,0
4,35,0
4,20,0
44,41,0
30,15,0
7,22,0
41,40,0
33,9,0
5,39,0
26,18,0
4,23,0
20,33,0
41,31,0
33,23,0
21,48,0
1,28,0
10,38,0
16,42,0
8,37,0
18,46,0
24,11,0
13,4,0
41,10,0
9,39,0
12,22,0
17,31,0
40,29,0
6,37,0
13,44,0
11,30,0
20,3,0
49,19,0
27,12,0
23,38,0
16,7,0
33,41,0
44,25,0
17,20,0
1,27,0
24,47,0
19,40,0
20,42,0
2,27,0
22,41,0
15,39,0
19,41,0
21,29,0
25,0,0
24,26,0
1,32,0
27,47,0
19,26,0
29,14,0
28,35,0
46,34,0
39,29,0
37,42,0
24,39,0
20,42,0
30,18,0
17,25,0
11,6,0
11,16,0
21,5,0
33,29,0
29,35,0
40,24,0
28,39,0
12,34,0
45,10,0
33,40,0
32,1,0
29,43,0
17,47,0
4,36,0
39,32,0
38,23,0
9,8,0
25,3,0
23,1,0
15,17,0
43,25,0
14,13,0
38,41,0
45,31,0
43,34,0
49,26,0
46,13,0
37,36,0
9,39,0
19,40,0
24,13,0
38,42,0
23,1,0
48,21,0
48,16,0
45,10,0
8,39,0
32,42,0
21,21,0
36,17,0
21,15,0
10,37,0
12,20,0
37,18,0
21,23,0
5,19,0
10,21,0
16,47,0
43,17,0
14,36,0
10,38,0
24,47,0
44,41,0
47,32,0
20,5,0
30,37,0
19,35,0
6,36,0
35,45,0
13,42,0
0,25,0
10,32,0
20,13,0
15,42,0
44,14,0
17,37,0
49,21,0
19,6,0
16,42,0
28,33,0
28,44,0
30,37,0
23,30,0
36,26,0
14,24,0
40,39,0
7,8,0
44,9,0
23,13,0
14,26,0
22,2,0
19,18,0
13,46,0
18,23,0
18,15,0
29,9,0
4,28,0
23,18,0
22,21,0
2,30,0
30,41,0
18,7,0
31,23,0
20,21,0
26,27,0
42,30,0
23,16,0
42,13,0
35,45,0
39,15,0
32,2,0
34,30,0
29,39,0
12,28,0
39,28,0
48,26,0
18,4,0
25,42,0
15,6,0
46,30,0
2,33,0
34,3,0
21,15,0
22,16,0
42,28,0
13,13,0
38,9,0
12,36,0
38,22,0
2,18,0
36,21,0
39,33,0
28,10,0
22,24,0
43,37,0
21,25,0
48,31,0
39,9,0
40,20,0
28,21,0
22,1,0
16,34,0
5,29,0
11,6,0
23,49,0
20,26,0
15,31,0
20,43,0
16,32,0
17,22,0
16,43,0
36,45,0
41,10,0
19,5,0
46,16,0
36,46,0
30,19,0
36,29,0
1,21,0
46,24,0
45,13,0
224,34,1
206,48,1
208,18,1
191,32,1
224,38,1
229,6,1
210,38,1
230,10,1
228,23,1
224,38,1
236,35,1
206,9,1
206,37,1
191,26,1
193,29,1
235,17,1
225,27,1
226,27,1
236,28,1
193,18,1
225,42,1
234,37,1
229,42,1
224,42,1
213,47,1
207,39,1
215,49,1
238,25,1
214,7,1
201,7,1
221,42,1
230,33,1
231,38,1
224,4,1
222,48,1
222,43,1
212,26,1
196,40,1
223,45,1
231,14,1
220,48,1
211,41,1
219,48,1
212,39,1
207,27,1
208,35,1
206,7,1
225,5,1
223,2,1
232,25,1
226,17,1
220,49,1
203,13,1
197,20,1
196,23,1
209,43,1
219,15,1
215,26,1
217,45,1
227,39,1
214,42,1
212,9,1
225,10,1
224,45,1
205,25,1
223,41,1
237,19,1
206,25,1
220,20,1
234,29,1
200,12,1
232,31,1
217,18,1
218,4,1
197,29,1
196,40,1
212,26,1
210,10,1
230,18,1
209,27,1
210,29,1
216,12,1
218,27,1
213,14,1
230,12,1
235,24,1
232,9,1
214,40,1
218,5,1
222,45,1
205,29,1
216,25,1
196,25,1
196,13,1
220,8,1
231,38,1
215,39,1
212,40,1
229,12,1
232,43,1
221,6,1
223,42,1
197,13,1
216,25,1
234,23,1
201,8,1
213,26,1
233,33,1
210,20,1
239,23,1
219,19,1
216,46,1
230,30,1
207,47,1
221,3,1
204,7,1
205,29,1
214,3,1
202,19,1
212,23,1
206,27,1
219,9,1
210,49,1
223,26,1
234,36,1
229,8,1
229,19,1
214,34,1
236,37,1
229,41,1
224,48,1
237,29,1
223,29,1
222,43,1
192,19,1
225,16,1
195,21,1
227,29,1
239,29,1
223,43,1
209,13,1
203,7,1
199,36,1
200,39,1
210,40,1
209,5,1
200,10,1
223,20,1
219,32,1
228,20,1
209,12,1
208,18,1
219,7,1
227,45,1
229,39,1
214,4,1
208,42,1
214,1,1
200,9,1
194,26,1
198,12,1
216,14,1
238,17,1
218,3,1
215,28,1
205,39,1
224,23,1
227,10,1
237,25,1
212,27,1
207,43,1
209,38,1
192,27,1
233,25,1
204,6,1
203,4,1
207,2,1
210,40,1
216,39,1
233,26,1
201,37,1
223,25,1
207,41,1
223,23,1
206,32,1
205,44,1
208,14,1
229,18,1
228,18,1
205,46,1
203,39,1
195,13,1
226,23,1
196,20,1
223,13,1
231,17,1
193,19,1
208,35,1
225,39,1
205,11,1
203,17,1
194,36,1
212,5,1
227,4,1
195,23,1
236,35,1
233,30,1
228,25,1
233,17,1
195,12,1
194,19,1
220,37,1
227,19,1
212,34,1
217,16,1
197,12,1
227,31,1
212,2,1
211,31,1
220,31,1
204,44,1
216,5,1
200,18,1
213,9,1
213,32,1
194,21,1
212,1,1
225,40,1
204,27,1
232,9,1
224,36,1
221,4,1
202,46,1
226,20,1
212,5,1
213,2,1
238,16,1
222,32,1
212,39,1
201,21,1
197,9,1
218,18,1
224,14,1
209,48,1
195,39,1
206,28,1
228,45,1
209,25,1
210,34,1
199,27,1
206,46,1
222,17,1
200,8,1
202,36,1
223,34,1
236,30,1
192,23,1
195,15,1
213,46,1
234,35,1
215,5,1
234,13,1
198,9,1
216,18,1
239,20,1
222,33,1
239,22,1
224,3,1
225,41,1
201,37,1
204,4,1
227,30,1
197,39,1
218,48,1
199,14,1
202,38,1
217,39,1
206,27,1
223,34,1
199,16,1
210,44,1
217,45,1
232,16,1
217,12,1
204,17,1
228,6,1
196,24,1
232,41,1
213,35,1
223,4,1
193,14,1
236,28,1
235,29,1
222,28,1
220,6,1
230,42,1
222,17,1
215,20,1
209,39,1
222,23,1
211,3,1
215,3,1
213,20,1
220,23,1
206,42,1
215,0,1
227,25,1
205,28,1
197,37,1
216,41,1
227,36,1
217,33,1
236,32,1
212,24,1
225,18,1
225,38,1
225,4,1
194,12,1
237,18,1
214,34,1
209,25,1
216,49,1
192,32,1
218,27,1
195,28,1
228,5,1
220,27,1
229,7,1
220,17,1
193,21,1
196,32,1
226,36,1
204,16,1
223,43,1
216,34,1
219,30,1
224,32,1
207,3,1
214,27,1
218,44,1
220,34,1
232,17,1
221,7,1
228,45,1
193,36,1
218,17,1
200,9,1
228,24,1
198,22,1
226,44,1
208,26,1
223,11,1
232,22,1
205,19,1
216,37,1
218,45,1
205,41,1
200,5,1
225,16,1
203,13,1
234,17,1
215,21,1
204,10,1
209,3,1
230,8,1
199,39,1
202,34,1
235,35,1
207,45,1
225,31,1
234,9,1
216,15,1
201,36,1
218,42,1
194,19,1
200,29,1
210,47,1
203,21,1
196,30,1
221,2,1
206,35,1
202,5,1
211,9,1
201,32,1
221,6,1
232,13,1
218,38,1
222,8,1
205,44,1
213,19,1
230,19,1
216,10,1
199,32,1
201,5,1
233,12,1
217,1,1
211,17,1
204,46,1
218,26,1
210,34,1
208,27,1
204,47,1
224,4,1
215,49,1
234,40,1
212,43,1
214,5,1
213,44,1
211,46,1
225,10,1
211,15,1
220,11,1
224,2,1
214,42,1
227,39,1
202,14,1
220,19,1
212,7,1
211,28,1
215,38,1
192,34,1
213,25,1
228,17,1
222,5,1
207,47,1
234,32,1
229,28,1
224,36,1
205,26,1
218,12,1
236,34,1
197,36,1
225,22,1
237,34,1
221,40,1
235,18,1
221,35,1
210,1,1
213,26,1
230,13,1
209,48,1
214,25,1
205,23,1
224,38,1
231,22,1
199,16,1
210,39,1
211,23,1
206,12,1
234,10,1
221,24,1
229,42,1
213,14,1
192,20,1
213,34,1
199,14,1
234,29,1
233,17,1
205,20,1
233,16,1
232,7,1
233,8,1
204,24,1
239,26,1
219,43,1
224,24,1
228,31,1
216,1,1
220,47,1
215,34,1
207,31,1
195,25,1
231,6,1
214,14,1
206,2,1
225,39,1
228,26,1
229,23,1
200,34,1
220,9,1
221,47,1
207,17,1
197,24,1
221,4,1
207,18,1
216,39,1
216,43,1
230,43,1
194,15,1
192,16,1
215,22,1
233,31,1
223,21,1
213,46,1
225,25,1
211,11,1
194,27,1
202,7,1
219,17,1
193,24,1
202,12,1
214,34,1
211,3,1
217,46,1
207,40,1
226,34,1
227,8,1
196,31,1
237,24,1
224,44,1
232,42,1
202,29,1
223,44,1
215,44,1
211,43,1
195,19,1
214,8,1
199,28,1
222,43,1
218,22,1
200,25,1
234,10,1
228,7,1
226,15,1
208,47,1
239,27,1
231,42,1
225,13,1
217,34,1
225,33,1
209,6,1
216,6,1
213,13,1
211,41,1
223,15,1
208,30,1
222,38,1
210,10,1
211,36,1
201,11,1
235,22,1
201,32,1
211,28,1
227,15,1
220,18,1
233,35,1
200,33,1
202,22,1
200,9,1
233,34,1
204,14,1
209,24,1
208,15,1
218,30,1
224,25,1
195,37,1
231,30,1
218,31,1
205,16,1
230,7,1
204,3,1
228,46,1
203,6,1
201,37,1
211,11,1
205,33,1
215,3,1
217,3,1
212,47,1
230,27,1
217,32,1
219,11,1
212,45,1
224,35,1
195,39,1
218,26,1
231,18,1
219,10,1
206,46,1
225,24,1
200,31,1
231,31,1
210,13,1
216,49,1
206,9,1
200,23,1
238,28,1
206,42,1
213,29,1
193,23,1
233,16,1
198,8,1
215,8,1
209,46,1
211,45,1
207,43,1
209,17,1
223,9,1
193,15,1
235,10,1
