6,32,0
40,9,0
43,39,0
13,12,0
13,40,0
13,6,0
36,39,0
23,47,0
30,48,0
40,38,0
4,20,0
35,28,0
12,4,0
38,4,0
44,15,0
45,22,0
33,32,0
40,13,0
41,32,0
44,27,0
41,27,0
7,15,0
20,30,0
45,21,0
7,17,0
7,8,0
26,32,0
18,10,0
24,10,0
6,22,0
46,38,0
43,22,0
32,19,0
41,17,0
18,29,0
34,29,0
25,21,0
20,40,0
30,34,0
22,33,0
31,9,0
17,33,0
42,30,0
16,32,0
33,39,0
15,25,0
41,39,0
18,10,0
31,48,0
22,25,0
42,32,0
17,22,0
36,34,0
22,34,0
33,8,0
15,25,0
34,39,0
28,34,0
13,37,0
24,48,0
7,10,0
25,38,0
11,32,0
20,25,0
40,28,0
29,39,0
26,17,0
12,39,0
5,19,0
30,8,0
24,44,0
48,27,0
8,14,0
29,32,0
6,26,0
23,22,0
28,48,0
4,24,0
39,40,0
28,32,0
1,19,0
13,6,0
42,11,0
7,9,0
15,9,0
48,29,0
22,5,0
40,30,0
31,28,0
36,13,0
26,1,0
38,4,0
42,38,0
19,1,0
28,16,0
19,22,0
22,18,0
35,3,0
19,3,0
39,24,0
35,31,0
47,18,0
16,2,0
10,19,0
27,28,0
4,28,0
38,15,0
35,37,0
23,1,0
3,18,0
12,15,0
9,15,0
45,39,0
43,33,0
19,6,0
39,26,0
15,22,0
7,39,0
24,22,0
23,12,0
5,38,0
33,8,0
24,38,0
36,4,0
5,20,0
41,35,0
8,13,0
38,29,0
39,23,0
37,42,0
31,13,0
22,39,0
20,47,0
6,41,0
20,41,0
19,22,0
11,27,0
10,34,0
49,27,0
21,19,0
42,32,0
13,15,0
4,26,0
14,24,0
35,15,0
11,15,0
7,38,0
6,36,0
23,28,0
21,16,0
36,31,0
48,17,0
27,17,0
13,46,0
36,21,0
8,37,0
3,29,0
15,26,0
34,30,0
2,24,0
12,5,0
29,11,0
35,45,0
13,4,0
15,22,0
44,13,0
12,5,0
47,29,0
42,7,0
9,26,0
22,6,0
5,16,0
40,14,0
38,20,0
15,19,0
26,10,0
35,35,0
34,25,0
8,13,0
16,46,0
18,17,0
42,42,0
39,9,0
22,11,0
18,45,0
33,23,0
26,41,0
29,28,0
30,4,0
22,15,0
10,45,0
18,43,0
45,22,0
41,37,0
26,23,0
42,11,0
43,27,0
5,31,0
6,16,0
17,15,0
6,22,0
17,36,0
24,20,0
1,24,0
15,10,0
26,9,0
25,46,0
49,28,0
24,22,0
17,20,0
6,21,0
17,6,0
37,23,0
1,29,0
19,3,0
3,26,0
21,41,0
43,30,0
14,40,0
8,33,0
13,7,0
22,29,0
11,14,0
17,36,0
3,14,0
49,28,0
11,30,0
37,7,0
20,35,0
7,23,0
6,34,0
10,5,0
11,32,0
14,13,0
27,45,0
2,27,0
48,25,0
27,46,0
20,35,0
5,40,0
21,44,0
40,40,0
4,31,0
28,19,0
4,13,0
2,23,0
38,45,0
33,47,0
26,40,0
14,33,0
21,18,0
32,18,0
34,34,0
38,18,0
43,29,0
34,26,0
20,49,0
17,8,0
13,9,0
25,1,0
35,14,0
35,20,0
16,33,0
22,13,0
19,28,0
11,18,0
34,9,0
38,8,0
27,31,0
43,35,0
25,28,0
12,26,0
41,12,0
20,30,0
26,41,0
30,30,0
43,24,0
36,46,0
37,28,0
38,46,0
48,33,0
28,1,0
38,38,0
24,3,0
7,37,0
20,40,0
43,15,0
10,32,0
34,38,0
42,32,0
45,13,0
18,17,0
23,31,0
12,46,0
33,29,0
34,16,0
38,25,0
18,17,0
28,38,0
14,7,0
29,27,0
32,44,0
43,41,0
18,15,0
45,13,0
24,6,0
5,39,0
29,38,0
42,39,0
15,17,0
4,33,0
19,21,0
19,44,0
45,23,0
27,44,0
10,9,0
46,35,0
37,40,0
21,47,0
49,20,0
16,10,0
12,15,0
10,11,0
23,15,0
35,40,0
38,27,0
21,49,0
45,23,0
21,18,0
42,42,0
26,20,0
36,7,0
24,34,0
19,24,0
34,29,0
27,5,0
46,14,0
13,5,0
33,12,0
21,48,0
9,36,0
2,18,0
12,8,0
21,15,0
34,9,0
32,48,0
26,2,0
3,18,0
3,35,0
21,23,0
31,8,0
12,36,0
28,27,0
48,27,0
13,10,0
45,31,0
38,26,0
45,30,0
25,25,0
10,29,0
17,5,0
38,46,0
14,37,0
3,24,0
23,49,0
28,35,0
23,24,0
17,10,0
6,15,0
36,37,0
12,17,0
4,26,0
15,43,0
6,35,0
33,9,0
6,34,0
26,15,0
11,9,0
40,8,0
35,10,0
10,8,0
4,20,0
13,7,0
32,47,0
26,42,0
3,35,0
31,40,0
38,34,0
37,25,0
32,30,0
5,29,0
17,33,0
47,32,0
42,9,0
19,25,0
23,42,0
14,23,0
49,25,0
22,27,0
14,4,0
227,21,1
191,24,1
211,31,1
209,24,1
203,29,1
215,22,1
238,19,1
212,3,1
210,16,1
202,4,1
202,42,1
216,22,1
216,7,1
237,23,1
233,25,1
218,30,1
217,19,1
205,45,1
203,28,1
230,33,1
234,26,1
225,28,1
228,30,1
220,36,1
226,44,1
211,31,1
231,16,1
232,9,1
216,40,1
218,23,1
216,27,1
224,5,1
211,6,1
198,7,1
217,45,1
208,14,1
221,22,1
208,18,1
224,6,1
191,18,1
216,26,1
226,39,1
212,16,1
217,12,1
200,37,1
223,28,1
203,12,1
213,21,1
211,44,1
226,16,1
206,40,1
217,21,1
215,41,1
224,22,1
214,22,1
212,5,1
204,30,1
215,16,1
193,28,1
204,30,1
223,8,1
199,33,1
214,39,1
224,44,1
224,46,1
219,1,1
215,46,1
228,35,1
193,29,1
209,14,1
237,15,1
219,24,1
205,21,1
225,44,1
211,25,1
206,12,1
195,12,1
216,30,1
227,44,1
223,17,1
192,21,1
233,34,1
208,23,1
234,36,1
238,20,1
218,12,1
199,39,1
205,31,1
198,39,1
235,30,1
230,24,1
200,25,1
201,38,1
207,46,1
216,39,1
216,6,1
217,21,1
220,33,1
219,11,1
210,48,1
237,18,1
209,29,1
207,18,1
207,17,1
206,40,1
219,12,1
211,39,1
208,33,1
202,21,1
221,32,1
220,38,1
207,36,1
206,44,1
215,14,1
235,30,1
232,21,1
205,9,1
218,11,1
209,13,1
211,5,1
221,27,1
216,38,1
207,24,1
194,21,1
220,29,1
229,26,1
204,30,1
233,36,1
220,29,1
206,47,1
231,13,1
214,45,1
220,3,1
211,30,1
229,27,1
232,22,1
200,38,1
214,36,1
229,8,1
222,25,1
218,3,1
229,25,1
215,4,1
215,10,1
206,3,1
222,43,1
192,28,1
232,28,1
210,4,1
206,36,1
220,11,1
209,18,1
236,12,1
200,31,1
217,46,1
235,18,1
220,17,1
215,1,1
207,37,1
200,28,1
213,28,1
195,26,1
223,22,1
215,28,1
191,32,1
230,34,1
194,38,1
227,40,1
209,44,1
201,13,1
209,40,1
197,42,1
206,22,1
231,40,1
225,21,1
216,47,1
205,40,1
190,25,1
239,21,1
196,34,1
231,42,1
215,41,1
215,16,1
232,9,1
213,31,1
209,41,1
191,18,1
197,23,1
221,35,1
211,1,1
203,28,1
208,47,1
207,37,1
226,11,1
228,6,1
214,29,1
206,43,1
216,32,1
220,34,1
216,40,1
198,26,1
218,14,1
209,39,1
220,47,1
213,14,1
204,12,1
223,33,1
216,40,1
198,36,1
203,25,1
211,44,1
205,34,1
215,48,1
209,46,1
194,32,1
222,35,1
215,24,1
207,23,1
237,15,1
239,28,1
223,43,1
232,10,1
218,16,1
218,47,1
204,37,1
209,19,1
205,19,1
204,29,1
194,21,1
208,43,1
198,34,1
239,20,1
198,36,1
220,18,1
223,18,1
229,34,1
225,6,1
205,4,1
222,49,1
227,10,1
202,11,1
216,34,1
217,12,1
215,48,1
211,21,1
216,15,1
221,4,1
217,16,1
230,33,1
216,4,1
205,33,1
197,10,1
197,17,1
232,20,1
220,45,1
218,33,1
215,35,1
194,25,1
206,32,1
213,31,1
222,13,1
224,28,1
230,6,1
212,14,1
214,17,1
212,35,1
231,42,1
194,31,1
210,13,1
200,10,1
233,34,1
204,30,1
216,39,1
209,39,1
208,35,1
213,45,1
205,10,1
221,31,1
239,25,1
223,12,1
208,16,1
236,13,1
227,15,1
201,34,1
218,7,1
221,12,1
223,6,1
195,23,1
219,47,1
236,23,1
227,43,1
210,3,1
225,43,1
208,10,1
202,9,1
224,40,1
228,24,1
218,40,1
237,27,1
191,20,1
191,25,1
201,25,1
205,15,1
217,47,1
214,41,1
206,43,1
223,12,1
203,16,1
218,28,1
214,4,1
227,35,1
223,12,1
225,30,1
225,16,1
198,24,1
232,17,1
192,17,1
199,43,1
209,12,1
210,48,1
224,7,1
203,39,1
194,29,1
236,28,1
226,39,1
204,11,1
203,34,1
232,32,1
222,6,1
197,19,1
216,16,1
205,6,1
212,39,1
211,28,1
193,27,1
197,35,1
216,25,1
219,9,1
222,45,1
195,14,1
236,16,1
209,17,1
221,32,1
223,43,1
213,20,1
217,41,1
226,34,1
209,6,1
222,49,1
209,48,1
197,9,1
217,31,1
197,25,1
219,6,1
239,23,1
237,26,1
202,16,1
238,20,1
203,13,1
217,7,1
218,34,1
224,32,1
196,29,1
219,25,1
198,28,1
212,44,1
223,43,1
201,6,1
223,41,1
237,32,1
225,40,1
234,39,1
223,13,1
210,3,1
231,11,1
208,42,1
202,4,1
215,2,1
213,22,1
201,19,1
239,24,1
235,21,1
191,27,1
201,27,1
225,41,1
214,34,1
199,38,1
219,44,1
209,35,1
224,31,1
211,21,1
234,36,1
232,43,1
201,12,1
206,22,1
218,47,1
222,47,1
201,28,1
203,17,1
219,20,1
193,17,1
210,10,1
230,21,1
215,48,1
201,28,1
196,39,1
237,35,1
214,16,1
229,34,1
211,28,1
221,12,1
195,31,1
229,15,1
238,24,1
193,15,1
199,44,1
193,21,1
215,50,1
211,36,1
209,14,1
235,40,1
213,29,1
196,41,1
211,9,1
225,40,1
200,30,1
224,37,1
207,7,1
224,9,1
196,11,1
206,38,1
227,40,1
220,23,1
194,22,1
207,34,1
223,26,1
218,17,1
221,41,1
196,20,1
220,37,1
199,33,1
203,6,1
214,15,1
196,35,1
212,22,1
203,5,1
207,44,1
209,23,1
230,13,1
216,42,1
197,20,1
209,21,1
221,15,1
202,25,1
224,5,1
238,27,1
196,34,1
207,33,1
233,18,1
213,31,1
225,37,1
203,6,1
223,19,1
205,9,1
227,12,1
221,37,1
222,22,1
221,27,1
192,21,1
201,9,1
210,26,1
230,19,1
234,11,1
209,21,1
239,28,1
217,6,1
218,25,1
212,41,1
203,45,1
228,4,1
198,17,1
191,24,1
199,10,1
230,27,1
220,18,1
237,24,1
217,15,1
219,24,1
230,35,1
226,47,1
210,18,1
226,40,1
213,38,1
218,35,1
200,20,1
214,35,1
193,36,1
212,14,1
234,17,1
218,41,1
238,20,1
227,40,1
209,1,1
232,20,1
223,41,1
210,27,1
203,33,1
207,36,1
222,10,1
197,41,1
212,6,1
220,10,1
223,6,1
232,15,1
196,19,1
203,36,1
219,4,1
223,48,1
199,43,1
206,32,1
217,14,1
224,8,1
209,22,1
203,11,1
223,19,1
209,40,1
219,24,1
224,23,1
206,48,1
229,30,1
220,47,1
196,35,1
203,18,1
232,26,1
223,42,1
209,18,1
233,10,1
214,20,1
222,13,1
217,43,1
225,31,1
198,38,1
207,38,1
216,46,1
206,25,1
210,3,1
212,40,1
211,18,1
226,29,1
228,13,1
230,9,1
208,39,1
217,31,1
214,34,1
233,28,1
208,48,1
212,43,1
190,25,1
205,47,1
230,26,1
204,14,1
214,44,1
207,41,1
206,18,1
210,42,1
220,47,1
209,11,1
199,10,1
209,3,1
217,21,1
202,33,1
236,16,1
209,11,1
201,40,1
229,38,1
214,33,1
221,45,1
215,32,1
218,4,1
239,21,1
223,10,1
194,31,1
199,44,1
217,25,1
209,7,1
200,29,1
197,19,1
201,43,1
231,6,1
212,35,1
208,1,1
214,3,1
220,19,1
210,42,1
218,47,1
214,21,1
210,7,1
212,44,1
197,23,1
214,31,1
