15,20,0
37,5,0
30,27,0
24,19,0
8,11,0
14,13,0
5,31,0
37,17,0
10,18,0
26,41,0
17,26,0
24,3,0
9,9,0
20,48,0
46,35,0
12,10,0
15,34,0
47,17,0
42,20,0
21,32,0
30,47,0
15,43,0
40,6,0
13,9,0
10,21,0
26,45,0
9,13,0
38,19,0
43,16,0
13,31,0
34,2,0
34,40,0
10,41,0
27,32,0
42,29,0
22,4,0
23,12,0
22,33,0
22,28,0
16,40,0
41,33,0
31,12,0
31,20,0
41,9,0
27,24,0
30,30,0
37,11,0
5,39,0
21,25,0
19,15,0
9,27,0
42,24,0
22,29,0
22,15,0
7,14,0
12,20,0
37,30,0
15,7,0
24,42,0
8,38,0
25,12,0
16,45,0
10,18,0
14,43,0
23,41,0
17,33,0
13,44,0
12,14,0
32,41,0
43,26,0
11,20,0
37,8,0
25,3,0
29,44,0
21,14,0
23,36,0
38,21,0
24,19,0
6,14,0
27,28,0
34,19,0
43,34,0
8,15,0
32,39,0
35,25,0
21,26,0
7,35,0
5,22,0
40,34,0
26,8,0
26,16,0
38,39,0
20,14,0
3,15,0
3,19,0
5,20,0
47,30,0
25,21,0
16,28,0
23,34,0
34,3,0
36,7,0
35,14,0
31,45,0
5,32,0
25,50,0
23,30,0
29,42,0
32,5,0
40,5,0
31,20,0
25,15,0
41,34,0
30,30,0
40,8,0
23,6,0
48,33,0
12,18,0
45,18,0
4,23,0
12,16,0
19,13,0
18,35,0
38,28,0
20,36,0
20,10,0
36,33,0
36,4,0
40,5,0
45,17,0
17,22,0
8,31,0
19,14,0
47,17,0
45,22,0
34,31,0
3,31,0
38,45,0
47,34,0
42,26,0
1,21,0
37,7,0
44,20,0
10,18,0
29,46,0
16,40,0
5,40,0
28,47,0
21,15,0
26,9,0
15,14,0
45,14,0
20,16,0
29,16,0
46,24,0
38,34,0
36,25,0
45,20,0
34,33,0
12,14,0
15,34,0
23,18,0
8,15,0
33,5,0
21,48,0
12,31,0
28,43,0
42,21,0
49,23,0
17,20,0
35,46,0
41,20,0
34,10,0
28,18,0
21,39,0
49,22,0
38,14,0
28,8,0
4,30,0
32,9,0
36,25,0
32,1,0
10,32,0
30,38,0
8,13,0
13,5,0
20,49,0
17,34,0
12,8,0
15,44,0
26,7,0
42,37,0
13,20,0
11,5,0
31,15,0
27,9,0
39,45,0
47,33,0
19,10,0
30,14,0
37,41,0
20,27,0
38,23,0
10,31,0
10,13,0
19,19,0
24,13,0
43,20,0
11,20,0
10,44,0
29,40,0
28,42,0
23,44,0
31,20,0
45,25,0
19,16,0
27,44,0
13,12,0
17,15,0
9,22,0
7,27,0
9,27,0
18,2,0
44,36,0
31,7,0
15,18,0
47,33,0
39,12,0
40,39,0
27,39,0
36,7,0
22,40,0
10,41,0
38,27,0
6,23,0
11,8,0
34,29,0
9,35,0
30,28,0
18,38,0
25,30,0
3,18,0
36,8,0
29,5,0
22,28,0
6,31,0
20,43,0
35,20,0
44,22,0
33,9,0
6,37,0
42,20,0
2,34,0
15,39,0
44,24,0
34,46,0
10,16,0
32,7,0
28,7,0
24,39,0
9,19,0
18,19,0
9,31,0
23,11,0
42,40,0
46,33,0
30,49,0
18,37,0
12,4,0
10,37,0
32,16,0
41,27,0
10,7,0
14,13,0
15,21,0
34,30,0
46,17,0
39,41,0
16,29,0
13,40,0
42,24,0
23,44,0
21,48,0
40,10,0
24,4,0
31,1,0
42,18,0
40,43,0
35,29,0
5,34,0
5,15,0
11,23,0
8,36,0
31,7,0
39,45,0
33,36,0
6,17,0
22,30,0
23,44,0
39,41,0
23,22,0
12,11,0
8,25,0
33,10,0
24,39,0
4,15,0
6,25,0
30,13,0
27,27,0
33,19,0
25,48,0
45,11,0
35,28,0
45,20,0
33,5,0
38,46,0
36,45,0
16,31,0
6,12,0
33,17,0
28,11,0
37,34,0
43,32,0
10,14,0
36,23,0
7,22,0
37,36,0
37,29,0
38,4,0
30,5,0
36,19,0
34,19,0
23,42,0
15,39,0
4,33,0
46,19,0
9,7,0
27,27,0
36,32,0
34,35,0
20,20,0
27,34,0
11,33,0
33,11,0
22,13,0
15,23,0
17,9,0
46,20,0
3,36,0
14,27,0
34,18,0
41,12,0
21,46,0
41,18,0
27,28,0
45,37,0
43,23,0
9,28,0
9,42,0
29,20,0
23,36,0
24,40,0
28,35,0
45,15,0
11,40,0
40,5,0
23,3,0
39,12,0
26,44,0
39,8,0
9,9,0
9,42,0
18,30,0
40,16,0
10,18,0
25,43,0
36,19,0
19,24,0
31,47,0
21,43,0
43,38,0
9,28,0
12,10,0
20,37,0
30,4,0
18,46,0
5,21,0
4,23,0
43,24,0
25,0,0
36,5,0
38,14,0
41,40,0
37,42,0
27,13,0
31,34,0
12,12,0
27,20,0
43,23,0
9,10,0
218,16,1
194,28,1
204,24,1
183,6,1
190,19,1
187,47,1
180,29,1
175,23,1
211,34,1
191,19,1
178,31,1
198,10,1
208,12,1
207,11,1
211,28,1
191,14,1
204,4,1
195,30,1
205,19,1
216,25,1
206,17,1
195,6,1
200,12,1
204,16,1
204,17,1
181,5,1
211,16,1
198,47,1
189,7,1
185,27,1
201,29,1
208,16,1
211,15,1
180,8,1
185,41,1
184,44,1
195,1,1
181,24,1
191,48,1
188,22,1
202,6,1
188,33,1
178,15,1
209,33,1
177,11,1
213,17,1
215,15,1
201,19,1
180,30,1
187,35,1
192,25,1
179,37,1
202,18,1
209,6,1
206,23,1
215,29,1
193,2,1
204,34,1
188,34,1
172,27,1
186,25,1
200,28,1
173,26,1
199,23,1
195,47,1
186,22,1
206,31,1
200,45,1
209,31,1
185,18,1
190,2,1
184,18,1
176,37,1
205,7,1
212,31,1
215,19,1
193,3,1
172,21,1
212,30,1
184,15,1
201,39,1
190,42,1
210,7,1
178,34,1
182,39,1
188,36,1
192,45,1
186,31,1
215,15,1
181,28,1
187,48,1
202,13,1
200,30,1
177,28,1
209,6,1
188,24,1
194,47,1
211,36,1
209,41,1
209,15,1
214,31,1
210,26,1
202,46,1
190,16,1
171,25,1
214,23,1
192,10,1
215,24,1
203,6,1
176,24,1
210,28,1
194,49,1
203,25,1
219,21,1
218,23,1
208,40,1
183,20,1
192,26,1
173,35,1
188,24,1
184,16,1
179,31,1
182,4,1
190,26,1
216,13,1
194,46,1
192,43,1
202,14,1
195,41,1
176,16,1
178,26,1
192,35,1
205,20,1
197,2,1
190,43,1
188,10,1
199,25,1
197,24,1
176,39,1
189,45,1
190,15,1
204,7,1
206,4,1
187,14,1
196,27,1
207,14,1
204,18,1
197,19,1
193,44,1
172,24,1
205,10,1
204,36,1
199,44,1
195,32,1
192,38,1
191,42,1
181,18,1
195,29,1
181,40,1
205,22,1
188,10,1
195,13,1
195,36,1
195,33,1
191,5,1
178,23,1
201,33,1
193,17,1
194,34,1
191,10,1
193,11,1
200,49,1
186,29,1
192,2,1
210,31,1
207,15,1
189,29,1
201,15,1
200,25,1
193,23,1
209,13,1
195,31,1
203,19,1
212,9,1
187,2,1
216,19,1
190,47,1
201,4,1
203,41,1
191,24,1
206,24,1
208,4,1
209,6,1
178,23,1
190,33,1
197,30,1
205,5,1
193,4,1
177,11,1
179,20,1
209,14,1
198,12,1
200,42,1
193,28,1
194,7,1
214,41,1
196,49,1
204,43,1
210,29,1
187,7,1
204,11,1
201,15,1
186,37,1
192,12,1
182,33,1
210,36,1
177,19,1
214,10,1
184,12,1
214,26,1
215,34,1
180,30,1
184,16,1
203,46,1
195,38,1
175,28,1
189,13,1
204,23,1
190,24,1
182,11,1
197,25,1
202,27,1
216,19,1
184,29,1
180,44,1
187,18,1
218,29,1
185,6,1
193,16,1
195,10,1
181,43,1
212,29,1
207,12,1
202,14,1
180,39,1
195,6,1
197,45,1
198,1,1
203,10,1
191,29,1
183,6,1
190,40,1
195,26,1
184,4,1
173,18,1
194,13,1
190,4,1
196,1,1
192,20,1
176,35,1
216,31,1
209,21,1
176,24,1
203,29,1
209,6,1
176,26,1
212,18,1
178,34,1
201,24,1
174,31,1
198,18,1
216,29,1
206,8,1
215,13,1
194,48,1
187,4,1
213,41,1
207,18,1
179,39,1
203,42,1
201,1,1
213,35,1
186,44,1
213,30,1
190,40,1
186,43,1
197,24,1
191,37,1
184,15,1
202,35,1
206,38,1
180,21,1
188,3,1
203,11,1
204,16,1
202,30,1
200,27,1
180,45,1
204,35,1
192,10,1
203,33,1
188,12,1
195,23,1
196,35,1
171,22,1
187,30,1
200,7,1
184,12,1
208,9,1
215,36,1
173,26,1
198,18,1
197,29,1
216,18,1
187,27,1
212,27,1
182,30,1
182,12,1
178,20,1
206,47,1
196,8,1
176,26,1
211,17,1
189,3,1
183,14,1
196,14,1
172,33,1
204,4,1
190,39,1
208,19,1
199,1,1
206,5,1
213,16,1
193,42,1
205,14,1
200,26,1
188,35,1
218,32,1
177,39,1
193,5,1
180,12,1
207,19,1
191,29,1
171,27,1
214,21,1
212,25,1
195,3,1
171,27,1
200,21,1
208,14,1
219,19,1
188,33,1
180,9,1
195,25,1
198,10,1
208,26,1
183,18,1
182,8,1
192,19,1
199,47,1
197,49,1
202,49,1
199,4,1
214,41,1
204,11,1
208,27,1
185,13,1
216,15,1
214,29,1
215,30,1
172,32,1
195,14,1
203,6,1
197,45,1
207,39,1
200,28,1
196,37,1
187,22,1
191,25,1
201,4,1
191,19,1
191,5,1
177,27,1
174,20,1
212,13,1
197,49,1
185,18,1
174,21,1
206,28,1
206,36,1
173,32,1
200,14,1
193,9,1
187,44,1
202,27,1
211,11,1
204,2,1
204,14,1
211,11,1
184,41,1
176,28,1
176,10,1
193,47,1
216,17,1
184,11,1
205,22,1
187,27,1
200,13,1
200,37,1
210,40,1
179,6,1
212,41,1
198,26,1
186,23,1
213,28,1
191,47,1
202,47,1
182,11,1
200,40,1
199,27,1
185,40,1
185,27,1
196,45,1
194,45,1
213,20,1
216,37,1
220,25,1
179,16,1
204,44,1
192,38,1
205,35,1
183,46,1
214,9,1
178,8,1
175,24,1
219,20,1
201,43,1
208,20,1
202,48,1
207,9,1
187,9,1
183,33,1
206,19,1
199,8,1
191,11,1
192,17,1
212,12,1
188,18,1
201,9,1
198,25,1
182,34,1
210,38,1
194,38,1
215,36,1
171,32,1
178,17,1
190,46,1
198,13,1
193,35,1
218,34,1
213,12,1
191,31,1
208,23,1
180,17,1
181,30,1
214,12,1
191,16,1
185,15,1
181,27,1
192,41,1
177,31,1
196,16,1
209,42,1
191,36,1
208,36,1
180,30,1
211,30,1
171,31,1
204,22,1
192,12,1
200,11,1
219,19,1
218,34,1
191,17,1
178,37,1
217,17,1
215,39,1
176,39,1
174,17,1
175,29,1
189,6,1
209,43,1
202,31,1
213,40,1
193,35,1
196,13,1
214,37,1
199,28,1
203,47,1
188,35,1
193,10,1
179,19,1
173,36,1
199,40,1
188,38,1
206,9,1
205,26,1
210,43,1
203,6,1
210,45,1
188,8,1
218,16,1
176,9,1
174,24,1
198,20,1
191,48,1
194,38,1
198,49,1
185,24,1
187,47,1
187,9,1
194,20,1
197,45,1
196,11,1
208,32,1
199,4,1
173,24,1
178,9,1
210,10,1
201,20,1
213,41,1
176,32,1
197,35,1
211,33,1
212,15,1
192,5,1
210,24,1
194,26,1
196,12,1
204,4,1
198,41,1
190,25,1
219,25,1
200,32,1
181,31,1
180,29,1
200,30,1
192,1,1
185,13,1
192,34,1
203,42,1
194,7,1
179,34,1
195,16,1
217,30,1
182,14,1
179,39,1
214,28,1
184,13,1
179,36,1
209,11,1
193,44,1
185,22,1
189,10,1
208,29,1
211,13,1
198,17,1
209,40,1
187,40,1
196,11,1
210,19,1
194,28,1
171,25,1
202,2,1
191,35,1
191,27,1
190,17,1
177,31,1
176,11,1
206,46,1
183,27,1
202,11,1
209,21,1
207,32,1
201,45,1
189,4,1
208,21,1
210,7,1
174,36,1
193,46,1
207,9,1
188,17,1
205,20,1
172,31,1
188,36,1
194,21,1
199,17,1
176,39,1
179,17,1
206,11,1
