23,15,0
16,31,0
5,27,0
43,35,0
19,37,0
18,25,0
22,45,0
33,20,0
18,11,0
6,32,0
37,35,0
7,30,0
39,26,0
8,36,0
25,48,0
35,43,0
8,26,0
44,33,0
18,28,0
28,16,0
2,27,0
10,24,0
44,22,0
36,22,0
13,23,0
14,5,0
3,18,0
3,14,0
11,44,0
47,33,0
28,13,0
12,7,0
41,8,0
48,25,0
30,5,0
34,40,0
16,48,0
43,31,0
26,32,0
25,35,0
16,5,0
22,8,0
21,31,0
30,12,0
22,44,0
28,42,0
15,22,0
15,46,0
23,19,0
19,3,0
10,9,0
6,10,0
17,23,0
13,34,0
41,8,0
14,17,0
31,31,0
13,20,0
15,45,0
16,47,0
20,27,0
26,24,0
22,37,0
39,12,0
19,11,0
41,16,0
9,12,0
35,12,0
11,43,0
42,30,0
21,12,0
11,44,0
7,16,0
20,21,0
27,44,0
39,24,0
10,16,0
22,35,0
37,6,0
19,7,0
35,4,0
26,43,0
47,17,0
22,25,0
19,42,0
37,12,0
25,39,0
35,18,0
40,37,0
29,16,0
42,35,0
28,20,0
23,47,0
2,27,0
11,7,0
16,47,0
10,29,0
41,14,0
29,22,0
11,20,0
16,43,0
25,17,0
23,29,0
33,15,0
17,44,0
26,49,0
36,9,0
20,26,0
2,24,0
41,6,0
12,46,0
44,36,0
40,22,0
32,10,0
4,28,0
22,27,0
38,4,0
19,24,0
16,18,0
46,27,0
31,25,0
28,15,0
36,40,0
30,13,0
22,29,0
4,12,0
25,25,0
39,39,0
18,28,0
26,1,0
21,9,0
7,35,0
11,37,0
46,38,0
22,20,0
27,42,0
42,35,0
43,41,0
11,25,0
28,16,0
37,8,0
28,17,0
10,39,0
11,30,0
40,7,0
43,37,0
14,9,0
30,22,0
3,29,0
46,18,0
2,22,0
20,19,0
47,26,0
8,21,0
36,20,0
6,36,0
5,39,0
16,22,0
19,17,0
8,16,0
27,35,0
19,24,0
36,15,0
37,27,0
49,24,0
14,24,0
43,34,0
17,34,0
44,11,0
29,32,0
26,42,0
40,8,0
37,10,0
37,25,0
7,33,0
25,10,0
4,23,0
34,14,0
6,20,0
46,34,0
20,28,0
37,29,0
19,30,0
23,28,0
28,25,0
43,10,0
14,30,0
28,26,0
1,21,0
15,38,0
13,24,0
2,18,0
25,6,0
20,26,0
27,40,0
26,2,0
13,45,0
43,30,0
45,11,0
14,17,0
28,39,0
3,36,0
20,15,0
29,18,0
3,25,0
22,48,0
20,26,0
43,23,0
36,35,0
28,17,0
13,39,0
40,12,0
17,4,0
34,34,0
39,42,0
13,19,0
17,15,0
23,35,0
37,40,0
41,19,0
28,44,0
7,30,0
29,32,0
42,22,0
20,31,0
27,30,0
16,39,0
32,31,0
28,10,0
15,4,0
37,17,0
15,19,0
38,10,0
4,30,0
47,19,0
12,8,0
45,40,0
38,39,0
34,7,0
36,9,0
9,27,0
29,15,0
22,25,0
43,26,0
10,32,0
35,10,0
40,9,0
26,15,0
17,23,0
35,37,0
27,20,0
44,20,0
47,23,0
40,8,0
26,32,0
14,42,0
23,20,0
37,26,0
42,40,0
24,40,0
43,32,0
34,47,0
17,47,0
10,32,0
4,27,0
16,42,0
30,33,0
27,30,0
32,26,0
6,15,0
26,33,0
9,14,0
23,37,0
29,17,0
21,16,0
23,49,0
33,29,0
49,22,0
30,15,0
13,22,0
49,20,0
28,37,0
32,5,0
43,25,0
23,47,0
42,15,0
14,13,0
9,27,0
35,10,0
32,11,0
20,46,0
49,25,0
21,20,0
22,22,0
26,25,0
34,10,0
38,43,0
29,4,0
36,24,0
7,38,0
33,45,0
41,44,0
30,22,0
25,0,0
32,44,0
8,11,0
43,10,0
23,47,0
47,24,0
7,10,0
6,18,0
48,33,0
8,13,0
45,32,0
37,24,0
20,6,0
16,28,0
37,44,0
46,16,0
47,21,0
26,17,0
30,1,0
17,31,0
24,19,0
32,45,0
34,14,0
26,25,0
40,13,0
1,32,0
2,29,0
32,1,0
35,6,0
25,13,0
26,27,0
47,35,0
10,27,0
36,15,0
31,34,0
20,2,0
11,42,0
37,36,0
18,30,0
44,38,0
35,20,0
14,8,0
30,9,0
28,34,0
14,35,0
6,30,0
29,41,0
30,15,0
38,41,0
27,3,0
19,25,0
28,17,0
30,41,0
15,18,0
45,21,0
39,41,0
40,43,0
2,16,0
37,24,0
36,13,0
7,9,0
23,44,0
37,40,0
36,5,0
32,45,0
30,30,0
13,40,0
33,7,0
18,40,0
36,44,0
35,21,0
28,45,0
43,26,0
7,38,0
37,46,0
41,22,0
48,20,0
2,29,0
13,41,0
4,33,0
19,18,0
37,29,0
31,16,0
40,41,0
26,16,0
23,17,0
18,32,0
15,26,0
18,31,0
9,34,0
44,28,0
22,32,0
16,41,0
31,25,0
34,22,0
37,5,0
25,17,0
171,26,1
188,17,1
205,45,1
189,21,1
219,24,1
207,29,1
216,18,1
194,12,1
187,45,1
205,5,1
173,27,1
202,49,1
210,24,1
187,32,1
190,12,1
203,33,1
180,16,1
180,35,1
212,31,1
195,23,1
192,46,1
199,32,1
196,44,1
173,19,1
204,31,1
217,21,1
210,31,1
190,3,1
215,33,1
211,36,1
209,15,1
209,32,1
183,18,1
210,6,1
204,35,1
199,33,1
172,33,1
182,16,1
191,33,1
176,33,1
190,8,1
211,21,1
205,28,1
199,45,1
202,5,1
218,20,1
202,20,1
191,21,1
179,33,1
187,13,1
192,27,1
206,23,1
212,27,1
213,41,1
187,32,1
203,43,1
217,14,1
178,13,1
212,7,1
208,29,1
190,44,1
189,17,1
174,25,1
199,13,1
195,30,1
193,9,1
197,6,1
196,18,1
188,25,1
209,18,1
205,27,1
204,13,1
180,27,1
180,44,1
198,28,1
183,19,1
187,44,1
196,2,1
217,29,1
200,36,1
181,38,1
187,4,1
213,30,1
192,2,1
189,20,1
171,24,1
183,11,1
197,29,1
210,8,1
186,17,1
185,35,1
203,10,1
178,19,1
185,8,1
193,15,1
197,11,1
214,23,1
184,25,1
189,30,1
202,30,1
196,33,1
173,18,1
181,25,1
209,18,1
197,32,1
198,19,1
211,7,1
191,11,1
200,39,1
213,30,1
175,38,1
180,39,1
186,45,1
200,15,1
191,2,1
202,22,1
194,40,1
176,18,1
214,32,1
219,22,1
196,47,1
206,14,1
200,30,1
175,22,1
206,28,1
216,32,1
190,6,1
185,11,1
211,41,1
204,44,1
211,32,1
194,14,1
186,6,1
200,10,1
176,10,1
197,2,1
203,4,1
210,35,1
206,14,1
193,40,1
172,16,1
201,14,1
181,35,1
189,38,1
175,28,1
216,26,1
203,29,1
202,26,1
177,10,1
193,13,1
206,43,1
197,18,1
173,26,1
176,15,1
201,36,1
206,43,1
212,29,1
179,12,1
171,21,1
215,35,1
203,28,1
192,45,1
194,26,1
209,19,1
199,2,1
175,25,1
194,8,1
194,24,1
215,15,1
217,20,1
187,3,1
186,35,1
193,39,1
195,2,1
210,5,1
207,28,1
182,37,1
196,5,1
197,17,1
208,21,1
187,15,1
207,11,1
195,46,1
180,27,1
178,15,1
215,14,1
195,41,1
182,19,1
209,11,1
189,36,1
199,39,1
179,44,1
174,23,1
192,16,1
201,38,1
200,21,1
214,22,1
193,4,1
194,39,1
191,26,1
201,20,1
196,35,1
180,18,1
186,4,1
198,37,1
197,6,1
175,36,1
172,30,1
201,31,1
200,11,1
189,5,1
213,26,1
190,41,1
178,38,1
214,17,1
212,9,1
211,26,1
191,27,1
178,14,1
191,16,1
198,5,1
211,26,1
200,24,1
207,30,1
200,26,1
202,18,1
201,13,1
211,12,1
197,48,1
199,37,1
172,25,1
195,17,1
183,39,1
188,27,1
193,20,1
174,13,1
211,10,1
209,34,1
200,12,1
190,27,1
194,42,1
207,17,1
174,25,1
189,3,1
194,17,1
201,6,1
171,20,1
175,18,1
181,45,1
199,41,1
174,23,1
207,29,1
195,9,1
193,10,1
176,13,1
198,12,1
174,38,1
206,44,1
182,43,1
213,13,1
200,38,1
208,14,1
171,21,1
172,23,1
192,5,1
173,23,1
173,19,1
196,9,1
177,8,1
182,12,1
182,15,1
204,29,1
216,15,1
183,28,1
219,24,1
192,10,1
198,2,1
197,8,1
208,33,1
202,11,1
191,1,1
217,14,1
184,6,1
198,41,1
204,36,1
187,18,1
185,5,1
186,33,1
216,38,1
207,24,1
178,40,1
190,33,1
183,14,1
204,12,1
175,36,1
213,27,1
206,47,1
184,22,1
184,41,1
185,47,1
205,5,1
208,37,1
197,32,1
192,15,1
212,34,1
199,20,1
185,27,1
218,24,1
202,7,1
205,13,1
197,29,1
214,26,1
212,13,1
191,10,1
191,1,1
205,12,1
182,42,1
184,29,1
214,10,1
183,20,1
181,26,1
196,20,1
206,25,1
188,5,1
193,25,1
174,32,1
197,45,1
202,28,1
173,21,1
173,36,1
185,5,1
204,44,1
189,32,1
180,18,1
196,10,1
200,9,1
190,13,1
190,17,1
186,5,1
192,16,1
199,15,1
173,28,1
179,31,1
186,4,1
194,17,1
207,36,1
185,9,1
219,22,1
179,8,1
209,32,1
179,44,1
194,10,1
189,39,1
184,16,1
195,12,1
199,18,1
212,27,1
215,10,1
183,21,1
213,29,1
208,26,1
211,8,1
186,14,1
191,42,1
186,14,1
176,11,1
186,11,1
202,42,1
181,11,1
182,13,1
199,6,1
183,46,1
201,19,1
180,21,1
203,11,1
191,23,1
187,47,1
198,9,1
175,36,1
198,21,1
183,13,1
208,24,1
187,4,1
185,44,1
179,15,1
212,16,1
202,1,1
177,23,1
196,46,1
186,32,1
185,19,1
201,1,1
203,18,1
181,14,1
210,38,1
200,31,1
177,42,1
212,36,1
177,41,1
183,8,1
206,11,1
206,24,1
216,31,1
195,38,1
193,39,1
191,5,1
202,2,1
189,36,1
216,26,1
208,10,1
176,40,1
209,37,1
193,22,1
209,7,1
199,1,1
205,45,1
183,40,1
203,43,1
179,27,1
191,9,1
216,38,1
200,11,1
194,13,1
204,45,1
182,6,1
193,28,1
202,3,1
177,32,1
199,33,1
209,18,1
177,11,1
217,29,1
176,15,1
189,39,1
177,27,1
177,40,1
211,39,1
202,36,1
190,39,1
211,44,1
210,5,1
180,14,1
207,17,1
174,35,1
199,34,1
212,32,1
199,42,1
200,48,1
172,20,1
188,34,1
172,30,1
188,37,1
185,31,1
203,44,1
202,25,1
194,49,1
219,18,1
195,18,1
200,1,1
195,46,1
204,13,1
171,19,1
199,22,1
198,4,1
209,32,1
210,44,1
171,31,1
178,17,1
207,38,1
185,35,1
195,6,1
206,18,1
172,19,1
177,28,1
179,15,1
191,24,1
211,9,1
181,23,1
183,35,1
205,20,1
182,21,1
198,26,1
175,34,1
181,5,1
209,14,1
201,3,1
188,33,1
196,34,1
200,2,1
177,20,1
202,19,1
214,30,1
179,7,1
179,15,1
209,43,1
192,19,1
186,43,1
216,25,1
176,31,1
185,34,1
213,16,1
174,38,1
183,11,1
209,24,1
213,42,1
195,41,1
218,25,1
190,6,1
206,38,1
203,44,1
173,27,1
211,41,1
185,36,1
212,12,1
187,45,1
179,8,1
175,15,1
210,27,1
184,16,1
218,24,1
181,42,1
197,49,1
208,38,1
201,2,1
197,12,1
188,47,1
203,38,1
199,8,1
171,22,1
200,40,1
214,21,1
180,15,1
214,37,1
199,4,1
194,44,1
175,31,1
177,32,1
187,41,1
175,17,1
184,21,1
197,36,1
219,19,1
219,25,1
191,46,1
187,46,1
199,33,1
193,2,1
178,28,1
213,42,1
176,30,1
213,32,1
180,43,1
205,40,1
173,30,1
201,1,1
193,47,1
194,12,1
176,21,1
202,36,1
191,24,1
174,26,1
215,31,1
217,15,1
195,18,1
214,12,1
172,16,1
200,4,1
188,40,1
210,39,1
195,48,1
202,26,1
212,21,1
196,30,1
217,30,1
199,40,1
187,32,1
176,23,1
180,14,1
198,43,1
192,22,1
214,19,1
208,17,1
212,12,1
206,42,1
219,30,1
207,38,1
180,16,1
178,11,1
184,38,1
207,11,1
179,19,1
196,19,1
203,21,1
194,18,1
211,12,1
200,29,1
200,45,1
174,17,1
216,21,1
185,40,1
