16,43,0
46,18,0
21,4,0
34,39,0
42,21,0
5,19,0
16,40,0
12,13,0
26,34,0
41,8,0
30,5,0
47,34,0
8,12,0
12,23,0
43,21,0
17,21,0
38,29,0
24,21,0
31,16,0
9,43,0
43,34,0
29,40,0
41,7,0
6,19,0
32,41,0
26,46,0
11,24,0
7,35,0
8,23,0
32,43,0
29,26,0
28,45,0
36,4,0
43,22,0
18,40,0
16,26,0
16,9,0
37,37,0
37,27,0
39,31,0
17,16,0
19,28,0
12,22,0
12,34,0
21,37,0
7,14,0
13,39,0
13,26,0
31,39,0
39,45,0
43,13,0
15,28,0
44,34,0
12,23,0
32,49,0
5,28,0
20,38,0
13,39,0
28,47,0
22,35,0
48,16,0
26,38,0
28,25,0
40,27,0
43,15,0
39,24,0
43,29,0
43,29,0
22,15,0
9,19,0
33,11,0
3,31,0
22,46,0
7,20,0
28,10,0
16,22,0
40,41,0
34,17,0
19,14,0
1,30,0
18,8,0
16,12,0
42,29,0
30,29,0
46,29,0
26,42,0
29,23,0
48,31,0
29,9,0
31,46,0
16,7,0
36,23,0
33,40,0
36,19,0
18,13,0
6,38,0
45,39,0
45,32,0
43,17,0
34,18,0
11,8,0
32,43,0
37,45,0
18,14,0
8,42,0
39,17,0
34,33,0
31,41,0
22,37,0
28,20,0
25,34,0
32,13,0
22,18,0
15,26,0
38,42,0
9,34,0
28,5,0
39,32,0
25,18,0
16,25,0
10,5,0
27,45,0
14,31,0
4,33,0
25,5,0
34,22,0
36,42,0
25,9,0
44,40,0
7,18,0
12,8,0
31,36,0
38,34,0
47,15,0
4,31,0
1,23,0
25,38,0
37,25,0
44,28,0
6,17,0
31,20,0
10,24,0
32,6,0
28,2,0
12,13,0
28,14,0
2,23,0
27,32,0
8,16,0
20,6,0
34,37,0
31,25,0
18,27,0
15,38,0
23,36,0
25,37,0
30,37,0
11,11,0
32,18,0
42,32,0
19,16,0
45,38,0
41,8,0
43,39,0
16,24,0
11,36,0
7,25,0
27,46,0
43,39,0
38,32,0
16,46,0
30,40,0
24,35,0
47,20,0
4,18,0
27,15,0
14,5,0
12,24,0
29,39,0
32,20,0
46,17,0
30,13,0
39,14,0
37,41,0
8,43,0
40,7,0
46,23,0
30,10,0
17,31,0
29,35,0
10,9,0
38,6,0
29,40,0
26,8,0
28,18,0
10,33,0
21,39,0
23,43,0
26,28,0
4,27,0
26,42,0
31,47,0
23,13,0
11,36,0
46,38,0
32,49,0
34,29,0
18,11,0
22,22,0
26,8,0
33,17,0
22,6,0
34,16,0
6,18,0
17,9,0
28,25,0
5,15,0
24,5,0
29,24,0
16,5,0
10,38,0
39,35,0
12,4,0
44,41,0
7,23,0
36,5,0
37,46,0
6,29,0
4,27,0
28,48,0
33,18,0
23,7,0
18,7,0
15,17,0
23,35,0
19,26,0
21,22,0
16,11,0
21,25,0
47,29,0
19,13,0
29,2,0
40,35,0
31,1,0
2,27,0
20,13,0
42,28,0
47,23,0
32,42,0
4,29,0
40,40,0
15,15,0
19,43,0
3,25,0
28,18,0
34,27,0
18,3,0
5,23,0
21,45,0
28,11,0
16,2,0
34,19,0
34,31,0
2,16,0
24,47,0
31,16,0
37,26,0
5,32,0
19,7,0
27,37,0
15,24,0
31,42,0
23,37,0
15,11,0
24,43,0
44,23,0
16,41,0
39,24,0
38,34,0
1,19,0
31,31,0
13,14,0
20,49,0
34,45,0
45,34,0
14,30,0
11,34,0
17,38,0
19,18,0
6,35,0
38,15,0
47,32,0
19,14,0
17,10,0
38,9,0
10,41,0
33,14,0
13,32,0
24,37,0
28,9,0
40,17,0
48,22,0
25,12,0
27,3,0
36,44,0
20,20,0
24,4,0
23,23,0
8,39,0
14,9,0
16,25,0
23,5,0
29,28,0
48,34,0
34,17,0
46,38,0
16,38,0
47,23,0
22,24,0
22,47,0
43,13,0
9,12,0
34,5,0
20,34,0
38,18,0
12,19,0
26,22,0
40,32,0
3,28,0
11,11,0
12,34,0
44,20,0
7,26,0
30,17,0
8,41,0
24,1,0
41,11,0
11,33,0
30,14,0
14,41,0
15,12,0
23,27,0
17,38,0
35,24,0
14,19,0
21,22,0
14,24,0
38,46,0
27,10,0
41,9,0
34,47,0
25,38,0
26,43,0
19,26,0
21,40,0
45,27,0
14,35,0
35,17,0
8,37,0
39,7,0
41,42,0
5,27,0
34,21,0
12,38,0
5,25,0
33,10,0
10,26,0
36,8,0
32,18,0
20,14,0
35,41,0
8,24,0
49,28,0
11,45,0
24,32,0
41,30,0
40,27,0
23,38,0
19,40,0
33,42,0
9,14,0
7,23,0
22,4,0
47,24,0
26,39,0
50,25,0
30,47,0
4,31,0
31,46,0
42,40,0
7,15,0
1,31,0
25,47,0
7,33,0
44,24,0
21,40,0
10,30,0
38,34,0
13,25,0
47,16,0
175,35,1
184,44,1
175,26,1
176,1,1
193,9,1
189,8,1
171,4,1
173,9,1
167,35,1
164,24,1
169,44,1
195,33,1
192,30,1
179,3,1
187,10,1
187,30,1
195,19,1
164,31,1
184,36,1
186,25,1
154,37,1
153,30,1
184,24,1
175,3,1
162,10,1
185,10,1
175,11,1
173,33,1
171,49,1
197,14,1
167,41,1
151,30,1
173,30,1
190,6,1
175,44,1
168,45,1
193,14,1
180,32,1
181,33,1
160,31,1
185,10,1
176,28,1
192,39,1
180,1,1
176,15,1
180,21,1
175,45,1
180,39,1
161,29,1
171,2,1
162,39,1
187,41,1
173,23,1
192,31,1
194,23,1
175,18,1
154,21,1
165,30,1
156,15,1
171,7,1
177,14,1
181,20,1
180,20,1
175,23,1
180,31,1
178,44,1
190,29,1
162,45,1
168,33,1
165,32,1
176,38,1
179,45,1
183,17,1
189,32,1
159,31,1
198,26,1
196,24,1
178,16,1
189,10,1
191,26,1
169,8,1
187,28,1
184,38,1
190,12,1
194,11,1
181,9,1
176,16,1
180,12,1
172,11,1
160,35,1
165,38,1
177,14,1
168,7,1
188,35,1
174,1,1
190,14,1
173,48,1
176,8,1
190,9,1
189,45,1
165,22,1
194,38,1
163,41,1
172,44,1
175,37,1
188,6,1
177,37,1
168,35,1
193,8,1
181,35,1
197,15,1
193,27,1
173,48,1
171,27,1
187,36,1
151,27,1
178,13,1
162,31,1
169,32,1
155,18,1
192,34,1
181,13,1
188,34,1
174,45,1
180,3,1
185,21,1
177,47,1
156,16,1
196,19,1
182,48,1
181,23,1
157,9,1
179,46,1
180,33,1
181,34,1
195,31,1
171,17,1
193,18,1
168,3,1
190,35,1
196,36,1
170,33,1
161,26,1
189,8,1
163,12,1
182,2,1
154,23,1
161,15,1
154,27,1
186,46,1
169,3,1
185,12,1
167,9,1
194,15,1
165,10,1
175,28,1
193,40,1
186,29,1
158,37,1
176,31,1
185,33,1
171,4,1
183,44,1
162,35,1
173,36,1
164,31,1
191,19,1
190,17,1
162,30,1
180,19,1
162,18,1
193,34,1
169,45,1
179,13,1
184,27,1
196,23,1
176,40,1
165,19,1
179,37,1
177,36,1
177,8,1
183,2,1
166,17,1
173,16,1
191,27,1
198,25,1
162,14,1
175,7,1
160,27,1
170,37,1
195,18,1
152,22,1
170,46,1
166,22,1
165,20,1
192,28,1
189,22,1
184,16,1
195,20,1
172,35,1
179,48,1
163,41,1
188,10,1
191,25,1
189,43,1
180,39,1
171,16,1
184,22,1
163,29,1
160,40,1
186,35,1
167,10,1
174,32,1
189,5,1
182,1,1
188,15,1
178,1,1
190,9,1
178,7,1
171,9,1
172,34,1
183,27,1
164,18,1
159,8,1
163,18,1
174,48,1
177,17,1
190,12,1
176,13,1
182,27,1
156,18,1
183,43,1
179,49,1
163,7,1
197,16,1
173,16,1
182,12,1
181,30,1
182,38,1
171,8,1
187,7,1
190,9,1
157,10,1
187,36,1
177,40,1
186,44,1
187,16,1
170,10,1
197,35,1
160,36,1
192,10,1
179,19,1
161,42,1
172,14,1
186,37,1
188,37,1
176,22,1
155,15,1
171,19,1
177,12,1
170,35,1
152,28,1
183,17,1
183,44,1
159,18,1
192,23,1
162,13,1
170,3,1
178,48,1
185,35,1
180,18,1
193,8,1
162,13,1
163,33,1
172,40,1
161,24,1
176,43,1
190,22,1
151,26,1
187,23,1
197,31,1
176,44,1
198,19,1
156,28,1
173,6,1
182,16,1
169,42,1
161,31,1
197,19,1
193,35,1
190,18,1
165,36,1
161,20,1
166,5,1
153,33,1
184,36,1
159,36,1
172,1,1
192,23,1
158,40,1
157,25,1
172,41,1
199,18,1
197,15,1
166,36,1
185,15,1
192,24,1
165,38,1
171,34,1
186,10,1
183,14,1
176,3,1
161,28,1
162,9,1
154,36,1
184,24,1
190,15,1
166,38,1
181,13,1
179,1,1
181,33,1
185,31,1
175,45,1
151,18,1
174,37,1
168,36,1
165,44,1
168,26,1
187,31,1
182,1,1
189,27,1
182,45,1
189,40,1
178,32,1
177,22,1
181,4,1
186,38,1
194,12,1
197,32,1
183,8,1
168,36,1
152,32,1
158,42,1
176,42,1
165,14,1
165,9,1
166,4,1
189,24,1
173,18,1
158,32,1
163,38,1
179,32,1
164,9,1
176,40,1
167,11,1
172,47,1
168,7,1
199,20,1
172,9,1
157,20,1
168,45,1
177,14,1
178,45,1
178,6,1
171,2,1
156,26,1
178,14,1
173,37,1
185,40,1
168,24,1
157,15,1
163,43,1
160,25,1
190,39,1
157,28,1
194,17,1
189,38,1
170,20,1
178,38,1
165,16,1
171,4,1
159,40,1
180,35,1
178,43,1
169,3,1
180,13,1
166,43,1
174,38,1
185,12,1
152,32,1
161,41,1
165,3,1
198,23,1
167,25,1
164,25,1
179,7,1
160,11,1
154,27,1
166,16,1
164,32,1
172,21,1
185,27,1
195,32,1
153,14,1
165,30,1
173,17,1
159,43,1
185,38,1
190,34,1
188,46,1
164,14,1
195,23,1
188,21,1
167,29,1
161,16,1
155,29,1
167,7,1
161,19,1
194,22,1
175,14,1
178,46,1
166,12,1
189,25,1
172,40,1
173,48,1
189,43,1
179,32,1
196,13,1
185,5,1
170,7,1
162,45,1
179,23,1
176,31,1
156,24,1
188,18,1
161,11,1
173,46,1
159,18,1
193,9,1
180,9,1
189,45,1
168,5,1
168,20,1
183,42,1
174,4,1
180,20,1
155,40,1
199,32,1
190,36,1
182,20,1
186,39,1
173,19,1
165,22,1
184,42,1
190,24,1
182,5,1
175,6,1
157,12,1
165,25,1
184,12,1
194,26,1
186,21,1
175,32,1
170,39,1
199,21,1
170,46,1
185,21,1
165,36,1
183,8,1
182,30,1
177,5,1
170,26,1
187,12,1
158,29,1
164,7,1
176,36,1
156,22,1
156,12,1
188,13,1
190,27,1
180,40,1
181,17,1
151,25,1
174,17,1
187,41,1
176,18,1
168,40,1
176,38,1
182,29,1
196,17,1
199,19,1
160,37,1
168,47,1
153,28,1
198,28,1
176,15,1
184,46,1
167,4,1
168,27,1
198,25,1
160,26,1
154,25,1
165,15,1
161,17,1
199,24,1
176,29,1
181,16,1
187,44,1
194,32,1
178,32,1
165,25,1
162,25,1
151,29,1
179,45,1
185,17,1
157,18,1
156,10,1
184,42,1
180,45,1
190,34,1
198,24,1
161,43,1
176,18,1
198,21,1
185,36,1
172,28,1
174,47,1
185,32,1
180,47,1
167,16,1
182,1,1
189,40,1
164,44,1
154,21,1
157,17,1
154,22,1
193,10,1
164,31,1
194,19,1
163,4,1
177,11,1
161,7,1
188,39,1
159,7,1
185,45,1
192,18,1
184,25,1
176,8,1
181,8,1
164,10,1
154,12,1
165,6,1
166,8,1
170,14,1
185,47,1
169,27,1
171,38,1
162,9,1
189,15,1
190,37,1
196,29,1
172,44,1
155,13,1
189,10,1
163,42,1
183,18,1
193,38,1
164,45,1
189,17,1
158,16,1
162,25,1
180,21,1
179,18,1
175,23,1
167,41,1
194,17,1
152,19,1
188,30,1
182,2,1
174,42,1
166,2,1
162,23,1
180,44,1
184,42,1
168,27,1
182,39,1
180,5,1
177,26,1
168,46,1
163,12,1
178,41,1
197,20,1
197,27,1
175,23,1
161,36,1
167,44,1
193,8,1
162,23,1
178,24,1
186,9,1
