21,28,0
14,7,0
45,27,0
36,12,0
25,10,0
28,30,0
29,36,0
40,13,0
38,28,0
35,3,0
33,27,0
36,22,0
4,31,0
15,12,0
20,37,0
21,22,0
25,13,0
6,38,0
25,11,0
32,30,0
30,19,0
5,14,0
25,50,0
28,22,0
29,24,0
15,38,0
8,38,0
31,48,0
26,4,0
26,20,0
13,9,0
20,8,0
11,9,0
34,45,0
35,33,0
14,13,0
26,20,0
15,26,0
16,41,0
4,33,0
12,26,0
36,3,0
31,49,0
21,9,0
38,15,0
26,39,0
17,18,0
24,41,0
30,2,0
8,36,0
29,33,0
9,12,0
29,34,0
8,43,0
22,4,0
34,17,0
4,12,0
18,9,0
31,15,0
20,46,0
5,33,0
7,30,0
6,29,0
4,38,0
16,16,0
28,3,0
25,30,0
3,30,0
42,43,0
8,27,0
11,14,0
40,21,0
47,24,0
34,7,0
42,15,0
38,6,0
26,30,0
7,16,0
40,43,0
31,20,0
37,19,0
41,24,0
22,17,0
22,17,0
16,25,0
4,13,0
35,4,0
29,43,0
27,6,0
9,19,0
5,37,0
14,11,0
17,12,0
26,8,0
13,35,0
11,28,0
34,42,0
13,35,0
10,13,0
11,17,0
17,30,0
35,16,0
15,16,0
20,24,0
5,12,0
44,19,0
8,28,0
46,14,0
34,29,0
31,37,0
10,5,0
8,12,0
23,25,0
42,10,0
49,31,0
20,39,0
18,35,0
14,32,0
45,21,0
41,36,0
25,30,0
10,12,0
6,13,0
11,41,0
31,37,0
42,21,0
41,24,0
26,33,0
38,34,0
27,42,0
13,31,0
19,15,0
30,20,0
35,25,0
10,41,0
27,38,0
22,12,0
20,34,0
11,34,0
25,24,0
27,29,0
23,21,0
41,20,0
24,34,0
43,12,0
15,45,0
32,16,0
13,41,0
38,19,0
15,36,0
23,39,0
15,28,0
36,14,0
21,16,0
10,20,0
22,5,0
28,42,0
26,24,0
12,7,0
9,25,0
7,31,0
45,13,0
18,29,0
25,19,0
40,28,0
35,34,0
40,45,0
6,9,0
41,12,0
30,48,0
13,28,0
19,6,0
32,8,0
45,19,0
39,20,0
28,28,0
20,36,0
28,29,0
39,35,0
13,17,0
32,10,0
21,10,0
42,14,0
31,5,0
40,9,0
2,19,0
27,16,0
43,18,0
5,21,0
25,46,0
14,10,0
28,24,0
22,18,0
36,45,0
10,17,0
9,42,0
12,12,0
29,12,0
8,39,0
7,14,0
43,35,0
20,6,0
8,32,0
48,16,0
24,9,0
23,42,0
25,34,0
24,40,0
25,22,0
24,1,0
5,23,0
18,29,0
32,43,0
13,25,0
11,41,0
6,41,0
24,28,0
42,22,0
29,3,0
34,14,0
38,40,0
16,40,0
37,45,0
19,6,0
6,31,0
45,33,0
13,16,0
11,45,0
14,44,0
32,42,0
23,3,0
20,4,0
3,33,0
0,25,0
22,12,0
14,32,0
13,16,0
21,30,0
9,29,0
32,14,0
26,49,0
37,41,0
45,14,0
11,17,0
16,35,0
44,29,0
24,36,0
20,17,0
11,27,0
7,32,0
25,28,0
46,23,0
28,35,0
3,25,0
10,27,0
17,48,0
44,24,0
39,41,0
41,44,0
17,35,0
7,15,0
21,37,0
16,11,0
29,6,0
27,48,0
23,37,0
5,10,0
41,12,0
40,44,0
43,32,0
32,8,0
35,42,0
35,5,0
21,49,0
6,25,0
3,31,0
32,34,0
14,18,0
30,11,0
8,34,0
16,9,0
8,23,0
5,12,0
25,11,0
38,33,0
20,36,0
28,23,0
42,26,0
4,15,0
48,30,0
11,14,0
15,18,0
24,46,0
25,12,0
41,22,0
32,6,0
17,26,0
25,40,0
28,22,0
27,32,0
28,2,0
31,2,0
25,15,0
27,11,0
28,34,0
11,45,0
42,14,0
13,4,0
45,10,0
18,43,0
3,30,0
8,18,0
33,8,0
12,26,0
17,17,0
38,34,0
19,8,0
48,16,0
2,22,0
11,17,0
23,35,0
7,12,0
32,46,0
36,3,0
38,31,0
19,24,0
8,17,0
39,26,0
48,24,0
23,28,0
11,34,0
24,10,0
4,13,0
5,28,0
38,4,0
7,39,0
32,27,0
28,24,0
6,16,0
29,21,0
34,31,0
16,41,0
35,43,0
23,31,0
16,30,0
36,29,0
19,37,0
18,39,0
23,16,0
22,1,0
11,30,0
23,24,0
27,48,0
8,38,0
49,25,0
24,42,0
8,37,0
4,35,0
29,41,0
46,29,0
18,47,0
12,4,0
8,40,0
33,22,0
36,42,0
38,39,0
28,43,0
6,15,0
8,25,0
1,19,0
47,18,0
16,44,0
23,30,0
9,44,0
22,4,0
33,10,0
6,10,0
30,14,0
28,46,0
43,25,0
14,10,0
35,38,0
32,41,0
22,14,0
35,9,0
32,36,0
15,31,0
16,40,0
21,30,0
17,25,0
37,38,0
32,38,0
27,37,0
32,8,0
19,10,0
25,2,0
29,8,0
20,38,0
46,26,0
28,34,0
159,11,1
183,41,1
186,23,1
172,1,1
161,15,1
164,44,1
178,49,1
190,39,1
168,45,1
178,48,1
189,19,1
162,4,1
174,36,1
157,36,1
164,11,1
166,36,1
180,19,1
184,14,1
193,40,1
175,17,1
165,18,1
173,47,1
168,39,1
167,5,1
183,9,1
157,14,1
158,27,1
179,29,1
168,5,1
172,3,1
170,43,1
178,46,1
175,9,1
176,12,1
180,10,1
185,36,1
156,19,1
160,7,1
171,16,1
180,9,1
166,14,1
188,8,1
188,32,1
158,35,1
160,5,1
184,45,1
176,19,1
160,26,1
167,42,1
159,14,1
186,40,1
158,36,1
197,36,1
160,34,1
156,17,1
177,26,1
160,43,1
182,5,1
183,42,1
191,32,1
171,49,1
197,33,1
162,12,1
185,6,1
175,40,1
168,16,1
165,14,1
185,34,1
169,46,1
176,28,1
190,23,1
192,16,1
182,47,1
162,30,1
181,37,1
176,20,1
168,2,1
152,24,1
164,28,1
168,12,1
159,27,1
187,17,1
158,28,1
175,34,1
168,29,1
169,14,1
171,37,1
186,38,1
193,18,1
166,21,1
194,26,1
183,39,1
179,44,1
194,25,1
165,37,1
182,25,1
166,23,1
190,30,1
179,12,1
178,33,1
172,36,1
161,38,1
189,31,1
172,9,1
152,28,1
184,8,1
162,7,1
183,19,1
186,37,1
165,36,1
188,32,1
176,47,1
164,35,1
161,15,1
188,42,1
182,1,1
165,14,1
177,38,1
196,35,1
185,9,1
161,35,1
157,29,1
197,20,1
167,33,1
162,26,1
185,19,1
154,22,1
197,35,1
164,30,1
163,41,1
159,7,1
191,33,1
169,5,1
166,37,1
172,41,1
178,6,1
180,1,1
170,41,1
168,5,1
179,35,1
172,40,1
156,36,1
179,23,1
188,37,1
191,39,1
174,42,1
191,29,1
164,31,1
192,34,1
186,7,1
184,46,1
166,40,1
194,32,1
186,16,1
171,43,1
176,5,1
167,14,1
183,21,1
154,17,1
167,14,1
159,7,1
194,29,1
163,39,1
193,21,1
199,28,1
188,10,1
176,35,1
164,27,1
163,9,1
190,28,1
180,48,1
189,30,1
176,18,1
173,8,1
181,12,1
190,28,1
184,21,1
165,37,1
182,6,1
173,41,1
165,23,1
188,25,1
156,10,1
175,7,1
196,28,1
176,32,1
175,10,1
161,39,1
174,49,1
167,40,1
192,15,1
163,37,1
178,24,1
167,40,1
159,43,1
156,12,1
169,37,1
191,12,1
171,32,1
175,41,1
186,45,1
181,35,1
154,17,1
184,39,1
171,31,1
161,13,1
186,38,1
157,8,1
177,3,1
160,33,1
180,29,1
192,35,1
186,35,1
177,23,1
176,46,1
188,46,1
173,12,1
191,41,1
183,36,1
169,16,1
186,9,1
180,13,1
179,22,1
172,29,1
166,38,1
172,24,1
195,19,1
188,22,1
176,13,1
176,14,1
178,32,1
193,15,1
166,16,1
169,21,1
162,7,1
198,33,1
179,49,1
167,5,1
189,26,1
164,25,1
180,41,1
179,29,1
193,37,1
171,19,1
164,21,1
157,22,1
163,19,1
191,41,1
181,18,1
179,31,1
164,16,1
169,1,1
183,34,1
186,18,1
191,16,1
161,15,1
191,8,1
158,39,1
170,1,1
194,25,1
189,12,1
153,23,1
164,30,1
198,21,1
188,44,1
195,33,1
189,17,1
163,6,1
177,39,1
173,23,1
194,24,1
166,7,1
179,46,1
161,24,1
181,40,1
173,36,1
189,7,1
197,33,1
192,23,1
162,16,1
154,17,1
185,11,1
165,41,1
172,2,1
180,2,1
186,38,1
163,38,1
154,18,1
196,35,1
172,24,1
170,21,1
172,19,1
188,25,1
155,39,1
177,34,1
189,23,1
176,12,1
160,8,1
193,16,1
196,18,1
166,9,1
168,20,1
190,12,1
188,19,1
166,34,1
197,21,1
159,24,1
194,27,1
173,35,1
166,28,1
175,6,1
168,20,1
178,25,1
172,46,1
190,41,1
191,29,1
181,2,1
175,31,1
193,10,1
175,17,1
159,36,1
191,34,1
167,19,1
166,22,1
152,20,1
152,22,1
172,14,1
152,31,1
170,37,1
169,37,1
181,43,1
184,13,1
154,26,1
180,11,1
185,23,1
173,1,1
192,30,1
170,26,1
184,45,1
153,15,1
181,1,1
161,34,1
169,3,1
183,40,1
154,27,1
161,11,1
175,5,1
171,48,1
154,18,1
179,21,1
166,6,1
161,44,1
170,46,1
172,23,1
166,27,1
153,26,1
181,41,1
161,7,1
160,44,1
171,12,1
171,8,1
190,23,1
163,7,1
162,12,1
175,2,1
162,23,1
190,31,1
168,19,1
167,34,1
194,10,1
174,49,1
180,15,1
181,28,1
169,30,1
188,34,1
170,25,1
177,16,1
161,25,1
179,43,1
166,47,1
197,34,1
164,10,1
184,34,1
183,47,1
166,15,1
176,36,1
176,11,1
169,14,1
165,44,1
181,46,1
194,25,1
176,44,1
168,6,1
185,17,1
199,25,1
197,25,1
181,31,1
188,35,1
178,14,1
179,3,1
180,10,1
194,21,1
162,34,1
190,44,1
189,6,1
197,19,1
195,12,1
185,21,1
160,38,1
177,8,1
162,11,1
173,31,1
168,14,1
175,17,1
184,38,1
160,11,1
183,2,1
166,41,1
156,20,1
163,7,1
161,26,1
188,39,1
179,22,1
196,29,1
196,26,1
170,46,1
186,19,1
178,23,1
170,14,1
187,41,1
195,37,1
175,4,1
179,12,1
165,4,1
163,27,1
161,32,1
174,42,1
191,8,1
179,26,1
165,8,1
198,33,1
180,27,1
158,23,1
192,24,1
180,13,1
164,35,1
172,14,1
199,18,1
198,16,1
165,28,1
180,42,1
171,31,1
180,8,1
186,12,1
161,20,1
178,44,1
175,22,1
180,10,1
171,49,1
165,35,1
192,8,1
176,17,1
184,41,1
193,24,1
188,13,1
161,9,1
168,42,1
185,15,1
170,48,1
177,13,1
198,28,1
167,11,1
185,37,1
187,20,1
183,48,1
167,22,1
196,15,1
194,14,1
171,10,1
166,36,1
176,46,1
181,37,1
196,31,1
167,36,1
181,43,1
175,47,1
195,19,1
191,44,1
180,21,1
157,10,1
150,25,1
160,23,1
188,21,1
159,41,1
179,37,1
174,12,1
176,1,1
189,21,1
182,40,1
175,1,1
190,40,1
171,22,1
166,9,1
188,7,1
162,46,1
188,38,1
175,4,1
159,11,1
190,19,1
186,33,1
165,7,1
196,23,1
183,12,1
168,34,1
171,24,1
192,39,1
175,6,1
178,1,1
169,8,1
174,17,1
183,14,1
181,3,1
164,5,1
158,38,1
160,12,1
171,4,1
156,39,1
187,33,1
188,29,1
157,30,1
179,14,1
164,27,1
180,31,1
188,38,1
184,10,1
192,39,1
176,20,1
167,43,1
172,38,1
189,41,1
181,47,1
197,24,1
172,9,1
170,3,1
200,25,1
155,39,1
183,2,1
190,36,1
188,11,1
193,37,1
159,29,1
176,2,1
174,21,1
185,26,1
156,30,1
167,20,1
167,48,1
166,20,1
199,25,1
158,29,1
194,23,1
163,10,1
172,46,1
179,31,1
169,42,1
159,40,1
182,38,1
169,25,1
184,37,1
167,2,1
195,11,1
192,10,1
184,7,1
162,24,1
166,27,1
167,30,1
186,38,1
172,22,1
186,27,1
187,26,1
183,15,1
171,7,1
182,1,1
157,37,1
199,25,1
171,34,1
187,42,1
177,2,1
158,17,1
174,20,1
174,30,1
186,35,1
184,42,1
180,38,1
171,26,1
163,46,1
192,37,1
164,42,1
182,14,1
180,35,1
