17,7,0
35,17,0
1,23,0
9,38,0
41,18,0
22,2,0
30,46,0
7,19,0
10,35,0
48,26,0
31,13,0
49,26,0
22,7,0
30,44,0
35,6,0
18,32,0
43,42,0
23,33,0
43,31,0
25,50,0
13,29,0
8,30,0
4,23,0
36,23,0
32,46,0
18,26,0
27,17,0
28,19,0
39,22,0
45,34,0
46,29,0
28,4,0
31,49,0
33,11,0
20,26,0
19,2,0
43,39,0
20,39,0
28,30,0
35,41,0
12,17,0
49,28,0
33,28,0
13,29,0
23,46,0
24,45,0
3,30,0
15,6,0
3,15,0
25,38,0
33,30,0
34,5,0
8,33,0
25,13,0
11,8,0
32,24,0
25,40,0
44,15,0
35,5,0
26,8,0
21,25,0
27,1,0
34,8,0
45,27,0
8,42,0
40,35,0
18,29,0
41,42,0
32,27,0
14,21,0
4,29,0
28,14,0
31,15,0
14,7,0
47,26,0
44,21,0
31,5,0
20,23,0
26,22,0
38,36,0
39,16,0
18,32,0
18,23,0
34,28,0
42,42,0
6,27,0
8,37,0
21,39,0
25,5,0
34,5,0
8,29,0
25,27,0
37,41,0
39,18,0
28,12,0
40,26,0
41,43,0
23,24,0
41,8,0
16,17,0
32,40,0
21,23,0
16,36,0
43,22,0
23,10,0
1,26,0
25,31,0
36,31,0
33,41,0
43,30,0
3,35,0
12,15,0
24,6,0
35,16,0
36,28,0
46,33,0
37,13,0
47,32,0
32,16,0
26,7,0
48,26,0
31,21,0
31,41,0
38,13,0
13,22,0
30,16,0
12,16,0
23,14,0
32,16,0
35,6,0
24,13,0
26,25,0
16,34,0
17,13,0
46,13,0
24,9,0
38,34,0
2,19,0
18,11,0
13,26,0
37,10,0
36,40,0
8,10,0
18,48,0
17,12,0
24,42,0
25,43,0
43,26,0
22,22,0
31,48,0
49,30,0
40,11,0
44,40,0
17,38,0
18,30,0
4,24,0
10,30,0
27,20,0
28,33,0
13,43,0
1,31,0
39,23,0
29,27,0
44,33,0
25,22,0
44,23,0
34,22,0
36,29,0
27,18,0
7,29,0
32,11,0
8,17,0
38,30,0
31,41,0
7,31,0
45,23,0
8,38,0
8,25,0
33,9,0
37,39,0
37,34,0
18,7,0
23,34,0
14,20,0
37,21,0
20,9,0
28,12,0
15,26,0
44,38,0
7,29,0
25,14,0
40,30,0
17,14,0
31,24,0
11,11,0
44,17,0
27,24,0
37,30,0
27,15,0
32,6,0
34,24,0
6,23,0
21,35,0
11,24,0
25,9,0
15,37,0
17,47,0
35,37,0
23,48,0
30,28,0
20,26,0
28,26,0
42,18,0
11,19,0
16,6,0
13,4,0
7,38,0
12,22,0
25,49,0
19,23,0
21,45,0
35,20,0
4,17,0
27,14,0
30,2,0
2,29,0
8,34,0
20,2,0
23,27,0
7,15,0
39,7,0
18,31,0
4,36,0
6,17,0
30,47,0
35,13,0
7,26,0
21,19,0
34,20,0
30,11,0
13,21,0
29,11,0
24,11,0
42,7,0
23,30,0
15,17,0
34,29,0
15,46,0
14,35,0
32,5,0
30,2,0
12,14,0
18,36,0
40,27,0
13,43,0
21,25,0
25,20,0
36,27,0
35,16,0
31,13,0
47,33,0
7,40,0
28,27,0
14,13,0
34,13,0
32,4,0
42,17,0
9,26,0
3,22,0
10,16,0
10,7,0
15,36,0
12,9,0
22,45,0
25,25,0
11,15,0
35,34,0
32,27,0
37,43,0
9,37,0
36,24,0
38,8,0
27,47,0
13,24,0
2,17,0
46,26,0
4,16,0
16,18,0
4,25,0
19,33,0
37,16,0
48,21,0
31,44,0
16,16,0
29,14,0
32,14,0
46,25,0
4,12,0
15,3,0
37,16,0
7,21,0
7,16,0
30,1,0
47,35,0
28,25,0
25,1,0
42,12,0
26,32,0
50,25,0
38,28,0
16,17,0
45,35,0
33,14,0
22,22,0
43,23,0
24,2,0
35,21,0
25,48,0
40,32,0
19,5,0
34,32,0
40,42,0
5,32,0
33,34,0
29,49,0
10,22,0
28,9,0
20,14,0
46,38,0
1,26,0
45,24,0
16,9,0
24,49,0
16,40,0
24,8,0
20,40,0
31,28,0
13,7,0
47,28,0
22,16,0
39,12,0
5,39,0
5,38,0
18,11,0
23,1,0
14,46,0
26,13,0
28,28,0
34,16,0
25,49,0
31,14,0
38,25,0
32,48,0
16,30,0
34,20,0
34,23,0
31,24,0
25,12,0
21,2,0
17,39,0
39,36,0
26,16,0
36,20,0
19,41,0
15,5,0
14,21,0
46,20,0
23,29,0
30,29,0
41,30,0
25,13,0
30,32,0
9,42,0
11,36,0
3,16,0
19,44,0
32,23,0
16,2,0
5,20,0
43,24,0
35,4,0
36,19,0
36,35,0
14,4,0
21,27,0
34,11,0
7,18,0
28,14,0
40,23,0
15,4,0
45,25,0
15,22,0
17,19,0
6,41,0
39,29,0
27,36,0
17,19,0
19,3,0
18,2,0
14,22,0
188,37,1
164,36,1
157,37,1
163,31,1
191,28,1
191,38,1
168,30,1
155,40,1
173,44,1
161,37,1
180,17,1
197,36,1
160,8,1
194,36,1
178,40,1
191,15,1
197,33,1
156,28,1
167,18,1
175,28,1
157,24,1
174,47,1
155,24,1
173,23,1
171,22,1
188,42,1
174,31,1
169,30,1
180,25,1
160,39,1
192,8,1
191,24,1
175,37,1
152,16,1
181,5,1
154,13,1
190,20,1
180,38,1
184,29,1
170,22,1
169,20,1
179,28,1
165,17,1
170,37,1
175,33,1
172,44,1
153,29,1
168,28,1
161,7,1
183,17,1
192,8,1
155,16,1
157,23,1
166,45,1
171,30,1
158,27,1
180,27,1
193,33,1
187,37,1
167,23,1
176,6,1
179,43,1
172,9,1
196,25,1
179,16,1
196,23,1
189,40,1
178,15,1
176,27,1
183,10,1
190,15,1
194,29,1
165,43,1
158,36,1
178,15,1
158,13,1
175,35,1
179,27,1
184,8,1
174,20,1
190,36,1
195,32,1
193,31,1
179,37,1
153,33,1
161,33,1
153,23,1
181,5,1
184,19,1
182,26,1
167,39,1
170,11,1
196,23,1
173,8,1
173,19,1
188,30,1
190,16,1
160,11,1
172,19,1
179,6,1
155,21,1
194,33,1
195,26,1
172,26,1
170,49,1
166,25,1
179,3,1
174,38,1
170,43,1
174,29,1
176,46,1
178,28,1
187,5,1
177,14,1
176,13,1
174,49,1
178,11,1
166,14,1
177,29,1
189,30,1
155,16,1
182,4,1
194,13,1
163,27,1
184,30,1
169,28,1
169,39,1
182,38,1
175,42,1
151,32,1
165,27,1
158,8,1
170,30,1
159,22,1
151,20,1
167,48,1
159,24,1
191,36,1
177,41,1
175,22,1
165,25,1
163,16,1
181,48,1
161,10,1
174,10,1
158,37,1
169,41,1
175,42,1
164,32,1
196,37,1
164,12,1
157,39,1
186,32,1
197,25,1
169,33,1
189,23,1
165,11,1
190,30,1
157,28,1
171,43,1
158,17,1
178,22,1
165,35,1
161,30,1
196,16,1
187,26,1
165,18,1
186,44,1
197,27,1
157,16,1
170,26,1
163,7,1
162,22,1
158,42,1
164,30,1
163,19,1
168,18,1
161,33,1
161,22,1
192,27,1
162,36,1
180,24,1
182,43,1
187,46,1
185,18,1
174,27,1
181,37,1
178,8,1
166,34,1
156,16,1
178,42,1
155,32,1
179,19,1
155,34,1
184,39,1
180,35,1
193,36,1
188,6,1
161,20,1
191,6,1
162,46,1
178,2,1
193,38,1
193,12,1
186,23,1
181,36,1
170,43,1
155,16,1
188,43,1
188,33,1
165,38,1
184,33,1
184,3,1
179,14,1
178,21,1
165,43,1
198,18,1
188,35,1
167,42,1
166,3,1
183,20,1
167,38,1
180,16,1
191,22,1
182,19,1
166,5,1
186,41,1
179,39,1
195,13,1
168,22,1
180,14,1
161,14,1
172,9,1
168,41,1
199,27,1
168,35,1
180,41,1
160,43,1
180,43,1
168,26,1
186,24,1
188,9,1
197,34,1
178,26,1
186,46,1
174,43,1
156,35,1
198,16,1
189,9,1
156,20,1
159,40,1
177,6,1
173,16,1
179,8,1
175,42,1
188,31,1
184,43,1
189,11,1
158,20,1
193,14,1
182,20,1
175,16,1
172,26,1
160,9,1
197,16,1
182,30,1
193,12,1
166,29,1
182,24,1
175,16,1
166,45,1
165,37,1
180,9,1
162,31,1
180,40,1
170,17,1
177,28,1
160,23,1
170,6,1
194,25,1
161,31,1
156,27,1
187,8,1
166,20,1
172,35,1
165,19,1
171,40,1
191,44,1
192,34,1
191,36,1
176,47,1
163,32,1
163,31,1
188,6,1
160,35,1
174,16,1
171,4,1
191,32,1
189,35,1
157,12,1
158,28,1
166,37,1
187,44,1
178,10,1
163,34,1
170,24,1
179,41,1
162,11,1
169,43,1
186,45,1
172,36,1
188,19,1
154,14,1
188,28,1
183,48,1
175,43,1
189,30,1
156,29,1
164,22,1
189,44,1
176,22,1
181,40,1
175,16,1
164,34,1
155,29,1
184,41,1
193,39,1
180,33,1
181,46,1
167,25,1
178,42,1
162,41,1
162,10,1
180,21,1
169,13,1
188,39,1
153,19,1
159,25,1
166,40,1
196,16,1
190,25,1
182,40,1
181,39,1
185,24,1
161,10,1
163,29,1
156,17,1
167,13,1
158,42,1
195,28,1
162,16,1
182,41,1
184,22,1
192,19,1
165,29,1
172,27,1
166,28,1
178,6,1
196,20,1
171,42,1
168,28,1
177,21,1
174,14,1
170,6,1
194,26,1
168,14,1
164,4,1
187,22,1
177,4,1
170,26,1
164,26,1
162,4,1
194,18,1
151,25,1
166,21,1
162,31,1
155,18,1
193,15,1
170,38,1
179,43,1
183,36,1
162,10,1
168,25,1
158,29,1
168,42,1
167,35,1
184,18,1
180,23,1
176,26,1
158,20,1
186,34,1
183,44,1
173,49,1
179,8,1
183,24,1
199,27,1
167,29,1
155,29,1
177,32,1
182,6,1
190,21,1
173,33,1
192,28,1
157,26,1
166,46,1
189,24,1
165,35,1
163,35,1
172,7,1
156,34,1
192,32,1
166,5,1
169,20,1
187,16,1
192,35,1
153,28,1
196,16,1
186,16,1
176,7,1
175,16,1
163,35,1
194,28,1
194,11,1
177,27,1
182,10,1
166,33,1
186,4,1
167,17,1
199,29,1
196,26,1
164,41,1
176,47,1
153,15,1
182,25,1
184,32,1
172,29,1
195,19,1
164,10,1
183,39,1
154,38,1
160,19,1
167,47,1
167,37,1
171,25,1
166,10,1
176,18,1
152,30,1
183,30,1
186,9,1
193,19,1
156,12,1
165,33,1
184,46,1
154,29,1
191,35,1
161,17,1
167,6,1
182,13,1
168,2,1
183,39,1
152,28,1
165,46,1
164,7,1
186,14,1
154,29,1
166,31,1
175,15,1
183,31,1
176,40,1
176,47,1
183,9,1
179,25,1
164,43,1
182,24,1
197,25,1
180,38,1
173,20,1
173,22,1
191,23,1
199,32,1
164,6,1
181,36,1
168,2,1
183,12,1
176,15,1
154,36,1
174,16,1
159,8,1
183,46,1
188,27,1
188,34,1
188,45,1
191,12,1
160,27,1
168,47,1
195,31,1
171,2,1
165,5,1
196,13,1
166,16,1
175,27,1
158,33,1
180,12,1
193,30,1
181,14,1
191,13,1
163,8,1
190,30,1
182,28,1
157,20,1
160,5,1
166,13,1
197,33,1
152,32,1
169,1,1
175,47,1
180,43,1
171,22,1
157,22,1
161,23,1
191,16,1
166,10,1
172,42,1
164,11,1
185,33,1
186,11,1
176,14,1
191,17,1
170,13,1
192,29,1
184,43,1
196,13,1
195,22,1
162,41,1
158,22,1
169,1,1
166,28,1
166,29,1
177,35,1
162,6,1
193,9,1
181,27,1
190,21,1
194,24,1
193,32,1
163,11,1
191,9,1
151,30,1
169,36,1
198,21,1
188,38,1
156,36,1
185,32,1
177,24,1
153,31,1
184,29,1
153,18,1
171,40,1
168,47,1
171,42,1
175,11,1
155,16,1
176,38,1
169,11,1
169,19,1
167,25,1
176,32,1
157,23,1
196,35,1
157,23,1
188,4,1
187,36,1
160,10,1
157,24,1
195,26,1
165,41,1
173,46,1
171,1,1
159,22,1
183,39,1
162,45,1
152,34,1
184,10,1
175,17,1
166,30,1
185,46,1
170,9,1
197,16,1
198,28,1
175,20,1
182,16,1
173,33,1
179,26,1
166,16,1
179,18,1
169,35,1
160,45,1
190,33,1
188,42,1
166,26,1
