44,16,0
23,41,0
10,44,0
17,2,0
13,34,0
16,29,0
44,29,0
11,5,0
45,38,0
25,36,0
22,41,0
48,30,0
42,28,0
44,39,0
25,34,0
8,15,0
21,32,0
41,26,0
28,17,0
33,11,0
37,27,0
8,37,0
25,40,0
49,18,0
12,19,0
22,27,0
41,29,0
18,35,0
4,33,0
15,42,0
13,45,0
42,27,0
10,34,0
12,22,0
47,28,0
23,3,0
19,35,0
34,12,0
9,29,0
13,37,0
48,26,0
25,20,0
40,13,0
19,37,0
41,43,0
39,31,0
36,14,0
22,39,0
25,25,0
30,22,0
13,42,0
20,41,0
29,13,0
14,8,0
19,44,0
22,22,0
44,12,0
18,21,0
9,16,0
38,17,0
2,21,0
7,41,0
19,19,0
8,19,0
18,48,0
12,35,0
29,49,0
23,6,0
38,24,0
43,24,0
39,21,0
29,29,0
38,32,0
3,26,0
15,42,0
47,25,0
23,44,0
44,11,0
33,46,0
7,30,0
18,1,0
22,28,0
31,32,0
18,48,0
41,28,0
46,14,0
19,4,0
10,17,0
23,5,0
48,22,0
27,32,0
38,6,0
20,18,0
26,4,0
18,36,0
14,26,0
21,40,0
48,21,0
10,8,0
39,13,0
12,30,0
15,6,0
19,37,0
29,15,0
14,40,0
40,38,0
38,41,0
10,9,0
36,20,0
47,34,0
42,27,0
17,33,0
19,23,0
14,14,0
25,18,0
33,5,0
17,31,0
44,26,0
47,18,0
31,5,0
27,45,0
39,37,0
13,25,0
28,18,0
12,4,0
29,6,0
32,34,0
18,18,0
42,17,0
33,23,0
7,34,0
23,3,0
22,12,0
13,9,0
35,44,0
29,9,0
18,8,0
15,45,0
37,34,0
2,30,0
22,25,0
16,43,0
23,47,0
32,1,0
41,30,0
6,22,0
29,7,0
23,29,0
47,21,0
27,29,0
18,13,0
1,21,0
40,40,0
27,38,0
5,15,0
43,39,0
28,9,0
27,49,0
46,15,0
14,40,0
30,40,0
1,31,0
31,33,0
9,12,0
38,19,0
16,20,0
40,14,0
33,21,0
23,6,0
5,27,0
28,5,0
41,6,0
30,38,0
1,31,0
24,24,0
50,25,0
38,11,0
14,33,0
4,30,0
30,29,0
26,29,0
22,24,0
37,41,0
16,39,0
24,19,0
34,33,0
24,16,0
11,9,0
25,31,0
29,32,0
21,38,0
15,29,0
12,26,0
17,28,0
47,32,0
17,44,0
43,30,0
20,1,0
20,25,0
22,37,0
29,9,0
28,14,0
14,33,0
23,47,0
36,6,0
36,22,0
30,1,0
19,42,0
34,38,0
33,27,0
47,20,0
39,10,0
12,41,0
46,17,0
30,26,0
43,27,0
49,32,0
8,35,0
14,4,0
21,43,0
18,27,0
20,17,0
16,33,0
30,42,0
41,16,0
47,23,0
19,17,0
26,10,0
38,13,0
35,16,0
22,1,0
44,41,0
15,39,0
37,39,0
7,26,0
12,26,0
28,33,0
43,10,0
18,10,0
12,30,0
26,33,0
43,39,0
11,17,0
32,33,0
6,10,0
29,23,0
31,2,0
21,7,0
17,40,0
7,16,0
39,31,0
22,11,0
23,34,0
4,12,0
15,30,0
16,30,0
33,33,0
21,1,0
33,12,0
42,11,0
16,20,0
7,42,0
6,37,0
9,19,0
2,26,0
27,23,0
33,20,0
18,48,0
22,5,0
12,41,0
22,8,0
3,22,0
27,9,0
41,41,0
29,7,0
12,25,0
2,30,0
15,5,0
45,32,0
7,34,0
32,21,0
20,1,0
48,28,0
39,45,0
37,7,0
37,11,0
7,32,0
20,47,0
40,31,0
26,4,0
32,37,0
5,11,0
33,10,0
32,32,0
23,45,0
25,14,0
27,3,0
40,34,0
42,37,0
19,25,0
28,22,0
40,40,0
35,44,0
46,12,0
3,31,0
17,17,0
23,39,0
35,10,0
39,23,0
14,18,0
35,15,0
13,16,0
43,24,0
14,37,0
44,12,0
11,16,0
19,7,0
38,9,0
45,36,0
27,21,0
37,33,0
29,49,0
15,16,0
21,31,0
36,31,0
18,4,0
19,1,0
18,16,0
10,18,0
9,39,0
28,37,0
14,37,0
22,36,0
47,36,0
29,22,0
42,31,0
3,25,0
13,8,0
37,4,0
10,32,0
28,21,0
45,28,0
35,25,0
16,33,0
25,10,0
45,32,0
12,30,0
16,28,0
34,15,0
34,39,0
47,29,0
11,27,0
20,20,0
7,31,0
23,40,0
39,34,0
8,14,0
35,38,0
23,28,0
16,38,0
9,33,0
35,29,0
49,23,0
24,8,0
4,23,0
38,41,0
31,36,0
15,42,0
17,25,0
31,41,0
41,43,0
38,13,0
22,41,0
36,13,0
18,18,0
40,24,0
35,20,0
47,22,0
19,7,0
11,13,0
38,39,0
32,49,0
37,36,0
32,45,0
49,30,0
16,8,0
3,15,0
43,23,0
19,45,0
24,14,0
41,17,0
38,45,0
15,10,0
42,10,0
43,16,0
6,19,0
42,19,0
47,26,0
40,32,0
28,34,0
164,41,1
181,28,1
165,29,1
150,15,1
145,29,1
171,31,1
150,8,1
175,47,1
175,32,1
184,28,1
168,12,1
181,9,1
157,18,1
142,31,1
171,13,1
143,17,1
159,23,1
161,42,1
169,35,1
155,47,1
176,38,1
167,11,1
181,21,1
169,10,1
165,14,1
173,18,1
169,49,1
157,20,1
172,18,1
166,15,1
182,10,1
170,10,1
165,2,1
182,31,1
164,37,1
157,43,1
157,39,1
161,26,1
156,10,1
176,31,1
178,26,1
178,15,1
149,38,1
161,13,1
183,20,1
148,28,1
149,31,1
181,17,1
178,14,1
178,12,1
173,32,1
149,42,1
160,40,1
169,4,1
162,32,1
182,32,1
164,16,1
163,44,1
181,11,1
180,15,1
176,35,1
147,16,1
168,13,1
141,25,1
144,34,1
167,6,1
168,2,1
157,3,1
150,33,1
186,28,1
166,12,1
165,5,1
184,29,1
160,48,1
164,1,1
165,34,1
180,10,1
173,46,1
180,7,1
171,49,1
162,39,1
154,40,1
167,6,1
145,16,1
177,21,1
145,22,1
178,24,1
163,34,1
154,46,1
170,24,1
141,22,1
180,30,1
168,22,1
161,37,1
170,48,1
174,17,1
164,3,1
178,11,1
171,25,1
172,40,1
185,14,1
174,43,1
172,39,1
178,28,1
165,18,1
159,42,1
145,16,1
162,13,1
170,35,1
183,18,1
187,27,1
173,19,1
178,43,1
174,25,1
170,41,1
173,36,1
162,7,1
173,30,1
166,44,1
171,43,1
166,23,1
186,20,1
165,18,1
166,14,1
181,25,1
185,32,1
160,14,1
164,10,1
141,18,1
160,5,1
176,5,1
147,38,1
148,16,1
152,40,1
141,23,1
151,29,1
161,35,1
169,29,1
158,33,1
172,35,1
163,17,1
157,39,1
151,33,1
184,30,1
169,9,1
150,42,1
165,30,1
175,22,1
173,13,1
184,26,1
155,12,1
175,17,1
177,35,1
170,7,1
179,32,1
180,17,1
155,40,1
180,31,1
154,25,1
155,5,1
143,31,1
145,11,1
168,47,1
177,9,1
146,32,1
141,23,1
176,4,1
170,45,1
158,33,1
160,32,1
176,3,1
142,28,1
150,40,1
173,18,1
152,21,1
165,16,1
146,12,1
184,20,1
179,8,1
146,9,1
158,17,1
157,27,1
173,36,1
172,16,1
173,42,1
147,12,1
171,34,1
182,11,1
165,26,1
152,13,1
155,17,1
163,20,1
171,35,1
165,25,1
169,28,1
186,13,1
150,32,1
154,29,1
174,28,1
183,29,1
178,7,1
168,10,1
146,33,1
177,38,1
155,4,1
160,41,1
177,19,1
183,12,1
160,40,1
174,3,1
154,44,1
162,15,1
157,30,1
158,22,1
183,35,1
170,4,1
163,44,1
162,29,1
165,7,1
169,13,1
166,1,1
185,34,1
155,19,1
173,24,1
145,34,1
171,31,1
181,11,1
157,23,1
165,5,1
143,16,1
175,32,1
176,45,1
182,17,1
161,38,1
162,28,1
148,37,1
180,8,1
163,38,1
149,38,1
177,46,1
157,35,1
173,24,1
162,43,1
151,32,1
152,32,1
156,34,1
189,22,1
163,43,1
167,21,1
161,22,1
177,38,1
171,35,1
186,29,1
182,42,1
184,35,1
162,38,1
155,5,1
166,28,1
168,39,1
166,34,1
152,24,1
142,23,1
148,13,1
178,6,1
184,35,1
165,9,1
174,29,1
148,35,1
181,33,1
160,11,1
148,40,1
160,44,1
164,18,1
160,1,1
152,9,1
161,9,1
160,42,1
163,39,1
174,48,1
183,22,1
170,30,1
147,23,1
166,42,1
156,41,1
168,24,1
155,36,1
157,29,1
142,33,1
154,26,1
150,34,1
150,15,1
185,34,1
183,25,1
164,5,1
166,16,1
165,43,1
156,9,1
161,38,1
180,36,1
154,12,1
143,14,1
165,14,1
174,27,1
148,10,1
161,22,1
145,40,1
160,3,1
148,23,1
174,2,1
168,14,1
177,43,1
167,9,1
168,47,1
187,16,1
187,14,1
164,23,1
174,8,1
185,11,1
157,10,1
155,30,1
164,3,1
168,35,1
163,26,1
167,40,1
160,18,1
155,8,1
143,32,1
161,17,1
145,40,1
172,27,1
159,48,1
168,1,1
156,36,1
179,44,1
179,36,1
163,49,1
181,31,1
141,25,1
188,17,1
155,46,1
143,31,1
159,28,1
150,43,1
154,36,1
170,27,1
181,8,1
185,10,1
145,19,1
157,16,1
171,32,1
145,19,1
146,38,1
163,47,1
187,14,1
161,19,1
163,19,1
161,12,1
153,34,1
155,42,1
156,33,1
151,20,1
178,24,1
159,47,1
145,25,1
150,18,1
159,27,1
163,41,1
158,8,1
165,8,1
148,37,1
182,34,1
186,22,1
154,31,1
161,1,1
175,3,1
158,10,1
166,24,1
188,25,1
153,33,1
147,35,1
177,39,1
152,5,1
173,44,1
186,18,1
175,39,1
161,17,1
141,20,1
145,37,1
174,25,1
166,44,1
180,25,1
171,18,1
147,26,1
184,32,1
152,13,1
150,7,1
162,32,1
188,34,1
144,26,1
184,17,1
175,24,1
168,23,1
154,18,1
188,30,1
153,23,1
149,20,1
180,36,1
163,27,1
147,12,1
153,8,1
176,38,1
165,8,1
154,44,1
154,11,1
176,4,1
165,24,1
155,8,1
174,22,1
184,36,1
163,9,1
159,2,1
185,36,1
180,44,1
180,27,1
147,8,1
167,38,1
146,28,1
178,36,1
169,48,1
163,25,1
188,26,1
147,21,1
154,9,1
187,28,1
166,43,1
158,6,1
167,43,1
174,46,1
150,23,1
184,13,1
143,20,1
154,4,1
159,41,1
161,24,1
152,15,1
145,36,1
183,21,1
155,36,1
159,4,1
159,19,1
153,27,1
145,11,1
150,44,1
175,30,1
179,7,1
172,26,1
168,24,1
168,6,1
162,10,1
167,33,1
148,25,1
148,16,1
165,14,1
166,49,1
182,11,1
161,36,1
170,28,1
183,33,1
159,6,1
160,49,1
162,21,1
145,25,1
157,42,1
161,44,1
186,19,1
171,44,1
157,6,1
153,18,1
168,11,1
182,35,1
141,29,1
176,25,1
159,7,1
173,22,1
164,48,1
167,1,1
182,35,1
143,19,1
180,31,1
175,46,1
151,43,1
163,23,1
161,5,1
157,21,1
141,19,1
163,28,1
156,31,1
166,48,1
155,43,1
148,8,1
146,23,1
184,19,1
165,42,1
144,24,1
183,29,1
171,20,1
159,14,1
156,15,1
157,39,1
189,23,1
181,23,1
175,22,1
162,1,1
179,33,1
186,33,1
186,27,1
152,16,1
150,5,1
188,19,1
184,22,1
171,14,1
164,24,1
165,27,1
186,16,1
155,43,1
151,22,1
146,21,1
159,12,1
170,37,1
163,10,1
143,17,1
179,37,1
170,3,1
164,40,1
183,41,1
163,19,1
169,23,1
145,15,1
157,11,1
148,16,1
154,31,1
180,44,1
164,46,1
148,8,1
147,36,1
174,34,1
185,35,1
167,42,1
176,30,1
159,1,1
153,30,1
159,14,1
166,22,1
171,27,1
162,36,1
161,30,1
185,37,1
184,37,1
167,16,1
168,40,1
187,36,1
169,42,1
168,32,1
176,36,1
163,42,1
164,45,1
181,20,1
159,13,1
182,12,1
150,7,1
144,26,1
181,17,1
159,47,1
156,10,1
148,13,1
185,11,1
166,25,1
162,19,1
159,11,1
182,27,1
153,43,1
173,43,1
156,8,1
175,36,1
157,22,1
162,12,1
183,12,1
183,39,1
182,11,1
145,15,1
174,12,1
156,39,1
157,14,1
182,41,1
161,33,1
143,15,1
159,3,1
142,20,1
165,6,1
149,6,1
