13,31,0
45,32,0
4,31,0
33,42,0
9,40,0
12,18,0
16,35,0
33,35,0
49,25,0
9,18,0
26,12,0
15,12,0
13,27,0
21,15,0
5,30,0
19,49,0
40,15,0
13,15,0
7,13,0
18,30,0
25,9,0
27,15,0
42,42,0
31,9,0
15,35,0
21,47,0
31,27,0
27,43,0
18,21,0
2,29,0
44,13,0
41,36,0
30,30,0
2,26,0
24,37,0
13,41,0
43,17,0
38,10,0
28,35,0
27,22,0
32,36,0
25,31,0
43,12,0
23,18,0
37,35,0
38,16,0
15,13,0
30,46,0
10,10,0
28,38,0
6,16,0
46,32,0
15,44,0
10,32,0
15,10,0
32,35,0
37,39,0
21,5,0
21,10,0
43,41,0
12,16,0
22,45,0
25,40,0
19,15,0
27,21,0
17,28,0
24,44,0
8,10,0
8,36,0
44,23,0
36,37,0
28,10,0
23,2,0
25,38,0
40,25,0
20,31,0
22,39,0
28,37,0
34,7,0
35,45,0
37,41,0
15,34,0
29,1,0
22,10,0
33,9,0
21,18,0
36,8,0
28,6,0
32,12,0
21,14,0
38,21,0
41,26,0
28,25,0
17,9,0
28,10,0
46,32,0
7,12,0
34,42,0
39,36,0
20,18,0
37,15,0
4,38,0
23,21,0
39,39,0
39,14,0
23,24,0
26,19,0
22,1,0
40,35,0
43,11,0
19,1,0
17,33,0
38,35,0
35,16,0
19,9,0
6,25,0
15,20,0
42,9,0
29,35,0
49,26,0
39,26,0
4,17,0
40,33,0
35,17,0
19,12,0
48,21,0
11,40,0
24,42,0
43,14,0
14,15,0
36,37,0
50,25,0
33,23,0
43,40,0
44,14,0
24,7,0
46,15,0
39,41,0
34,8,0
3,28,0
32,7,0
19,21,0
22,4,0
26,42,0
19,35,0
11,28,0
5,40,0
34,48,0
33,19,0
29,5,0
41,43,0
25,32,0
42,39,0
38,35,0
34,24,0
25,28,0
27,43,0
30,5,0
37,31,0
37,6,0
39,42,0
12,35,0
22,39,0
26,28,0
18,38,0
32,10,0
33,2,0
9,15,0
17,10,0
42,21,0
14,14,0
49,29,0
8,13,0
25,14,0
16,47,0
19,19,0
29,4,0
28,16,0
21,18,0
24,44,0
24,25,0
21,21,0
42,12,0
38,38,0
14,32,0
30,42,0
24,44,0
23,15,0
13,29,0
46,29,0
29,41,0
4,13,0
24,36,0
14,29,0
36,43,0
27,43,0
18,8,0
47,34,0
40,17,0
38,25,0
28,15,0
36,32,0
15,32,0
18,41,0
22,49,0
7,22,0
23,18,0
13,19,0
12,16,0
10,10,0
40,43,0
7,23,0
25,22,0
36,10,0
17,22,0
39,43,0
45,28,0
35,4,0
28,23,0
23,49,0
38,20,0
33,22,0
12,37,0
43,15,0
11,34,0
9,28,0
31,12,0
36,31,0
39,33,0
20,46,0
12,24,0
14,25,0
31,6,0
8,36,0
37,30,0
31,9,0
36,23,0
9,29,0
41,9,0
43,39,0
1,21,0
13,20,0
13,37,0
41,36,0
21,35,0
10,16,0
12,33,0
12,35,0
49,23,0
23,20,0
32,25,0
1,18,0
13,27,0
27,41,0
34,22,0
43,21,0
32,19,0
32,49,0
9,25,0
13,36,0
17,35,0
5,27,0
45,28,0
40,21,0
26,17,0
7,20,0
22,16,0
6,28,0
35,6,0
20,6,0
40,20,0
44,38,0
37,32,0
40,39,0
37,10,0
18,32,0
44,27,0
30,44,0
7,15,0
12,29,0
42,32,0
10,18,0
14,44,0
41,16,0
37,32,0
25,45,0
47,24,0
33,34,0
26,17,0
24,1,0
25,13,0
29,41,0
14,6,0
36,20,0
35,29,0
6,11,0
43,13,0
6,23,0
13,11,0
18,18,0
21,12,0
25,20,0
9,43,0
33,45,0
26,8,0
33,9,0
22,26,0
36,21,0
36,37,0
32,9,0
13,18,0
39,24,0
44,22,0
39,33,0
20,40,0
1,18,0
11,19,0
25,26,0
34,27,0
39,6,0
15,18,0
11,21,0
41,39,0
23,18,0
32,26,0
6,22,0
25,4,0
26,44,0
41,17,0
40,26,0
14,36,0
28,15,0
15,39,0
25,28,0
9,32,0
6,34,0
20,29,0
24,43,0
41,36,0
37,27,0
17,6,0
48,29,0
4,28,0
39,20,0
39,28,0
10,27,0
17,15,0
21,12,0
13,31,0
5,25,0
49,28,0
31,37,0
28,26,0
2,34,0
22,13,0
28,5,0
26,37,0
7,13,0
18,42,0
16,26,0
26,3,0
10,37,0
8,23,0
40,16,0
26,43,0
21,37,0
45,31,0
26,47,0
9,17,0
17,32,0
33,2,0
31,7,0
15,40,0
16,4,0
23,13,0
47,32,0
39,25,0
32,1,0
29,11,0
13,25,0
14,4,0
36,14,0
21,32,0
4,30,0
13,4,0
1,26,0
38,39,0
8,25,0
25,48,0
34,44,0
30,18,0
17,36,0
31,23,0
29,47,0
30,9,0
31,41,0
14,19,0
30,7,0
8,13,0
13,32,0
189,24,1
185,10,1
175,9,1
174,19,1
154,16,1
155,30,1
157,41,1
161,30,1
181,15,1
151,16,1
169,33,1
174,38,1
186,12,1
179,38,1
170,13,1
156,31,1
166,45,1
163,6,1
161,37,1
150,38,1
176,29,1
184,41,1
169,45,1
184,19,1
152,15,1
159,26,1
177,8,1
182,35,1
158,36,1
153,17,1
165,41,1
183,14,1
178,7,1
184,37,1
165,43,1
185,12,1
162,27,1
170,22,1
182,12,1
146,27,1
187,22,1
178,18,1
172,34,1
144,25,1
178,17,1
165,34,1
167,40,1
158,48,1
166,32,1
156,36,1
176,3,1
176,24,1
147,26,1
153,36,1
171,48,1
147,21,1
178,36,1
159,47,1
157,48,1
183,29,1
181,39,1
165,49,1
183,28,1
151,38,1
180,23,1
149,7,1
154,21,1
187,35,1
154,12,1
158,33,1
156,36,1
152,5,1
163,7,1
184,17,1
183,31,1
166,27,1
181,18,1
181,21,1
174,41,1
180,28,1
145,13,1
156,25,1
164,27,1
161,44,1
184,30,1
166,27,1
180,40,1
171,41,1
184,36,1
172,40,1
175,13,1
167,21,1
164,38,1
175,31,1
143,28,1
173,22,1
181,16,1
166,42,1
180,45,1
176,6,1
164,15,1
183,34,1
187,34,1
156,15,1
177,31,1
164,39,1
148,11,1
150,32,1
160,33,1
169,48,1
158,16,1
162,9,1
144,34,1
152,37,1
166,44,1
171,10,1
158,34,1
141,28,1
182,40,1
187,25,1
150,31,1
169,13,1
154,14,1
145,34,1
173,4,1
178,15,1
166,35,1
145,13,1
151,5,1
173,27,1
155,24,1
173,47,1
146,21,1
149,20,1
172,3,1
180,16,1
152,46,1
167,11,1
151,36,1
183,36,1
166,8,1
175,39,1
150,17,1
155,37,1
170,9,1
183,19,1
151,8,1
189,32,1
146,35,1
184,24,1
169,41,1
159,30,1
164,45,1
167,45,1
183,14,1
184,34,1
168,33,1
176,42,1
183,18,1
143,27,1
167,7,1
170,20,1
167,30,1
155,28,1
172,29,1
168,9,1
165,32,1
180,27,1
178,4,1
144,27,1
167,28,1
189,24,1
170,5,1
169,31,1
154,24,1
172,8,1
173,12,1
166,33,1
177,9,1
158,38,1
188,28,1
188,20,1
151,15,1
166,42,1
159,26,1
161,13,1
154,27,1
177,29,1
177,37,1
189,28,1
157,32,1
158,13,1
180,29,1
166,35,1
156,21,1
164,15,1
169,49,1
153,10,1
146,39,1
181,6,1
178,14,1
148,40,1
169,46,1
170,2,1
154,32,1
183,27,1
168,8,1
164,10,1
167,11,1
164,28,1
187,28,1
155,13,1
174,31,1
159,17,1
153,20,1
167,21,1
154,4,1
144,24,1
166,29,1
166,18,1
165,38,1
145,31,1
168,2,1
166,36,1
160,2,1
146,23,1
163,4,1
143,33,1
152,30,1
173,30,1
166,43,1
158,43,1
152,26,1
166,48,1
167,9,1
150,36,1
166,18,1
155,33,1
149,39,1
170,22,1
172,10,1
161,20,1
161,44,1
181,16,1
177,27,1
143,30,1
182,28,1
174,11,1
151,10,1
176,46,1
162,26,1
184,9,1
158,25,1
167,5,1
173,26,1
159,36,1
151,28,1
149,17,1
189,19,1
176,10,1
163,23,1
172,8,1
186,22,1
154,44,1
142,20,1
181,31,1
178,17,1
182,10,1
185,25,1
174,36,1
178,33,1
142,21,1
147,14,1
182,10,1
166,33,1
155,32,1
179,30,1
165,49,1
162,4,1
169,38,1
141,32,1
150,29,1
173,17,1
162,49,1
169,24,1
179,24,1
149,26,1
185,10,1
148,8,1
171,9,1
151,21,1
172,30,1
169,3,1
149,44,1
161,20,1
162,25,1
169,13,1
183,12,1
155,14,1
161,7,1
151,29,1
174,20,1
175,39,1
158,49,1
165,45,1
157,42,1
158,1,1
168,40,1
180,14,1
156,5,1
180,23,1
160,47,1
166,42,1
157,5,1
186,19,1
155,9,1
176,25,1
176,10,1
156,14,1
167,24,1
164,5,1
146,29,1
153,19,1
177,6,1
155,14,1
163,40,1
184,10,1
163,4,1
144,31,1
170,8,1
179,11,1
181,19,1
177,45,1
152,20,1
159,43,1
160,30,1
171,20,1
170,2,1
177,15,1
147,10,1
184,38,1
186,17,1
163,36,1
175,19,1
154,29,1
160,39,1
154,43,1
165,14,1
164,25,1
147,29,1
154,31,1
153,11,1
144,25,1
180,34,1
143,29,1
162,11,1
173,9,1
164,41,1
163,45,1
182,7,1
145,36,1
171,1,1
166,15,1
176,25,1
165,42,1
149,27,1
170,28,1
168,38,1
150,5,1
163,18,1
157,2,1
179,20,1
146,35,1
148,13,1
159,22,1
180,13,1
158,44,1
152,23,1
160,23,1
147,33,1
185,21,1
169,37,1
182,39,1
185,29,1
178,17,1
168,17,1
169,37,1
179,17,1
172,33,1
183,24,1
153,35,1
176,10,1
170,10,1
160,41,1
178,30,1
147,27,1
149,27,1
177,16,1
156,35,1
181,21,1
158,40,1
164,24,1
175,16,1
181,6,1
167,42,1
168,18,1
181,21,1
171,7,1
162,23,1
160,27,1
153,18,1
154,46,1
147,18,1
143,35,1
142,28,1
172,13,1
150,35,1
158,16,1
164,46,1
174,2,1
186,38,1
149,44,1
163,47,1
181,21,1
168,18,1
155,34,1
172,23,1
153,26,1
180,11,1
169,2,1
151,30,1
169,27,1
168,32,1
156,18,1
164,6,1
167,36,1
141,28,1
181,15,1
153,21,1
153,17,1
161,29,1
184,25,1
186,16,1
149,29,1
176,42,1
165,13,1
186,32,1
157,43,1
185,23,1
183,12,1
155,33,1
189,22,1
173,26,1
186,13,1
177,41,1
142,19,1
150,21,1
175,36,1
165,45,1
154,19,1
174,12,1
166,24,1
162,42,1
157,10,1
161,8,1
184,17,1
164,36,1
185,33,1
154,47,1
155,4,1
164,29,1
165,47,1
172,22,1
148,13,1
156,10,1
173,7,1
155,42,1
160,45,1
156,24,1
174,47,1
152,11,1
185,29,1
143,28,1
165,6,1
176,43,1
167,10,1
182,32,1
143,36,1
163,41,1
177,15,1
180,18,1
141,21,1
153,22,1
182,28,1
171,29,1
154,11,1
149,27,1
176,20,1
183,34,1
171,31,1
142,22,1
168,45,1
179,8,1
175,14,1
173,29,1
163,37,1
178,38,1
169,35,1
145,37,1
151,43,1
174,22,1
179,17,1
148,32,1
162,40,1
166,11,1
154,16,1
168,23,1
179,7,1
162,7,1
169,46,1
170,31,1
171,36,1
145,10,1
148,42,1
149,35,1
159,37,1
176,13,1
148,36,1
148,25,1
172,19,1
165,18,1
155,7,1
158,26,1
188,20,1
173,22,1
153,31,1
162,29,1
150,30,1
165,22,1
180,34,1
169,1,1
164,45,1
144,35,1
186,20,1
179,14,1
171,6,1
176,4,1
153,22,1
157,41,1
185,14,1
165,13,1
177,33,1
150,22,1
165,12,1
143,21,1
189,31,1
172,19,1
161,31,1
181,22,1
178,7,1
149,14,1
164,35,1
183,11,1
181,42,1
158,12,1
173,37,1
186,19,1
177,15,1
185,38,1
175,31,1
187,25,1
177,30,1
161,14,1
156,24,1
146,29,1
176,27,1
151,25,1
183,31,1
163,32,1
170,20,1
171,40,1
177,19,1
169,6,1
171,7,1
171,2,1
181,22,1
148,41,1
167,7,1
154,15,1
170,34,1
178,11,1
176,8,1
146,10,1
165,41,1
157,40,1
146,29,1
157,20,1
162,32,1
161,18,1
161,24,1
