16,32,0
46,17,0
7,25,0
25,41,0
32,38,0
29,2,0
31,4,0
41,25,0
34,3,0
9,16,0
4,20,0
3,29,0
20,25,0
34,21,0
8,30,0
22,14,0
32,49,0
26,41,0
45,37,0
20,31,0
32,10,0
28,34,0
46,24,0
15,16,0
16,16,0
36,33,0
29,18,0
8,42,0
35,27,0
24,15,0
28,16,0
29,40,0
12,8,0
24,20,0
30,15,0
14,39,0
34,46,0
30,28,0
9,25,0
32,2,0
3,25,0
11,14,0
20,34,0
37,24,0
29,10,0
15,8,0
9,20,0
16,31,0
12,21,0
44,19,0
26,8,0
30,27,0
40,9,0
39,13,0
8,26,0
15,32,0
37,12,0
34,27,0
43,31,0
10,10,0
19,11,0
14,16,0
33,25,0
30,25,0
19,44,0
24,5,0
25,15,0
19,10,0
6,30,0
26,47,0
40,43,0
38,39,0
27,37,0
14,13,0
23,14,0
17,28,0
38,24,0
13,13,0
39,36,0
20,30,0
46,23,0
43,8,0
13,46,0
33,48,0
24,1,0
9,42,0
12,26,0
12,33,0
42,21,0
31,12,0
18,4,0
46,13,0
46,30,0
7,41,0
44,39,0
7,35,0
11,39,0
40,33,0
41,41,0
4,37,0
3,35,0
11,18,0
27,28,0
27,11,0
28,14,0
18,34,0
35,43,0
15,17,0
45,40,0
14,33,0
42,43,0
3,36,0
15,40,0
13,10,0
18,31,0
32,36,0
6,9,0
35,15,0
9,15,0
38,8,0
17,46,0
23,46,0
35,40,0
33,36,0
25,8,0
26,40,0
21,40,0
47,15,0
33,5,0
40,18,0
38,10,0
20,39,0
2,31,0
12,30,0
46,25,0
28,43,0
8,16,0
48,24,0
36,15,0
49,20,0
44,27,0
1,26,0
42,26,0
15,8,0
36,11,0
17,20,0
33,9,0
8,29,0
26,47,0
1,21,0
17,20,0
36,4,0
30,30,0
41,10,0
47,17,0
13,33,0
23,6,0
39,20,0
48,26,0
24,3,0
24,10,0
24,6,0
13,42,0
28,38,0
8,16,0
34,28,0
28,9,0
12,14,0
9,8,0
47,20,0
5,32,0
48,25,0
36,40,0
15,45,0
15,36,0
8,34,0
14,36,0
43,18,0
46,34,0
19,49,0
20,48,0
9,22,0
32,30,0
31,13,0
9,19,0
41,36,0
17,45,0
22,47,0
5,16,0
19,19,0
17,32,0
20,9,0
5,29,0
19,48,0
30,37,0
29,29,0
35,14,0
34,35,0
34,32,0
17,29,0
19,16,0
35,12,0
2,16,0
10,38,0
8,39,0
20,41,0
42,39,0
5,12,0
36,4,0
16,42,0
44,9,0
34,9,0
30,29,0
12,30,0
32,10,0
23,15,0
18,14,0
4,35,0
17,42,0
20,35,0
16,28,0
40,28,0
17,14,0
26,43,0
23,33,0
8,21,0
39,23,0
28,45,0
32,19,0
15,20,0
40,40,0
15,37,0
11,8,0
6,13,0
31,49,0
23,46,0
37,16,0
29,42,0
5,35,0
40,23,0
17,46,0
37,18,0
39,19,0
6,41,0
35,23,0
34,40,0
15,20,0
45,10,0
7,36,0
45,28,0
24,21,0
48,18,0
41,41,0
24,27,0
38,38,0
36,14,0
25,25,0
4,34,0
42,42,0
34,29,0
5,40,0
10,42,0
22,33,0
10,34,0
1,29,0
37,25,0
22,11,0
31,1,0
41,28,0
38,32,0
8,9,0
5,17,0
16,33,0
36,3,0
46,16,0
2,20,0
33,27,0
20,2,0
21,43,0
33,48,0
30,36,0
41,9,0
13,18,0
47,20,0
46,32,0
30,9,0
34,4,0
32,9,0
12,25,0
32,47,0
43,10,0
32,47,0
38,30,0
25,24,0
28,21,0
9,15,0
29,34,0
30,23,0
44,28,0
16,27,0
43,26,0
28,31,0
7,25,0
12,23,0
12,7,0
8,7,0
46,15,0
42,33,0
16,45,0
43,9,0
29,23,0
5,18,0
31,35,0
32,33,0
32,18,0
4,29,0
20,46,0
18,5,0
47,32,0
29,19,0
28,8,0
13,31,0
15,34,0
32,40,0
17,19,0
47,30,0
44,28,0
24,33,0
34,45,0
40,25,0
26,45,0
18,29,0
30,15,0
24,17,0
16,4,0
35,7,0
39,25,0
36,5,0
39,21,0
24,7,0
22,21,0
20,43,0
8,41,0
28,31,0
38,19,0
18,22,0
45,27,0
22,4,0
42,10,0
11,23,0
27,17,0
22,24,0
19,23,0
43,10,0
19,24,0
27,27,0
31,28,0
35,43,0
42,28,0
37,42,0
7,35,0
19,45,0
41,33,0
36,39,0
43,8,0
26,16,0
11,7,0
19,10,0
27,38,0
42,31,0
41,22,0
17,6,0
8,28,0
39,45,0
41,15,0
22,19,0
38,42,0
20,27,0
22,16,0
31,7,0
45,12,0
40,33,0
20,15,0
39,25,0
49,27,0
14,44,0
11,45,0
49,29,0
28,38,0
15,6,0
33,31,0
21,6,0
29,6,0
18,12,0
21,41,0
33,31,0
26,33,0
49,19,0
16,37,0
44,14,0
166,25,1
161,17,1
155,18,1
141,45,1
164,30,1
152,42,1
164,19,1
178,32,1
155,18,1
155,13,1
139,15,1
132,20,1
143,43,1
168,36,1
141,18,1
157,19,1
174,28,1
145,22,1
140,9,1
146,45,1
138,19,1
151,32,1
156,13,1
165,22,1
147,19,1
164,30,1
172,11,1
160,33,1
142,17,1
139,27,1
168,43,1
151,43,1
176,26,1
139,38,1
164,38,1
134,21,1
140,40,1
164,48,1
169,27,1
174,31,1
176,13,1
139,32,1
150,49,1
144,16,1
142,33,1
161,26,1
164,10,1
170,8,1
172,37,1
159,42,1
154,45,1
179,25,1
152,7,1
137,21,1
159,30,1
133,18,1
140,23,1
151,39,1
174,38,1
147,21,1
151,23,1
154,3,1
160,41,1
149,42,1
165,46,1
156,33,1
161,2,1
153,24,1
167,42,1
168,35,1
136,33,1
179,31,1
147,14,1
170,9,1
153,3,1
168,35,1
133,17,1
162,7,1
141,13,1
152,10,1
173,17,1
158,25,1
148,24,1
145,39,1
168,34,1
143,32,1
157,49,1
162,15,1
155,36,1
175,39,1
157,24,1
154,38,1
148,17,1
163,12,1
139,6,1
158,21,1
152,34,1
168,17,1
150,28,1
165,19,1
174,28,1
155,42,1
142,34,1
166,9,1
169,34,1
168,22,1
154,4,1
157,46,1
144,37,1
173,16,1
150,34,1
140,32,1
163,10,1
173,12,1
147,33,1
160,39,1
167,30,1
145,19,1
172,18,1
136,26,1
169,11,1
133,20,1
146,34,1
161,19,1
158,30,1
148,34,1
132,30,1
151,45,1
145,7,1
134,30,1
177,25,1
149,14,1
153,37,1
173,20,1
176,37,1
156,37,1
164,31,1
139,31,1
162,21,1
173,18,1
143,35,1
149,38,1
147,41,1
141,21,1
167,31,1
174,25,1
132,21,1
169,9,1
159,3,1
150,32,1
150,24,1
135,39,1
166,41,1
159,39,1
150,40,1
133,32,1
147,5,1
175,35,1
172,8,1
177,26,1
167,16,1
161,33,1
146,4,1
148,35,1
149,21,1
160,35,1
159,4,1
165,22,1
169,12,1
154,36,1
134,16,1
155,48,1
172,36,1
143,19,1
140,10,1
133,34,1
139,24,1
165,23,1
154,27,1
175,16,1
177,36,1
145,28,1
157,16,1
134,22,1
161,8,1
173,13,1
155,28,1
147,44,1
163,31,1
151,43,1
163,9,1
149,4,1
162,17,1
177,28,1
162,30,1
165,5,1
147,30,1
145,42,1
141,7,1
169,41,1
156,49,1
145,24,1
149,36,1
150,32,1
146,11,1
169,17,1
155,19,1
148,48,1
156,6,1
168,24,1
139,37,1
153,29,1
175,38,1
158,20,1
179,21,1
143,20,1
148,24,1
165,16,1
166,31,1
161,29,1
155,33,1
175,20,1
142,7,1
177,31,1
156,46,1
161,22,1
175,37,1
168,12,1
160,43,1
164,44,1
143,26,1
170,18,1
156,8,1
153,35,1
173,34,1
165,16,1
153,27,1
171,26,1
168,34,1
142,19,1
173,14,1
142,20,1
159,24,1
139,19,1
171,8,1
166,6,1
179,20,1
159,20,1
145,37,1
138,28,1
140,22,1
142,37,1
147,5,1
155,45,1
143,13,1
148,40,1
149,33,1
153,22,1
162,14,1
167,11,1
164,38,1
154,22,1
145,34,1
164,13,1
141,22,1
160,49,1
136,25,1
164,42,1
142,15,1
176,21,1
158,13,1
158,25,1
159,30,1
161,26,1
144,11,1
138,39,1
156,12,1
172,41,1
150,17,1
138,7,1
134,14,1
139,16,1
145,11,1
160,40,1
175,19,1
171,8,1
152,47,1
168,36,1
142,32,1
135,40,1
153,42,1
141,13,1
146,28,1
174,27,1
139,39,1
168,33,1
144,24,1
155,49,1
134,14,1
141,36,1
169,21,1
173,31,1
140,38,1
168,44,1
170,33,1
169,24,1
161,48,1
175,25,1
160,16,1
141,43,1
137,18,1
148,12,1
143,26,1
174,10,1
155,17,1
178,20,1
134,13,1
154,10,1
150,43,1
164,13,1
161,21,1
137,31,1
173,26,1
157,39,1
162,6,1
147,11,1
163,21,1
157,8,1
143,36,1
154,28,1
148,20,1
155,13,1
175,35,1
153,3,1
172,30,1
168,38,1
132,27,1
166,9,1
144,8,1
159,21,1
155,45,1
173,34,1
175,39,1
175,24,1
171,8,1
167,29,1
145,37,1
178,24,1
158,45,1
176,32,1
158,2,1
149,35,1
149,47,1
168,33,1
156,10,1
144,26,1
134,13,1
147,44,1
153,40,1
155,31,1
159,1,1
167,4,1
141,13,1
172,11,1
171,18,1
152,44,1
148,17,1
175,32,1
145,3,1
145,3,1
169,13,1
147,12,1
157,7,1
140,43,1
138,37,1
141,28,1
160,14,1
142,32,1
178,27,1
156,43,1
160,15,1
154,10,1
146,22,1
147,38,1
154,4,1
173,27,1
174,35,1
169,21,1
171,6,1
152,1,1
145,40,1
165,35,1
146,17,1
139,10,1
155,42,1
153,44,1
151,35,1
133,30,1
173,21,1
167,6,1
167,5,1
174,21,1
176,24,1
150,35,1
157,4,1
177,35,1
139,10,1
151,6,1
154,47,1
141,11,1
172,42,1
141,7,1
168,33,1
144,26,1
171,24,1
147,35,1
169,12,1
166,41,1
165,33,1
162,3,1
148,29,1
132,32,1
143,36,1
135,32,1
171,27,1
142,8,1
159,16,1
178,19,1
137,30,1
143,31,1
144,6,1
145,10,1
175,22,1
136,9,1
155,20,1
146,37,1
165,41,1
157,24,1
158,28,1
152,36,1
143,5,1
149,39,1
151,33,1
140,24,1
162,44,1
163,13,1
154,32,1
151,6,1
169,23,1
152,33,1
150,1,1
139,18,1
148,4,1
172,24,1
165,19,1
150,14,1
136,27,1
147,26,1
159,6,1
170,27,1
170,15,1
172,36,1
149,35,1
162,10,1
137,37,1
177,16,1
171,6,1
141,30,1
165,5,1
159,5,1
167,16,1
175,19,1
165,23,1
163,31,1
154,1,1
169,44,1
170,6,1
167,41,1
148,24,1
143,19,1
143,7,1
157,36,1
140,39,1
151,28,1
140,43,1
157,15,1
154,12,1
137,20,1
139,9,1
154,9,1
147,19,1
142,25,1
163,47,1
162,13,1
159,2,1
160,8,1
175,10,1
157,27,1
166,39,1
164,34,1
146,43,1
134,24,1
146,6,1
172,29,1
163,21,1
171,13,1
143,28,1
169,36,1
164,9,1
171,38,1
145,11,1
149,20,1
158,15,1
157,49,1
177,24,1
146,22,1
159,7,1
136,21,1
175,23,1
163,6,1
138,10,1
147,42,1
148,7,1
174,15,1
174,21,1
149,39,1
156,8,1
134,14,1
164,27,1
168,44,1
178,19,1
167,33,1
162,22,1
171,32,1
168,19,1
179,20,1
155,3,1
154,43,1
158,11,1
153,25,1
155,17,1
149,6,1
161,6,1
170,19,1
137,42,1
176,24,1
143,41,1
146,26,1
135,13,1
147,44,1
176,22,1
166,9,1
174,20,1
157,25,1
156,8,1
137,36,1
156,17,1
140,28,1
163,4,1
148,9,1
166,20,1
152,21,1
142,22,1
168,5,1
148,32,1
152,24,1
150,20,1
167,33,1
141,10,1
168,28,1
172,28,1
165,21,1
142,34,1
147,39,1
135,13,1
132,19,1
170,45,1
155,25,1
159,44,1
149,1,1
158,36,1
153,34,1
176,18,1
159,12,1
152,49,1
153,41,1
149,23,1
142,10,1
149,7,1
171,28,1
177,22,1
156,16,1
149,18,1
165,32,1
159,39,1
170,38,1
153,38,1
163,19,1
139,6,1
146,46,1
