38,13,0
42,31,0
43,41,0
49,22,0
25,45,0
16,40,0
32,22,0
11,32,0
11,21,0
24,7,0
18,47,0
13,4,0
5,17,0
25,12,0
22,45,0
36,15,0
8,9,0
6,40,0
15,29,0
12,4,0
11,33,0
36,29,0
12,13,0
19,2,0
19,9,0
4,25,0
11,15,0
32,43,0
34,44,0
33,23,0
15,7,0
28,42,0
20,44,0
17,44,0
25,22,0
45,16,0
26,2,0
28,34,0
33,26,0
35,21,0
45,31,0
18,19,0
43,38,0
30,16,0
18,9,0
35,44,0
19,5,0
36,18,0
9,20,0
5,31,0
38,41,0
43,34,0
43,10,0
25,36,0
13,46,0
23,13,0
23,16,0
44,27,0
45,27,0
22,10,0
30,32,0
10,19,0
21,37,0
31,30,0
40,12,0
30,35,0
31,20,0
27,49,0
39,12,0
24,4,0
32,46,0
4,37,0
46,35,0
28,33,0
6,17,0
16,35,0
26,27,0
39,17,0
11,34,0
18,24,0
48,19,0
9,24,0
3,29,0
41,36,0
5,24,0
38,18,0
13,9,0
16,12,0
44,38,0
13,28,0
17,26,0
6,15,0
43,42,0
30,24,0
47,19,0
22,21,0
26,49,0
25,0,0
22,32,0
12,44,0
15,39,0
6,16,0
20,13,0
6,27,0
33,31,0
32,36,0
31,26,0
8,26,0
35,29,0
17,44,0
40,8,0
6,25,0
29,10,0
12,13,0
9,36,0
7,36,0
22,3,0
49,30,0
22,31,0
32,26,0
32,14,0
21,26,0
32,30,0
32,30,0
18,42,0
34,42,0
45,36,0
9,8,0
27,3,0
41,6,0
31,18,0
38,7,0
14,39,0
21,14,0
26,17,0
3,19,0
16,22,0
19,8,0
10,14,0
7,37,0
17,17,0
20,23,0
12,39,0
4,21,0
12,17,0
12,21,0
20,13,0
22,23,0
19,7,0
25,47,0
15,22,0
25,17,0
22,29,0
31,19,0
38,35,0
35,23,0
11,30,0
3,22,0
9,25,0
14,28,0
3,35,0
45,26,0
41,18,0
7,14,0
36,11,0
5,39,0
30,28,0
41,11,0
35,36,0
39,31,0
40,13,0
36,10,0
9,24,0
30,10,0
8,20,0
22,1,0
31,22,0
3,18,0
40,8,0
37,45,0
9,19,0
23,10,0
42,30,0
35,7,0
8,31,0
6,24,0
40,14,0
17,13,0
21,45,0
22,41,0
11,7,0
26,35,0
18,13,0
29,31,0
27,39,0
13,10,0
10,5,0
16,45,0
39,8,0
7,23,0
35,40,0
37,36,0
30,5,0
11,38,0
28,15,0
10,36,0
20,16,0
40,24,0
31,7,0
36,44,0
44,37,0
30,33,0
25,25,0
13,27,0
38,13,0
22,34,0
23,31,0
43,16,0
44,25,0
27,35,0
40,32,0
35,18,0
43,19,0
30,30,0
40,41,0
13,12,0
40,14,0
15,26,0
43,8,0
2,30,0
17,44,0
15,33,0
17,41,0
15,14,0
10,11,0
37,9,0
34,23,0
10,18,0
11,45,0
9,38,0
30,21,0
24,49,0
37,43,0
25,44,0
47,30,0
25,36,0
30,24,0
23,49,0
8,15,0
24,24,0
17,15,0
24,4,0
36,18,0
43,40,0
19,43,0
14,35,0
18,19,0
36,37,0
32,49,0
6,19,0
7,15,0
35,10,0
42,37,0
6,27,0
2,28,0
19,35,0
2,31,0
36,26,0
41,12,0
14,23,0
10,7,0
30,44,0
38,27,0
13,39,0
19,4,0
13,20,0
41,35,0
33,14,0
18,15,0
19,30,0
19,1,0
5,30,0
18,10,0
20,30,0
34,45,0
25,41,0
47,34,0
35,4,0
30,32,0
45,40,0
13,37,0
2,26,0
31,37,0
5,36,0
20,19,0
7,11,0
20,39,0
27,13,0
6,22,0
32,24,0
21,26,0
38,18,0
22,6,0
5,37,0
7,24,0
28,4,0
44,34,0
23,49,0
23,1,0
31,6,0
20,30,0
42,14,0
22,23,0
23,20,0
43,31,0
40,40,0
38,31,0
33,5,0
49,31,0
20,11,0
49,32,0
30,39,0
41,31,0
25,50,0
6,24,0
12,9,0
13,19,0
11,45,0
17,44,0
35,6,0
16,41,0
21,21,0
25,17,0
24,42,0
41,30,0
16,14,0
4,32,0
46,37,0
18,35,0
14,14,0
29,26,0
26,8,0
43,28,0
46,29,0
7,21,0
19,32,0
5,40,0
24,29,0
23,42,0
26,27,0
20,5,0
29,23,0
26,16,0
38,29,0
29,4,0
17,35,0
2,30,0
20,22,0
35,33,0
6,24,0
18,7,0
18,42,0
37,43,0
44,17,0
13,13,0
19,48,0
11,40,0
35,8,0
23,14,0
37,26,0
42,35,0
43,40,0
17,36,0
31,5,0
10,17,0
39,19,0
11,16,0
23,20,0
44,23,0
22,43,0
30,12,0
23,3,0
45,25,0
25,36,0
18,16,0
17,24,0
24,33,0
43,10,0
45,40,0
4,20,0
33,15,0
45,29,0
23,35,0
15,5,0
15,15,0
3,21,0
23,38,0
31,35,0
46,35,0
35,28,0
133,16,1
148,38,1
136,27,1
150,6,1
150,6,1
165,41,1
165,4,1
160,47,1
160,19,1
163,7,1
144,21,1
173,36,1
166,26,1
149,6,1
177,23,1
163,24,1
147,7,1
179,27,1
148,1,1
169,8,1
137,19,1
170,15,1
151,33,1
154,12,1
168,46,1
170,16,1
155,20,1
160,12,1
153,23,1
153,11,1
159,10,1
138,34,1
150,42,1
172,31,1
178,25,1
179,24,1
166,3,1
155,24,1
170,41,1
137,38,1
167,31,1
175,16,1
147,39,1
158,3,1
146,32,1
148,40,1
152,41,1
148,7,1
152,7,1
138,13,1
136,35,1
179,28,1
130,25,1
143,16,1
159,21,1
153,46,1
149,44,1
150,11,1
152,42,1
155,30,1
140,41,1
139,27,1
163,13,1
169,13,1
150,6,1
142,7,1
132,30,1
167,30,1
164,23,1
150,22,1
169,19,1
176,16,1
143,32,1
146,12,1
151,6,1
147,18,1
150,32,1
137,29,1
173,25,1
156,4,1
147,41,1
171,32,1
164,30,1
137,24,1
175,25,1
171,11,1
163,12,1
149,11,1
172,8,1
153,49,1
147,17,1
159,32,1
166,31,1
137,15,1
152,49,1
163,42,1
178,32,1
136,27,1
140,25,1
151,12,1
177,19,1
153,35,1
171,6,1
160,10,1
148,44,1
169,27,1
155,19,1
153,31,1
154,8,1
147,38,1
171,29,1
143,23,1
167,42,1
147,5,1
176,24,1
159,16,1
162,21,1
143,5,1
132,29,1
153,48,1
175,30,1
173,9,1
152,8,1
155,45,1
142,40,1
168,41,1
143,5,1
136,40,1
135,29,1
158,23,1
132,20,1
168,22,1
170,42,1
132,32,1
152,18,1
155,41,1
169,45,1
142,4,1
150,28,1
165,14,1
172,32,1
138,26,1
169,31,1
172,28,1
171,42,1
148,17,1
177,24,1
156,3,1
165,44,1
179,18,1
154,23,1
161,46,1
143,7,1
167,42,1
138,24,1
172,7,1
158,20,1
169,40,1
147,40,1
165,9,1
152,40,1
153,19,1
154,40,1
154,17,1
162,4,1
149,39,1
137,35,1
160,48,1
163,2,1
154,2,1
157,20,1
146,6,1
148,4,1
158,49,1
156,26,1
149,12,1
174,31,1
136,39,1
167,36,1
161,28,1
158,47,1
151,43,1
158,40,1
148,6,1
155,45,1
153,2,1
174,18,1
164,27,1
155,35,1
175,25,1
140,19,1
159,43,1
162,33,1
179,27,1
139,16,1
162,45,1
135,24,1
138,8,1
164,12,1
143,29,1
147,17,1
144,20,1
172,35,1
165,28,1
144,31,1
173,42,1
140,8,1
145,27,1
150,24,1
160,4,1
145,33,1
161,39,1
168,18,1
151,14,1
162,19,1
142,25,1
165,40,1
140,6,1
148,26,1
142,10,1
162,6,1
176,30,1
141,34,1
139,10,1
134,22,1
174,26,1
140,11,1
163,15,1
145,17,1
163,41,1
171,9,1
160,37,1
169,10,1
163,36,1
140,27,1
139,24,1
156,4,1
162,42,1
155,31,1
173,17,1
165,12,1
161,35,1
161,27,1
153,24,1
165,40,1
167,30,1
179,31,1
170,27,1
150,33,1
169,35,1
147,48,1
169,14,1
171,11,1
163,25,1
151,23,1
148,26,1
139,27,1
158,35,1
166,34,1
167,43,1
154,18,1
169,7,1
175,19,1
169,27,1
179,24,1
166,45,1
160,26,1
139,27,1
143,10,1
137,30,1
149,11,1
177,21,1
164,33,1
172,35,1
169,16,1
167,15,1
175,26,1
157,41,1
177,24,1
158,25,1
138,21,1
162,46,1
170,22,1
151,49,1
176,19,1
154,27,1
138,33,1
161,9,1
154,36,1
161,20,1
151,24,1
150,10,1
152,8,1
132,25,1
174,15,1
141,30,1
176,20,1
137,8,1
173,18,1
159,36,1
172,7,1
164,37,1
145,12,1
142,19,1
151,30,1
149,37,1
154,9,1
160,31,1
141,41,1
142,38,1
153,49,1
157,43,1
152,33,1
152,34,1
148,36,1
166,18,1
148,21,1
172,12,1
161,30,1
178,24,1
161,40,1
137,20,1
131,29,1
158,29,1
169,26,1
138,28,1
155,24,1
143,21,1
143,30,1
168,18,1
136,22,1
162,23,1
161,35,1
148,48,1
160,40,1
158,44,1
163,22,1
161,35,1
168,6,1
161,38,1
146,20,1
164,2,1
149,27,1
160,4,1
141,7,1
177,15,1
156,4,1
169,45,1
158,16,1
164,31,1
165,26,1
141,41,1
155,37,1
162,47,1
155,4,1
172,14,1
138,40,1
148,2,1
161,7,1
137,12,1
177,25,1
160,28,1
161,38,1
172,9,1
156,8,1
141,44,1
151,28,1
160,20,1
164,41,1
153,38,1
163,37,1
173,32,1
159,7,1
157,29,1
139,20,1
154,39,1
147,28,1
132,33,1
178,32,1
175,25,1
177,17,1
175,22,1
156,40,1
175,16,1
174,34,1
168,44,1
144,9,1
158,4,1
148,29,1
133,19,1
148,28,1
165,39,1
144,18,1
163,13,1
162,12,1
139,30,1
171,42,1
154,26,1
162,1,1
177,29,1
155,32,1
140,20,1
152,45,1
149,13,1
143,13,1
148,13,1
163,13,1
146,29,1
158,22,1
174,33,1
140,23,1
134,33,1
160,10,1
177,14,1
170,44,1
171,18,1
176,38,1
149,28,1
175,34,1
157,23,1
149,41,1
148,47,1
145,21,1
150,10,1
176,16,1
142,18,1
166,8,1
136,28,1
169,37,1
132,18,1
169,13,1
156,22,1
137,24,1
148,25,1
160,23,1
157,31,1
140,35,1
170,31,1
151,44,1
168,18,1
167,18,1
172,9,1
161,12,1
138,12,1
144,6,1
152,6,1
162,42,1
158,8,1
148,44,1
152,40,1
142,32,1
154,41,1
178,29,1
152,36,1
136,28,1
176,17,1
150,24,1
152,41,1
134,17,1
137,37,1
156,48,1
147,26,1
146,35,1
162,28,1
178,31,1
159,19,1
151,36,1
145,35,1
172,43,1
134,24,1
159,42,1
175,31,1
148,45,1
167,46,1
148,33,1
146,20,1
167,4,1
146,47,1
148,48,1
174,23,1
147,39,1
138,17,1
167,31,1
142,22,1
170,7,1
168,45,1
135,25,1
154,28,1
174,20,1
146,2,1
143,40,1
155,14,1
161,49,1
153,33,1
136,30,1
138,31,1
136,29,1
174,32,1
139,33,1
136,9,1
134,30,1
136,11,1
158,28,1
167,18,1
174,9,1
134,31,1
139,28,1
168,16,1
165,41,1
138,13,1
172,16,1
161,42,1
145,35,1
162,16,1
170,5,1
156,26,1
136,12,1
169,28,1
149,42,1
145,7,1
158,44,1
163,28,1
173,31,1
149,3,1
140,31,1
163,46,1
138,43,1
131,30,1
150,22,1
163,9,1
162,43,1
134,29,1
173,40,1
150,30,1
171,10,1
134,23,1
170,5,1
141,7,1
174,41,1
160,19,1
171,22,1
134,23,1
157,11,1
155,23,1
165,18,1
134,37,1
150,12,1
144,47,1
158,31,1
174,21,1
167,40,1
169,13,1
138,40,1
141,13,1
156,43,1
140,38,1
161,33,1
152,13,1
148,47,1
165,34,1
133,26,1
161,45,1
174,12,1
154,35,1
150,28,1
162,41,1
141,35,1
161,30,1
165,36,1
131,24,1
156,21,1
155,27,1
134,13,1
143,37,1
160,6,1
143,12,1
145,27,1
135,14,1
169,36,1
140,37,1
174,19,1
151,40,1
131,31,1
148,26,1
161,40,1
150,2,1
139,32,1
151,19,1
159,40,1
133,25,1
176,14,1
145,46,1
145,34,1
167,34,1
145,19,1
171,12,1
170,40,1
168,39,1
165,39,1
149,18,1
