21,15,0
3,21,0
25,26,0
35,37,0
28,46,0
15,12,0
26,49,0
36,26,0
45,25,0
38,33,0
30,46,0
44,16,0
39,12,0
24,28,0
16,34,0
1,31,0
45,33,0
31,37,0
37,19,0
31,39,0
19,9,0
17,11,0
21,11,0
9,8,0
35,11,0
48,28,0
32,33,0
27,41,0
16,6,0
6,15,0
2,29,0
39,33,0
48,21,0
34,45,0
36,16,0
32,32,0
22,5,0
46,23,0
32,32,0
32,31,0
8,31,0
28,48,0
34,28,0
20,33,0
15,46,0
21,26,0
14,35,0
21,29,0
33,4,0
25,32,0
38,19,0
4,29,0
10,38,0
31,10,0
20,19,0
33,39,0
7,21,0
48,33,0
22,4,0
4,32,0
30,5,0
24,46,0
6,40,0
25,12,0
32,12,0
15,30,0
21,12,0
15,26,0
4,31,0
21,11,0
17,17,0
13,34,0
45,24,0
47,36,0
16,5,0
26,27,0
26,42,0
16,43,0
7,28,0
22,48,0
28,18,0
44,16,0
9,12,0
44,26,0
40,26,0
22,16,0
27,36,0
12,14,0
10,17,0
36,30,0
41,15,0
32,10,0
15,20,0
18,19,0
14,38,0
12,23,0
40,31,0
16,46,0
34,32,0
16,23,0
26,35,0
26,33,0
47,36,0
11,35,0
26,23,0
48,30,0
31,23,0
39,16,0
19,47,0
42,16,0
34,7,0
14,21,0
24,23,0
24,25,0
31,22,0
31,13,0
13,15,0
3,21,0
5,33,0
35,46,0
12,23,0
12,18,0
25,32,0
43,34,0
3,15,0
40,32,0
32,14,0
36,30,0
15,32,0
29,31,0
40,37,0
11,11,0
23,9,0
8,20,0
33,45,0
28,26,0
8,34,0
34,45,0
24,6,0
27,41,0
26,7,0
18,33,0
5,19,0
16,47,0
35,47,0
17,14,0
10,33,0
37,44,0
9,11,0
8,38,0
21,34,0
16,12,0
31,18,0
5,24,0
33,9,0
41,20,0
23,37,0
28,40,0
27,24,0
35,42,0
49,26,0
33,28,0
25,12,0
36,39,0
23,12,0
41,26,0
5,36,0
29,37,0
27,21,0
1,25,0
16,46,0
44,36,0
5,10,0
25,7,0
32,46,0
35,41,0
15,46,0
32,29,0
32,42,0
29,41,0
23,23,0
44,17,0
34,19,0
39,45,0
34,14,0
33,2,0
8,32,0
8,13,0
22,20,0
22,17,0
22,36,0
15,9,0
39,28,0
20,24,0
15,34,0
41,44,0
18,16,0
39,42,0
25,37,0
1,25,0
15,33,0
8,17,0
43,35,0
37,35,0
14,6,0
6,41,0
14,9,0
9,14,0
11,31,0
19,9,0
9,10,0
3,28,0
19,7,0
11,35,0
9,25,0
24,29,0
40,25,0
10,12,0
35,21,0
42,19,0
24,47,0
30,8,0
33,35,0
24,37,0
10,41,0
35,8,0
21,34,0
44,40,0
9,37,0
7,11,0
13,6,0
9,19,0
43,38,0
24,2,0
13,12,0
40,30,0
7,19,0
34,4,0
32,24,0
6,19,0
19,16,0
40,10,0
38,29,0
21,36,0
26,24,0
8,8,0
45,21,0
12,30,0
30,34,0
15,47,0
34,2,0
17,25,0
33,19,0
7,15,0
27,4,0
10,8,0
18,11,0
7,29,0
28,4,0
2,22,0
37,20,0
33,13,0
45,16,0
30,23,0
31,19,0
45,37,0
19,18,0
29,34,0
24,22,0
34,42,0
8,32,0
17,45,0
30,15,0
39,17,0
8,32,0
31,1,0
20,32,0
38,29,0
39,18,0
28,14,0
45,34,0
24,22,0
40,14,0
1,30,0
12,39,0
22,36,0
45,37,0
46,29,0
11,26,0
10,37,0
27,4,0
8,34,0
14,45,0
36,34,0
34,11,0
23,3,0
32,23,0
20,39,0
21,10,0
42,41,0
14,43,0
17,21,0
21,26,0
30,27,0
41,23,0
40,41,0
8,25,0
12,36,0
27,3,0
6,34,0
7,28,0
12,20,0
27,26,0
23,11,0
38,37,0
42,24,0
20,31,0
43,38,0
38,35,0
20,46,0
33,7,0
22,38,0
30,49,0
17,20,0
25,48,0
32,2,0
20,40,0
38,8,0
35,43,0
46,38,0
14,28,0
22,45,0
5,39,0
19,21,0
14,12,0
3,23,0
8,33,0
25,30,0
12,4,0
43,10,0
34,6,0
12,41,0
6,27,0
12,46,0
28,28,0
31,42,0
31,8,0
15,21,0
18,41,0
18,27,0
29,31,0
18,32,0
42,38,0
44,34,0
38,39,0
8,17,0
8,37,0
45,32,0
35,22,0
25,32,0
20,39,0
29,36,0
27,46,0
19,42,0
32,12,0
12,8,0
16,23,0
23,36,0
46,26,0
38,14,0
32,40,0
29,42,0
7,40,0
15,40,0
19,39,0
16,48,0
18,46,0
32,41,0
9,36,0
23,31,0
9,16,0
39,39,0
23,31,0
42,17,0
29,9,0
43,28,0
29,21,0
12,42,0
23,40,0
41,8,0
11,8,0
26,28,0
37,34,0
29,14,0
18,10,0
7,10,0
34,4,0
25,33,0
36,9,0
27,22,0
174,35,1
141,12,1
162,44,1
163,32,1
151,12,1
156,23,1
151,49,1
158,17,1
171,34,1
173,18,1
166,14,1
135,37,1
140,34,1
145,36,1
173,42,1
161,32,1
135,40,1
173,42,1
151,17,1
148,24,1
169,9,1
147,25,1
176,32,1
165,33,1
155,29,1
137,38,1
174,39,1
162,6,1
163,8,1
143,26,1
141,26,1
152,45,1
148,24,1
155,29,1
171,6,1
148,21,1
160,24,1
167,8,1
158,8,1
151,4,1
156,23,1
158,46,1
175,27,1
157,1,1
152,37,1
140,8,1
153,1,1
147,45,1
168,19,1
143,8,1
142,12,1
153,18,1
152,28,1
144,39,1
175,35,1
146,8,1
148,17,1
158,26,1
158,31,1
171,25,1
167,36,1
152,44,1
155,36,1
178,17,1
149,39,1
155,46,1
147,27,1
153,9,1
154,39,1
148,25,1
161,4,1
154,16,1
168,16,1
174,15,1
142,21,1
133,27,1
178,18,1
172,19,1
138,16,1
160,37,1
143,19,1
179,18,1
163,25,1
132,27,1
135,38,1
172,18,1
155,27,1
163,6,1
158,21,1
141,38,1
131,21,1
157,18,1
153,14,1
167,23,1
148,43,1
158,18,1
144,43,1
166,10,1
146,21,1
172,33,1
145,32,1
131,23,1
172,31,1
160,21,1
169,12,1
159,25,1
134,28,1
142,21,1
139,29,1
146,10,1
137,37,1
155,23,1
154,40,1
141,34,1
158,30,1
150,20,1
169,33,1
175,23,1
146,3,1
177,15,1
159,38,1
136,31,1
166,38,1
150,28,1
148,24,1
144,40,1
158,3,1
131,18,1
135,38,1
136,10,1
135,20,1
164,40,1
171,39,1
172,32,1
168,19,1
157,18,1
167,6,1
142,34,1
154,36,1
156,22,1
153,1,1
159,22,1
169,32,1
171,41,1
145,44,1
139,38,1
172,29,1
138,13,1
153,23,1
155,1,1
154,18,1
137,10,1
144,19,1
164,12,1
136,19,1
143,38,1
135,32,1
155,15,1
161,10,1
150,3,1
155,7,1
168,23,1
145,47,1
152,30,1
173,31,1
165,32,1
148,24,1
162,13,1
132,27,1
169,9,1
154,12,1
157,41,1
142,36,1
173,8,1
162,27,1
158,39,1
178,29,1
161,4,1
145,40,1
146,8,1
175,14,1
163,36,1
136,38,1
168,24,1
173,21,1
158,39,1
149,8,1
167,21,1
153,33,1
163,12,1
161,11,1
165,39,1
151,6,1
175,34,1
134,14,1
142,18,1
170,42,1
160,41,1
134,36,1
159,24,1
150,46,1
172,13,1
155,41,1
143,9,1
171,27,1
149,22,1
177,30,1
157,33,1
169,8,1
163,21,1
170,33,1
143,28,1
175,19,1
177,34,1
144,24,1
167,12,1
149,33,1
153,36,1
153,26,1
169,26,1
150,41,1
172,41,1
148,13,1
164,28,1
133,34,1
169,19,1
165,28,1
154,22,1
164,16,1
175,21,1
154,46,1
176,29,1
160,14,1
143,45,1
137,12,1
159,35,1
165,30,1
155,4,1
135,37,1
155,33,1
162,3,1
135,28,1
152,8,1
160,38,1
164,33,1
137,32,1
147,9,1
170,19,1
161,30,1
167,44,1
151,11,1
143,35,1
150,9,1
162,31,1
171,26,1
168,20,1
160,26,1
161,25,1
165,19,1
174,41,1
171,39,1
150,5,1
176,14,1
143,10,1
167,45,1
141,16,1
138,9,1
162,21,1
132,25,1
142,34,1
138,22,1
159,36,1
162,38,1
164,40,1
166,12,1
146,7,1
158,35,1
139,11,1
138,34,1
168,4,1
162,48,1
155,29,1
143,6,1
139,25,1
142,10,1
161,27,1
136,12,1
155,16,1
159,43,1
164,47,1
155,30,1
133,21,1
151,1,1
158,20,1
149,25,1
164,40,1
151,10,1
170,12,1
175,13,1
164,48,1
149,31,1
156,11,1
131,32,1
143,4,1
168,10,1
139,13,1
175,28,1
157,21,1
156,41,1
160,6,1
134,25,1
169,11,1
154,41,1
139,19,1
158,22,1
141,30,1
157,39,1
175,12,1
147,37,1
133,36,1
148,15,1
156,4,1
167,8,1
174,9,1
147,45,1
178,17,1
173,15,1
148,33,1
157,47,1
139,39,1
139,35,1
168,44,1
137,17,1
174,21,1
151,22,1
166,26,1
145,47,1
161,41,1
154,29,1
162,29,1
171,33,1
161,30,1
133,19,1
158,33,1
144,39,1
157,20,1
155,32,1
164,29,1
173,13,1
165,15,1
150,3,1
170,14,1
131,32,1
140,12,1
164,38,1
161,24,1
160,3,1
165,42,1
164,43,1
155,3,1
146,41,1
147,13,1
160,8,1
174,21,1
143,22,1
171,44,1
142,11,1
164,32,1
161,20,1
155,23,1
165,34,1
151,4,1
147,46,1
143,44,1
162,48,1
165,17,1
151,48,1
152,2,1
146,19,1
145,24,1
140,37,1
152,12,1
165,28,1
153,6,1
153,2,1
142,43,1
166,9,1
144,47,1
141,44,1
144,46,1
168,44,1
136,14,1
175,40,1
179,24,1
151,28,1
146,44,1
166,38,1
159,5,1
160,3,1
166,3,1
152,44,1
151,32,1
167,9,1
175,14,1
136,34,1
159,3,1
144,13,1
168,24,1
142,44,1
171,14,1
156,10,1
152,47,1
166,9,1
158,25,1
176,19,1
173,34,1
134,36,1
159,1,1
171,19,1
155,23,1
152,30,1
144,5,1
157,27,1
147,18,1
161,25,1
143,15,1
140,26,1
153,2,1
155,25,1
144,44,1
153,49,1
161,28,1
154,26,1
159,34,1
169,44,1
151,41,1
168,38,1
159,45,1
179,28,1
140,28,1
149,14,1
138,11,1
160,27,1
137,23,1
143,15,1
152,36,1
141,44,1
148,21,1
173,29,1
147,38,1
175,15,1
163,24,1
156,16,1
154,8,1
147,22,1
148,48,1
167,20,1
141,19,1
144,37,1
153,32,1
134,14,1
148,27,1
154,5,1
139,27,1
176,19,1
149,20,1
160,30,1
160,25,1
163,40,1
156,22,1
140,32,1
154,48,1
173,20,1
145,47,1
135,38,1
151,35,1
136,31,1
153,44,1
154,2,1
148,44,1
162,34,1
168,29,1
157,32,1
173,9,1
163,14,1
146,2,1
140,5,1
151,41,1
173,31,1
166,7,1
160,47,1
152,15,1
139,42,1
152,36,1
167,42,1
179,27,1
133,31,1
174,34,1
153,1,1
170,15,1
169,23,1
160,31,1
146,23,1
179,27,1
158,19,1
158,4,1
152,18,1
144,34,1
149,18,1
170,11,1
133,31,1
170,7,1
149,48,1
179,29,1
142,35,1
159,30,1
143,40,1
174,38,1
176,37,1
164,34,1
179,19,1
173,28,1
147,34,1
157,24,1
150,26,1
151,30,1
156,42,1
148,45,1
167,42,1
159,26,1
143,19,1
149,23,1
160,35,1
145,19,1
137,34,1
159,25,1
152,10,1
177,26,1
159,31,1
144,33,1
173,37,1
156,28,1
135,25,1
144,8,1
155,1,1
144,47,1
176,31,1
155,47,1
142,4,1
135,36,1
153,8,1
173,17,1
147,18,1
145,28,1
149,5,1
160,37,1
142,39,1
138,25,1
153,9,1
151,4,1
135,30,1
170,8,1
150,2,1
144,3,1
141,7,1
160,2,1
163,17,1
151,3,1
169,22,1
131,26,1
159,48,1
142,38,1
160,22,1
162,44,1
166,7,1
171,14,1
162,45,1
169,5,1
178,34,1
170,43,1
161,40,1
160,36,1
157,20,1
160,14,1
155,9,1
178,27,1
140,15,1
141,38,1
168,29,1
149,44,1
172,38,1
169,34,1
166,22,1
134,27,1
174,19,1
146,10,1
172,42,1
154,13,1
162,34,1
179,22,1
