31,38,0
3,35,0
34,37,0
18,40,0
31,31,0
16,26,0
41,34,0
38,24,0
14,38,0
44,34,0
8,26,0
32,38,0
39,17,0
18,39,0
34,42,0
10,26,0
38,25,0
9,40,0
46,21,0
22,44,0
26,9,0
24,45,0
21,29,0
8,35,0
13,15,0
2,27,0
19,14,0
33,4,0
27,49,0
30,27,0
39,43,0
37,40,0
27,36,0
19,2,0
26,7,0
15,17,0
31,38,0
11,25,0
37,15,0
31,18,0
4,19,0
30,25,0
45,24,0
14,37,0
18,7,0
26,26,0
39,11,0
32,16,0
42,38,0
42,12,0
12,30,0
47,22,0
48,27,0
23,26,0
46,25,0
35,8,0
34,23,0
40,18,0
18,32,0
9,33,0
29,39,0
45,17,0
31,25,0
18,14,0
29,29,0
6,33,0
49,26,0
12,42,0
23,40,0
10,30,0
16,15,0
41,38,0
32,13,0
17,25,0
16,10,0
16,4,0
50,25,0
34,40,0
37,15,0
42,39,0
8,10,0
40,30,0
30,43,0
48,21,0
23,2,0
34,19,0
30,34,0
5,32,0
30,4,0
24,32,0
48,30,0
18,6,0
44,19,0
9,23,0
12,34,0
12,7,0
16,9,0
41,22,0
15,41,0
27,36,0
36,25,0
37,24,0
22,37,0
26,35,0
28,37,0
20,23,0
18,46,0
41,43,0
20,46,0
8,18,0
19,42,0
37,42,0
37,35,0
36,21,0
32,41,0
21,38,0
30,28,0
38,16,0
36,35,0
36,47,0
3,19,0
21,32,0
27,45,0
48,25,0
40,35,0
24,49,0
11,41,0
45,12,0
31,38,0
36,4,0
27,23,0
43,40,0
12,16,0
29,19,0
8,27,0
21,31,0
42,38,0
30,37,0
40,18,0
32,9,0
20,29,0
28,33,0
42,15,0
17,39,0
41,30,0
14,22,0
33,10,0
11,32,0
31,38,0
17,30,0
11,38,0
32,18,0
44,12,0
24,14,0
16,29,0
39,31,0
25,28,0
41,14,0
41,32,0
23,12,0
46,19,0
31,9,0
34,44,0
30,41,0
32,42,0
20,27,0
32,38,0
25,13,0
32,41,0
32,39,0
11,41,0
22,27,0
16,9,0
35,40,0
39,24,0
28,23,0
4,16,0
11,11,0
8,17,0
21,37,0
37,28,0
42,21,0
16,6,0
46,30,0
28,18,0
11,32,0
15,10,0
28,21,0
32,28,0
9,38,0
25,19,0
18,15,0
25,40,0
11,42,0
23,25,0
16,44,0
45,26,0
13,23,0
7,25,0
31,39,0
14,46,0
37,9,0
5,39,0
8,35,0
36,8,0
9,23,0
27,14,0
15,25,0
33,5,0
16,8,0
16,18,0
47,32,0
19,2,0
40,16,0
39,29,0
47,36,0
15,41,0
26,7,0
25,26,0
30,1,0
35,45,0
31,6,0
7,9,0
42,33,0
19,14,0
28,32,0
45,29,0
19,47,0
37,46,0
13,32,0
40,28,0
21,19,0
21,40,0
14,3,0
6,14,0
8,10,0
22,45,0
5,19,0
15,29,0
13,11,0
47,19,0
17,20,0
30,38,0
26,17,0
45,28,0
19,46,0
26,43,0
18,43,0
26,42,0
29,48,0
10,16,0
23,30,0
24,9,0
20,46,0
30,36,0
27,6,0
21,22,0
19,30,0
34,48,0
39,42,0
36,38,0
45,16,0
38,17,0
33,11,0
20,7,0
44,17,0
28,35,0
45,35,0
16,2,0
14,43,0
21,26,0
31,9,0
31,30,0
46,32,0
27,6,0
20,47,0
6,38,0
38,12,0
15,46,0
26,22,0
7,31,0
40,40,0
45,23,0
33,48,0
13,24,0
23,43,0
36,44,0
18,3,0
17,5,0
18,41,0
24,21,0
30,2,0
22,32,0
28,46,0
20,45,0
23,6,0
25,15,0
5,15,0
27,7,0
38,34,0
33,42,0
25,23,0
25,25,0
31,7,0
40,43,0
49,29,0
11,22,0
12,11,0
15,6,0
33,44,0
10,7,0
24,40,0
4,26,0
28,25,0
7,9,0
36,18,0
22,14,0
25,35,0
16,17,0
34,21,0
35,41,0
27,41,0
30,3,0
24,3,0
20,29,0
32,35,0
1,18,0
45,15,0
34,20,0
7,15,0
24,35,0
36,31,0
35,21,0
47,15,0
22,44,0
49,28,0
32,38,0
21,43,0
8,30,0
3,34,0
49,22,0
24,32,0
30,9,0
28,40,0
24,23,0
45,32,0
40,18,0
26,8,0
14,10,0
23,4,0
42,27,0
38,27,0
27,46,0
29,29,0
38,39,0
16,47,0
17,21,0
25,31,0
7,32,0
22,46,0
25,41,0
17,27,0
45,19,0
26,38,0
27,47,0
27,22,0
33,47,0
3,21,0
39,36,0
34,29,0
24,46,0
35,36,0
37,19,0
42,36,0
15,4,0
12,10,0
45,10,0
29,31,0
18,37,0
12,29,0
15,14,0
33,18,0
46,37,0
44,25,0
34,9,0
40,8,0
43,20,0
14,11,0
33,43,0
33,17,0
17,3,0
42,24,0
43,42,0
13,18,0
0,25,0
24,25,0
5,28,0
13,32,0
37,17,0
5,21,0
168,28,1
142,41,1
151,6,1
162,8,1
154,43,1
140,23,1
130,28,1
125,15,1
148,9,1
153,24,1
142,25,1
124,23,1
158,12,1
143,38,1
124,20,1
150,34,1
157,22,1
139,31,1
151,39,1
143,2,1
141,15,1
135,20,1
145,16,1
123,16,1
167,28,1
139,13,1
131,29,1
130,33,1
144,14,1
154,34,1
134,36,1
139,38,1
152,30,1
155,12,1
137,8,1
166,12,1
169,30,1
134,47,1
135,25,1
149,5,1
142,34,1
138,18,1
137,39,1
129,33,1
159,19,1
165,22,1
152,32,1
163,17,1
152,12,1
158,5,1
144,48,1
134,45,1
146,46,1
166,38,1
136,6,1
135,46,1
151,47,1
153,40,1
146,25,1
161,17,1
136,25,1
132,4,1
142,11,1
156,24,1
167,36,1
131,24,1
158,6,1
154,28,1
169,27,1
159,32,1
154,8,1
150,11,1
167,24,1
149,1,1
159,10,1
128,11,1
155,12,1
156,27,1
143,1,1
158,18,1
138,9,1
156,34,1
133,22,1
147,21,1
125,37,1
155,22,1
163,34,1
132,9,1
130,36,1
142,8,1
152,12,1
154,45,1
122,19,1
123,22,1
153,46,1
138,18,1
132,14,1
143,31,1
140,35,1
155,37,1
152,43,1
136,30,1
127,11,1
146,42,1
148,6,1
131,9,1
133,24,1
135,18,1
131,23,1
147,13,1
157,44,1
142,35,1
149,1,1
151,4,1
128,16,1
146,34,1
152,13,1
143,34,1
163,14,1
148,40,1
159,19,1
162,8,1
124,34,1
164,30,1
156,12,1
129,14,1
157,13,1
166,16,1
155,26,1
150,22,1
147,23,1
147,9,1
163,15,1
144,29,1
138,30,1
148,19,1
156,29,1
123,20,1
162,17,1
152,31,1
164,40,1
156,31,1
127,16,1
161,28,1
135,38,1
136,33,1
141,31,1
162,43,1
162,30,1
165,24,1
127,30,1
142,12,1
158,17,1
133,46,1
135,27,1
167,30,1
147,13,1
156,4,1
165,38,1
159,25,1
140,38,1
159,8,1
137,43,1
127,23,1
123,26,1
135,12,1
156,41,1
164,20,1
161,18,1
154,30,1
159,28,1
162,39,1
137,48,1
153,44,1
136,15,1
143,31,1
128,8,1
144,31,1
149,47,1
140,43,1
128,35,1
161,42,1
161,14,1
157,18,1
128,17,1
143,4,1
155,16,1
123,17,1
145,37,1
127,23,1
163,26,1
162,17,1
140,13,1
133,6,1
129,39,1
150,23,1
141,1,1
134,20,1
133,23,1
150,9,1
156,26,1
156,25,1
148,3,1
159,20,1
153,19,1
126,25,1
145,37,1
148,16,1
126,41,1
162,43,1
134,41,1
136,16,1
161,24,1
136,11,1
132,40,1
167,17,1
133,14,1
153,9,1
131,31,1
150,23,1
136,45,1
133,44,1
161,13,1
137,2,1
146,1,1
154,18,1
139,12,1
129,23,1
148,25,1
157,44,1
121,24,1
164,35,1
153,14,1
143,33,1
146,37,1
162,22,1
167,34,1
142,1,1
136,23,1
129,38,1
129,13,1
133,7,1
151,49,1
167,23,1
145,44,1
161,38,1
133,6,1
142,29,1
129,14,1
125,33,1
139,14,1
162,30,1
144,30,1
166,35,1
153,16,1
166,35,1
156,28,1
136,21,1
121,18,1
130,14,1
157,18,1
164,26,1
148,16,1
126,13,1
128,12,1
162,41,1
152,20,1
145,12,1
148,46,1
165,32,1
154,5,1
121,21,1
136,44,1
149,7,1
161,42,1
148,8,1
144,22,1
147,37,1
156,47,1
146,16,1
145,24,1
136,19,1
138,30,1
125,26,1
131,45,1
144,34,1
143,26,1
146,37,1
150,3,1
133,17,1
148,12,1
146,8,1
146,32,1
123,20,1
144,6,1
141,19,1
140,2,1
148,47,1
151,33,1
150,43,1
156,41,1
158,30,1
123,20,1
145,19,1
156,23,1
129,31,1
139,32,1
132,6,1
130,27,1
135,6,1
132,13,1
129,40,1
136,46,1
146,4,1
130,10,1
137,2,1
131,40,1
161,39,1
168,25,1
136,23,1
152,45,1
146,1,1
145,14,1
154,13,1
167,30,1
157,11,1
157,22,1
140,9,1
139,18,1
133,13,1
162,39,1
152,49,1
148,34,1
156,32,1
121,30,1
163,39,1
155,45,1
153,11,1
159,25,1
157,37,1
156,27,1
158,27,1
154,22,1
131,32,1
149,41,1
142,23,1
123,26,1
149,11,1
163,42,1
152,44,1
156,3,1
131,35,1
123,16,1
166,31,1
156,13,1
141,13,1
157,10,1
162,42,1
131,20,1
142,19,1
142,9,1
130,22,1
121,27,1
145,15,1
132,22,1
129,20,1
122,24,1
151,23,1
133,46,1
139,4,1
133,45,1
125,32,1
142,13,1
141,7,1
146,47,1
152,17,1
159,43,1
152,46,1
147,22,1
132,36,1
163,9,1
144,10,1
160,31,1
129,33,1
127,18,1
143,10,1
154,9,1
134,10,1
159,15,1
143,34,1
151,29,1
137,9,1
139,5,1
122,34,1
149,38,1
150,30,1
133,38,1
163,20,1
153,11,1
140,37,1
133,9,1
142,48,1
149,7,1
156,29,1
129,23,1
152,21,1
129,36,1
157,31,1
163,23,1
145,46,1
143,28,1
153,13,1
139,6,1
126,12,1
142,36,1
136,11,1
149,23,1
131,38,1
151,34,1
151,5,1
142,45,1
127,19,1
148,48,1
165,24,1
157,23,1
165,19,1
133,44,1
147,7,1
140,35,1
128,10,1
130,43,1
129,13,1
160,45,1
139,19,1
137,25,1
162,8,1
160,32,1
139,27,1
150,41,1
145,2,1
149,35,1
139,41,1
167,35,1
145,43,1
148,38,1
155,40,1
137,4,1
148,18,1
152,4,1
142,33,1
123,34,1
132,20,1
135,13,1
133,32,1
126,30,1
128,22,1
136,19,1
133,35,1
169,22,1
121,30,1
149,49,1
149,49,1
168,30,1
154,39,1
137,8,1
137,32,1
162,16,1
138,45,1
123,34,1
125,16,1
130,26,1
141,38,1
146,39,1
150,8,1
129,42,1
140,27,1
157,37,1
137,43,1
132,15,1
157,19,1
134,26,1
141,42,1
151,10,1
140,13,1
159,36,1
166,18,1
136,47,1
134,42,1
138,11,1
125,11,1
165,11,1
157,6,1
132,7,1
155,34,1
124,17,1
128,36,1
144,35,1
156,11,1
132,14,1
152,18,1
156,9,1
131,45,1
129,30,1
144,1,1
159,35,1
147,5,1
136,24,1
164,13,1
132,18,1
136,22,1
146,26,1
128,42,1
159,30,1
124,28,1
148,11,1
132,20,1
147,37,1
138,33,1
139,27,1
142,40,1
143,29,1
138,40,1
141,20,1
134,47,1
122,34,1
124,36,1
159,26,1
164,26,1
158,21,1
137,35,1
156,7,1
157,41,1
156,33,1
131,6,1
136,29,1
130,31,1
161,9,1
152,43,1
131,31,1
164,16,1
142,15,1
143,17,1
152,37,1
164,10,1
127,24,1
146,12,1
135,7,1
131,35,1
145,42,1
137,25,1
162,43,1
131,34,1
139,14,1
151,21,1
138,2,1
133,37,1
155,30,1
154,48,1
160,35,1
140,25,1
137,14,1
165,36,1
134,35,1
162,15,1
162,23,1
156,13,1
157,43,1
135,44,1
149,14,1
140,4,1
141,37,1
132,32,1
157,38,1
128,37,1
150,3,1
156,35,1
131,42,1
163,22,1
129,13,1
138,22,1
157,21,1
144,43,1
168,29,1
157,23,1
152,19,1
139,28,1
135,40,1
127,17,1
167,24,1
169,25,1
138,44,1
133,11,1
162,38,1
140,21,1
135,16,1
158,26,1
157,16,1
152,2,1
132,46,1
161,28,1
