41,39,0
40,33,0
24,42,0
15,16,0
48,27,0
41,7,0
6,23,0
25,24,0
10,8,0
19,8,0
29,39,0
20,32,0
3,34,0
20,47,0
35,20,0
20,29,0
23,13,0
3,22,0
30,19,0
37,17,0
22,22,0
9,42,0
15,46,0
11,12,0
41,38,0
41,41,0
2,28,0
17,22,0
25,45,0
8,25,0
33,15,0
13,6,0
3,34,0
34,28,0
35,33,0
13,18,0
5,10,0
4,32,0
20,20,0
37,24,0
8,8,0
45,17,0
19,21,0
28,29,0
26,1,0
6,31,0
14,36,0
15,39,0
10,40,0
29,30,0
35,17,0
27,6,0
15,12,0
12,41,0
14,9,0
10,43,0
8,16,0
19,47,0
15,26,0
12,9,0
29,44,0
4,20,0
15,44,0
28,8,0
19,35,0
15,25,0
15,34,0
19,33,0
4,15,0
43,41,0
32,45,0
28,32,0
4,23,0
36,22,0
13,29,0
15,24,0
4,22,0
10,36,0
3,31,0
41,28,0
14,23,0
24,8,0
21,26,0
6,16,0
37,17,0
34,47,0
14,38,0
32,38,0
9,25,0
10,7,0
14,44,0
6,22,0
10,32,0
38,43,0
44,38,0
30,19,0
37,11,0
27,17,0
32,18,0
39,31,0
27,33,0
7,23,0
9,17,0
30,2,0
12,14,0
29,25,0
10,31,0
12,21,0
30,23,0
31,33,0
43,19,0
9,30,0
48,30,0
8,28,0
16,28,0
8,24,0
8,25,0
44,37,0
21,25,0
23,9,0
38,19,0
27,7,0
32,41,0
9,15,0
21,24,0
27,34,0
31,31,0
47,22,0
6,15,0
2,25,0
40,13,0
38,15,0
44,23,0
23,16,0
14,5,0
3,21,0
11,5,0
4,12,0
13,5,0
34,39,0
48,28,0
43,20,0
37,20,0
1,31,0
27,29,0
47,17,0
18,41,0
4,33,0
21,17,0
28,45,0
29,49,0
20,32,0
17,44,0
11,42,0
14,45,0
32,10,0
2,18,0
39,10,0
48,19,0
22,46,0
17,35,0
35,23,0
40,23,0
18,16,0
41,35,0
15,43,0
22,23,0
41,22,0
47,16,0
16,22,0
38,4,0
15,47,0
13,42,0
48,27,0
41,34,0
37,7,0
23,16,0
30,44,0
44,10,0
28,38,0
8,26,0
22,9,0
26,21,0
41,34,0
38,25,0
15,21,0
37,4,0
28,6,0
26,35,0
15,3,0
41,34,0
43,42,0
30,27,0
8,26,0
24,25,0
8,12,0
31,19,0
32,17,0
30,45,0
10,8,0
18,4,0
20,42,0
12,44,0
43,33,0
33,10,0
21,13,0
27,35,0
34,25,0
3,22,0
20,17,0
16,26,0
45,34,0
16,46,0
7,13,0
25,28,0
37,30,0
42,11,0
13,14,0
48,21,0
36,11,0
30,10,0
12,4,0
29,7,0
18,8,0
9,39,0
5,30,0
45,40,0
19,11,0
45,13,0
32,12,0
46,12,0
15,11,0
39,15,0
23,18,0
38,10,0
35,19,0
26,30,0
26,46,0
13,11,0
44,13,0
21,8,0
19,22,0
4,23,0
37,44,0
31,18,0
45,17,0
41,7,0
22,24,0
2,17,0
29,29,0
35,37,0
27,9,0
28,40,0
14,14,0
19,43,0
45,27,0
21,14,0
14,45,0
24,18,0
20,29,0
45,23,0
48,27,0
20,25,0
19,1,0
23,14,0
41,27,0
39,8,0
41,34,0
8,33,0
21,18,0
30,22,0
29,31,0
34,7,0
20,20,0
12,17,0
47,24,0
31,14,0
28,31,0
32,36,0
44,26,0
20,28,0
31,29,0
10,45,0
49,25,0
13,11,0
17,12,0
23,49,0
11,8,0
18,49,0
16,22,0
21,31,0
8,21,0
25,16,0
50,25,0
12,26,0
18,14,0
17,23,0
41,39,0
20,29,0
17,32,0
47,14,0
10,36,0
32,35,0
39,24,0
15,3,0
19,18,0
38,18,0
49,21,0
5,12,0
19,1,0
13,16,0
45,20,0
20,29,0
37,36,0
28,10,0
23,13,0
27,14,0
29,5,0
28,41,0
33,41,0
17,21,0
22,46,0
32,20,0
22,42,0
30,9,0
14,17,0
43,24,0
26,3,0
33,3,0
23,38,0
19,28,0
26,16,0
45,39,0
25,47,0
11,6,0
28,48,0
37,27,0
38,32,0
11,30,0
48,26,0
34,12,0
3,15,0
14,34,0
49,20,0
39,32,0
36,32,0
45,22,0
6,34,0
48,33,0
6,10,0
46,12,0
10,18,0
38,43,0
10,20,0
16,18,0
11,23,0
36,12,0
11,14,0
26,7,0
32,25,0
15,42,0
8,24,0
29,8,0
27,12,0
16,3,0
1,32,0
38,27,0
45,21,0
19,27,0
24,34,0
17,33,0
6,39,0
31,47,0
11,40,0
15,21,0
8,7,0
27,39,0
33,5,0
5,20,0
32,33,0
21,32,0
37,11,0
11,11,0
10,12,0
38,36,0
1,22,0
33,25,0
10,8,0
40,15,0
47,23,0
21,32,0
13,30,0
3,30,0
21,34,0
18,33,0
23,19,0
36,14,0
9,11,0
37,39,0
43,31,0
146,46,1
149,19,1
148,15,1
153,41,1
128,24,1
142,38,1
124,42,1
155,37,1
157,33,1
135,34,1
141,4,1
123,40,1
124,6,1
119,16,1
144,47,1
137,30,1
142,44,1
138,20,1
118,30,1
147,28,1
127,26,1
122,43,1
133,11,1
130,49,1
119,21,1
130,21,1
117,14,1
139,7,1
127,8,1
129,12,1
129,38,1
116,34,1
140,26,1
130,49,1
157,28,1
117,25,1
125,43,1
125,36,1
150,22,1
111,27,1
151,31,1
118,35,1
119,33,1
113,21,1
131,38,1
145,18,1
156,14,1
153,13,1
157,29,1
136,49,1
127,13,1
120,28,1
144,33,1
127,37,1
121,7,1
131,23,1
122,35,1
133,39,1
129,21,1
116,34,1
144,7,1
135,50,1
133,20,1
116,39,1
112,16,1
144,15,1
124,41,1
137,32,1
131,27,1
132,30,1
155,25,1
134,37,1
133,37,1
117,41,1
155,15,1
157,21,1
117,19,1
122,41,1
111,29,1
140,35,1
136,25,1
159,28,1
158,26,1
153,16,1
124,44,1
122,32,1
118,7,1
140,22,1
132,15,1
157,27,1
115,17,1
142,2,1
154,33,1
128,34,1
156,17,1
122,18,1
144,44,1
127,16,1
140,36,1
116,33,1
153,21,1
132,48,1
135,48,1
130,2,1
117,23,1
148,25,1
150,15,1
118,38,1
136,47,1
133,2,1
139,30,1
134,26,1
137,38,1
125,31,1
141,29,1
137,16,1
146,25,1
144,33,1
117,29,1
130,6,1
152,28,1
139,44,1
130,32,1
140,41,1
151,29,1
142,36,1
130,4,1
145,11,1
153,22,1
139,44,1
111,32,1
151,16,1
152,15,1
154,36,1
122,4,1
129,26,1
132,7,1
132,14,1
116,23,1
124,27,1
129,4,1
141,34,1
112,27,1
134,47,1
136,9,1
147,40,1
135,11,1
117,24,1
131,8,1
129,30,1
123,29,1
150,5,1
115,22,1
144,29,1
149,31,1
133,33,1
130,6,1
137,1,1
133,44,1
153,40,1
116,33,1
149,45,1
130,40,1
150,38,1
150,33,1
124,20,1
156,38,1
133,19,1
134,44,1
144,11,1
128,11,1
142,40,1
128,13,1
142,9,1
146,33,1
149,25,1
135,40,1
139,40,1
121,17,1
144,25,1
149,28,1
138,21,1
143,8,1
118,31,1
143,23,1
128,46,1
146,45,1
113,26,1
114,26,1
153,22,1
124,29,1
138,49,1
115,11,1
149,15,1
136,17,1
150,38,1
153,32,1
144,8,1
146,33,1
148,29,1
140,21,1
149,25,1
130,12,1
127,25,1
148,46,1
155,33,1
135,5,1
144,12,1
146,21,1
143,22,1
155,19,1
137,40,1
133,40,1
121,28,1
139,30,1
127,14,1
115,16,1
132,47,1
122,6,1
142,41,1
130,22,1
158,18,1
112,26,1
132,9,1
142,32,1
131,3,1
138,9,1
126,20,1
135,40,1
132,5,1
111,31,1
148,27,1
147,16,1
146,16,1
149,39,1
125,7,1
139,18,1
136,42,1
155,17,1
126,25,1
116,21,1
128,12,1
121,19,1
142,31,1
116,32,1
144,46,1
121,10,1
129,46,1
140,18,1
152,27,1
120,16,1
142,9,1
132,41,1
152,16,1
130,27,1
147,12,1
134,9,1
125,17,1
146,7,1
140,20,1
115,31,1
147,15,1
125,28,1
141,49,1
122,38,1
112,32,1
160,25,1
112,19,1
135,16,1
123,15,1
137,25,1
150,40,1
140,23,1
120,31,1
143,6,1
146,33,1
133,2,1
123,7,1
116,24,1
142,13,1
132,20,1
137,24,1
134,21,1
139,35,1
148,11,1
126,42,1
111,23,1
143,9,1
130,23,1
129,10,1
131,24,1
139,29,1
111,28,1
111,18,1
142,35,1
121,31,1
134,10,1
137,7,1
129,33,1
145,35,1
143,19,1
115,28,1
123,28,1
149,39,1
133,16,1
125,31,1
131,45,1
129,31,1
150,29,1
125,36,1
145,25,1
121,11,1
129,25,1
128,34,1
158,17,1
140,32,1
133,19,1
137,39,1
116,24,1
142,46,1
121,12,1
149,15,1
146,9,1
135,16,1
144,9,1
144,27,1
144,38,1
132,47,1
146,23,1
113,22,1
136,32,1
123,38,1
151,34,1
153,8,1
119,19,1
152,39,1
112,25,1
152,39,1
138,24,1
151,41,1
146,24,1
135,9,1
144,16,1
125,13,1
153,21,1
128,1,1
120,40,1
123,33,1
123,45,1
116,23,1
123,10,1
149,28,1
122,46,1
144,38,1
124,30,1
136,5,1
111,24,1
141,39,1
130,37,1
136,48,1
122,44,1
121,10,1
154,9,1
149,44,1
134,20,1
154,21,1
119,22,1
137,4,1
141,12,1
140,16,1
143,11,1
147,29,1
144,26,1
156,30,1
133,23,1
120,45,1
134,6,1
114,24,1
152,7,1
148,46,1
119,44,1
121,25,1
146,42,1
138,25,1
139,33,1
122,19,1
123,45,1
136,46,1
132,37,1
118,16,1
113,34,1
125,6,1
133,4,1
130,26,1
144,2,1
114,23,1
147,24,1
123,7,1
135,43,1
139,47,1
111,29,1
139,37,1
118,39,1
123,7,1
152,30,1
137,46,1
127,17,1
138,28,1
110,25,1
150,42,1
117,33,1
154,22,1
129,11,1
155,37,1
147,46,1
117,27,1
132,43,1
118,20,1
134,38,1
154,17,1
143,42,1
141,18,1
151,10,1
122,22,1
135,49,1
132,19,1
134,17,1
148,5,1
146,41,1
150,13,1
127,3,1
159,28,1
131,13,1
114,14,1
145,7,1
154,40,1
151,43,1
135,19,1
127,31,1
143,39,1
141,10,1
128,19,1
134,2,1
138,22,1
124,42,1
128,30,1
140,28,1
142,24,1
155,13,1
122,20,1
120,29,1
124,37,1
154,25,1
128,7,1
125,23,1
144,24,1
143,16,1
154,35,1
137,1,1
123,42,1
137,27,1
147,16,1
148,39,1
131,43,1
151,16,1
144,9,1
113,21,1
126,36,1
134,49,1
117,25,1
156,23,1
126,7,1
152,14,1
125,28,1
153,38,1
127,20,1
146,12,1
129,8,1
131,23,1
144,11,1
141,2,1
146,41,1
135,22,1
139,32,1
123,23,1
116,14,1
125,12,1
152,8,1
158,33,1
149,43,1
136,39,1
149,29,1
130,27,1
148,24,1
135,38,1
125,5,1
146,8,1
139,45,1
128,18,1
129,16,1
144,13,1
159,26,1
152,23,1
132,48,1
124,5,1
158,16,1
147,25,1
114,12,1
152,22,1
127,42,1
156,15,1
115,24,1
147,34,1
118,38,1
128,32,1
126,43,1
152,38,1
134,29,1
154,22,1
119,28,1
123,33,1
152,8,1
128,45,1
125,12,1
128,36,1
140,45,1
117,36,1
151,42,1
152,8,1
131,20,1
139,16,1
147,46,1
138,33,1
125,9,1
125,42,1
139,12,1
144,44,1
112,30,1
147,41,1
122,16,1
135,50,1
119,36,1
135,36,1
129,3,1
152,15,1
140,11,1
117,15,1
120,32,1
130,22,1
134,13,1
132,23,1
152,20,1
140,32,1
120,37,1
146,30,1
123,4,1
134,13,1
145,31,1
153,20,1
134,44,1
138,5,1
139,21,1
141,26,1
134,16,1
121,9,1
132,20,1
134,12,1
124,29,1
153,42,1
136,10,1
138,40,1
146,45,1
127,12,1
126,46,1
146,21,1
130,14,1
130,16,1
140,29,1
145,41,1
128,2,1
116,41,1
140,28,1
126,48,1
116,25,1
151,16,1
153,13,1
153,30,1
148,25,1
148,21,1
111,32,1
117,37,1
130,34,1
157,23,1
119,9,1
134,13,1
125,44,1
143,35,1
159,19,1
137,43,1
130,36,1
