23,25,0
33,30,0
15,23,0
17,29,0
41,25,0
40,38,0
8,20,0
22,19,0
24,33,0
28,35,0
17,38,0
28,36,0
12,42,0
45,39,0
36,3,0
16,47,0
23,49,0
38,15,0
28,32,0
21,37,0
14,25,0
34,11,0
24,17,0
42,24,0
43,31,0
37,41,0
46,30,0
22,19,0
4,38,0
15,5,0
16,9,0
15,13,0
26,2,0
16,35,0
8,11,0
37,29,0
2,25,0
17,20,0
16,22,0
1,19,0
13,14,0
24,2,0
33,29,0
16,37,0
8,31,0
28,25,0
14,4,0
8,28,0
30,47,0
39,10,0
7,42,0
12,4,0
36,25,0
49,19,0
12,14,0
39,29,0
8,28,0
0,25,0
35,43,0
36,35,0
21,4,0
33,45,0
22,4,0
34,17,0
35,25,0
27,24,0
40,13,0
40,28,0
10,5,0
38,28,0
29,39,0
26,43,0
28,26,0
15,29,0
29,17,0
28,49,0
12,36,0
20,7,0
4,12,0
22,47,0
7,25,0
12,22,0
31,46,0
4,35,0
2,28,0
49,18,0
30,45,0
21,18,0
31,41,0
1,20,0
42,18,0
20,19,0
16,11,0
40,14,0
37,40,0
43,15,0
29,10,0
33,19,0
16,8,0
24,42,0
27,42,0
34,47,0
8,40,0
6,13,0
22,6,0
13,19,0
11,43,0
31,34,0
23,49,0
7,36,0
41,13,0
37,19,0
11,43,0
47,18,0
47,17,0
21,44,0
12,40,0
13,43,0
29,38,0
10,25,0
22,27,0
19,15,0
36,24,0
23,38,0
22,19,0
5,33,0
7,31,0
38,20,0
9,6,0
28,35,0
26,19,0
7,30,0
11,30,0
6,36,0
40,44,0
15,15,0
26,24,0
0,25,0
49,30,0
13,39,0
22,4,0
40,6,0
36,29,0
21,8,0
32,41,0
26,12,0
38,44,0
27,19,0
7,33,0
10,30,0
48,25,0
37,16,0
47,25,0
34,47,0
2,16,0
33,31,0
30,47,0
18,14,0
32,26,0
40,19,0
37,21,0
20,37,0
17,11,0
14,39,0
35,9,0
17,21,0
46,14,0
42,34,0
13,25,0
17,5,0
18,38,0
30,17,0
18,45,0
37,14,0
41,31,0
6,20,0
17,19,0
31,28,0
19,48,0
35,35,0
5,25,0
24,27,0
29,34,0
40,11,0
12,22,0
10,41,0
32,37,0
20,48,0
6,24,0
38,32,0
5,33,0
46,14,0
21,4,0
7,28,0
30,9,0
8,11,0
49,19,0
26,30,0
16,19,0
19,10,0
26,18,0
32,30,0
9,39,0
19,48,0
27,33,0
41,33,0
28,18,0
18,45,0
11,27,0
4,34,0
15,23,0
33,42,0
12,8,0
16,3,0
29,25,0
14,11,0
22,35,0
34,9,0
14,17,0
22,20,0
37,15,0
20,7,0
28,33,0
29,8,0
20,48,0
27,23,0
38,44,0
32,43,0
10,38,0
4,23,0
35,43,0
23,44,0
22,37,0
27,33,0
39,23,0
44,28,0
35,22,0
23,27,0
40,43,0
36,9,0
36,12,0
10,40,0
38,35,0
43,29,0
45,20,0
41,26,0
28,11,0
4,25,0
32,19,0
17,32,0
24,7,0
2,21,0
8,16,0
40,16,0
32,40,0
8,28,0
11,43,0
10,7,0
42,8,0
22,49,0
24,28,0
28,25,0
4,25,0
34,26,0
26,49,0
44,25,0
13,25,0
30,44,0
44,16,0
20,22,0
43,12,0
5,30,0
2,29,0
11,17,0
17,37,0
35,8,0
44,29,0
30,33,0
19,42,0
16,20,0
27,32,0
23,4,0
24,7,0
14,23,0
11,16,0
34,48,0
35,19,0
29,35,0
28,8,0
13,19,0
3,26,0
43,20,0
21,35,0
41,35,0
30,30,0
13,36,0
19,7,0
27,15,0
42,17,0
17,17,0
36,25,0
25,1,0
12,18,0
46,17,0
15,40,0
19,44,0
45,26,0
23,49,0
44,36,0
17,48,0
13,26,0
4,30,0
37,6,0
16,36,0
27,21,0
15,25,0
46,29,0
2,32,0
24,18,0
24,26,0
39,38,0
34,30,0
5,35,0
44,25,0
3,35,0
7,11,0
27,7,0
37,10,0
45,13,0
41,34,0
4,30,0
1,29,0
44,22,0
25,0,0
44,12,0
46,26,0
40,34,0
28,39,0
44,35,0
21,2,0
23,5,0
29,23,0
43,33,0
43,32,0
35,8,0
4,16,0
18,29,0
36,8,0
11,24,0
29,22,0
19,27,0
18,40,0
28,12,0
47,25,0
15,5,0
40,36,0
7,34,0
39,16,0
41,33,0
23,33,0
29,9,0
43,14,0
17,28,0
14,44,0
13,19,0
27,46,0
34,20,0
23,18,0
29,5,0
28,45,0
15,6,0
38,10,0
35,5,0
48,16,0
36,18,0
16,35,0
29,13,0
42,16,0
42,42,0
33,23,0
18,36,0
40,45,0
10,34,0
36,3,0
34,21,0
43,10,0
14,34,0
11,19,0
36,41,0
10,43,0
26,18,0
12,44,0
23,45,0
31,24,0
25,44,0
47,36,0
34,18,0
34,7,0
37,32,0
33,40,0
140,34,1
153,36,1
121,9,1
120,9,1
116,15,1
151,29,1
149,17,1
137,17,1
121,17,1
118,33,1
149,6,1
150,33,1
158,24,1
150,31,1
133,44,1
132,21,1
138,2,1
145,45,1
148,25,1
123,46,1
134,28,1
151,27,1
122,16,1
152,32,1
116,38,1
122,13,1
114,15,1
132,32,1
142,31,1
119,26,1
118,28,1
116,15,1
152,7,1
148,35,1
147,29,1
143,31,1
135,30,1
134,21,1
136,5,1
158,32,1
124,40,1
155,29,1
133,29,1
146,24,1
153,11,1
137,7,1
150,22,1
143,47,1
118,16,1
132,7,1
145,30,1
140,26,1
111,18,1
123,36,1
146,22,1
133,49,1
141,29,1
130,23,1
119,8,1
148,43,1
148,44,1
135,22,1
149,30,1
154,41,1
131,36,1
151,18,1
139,44,1
122,45,1
154,22,1
140,28,1
124,22,1
157,28,1
131,5,1
116,28,1
157,26,1
150,9,1
127,30,1
134,41,1
155,15,1
134,21,1
123,6,1
135,44,1
135,8,1
151,6,1
135,8,1
151,42,1
149,27,1
152,14,1
131,46,1
120,14,1
153,36,1
126,16,1
154,38,1
131,30,1
142,35,1
119,35,1
148,6,1
129,9,1
126,19,1
130,23,1
128,36,1
148,37,1
134,21,1
116,31,1
141,24,1
146,26,1
150,15,1
138,48,1
130,42,1
129,13,1
141,38,1
113,29,1
121,31,1
141,49,1
136,25,1
144,35,1
124,11,1
112,31,1
120,33,1
136,15,1
133,28,1
145,29,1
156,24,1
148,39,1
133,9,1
148,13,1
139,27,1
126,32,1
134,32,1
128,24,1
125,31,1
155,29,1
142,44,1
112,34,1
124,43,1
137,28,1
140,47,1
142,49,1
137,13,1
116,12,1
119,7,1
143,40,1
117,16,1
122,38,1
134,10,1
127,17,1
117,24,1
151,18,1
129,41,1
140,7,1
145,18,1
141,44,1
123,43,1
144,17,1
131,34,1
125,47,1
120,8,1
140,23,1
126,18,1
128,24,1
116,9,1
120,44,1
138,41,1
132,38,1
134,48,1
135,38,1
133,47,1
136,8,1
156,38,1
140,2,1
124,46,1
127,25,1
142,46,1
120,11,1
159,19,1
117,41,1
135,41,1
144,23,1
118,35,1
140,23,1
126,44,1
114,16,1
115,12,1
147,32,1
151,39,1
133,24,1
115,27,1
124,11,1
118,13,1
133,45,1
139,42,1
149,20,1
132,44,1
131,8,1
136,31,1
138,28,1
135,8,1
140,28,1
117,16,1
126,17,1
131,46,1
141,22,1
153,22,1
139,43,1
122,44,1
127,2,1
140,11,1
120,37,1
116,22,1
145,39,1
134,29,1
140,21,1
137,8,1
139,6,1
138,41,1
135,34,1
131,44,1
152,8,1
134,25,1
120,25,1
145,11,1
141,31,1
148,12,1
155,14,1
157,22,1
148,18,1
116,28,1
149,39,1
149,22,1
134,12,1
151,44,1
116,13,1
137,37,1
153,35,1
147,38,1
146,10,1
121,22,1
147,19,1
145,24,1
133,16,1
134,35,1
146,22,1
146,13,1
113,28,1
115,26,1
128,33,1
156,28,1
136,45,1
157,19,1
151,27,1
138,14,1
147,24,1
128,14,1
120,31,1
141,48,1
145,4,1
119,36,1
121,28,1
136,46,1
118,10,1
114,19,1
127,41,1
134,44,1
142,25,1
150,26,1
127,45,1
122,37,1
145,28,1
138,28,1
131,28,1
157,36,1
136,25,1
151,11,1
120,10,1
124,38,1
123,38,1
129,11,1
139,33,1
137,28,1
153,33,1
123,39,1
156,29,1
152,35,1
148,36,1
111,32,1
119,27,1
143,31,1
149,22,1
156,22,1
123,12,1
128,25,1
134,30,1
134,2,1
115,16,1
148,20,1
133,43,1
119,8,1
132,19,1
135,46,1
139,9,1
127,31,1
127,27,1
127,16,1
145,29,1
155,32,1
126,35,1
155,12,1
114,26,1
158,19,1
123,24,1
147,43,1
122,27,1
120,18,1
125,20,1
154,30,1
149,30,1
122,42,1
123,26,1
141,7,1
138,19,1
157,31,1
158,26,1
124,46,1
119,25,1
139,26,1
131,48,1
149,25,1
139,45,1
129,42,1
130,8,1
151,29,1
151,6,1
143,31,1
130,27,1
151,12,1
117,16,1
138,49,1
127,31,1
130,20,1
121,31,1
120,7,1
130,13,1
158,34,1
137,42,1
148,27,1
126,20,1
123,34,1
127,46,1
126,22,1
143,47,1
149,11,1
154,32,1
152,9,1
119,17,1
155,25,1
125,5,1
131,14,1
141,28,1
158,23,1
138,5,1
156,27,1
120,16,1
130,45,1
154,33,1
120,43,1
131,48,1
136,6,1
155,23,1
133,33,1
134,17,1
143,30,1
151,22,1
128,38,1
156,14,1
128,49,1
131,36,1
131,2,1
125,20,1
130,3,1
139,32,1
126,10,1
111,19,1
142,6,1
153,26,1
126,6,1
142,43,1
123,41,1
123,44,1
133,1,1
150,19,1
131,10,1
139,2,1
136,45,1
156,32,1
157,15,1
159,21,1
153,29,1
120,17,1
130,15,1
121,9,1
129,4,1
142,33,1
131,34,1
128,39,1
141,29,1
140,7,1
125,17,1
121,37,1
155,15,1
116,25,1
136,43,1
132,34,1
141,6,1
142,15,1
132,30,1
115,12,1
127,27,1
139,2,1
115,18,1
140,38,1
125,11,1
140,29,1
130,30,1
157,20,1
141,27,1
139,5,1
140,30,1
155,28,1
141,22,1
157,18,1
126,42,1
128,11,1
120,13,1
122,39,1
128,3,1
126,47,1
154,36,1
115,28,1
121,11,1
149,22,1
133,46,1
139,3,1
136,23,1
112,16,1
122,16,1
151,31,1
118,38,1
127,38,1
137,5,1
130,14,1
120,21,1
148,38,1
120,7,1
158,19,1
158,19,1
138,33,1
118,18,1
130,6,1
122,21,1
138,22,1
157,24,1
133,17,1
124,27,1
125,4,1
133,14,1
135,0,1
116,37,1
127,23,1
144,32,1
123,29,1
155,19,1
135,29,1
148,14,1
114,28,1
114,26,1
145,13,1
118,16,1
134,49,1
155,13,1
155,16,1
152,21,1
159,19,1
128,44,1
126,11,1
153,15,1
132,37,1
139,28,1
158,32,1
143,26,1
141,28,1
151,36,1
134,47,1
146,12,1
115,20,1
153,19,1
125,36,1
137,43,1
147,12,1
157,17,1
134,23,1
136,36,1
122,31,1
116,18,1
125,20,1
135,13,1
120,17,1
129,31,1
153,16,1
126,30,1
158,20,1
127,23,1
124,46,1
140,14,1
140,28,1
123,6,1
142,9,1
159,23,1
158,32,1
127,26,1
130,31,1
137,22,1
131,27,1
153,18,1
139,36,1
119,20,1
135,40,1
131,38,1
130,33,1
137,41,1
142,34,1
150,14,1
158,31,1
127,8,1
150,38,1
133,30,1
129,33,1
141,1,1
134,43,1
134,21,1
152,21,1
122,22,1
119,14,1
138,47,1
142,27,1
157,19,1
112,21,1
118,12,1
154,30,1
121,5,1
112,22,1
136,31,1
132,47,1
132,37,1
141,9,1
128,33,1
116,15,1
126,32,1
133,25,1
153,32,1
130,47,1
153,12,1
151,44,1
120,29,1
135,42,1
126,40,1
123,37,1
131,23,1
131,3,1
134,43,1
158,21,1
122,35,1
140,30,1
146,31,1
147,46,1
131,28,1
120,24,1
152,22,1
156,23,1
131,19,1
131,14,1
115,15,1
126,33,1
154,22,1
133,45,1
132,39,1
122,36,1
138,47,1
132,40,1
143,40,1
134,27,1
120,30,1
129,14,1
139,4,1
127,17,1
115,36,1
159,20,1
123,33,1
129,39,1
114,38,1
145,3,1
