16,6,0
34,19,0
33,34,0
18,34,0
38,19,0
12,32,0
11,15,0
14,28,0
9,16,0
15,14,0
32,8,0
23,31,0
13,6,0
24,21,0
21,36,0
31,2,0
8,23,0
12,13,0
5,19,0
37,24,0
20,27,0
23,41,0
15,24,0
11,22,0
26,43,0
32,17,0
12,41,0
5,28,0
47,18,0
27,36,0
4,22,0
39,17,0
43,28,0
32,32,0
37,45,0
14,13,0
14,28,0
24,19,0
34,13,0
25,16,0
27,35,0
23,28,0
32,23,0
15,18,0
27,21,0
31,39,0
41,33,0
33,34,0
40,28,0
20,18,0
22,3,0
44,18,0
8,8,0
19,15,0
38,36,0
29,46,0
44,13,0
8,21,0
31,25,0
20,22,0
34,5,0
33,11,0
11,42,0
9,12,0
29,39,0
16,9,0
22,7,0
40,44,0
43,12,0
15,32,0
13,28,0
34,44,0
39,19,0
32,42,0
8,8,0
23,13,0
40,32,0
17,28,0
42,40,0
16,29,0
14,12,0
35,40,0
9,22,0
16,32,0
30,30,0
32,32,0
19,4,0
28,47,0
24,34,0
27,39,0
24,6,0
41,36,0
34,39,0
5,32,0
25,42,0
22,19,0
21,36,0
5,12,0
15,38,0
5,25,0
18,31,0
36,42,0
22,36,0
19,27,0
10,10,0
23,17,0
30,28,0
28,4,0
14,23,0
22,12,0
25,24,0
34,40,0
36,35,0
13,27,0
7,24,0
19,27,0
6,24,0
28,35,0
47,18,0
3,15,0
22,26,0
23,49,0
45,36,0
34,28,0
28,1,0
13,45,0
14,25,0
47,21,0
31,2,0
7,34,0
34,46,0
33,12,0
26,25,0
26,8,0
11,13,0
18,32,0
36,10,0
1,26,0
18,39,0
44,22,0
42,40,0
7,36,0
27,39,0
24,7,0
44,33,0
14,36,0
18,30,0
5,36,0
48,19,0
23,3,0
33,43,0
40,5,0
41,44,0
24,10,0
11,12,0
20,8,0
42,36,0
39,31,0
32,28,0
12,45,0
12,46,0
26,17,0
31,43,0
32,36,0
33,9,0
44,30,0
28,21,0
8,31,0
28,46,0
41,27,0
13,38,0
45,13,0
11,12,0
6,29,0
39,19,0
5,25,0
34,24,0
6,37,0
29,10,0
39,45,0
35,18,0
12,13,0
44,30,0
19,35,0
29,22,0
29,26,0
11,43,0
11,35,0
18,46,0
45,14,0
39,6,0
22,44,0
19,29,0
37,45,0
46,29,0
37,14,0
17,24,0
16,10,0
14,40,0
43,10,0
47,17,0
38,11,0
7,36,0
30,12,0
20,4,0
14,44,0
39,10,0
29,45,0
30,42,0
13,28,0
18,3,0
40,43,0
42,35,0
5,13,0
48,22,0
25,3,0
24,38,0
1,23,0
34,32,0
18,37,0
24,6,0
12,45,0
24,44,0
11,27,0
14,33,0
18,13,0
23,18,0
6,17,0
37,14,0
47,20,0
8,36,0
32,34,0
25,17,0
34,45,0
3,21,0
2,31,0
20,29,0
7,26,0
46,25,0
21,39,0
40,37,0
26,41,0
37,8,0
36,31,0
46,32,0
12,43,0
40,8,0
39,19,0
39,25,0
21,3,0
30,33,0
31,6,0
29,18,0
8,37,0
27,42,0
40,30,0
5,20,0
25,33,0
25,46,0
16,9,0
27,12,0
13,43,0
19,30,0
45,29,0
29,12,0
14,29,0
38,44,0
37,46,0
33,13,0
38,20,0
45,14,0
37,37,0
8,24,0
41,15,0
2,30,0
8,33,0
37,46,0
20,19,0
34,10,0
16,41,0
17,3,0
16,36,0
24,27,0
37,14,0
21,17,0
32,19,0
13,18,0
37,44,0
43,15,0
39,23,0
37,19,0
29,2,0
17,47,0
42,32,0
44,21,0
36,13,0
22,35,0
40,32,0
40,26,0
36,25,0
34,46,0
43,19,0
21,13,0
11,13,0
19,31,0
40,19,0
44,23,0
9,25,0
42,13,0
41,13,0
24,15,0
18,48,0
29,3,0
31,4,0
35,44,0
34,23,0
9,37,0
23,36,0
25,6,0
13,40,0
18,18,0
19,9,0
31,36,0
3,34,0
26,31,0
40,21,0
42,29,0
3,22,0
13,17,0
29,3,0
41,40,0
25,17,0
10,41,0
18,42,0
26,19,0
24,39,0
39,23,0
18,30,0
47,19,0
35,14,0
42,32,0
42,22,0
21,17,0
8,14,0
29,1,0
13,42,0
11,28,0
6,15,0
15,10,0
26,27,0
5,38,0
38,44,0
9,12,0
31,27,0
8,43,0
21,26,0
26,24,0
28,7,0
33,20,0
41,6,0
4,15,0
47,35,0
19,10,0
11,15,0
12,8,0
13,42,0
24,3,0
1,30,0
47,24,0
28,37,0
16,39,0
24,36,0
21,22,0
11,34,0
11,26,0
24,25,0
4,29,0
29,43,0
23,11,0
41,17,0
36,30,0
7,14,0
7,14,0
30,23,0
46,32,0
39,37,0
43,30,0
31,45,0
33,28,0
24,6,0
43,8,0
30,16,0
33,30,0
38,32,0
23,33,0
32,37,0
2,25,0
13,33,0
41,38,0
19,44,0
305,37,1
286,22,1
312,47,1
313,19,1
287,34,1
320,7,1
307,7,1
328,25,1
284,33,1
301,8,1
312,37,1
291,26,1
326,12,1
319,40,1
295,15,1
315,43,1
312,22,1
290,13,1
285,12,1
299,31,1
318,46,1
289,38,1
323,21,1
289,12,1
300,20,1
307,16,1
284,36,1
314,38,1
300,44,1
318,37,1
312,40,1
302,43,1
284,25,1
287,22,1
323,28,1
305,7,1
313,32,1
304,28,1
318,39,1
298,8,1
317,41,1
311,43,1
324,21,1
324,10,1
303,13,1
321,24,1
319,36,1
287,21,1
286,18,1
289,11,1
316,47,1
304,13,1
313,46,1
292,30,1
314,11,1
324,23,1
308,43,1
301,49,1
302,35,1
309,5,1
317,14,1
310,19,1
315,16,1
322,40,1
309,15,1
289,14,1
319,39,1
288,14,1
322,24,1
304,20,1
326,12,1
314,42,1
298,27,1
315,24,1
305,9,1
286,30,1
305,23,1
317,33,1
305,26,1
292,22,1
317,18,1
303,1,1
319,19,1
301,39,1
282,24,1
283,16,1
297,40,1
311,4,1
302,47,1
321,38,1
312,37,1
326,23,1
320,37,1
288,17,1
326,23,1
283,26,1
293,18,1
287,8,1
301,44,1
287,24,1
314,33,1
314,25,1
296,10,1
316,21,1
291,37,1
289,33,1
325,34,1
282,27,1
299,19,1
295,9,1
319,11,1
322,26,1
307,25,1
296,33,1
280,25,1
317,26,1
306,29,1
296,4,1
314,41,1
321,7,1
282,19,1
312,28,1
286,38,1
301,39,1
325,14,1
306,13,1
312,39,1
298,9,1
309,7,1
307,34,1
315,8,1
306,37,1
295,23,1
296,38,1
301,38,1
293,4,1
301,3,1
317,14,1
287,28,1
292,28,1
324,38,1
304,5,1
293,23,1
283,27,1
289,33,1
289,37,1
312,28,1
303,2,1
295,27,1
315,16,1
287,32,1
310,11,1
327,35,1
287,14,1
326,29,1
316,33,1
313,2,1
295,33,1
299,44,1
306,30,1
287,28,1
325,40,1
302,34,1
316,46,1
303,1,1
297,45,1
298,37,1
301,28,1
305,15,1
308,36,1
315,28,1
327,25,1
317,22,1
285,20,1
289,12,1
300,16,1
317,24,1
289,17,1
306,9,1
314,29,1
298,45,1
288,21,1
310,22,1
294,39,1
298,36,1
319,40,1
306,39,1
305,10,1
317,34,1
319,36,1
317,26,1
318,40,1
302,25,1
291,23,1
291,12,1
314,6,1
322,42,1
302,41,1
289,18,1
318,15,1
308,29,1
288,9,1
309,9,1
304,16,1
305,4,1
318,10,1
326,19,1
281,25,1
315,32,1
304,15,1
309,48,1
298,29,1
295,5,1
297,36,1
311,44,1
303,14,1
309,48,1
307,32,1
311,31,1
303,12,1
303,41,1
282,21,1
299,42,1
317,16,1
301,32,1
296,8,1
298,16,1
315,32,1
291,25,1
314,24,1
298,33,1
317,34,1
325,39,1
309,40,1
316,46,1
302,3,1
325,29,1
293,6,1
314,39,1
311,40,1
284,26,1
314,31,1
317,11,1
324,28,1
328,30,1
310,24,1
307,6,1
284,31,1
322,21,1
289,6,1
296,13,1
307,15,1
295,14,1
308,6,1
302,48,1
303,22,1
319,21,1
311,49,1
291,23,1
302,38,1
310,43,1
320,20,1
321,26,1
300,33,1
302,5,1
328,22,1
291,43,1
297,26,1
301,36,1
322,15,1
309,36,1
311,24,1
300,27,1
313,45,1
285,15,1
312,27,1
297,33,1
283,20,1
303,36,1
300,38,1
291,7,1
321,29,1
325,29,1
315,14,1
304,13,1
310,11,1
324,33,1
286,12,1
301,13,1
297,35,1
312,16,1
291,8,1
295,43,1
291,19,1
282,21,1
325,40,1
305,41,1
302,9,1
318,38,1
322,30,1
320,26,1
327,20,1
323,29,1
296,9,1
299,4,1
316,47,1
320,45,1
309,6,1
311,9,1
306,41,1
304,40,1
323,9,1
309,20,1
299,22,1
324,10,1
320,22,1
290,30,1
293,44,1
316,22,1
324,31,1
284,28,1
329,20,1
325,34,1
313,29,1
320,12,1
298,43,1
326,35,1
308,35,1
300,43,1
307,34,1
321,41,1
296,32,1
311,43,1
306,37,1
328,29,1
301,10,1
310,15,1
299,35,1
324,28,1
292,33,1
324,36,1
326,28,1
315,12,1
327,26,1
328,32,1
285,12,1
305,20,1
311,9,1
322,35,1
299,47,1
304,15,1
322,27,1
294,32,1
300,15,1
291,34,1
286,34,1
304,38,1
313,3,1
306,36,1
310,13,1
300,1,1
292,37,1
286,41,1
322,40,1
328,28,1
304,38,1
301,44,1
289,31,1
307,5,1
327,29,1
316,5,1
304,2,1
325,20,1
296,37,1
308,15,1
304,33,1
308,6,1
306,40,1
297,22,1
309,6,1
310,27,1
319,42,1
311,21,1
296,14,1
284,33,1
317,32,1
315,42,1
289,18,1
317,43,1
287,17,1
325,10,1
290,31,1
320,34,1
316,29,1
305,22,1
303,45,1
285,37,1
303,23,1
281,29,1
285,23,1
323,26,1
309,47,1
317,25,1
298,5,1
282,23,1
322,42,1
292,41,1
308,30,1
323,29,1
285,27,1
290,20,1
295,25,1
318,15,1
308,6,1
329,31,1
292,40,1
297,8,1
289,9,1
303,44,1
302,5,1
292,34,1
291,39,1
291,40,1
286,37,1
299,18,1
295,23,1
301,28,1
310,39,1
312,28,1
289,38,1
299,25,1
301,41,1
297,27,1
318,12,1
286,11,1
316,10,1
324,14,1
309,22,1
301,11,1
326,38,1
300,6,1
295,14,1
285,33,1
316,40,1
300,38,1
330,25,1
308,12,1
301,33,1
300,13,1
312,22,1
307,8,1
295,36,1
293,22,1
283,21,1
312,38,1
309,26,1
303,36,1
309,20,1
301,38,1
306,40,1
291,23,1
329,26,1
299,23,1
289,12,1
298,35,1
316,27,1
284,33,1
297,31,1
281,20,1
323,24,1
293,38,1
326,16,1
320,26,1
313,43,1
301,48,1
310,5,1
312,6,1
308,22,1
301,41,1
322,26,1
328,27,1
312,31,1
319,30,1
324,38,1
294,25,1
293,15,1
305,38,1
290,37,1
314,28,1
310,42,1
284,24,1
313,20,1
315,4,1
287,16,1
288,41,1
310,24,1
309,2,1
310,39,1
291,23,1
304,48,1
310,19,1
289,17,1
317,17,1
319,25,1
283,34,1
287,10,1
303,43,1
303,31,1
305,31,1
312,28,1
304,45,1
310,14,1
317,24,1
298,20,1
293,4,1
287,12,1
305,37,1
325,37,1
322,29,1
305,4,1
325,16,1
307,24,1
320,8,1
327,14,1
298,39,1
329,31,1
320,37,1
322,17,1
287,33,1
282,33,1
299,4,1
311,29,1
315,22,1
303,42,1
311,36,1
307,35,1
301,43,1
307,6,1
295,6,1
325,39,1
315,25,1
302,46,1
320,42,1
302,18,1
320,13,1
305,7,1
313,40,1
292,7,1
301,26,1
285,40,1
303,37,1
316,34,1
317,17,1
312,27,1
309,43,1
310,25,1
309,9,1
305,6,1
300,32,1
325,33,1
303,49,1
306,4,1
282,19,1
307,3,1
291,6,1
293,37,1
298,17,1
294,15,1
316,9,1
290,8,1
316,20,1
314,13,1
292,20,1
298,37,1
318,44,1
287,36,1
326,13,1
319,45,1
285,37,1
305,25,1
287,25,1
302,11,1
322,40,1
302,24,1
305,10,1
293,28,1
305,25,1
288,28,1
295,9,1
307,10,1
286,35,1
292,43,1
319,24,1
307,44,1
299,10,1
293,5,1
325,10,1
304,3,1
305,22,1
322,33,1
