33,44,0
1,23,0
18,8,0
17,3,0
29,44,0
42,17,0
19,27,0
7,26,0
24,36,0
28,31,0
22,39,0
21,46,0
45,22,0
14,40,0
5,31,0
35,29,0
28,26,0
4,16,0
19,6,0
10,37,0
35,6,0
8,41,0
7,35,0
30,35,0
32,40,0
28,27,0
14,15,0
5,32,0
41,19,0
35,8,0
41,16,0
28,24,0
11,22,0
8,16,0
8,8,0
20,36,0
18,36,0
35,32,0
20,24,0
16,39,0
31,35,0
31,18,0
32,49,0
47,35,0
42,7,0
17,3,0
22,41,0
40,22,0
28,2,0
34,39,0
32,7,0
4,27,0
28,13,0
13,27,0
27,39,0
42,34,0
37,11,0
29,43,0
5,33,0
3,21,0
30,14,0
26,17,0
20,30,0
4,38,0
41,8,0
26,1,0
10,43,0
34,13,0
12,14,0
9,43,0
31,20,0
28,47,0
21,5,0
38,21,0
30,38,0
33,9,0
36,29,0
9,15,0
44,35,0
37,32,0
43,27,0
2,20,0
12,21,0
12,25,0
19,37,0
5,14,0
38,18,0
45,24,0
41,30,0
29,4,0
8,9,0
36,9,0
38,5,0
23,34,0
12,5,0
15,20,0
21,26,0
46,24,0
16,28,0
27,10,0
2,17,0
44,27,0
42,22,0
39,44,0
18,8,0
32,15,0
12,36,0
36,21,0
15,16,0
40,17,0
14,42,0
18,9,0
12,11,0
0,25,0
8,16,0
22,16,0
32,5,0
5,37,0
44,14,0
37,38,0
19,6,0
43,19,0
4,23,0
35,35,0
43,41,0
23,15,0
7,9,0
40,35,0
33,9,0
4,27,0
11,11,0
38,40,0
32,19,0
45,23,0
4,17,0
34,46,0
27,5,0
18,31,0
31,42,0
15,6,0
36,44,0
29,21,0
16,5,0
47,25,0
10,10,0
3,27,0
43,9,0
35,29,0
28,17,0
19,18,0
6,15,0
24,31,0
43,25,0
14,9,0
36,3,0
23,15,0
44,39,0
17,5,0
34,12,0
41,28,0
29,38,0
44,14,0
40,38,0
37,15,0
18,39,0
7,25,0
22,40,0
23,14,0
27,15,0
38,34,0
17,20,0
42,28,0
10,38,0
5,16,0
38,36,0
24,7,0
41,11,0
8,22,0
9,43,0
49,23,0
43,39,0
29,6,0
45,40,0
18,38,0
34,20,0
21,15,0
18,41,0
36,16,0
36,29,0
3,17,0
34,41,0
6,16,0
36,7,0
9,43,0
8,30,0
32,17,0
30,15,0
21,24,0
35,6,0
31,43,0
43,33,0
16,41,0
9,15,0
5,25,0
22,4,0
24,45,0
28,37,0
27,19,0
32,3,0
37,32,0
18,36,0
42,21,0
37,12,0
29,47,0
20,7,0
8,35,0
34,5,0
12,36,0
33,46,0
5,30,0
22,45,0
3,36,0
9,32,0
5,38,0
44,12,0
20,6,0
34,5,0
34,14,0
5,20,0
43,14,0
40,34,0
10,22,0
29,40,0
32,37,0
7,17,0
25,36,0
27,31,0
48,17,0
33,46,0
35,9,0
26,24,0
38,19,0
17,18,0
25,40,0
8,8,0
44,39,0
45,34,0
38,33,0
17,5,0
17,19,0
15,27,0
28,39,0
37,25,0
23,3,0
45,36,0
15,11,0
3,26,0
33,28,0
38,12,0
10,9,0
43,21,0
19,19,0
27,27,0
1,22,0
38,41,0
41,29,0
40,39,0
21,26,0
17,6,0
28,12,0
39,34,0
25,21,0
42,18,0
16,36,0
7,42,0
18,5,0
35,19,0
1,20,0
22,39,0
9,26,0
37,34,0
45,10,0
14,19,0
36,43,0
34,18,0
37,12,0
23,7,0
48,17,0
24,13,0
35,40,0
23,49,0
9,10,0
43,33,0
34,20,0
25,50,0
29,34,0
16,19,0
45,31,0
15,20,0
25,7,0
18,3,0
27,31,0
49,28,0
24,16,0
21,13,0
13,7,0
30,16,0
45,18,0
26,13,0
21,5,0
19,31,0
43,27,0
11,29,0
13,30,0
8,22,0
27,47,0
3,25,0
38,9,0
7,22,0
16,45,0
18,18,0
13,5,0
18,44,0
26,1,0
9,22,0
30,31,0
10,9,0
19,12,0
24,4,0
14,27,0
47,21,0
9,33,0
20,14,0
28,26,0
15,42,0
42,32,0
24,39,0
28,35,0
28,46,0
45,11,0
14,24,0
28,31,0
33,9,0
19,49,0
31,11,0
33,33,0
31,44,0
24,22,0
31,18,0
38,46,0
39,22,0
37,37,0
1,30,0
18,37,0
16,7,0
32,28,0
13,12,0
25,19,0
42,32,0
36,4,0
18,26,0
1,23,0
14,16,0
32,7,0
1,28,0
6,16,0
23,22,0
20,44,0
15,30,0
10,36,0
46,13,0
24,36,0
27,29,0
32,14,0
4,22,0
4,38,0
27,37,0
7,17,0
35,14,0
3,15,0
31,40,0
30,45,0
33,13,0
27,38,0
25,35,0
15,24,0
35,34,0
20,5,0
13,33,0
12,22,0
1,20,0
10,34,0
26,45,0
6,22,0
36,26,0
30,4,0
27,34,0
29,43,0
31,10,0
31,35,0
134,32,1
121,18,1
111,34,1
135,41,1
136,3,1
122,26,1
138,7,1
133,14,1
103,26,1
127,46,1
144,25,1
132,42,1
131,3,1
135,11,1
125,28,1
105,40,1
116,8,1
145,29,1
146,37,1
139,14,1
104,27,1
129,46,1
128,28,1
113,38,1
127,33,1
119,17,1
139,31,1
114,28,1
135,38,1
116,15,1
123,24,1
131,27,1
111,33,1
120,37,1
148,23,1
134,27,1
135,21,1
132,42,1
123,36,1
124,23,1
138,18,1
119,23,1
130,8,1
145,27,1
123,25,1
117,42,1
121,11,1
142,35,1
138,43,1
124,44,1
109,31,1
111,30,1
142,9,1
143,33,1
125,30,1
106,22,1
132,24,1
120,45,1
133,34,1
132,4,1
137,19,1
122,46,1
119,33,1
110,35,1
110,34,1
109,35,1
114,12,1
144,38,1
121,44,1
112,41,1
149,29,1
115,11,1
137,35,1
136,27,1
122,38,1
114,34,1
143,8,1
133,18,1
105,38,1
133,7,1
123,10,1
115,32,1
109,43,1
121,4,1
134,14,1
108,35,1
116,5,1
141,31,1
120,12,1
138,25,1
101,27,1
104,26,1
137,17,1
123,11,1
123,43,1
147,32,1
107,15,1
103,34,1
146,15,1
139,29,1
126,37,1
137,15,1
143,17,1
124,13,1
110,18,1
138,24,1
133,46,1
121,32,1
106,25,1
116,20,1
123,3,1
126,5,1
133,19,1
132,37,1
107,35,1
118,16,1
123,22,1
134,19,1
104,14,1
136,47,1
123,26,1
102,19,1
132,37,1
103,18,1
122,32,1
147,21,1
125,3,1
122,33,1
127,14,1
140,13,1
103,25,1
117,30,1
105,28,1
117,45,1
120,24,1
115,17,1
148,25,1
144,37,1
138,25,1
143,26,1
114,8,1
138,21,1
136,46,1
126,28,1
149,32,1
133,45,1
129,41,1
121,42,1
122,28,1
142,26,1
134,40,1
131,23,1
106,26,1
129,18,1
109,36,1
136,47,1
145,27,1
122,43,1
144,24,1
129,7,1
110,32,1
129,29,1
117,19,1
145,26,1
143,16,1
110,36,1
125,40,1
134,15,1
114,29,1
107,31,1
132,48,1
120,41,1
126,9,1
126,26,1
121,44,1
136,28,1
140,40,1
126,29,1
132,42,1
148,16,1
135,39,1
102,24,1
128,27,1
127,23,1
122,48,1
132,28,1
117,9,1
115,45,1
138,45,1
116,9,1
147,19,1
119,42,1
127,24,1
133,17,1
127,42,1
116,14,1
107,32,1
125,40,1
114,33,1
109,20,1
118,17,1
126,34,1
113,45,1
104,30,1
134,11,1
115,46,1
122,39,1
101,23,1
137,14,1
108,18,1
138,12,1
136,38,1
119,45,1
132,17,1
103,36,1
120,2,1
122,9,1
111,7,1
145,16,1
132,14,1
138,18,1
125,46,1
110,32,1
145,17,1
130,43,1
100,25,1
120,38,1
116,44,1
118,18,1
110,8,1
117,46,1
124,43,1
146,38,1
139,17,1
103,34,1
145,10,1
112,39,1
120,34,1
110,34,1
136,18,1
104,12,1
137,8,1
145,32,1
134,42,1
124,17,1
111,27,1
126,29,1
137,11,1
126,6,1
146,15,1
115,21,1
129,34,1
104,19,1
135,36,1
113,34,1
120,42,1
109,35,1
127,28,1
108,42,1
114,9,1
142,25,1
126,1,1
138,41,1
140,17,1
124,21,1
134,44,1
127,7,1
117,10,1
109,18,1
145,11,1
135,17,1
120,3,1
115,38,1
131,33,1
131,2,1
140,23,1
141,19,1
119,38,1
149,32,1
132,45,1
117,42,1
114,3,1
134,42,1
142,24,1
140,17,1
114,34,1
111,10,1
126,39,1
136,30,1
120,21,1
138,26,1
106,26,1
138,46,1
104,26,1
142,13,1
127,20,1
132,34,1
108,26,1
111,38,1
137,34,1
135,9,1
109,32,1
115,17,1
145,13,1
121,35,1
120,17,1
123,24,1
114,12,1
108,43,1
113,15,1
119,34,1
133,42,1
114,5,1
129,13,1
111,6,1
146,35,1
130,11,1
145,13,1
138,19,1
101,32,1
141,24,1
143,17,1
139,44,1
110,31,1
105,35,1
129,23,1
140,23,1
120,43,1
145,15,1
131,11,1
120,19,1
124,40,1
105,22,1
129,3,1
143,17,1
121,2,1
131,16,1
139,45,1
127,35,1
138,46,1
110,36,1
109,25,1
115,30,1
144,23,1
137,13,1
119,29,1
124,32,1
125,15,1
119,33,1
134,40,1
120,48,1
130,14,1
118,37,1
130,47,1
121,30,1
139,22,1
118,24,1
123,7,1
128,35,1
116,36,1
130,30,1
131,36,1
129,46,1
140,34,1
106,38,1
142,39,1
131,41,1
111,45,1
137,9,1
104,37,1
114,14,1
137,13,1
144,28,1
145,16,1
131,9,1
106,35,1
147,28,1
134,36,1
135,42,1
133,46,1
104,36,1
138,8,1
130,2,1
136,7,1
119,42,1
144,14,1
144,23,1
109,36,1
117,31,1
117,39,1
136,19,1
133,27,1
119,25,1
146,23,1
137,25,1
126,41,1
105,32,1
117,12,1
135,26,1
127,30,1
128,6,1
125,26,1
127,27,1
148,31,1
146,36,1
141,43,1
118,46,1
139,40,1
101,24,1
120,24,1
114,44,1
133,16,1
132,2,1
117,30,1
141,18,1
137,46,1
124,23,1
129,34,1
132,48,1
143,10,1
117,9,1
133,24,1
133,37,1
129,43,1
127,21,1
118,2,1
127,11,1
149,20,1
119,3,1
129,33,1
120,49,1
107,37,1
130,6,1
111,37,1
110,31,1
141,43,1
111,45,1
123,25,1
124,17,1
114,41,1
148,25,1
118,27,1
145,39,1
109,10,1
121,47,1
132,20,1
115,43,1
115,25,1
135,41,1
143,26,1
122,19,1
141,37,1
118,11,1
142,9,1
134,37,1
144,32,1
105,31,1
119,9,1
136,40,1
119,40,1
129,34,1
119,31,1
137,8,1
102,27,1
111,36,1
113,8,1
132,4,1
128,49,1
129,21,1
120,10,1
119,13,1
109,11,1
122,31,1
140,44,1
127,10,1
109,6,1
122,28,1
113,12,1
140,7,1
112,32,1
137,45,1
143,29,1
119,27,1
112,5,1
126,22,1
127,14,1
129,28,1
114,41,1
114,19,1
119,32,1
116,47,1
106,38,1
117,41,1
101,21,1
120,47,1
106,33,1
110,42,1
136,38,1
110,25,1
125,40,1
113,44,1
109,39,1
142,15,1
118,44,1
109,38,1
104,36,1
125,17,1
116,10,1
120,25,1
112,28,1
126,3,1
133,43,1
119,12,1
120,23,1
130,23,1
114,40,1
106,23,1
135,41,1
114,16,1
132,27,1
115,31,1
148,18,1
135,17,1
124,26,1
140,15,1
102,30,1
113,44,1
123,18,1
140,16,1
121,29,1
142,20,1
118,13,1
106,13,1
116,12,1
120,18,1
110,16,1
112,45,1
131,38,1
137,4,1
138,30,1
110,19,1
107,11,1
139,37,1
131,42,1
104,29,1
142,14,1
133,21,1
129,34,1
142,19,1
121,2,1
129,6,1
134,33,1
119,19,1
101,18,1
137,32,1
126,26,1
116,32,1
140,17,1
145,16,1
141,33,1
140,39,1
128,18,1
132,47,1
115,21,1
140,24,1
143,12,1
107,36,1
120,1,1
139,33,1
112,30,1
132,33,1
110,27,1
116,21,1
102,19,1
120,21,1
116,34,1
118,29,1
125,39,1
116,38,1
121,41,1
104,17,1
133,48,1
141,42,1
137,45,1
135,33,1
120,25,1
131,16,1
115,16,1
117,28,1
128,12,1
119,43,1
105,14,1
107,28,1
120,32,1
107,37,1
138,37,1
140,42,1
107,15,1
132,45,1
126,16,1
