32,34,0
18,16,0
24,20,0
21,25,0
40,11,0
48,31,0
46,22,0
29,29,0
12,7,0
9,8,0
23,42,0
5,38,0
30,43,0
18,49,0
18,4,0
7,31,0
9,39,0
17,7,0
13,11,0
12,26,0
23,3,0
42,12,0
9,17,0
14,25,0
19,41,0
32,31,0
27,9,0
37,38,0
34,5,0
27,44,0
18,19,0
2,27,0
8,13,0
23,2,0
47,16,0
32,45,0
11,19,0
41,23,0
16,16,0
19,20,0
22,11,0
15,24,0
22,2,0
26,40,0
13,32,0
17,6,0
38,30,0
48,29,0
13,37,0
10,13,0
11,20,0
12,32,0
7,23,0
42,15,0
42,41,0
40,16,0
5,20,0
24,4,0
29,8,0
11,18,0
10,10,0
14,42,0
40,35,0
5,37,0
32,2,0
49,25,0
48,18,0
12,43,0
18,5,0
12,32,0
11,15,0
25,14,0
9,20,0
20,44,0
6,37,0
32,10,0
19,16,0
10,27,0
24,29,0
18,8,0
30,30,0
29,38,0
11,21,0
49,18,0
40,22,0
24,37,0
22,44,0
27,48,0
17,17,0
44,38,0
34,7,0
50,25,0
18,18,0
33,38,0
27,10,0
11,19,0
13,32,0
20,48,0
41,42,0
35,30,0
14,42,0
11,6,0
16,34,0
31,46,0
32,25,0
35,5,0
15,11,0
5,38,0
8,22,0
38,22,0
12,43,0
41,33,0
25,18,0
19,2,0
28,1,0
38,31,0
35,41,0
27,40,0
44,17,0
36,28,0
20,42,0
40,37,0
33,2,0
25,42,0
38,31,0
11,9,0
7,9,0
1,27,0
32,4,0
38,42,0
11,17,0
43,16,0
7,8,0
23,10,0
28,16,0
34,21,0
13,16,0
11,37,0
16,30,0
3,21,0
12,19,0
37,42,0
36,43,0
35,7,0
26,17,0
7,15,0
20,38,0
45,14,0
27,23,0
39,39,0
39,33,0
13,30,0
25,50,0
12,42,0
19,40,0
28,39,0
39,15,0
24,15,0
43,37,0
35,22,0
11,14,0
28,19,0
18,41,0
37,38,0
16,31,0
41,34,0
28,14,0
31,43,0
10,39,0
11,45,0
47,24,0
22,25,0
34,37,0
28,8,0
12,22,0
17,17,0
34,11,0
7,35,0
23,15,0
43,30,0
30,28,0
44,19,0
28,3,0
38,24,0
19,21,0
39,34,0
21,39,0
12,30,0
30,49,0
43,33,0
11,9,0
19,16,0
13,9,0
25,9,0
15,21,0
19,1,0
39,36,0
30,40,0
29,29,0
33,19,0
34,22,0
23,3,0
43,11,0
22,36,0
28,48,0
35,32,0
36,36,0
11,31,0
38,7,0
32,34,0
39,28,0
46,32,0
41,33,0
25,5,0
42,23,0
23,16,0
29,9,0
26,38,0
37,43,0
45,29,0
41,20,0
33,25,0
28,17,0
38,27,0
23,19,0
14,37,0
7,12,0
8,42,0
17,34,0
11,16,0
30,32,0
4,38,0
17,48,0
14,19,0
28,14,0
41,8,0
28,12,0
16,43,0
33,28,0
18,38,0
26,28,0
33,8,0
7,35,0
40,36,0
6,34,0
21,26,0
12,44,0
48,23,0
12,18,0
47,28,0
5,36,0
20,3,0
44,30,0
30,7,0
39,44,0
4,15,0
17,9,0
45,26,0
13,13,0
33,19,0
43,33,0
20,12,0
27,36,0
24,18,0
3,26,0
18,1,0
46,16,0
13,15,0
32,24,0
25,3,0
42,31,0
42,7,0
4,34,0
36,17,0
32,3,0
26,42,0
32,37,0
33,17,0
31,17,0
41,22,0
28,9,0
36,30,0
47,21,0
16,20,0
44,16,0
41,21,0
15,32,0
39,9,0
20,21,0
31,48,0
28,14,0
29,30,0
42,15,0
20,9,0
43,20,0
14,42,0
7,38,0
40,8,0
31,9,0
15,47,0
1,23,0
17,21,0
32,3,0
13,26,0
38,17,0
21,2,0
45,14,0
29,9,0
29,29,0
2,16,0
8,26,0
9,32,0
4,20,0
20,34,0
35,5,0
31,48,0
14,13,0
6,11,0
1,32,0
35,33,0
29,6,0
6,27,0
15,43,0
43,13,0
7,18,0
13,34,0
37,43,0
42,9,0
38,32,0
27,44,0
27,49,0
21,12,0
9,16,0
24,11,0
41,6,0
34,24,0
24,6,0
20,11,0
19,7,0
23,32,0
38,34,0
45,17,0
21,46,0
36,39,0
12,43,0
22,47,0
35,30,0
46,21,0
31,15,0
43,19,0
20,29,0
45,22,0
29,44,0
34,4,0
11,30,0
19,46,0
41,35,0
24,39,0
4,17,0
29,28,0
41,26,0
41,25,0
35,21,0
18,45,0
19,31,0
27,24,0
18,13,0
31,41,0
7,35,0
47,18,0
8,7,0
38,33,0
19,21,0
28,36,0
35,34,0
33,37,0
20,14,0
15,26,0
7,17,0
23,11,0
43,33,0
34,41,0
28,10,0
31,20,0
48,29,0
11,31,0
28,34,0
24,2,0
32,35,0
43,21,0
28,18,0
13,18,0
26,24,0
24,13,0
12,20,0
24,44,0
30,12,0
10,38,0
13,46,0
20,4,0
99,43,1
134,19,1
127,40,1
123,12,1
110,44,1
133,28,1
110,47,1
121,15,1
121,38,1
114,34,1
110,37,1
134,37,1
132,24,1
107,17,1
131,43,1
133,37,1
119,13,1
101,42,1
132,15,1
106,22,1
111,8,1
108,48,1
113,7,1
123,42,1
95,38,1
134,38,1
98,26,1
114,18,1
120,37,1
132,24,1
120,21,1
137,34,1
110,47,1
101,39,1
115,22,1
107,46,1
127,36,1
94,25,1
135,19,1
101,21,1
123,18,1
131,33,1
110,34,1
114,41,1
138,33,1
137,31,1
104,14,1
126,20,1
117,12,1
126,18,1
106,17,1
108,49,1
110,13,1
132,36,1
112,34,1
134,13,1
110,49,1
128,6,1
116,42,1
106,37,1
133,24,1
118,12,1
114,3,1
114,24,1
120,27,1
136,14,1
103,14,1
93,20,1
122,17,1
123,27,1
109,21,1
105,29,1
114,7,1
108,25,1
98,35,1
118,30,1
99,40,1
100,22,1
110,41,1
100,30,1
92,33,1
138,33,1
126,9,1
109,38,1
126,42,1
104,23,1
119,22,1
101,38,1
100,7,1
136,18,1
129,8,1
135,33,1
101,31,1
128,14,1
132,14,1
110,28,1
94,14,1
103,25,1
133,34,1
105,26,1
102,46,1
117,31,1
136,38,1
94,38,1
119,13,1
104,19,1
122,46,1
116,48,1
119,43,1
103,41,1
95,19,1
118,4,1
112,42,1
112,1,1
122,23,1
103,30,1
111,45,1
108,24,1
98,14,1
136,20,1
111,4,1
97,17,1
112,39,1
97,38,1
117,37,1
97,29,1
121,21,1
108,7,1
93,17,1
107,10,1
111,5,1
96,22,1
124,27,1
117,47,1
103,14,1
121,14,1
123,26,1
130,19,1
97,26,1
121,9,1
103,24,1
116,21,1
131,36,1
115,28,1
122,30,1
135,10,1
124,36,1
103,10,1
131,33,1
134,19,1
131,34,1
121,41,1
117,42,1
137,19,1
92,27,1
100,6,1
102,45,1
135,37,1
136,17,1
137,24,1
97,40,1
125,14,1
111,17,1
139,24,1
130,5,1
121,33,1
120,38,1
123,41,1
123,23,1
126,35,1
104,24,1
123,16,1
102,13,1
112,16,1
115,19,1
104,22,1
108,23,1
119,23,1
119,18,1
97,42,1
134,38,1
134,19,1
125,17,1
106,37,1
110,8,1
134,24,1
109,29,1
126,21,1
100,25,1
122,41,1
129,42,1
124,10,1
100,28,1
127,37,1
124,36,1
121,22,1
109,41,1
94,13,1
104,39,1
111,3,1
119,42,1
126,12,1
128,28,1
111,3,1
99,19,1
101,42,1
92,26,1
92,25,1
115,2,1
93,14,1
135,28,1
97,35,1
121,29,1
111,21,1
127,35,1
93,14,1
135,27,1
122,23,1
106,36,1
137,29,1
98,36,1
126,12,1
118,7,1
108,39,1
122,39,1
126,14,1
120,22,1
132,34,1
92,33,1
110,41,1
120,17,1
127,7,1
134,20,1
127,19,1
121,45,1
101,6,1
110,14,1
108,41,1
122,46,1
104,17,1
96,14,1
110,38,1
116,49,1
102,42,1
113,25,1
123,34,1
128,39,1
104,16,1
131,39,1
130,22,1
122,20,1
127,19,1
116,23,1
111,25,1
106,20,1
113,37,1
115,29,1
112,38,1
99,32,1
123,16,1
126,10,1
114,1,1
113,21,1
114,25,1
110,6,1
121,24,1
121,40,1
120,19,1
114,9,1
125,15,1
105,35,1
107,23,1
133,20,1
129,18,1
100,9,1
121,5,1
116,44,1
130,19,1
111,29,1
109,33,1
108,47,1
128,41,1
119,12,1
114,34,1
114,12,1
124,10,1
119,29,1
98,42,1
102,40,1
108,36,1
106,36,1
127,21,1
118,26,1
117,30,1
117,35,1
114,48,1
111,11,1
128,19,1
127,43,1
108,41,1
123,5,1
103,41,1
114,13,1
123,37,1
109,34,1
126,31,1
112,9,1
138,33,1
124,15,1
94,34,1
103,15,1
92,18,1
111,38,1
110,1,1
113,38,1
108,20,1
132,28,1
128,30,1
115,36,1
97,11,1
93,26,1
131,41,1
96,25,1
100,30,1
112,12,1
116,4,1
121,16,1
118,19,1
119,39,1
111,8,1
111,45,1
103,38,1
113,31,1
134,33,1
109,30,1
93,16,1
111,39,1
97,25,1
112,33,1
112,15,1
130,22,1
92,19,1
123,4,1
130,32,1
125,27,1
138,29,1
117,34,1
95,37,1
113,31,1
122,43,1
112,19,1
94,20,1
137,26,1
105,22,1
98,14,1
128,17,1
126,39,1
132,41,1
112,16,1
103,11,1
98,42,1
128,28,1
135,28,1
109,9,1
112,23,1
137,17,1
111,24,1
120,4,1
122,42,1
127,29,1
131,23,1
118,43,1
115,35,1
129,5,1
114,45,1
113,13,1
108,12,1
114,20,1
104,4,1
102,14,1
108,28,1
122,32,1
108,34,1
130,16,1
128,17,1
111,9,1
107,8,1
99,9,1
114,7,1
106,24,1
100,21,1
125,23,1
136,35,1
121,10,1
93,30,1
108,21,1
110,30,1
134,9,1
111,32,1
134,33,1
111,16,1
119,48,1
128,9,1
120,12,1
120,46,1
102,17,1
119,32,1
124,40,1
127,45,1
119,3,1
114,6,1
106,12,1
132,21,1
122,29,1
129,39,1
107,31,1
122,11,1
123,37,1
114,3,1
130,38,1
126,22,1
112,19,1
120,15,1
131,37,1
133,10,1
115,16,1
135,23,1
138,30,1
104,19,1
101,21,1
134,23,1
124,43,1
108,24,1
97,27,1
111,43,1
115,29,1
100,32,1
126,33,1
110,46,1
119,33,1
128,24,1
133,14,1
103,36,1
119,14,1
106,2,1
107,25,1
131,33,1
115,46,1
98,20,1
128,15,1
108,30,1
118,6,1
118,13,1
136,25,1
112,39,1
113,27,1
127,41,1
128,39,1
125,8,1
121,33,1
139,21,1
114,33,1
132,15,1
134,21,1
114,19,1
129,24,1
108,47,1
130,42,1
97,17,1
121,43,1
132,20,1
102,10,1
111,5,1
110,21,1
100,20,1
120,6,1
118,30,1
93,20,1
117,13,1
103,18,1
112,34,1
107,34,1
95,35,1
91,30,1
111,1,1
131,14,1
100,23,1
116,36,1
134,9,1
108,25,1
110,42,1
127,46,1
131,36,1
106,21,1
133,25,1
101,15,1
137,18,1
129,26,1
98,11,1
118,7,1
136,38,1
127,46,1
110,7,1
135,26,1
95,22,1
128,22,1
93,15,1
109,1,1
103,22,1
120,16,1
113,32,1
110,38,1
123,12,1
122,37,1
121,35,1
101,9,1
123,30,1
129,16,1
109,5,1
132,22,1
123,44,1
100,8,1
124,40,1
115,50,1
107,2,1
116,36,1
130,27,1
123,39,1
130,11,1
108,41,1
131,12,1
131,32,1
99,39,1
121,20,1
100,14,1
133,22,1
93,27,1
123,8,1
133,22,1
134,27,1
101,34,1
99,16,1
92,25,1
111,41,1
98,18,1
128,16,1
128,5,1
114,24,1
133,11,1
134,11,1
114,19,1
137,32,1
127,20,1
123,31,1
127,39,1
114,39,1
120,28,1
118,40,1
117,35,1
97,25,1
116,6,1
106,14,1
103,40,1
95,28,1
119,35,1
127,32,1
105,11,1
126,18,1
138,28,1
127,26,1
123,26,1
135,37,1
117,25,1
103,20,1
135,12,1
135,26,1
124,48,1
102,34,1
98,31,1
117,36,1
113,25,1
129,19,1
125,20,1
136,19,1
127,15,1
98,27,1
119,46,1
121,16,1
127,19,1
100,7,1
108,18,1
123,42,1
127,34,1
100,42,1
129,27,1
136,26,1
118,38,1
105,40,1
118,29,1
106,47,1
