37,11,0
15,29,0
2,19,0
14,43,0
19,30,0
25,5,0
18,36,0
28,21,0
41,10,0
32,27,0
26,44,0
37,15,0
45,30,0
26,15,0
13,35,0
21,9,0
19,3,0
16,36,0
18,16,0
48,26,0
30,38,0
20,38,0
5,35,0
9,38,0
34,10,0
6,14,0
24,6,0
42,14,0
2,32,0
33,47,0
5,27,0
26,28,0
18,8,0
14,44,0
28,20,0
47,15,0
43,39,0
24,40,0
35,25,0
24,7,0
28,11,0
42,29,0
44,9,0
40,32,0
44,29,0
22,18,0
22,5,0
15,5,0
16,48,0
17,21,0
5,37,0
41,31,0
11,16,0
30,39,0
42,40,0
27,22,0
22,17,0
28,27,0
47,31,0
28,36,0
31,16,0
43,24,0
19,35,0
22,32,0
18,7,0
42,32,0
30,44,0
13,9,0
37,38,0
19,7,0
18,16,0
24,36,0
23,42,0
16,16,0
20,28,0
42,20,0
19,15,0
10,24,0
20,17,0
13,24,0
33,13,0
40,12,0
30,42,0
13,14,0
14,20,0
22,30,0
48,28,0
11,35,0
31,10,0
17,17,0
36,14,0
7,16,0
41,7,0
8,38,0
21,10,0
41,8,0
23,10,0
38,6,0
17,32,0
28,7,0
26,39,0
22,3,0
36,47,0
31,49,0
25,32,0
40,15,0
36,11,0
34,21,0
26,6,0
26,26,0
45,39,0
38,27,0
31,5,0
40,35,0
22,42,0
25,6,0
42,31,0
31,20,0
5,12,0
18,1,0
6,23,0
15,23,0
21,27,0
5,28,0
27,15,0
44,22,0
27,31,0
40,28,0
34,22,0
11,25,0
33,43,0
37,36,0
21,3,0
20,16,0
41,32,0
40,29,0
9,9,0
30,41,0
34,48,0
16,42,0
14,31,0
49,27,0
24,7,0
37,20,0
27,2,0
36,29,0
26,8,0
24,13,0
20,1,0
25,2,0
44,13,0
20,13,0
19,47,0
24,8,0
38,32,0
26,17,0
15,43,0
15,34,0
43,14,0
41,37,0
34,8,0
23,17,0
3,34,0
44,40,0
8,26,0
30,33,0
4,22,0
19,21,0
21,45,0
21,25,0
17,35,0
27,48,0
10,33,0
30,3,0
12,30,0
31,41,0
39,8,0
49,23,0
28,17,0
30,12,0
33,27,0
43,26,0
39,13,0
24,38,0
35,38,0
42,13,0
32,41,0
24,12,0
32,22,0
41,35,0
43,20,0
33,25,0
40,5,0
46,20,0
24,13,0
37,38,0
22,22,0
29,31,0
6,23,0
38,5,0
24,10,0
18,37,0
30,46,0
17,4,0
2,19,0
40,39,0
42,7,0
24,5,0
12,20,0
40,27,0
37,35,0
20,46,0
24,8,0
21,38,0
7,22,0
30,25,0
10,34,0
17,43,0
12,43,0
42,39,0
12,44,0
28,15,0
18,23,0
8,43,0
10,27,0
25,48,0
25,14,0
3,30,0
21,10,0
42,23,0
27,40,0
28,7,0
36,29,0
43,10,0
32,27,0
25,25,0
34,39,0
23,8,0
12,34,0
2,26,0
11,42,0
7,16,0
49,22,0
31,19,0
37,4,0
21,41,0
18,46,0
34,11,0
2,20,0
20,29,0
4,20,0
12,36,0
34,31,0
8,40,0
32,3,0
12,41,0
25,0,0
26,6,0
38,28,0
19,28,0
33,29,0
7,38,0
34,38,0
12,29,0
11,14,0
14,31,0
43,26,0
21,19,0
27,45,0
41,10,0
29,10,0
34,46,0
38,34,0
36,19,0
22,44,0
4,27,0
22,13,0
42,39,0
30,26,0
29,9,0
48,26,0
27,1,0
38,34,0
34,47,0
43,14,0
33,10,0
31,18,0
26,5,0
10,35,0
45,38,0
5,22,0
36,30,0
24,7,0
16,20,0
23,44,0
26,49,0
29,39,0
21,13,0
41,14,0
48,24,0
8,43,0
28,45,0
37,15,0
46,19,0
18,14,0
5,39,0
3,18,0
25,48,0
19,48,0
16,2,0
40,20,0
26,30,0
30,41,0
35,37,0
12,15,0
21,42,0
8,13,0
30,6,0
11,21,0
41,43,0
25,12,0
41,17,0
32,12,0
19,25,0
48,16,0
41,42,0
2,32,0
17,11,0
5,14,0
28,29,0
32,25,0
22,35,0
26,43,0
8,41,0
34,34,0
34,10,0
25,45,0
22,3,0
23,15,0
24,25,0
28,33,0
32,48,0
6,13,0
4,33,0
22,37,0
23,9,0
24,33,0
22,45,0
11,33,0
30,13,0
30,19,0
19,36,0
12,9,0
20,42,0
32,8,0
26,8,0
25,37,0
42,26,0
32,18,0
16,5,0
21,9,0
7,35,0
15,27,0
6,26,0
2,31,0
10,42,0
35,28,0
16,13,0
15,25,0
43,37,0
17,10,0
25,33,0
26,40,0
10,28,0
44,29,0
27,7,0
22,20,0
4,12,0
8,16,0
7,20,0
40,30,0
14,17,0
47,26,0
14,10,0
25,41,0
47,30,0
26,20,0
29,36,0
48,22,0
49,29,0
18,19,0
49,20,0
18,8,0
34,37,0
26,49,0
17,13,0
47,28,0
8,23,0
39,16,0
43,31,0
290,31,1
300,9,1
304,48,1
305,43,1
280,38,1
294,29,1
291,32,1
274,24,1
309,16,1
280,29,1
303,36,1
297,11,1
277,15,1
312,16,1
310,17,1
309,44,1
317,32,1
305,33,1
278,9,1
316,19,1
283,35,1
316,34,1
273,20,1
274,28,1
299,34,1
316,32,1
303,48,1
299,24,1
280,45,1
274,37,1
299,47,1
289,37,1
295,39,1
299,4,1
289,43,1
293,48,1
284,4,1
285,38,1
306,16,1
277,11,1
304,36,1
282,22,1
300,46,1
297,17,1
290,30,1
276,25,1
284,19,1
271,19,1
282,21,1
310,41,1
281,33,1
298,19,1
305,13,1
283,26,1
295,45,1
277,15,1
309,16,1
290,25,1
299,13,1
279,23,1
303,16,1
309,40,1
295,24,1
304,32,1
315,25,1
307,11,1
279,16,1
295,15,1
286,3,1
282,11,1
272,26,1
316,29,1
285,38,1
307,23,1
284,15,1
309,20,1
313,31,1
296,14,1
288,1,1
282,17,1
308,6,1
278,15,1
278,35,1
318,34,1
291,23,1
283,22,1
282,5,1
276,23,1
287,32,1
294,6,1
286,3,1
308,28,1
308,31,1
278,29,1
291,21,1
277,42,1
282,15,1
302,21,1
294,28,1
307,38,1
287,30,1
297,46,1
303,21,1
279,17,1
306,36,1
311,6,1
274,38,1
304,11,1
284,5,1
304,43,1
286,10,1
310,8,1
304,48,1
286,43,1
310,5,1
301,48,1
274,32,1
286,6,1
304,2,1
298,36,1
309,41,1
305,21,1
294,48,1
290,49,1
295,32,1
299,48,1
311,9,1
297,7,1
294,44,1
301,33,1
271,29,1
282,46,1
290,11,1
294,24,1
272,34,1
317,15,1
313,27,1
274,14,1
306,24,1
284,47,1
301,27,1
297,40,1
271,30,1
296,24,1
311,20,1
287,16,1
277,32,1
307,15,1
295,10,1
293,24,1
275,20,1
302,36,1
280,36,1
317,24,1
298,12,1
299,41,1
277,11,1
305,5,1
278,17,1
288,36,1
299,35,1
297,32,1
314,34,1
292,3,1
289,28,1
299,1,1
307,26,1
284,24,1
297,23,1
288,6,1
304,7,1
309,36,1
305,18,1
297,10,1
289,40,1
276,19,1
298,37,1
279,16,1
309,27,1
282,26,1
319,29,1
309,14,1
299,13,1
315,12,1
318,21,1
314,37,1
292,24,1
292,47,1
284,37,1
277,37,1
287,47,1
310,15,1
300,3,1
316,23,1
280,41,1
304,38,1
299,31,1
309,27,1
290,23,1
289,44,1
314,23,1
317,18,1
307,30,1
313,22,1
282,16,1
313,29,1
276,9,1
316,37,1
290,7,1
287,27,1
281,15,1
308,30,1
301,48,1
292,37,1
303,8,1
302,32,1
298,6,1
296,7,1
317,33,1
284,38,1
301,16,1
299,48,1
310,33,1
306,40,1
305,9,1
303,27,1
277,39,1
309,42,1
295,2,1
280,20,1
296,32,1
305,27,1
271,21,1
289,26,1
279,19,1
277,40,1
290,29,1
271,29,1
295,32,1
275,33,1
297,28,1
280,10,1
318,20,1
289,45,1
280,29,1
307,43,1
296,23,1
279,39,1
278,17,1
301,14,1
295,0,1
308,7,1
290,24,1
293,32,1
316,24,1
300,15,1
311,20,1
289,11,1
309,10,1
309,19,1
287,45,1
302,13,1
317,24,1
293,36,1
274,17,1
293,13,1
303,19,1
277,16,1
295,46,1
299,4,1
290,8,1
285,21,1
317,25,1
289,37,1
313,27,1
294,3,1
284,41,1
308,9,1
314,28,1
309,36,1
308,21,1
303,48,1
277,15,1
311,31,1
292,42,1
314,33,1
291,24,1
285,30,1
305,32,1
311,12,1
285,44,1
310,13,1
287,7,1
319,18,1
298,45,1
307,14,1
273,28,1
304,5,1
274,16,1
279,13,1
314,13,1
313,42,1
295,39,1
288,9,1
278,14,1
311,12,1
312,18,1
306,8,1
300,23,1
302,23,1
292,29,1
292,29,1
292,24,1
271,20,1
317,19,1
282,4,1
294,46,1
314,40,1
309,32,1
281,25,1
311,30,1
296,46,1
277,30,1
284,20,1
300,2,1
294,20,1
312,42,1
274,12,1
291,15,1
310,42,1
302,38,1
297,28,1
297,5,1
293,17,1
284,23,1
283,23,1
293,24,1
294,18,1
304,16,1
303,28,1
290,30,1
312,19,1
274,24,1
317,26,1
298,48,1
297,31,1
312,7,1
307,21,1
301,19,1
313,11,1
282,4,1
314,12,1
300,45,1
282,40,1
302,11,1
312,23,1
314,15,1
314,13,1
289,43,1
305,35,1
280,45,1
302,27,1
279,30,1
285,16,1
294,1,1
291,43,1
287,44,1
312,36,1
285,28,1
306,9,1
315,21,1
307,35,1
292,6,1
298,11,1
299,14,1
298,18,1
288,20,1
311,41,1
311,9,1
301,43,1
285,47,1
287,36,1
290,16,1
287,7,1
298,47,1
315,19,1
276,14,1
302,43,1
299,7,1
275,24,1
298,37,1
279,14,1
295,22,1
277,10,1
316,13,1
292,39,1
305,9,1
286,48,1
299,46,1
304,48,1
279,29,1
290,18,1
283,42,1
277,42,1
304,7,1
292,40,1
309,23,1
300,4,1
286,28,1
312,16,1
293,26,1
279,26,1
291,3,1
304,44,1
306,45,1
312,21,1
300,32,1
289,4,1
285,30,1
287,26,1
309,37,1
311,37,1
296,9,1
294,35,1
307,8,1
298,25,1
304,2,1
293,9,1
316,24,1
306,10,1
284,29,1
299,46,1
293,40,1
298,18,1
295,25,1
309,38,1
302,46,1
278,24,1
302,21,1
293,26,1
296,5,1
294,1,1
299,29,1
293,33,1
289,29,1
294,8,1
300,29,1
287,10,1
290,49,1
279,7,1
287,40,1
301,6,1
278,30,1
305,3,1
286,10,1
309,28,1
295,28,1
289,4,1
288,6,1
316,18,1
297,15,1
303,34,1
315,12,1
289,48,1
306,33,1
317,27,1
307,9,1
304,8,1
316,35,1
314,15,1
281,20,1
293,27,1
282,23,1
295,44,1
281,14,1
303,45,1
307,33,1
277,36,1
303,36,1
298,45,1
311,29,1
296,15,1
291,39,1
290,45,1
277,16,1
301,28,1
280,28,1
289,12,1
291,39,1
311,31,1
279,25,1
272,22,1
299,14,1
294,27,1
302,48,1
300,38,1
296,20,1
287,6,1
289,10,1
313,40,1
296,49,1
286,22,1
316,12,1
308,30,1
310,38,1
277,37,1
292,6,1
310,34,1
312,31,1
310,17,1
306,43,1
307,33,1
310,15,1
293,5,1
290,11,1
308,46,1
291,7,1
315,22,1
314,11,1
298,46,1
285,38,1
279,22,1
293,14,1
277,40,1
299,34,1
292,5,1
315,18,1
288,7,1
273,26,1
306,34,1
289,27,1
282,7,1
286,47,1
302,41,1
300,18,1
302,40,1
303,42,1
280,23,1
309,21,1
278,35,1
295,20,1
279,24,1
301,2,1
285,5,1
278,23,1
311,43,1
307,4,1
278,27,1
291,42,1
307,42,1
288,30,1
273,23,1
285,24,1
282,30,1
298,15,1
277,10,1
273,34,1
277,38,1
310,7,1
276,24,1
311,37,1
303,25,1
301,15,1
288,41,1
272,25,1
288,40,1
287,6,1
313,32,1
307,25,1
290,13,1
285,33,1
286,38,1
302,8,1
315,26,1
276,22,1
288,6,1
305,19,1
283,13,1
301,9,1
311,35,1
288,47,1
281,13,1
300,28,1
281,25,1
293,11,1
295,16,1
274,21,1
316,17,1
285,47,1
293,37,1
298,29,1
313,38,1
312,31,1
300,49,1
289,39,1
276,31,1
312,42,1
271,30,1
307,7,1
283,28,1
