18,23,0
12,31,0
12,38,0
3,33,0
14,16,0
26,22,0
16,20,0
19,6,0
10,21,0
41,24,0
3,27,0
28,9,0
29,46,0
45,23,0
36,31,0
16,33,0
27,23,0
11,14,0
28,27,0
43,11,0
16,8,0
28,4,0
43,36,0
46,34,0
30,31,0
34,43,0
40,14,0
12,29,0
26,30,0
39,37,0
39,45,0
4,19,0
50,25,0
18,6,0
19,16,0
31,11,0
13,9,0
15,17,0
31,42,0
38,13,0
41,28,0
47,28,0
7,36,0
34,28,0
43,23,0
13,12,0
26,35,0
37,40,0
17,5,0
21,1,0
9,25,0
4,18,0
29,10,0
34,47,0
32,33,0
4,14,0
22,48,0
34,28,0
37,16,0
27,49,0
31,43,0
21,14,0
24,26,0
42,26,0
35,44,0
37,8,0
8,18,0
11,27,0
10,33,0
7,33,0
42,13,0
2,25,0
19,23,0
32,7,0
43,37,0
43,38,0
12,17,0
8,39,0
31,10,0
21,21,0
22,9,0
24,43,0
13,21,0
28,38,0
10,6,0
26,4,0
40,31,0
20,27,0
25,19,0
24,29,0
47,25,0
32,12,0
9,15,0
30,5,0
18,8,0
34,42,0
11,45,0
40,41,0
28,14,0
11,16,0
39,9,0
20,47,0
15,15,0
36,13,0
15,19,0
24,8,0
3,24,0
22,43,0
27,43,0
25,33,0
15,33,0
44,22,0
31,32,0
2,22,0
13,8,0
42,15,0
32,21,0
14,14,0
31,21,0
49,26,0
32,26,0
5,33,0
19,8,0
45,30,0
19,15,0
29,49,0
44,23,0
19,20,0
27,28,0
8,26,0
29,49,0
44,9,0
14,10,0
5,31,0
3,30,0
43,13,0
28,45,0
33,2,0
16,47,0
16,35,0
17,27,0
23,27,0
29,35,0
22,6,0
18,30,0
26,28,0
23,22,0
50,25,0
18,26,0
38,46,0
46,13,0
24,26,0
35,28,0
33,19,0
35,45,0
6,9,0
10,35,0
43,27,0
31,28,0
44,31,0
27,27,0
41,39,0
44,10,0
26,6,0
34,47,0
33,17,0
21,45,0
12,45,0
31,4,0
34,48,0
22,15,0
26,36,0
9,27,0
35,19,0
39,29,0
23,14,0
35,21,0
39,28,0
25,36,0
19,10,0
19,10,0
25,1,0
41,28,0
42,9,0
23,16,0
22,27,0
17,29,0
19,8,0
43,35,0
14,36,0
31,45,0
37,21,0
38,26,0
20,46,0
47,24,0
16,23,0
14,16,0
6,10,0
47,16,0
29,3,0
32,15,0
35,5,0
46,23,0
34,8,0
42,43,0
37,42,0
13,34,0
7,30,0
25,28,0
44,28,0
41,31,0
1,23,0
20,22,0
29,1,0
26,17,0
10,38,0
36,25,0
35,4,0
35,17,0
6,35,0
11,19,0
18,6,0
6,39,0
19,10,0
35,14,0
15,17,0
29,20,0
12,36,0
19,25,0
15,4,0
7,37,0
27,10,0
18,25,0
39,9,0
21,17,0
37,45,0
19,25,0
41,16,0
11,40,0
8,22,0
19,48,0
21,31,0
28,18,0
25,17,0
20,11,0
39,40,0
34,22,0
17,25,0
3,35,0
10,27,0
36,10,0
6,29,0
16,11,0
9,36,0
20,42,0
9,30,0
33,29,0
47,32,0
34,31,0
33,7,0
11,8,0
42,12,0
18,11,0
41,22,0
9,29,0
28,27,0
16,46,0
27,46,0
21,43,0
6,17,0
33,31,0
14,5,0
24,5,0
19,44,0
17,44,0
31,12,0
44,17,0
34,7,0
27,20,0
32,13,0
13,11,0
28,11,0
22,20,0
23,16,0
18,13,0
37,16,0
29,26,0
27,30,0
42,10,0
3,27,0
14,19,0
7,26,0
29,17,0
12,28,0
15,12,0
27,4,0
23,31,0
46,22,0
17,38,0
35,25,0
26,14,0
32,21,0
30,33,0
26,29,0
32,29,0
15,41,0
48,31,0
17,22,0
28,4,0
12,46,0
29,18,0
47,25,0
22,25,0
26,16,0
25,7,0
40,9,0
33,5,0
38,26,0
20,29,0
6,32,0
12,36,0
39,33,0
44,13,0
13,30,0
34,15,0
19,49,0
36,14,0
12,32,0
31,34,0
34,7,0
9,23,0
26,33,0
47,15,0
12,9,0
31,11,0
32,20,0
41,12,0
2,31,0
45,11,0
25,17,0
4,13,0
11,14,0
33,6,0
29,48,0
45,40,0
41,7,0
5,20,0
11,32,0
36,29,0
38,27,0
15,27,0
38,29,0
13,7,0
40,11,0
23,6,0
36,43,0
32,43,0
49,22,0
4,35,0
32,42,0
5,21,0
43,10,0
3,21,0
22,12,0
9,39,0
43,41,0
5,40,0
41,14,0
31,31,0
26,11,0
26,2,0
20,48,0
18,38,0
46,28,0
48,23,0
24,5,0
35,8,0
21,35,0
16,37,0
35,16,0
11,14,0
22,46,0
2,19,0
12,36,0
23,30,0
30,28,0
26,45,0
1,27,0
40,24,0
41,40,0
42,25,0
44,31,0
24,35,0
22,42,0
45,12,0
9,33,0
20,13,0
26,20,0
32,43,0
41,41,0
130,16,1
130,17,1
100,20,1
122,29,1
118,34,1
98,13,1
126,18,1
114,36,1
134,40,1
134,32,1
94,32,1
116,21,1
117,7,1
123,24,1
130,24,1
117,23,1
134,38,1
109,11,1
124,22,1
111,36,1
115,8,1
102,39,1
118,4,1
111,20,1
113,36,1
119,6,1
119,31,1
113,7,1
98,16,1
117,39,1
109,33,1
134,24,1
116,12,1
93,27,1
95,18,1
130,24,1
116,25,1
108,36,1
120,4,1
125,8,1
132,25,1
136,27,1
130,11,1
101,13,1
116,47,1
133,18,1
98,7,1
131,12,1
122,18,1
105,36,1
116,12,1
102,40,1
124,18,1
119,33,1
93,33,1
116,4,1
108,43,1
120,35,1
139,28,1
97,10,1
118,49,1
104,16,1
122,4,1
122,27,1
125,4,1
113,24,1
130,41,1
114,42,1
95,22,1
125,8,1
110,11,1
122,40,1
94,29,1
106,16,1
115,14,1
139,24,1
131,19,1
136,17,1
119,9,1
112,49,1
114,27,1
121,26,1
106,36,1
114,1,1
126,5,1
118,18,1
129,36,1
113,17,1
123,47,1
127,20,1
126,13,1
97,22,1
109,13,1
137,27,1
137,24,1
120,32,1
137,23,1
106,15,1
126,19,1
111,16,1
116,41,1
122,2,1
108,34,1
106,29,1
107,5,1
105,33,1
102,46,1
104,22,1
123,24,1
121,31,1
133,40,1
133,12,1
122,20,1
124,31,1
104,21,1
136,16,1
100,33,1
126,22,1
103,27,1
129,38,1
111,22,1
136,28,1
97,23,1
118,7,1
111,17,1
105,14,1
112,9,1
125,18,1
108,29,1
111,17,1
95,21,1
115,48,1
99,37,1
131,44,1
125,16,1
113,42,1
113,47,1
98,33,1
97,17,1
134,23,1
115,12,1
108,13,1
102,4,1
137,23,1
99,23,1
107,22,1
99,26,1
102,37,1
136,23,1
117,43,1
107,20,1
132,37,1
119,45,1
103,40,1
91,24,1
106,40,1
108,3,1
94,32,1
116,27,1
108,18,1
119,37,1
106,22,1
99,27,1
98,33,1
136,35,1
105,6,1
107,22,1
102,15,1
106,16,1
106,2,1
135,19,1
110,23,1
118,46,1
101,30,1
108,8,1
122,16,1
119,36,1
106,5,1
131,8,1
112,40,1
122,14,1
116,39,1
101,16,1
136,36,1
122,43,1
121,24,1
124,34,1
136,27,1
126,38,1
103,32,1
103,20,1
102,25,1
94,29,1
92,26,1
121,2,1
100,37,1
104,32,1
115,33,1
130,25,1
124,48,1
129,6,1
138,24,1
123,15,1
138,24,1
111,13,1
120,18,1
107,31,1
100,9,1
130,25,1
109,25,1
118,22,1
102,37,1
131,21,1
96,21,1
138,32,1
130,15,1
117,45,1
113,4,1
117,19,1
121,11,1
105,4,1
132,17,1
109,32,1
97,22,1
129,13,1
97,29,1
124,13,1
91,22,1
139,24,1
99,12,1
125,37,1
110,41,1
115,46,1
110,28,1
109,7,1
121,35,1
129,36,1
128,34,1
102,25,1
122,12,1
115,2,1
120,10,1
126,13,1
94,34,1
122,19,1
117,39,1
126,9,1
104,8,1
134,21,1
110,49,1
108,24,1
124,31,1
113,42,1
108,38,1
95,14,1
120,32,1
97,29,1
98,11,1
117,4,1
99,23,1
125,42,1
119,27,1
104,44,1
101,41,1
129,41,1
115,10,1
106,15,1
126,22,1
96,32,1
127,35,1
112,31,1
95,18,1
105,46,1
116,40,1
126,44,1
97,31,1
129,13,1
117,39,1
110,33,1
139,32,1
129,33,1
119,49,1
136,13,1
136,32,1
132,22,1
92,16,1
96,15,1
121,17,1
108,18,1
101,24,1
91,24,1
119,11,1
130,41,1
109,20,1
110,35,1
118,43,1
123,40,1
112,20,1
110,21,1
127,38,1
91,19,1
133,34,1
124,9,1
118,9,1
116,14,1
97,39,1
118,28,1
110,12,1
98,26,1
106,10,1
136,22,1
122,39,1
100,23,1
102,4,1
122,48,1
130,36,1
100,11,1
116,1,1
127,12,1
122,47,1
116,24,1
96,26,1
114,36,1
92,29,1
113,37,1
130,27,1
91,18,1
138,27,1
105,22,1
126,46,1
106,27,1
105,38,1
136,31,1
108,28,1
131,41,1
115,12,1
99,35,1
128,17,1
102,19,1
101,44,1
107,22,1
94,20,1
117,10,1
109,45,1
112,31,1
125,12,1
99,16,1
113,40,1
113,18,1
124,13,1
104,29,1
110,5,1
108,11,1
115,21,1
132,7,1
93,23,1
115,49,1
131,39,1
92,29,1
122,45,1
117,22,1
135,22,1
117,18,1
119,41,1
110,19,1
99,37,1
127,12,1
121,46,1
113,35,1
106,5,1
100,32,1
128,14,1
134,37,1
130,41,1
104,4,1
123,17,1
95,29,1
122,4,1
133,42,1
97,20,1
105,16,1
123,45,1
113,41,1
95,23,1
129,27,1
108,11,1
102,17,1
126,18,1
117,10,1
131,12,1
97,10,1
99,44,1
123,15,1
126,3,1
138,34,1
105,29,1
134,33,1
132,34,1
122,28,1
104,28,1
111,5,1
105,42,1
121,37,1
119,7,1
112,30,1
107,42,1
126,35,1
130,7,1
130,38,1
128,13,1
101,31,1
122,34,1
106,24,1
91,27,1
124,6,1
107,3,1
110,41,1
95,34,1
115,11,1
126,11,1
122,28,1
120,10,1
130,16,1
112,12,1
116,5,1
130,16,1
112,10,1
108,29,1
125,7,1
117,41,1
98,39,1
123,22,1
109,16,1
117,24,1
102,16,1
111,31,1
105,18,1
125,22,1
91,21,1
126,29,1
128,35,1
117,37,1
100,31,1
116,39,1
135,32,1
119,2,1
134,40,1
122,17,1
113,38,1
105,10,1
98,18,1
97,18,1
110,35,1
139,26,1
112,13,1
125,33,1
97,17,1
113,1,1
100,9,1
108,29,1
103,35,1
115,50,1
107,9,1
105,39,1
119,14,1
123,15,1
137,32,1
126,34,1
112,48,1
131,35,1
109,17,1
125,45,1
109,34,1
113,40,1
115,14,1
135,13,1
135,30,1
103,6,1
117,1,1
128,34,1
116,5,1
97,23,1
118,13,1
137,17,1
126,23,1
128,32,1
116,35,1
121,21,1
127,38,1
110,1,1
91,23,1
120,46,1
130,5,1
137,14,1
121,42,1
134,22,1
122,26,1
114,41,1
122,44,1
118,18,1
130,31,1
131,39,1
117,4,1
122,39,1
104,6,1
95,18,1
111,47,1
116,41,1
134,19,1
106,39,1
132,23,1
110,9,1
109,34,1
103,23,1
113,28,1
119,13,1
126,12,1
133,14,1
108,4,1
93,35,1
116,21,1
136,31,1
126,15,1
106,14,1
131,17,1
119,12,1
108,10,1
105,9,1
107,43,1
128,8,1
107,30,1
127,41,1
93,24,1
91,27,1
94,22,1
128,8,1
128,40,1
129,12,1
135,26,1
103,20,1
111,30,1
137,17,1
120,43,1
96,10,1
127,26,1
117,39,1
100,19,1
121,2,1
129,35,1
109,9,1
121,38,1
118,11,1
116,16,1
94,28,1
118,47,1
104,13,1
134,16,1
105,41,1
107,16,1
100,22,1
105,30,1
123,4,1
106,18,1
116,34,1
104,20,1
133,39,1
105,47,1
111,4,1
103,33,1
109,22,1
106,39,1
126,8,1
102,22,1
107,5,1
116,9,1
115,9,1
114,40,1
114,35,1
116,16,1
134,36,1
122,8,1
126,37,1
113,47,1
105,28,1
122,46,1
119,18,1
117,7,1
92,33,1
105,9,1
117,24,1
96,40,1
107,8,1
131,42,1
128,45,1
138,22,1
111,28,1
91,25,1
119,7,1
103,13,1
103,18,1
