33,48,0
6,28,0
10,17,0
22,49,0
39,20,0
32,26,0
39,6,0
34,37,0
6,16,0
41,33,0
13,25,0
22,24,0
3,16,0
27,6,0
35,12,0
30,20,0
2,17,0
29,7,0
13,31,0
44,41,0
45,35,0
18,30,0
31,35,0
36,5,0
17,17,0
49,29,0
31,46,0
15,41,0
43,31,0
5,10,0
32,16,0
45,32,0
34,45,0
49,26,0
26,11,0
6,35,0
13,11,0
31,35,0
26,43,0
34,27,0
3,29,0
6,11,0
16,44,0
44,16,0
8,16,0
4,28,0
19,30,0
27,1,0
20,36,0
39,28,0
37,14,0
16,22,0
17,2,0
42,42,0
7,24,0
23,22,0
18,1,0
12,36,0
30,10,0
36,13,0
43,36,0
18,36,0
31,49,0
12,31,0
15,20,0
6,30,0
17,29,0
10,26,0
39,11,0
6,35,0
39,21,0
31,6,0
5,22,0
48,22,0
9,25,0
28,47,0
43,30,0
41,26,0
46,33,0
37,19,0
32,24,0
8,29,0
12,40,0
36,34,0
34,44,0
27,29,0
27,9,0
21,15,0
25,50,0
6,25,0
43,14,0
42,33,0
1,31,0
41,25,0
15,20,0
44,39,0
48,34,0
27,45,0
14,33,0
19,4,0
44,23,0
20,41,0
37,16,0
23,42,0
39,26,0
29,35,0
17,21,0
14,36,0
20,43,0
20,37,0
42,27,0
10,14,0
28,43,0
28,15,0
36,33,0
20,29,0
36,16,0
16,17,0
13,19,0
27,12,0
21,45,0
43,31,0
4,24,0
30,11,0
20,8,0
10,29,0
33,27,0
30,24,0
37,16,0
27,6,0
22,32,0
9,34,0
27,6,0
43,16,0
4,14,0
38,39,0
7,42,0
13,17,0
23,9,0
47,36,0
15,33,0
31,14,0
32,6,0
13,39,0
15,21,0
38,38,0
45,38,0
20,11,0
10,44,0
36,28,0
10,41,0
3,28,0
26,37,0
38,19,0
14,33,0
23,12,0
16,48,0
34,46,0
32,39,0
20,4,0
27,9,0
32,46,0
23,3,0
23,43,0
3,35,0
28,13,0
38,9,0
29,22,0
23,15,0
14,11,0
33,4,0
38,39,0
10,33,0
7,12,0
45,17,0
21,34,0
41,16,0
37,34,0
29,23,0
10,23,0
38,11,0
24,25,0
31,11,0
10,34,0
20,11,0
26,44,0
49,31,0
15,36,0
33,8,0
30,40,0
31,10,0
28,28,0
10,23,0
3,31,0
25,19,0
42,40,0
29,14,0
39,19,0
13,40,0
24,39,0
18,15,0
26,25,0
10,23,0
8,17,0
41,20,0
37,14,0
20,49,0
35,11,0
31,27,0
36,19,0
43,30,0
16,18,0
21,19,0
37,33,0
25,21,0
7,38,0
23,6,0
37,8,0
44,17,0
15,43,0
29,20,0
8,13,0
42,25,0
32,25,0
21,8,0
48,32,0
33,29,0
17,2,0
19,12,0
44,33,0
4,28,0
36,31,0
42,12,0
13,27,0
11,21,0
21,31,0
21,1,0
15,43,0
5,11,0
24,3,0
28,6,0
46,19,0
15,40,0
28,30,0
23,37,0
35,22,0
21,26,0
47,25,0
25,35,0
7,32,0
23,9,0
45,15,0
6,31,0
5,17,0
29,40,0
36,40,0
28,16,0
28,7,0
30,27,0
19,46,0
27,33,0
27,41,0
7,23,0
7,38,0
35,28,0
32,8,0
17,19,0
39,18,0
28,4,0
9,39,0
41,32,0
19,31,0
22,36,0
3,35,0
6,14,0
31,9,0
12,5,0
28,33,0
40,28,0
14,26,0
8,38,0
14,11,0
41,20,0
1,27,0
31,38,0
31,5,0
48,30,0
5,21,0
2,32,0
45,40,0
11,44,0
42,22,0
46,27,0
11,13,0
25,17,0
21,9,0
18,16,0
21,14,0
25,22,0
9,34,0
12,11,0
25,33,0
27,20,0
18,35,0
30,3,0
38,22,0
14,33,0
41,11,0
4,35,0
13,12,0
32,44,0
33,36,0
15,35,0
34,40,0
43,19,0
47,30,0
5,36,0
27,7,0
49,24,0
2,27,0
21,12,0
6,19,0
23,44,0
17,8,0
39,11,0
33,4,0
29,7,0
19,38,0
20,37,0
29,22,0
26,14,0
33,20,0
31,17,0
18,20,0
31,43,0
12,25,0
14,15,0
26,6,0
10,40,0
11,39,0
30,10,0
16,10,0
26,20,0
43,42,0
34,17,0
5,39,0
23,29,0
33,29,0
28,42,0
2,16,0
22,8,0
29,29,0
44,22,0
28,14,0
35,27,0
5,23,0
9,10,0
33,16,0
1,27,0
24,37,0
2,34,0
12,4,0
3,30,0
10,22,0
10,12,0
35,37,0
30,32,0
36,19,0
23,42,0
21,3,0
44,37,0
12,25,0
47,26,0
23,27,0
27,21,0
13,27,0
31,10,0
37,35,0
37,17,0
12,20,0
1,28,0
18,8,0
37,21,0
41,11,0
42,31,0
21,30,0
17,14,0
49,28,0
15,8,0
27,1,0
38,43,0
47,19,0
12,41,0
43,10,0
27,44,0
30,13,0
27,4,0
8,7,0
37,33,0
47,16,0
99,16,1
101,5,1
106,48,1
105,7,1
135,22,1
99,35,1
111,26,1
122,21,1
101,31,1
122,34,1
127,44,1
125,25,1
94,18,1
97,28,1
113,5,1
130,17,1
97,39,1
132,25,1
105,32,1
104,16,1
99,29,1
119,12,1
101,12,1
99,33,1
125,34,1
114,36,1
126,22,1
117,20,1
124,15,1
115,46,1
111,38,1
117,14,1
127,13,1
135,11,1
128,44,1
109,33,1
95,10,1
132,28,1
111,31,1
107,12,1
109,28,1
130,13,1
93,36,1
137,17,1
119,44,1
126,38,1
128,34,1
139,28,1
93,24,1
98,34,1
106,15,1
114,39,1
108,10,1
113,9,1
100,13,1
127,33,1
108,34,1
109,39,1
119,32,1
118,8,1
94,28,1
106,10,1
103,20,1
101,34,1
131,6,1
111,23,1
132,29,1
119,12,1
94,32,1
107,31,1
98,33,1
119,38,1
112,36,1
129,12,1
136,20,1
126,40,1
107,30,1
120,15,1
110,43,1
102,39,1
118,1,1
119,26,1
136,36,1
115,29,1
90,25,1
106,4,1
128,36,1
134,15,1
96,20,1
119,11,1
128,13,1
100,20,1
96,22,1
133,21,1
117,7,1
104,29,1
108,46,1
104,6,1
126,38,1
106,26,1
127,42,1
114,2,1
131,23,1
107,31,1
103,9,1
131,28,1
111,22,1
94,32,1
102,17,1
127,23,1
111,36,1
132,30,1
106,39,1
132,26,1
107,22,1
126,28,1
115,21,1
125,17,1
136,20,1
119,25,1
98,12,1
115,0,1
108,37,1
128,42,1
127,36,1
93,24,1
110,44,1
123,28,1
124,33,1
97,11,1
122,1,1
117,28,1
125,7,1
97,10,1
135,23,1
108,48,1
133,14,1
98,13,1
95,23,1
125,23,1
125,29,1
135,29,1
114,34,1
121,29,1
105,8,1
108,9,1
92,16,1
117,49,1
138,19,1
109,29,1
138,31,1
120,48,1
123,45,1
124,21,1
133,15,1
106,16,1
110,49,1
98,24,1
101,44,1
121,25,1
127,26,1
97,26,1
100,6,1
126,29,1
109,45,1
123,21,1
108,42,1
106,28,1
99,38,1
113,25,1
106,47,1
121,46,1
132,10,1
107,12,1
129,45,1
112,22,1
104,9,1
105,11,1
121,6,1
131,28,1
129,15,1
109,36,1
122,34,1
127,32,1
125,6,1
97,21,1
133,25,1
131,15,1
132,14,1
98,15,1
128,29,1
108,34,1
122,2,1
106,37,1
99,34,1
113,25,1
131,21,1
120,34,1
114,46,1
92,27,1
113,2,1
126,14,1
109,24,1
130,10,1
100,45,1
128,27,1
134,39,1
108,5,1
118,27,1
101,44,1
104,30,1
116,11,1
96,34,1
112,29,1
98,39,1
101,30,1
110,4,1
122,32,1
111,20,1
105,19,1
98,34,1
125,8,1
108,19,1
111,18,1
99,20,1
108,48,1
120,16,1
111,3,1
120,15,1
109,14,1
130,40,1
125,26,1
131,12,1
116,44,1
95,40,1
100,17,1
94,16,1
131,20,1
136,37,1
132,31,1
93,34,1
106,26,1
114,10,1
110,15,1
125,23,1
123,43,1
113,6,1
102,29,1
130,44,1
129,9,1
125,46,1
108,15,1
95,18,1
95,20,1
109,5,1
125,21,1
124,38,1
120,45,1
113,28,1
127,15,1
119,7,1
112,33,1
115,21,1
136,31,1
124,31,1
103,22,1
127,11,1
101,27,1
114,33,1
125,31,1
120,34,1
111,11,1
131,22,1
129,37,1
100,13,1
107,29,1
91,31,1
111,19,1
101,36,1
121,22,1
137,15,1
109,15,1
96,24,1
124,48,1
127,19,1
121,31,1
107,21,1
119,47,1
95,19,1
126,33,1
113,18,1
124,37,1
116,8,1
133,15,1
135,22,1
126,10,1
107,30,1
122,10,1
106,43,1
115,45,1
115,36,1
107,45,1
129,31,1
123,20,1
117,4,1
133,22,1
107,30,1
135,12,1
98,26,1
112,45,1
99,44,1
111,39,1
108,15,1
134,22,1
100,37,1
126,32,1
101,25,1
103,17,1
114,27,1
110,5,1
124,47,1
118,11,1
131,43,1
130,31,1
112,39,1
99,44,1
132,24,1
110,17,1
108,28,1
101,37,1
120,45,1
95,21,1
119,3,1
104,19,1
95,11,1
92,22,1
121,18,1
100,43,1
100,34,1
102,25,1
108,15,1
113,41,1
111,35,1
112,15,1
118,34,1
123,4,1
116,14,1
124,40,1
125,43,1
127,42,1
128,16,1
119,2,1
117,40,1
112,49,1
110,35,1
106,2,1
93,16,1
94,26,1
98,15,1
114,30,1
133,24,1
106,47,1
112,32,1
115,22,1
103,46,1
110,39,1
109,31,1
94,28,1
103,7,1
99,34,1
126,10,1
129,19,1
110,3,1
129,7,1
114,43,1
118,44,1
127,24,1
124,16,1
127,15,1
137,15,1
106,41,1
112,25,1
128,12,1
119,25,1
113,23,1
125,7,1
114,12,1
126,20,1
97,24,1
129,31,1
115,44,1
131,17,1
92,34,1
107,19,1
97,31,1
111,44,1
106,21,1
112,6,1
126,25,1
110,44,1
126,10,1
103,43,1
95,33,1
137,36,1
114,3,1
128,31,1
101,11,1
135,34,1
115,32,1
132,28,1
138,27,1
136,34,1
128,45,1
109,16,1
98,18,1
126,26,1
102,20,1
132,24,1
126,19,1
132,33,1
130,39,1
124,12,1
100,16,1
113,45,1
120,12,1
91,28,1
131,20,1
96,29,1
123,45,1
124,27,1
132,28,1
136,14,1
127,24,1
123,16,1
100,19,1
101,23,1
119,2,1
103,22,1
120,10,1
102,10,1
112,29,1
121,2,1
106,18,1
98,25,1
106,10,1
117,31,1
119,25,1
120,12,1
119,22,1
109,41,1
100,19,1
115,34,1
102,40,1
103,21,1
128,35,1
93,36,1
121,31,1
103,25,1
104,23,1
102,18,1
93,14,1
125,22,1
93,36,1
95,16,1
129,30,1
126,28,1
107,28,1
138,30,1
112,19,1
110,5,1
94,29,1
95,11,1
117,5,1
109,12,1
95,29,1
133,42,1
103,30,1
120,33,1
117,31,1
106,15,1
105,20,1
111,20,1
102,34,1
111,37,1
113,19,1
132,19,1
136,14,1
112,11,1
109,28,1
105,39,1
105,30,1
132,11,1
100,8,1
126,8,1
106,3,1
104,16,1
122,34,1
100,38,1
111,42,1
122,27,1
123,31,1
103,26,1
122,46,1
107,44,1
133,20,1
115,10,1
111,30,1
128,14,1
132,11,1
103,27,1
116,30,1
113,38,1
112,44,1
123,22,1
113,25,1
140,25,1
135,11,1
124,17,1
98,27,1
106,36,1
106,13,1
105,16,1
100,35,1
124,19,1
127,22,1
114,14,1
114,33,1
107,36,1
96,10,1
134,29,1
111,45,1
118,40,1
135,19,1
120,12,1
102,32,1
129,31,1
92,26,1
92,34,1
116,33,1
109,39,1
105,16,1
102,30,1
130,19,1
95,19,1
134,17,1
121,30,1
115,2,1
100,31,1
125,39,1
96,36,1
113,48,1
96,20,1
126,29,1
101,25,1
114,5,1
96,24,1
136,32,1
122,38,1
131,32,1
109,21,1
109,3,1
122,38,1
131,10,1
118,28,1
114,13,1
129,21,1
137,15,1
121,45,1
112,38,1
123,19,1
111,11,1
127,24,1
128,24,1
125,33,1
115,37,1
114,42,1
135,21,1
120,47,1
97,31,1
111,2,1
111,42,1
96,40,1
118,29,1
101,21,1
123,5,1
108,22,1
109,15,1
124,34,1
108,19,1
94,30,1
104,3,1
119,41,1
104,32,1
94,24,1
139,22,1
121,45,1
115,37,1
139,23,1
106,28,1
113,43,1
