37,38,0
8,37,0
13,28,0
18,33,0
35,28,0
22,43,0
24,4,0
23,31,0
32,36,0
25,49,0
42,38,0
26,34,0
26,38,0
4,16,0
11,16,0
21,44,0
38,13,0
45,30,0
21,30,0
42,42,0
14,23,0
11,21,0
29,38,0
17,12,0
36,23,0
36,30,0
18,42,0
26,22,0
27,33,0
44,41,0
23,46,0
26,39,0
25,8,0
36,46,0
35,41,0
21,41,0
17,29,0
19,4,0
38,30,0
32,29,0
7,26,0
6,25,0
41,7,0
28,36,0
30,43,0
7,42,0
41,25,0
16,4,0
25,15,0
4,32,0
35,13,0
22,6,0
14,39,0
46,25,0
18,42,0
20,22,0
6,37,0
49,29,0
25,4,0
12,28,0
1,30,0
38,34,0
4,15,0
9,15,0
45,36,0
22,35,0
23,2,0
23,4,0
25,31,0
32,48,0
35,20,0
23,37,0
18,42,0
30,46,0
9,18,0
25,18,0
28,47,0
41,34,0
16,23,0
6,14,0
21,40,0
27,23,0
27,36,0
32,34,0
25,0,0
16,12,0
6,26,0
23,30,0
20,43,0
9,40,0
14,5,0
18,4,0
11,19,0
31,30,0
7,32,0
29,28,0
14,3,0
38,34,0
19,4,0
6,21,0
38,20,0
42,17,0
25,47,0
19,49,0
12,26,0
32,46,0
37,32,0
37,33,0
40,12,0
45,10,0
34,2,0
46,34,0
41,17,0
18,42,0
12,6,0
5,27,0
2,18,0
38,10,0
6,31,0
16,28,0
20,4,0
29,40,0
28,1,0
20,30,0
35,28,0
25,1,0
21,5,0
28,23,0
19,21,0
34,13,0
9,37,0
11,36,0
15,41,0
17,37,0
44,18,0
15,30,0
14,9,0
31,42,0
26,29,0
18,22,0
17,29,0
27,12,0
21,46,0
48,22,0
31,23,0
41,40,0
31,6,0
24,11,0
26,13,0
43,14,0
20,30,0
28,17,0
22,5,0
29,28,0
28,17,0
41,23,0
8,26,0
29,29,0
8,7,0
9,33,0
30,14,0
6,27,0
42,8,0
24,18,0
35,13,0
49,25,0
44,22,0
3,21,0
23,3,0
37,45,0
2,25,0
3,29,0
21,6,0
6,34,0
9,24,0
17,21,0
15,45,0
37,9,0
24,34,0
42,14,0
33,30,0
38,29,0
3,20,0
16,5,0
33,17,0
22,11,0
17,7,0
12,36,0
43,23,0
4,23,0
32,21,0
43,35,0
28,43,0
42,16,0
16,43,0
25,15,0
30,8,0
42,36,0
15,4,0
43,34,0
20,35,0
40,38,0
21,48,0
14,25,0
39,9,0
11,14,0
4,20,0
20,36,0
2,34,0
27,2,0
9,22,0
40,23,0
9,33,0
32,49,0
43,36,0
7,37,0
7,14,0
4,20,0
13,13,0
4,12,0
21,49,0
3,20,0
23,34,0
37,40,0
17,6,0
9,38,0
39,38,0
17,16,0
42,29,0
27,23,0
23,46,0
24,45,0
23,49,0
34,41,0
3,26,0
22,16,0
20,10,0
40,25,0
11,41,0
9,26,0
12,26,0
30,34,0
34,7,0
10,40,0
18,34,0
40,6,0
29,49,0
39,18,0
22,2,0
1,28,0
21,8,0
18,30,0
26,8,0
34,4,0
3,33,0
20,26,0
30,6,0
19,49,0
41,17,0
2,16,0
23,12,0
29,27,0
22,45,0
36,30,0
49,25,0
7,12,0
31,41,0
21,21,0
9,23,0
3,20,0
36,18,0
29,1,0
18,43,0
41,14,0
41,28,0
32,45,0
28,12,0
45,10,0
23,10,0
31,6,0
7,26,0
28,46,0
4,12,0
25,18,0
15,31,0
34,43,0
24,13,0
38,39,0
9,34,0
24,8,0
21,14,0
7,10,0
40,5,0
16,14,0
35,26,0
14,3,0
19,41,0
16,18,0
45,31,0
14,8,0
15,8,0
30,21,0
15,35,0
22,35,0
34,28,0
34,41,0
33,24,0
15,28,0
35,30,0
14,6,0
32,36,0
11,8,0
29,39,0
39,15,0
6,30,0
29,14,0
37,45,0
21,25,0
3,21,0
43,20,0
1,21,0
34,43,0
13,9,0
24,49,0
30,43,0
43,14,0
19,47,0
48,28,0
35,9,0
37,15,0
37,36,0
41,16,0
31,45,0
18,26,0
42,25,0
33,37,0
16,25,0
26,25,0
31,14,0
38,27,0
24,30,0
27,33,0
43,17,0
16,48,0
25,31,0
20,33,0
49,29,0
32,32,0
35,29,0
31,10,0
8,32,0
19,33,0
33,44,0
26,24,0
45,29,0
23,4,0
18,15,0
28,9,0
21,48,0
37,42,0
5,30,0
4,31,0
12,29,0
21,30,0
25,30,0
32,24,0
23,25,0
28,3,0
48,33,0
31,9,0
24,34,0
33,19,0
14,13,0
24,44,0
25,0,0
5,12,0
14,8,0
42,7,0
20,6,0
5,22,0
35,4,0
18,30,0
49,26,0
40,21,0
11,36,0
15,34,0
26,33,0
38,10,0
6,21,0
21,30,0
28,27,0
19,6,0
28,32,0
30,47,0
37,32,0
22,35,0
33,14,0
23,4,0
32,49,0
12,11,0
113,4,1
113,40,1
98,21,1
130,41,1
111,23,1
115,37,1
117,15,1
129,39,1
103,33,1
101,27,1
135,31,1
121,13,1
108,44,1
113,7,1
96,39,1
128,4,1
115,10,1
111,14,1
118,41,1
128,29,1
101,16,1
116,33,1
126,31,1
129,13,1
129,12,1
131,10,1
104,16,1
121,40,1
108,28,1
116,38,1
130,27,1
112,18,1
109,36,1
117,28,1
115,25,1
95,18,1
120,22,1
101,15,1
104,36,1
138,24,1
91,27,1
112,43,1
113,3,1
114,3,1
139,18,1
104,12,1
111,39,1
97,24,1
131,14,1
131,41,1
120,44,1
127,14,1
116,43,1
109,21,1
110,32,1
98,33,1
103,37,1
100,34,1
137,14,1
121,13,1
113,12,1
110,20,1
108,38,1
106,24,1
93,21,1
137,14,1
116,12,1
108,26,1
107,44,1
124,21,1
129,37,1
137,14,1
111,30,1
100,32,1
103,42,1
105,47,1
135,36,1
139,27,1
123,5,1
96,11,1
138,34,1
129,27,1
110,35,1
93,23,1
122,23,1
108,20,1
126,24,1
111,10,1
117,45,1
119,44,1
116,23,1
110,29,1
108,7,1
110,3,1
113,28,1
103,21,1
116,11,1
132,28,1
106,28,1
105,20,1
130,20,1
92,24,1
122,11,1
107,21,1
108,46,1
115,21,1
118,47,1
107,11,1
105,40,1
119,24,1
102,43,1
113,35,1
109,46,1
108,36,1
105,43,1
102,7,1
109,15,1
121,45,1
131,8,1
122,8,1
115,13,1
117,33,1
128,38,1
107,40,1
122,30,1
130,45,1
113,11,1
127,43,1
138,28,1
118,36,1
131,29,1
130,23,1
133,33,1
135,32,1
97,19,1
113,6,1
112,10,1
115,0,1
125,41,1
129,37,1
106,33,1
112,33,1
129,19,1
138,18,1
104,7,1
108,19,1
121,44,1
99,26,1
132,8,1
104,44,1
131,44,1
127,22,1
129,40,1
102,36,1
122,41,1
134,33,1
101,6,1
123,28,1
127,41,1
121,6,1
101,5,1
110,49,1
115,30,1
103,5,1
118,10,1
130,6,1
122,43,1
110,3,1
106,15,1
121,20,1
119,11,1
110,29,1
91,31,1
124,11,1
120,2,1
131,11,1
128,4,1
116,21,1
102,35,1
128,10,1
102,6,1
114,49,1
119,39,1
129,43,1
123,31,1
133,8,1
103,37,1
101,35,1
128,45,1
99,12,1
115,49,1
110,25,1
122,39,1
126,15,1
122,9,1
104,47,1
119,41,1
97,19,1
104,5,1
111,12,1
133,8,1
108,27,1
114,38,1
109,43,1
124,29,1
124,34,1
114,39,1
121,48,1
125,4,1
136,31,1
129,22,1
131,19,1
101,23,1
118,14,1
130,18,1
118,4,1
110,16,1
123,22,1
128,4,1
115,6,1
96,24,1
116,35,1
127,28,1
119,1,1
96,37,1
102,15,1
131,34,1
134,21,1
116,31,1
122,24,1
131,36,1
100,10,1
130,35,1
115,19,1
114,30,1
107,7,1
117,39,1
128,29,1
134,23,1
116,45,1
121,17,1
125,13,1
102,4,1
134,38,1
116,25,1
103,20,1
109,10,1
137,19,1
109,8,1
113,6,1
123,10,1
120,24,1
110,7,1
94,32,1
96,31,1
136,34,1
134,32,1
121,29,1
113,32,1
110,21,1
102,31,1
92,24,1
102,11,1
134,26,1
115,6,1
133,36,1
99,24,1
119,32,1
100,35,1
130,45,1
113,48,1
117,37,1
117,33,1
97,24,1
111,20,1
132,34,1
99,32,1
101,6,1
91,22,1
104,40,1
138,30,1
126,26,1
106,34,1
106,31,1
106,24,1
124,14,1
110,20,1
135,35,1
117,4,1
127,11,1
94,14,1
122,36,1
95,20,1
112,2,1
119,32,1
104,24,1
129,39,1
103,15,1
110,49,1
124,32,1
98,15,1
116,12,1
115,48,1
107,30,1
135,15,1
100,40,1
105,11,1
129,14,1
127,26,1
128,24,1
102,12,1
120,45,1
91,26,1
98,18,1
118,28,1
98,16,1
127,32,1
135,20,1
101,38,1
98,8,1
104,47,1
107,19,1
126,11,1
137,35,1
104,4,1
120,47,1
110,16,1
101,39,1
113,13,1
102,38,1
123,35,1
108,9,1
123,48,1
133,12,1
106,20,1
100,26,1
131,23,1
130,25,1
126,34,1
134,32,1
130,13,1
105,23,1
105,23,1
105,17,1
98,8,1
105,36,1
129,22,1
109,48,1
117,30,1
108,35,1
96,12,1
122,38,1
104,14,1
119,42,1
105,47,1
113,24,1
107,30,1
139,32,1
109,18,1
93,24,1
118,46,1
109,18,1
93,29,1
121,39,1
108,35,1
114,45,1
128,38,1
130,15,1
136,25,1
111,4,1
117,38,1
97,9,1
103,22,1
100,23,1
106,39,1
97,20,1
113,28,1
105,15,1
108,42,1
133,14,1
108,7,1
103,9,1
111,36,1
135,33,1
99,41,1
118,20,1
105,44,1
132,36,1
110,39,1
119,33,1
100,33,1
123,32,1
122,23,1
116,40,1
129,12,1
133,31,1
117,13,1
95,13,1
108,37,1
114,14,1
108,18,1
134,38,1
128,22,1
119,3,1
94,23,1
107,8,1
97,25,1
134,40,1
134,11,1
101,44,1
113,33,1
101,14,1
104,12,1
98,15,1
113,4,1
107,18,1
120,1,1
108,49,1
94,25,1
112,16,1
113,22,1
119,9,1
94,32,1
136,32,1
130,23,1
123,13,1
138,27,1
102,44,1
108,13,1
112,40,1
128,7,1
117,10,1
128,33,1
114,34,1
96,16,1
113,1,1
102,44,1
108,46,1
94,18,1
121,12,1
130,40,1
113,38,1
127,35,1
102,39,1
126,19,1
109,6,1
96,36,1
105,36,1
100,23,1
104,35,1
105,29,1
134,15,1
125,9,1
115,41,1
108,49,1
137,17,1
111,18,1
114,22,1
124,12,1
131,22,1
121,26,1
133,30,1
117,47,1
134,32,1
103,23,1
109,9,1
119,1,1
114,17,1
103,30,1
118,38,1
127,26,1
137,27,1
132,22,1
120,5,1
107,40,1
123,22,1
105,16,1
104,41,1
131,18,1
113,5,1
110,23,1
122,24,1
102,38,1
95,25,1
95,25,1
130,7,1
128,5,1
108,39,1
110,20,1
119,46,1
138,31,1
94,25,1
140,25,1
138,21,1
105,13,1
132,31,1
110,38,1
123,44,1
103,37,1
116,45,1
112,13,1
95,35,1
103,25,1
111,2,1
138,32,1
108,21,1
111,12,1
137,28,1
114,12,1
130,10,1
122,37,1
123,48,1
97,13,1
93,17,1
94,25,1
136,34,1
109,38,1
115,21,1
98,7,1
104,43,1
99,38,1
122,47,1
114,32,1
102,34,1
107,47,1
124,11,1
103,20,1
102,18,1
136,19,1
102,36,1
111,24,1
117,23,1
101,10,1
118,13,1
118,2,1
127,27,1
122,36,1
101,26,1
115,7,1
134,16,1
124,9,1
95,37,1
114,36,1
124,27,1
117,14,1
126,41,1
110,48,1
118,26,1
117,13,1
108,18,1
116,35,1
112,8,1
127,12,1
135,19,1
116,37,1
125,34,1
100,34,1
118,4,1
104,36,1
124,31,1
99,8,1
129,31,1
114,31,1
125,3,1
134,41,1
96,22,1
110,36,1
136,33,1
92,25,1
129,23,1
114,30,1
102,5,1
103,17,1
133,34,1
108,34,1
133,14,1
132,20,1
127,6,1
115,4,1
105,45,1
107,18,1
132,14,1
132,13,1
105,26,1
126,32,1
108,9,1
117,3,1
122,24,1
118,20,1
128,41,1
119,34,1
116,49,1
136,17,1
112,4,1
97,20,1
123,36,1
130,43,1
127,28,1
96,32,1
103,17,1
