31,42,0
17,35,0
20,43,0
24,32,0
21,7,0
9,35,0
8,29,0
18,46,0
25,15,0
43,30,0
18,3,0
20,12,0
3,28,0
33,34,0
46,16,0
13,5,0
26,5,0
36,42,0
29,29,0
25,45,0
6,31,0
28,38,0
27,28,0
42,43,0
31,45,0
20,19,0
39,43,0
16,20,0
24,45,0
3,20,0
37,10,0
9,27,0
3,35,0
34,20,0
18,14,0
13,14,0
14,25,0
9,13,0
33,3,0
22,29,0
13,29,0
23,16,0
32,28,0
35,4,0
18,48,0
28,32,0
9,30,0
25,23,0
25,46,0
46,20,0
34,10,0
13,8,0
25,15,0
26,15,0
10,34,0
46,36,0
14,5,0
23,4,0
17,24,0
26,37,0
16,20,0
8,33,0
22,30,0
15,28,0
46,35,0
32,33,0
25,12,0
13,26,0
48,24,0
46,34,0
24,30,0
43,41,0
10,39,0
32,2,0
41,11,0
8,22,0
33,41,0
26,28,0
11,5,0
47,36,0
8,8,0
16,20,0
32,24,0
19,37,0
7,21,0
42,34,0
43,15,0
7,30,0
15,23,0
33,31,0
6,28,0
18,33,0
40,7,0
10,9,0
9,26,0
8,41,0
37,14,0
46,30,0
30,48,0
16,36,0
39,37,0
3,24,0
25,4,0
26,28,0
43,29,0
23,18,0
49,29,0
18,44,0
38,28,0
45,40,0
8,29,0
6,24,0
33,19,0
39,28,0
18,48,0
33,31,0
34,23,0
5,30,0
30,33,0
18,10,0
23,24,0
45,36,0
37,24,0
37,13,0
21,37,0
30,15,0
17,26,0
25,43,0
49,21,0
5,14,0
32,13,0
11,27,0
23,35,0
24,28,0
6,36,0
47,25,0
5,11,0
35,30,0
14,8,0
22,10,0
11,25,0
30,21,0
10,17,0
48,27,0
11,26,0
28,48,0
14,18,0
31,35,0
28,12,0
43,24,0
23,45,0
40,24,0
22,35,0
40,29,0
44,30,0
13,33,0
23,11,0
25,13,0
44,38,0
19,48,0
35,3,0
38,38,0
17,33,0
35,39,0
14,33,0
5,28,0
26,38,0
44,10,0
38,19,0
31,44,0
32,17,0
18,5,0
40,15,0
44,39,0
25,26,0
27,3,0
17,47,0
35,16,0
3,18,0
21,40,0
39,16,0
37,44,0
10,9,0
22,29,0
14,14,0
38,21,0
12,31,0
33,2,0
42,38,0
27,27,0
28,7,0
27,40,0
25,13,0
21,15,0
7,34,0
36,39,0
5,11,0
18,10,0
26,9,0
23,33,0
20,3,0
12,15,0
8,12,0
8,20,0
41,19,0
39,25,0
32,20,0
10,44,0
8,38,0
16,19,0
21,36,0
6,20,0
13,10,0
22,41,0
12,39,0
42,24,0
9,15,0
31,3,0
39,31,0
14,34,0
43,30,0
12,42,0
44,29,0
26,36,0
43,19,0
4,35,0
33,24,0
28,35,0
33,48,0
28,43,0
17,6,0
27,49,0
26,14,0
15,33,0
27,29,0
3,34,0
34,4,0
18,45,0
12,44,0
23,45,0
42,22,0
41,42,0
26,43,0
12,46,0
31,36,0
36,46,0
12,32,0
2,17,0
1,28,0
18,1,0
12,7,0
39,7,0
47,34,0
33,39,0
37,45,0
39,40,0
41,27,0
32,41,0
29,4,0
38,39,0
11,21,0
17,37,0
33,45,0
13,10,0
44,25,0
36,6,0
38,9,0
48,25,0
31,46,0
42,33,0
37,5,0
36,35,0
12,4,0
18,43,0
17,45,0
19,37,0
42,36,0
27,44,0
38,43,0
46,33,0
15,24,0
15,25,0
5,14,0
35,9,0
18,12,0
40,6,0
31,36,0
19,10,0
33,42,0
40,39,0
12,27,0
11,40,0
26,23,0
49,19,0
23,21,0
20,9,0
17,43,0
26,28,0
13,7,0
4,25,0
15,29,0
9,31,0
9,10,0
38,38,0
14,35,0
46,17,0
20,6,0
41,8,0
36,23,0
46,28,0
14,6,0
36,26,0
9,39,0
34,5,0
43,35,0
40,39,0
27,44,0
26,8,0
9,27,0
37,39,0
25,10,0
25,30,0
35,45,0
14,10,0
29,40,0
30,40,0
37,38,0
5,16,0
47,14,0
47,14,0
12,26,0
39,40,0
48,34,0
47,22,0
27,38,0
44,16,0
23,10,0
45,30,0
39,15,0
19,23,0
28,40,0
33,9,0
25,12,0
29,39,0
34,6,0
6,34,0
41,30,0
40,10,0
21,21,0
30,13,0
3,27,0
22,15,0
21,18,0
38,9,0
38,18,0
20,48,0
28,32,0
33,20,0
38,26,0
26,11,0
4,15,0
17,43,0
26,46,0
10,42,0
42,38,0
21,30,0
28,38,0
16,8,0
15,23,0
23,12,0
8,15,0
33,10,0
13,44,0
32,24,0
8,31,0
31,17,0
22,9,0
6,9,0
32,15,0
35,9,0
23,42,0
44,18,0
34,4,0
34,37,0
40,44,0
45,11,0
20,17,0
35,8,0
12,26,0
8,7,0
22,29,0
39,45,0
20,10,0
45,33,0
20,35,0
20,49,0
49,23,0
12,15,0
0,25,0
9,8,0
276,9,1
310,24,1
295,16,1
314,15,1
280,43,1
286,8,1
296,47,1
316,13,1
291,25,1
310,12,1
309,31,1
306,42,1
285,29,1
283,8,1
273,23,1
313,20,1
302,43,1
280,30,1
289,27,1
315,21,1
300,8,1
277,30,1
309,13,1
301,3,1
308,11,1
280,28,1
296,18,1
315,22,1
294,14,1
274,36,1
306,47,1
283,13,1
299,26,1
278,35,1
284,32,1
307,14,1
298,35,1
318,18,1
304,15,1
272,29,1
306,16,1
305,9,1
300,16,1
314,29,1
310,36,1
284,11,1
306,39,1
307,14,1
278,34,1
307,30,1
300,33,1
282,5,1
273,21,1
286,12,1
281,23,1
287,30,1
310,25,1
277,21,1
303,18,1
317,14,1
306,9,1
293,12,1
280,40,1
306,29,1
295,38,1
296,19,1
277,23,1
292,39,1
293,7,1
298,18,1
290,24,1
285,28,1
280,13,1
301,20,1
282,42,1
306,7,1
277,17,1
290,22,1
310,39,1
312,41,1
302,7,1
289,16,1
291,5,1
294,46,1
291,19,1
305,37,1
299,20,1
272,30,1
271,31,1
302,23,1
300,23,1
303,10,1
319,26,1
314,18,1
318,20,1
297,38,1
290,1,1
301,15,1
284,41,1
274,23,1
291,40,1
298,40,1
286,29,1
318,23,1
304,25,1
279,43,1
308,4,1
294,49,1
312,11,1
275,10,1
305,3,1
280,6,1
317,15,1
309,23,1
294,49,1
306,6,1
309,7,1
293,7,1
271,27,1
290,11,1
300,3,1
305,25,1
290,26,1
317,32,1
317,26,1
275,16,1
308,30,1
288,19,1
285,35,1
314,16,1
283,25,1
274,19,1
300,42,1
280,9,1
296,5,1
292,49,1
309,37,1
298,33,1
285,4,1
293,32,1
298,4,1
313,39,1
281,14,1
293,11,1
288,30,1
282,5,1
296,2,1
317,15,1
286,35,1
282,38,1
300,1,1
286,23,1
299,14,1
307,22,1
316,21,1
307,30,1
315,20,1
297,19,1
277,15,1
301,49,1
278,37,1
300,44,1
278,33,1
308,37,1
285,22,1
281,38,1
279,20,1
296,20,1
291,21,1
294,19,1
300,13,1
295,2,1
289,34,1
308,27,1
288,29,1
278,28,1
280,7,1
312,9,1
288,12,1
280,27,1
294,1,1
289,11,1
297,37,1
290,8,1
305,25,1
289,16,1
281,21,1
302,9,1
295,37,1
272,28,1
285,10,1
309,18,1
303,38,1
296,6,1
301,16,1
298,33,1
295,24,1
310,42,1
319,30,1
313,12,1
304,17,1
319,24,1
285,33,1
297,10,1
275,33,1
318,21,1
301,25,1
297,32,1
295,43,1
299,11,1
317,29,1
310,31,1
302,18,1
301,21,1
310,30,1
290,46,1
295,10,1
289,6,1
284,16,1
299,39,1
295,19,1
295,41,1
274,20,1
299,40,1
297,17,1
304,3,1
304,5,1
317,31,1
296,44,1
289,15,1
308,18,1
300,26,1
272,23,1
299,21,1
303,6,1
313,10,1
314,37,1
312,35,1
285,44,1
298,33,1
285,28,1
295,7,1
299,1,1
307,17,1
291,34,1
274,35,1
289,9,1
278,42,1
273,34,1
283,9,1
271,19,1
308,34,1
286,10,1
301,37,1
296,41,1
281,17,1
290,14,1
309,40,1
309,45,1
291,15,1
287,44,1
285,6,1
294,2,1
305,24,1
281,11,1
307,26,1
301,12,1
297,6,1
279,34,1
275,35,1
307,29,1
289,33,1
302,20,1
271,18,1
280,29,1
293,36,1
293,26,1
284,39,1
298,11,1
305,27,1
296,17,1
281,17,1
272,16,1
303,47,1
307,41,1
301,20,1
280,45,1
288,37,1
315,38,1
277,27,1
286,20,1
286,17,1
286,15,1
302,22,1
310,25,1
295,11,1
318,33,1
284,9,1
299,17,1
284,28,1
277,23,1
284,36,1
297,26,1
287,43,1
282,29,1
310,37,1
290,19,1
307,22,1
311,17,1
301,8,1
314,33,1
299,6,1
296,30,1
282,30,1
284,5,1
290,15,1
308,32,1
301,39,1
287,9,1
281,43,1
275,27,1
282,24,1
297,6,1
281,18,1
283,15,1
309,15,1
297,34,1
304,36,1
305,43,1
290,30,1
300,45,1
286,47,1
299,4,1
281,11,1
305,16,1
306,16,1
284,13,1
310,41,1
282,9,1
285,8,1
293,18,1
279,23,1
298,16,1
302,6,1
274,38,1
301,13,1
304,39,1
300,26,1
294,21,1
273,23,1
294,2,1
302,19,1
296,28,1
288,31,1
312,9,1
296,33,1
295,7,1
300,13,1
318,34,1
288,18,1
291,13,1
276,15,1
309,44,1
287,36,1
294,15,1
303,37,1
279,43,1
310,40,1
299,30,1
285,16,1
285,25,1
296,39,1
272,21,1
302,29,1
289,30,1
281,42,1
304,10,1
314,13,1
316,33,1
303,11,1
298,29,1
273,19,1
273,35,1
285,23,1
299,27,1
278,7,1
274,17,1
314,31,1
296,34,1
283,9,1
303,22,1
313,10,1
310,43,1
277,11,1
280,30,1
299,19,1
285,31,1
313,22,1
306,37,1
305,10,1
302,43,1
276,27,1
276,29,1
278,13,1
315,36,1
302,30,1
313,23,1
297,32,1
317,29,1
287,48,1
308,23,1
312,12,1
310,41,1
314,37,1
280,31,1
308,46,1
290,19,1
307,8,1
285,44,1
286,46,1
290,49,1
285,38,1
311,31,1
308,9,1
298,9,1
302,11,1
287,16,1
314,28,1
306,45,1
309,45,1
301,33,1
278,30,1
285,15,1
283,8,1
318,17,1
310,13,1
302,31,1
290,42,1
293,32,1
304,28,1
297,8,1
281,28,1
304,18,1
292,16,1
294,29,1
284,17,1
288,11,1
291,11,1
274,22,1
298,3,1
302,17,1
307,43,1
283,43,1
278,37,1
291,18,1
302,49,1
285,42,1
280,15,1
317,26,1
310,44,1
309,18,1
296,18,1
300,25,1
317,22,1
276,16,1
292,5,1
288,16,1
293,46,1
310,11,1
300,11,1
297,42,1
314,37,1
314,23,1
294,32,1
277,9,1
296,49,1
284,44,1
312,31,1
299,22,1
301,44,1
271,19,1
282,10,1
304,9,1
307,25,1
285,31,1
280,43,1
281,41,1
308,41,1
297,37,1
293,47,1
275,23,1
274,15,1
273,29,1
284,38,1
301,38,1
285,38,1
288,11,1
300,26,1
296,39,1
293,2,1
287,27,1
294,28,1
292,22,1
273,36,1
275,35,1
291,19,1
297,40,1
287,8,1
301,26,1
316,18,1
283,39,1
288,19,1
303,12,1
286,22,1
276,32,1
303,38,1
287,4,1
292,4,1
294,39,1
314,21,1
300,27,1
271,21,1
288,3,1
307,5,1
300,22,1
303,36,1
285,21,1
298,17,1
283,12,1
314,25,1
294,20,1
307,31,1
300,39,1
280,11,1
315,38,1
307,15,1
296,2,1
274,24,1
316,23,1
292,12,1
292,10,1
303,27,1
297,37,1
288,16,1
291,25,1
298,49,1
289,3,1
311,22,1
294,22,1
296,40,1
308,25,1
275,17,1
280,11,1
315,25,1
300,19,1
281,40,1
279,19,1
316,15,1
312,17,1
309,44,1
315,29,1
314,18,1
305,25,1
294,24,1
285,23,1
292,34,1
278,43,1
300,43,1
314,22,1
308,13,1
278,8,1
304,22,1
308,32,1
280,33,1
293,4,1
308,15,1
313,20,1
297,44,1
303,34,1
279,8,1
281,23,1
309,6,1
303,17,1
304,26,1
293,25,1
296,26,1
306,14,1
315,34,1
273,29,1
272,32,1
303,29,1
284,6,1
289,22,1
279,36,1
310,12,1
281,20,1
312,8,1
294,37,1
285,16,1
286,2,1
