26,39,0
25,43,0
27,40,0
9,35,0
18,15,0
24,33,0
32,31,0
18,14,0
10,34,0
29,23,0
46,14,0
29,42,0
33,30,0
35,38,0
36,33,0
43,8,0
4,37,0
40,12,0
28,4,0
28,3,0
12,41,0
16,2,0
23,1,0
33,38,0
32,4,0
42,24,0
23,25,0
37,39,0
25,34,0
38,28,0
19,48,0
18,49,0
19,36,0
26,9,0
4,21,0
34,36,0
2,25,0
40,17,0
35,6,0
39,21,0
36,10,0
31,4,0
23,3,0
10,10,0
45,39,0
33,44,0
5,15,0
10,24,0
24,29,0
34,4,0
2,19,0
44,39,0
15,47,0
36,18,0
12,22,0
3,27,0
36,33,0
18,46,0
29,30,0
33,19,0
26,35,0
48,25,0
30,35,0
22,1,0
13,17,0
19,46,0
7,25,0
37,40,0
20,21,0
17,25,0
6,33,0
41,21,0
19,11,0
8,14,0
14,35,0
33,23,0
43,21,0
31,8,0
18,2,0
23,41,0
40,27,0
35,4,0
23,22,0
23,21,0
7,13,0
29,9,0
29,42,0
44,37,0
13,16,0
25,40,0
25,23,0
3,18,0
35,11,0
2,30,0
33,11,0
29,49,0
31,5,0
34,43,0
6,16,0
45,13,0
41,18,0
32,19,0
21,15,0
30,20,0
14,14,0
20,13,0
37,15,0
29,43,0
25,24,0
31,9,0
28,37,0
31,45,0
6,9,0
21,23,0
12,29,0
42,18,0
29,14,0
3,27,0
25,45,0
25,16,0
28,47,0
4,16,0
29,22,0
8,18,0
1,22,0
26,7,0
10,33,0
19,43,0
17,11,0
14,34,0
44,38,0
23,14,0
35,43,0
3,16,0
29,27,0
6,19,0
25,29,0
35,17,0
32,22,0
22,19,0
13,20,0
47,26,0
36,36,0
31,15,0
33,22,0
2,34,0
37,18,0
37,32,0
21,30,0
27,30,0
4,21,0
17,30,0
37,36,0
25,41,0
8,30,0
32,27,0
33,20,0
12,27,0
29,42,0
42,7,0
8,27,0
12,30,0
23,18,0
31,17,0
16,5,0
37,37,0
19,41,0
17,25,0
20,7,0
34,2,0
26,39,0
40,7,0
39,26,0
29,27,0
21,10,0
49,21,0
28,17,0
11,7,0
31,3,0
23,22,0
9,39,0
44,12,0
34,3,0
29,33,0
15,47,0
14,6,0
30,46,0
12,31,0
44,18,0
1,30,0
17,32,0
37,28,0
20,5,0
38,15,0
48,26,0
34,2,0
13,6,0
12,8,0
7,27,0
46,16,0
34,3,0
35,23,0
22,8,0
41,10,0
38,9,0
19,20,0
28,22,0
27,40,0
22,49,0
44,35,0
41,15,0
15,47,0
27,44,0
11,45,0
9,14,0
25,44,0
29,26,0
16,30,0
14,26,0
11,40,0
28,24,0
29,2,0
11,19,0
27,3,0
47,34,0
39,33,0
30,39,0
27,31,0
17,25,0
42,28,0
19,49,0
37,40,0
48,27,0
31,17,0
10,41,0
26,14,0
26,19,0
28,24,0
43,40,0
4,20,0
18,16,0
48,29,0
12,27,0
29,44,0
8,18,0
36,6,0
37,44,0
31,21,0
27,2,0
33,5,0
4,16,0
42,39,0
21,15,0
41,36,0
9,19,0
25,20,0
23,38,0
46,12,0
23,4,0
42,16,0
27,23,0
26,32,0
4,23,0
15,47,0
22,44,0
12,32,0
40,21,0
45,20,0
6,36,0
41,23,0
9,13,0
31,47,0
38,37,0
19,47,0
24,3,0
16,17,0
26,12,0
29,30,0
16,20,0
10,5,0
32,11,0
34,27,0
15,40,0
23,20,0
37,33,0
20,3,0
37,18,0
25,2,0
31,26,0
26,35,0
20,41,0
22,49,0
37,10,0
20,21,0
3,14,0
32,9,0
34,17,0
39,14,0
2,33,0
18,49,0
37,20,0
8,17,0
47,20,0
18,33,0
6,37,0
37,14,0
16,32,0
24,14,0
27,16,0
25,20,0
28,8,0
14,44,0
30,47,0
27,11,0
33,8,0
37,33,0
8,36,0
25,42,0
19,26,0
29,21,0
43,15,0
6,29,0
22,11,0
34,37,0
42,9,0
23,4,0
5,37,0
6,11,0
25,16,0
13,33,0
27,30,0
48,21,0
30,41,0
17,32,0
40,8,0
28,2,0
17,44,0
26,18,0
42,27,0
27,22,0
31,10,0
32,13,0
30,24,0
19,47,0
19,43,0
12,21,0
21,16,0
45,38,0
8,7,0
29,29,0
46,34,0
3,18,0
45,27,0
42,42,0
16,48,0
40,7,0
21,13,0
25,40,0
35,36,0
45,33,0
31,34,0
30,24,0
15,47,0
25,18,0
34,13,0
40,16,0
8,37,0
34,15,0
43,25,0
40,8,0
31,41,0
13,22,0
29,43,0
7,38,0
1,18,0
23,11,0
41,38,0
8,19,0
15,24,0
7,30,0
7,18,0
37,37,0
11,40,0
44,20,0
12,43,0
33,46,0
26,6,0
22,3,0
17,29,0
34,3,0
30,15,0
37,18,0
28,37,0
22,47,0
12,33,0
18,4,0
18,5,0
45,32,0
10,6,0
3,24,0
109,41,1
96,19,1
120,17,1
100,28,1
116,13,1
106,42,1
87,36,1
119,6,1
96,26,1
114,17,1
105,14,1
103,6,1
112,16,1
96,12,1
125,36,1
83,25,1
103,17,1
86,9,1
113,48,1
117,17,1
122,12,1
94,9,1
113,35,1
92,38,1
111,4,1
110,3,1
117,44,1
94,43,1
119,19,1
87,39,1
113,22,1
115,16,1
89,38,1
95,21,1
118,31,1
119,17,1
87,34,1
123,12,1
99,2,1
119,40,1
125,39,1
85,33,1
102,42,1
99,2,1
96,46,1
114,25,1
101,42,1
112,30,1
91,14,1
96,32,1
100,40,1
122,40,1
110,47,1
116,19,1
112,30,1
95,42,1
99,34,1
87,39,1
95,34,1
100,41,1
117,19,1
97,5,1
102,6,1
121,8,1
123,21,1
90,38,1
83,35,1
112,32,1
124,30,1
91,32,1
111,22,1
99,23,1
94,38,1
124,20,1
129,28,1
110,10,1
99,47,1
115,25,1
108,22,1
104,21,1
100,27,1
112,37,1
93,26,1
96,38,1
124,9,1
101,37,1
118,37,1
119,24,1
104,40,1
112,21,1
117,5,1
106,40,1
129,27,1
89,22,1
113,7,1
123,26,1
105,38,1
97,8,1
114,6,1
113,34,1
121,20,1
104,6,1
86,26,1
102,36,1
98,10,1
100,31,1
110,28,1
101,44,1
99,42,1
89,39,1
124,11,1
97,20,1
86,40,1
92,12,1
88,35,1
95,11,1
85,36,1
89,34,1
85,15,1
110,48,1
111,37,1
93,34,1
96,40,1
111,48,1
118,43,1
98,18,1
109,3,1
109,19,1
109,48,1
98,49,1
104,46,1
107,5,1
89,13,1
128,33,1
104,34,1
100,42,1
129,23,1
101,15,1
98,10,1
120,39,1
121,9,1
97,7,1
118,7,1
93,30,1
99,39,1
112,42,1
88,37,1
121,37,1
109,27,1
115,23,1
109,4,1
121,38,1
109,14,1
103,42,1
90,8,1
107,16,1
84,26,1
94,6,1
115,36,1
96,2,1
82,21,1
95,16,1
103,21,1
102,18,1
101,2,1
90,12,1
110,20,1
102,19,1
92,13,1
81,31,1
88,14,1
113,44,1
110,30,1
122,28,1
89,19,1
101,32,1
110,22,1
94,22,1
102,46,1
105,15,1
106,5,1
123,35,1
88,29,1
115,45,1
120,30,1
87,10,1
91,32,1
87,17,1
128,21,1
88,25,1
118,30,1
101,41,1
101,22,1
108,24,1
105,48,1
92,37,1
88,16,1
100,12,1
127,23,1
104,44,1
110,38,1
91,36,1
104,27,1
119,30,1
114,29,1
113,10,1
91,20,1
109,26,1
89,19,1
103,10,1
104,26,1
84,29,1
121,29,1
112,22,1
106,44,1
82,21,1
122,16,1
101,1,1
94,13,1
119,13,1
113,21,1
122,24,1
111,4,1
105,37,1
81,26,1
90,38,1
125,18,1
118,35,1
102,45,1
100,27,1
121,19,1
99,49,1
101,40,1
107,41,1
100,5,1
107,9,1
91,43,1
88,15,1
84,30,1
123,35,1
92,15,1
103,39,1
97,44,1
89,24,1
87,35,1
117,28,1
113,8,1
107,8,1
88,43,1
93,26,1
85,22,1
85,25,1
95,44,1
112,23,1
85,37,1
86,25,1
123,33,1
91,41,1
120,21,1
111,4,1
115,44,1
95,35,1
85,14,1
91,14,1
123,25,1
125,33,1
88,12,1
121,7,1
93,25,1
107,33,1
101,43,1
113,43,1
109,49,1
86,26,1
94,46,1
125,16,1
85,16,1
102,41,1
126,16,1
96,47,1
103,28,1
102,15,1
111,38,1
90,42,1
86,9,1
103,40,1
127,15,1
106,45,1
93,38,1
105,14,1
125,31,1
88,27,1
93,13,1
106,47,1
88,21,1
108,32,1
114,34,1
117,20,1
105,44,1
103,44,1
99,18,1
102,6,1
98,11,1
109,1,1
102,46,1
117,5,1
94,42,1
108,8,1
102,44,1
115,38,1
91,21,1
90,5,1
119,42,1
87,23,1
105,12,1
111,45,1
88,9,1
124,33,1
110,46,1
119,29,1
100,44,1
120,36,1
107,15,1
94,22,1
100,27,1
108,1,1
84,33,1
91,27,1
104,30,1
129,32,1
89,6,1
111,49,1
125,14,1
114,17,1
89,23,1
106,40,1
90,37,1
123,17,1
112,13,1
81,22,1
88,21,1
98,34,1
89,13,1
99,32,1
106,13,1
106,37,1
112,36,1
94,39,1
92,43,1
104,17,1
110,38,1
90,19,1
111,15,1
91,22,1
81,21,1
114,10,1
113,4,1
89,21,1
101,49,1
110,8,1
93,45,1
100,46,1
91,6,1
114,30,1
95,8,1
97,33,1
116,37,1
99,36,1
119,26,1
100,8,1
86,39,1
84,12,1
123,27,1
129,24,1
86,25,1
113,32,1
108,3,1
117,35,1
88,27,1
105,6,1
107,25,1
96,43,1
113,9,1
97,4,1
94,4,1
122,33,1
94,26,1
98,37,1
109,38,1
103,13,1
128,32,1
126,33,1
90,32,1
99,30,1
104,2,1
88,37,1
97,4,1
121,14,1
120,19,1
100,34,1
112,35,1
116,27,1
90,22,1
118,25,1
92,26,1
81,30,1
123,38,1
84,17,1
98,24,1
104,11,1
102,44,1
107,31,1
88,17,1
109,2,1
86,33,1
88,12,1
90,41,1
117,19,1
99,8,1
87,22,1
101,44,1
114,14,1
102,4,1
109,21,1
102,31,1
110,25,1
118,36,1
93,7,1
121,7,1
112,22,1
82,17,1
124,19,1
115,46,1
109,28,1
101,33,1
110,24,1
89,11,1
85,16,1
92,44,1
87,21,1
91,11,1
94,19,1
97,22,1
109,24,1
89,13,1
116,32,1
120,23,1
107,38,1
118,34,1
81,27,1
109,43,1
96,13,1
123,38,1
94,40,1
109,26,1
99,3,1
111,11,1
103,16,1
109,9,1
100,7,1
98,35,1
92,16,1
89,31,1
84,34,1
111,7,1
109,25,1
104,19,1
97,43,1
86,19,1
84,16,1
85,38,1
101,9,1
97,17,1
97,33,1
117,39,1
91,9,1
99,44,1
97,12,1
87,38,1
90,11,1
99,5,1
109,11,1
108,8,1
120,5,1
115,21,1
84,32,1
95,28,1
119,20,1
106,48,1
124,25,1
99,15,1
118,8,1
114,10,1
126,34,1
90,31,1
96,25,1
96,43,1
98,32,1
121,17,1
94,42,1
109,46,1
83,20,1
108,8,1
97,39,1
103,20,1
99,24,1
84,34,1
123,40,1
94,21,1
91,31,1
99,42,1
107,6,1
92,27,1
88,28,1
115,29,1
125,24,1
112,14,1
106,8,1
106,4,1
101,38,1
103,36,1
108,13,1
85,18,1
97,27,1
86,18,1
96,21,1
107,7,1
104,6,1
81,30,1
98,9,1
109,15,1
117,5,1
100,27,1
123,39,1
102,4,1
122,38,1
100,7,1
113,25,1
102,21,1
89,37,1
117,33,1
88,11,1
105,46,1
125,23,1
84,13,1
98,16,1
113,30,1
101,26,1
127,16,1
89,39,1
102,26,1
97,31,1
97,9,1
115,4,1
98,16,1
129,26,1
111,37,1
112,46,1
113,3,1
93,31,1
92,9,1
124,26,1
86,18,1
116,43,1
107,6,1
110,14,1
106,38,1
120,11,1
112,31,1
88,28,1
123,31,1
92,43,1
101,42,1
97,24,1
119,29,1
102,21,1
113,12,1
129,32,1
116,30,1
106,30,1
87,13,1
122,39,1
92,4,1
115,8,1
99,26,1
87,24,1
106,16,1
116,13,1
86,39,1
128,32,1
102,3,1
99,30,1
128,17,1
121,18,1
112,29,1
93,6,1
113,15,1
99,13,1
110,12,1
103,13,1
