37,35,0
1,30,0
8,23,0
30,35,0
44,9,0
20,16,0
2,31,0
3,17,0
34,5,0
17,26,0
43,41,0
39,42,0
11,9,0
18,29,0
17,20,0
29,22,0
30,2,0
27,26,0
24,49,0
26,46,0
42,31,0
34,3,0
2,33,0
35,31,0
27,45,0
16,10,0
11,37,0
13,4,0
24,36,0
49,22,0
27,44,0
35,37,0
30,35,0
41,14,0
17,36,0
14,43,0
16,47,0
36,5,0
29,27,0
22,18,0
9,16,0
26,43,0
40,36,0
22,24,0
14,16,0
32,43,0
41,43,0
40,14,0
15,8,0
2,34,0
27,34,0
36,16,0
33,23,0
15,24,0
34,41,0
8,11,0
27,5,0
31,34,0
8,32,0
27,27,0
15,24,0
29,24,0
18,29,0
5,30,0
10,5,0
18,31,0
21,36,0
33,41,0
37,40,0
10,37,0
41,18,0
24,37,0
30,22,0
6,16,0
16,20,0
20,29,0
21,27,0
13,21,0
16,17,0
37,15,0
31,5,0
44,24,0
9,32,0
18,46,0
43,18,0
33,44,0
17,10,0
25,32,0
40,29,0
18,30,0
43,21,0
2,26,0
9,18,0
32,33,0
27,3,0
8,25,0
11,25,0
48,25,0
27,4,0
21,10,0
17,14,0
44,37,0
4,21,0
19,15,0
29,34,0
25,6,0
23,6,0
37,5,0
43,33,0
8,39,0
37,6,0
27,16,0
24,30,0
27,37,0
35,38,0
17,30,0
45,18,0
43,29,0
29,15,0
3,25,0
26,39,0
33,37,0
48,17,0
26,16,0
29,41,0
37,39,0
21,11,0
7,27,0
17,35,0
11,34,0
28,19,0
43,9,0
18,42,0
37,20,0
4,36,0
8,28,0
12,29,0
11,29,0
33,18,0
37,37,0
46,25,0
38,21,0
37,19,0
35,3,0
25,9,0
31,33,0
5,35,0
35,42,0
19,4,0
31,21,0
41,31,0
18,23,0
35,4,0
44,18,0
30,9,0
13,17,0
9,26,0
32,12,0
45,21,0
24,15,0
9,16,0
8,41,0
20,33,0
25,7,0
8,22,0
22,37,0
31,20,0
34,21,0
23,45,0
15,40,0
14,5,0
9,40,0
29,44,0
29,31,0
27,6,0
24,49,0
1,25,0
38,20,0
32,18,0
15,21,0
12,40,0
30,28,0
44,25,0
10,17,0
45,35,0
44,15,0
30,5,0
30,34,0
3,21,0
25,30,0
29,24,0
39,27,0
21,10,0
19,30,0
32,37,0
36,10,0
49,20,0
13,33,0
11,8,0
40,19,0
40,34,0
32,11,0
25,17,0
13,15,0
29,25,0
16,12,0
6,33,0
28,41,0
29,26,0
35,12,0
24,14,0
15,19,0
31,38,0
41,22,0
38,22,0
41,24,0
18,41,0
22,41,0
27,48,0
18,7,0
9,18,0
24,35,0
17,4,0
1,19,0
34,19,0
41,36,0
40,13,0
20,28,0
18,15,0
21,36,0
39,32,0
2,30,0
16,22,0
27,39,0
7,24,0
27,34,0
24,18,0
25,14,0
16,46,0
29,14,0
20,32,0
43,17,0
11,30,0
30,22,0
5,28,0
19,43,0
39,31,0
3,22,0
16,27,0
10,5,0
30,24,0
27,10,0
9,32,0
27,39,0
32,21,0
4,22,0
27,12,0
13,21,0
10,31,0
46,26,0
36,29,0
36,31,0
21,28,0
14,34,0
13,13,0
20,6,0
36,6,0
31,19,0
28,22,0
39,25,0
2,34,0
26,4,0
15,38,0
27,47,0
48,27,0
31,24,0
23,28,0
7,34,0
34,44,0
37,14,0
18,17,0
4,24,0
12,18,0
29,43,0
40,38,0
31,40,0
10,17,0
28,25,0
27,48,0
34,4,0
35,45,0
36,46,0
12,27,0
37,22,0
26,15,0
2,26,0
32,30,0
25,8,0
40,7,0
10,19,0
35,3,0
30,38,0
10,31,0
31,34,0
38,23,0
30,2,0
16,9,0
33,18,0
12,42,0
13,33,0
29,2,0
36,27,0
32,27,0
16,12,0
25,4,0
5,39,0
28,20,0
44,15,0
36,45,0
14,46,0
47,25,0
28,25,0
33,43,0
9,11,0
25,48,0
28,25,0
19,36,0
19,45,0
38,44,0
31,15,0
16,32,0
18,25,0
40,13,0
18,48,0
16,17,0
32,43,0
32,6,0
14,39,0
48,24,0
16,24,0
34,9,0
6,22,0
32,7,0
42,33,0
9,18,0
31,31,0
45,12,0
17,13,0
34,31,0
41,23,0
43,8,0
39,32,0
43,24,0
19,40,0
14,38,0
23,18,0
35,40,0
4,15,0
40,26,0
2,26,0
36,38,0
18,45,0
18,31,0
25,41,0
1,30,0
35,19,0
48,22,0
7,38,0
7,25,0
14,19,0
28,12,0
46,34,0
13,45,0
42,17,0
12,43,0
29,42,0
34,40,0
34,4,0
35,26,0
42,12,0
32,46,0
31,48,0
19,40,0
13,31,0
13,27,0
18,46,0
20,38,0
28,2,0
16,36,0
15,38,0
4,34,0
11,32,0
14,22,0
29,12,0
18,5,0
14,39,0
27,9,0
27,35,0
19,36,0
29,44,0
300,41,1
284,16,1
292,4,1
306,3,1
307,8,1
302,37,1
274,19,1
299,16,1
291,6,1
293,36,1
312,38,1
273,21,1
304,4,1
277,18,1
292,18,1
310,10,1
282,28,1
284,7,1
315,17,1
288,4,1
302,25,1
293,15,1
310,5,1
298,33,1
289,20,1
295,24,1
292,6,1
310,8,1
283,22,1
308,27,1
295,50,1
300,42,1
295,10,1
288,48,1
312,11,1
319,26,1
288,6,1
300,48,1
299,23,1
297,11,1
304,30,1
296,22,1
314,27,1
282,30,1
308,17,1
284,27,1
315,20,1
287,35,1
306,13,1
284,21,1
294,39,1
278,12,1
289,39,1
308,4,1
292,12,1
304,27,1
318,30,1
283,9,1
298,23,1
305,21,1
282,5,1
314,11,1
301,5,1
285,31,1
276,29,1
277,16,1
277,42,1
305,3,1
315,33,1
288,12,1
289,27,1
294,30,1
290,39,1
297,18,1
292,40,1
279,18,1
307,9,1
319,23,1
285,9,1
271,19,1
294,45,1
303,6,1
307,16,1
288,19,1
297,20,1
287,4,1
309,22,1
285,45,1
304,27,1
290,26,1
272,28,1
281,14,1
311,26,1
308,31,1
310,27,1
289,28,1
282,25,1
288,10,1
300,25,1
308,39,1
318,33,1
279,33,1
309,43,1
286,34,1
298,24,1
301,3,1
289,37,1
284,29,1
287,21,1
275,10,1
293,10,1
282,10,1
286,34,1
288,9,1
315,37,1
279,19,1
291,30,1
311,15,1
311,29,1
271,24,1
302,7,1
289,4,1
289,23,1
294,16,1
284,8,1
294,18,1
277,24,1
285,17,1
288,15,1
283,46,1
312,18,1
295,35,1
297,11,1
279,17,1
312,12,1
275,20,1
304,13,1
287,41,1
310,21,1
318,31,1
278,42,1
277,21,1
288,20,1
311,44,1
296,3,1
298,22,1
309,16,1
288,29,1
278,20,1
299,4,1
284,32,1
292,20,1
295,5,1
307,4,1
298,13,1
306,42,1
286,30,1
318,32,1
291,15,1
295,35,1
292,27,1
291,9,1
286,36,1
303,37,1
298,3,1
292,32,1
310,43,1
277,38,1
273,23,1
279,35,1
308,7,1
285,9,1
283,7,1
318,34,1
279,43,1
319,27,1
303,44,1
287,10,1
296,23,1
316,25,1
295,42,1
285,39,1
307,27,1
276,13,1
288,4,1
282,11,1
315,24,1
305,8,1
281,31,1
292,28,1
309,7,1
309,8,1
277,11,1
276,34,1
286,23,1
273,24,1
286,33,1
299,36,1
313,30,1
295,6,1
312,22,1
315,17,1
311,29,1
301,5,1
301,20,1
306,24,1
308,22,1
301,48,1
297,49,1
310,25,1
318,20,1
313,32,1
278,10,1
278,26,1
297,34,1
294,45,1
305,14,1
281,45,1
318,33,1
313,36,1
279,34,1
283,30,1
274,31,1
309,7,1
317,23,1
286,12,1
298,1,1
271,24,1
286,42,1
289,21,1
289,31,1
298,18,1
297,6,1
303,46,1
295,19,1
296,37,1
307,32,1
312,43,1
287,4,1
319,20,1
298,31,1
289,30,1
300,20,1
290,13,1
291,30,1
286,8,1
286,34,1
294,46,1
305,11,1
293,37,1
306,25,1
292,8,1
292,1,1
284,47,1
299,4,1
308,31,1
284,44,1
288,8,1
310,28,1
302,35,1
289,2,1
278,18,1
306,22,1
302,33,1
306,12,1
276,32,1
308,29,1
294,20,1
301,30,1
311,24,1
307,39,1
306,46,1
291,1,1
289,18,1
300,46,1
280,25,1
311,40,1
303,48,1
292,12,1
271,31,1
292,36,1
296,11,1
288,2,1
299,27,1
277,38,1
307,30,1
272,23,1
291,6,1
293,11,1
286,8,1
287,34,1
317,19,1
299,45,1
315,10,1
278,29,1
313,13,1
290,17,1
298,48,1
306,45,1
304,31,1
281,44,1
271,32,1
295,45,1
305,39,1
276,11,1
284,20,1
291,3,1
282,28,1
302,19,1
277,32,1
284,45,1
287,10,1
294,26,1
300,5,1
294,11,1
294,7,1
308,44,1
303,27,1
287,3,1
309,25,1
286,24,1
292,3,1
312,29,1
272,21,1
280,42,1
300,3,1
304,7,1
273,30,1
296,41,1
301,45,1
293,10,1
295,23,1
303,41,1
316,25,1
300,21,1
299,32,1
283,24,1
304,42,1
276,19,1
279,21,1
301,18,1
305,12,1
301,46,1
286,41,1
305,19,1
295,35,1
290,40,1
274,14,1
294,43,1
295,13,1
294,44,1
302,16,1
291,13,1
281,39,1
304,33,1
315,39,1
291,33,1
302,26,1
289,21,1
286,23,1
288,3,1
272,21,1
288,41,1
316,20,1
300,42,1
299,43,1
296,21,1
300,6,1
301,16,1
288,39,1
286,34,1
281,12,1
298,34,1
291,47,1
278,29,1
285,7,1
288,35,1
302,6,1
309,35,1
277,23,1
298,17,1
301,43,1
317,20,1
281,30,1
298,45,1
274,22,1
290,4,1
294,38,1
312,11,1
294,30,1
295,4,1
312,19,1
304,16,1
299,20,1
288,19,1
286,34,1
305,22,1
311,9,1
274,33,1
313,32,1
285,40,1
312,8,1
278,11,1
302,24,1
303,48,1
287,40,1
305,12,1
273,27,1
290,1,1
288,35,1
315,16,1
284,26,1
307,25,1
301,41,1
272,22,1
296,15,1
283,33,1
289,11,1
316,20,1
303,48,1
298,5,1
284,14,1
311,41,1
294,1,1
310,10,1
282,15,1
290,48,1
291,4,1
299,47,1
281,23,1
299,31,1
317,29,1
305,28,1
297,40,1
294,9,1
274,12,1
291,28,1
279,13,1
287,35,1
315,11,1
287,38,1
300,48,1
284,37,1
277,15,1
276,32,1
302,42,1
286,24,1
293,12,1
282,39,1
299,21,1
282,33,1
302,6,1
296,19,1
278,18,1
289,36,1
288,9,1
308,19,1
315,25,1
293,2,1
272,18,1
297,22,1
286,48,1
313,24,1
296,40,1
310,22,1
276,25,1
301,6,1
317,26,1
298,5,1
306,32,1
272,16,1
291,20,1
297,47,1
301,10,1
282,28,1
291,34,1
296,8,1
305,6,1
302,31,1
287,9,1
295,30,1
293,3,1
298,23,1
308,31,1
280,7,1
306,24,1
274,37,1
318,31,1
311,11,1
289,12,1
304,16,1
286,6,1
312,28,1
292,23,1
280,15,1
309,23,1
289,11,1
310,10,1
289,27,1
294,20,1
291,8,1
300,43,1
317,23,1
276,23,1
316,20,1
303,13,1
310,31,1
276,11,1
302,38,1
301,30,1
295,30,1
273,19,1
297,41,1
313,15,1
313,31,1
273,22,1
291,16,1
310,42,1
296,20,1
304,15,1
296,7,1
303,10,1
296,32,1
299,42,1
314,25,1
306,13,1
293,34,1
315,18,1
290,49,1
290,28,1
284,40,1
281,44,1
314,18,1
303,46,1
308,7,1
293,42,1
285,32,1
289,23,1
317,36,1
318,23,1
285,17,1
299,34,1
281,11,1
289,26,1
277,36,1
276,10,1
306,8,1
307,39,1
288,18,1
298,37,1
312,16,1
297,29,1
307,19,1
290,7,1
310,9,1
280,31,1
279,40,1
315,15,1
296,45,1
294,22,1
310,29,1
294,41,1
291,44,1
314,29,1
315,20,1
275,27,1
287,48,1
280,28,1
306,34,1
309,20,1
281,39,1
279,33,1
298,22,1
284,3,1
309,8,1
289,21,1
272,34,1
312,19,1
303,23,1
270,25,1
302,48,1
277,25,1
317,36,1
297,6,1
295,50,1
302,9,1
318,19,1
311,43,1
299,13,1
313,19,1
292,37,1
281,35,1
283,12,1
307,35,1
297,23,1
291,15,1
311,34,1
299,16,1
300,38,1
281,24,1
