45,13,0
41,16,0
5,26,0
7,10,0
35,20,0
43,34,0
40,20,0
36,40,0
10,26,0
33,16,0
28,42,0
30,41,0
30,24,0
22,28,0
39,6,0
33,46,0
46,25,0
34,19,0
8,43,0
23,8,0
16,27,0
11,8,0
33,13,0
4,33,0
10,29,0
34,25,0
22,13,0
46,19,0
33,40,0
9,27,0
32,9,0
9,27,0
27,12,0
13,44,0
35,26,0
39,20,0
13,39,0
35,33,0
35,27,0
49,28,0
8,34,0
39,35,0
28,13,0
32,24,0
21,22,0
30,9,0
15,29,0
22,35,0
41,12,0
36,31,0
26,15,0
17,36,0
14,28,0
2,23,0
30,37,0
36,28,0
44,39,0
23,6,0
28,40,0
33,4,0
48,20,0
8,11,0
8,21,0
28,42,0
46,34,0
31,24,0
34,24,0
14,8,0
39,10,0
45,14,0
16,16,0
10,22,0
24,32,0
7,19,0
22,12,0
35,34,0
7,35,0
14,32,0
46,17,0
24,30,0
38,22,0
45,34,0
29,7,0
33,46,0
14,8,0
25,24,0
8,9,0
26,28,0
35,8,0
14,46,0
27,41,0
37,22,0
33,37,0
37,36,0
21,27,0
31,47,0
8,11,0
14,3,0
31,18,0
36,43,0
39,10,0
24,8,0
6,11,0
38,46,0
20,37,0
31,5,0
21,3,0
2,29,0
8,22,0
48,21,0
23,35,0
7,16,0
21,14,0
33,27,0
44,13,0
11,11,0
42,25,0
10,11,0
32,27,0
17,16,0
45,36,0
11,44,0
10,39,0
47,20,0
31,34,0
29,9,0
35,29,0
31,34,0
4,12,0
38,23,0
18,46,0
43,28,0
37,15,0
6,39,0
22,45,0
4,31,0
25,23,0
16,24,0
43,11,0
7,11,0
33,6,0
5,27,0
31,10,0
41,40,0
27,9,0
36,37,0
16,44,0
25,26,0
20,40,0
16,29,0
9,36,0
16,36,0
18,18,0
38,6,0
6,25,0
27,25,0
37,42,0
7,14,0
48,33,0
38,12,0
13,29,0
33,9,0
28,26,0
11,41,0
22,8,0
42,14,0
25,40,0
22,37,0
9,33,0
15,18,0
17,21,0
41,21,0
28,20,0
4,35,0
12,20,0
14,44,0
22,11,0
38,14,0
8,23,0
40,28,0
14,34,0
16,7,0
16,46,0
46,23,0
8,35,0
10,33,0
38,13,0
8,33,0
8,22,0
25,31,0
29,32,0
27,8,0
50,25,0
26,5,0
5,23,0
35,17,0
39,7,0
13,42,0
23,11,0
5,35,0
20,7,0
1,30,0
25,39,0
11,11,0
16,39,0
10,43,0
14,10,0
12,37,0
7,23,0
45,24,0
18,21,0
26,40,0
32,36,0
22,48,0
28,24,0
20,38,0
10,23,0
27,12,0
41,9,0
49,24,0
24,25,0
30,12,0
4,17,0
7,36,0
39,11,0
5,35,0
12,33,0
18,30,0
46,18,0
36,38,0
21,4,0
18,42,0
37,35,0
9,23,0
24,36,0
37,37,0
9,27,0
44,18,0
19,37,0
26,41,0
22,21,0
41,40,0
32,33,0
49,25,0
9,30,0
25,19,0
16,39,0
25,3,0
38,12,0
31,7,0
26,43,0
29,40,0
5,25,0
32,15,0
38,35,0
11,25,0
46,23,0
6,14,0
14,32,0
42,9,0
27,14,0
19,4,0
3,32,0
10,5,0
44,32,0
9,12,0
23,24,0
29,36,0
35,29,0
22,47,0
18,7,0
42,23,0
34,9,0
38,13,0
45,14,0
8,14,0
1,21,0
10,10,0
12,25,0
14,14,0
31,37,0
44,21,0
16,3,0
7,33,0
46,30,0
35,29,0
19,36,0
12,38,0
28,45,0
45,26,0
22,16,0
41,35,0
14,10,0
21,30,0
47,24,0
49,26,0
17,31,0
17,11,0
6,40,0
44,24,0
3,14,0
25,17,0
15,27,0
19,44,0
48,18,0
22,32,0
26,43,0
7,39,0
45,27,0
7,17,0
9,44,0
45,38,0
13,5,0
34,12,0
9,37,0
19,42,0
29,20,0
29,5,0
44,39,0
13,44,0
41,33,0
14,40,0
24,34,0
37,32,0
21,17,0
27,35,0
44,38,0
8,9,0
34,14,0
26,31,0
22,32,0
19,22,0
44,14,0
35,8,0
21,8,0
14,34,0
23,40,0
25,35,0
41,36,0
26,28,0
25,20,0
7,38,0
12,12,0
23,4,0
47,24,0
19,18,0
36,38,0
34,15,0
8,31,0
24,33,0
25,28,0
42,14,0
31,39,0
10,27,0
13,5,0
37,14,0
30,15,0
11,35,0
3,33,0
3,25,0
36,39,0
38,15,0
37,32,0
6,9,0
20,22,0
29,6,0
33,46,0
30,49,0
16,16,0
6,30,0
29,33,0
44,31,0
12,37,0
23,17,0
31,33,0
21,33,0
34,14,0
42,20,0
21,49,0
14,47,0
37,8,0
35,42,0
12,28,0
22,1,0
17,34,0
20,9,0
16,31,0
17,35,0
9,26,0
24,39,0
1,24,0
24,12,0
6,28,0
30,22,0
13,38,0
9,12,0
37,19,0
36,36,0
25,41,0
24,13,0
106,17,1
76,35,1
76,39,1
112,28,1
96,15,1
112,8,1
87,34,1
98,11,1
108,11,1
91,35,1
94,38,1
82,18,1
93,12,1
84,36,1
96,21,1
89,10,1
102,38,1
117,20,1
81,16,1
108,13,1
87,24,1
92,17,1
116,35,1
108,37,1
113,19,1
75,38,1
94,43,1
74,12,1
89,43,1
79,40,1
111,34,1
114,28,1
74,20,1
107,24,1
102,18,1
89,20,1
96,21,1
96,2,1
92,28,1
78,36,1
104,14,1
109,34,1
108,30,1
112,27,1
116,14,1
102,18,1
78,35,1
107,41,1
105,47,1
76,25,1
100,33,1
73,36,1
114,32,1
105,11,1
111,43,1
89,43,1
71,23,1
102,20,1
95,21,1
95,34,1
87,28,1
88,13,1
102,23,1
108,30,1
118,31,1
85,22,1
79,44,1
89,5,1
89,21,1
85,12,1
89,30,1
109,29,1
106,46,1
93,33,1
78,43,1
79,20,1
105,38,1
101,22,1
115,16,1
94,4,1
77,38,1
90,7,1
98,9,1
81,9,1
100,46,1
77,38,1
86,39,1
75,18,1
100,4,1
86,14,1
114,22,1
118,29,1
86,10,1
104,36,1
108,5,1
82,20,1
86,11,1
95,20,1
105,16,1
80,9,1
101,43,1
87,11,1
82,39,1
91,39,1
88,21,1
105,12,1
88,1,1
83,30,1
99,28,1
78,25,1
85,39,1
99,25,1
92,4,1
97,31,1
100,26,1
98,29,1
100,48,1
109,10,1
110,18,1
77,22,1
112,28,1
80,22,1
109,22,1
105,19,1
85,29,1
113,37,1
116,28,1
81,32,1
113,21,1
115,13,1
84,13,1
109,13,1
73,28,1
88,4,1
105,43,1
112,32,1
112,33,1
78,16,1
77,38,1
95,34,1
71,19,1
106,43,1
76,34,1
82,18,1
109,8,1
92,5,1
112,39,1
90,47,1
117,33,1
86,38,1
104,35,1
116,25,1
85,24,1
82,44,1
101,16,1
85,26,1
71,19,1
81,34,1
116,27,1
103,48,1
97,31,1
94,44,1
94,9,1
100,39,1
114,39,1
94,18,1
105,13,1
86,4,1
87,40,1
85,40,1
87,4,1
79,20,1
114,41,1
101,34,1
76,15,1
81,7,1
83,10,1
86,16,1
90,25,1
87,32,1
90,13,1
114,14,1
102,45,1
100,30,1
103,10,1
104,43,1
109,45,1
94,33,1
78,19,1
96,14,1
77,25,1
87,11,1
115,31,1
110,42,1
90,27,1
95,32,1
114,37,1
77,32,1
91,17,1
79,19,1
96,23,1
99,1,1
99,39,1
84,13,1
106,44,1
111,12,1
84,35,1
112,42,1
89,49,1
99,20,1
80,43,1
94,21,1
110,33,1
86,16,1
109,42,1
102,18,1
74,16,1
107,5,1
104,44,1
86,20,1
114,22,1
98,3,1
97,7,1
102,3,1
103,24,1
94,2,1
107,17,1
85,16,1
113,10,1
97,14,1
80,44,1
112,12,1
99,7,1
82,46,1
106,26,1
107,22,1
97,28,1
81,32,1
102,36,1
112,35,1
108,21,1
112,14,1
93,28,1
107,32,1
115,21,1
77,30,1
111,39,1
119,18,1
80,38,1
78,24,1
98,31,1
99,3,1
88,16,1
106,23,1
104,24,1
100,15,1
94,17,1
82,7,1
74,14,1
101,34,1
102,45,1
99,1,1
93,16,1
114,37,1
95,11,1
104,42,1
82,40,1
80,41,1
105,41,1
101,39,1
97,18,1
103,3,1
85,21,1
119,21,1
97,33,1
109,42,1
110,39,1
90,43,1
101,17,1
89,19,1
105,38,1
95,6,1
82,40,1
89,43,1
97,11,1
114,37,1
92,37,1
104,12,1
104,5,1
109,40,1
85,16,1
80,13,1
94,31,1
77,22,1
103,41,1
110,7,1
85,43,1
104,35,1
108,39,1
91,41,1
103,32,1
96,2,1
86,44,1
116,14,1
82,35,1
109,15,1
104,45,1
93,19,1
101,43,1
87,33,1
72,27,1
85,46,1
89,19,1
76,41,1
83,29,1
113,33,1
104,43,1
108,17,1
112,27,1
119,32,1
77,36,1
87,47,1
87,40,1
107,4,1
77,21,1
89,13,1
96,42,1
95,0,1
83,40,1
105,14,1
119,19,1
102,34,1
79,28,1
82,41,1
90,14,1
74,23,1
100,22,1
87,18,1
100,45,1
92,33,1
90,5,1
79,32,1
83,26,1
83,30,1
112,15,1
83,32,1
119,27,1
97,9,1
92,38,1
86,46,1
79,44,1
89,14,1
103,22,1
75,32,1
87,42,1
90,16,1
98,30,1
111,24,1
98,26,1
97,11,1
109,9,1
111,44,1
99,18,1
102,30,1
72,29,1
109,25,1
101,45,1
115,13,1
87,25,1
77,12,1
103,8,1
93,16,1
74,24,1
110,18,1
90,39,1
81,38,1
102,45,1
102,38,1
106,32,1
99,25,1
101,25,1
106,34,1
98,16,1
95,10,1
81,37,1
104,17,1
116,34,1
84,14,1
102,35,1
116,15,1
75,25,1
97,3,1
94,23,1
94,7,1
71,26,1
107,5,1
87,44,1
92,13,1
101,40,1
86,32,1
100,9,1
84,39,1
79,28,1
86,25,1
80,37,1
108,41,1
96,45,1
107,23,1
87,46,1
83,9,1
83,29,1
114,13,1
112,10,1
98,43,1
107,38,1
118,30,1
111,41,1
80,6,1
96,36,1
85,44,1
74,12,1
85,14,1
84,39,1
106,19,1
99,8,1
113,34,1
80,8,1
100,15,1
92,44,1
114,18,1
84,7,1
75,22,1
77,40,1
100,48,1
86,10,1
95,32,1
111,18,1
102,49,1
109,9,1
114,36,1
99,44,1
100,45,1
109,18,1
86,26,1
107,29,1
75,19,1
94,14,1
100,29,1
89,43,1
101,4,1
72,17,1
92,9,1
82,44,1
72,16,1
97,25,1
102,41,1
79,32,1
85,6,1
107,40,1
81,43,1
79,19,1
78,10,1
90,8,1
97,40,1
76,20,1
99,19,1
94,41,1
89,20,1
86,19,1
73,27,1
99,41,1
99,24,1
88,8,1
98,1,1
92,49,1
99,27,1
88,32,1
93,36,1
86,15,1
118,19,1
96,46,1
78,10,1
85,40,1
79,15,1
111,15,1
99,17,1
113,10,1
104,35,1
84,35,1
91,19,1
111,21,1
117,27,1
82,39,1
78,16,1
85,19,1
76,31,1
85,31,1
110,42,1
94,14,1
111,20,1
113,41,1
98,40,1
79,15,1
72,34,1
73,25,1
82,14,1
80,42,1
94,43,1
116,33,1
99,41,1
114,17,1
104,36,1
102,47,1
104,45,1
89,41,1
104,10,1
85,30,1
88,10,1
88,27,1
76,11,1
85,42,1
83,24,1
82,45,1
77,36,1
85,35,1
78,26,1
94,41,1
82,17,1
101,9,1
98,15,1
91,34,1
101,1,1
105,45,1
92,20,1
98,15,1
97,3,1
98,16,1
102,34,1
120,25,1
73,21,1
106,13,1
94,10,1
82,5,1
93,20,1
87,18,1
108,41,1
92,29,1
113,23,1
86,22,1
114,39,1
111,29,1
93,12,1
89,35,1
103,34,1
97,2,1
113,23,1
114,15,1
85,28,1
113,39,1
75,39,1
76,19,1
102,15,1
117,21,1
79,14,1
97,11,1
110,23,1
78,29,1
85,40,1
106,25,1
99,24,1
79,33,1
78,13,1
76,24,1
78,36,1
88,6,1
110,29,1
81,14,1
96,19,1
111,7,1
80,18,1
103,19,1
86,18,1
82,35,1
96,22,1
81,38,1
84,41,1
85,35,1
96,19,1
76,35,1
112,42,1
97,27,1
110,19,1
77,13,1
84,29,1
92,18,1
114,33,1
93,19,1
82,44,1
104,30,1
91,45,1
