3,30,0
20,20,0
7,38,0
14,14,0
21,29,0
27,6,0
42,32,0
33,20,0
14,24,0
19,33,0
30,37,0
45,28,0
8,33,0
37,35,0
31,41,0
15,3,0
10,29,0
5,24,0
29,7,0
10,44,0
42,40,0
13,42,0
13,43,0
4,21,0
49,22,0
45,15,0
11,9,0
3,14,0
25,31,0
33,28,0
28,24,0
36,3,0
12,7,0
38,45,0
26,1,0
11,34,0
40,30,0
19,28,0
11,25,0
18,21,0
19,9,0
21,18,0
23,1,0
29,34,0
11,39,0
28,8,0
22,24,0
16,5,0
41,44,0
43,13,0
22,12,0
36,41,0
15,12,0
19,6,0
31,27,0
3,20,0
14,12,0
25,28,0
21,44,0
15,22,0
33,23,0
31,4,0
31,39,0
33,21,0
15,5,0
13,40,0
45,24,0
9,40,0
6,16,0
44,18,0
41,12,0
34,28,0
49,18,0
25,22,0
43,21,0
48,28,0
13,22,0
9,13,0
34,31,0
22,43,0
11,35,0
24,14,0
13,15,0
46,17,0
27,21,0
23,38,0
3,16,0
6,37,0
7,9,0
14,10,0
31,14,0
47,24,0
48,19,0
26,24,0
24,32,0
34,40,0
39,5,0
22,19,0
19,2,0
41,15,0
45,25,0
42,23,0
25,50,0
11,34,0
8,27,0
49,26,0
33,2,0
10,10,0
28,32,0
16,22,0
29,44,0
30,25,0
48,25,0
14,23,0
8,13,0
10,18,0
33,16,0
24,1,0
27,26,0
10,21,0
35,32,0
38,9,0
42,40,0
9,27,0
15,42,0
48,25,0
6,22,0
20,15,0
28,4,0
31,49,0
8,27,0
31,41,0
34,44,0
15,10,0
20,15,0
36,21,0
18,17,0
41,9,0
24,17,0
30,27,0
43,42,0
24,20,0
27,22,0
36,17,0
7,11,0
27,21,0
21,29,0
17,35,0
30,47,0
35,32,0
23,27,0
15,27,0
20,47,0
20,11,0
29,14,0
37,6,0
37,11,0
36,30,0
3,25,0
10,34,0
21,16,0
49,19,0
32,12,0
19,26,0
7,32,0
12,31,0
35,38,0
24,16,0
26,3,0
21,10,0
35,25,0
6,33,0
27,7,0
7,39,0
46,20,0
45,11,0
16,2,0
24,18,0
47,34,0
22,3,0
17,5,0
40,35,0
47,23,0
39,31,0
2,29,0
41,31,0
31,44,0
21,35,0
11,28,0
17,33,0
16,6,0
22,30,0
24,3,0
18,20,0
33,18,0
3,33,0
23,16,0
7,19,0
35,27,0
30,1,0
15,16,0
36,45,0
30,9,0
39,12,0
23,36,0
28,15,0
29,13,0
29,24,0
26,14,0
30,8,0
47,16,0
6,33,0
17,8,0
37,39,0
35,21,0
32,20,0
20,15,0
19,46,0
32,19,0
10,14,0
3,20,0
8,33,0
15,5,0
14,16,0
37,22,0
19,29,0
31,28,0
48,25,0
41,40,0
46,18,0
28,41,0
31,21,0
6,14,0
20,4,0
44,10,0
8,28,0
19,21,0
21,10,0
42,7,0
31,36,0
26,44,0
28,25,0
17,32,0
21,45,0
28,5,0
31,25,0
28,27,0
43,21,0
15,16,0
38,18,0
48,33,0
19,29,0
10,18,0
19,9,0
38,19,0
23,40,0
7,10,0
30,20,0
12,22,0
20,28,0
8,31,0
5,22,0
6,30,0
34,16,0
8,43,0
5,20,0
11,39,0
21,40,0
22,48,0
14,44,0
31,2,0
1,23,0
20,46,0
25,8,0
22,7,0
48,27,0
32,29,0
7,18,0
36,26,0
13,41,0
24,30,0
8,30,0
21,2,0
15,25,0
14,40,0
18,40,0
25,48,0
21,11,0
22,24,0
13,28,0
8,19,0
41,22,0
16,44,0
34,37,0
45,39,0
21,27,0
36,37,0
4,29,0
28,38,0
38,38,0
17,36,0
30,34,0
36,17,0
16,36,0
28,16,0
20,9,0
11,40,0
31,44,0
36,38,0
28,45,0
8,36,0
3,24,0
21,19,0
33,41,0
20,32,0
38,27,0
11,26,0
31,19,0
45,22,0
24,35,0
7,29,0
41,17,0
28,32,0
39,23,0
47,25,0
13,8,0
46,31,0
45,40,0
6,23,0
34,34,0
27,25,0
26,5,0
46,31,0
11,38,0
47,22,0
17,39,0
16,15,0
2,22,0
19,36,0
23,27,0
18,41,0
27,35,0
24,19,0
12,45,0
14,24,0
2,31,0
32,36,0
16,40,0
10,27,0
41,10,0
25,1,0
41,14,0
40,28,0
18,8,0
24,21,0
34,46,0
30,29,0
40,41,0
5,32,0
6,30,0
10,41,0
24,11,0
39,6,0
24,5,0
31,30,0
11,28,0
28,5,0
17,42,0
39,28,0
8,39,0
11,9,0
20,9,0
50,25,0
44,11,0
43,13,0
46,34,0
26,1,0
41,34,0
26,1,0
11,24,0
8,12,0
33,42,0
14,32,0
26,28,0
20,5,0
14,38,0
28,1,0
9,7,0
31,43,0
32,24,0
20,44,0
36,29,0
20,1,0
35,15,0
37,24,0
28,19,0
37,8,0
43,30,0
23,32,0
32,40,0
74,17,1
63,33,1
69,17,1
70,10,1
93,31,1
96,30,1
101,36,1
77,30,1
76,16,1
73,4,1
90,19,1
80,6,1
98,8,1
102,39,1
76,25,1
82,31,1
64,21,1
103,34,1
87,43,1
91,12,1
93,25,1
106,33,1
69,6,1
82,40,1
98,46,1
84,9,1
67,40,1
102,20,1
81,29,1
81,14,1
82,17,1
106,35,1
73,7,1
104,25,1
73,29,1
87,12,1
80,31,1
76,16,1
68,42,1
76,39,1
85,2,1
85,26,1
84,13,1
67,31,1
87,38,1
91,39,1
105,27,1
80,15,1
100,45,1
67,27,1
87,9,1
83,8,1
98,41,1
97,12,1
70,43,1
65,32,1
75,36,1
87,44,1
68,17,1
68,43,1
68,42,1
79,31,1
103,36,1
75,11,1
94,41,1
75,27,1
96,46,1
102,34,1
82,41,1
64,18,1
82,1,1
77,48,1
80,24,1
87,20,1
66,28,1
87,39,1
80,42,1
75,14,1
82,32,1
95,39,1
64,36,1
84,26,1
83,19,1
72,20,1
65,14,1
97,18,1
101,16,1
61,19,1
98,22,1
100,29,1
69,25,1
82,28,1
62,16,1
97,24,1
84,37,1
92,4,1
96,22,1
75,33,1
74,13,1
102,29,1
63,14,1
75,27,1
77,41,1
66,27,1
90,47,1
95,18,1
68,40,1
62,21,1
99,37,1
99,38,1
73,45,1
75,12,1
101,13,1
77,27,1
87,24,1
68,28,1
76,41,1
101,9,1
93,4,1
84,34,1
91,1,1
91,25,1
99,26,1
70,12,1
75,46,1
68,15,1
101,27,1
77,2,1
65,21,1
83,35,1
78,16,1
98,14,1
78,17,1
69,44,1
91,33,1
67,30,1
93,20,1
85,11,1
98,43,1
80,5,1
75,45,1
70,27,1
72,15,1
91,11,1
72,21,1
97,25,1
69,15,1
70,9,1
75,28,1
75,42,1
92,20,1
80,49,1
100,34,1
73,9,1
100,12,1
72,29,1
90,10,1
83,46,1
73,18,1
105,33,1
70,31,1
68,41,1
89,27,1
85,0,1
76,40,1
72,22,1
90,7,1
108,19,1
97,41,1
79,7,1
84,21,1
83,28,1
87,4,1
103,11,1
89,26,1
108,24,1
90,34,1
76,11,1
109,23,1
66,26,1
92,7,1
97,15,1
88,18,1
100,11,1
67,35,1
81,45,1
109,21,1
92,32,1
71,16,1
92,19,1
86,8,1
84,11,1
107,27,1
64,22,1
98,7,1
77,22,1
80,17,1
87,39,1
71,29,1
80,44,1
71,13,1
88,28,1
83,29,1
95,24,1
86,33,1
105,30,1
86,33,1
99,17,1
94,25,1
88,45,1
67,9,1
100,36,1
63,28,1
73,25,1
89,39,1
88,4,1
77,5,1
96,23,1
66,9,1
78,3,1
72,46,1
99,45,1
86,27,1
91,33,1
108,26,1
108,34,1
67,28,1
90,9,1
65,30,1
68,38,1
90,10,1
91,2,1
63,15,1
61,31,1
92,5,1
76,14,1
80,49,1
75,12,1
88,8,1
84,49,1
87,12,1
108,18,1
73,18,1
80,46,1
79,6,1
101,21,1
81,30,1
86,40,1
89,31,1
97,37,1
95,12,1
71,27,1
84,38,1
91,34,1
82,5,1
80,41,1
90,21,1
79,15,1
102,20,1
103,14,1
93,31,1
96,8,1
79,17,1
96,6,1
100,24,1
93,26,1
63,25,1
106,18,1
73,10,1
107,21,1
86,6,1
67,29,1
69,7,1
81,39,1
102,40,1
74,40,1
109,27,1
82,26,1
83,32,1
93,9,1
87,28,1
77,22,1
76,43,1
91,37,1
99,10,1
84,8,1
105,11,1
98,45,1
73,4,1
67,23,1
91,37,1
77,3,1
87,40,1
77,25,1
94,40,1
61,18,1
82,19,1
92,49,1
62,32,1
93,46,1
99,29,1
93,31,1
73,37,1
90,28,1
95,9,1
96,22,1
68,16,1
72,18,1
67,21,1
65,32,1
86,1,1
63,32,1
69,16,1
74,32,1
100,29,1
102,42,1
82,40,1
106,30,1
90,25,1
87,45,1
95,29,1
82,1,1
61,27,1
79,31,1
76,14,1
104,22,1
94,43,1
76,8,1
92,23,1
89,26,1
103,25,1
76,28,1
100,12,1
94,43,1
72,9,1
89,3,1
72,18,1
69,34,1
75,10,1
104,29,1
76,42,1
67,29,1
105,28,1
109,28,1
64,12,1
63,18,1
83,18,1
93,42,1
104,27,1
87,5,1
74,4,1
96,24,1
71,35,1
85,5,1
79,25,1
94,32,1
90,44,1
76,13,1
88,49,1
106,35,1
105,15,1
101,19,1
81,20,1
84,36,1
95,4,1
69,8,1
64,27,1
96,12,1
63,26,1
89,3,1
77,27,1
92,11,1
87,48,1
76,4,1
103,16,1
93,40,1
80,37,1
100,8,1
85,22,1
108,22,1
72,21,1
85,34,1
81,32,1
82,21,1
103,27,1
103,42,1
90,14,1
76,47,1
101,24,1
83,34,1
83,30,1
70,13,1
95,40,1
93,10,1
93,5,1
64,22,1
78,26,1
78,49,1
93,20,1
107,23,1
104,9,1
107,31,1
78,29,1
72,24,1
84,9,1
88,16,1
84,30,1
92,6,1
73,38,1
94,6,1
77,37,1
80,43,1
65,36,1
99,31,1
96,18,1
98,8,1
90,17,1
98,33,1
71,38,1
96,31,1
76,33,1
85,15,1
92,28,1
106,23,1
99,23,1
65,22,1
66,16,1
80,16,1
94,17,1
83,11,1
108,17,1
82,41,1
104,14,1
89,4,1
100,27,1
73,36,1
87,23,1
69,40,1
66,9,1
86,33,1
70,33,1
95,30,1
74,31,1
94,23,1
85,44,1
95,37,1
94,48,1
63,29,1
81,42,1
65,18,1
99,34,1
75,15,1
95,15,1
74,28,1
68,27,1
109,28,1
68,42,1
97,20,1
107,16,1
98,4,1
98,30,1
89,2,1
89,42,1
78,44,1
90,45,1
76,34,1
78,9,1
86,40,1
93,28,1
103,36,1
64,23,1
91,28,1
68,17,1
102,21,1
69,35,1
83,32,1
71,35,1
83,38,1
71,34,1
82,21,1
79,8,1
67,37,1
107,14,1
88,7,1
96,47,1
69,12,1
76,29,1
76,8,1
79,22,1
101,21,1
76,33,1
75,19,1
86,15,1
99,45,1
109,24,1
96,27,1
84,26,1
70,5,1
76,16,1
83,25,1
87,38,1
81,34,1
83,19,1
83,13,1
63,29,1
66,15,1
95,8,1
98,14,1
64,29,1
97,4,1
97,11,1
73,37,1
93,5,1
66,15,1
104,38,1
84,38,1
99,37,1
88,24,1
89,19,1
95,24,1
87,3,1
88,8,1
90,21,1
97,24,1
76,17,1
63,33,1
74,33,1
94,16,1
87,15,1
99,24,1
98,4,1
89,3,1
86,8,1
70,34,1
96,32,1
85,6,1
79,16,1
69,37,1
81,26,1
89,39,1
93,43,1
90,13,1
100,25,1
71,11,1
64,12,1
75,9,1
101,29,1
86,11,1
89,18,1
73,35,1
95,13,1
86,33,1
86,32,1
79,1,1
77,46,1
102,8,1
91,19,1
81,31,1
66,17,1
104,24,1
66,23,1
84,1,1
63,24,1
63,15,1
97,22,1
106,27,1
63,24,1
87,26,1
99,41,1
87,47,1
62,17,1
98,42,1
99,26,1
73,35,1
97,39,1
107,31,1
92,46,1
98,5,1
106,24,1
83,35,1
65,15,1
101,35,1
96,31,1
92,16,1
85,29,1
90,9,1
101,12,1
92,43,1
108,33,1
67,16,1
94,17,1
70,7,1
87,23,1
101,8,1
73,37,1
72,26,1
97,35,1
104,30,1
88,38,1
75,5,1
