38,39,0
7,16,0
18,43,0
10,31,0
7,12,0
29,6,0
12,20,0
9,23,0
23,41,0
28,47,0
18,1,0
25,8,0
28,25,0
31,5,0
8,13,0
15,3,0
25,40,0
7,10,0
28,45,0
21,23,0
18,7,0
5,31,0
44,25,0
29,6,0
29,33,0
21,1,0
14,35,0
12,14,0
12,31,0
7,23,0
31,6,0
4,30,0
34,29,0
38,23,0
7,32,0
6,32,0
7,16,0
9,17,0
42,17,0
20,33,0
36,19,0
24,8,0
28,17,0
43,35,0
35,10,0
36,14,0
43,28,0
46,21,0
43,38,0
34,41,0
16,8,0
15,3,0
19,15,0
40,6,0
17,28,0
46,27,0
23,34,0
18,19,0
6,40,0
36,23,0
34,45,0
26,47,0
10,19,0
36,28,0
30,11,0
25,13,0
29,24,0
32,31,0
8,40,0
19,43,0
13,6,0
32,18,0
17,41,0
27,28,0
22,8,0
6,27,0
6,32,0
23,17,0
14,26,0
46,15,0
45,27,0
14,16,0
26,41,0
35,31,0
16,14,0
25,25,0
30,22,0
34,39,0
32,17,0
41,10,0
27,11,0
37,46,0
40,18,0
22,42,0
21,3,0
41,44,0
15,21,0
34,4,0
7,15,0
12,15,0
35,41,0
22,10,0
16,25,0
45,39,0
13,35,0
20,46,0
4,14,0
8,18,0
11,14,0
13,21,0
5,28,0
8,11,0
19,9,0
8,28,0
13,18,0
46,35,0
14,17,0
43,23,0
31,49,0
40,13,0
26,27,0
35,26,0
31,47,0
8,19,0
24,46,0
27,27,0
32,23,0
35,21,0
18,8,0
10,31,0
20,25,0
48,20,0
10,29,0
9,40,0
22,34,0
4,38,0
20,32,0
23,41,0
9,31,0
7,19,0
23,4,0
39,18,0
21,34,0
27,45,0
27,3,0
28,28,0
8,14,0
35,31,0
22,44,0
12,20,0
1,29,0
17,34,0
36,9,0
33,30,0
47,15,0
37,28,0
7,17,0
18,28,0
33,20,0
26,30,0
10,8,0
17,11,0
36,12,0
15,5,0
35,24,0
9,25,0
21,12,0
36,7,0
13,18,0
36,7,0
30,1,0
8,36,0
32,14,0
29,36,0
17,13,0
26,30,0
44,37,0
24,43,0
21,42,0
38,4,0
22,32,0
18,23,0
42,33,0
30,37,0
25,11,0
21,42,0
28,14,0
25,33,0
25,36,0
38,12,0
23,16,0
30,47,0
8,30,0
6,12,0
34,23,0
26,9,0
29,16,0
10,12,0
14,34,0
38,18,0
6,12,0
7,20,0
22,15,0
32,21,0
18,23,0
40,10,0
1,29,0
10,34,0
12,23,0
12,13,0
25,45,0
17,24,0
1,25,0
39,9,0
43,16,0
35,3,0
10,13,0
26,41,0
39,16,0
38,10,0
5,37,0
1,18,0
11,44,0
25,19,0
29,36,0
24,21,0
16,22,0
12,19,0
9,44,0
13,10,0
18,10,0
36,40,0
10,6,0
34,9,0
48,25,0
33,44,0
13,42,0
24,15,0
23,42,0
15,32,0
39,31,0
44,37,0
42,14,0
7,27,0
37,30,0
14,9,0
37,27,0
15,19,0
33,32,0
41,21,0
7,23,0
17,15,0
27,45,0
21,47,0
11,35,0
24,30,0
21,9,0
12,19,0
36,11,0
30,27,0
20,49,0
14,4,0
40,17,0
13,18,0
13,45,0
39,40,0
9,22,0
3,24,0
26,6,0
38,41,0
41,31,0
31,36,0
20,13,0
35,24,0
21,15,0
45,34,0
11,23,0
46,22,0
30,48,0
45,38,0
28,16,0
31,7,0
32,42,0
33,4,0
20,36,0
18,29,0
15,6,0
9,44,0
27,1,0
36,42,0
25,18,0
2,19,0
6,20,0
41,43,0
48,16,0
36,9,0
43,21,0
2,22,0
11,13,0
16,14,0
30,44,0
20,28,0
27,16,0
37,26,0
35,23,0
31,33,0
15,45,0
38,46,0
7,9,0
30,18,0
12,13,0
30,45,0
13,40,0
11,38,0
34,35,0
40,20,0
36,28,0
3,25,0
46,28,0
23,16,0
15,18,0
6,21,0
13,25,0
36,3,0
24,41,0
38,28,0
31,3,0
18,29,0
26,32,0
42,24,0
23,40,0
48,34,0
37,12,0
16,34,0
36,7,0
29,9,0
23,46,0
19,7,0
15,45,0
49,28,0
40,24,0
17,15,0
34,17,0
31,44,0
34,19,0
13,28,0
41,12,0
15,14,0
48,24,0
44,20,0
35,38,0
13,24,0
29,20,0
45,34,0
34,11,0
37,46,0
19,44,0
20,43,0
15,46,0
37,35,0
37,8,0
37,31,0
47,19,0
20,13,0
26,6,0
23,41,0
41,20,0
17,45,0
21,37,0
44,12,0
12,33,0
42,23,0
34,29,0
17,44,0
39,17,0
32,2,0
9,16,0
14,7,0
16,33,0
14,37,0
22,33,0
24,25,0
27,11,0
6,11,0
27,45,0
48,26,0
6,22,0
38,31,0
23,22,0
28,39,0
28,7,0
21,34,0
16,36,0
17,5,0
5,31,0
30,3,0
36,27,0
43,34,0
25,37,0
42,31,0
78,24,1
68,28,1
76,21,1
95,13,1
82,22,1
79,23,1
76,24,1
75,28,1
77,46,1
64,21,1
88,3,1
100,34,1
90,4,1
69,7,1
65,31,1
71,32,1
91,47,1
71,21,1
87,45,1
65,17,1
96,4,1
84,29,1
104,41,1
89,13,1
105,27,1
66,10,1
101,30,1
62,20,1
71,18,1
82,19,1
105,20,1
85,36,1
100,13,1
104,28,1
105,27,1
99,28,1
71,11,1
78,47,1
101,28,1
98,44,1
91,27,1
66,25,1
90,21,1
104,13,1
71,40,1
74,6,1
88,4,1
86,8,1
94,47,1
79,10,1
83,37,1
104,29,1
78,8,1
97,21,1
82,4,1
105,38,1
90,31,1
98,10,1
84,27,1
76,3,1
91,8,1
73,6,1
101,25,1
80,25,1
100,32,1
90,35,1
93,15,1
104,11,1
88,44,1
93,42,1
90,43,1
88,8,1
103,26,1
87,17,1
73,35,1
65,30,1
82,27,1
106,26,1
108,25,1
85,3,1
103,8,1
71,22,1
90,28,1
75,29,1
95,18,1
106,35,1
69,13,1
91,29,1
91,28,1
65,29,1
88,20,1
87,29,1
77,24,1
86,40,1
68,14,1
93,47,1
70,38,1
101,42,1
89,47,1
103,18,1
92,41,1
105,27,1
94,10,1
73,23,1
68,13,1
68,22,1
77,43,1
81,43,1
76,7,1
97,15,1
92,27,1
105,26,1
95,5,1
75,32,1
87,12,1
70,18,1
103,40,1
97,41,1
65,31,1
91,10,1
91,44,1
69,11,1
70,38,1
94,41,1
107,27,1
84,24,1
76,46,1
71,40,1
74,15,1
83,22,1
68,40,1
90,24,1
84,36,1
78,28,1
94,26,1
107,17,1
75,17,1
92,32,1
62,21,1
83,39,1
96,23,1
76,35,1
70,29,1
80,49,1
68,20,1
90,45,1
65,10,1
89,36,1
85,8,1
94,39,1
75,20,1
81,23,1
86,4,1
81,1,1
68,15,1
71,11,1
95,23,1
83,2,1
79,18,1
75,9,1
94,25,1
92,32,1
105,11,1
93,6,1
83,37,1
62,18,1
85,9,1
100,5,1
108,20,1
95,21,1
78,9,1
76,6,1
67,27,1
97,39,1
80,2,1
67,8,1
83,34,1
99,17,1
94,29,1
88,19,1
109,28,1
89,23,1
78,40,1
63,25,1
92,33,1
100,40,1
107,25,1
87,42,1
77,40,1
72,30,1
79,15,1
79,1,1
67,33,1
106,25,1
93,34,1
83,37,1
79,10,1
71,41,1
86,3,1
104,27,1
94,3,1
109,27,1
92,2,1
81,34,1
65,15,1
78,19,1
68,19,1
70,38,1
69,19,1
62,23,1
84,11,1
99,8,1
77,34,1
104,41,1
86,17,1
109,28,1
97,19,1
87,13,1
90,11,1
84,37,1
95,6,1
73,26,1
72,34,1
86,42,1
71,13,1
87,9,1
104,22,1
91,24,1
82,40,1
104,15,1
97,12,1
68,14,1
71,15,1
81,19,1
81,10,1
99,43,1
75,24,1
104,20,1
81,8,1
75,46,1
109,24,1
95,41,1
88,46,1
83,43,1
94,26,1
81,40,1
100,12,1
66,31,1
67,14,1
93,43,1
64,18,1
72,41,1
86,46,1
106,27,1
96,12,1
91,13,1
65,16,1
81,38,1
105,17,1
74,17,1
70,35,1
71,25,1
108,30,1
104,34,1
66,23,1
85,14,1
66,14,1
69,6,1
95,29,1
95,34,1
93,5,1
84,6,1
72,12,1
64,14,1
70,38,1
64,38,1
69,23,1
109,22,1
88,20,1
98,42,1
69,33,1
80,11,1
78,16,1
98,12,1
69,16,1
84,27,1
78,7,1
71,31,1
90,23,1
103,14,1
71,38,1
94,2,1
73,46,1
80,46,1
84,12,1
81,19,1
84,14,1
64,24,1
68,22,1
95,42,1
89,47,1
80,38,1
81,31,1
81,11,1
73,8,1
99,18,1
65,36,1
102,10,1
82,12,1
68,43,1
67,12,1
88,32,1
72,32,1
93,20,1
73,31,1
73,10,1
79,36,1
69,22,1
87,35,1
101,41,1
91,17,1
65,22,1
69,32,1
83,2,1
87,6,1
70,43,1
92,40,1
100,5,1
87,33,1
64,28,1
77,46,1
94,21,1
74,20,1
106,13,1
80,23,1
90,26,1
71,27,1
101,35,1
87,14,1
93,47,1
77,35,1
72,18,1
72,20,1
95,29,1
75,26,1
82,37,1
79,5,1
64,24,1
76,46,1
84,45,1
97,30,1
84,10,1
88,30,1
83,23,1
75,28,1
86,34,1
92,11,1
77,42,1
77,41,1
90,15,1
88,7,1
64,16,1
109,31,1
68,15,1
94,9,1
106,12,1
92,44,1
93,24,1
99,37,1
75,30,1
84,30,1
96,45,1
83,37,1
82,12,1
79,46,1
75,28,1
98,23,1
85,45,1
81,30,1
64,27,1
79,33,1
108,17,1
101,32,1
94,24,1
69,41,1
72,5,1
69,44,1
65,21,1
68,28,1
97,35,1
64,21,1
74,10,1
88,31,1
95,22,1
92,5,1
80,43,1
104,26,1
100,8,1
75,31,1
80,14,1
96,16,1
80,15,1
98,9,1
88,39,1
85,36,1
65,33,1
109,23,1
67,28,1
93,36,1
71,37,1
85,50,1
103,30,1
89,35,1
89,29,1
86,17,1
66,35,1
72,15,1
79,7,1
84,15,1
73,7,1
79,47,1
89,18,1
81,34,1
71,10,1
85,44,1
99,30,1
70,20,1
72,11,1
77,48,1
87,5,1
61,26,1
88,8,1
101,26,1
65,29,1
100,25,1
69,16,1
103,42,1
106,28,1
85,28,1
101,44,1
100,5,1
100,25,1
64,19,1
79,30,1
61,18,1
63,31,1
74,33,1
71,15,1
68,19,1
89,36,1
103,38,1
102,35,1
95,7,1
72,40,1
66,10,1
79,42,1
81,28,1
81,20,1
89,17,1
81,9,1
80,17,1
91,17,1
93,11,1
70,40,1
74,34,1
72,30,1
102,34,1
80,12,1
102,39,1
74,25,1
74,14,1
108,28,1
70,26,1
83,20,1
81,12,1
87,44,1
103,42,1
77,13,1
89,18,1
90,28,1
77,5,1
69,24,1
78,4,1
70,35,1
81,39,1
70,17,1
98,11,1
106,22,1
106,30,1
87,37,1
76,41,1
85,8,1
69,38,1
96,30,1
104,13,1
79,1,1
80,11,1
100,27,1
89,34,1
73,10,1
77,3,1
84,15,1
101,29,1
68,35,1
69,28,1
97,27,1
99,28,1
78,12,1
92,34,1
97,16,1
102,21,1
79,26,1
99,11,1
89,21,1
69,17,1
87,25,1
88,20,1
70,10,1
90,11,1
80,40,1
91,6,1
87,11,1
86,44,1
77,12,1
84,29,1
104,30,1
92,38,1
92,39,1
77,2,1
77,21,1
64,16,1
91,47,1
71,27,1
79,45,1
109,30,1
80,35,1
104,33,1
91,35,1
82,35,1
103,13,1
79,15,1
93,7,1
70,42,1
68,37,1
95,22,1
74,20,1
69,38,1
89,32,1
68,43,1
70,14,1
84,49,1
92,22,1
80,25,1
74,37,1
80,35,1
79,20,1
103,41,1
62,21,1
105,15,1
71,9,1
78,38,1
101,17,1
83,3,1
98,43,1
108,34,1
80,19,1
96,25,1
77,3,1
102,23,1
97,27,1
66,27,1
70,30,1
91,30,1
85,1,1
84,49,1
83,2,1
69,10,1
105,34,1
67,38,1
89,35,1
86,36,1
94,5,1
73,22,1
104,33,1
74,28,1
92,27,1
88,20,1
71,43,1
81,41,1
104,23,1
91,31,1
83,8,1
70,13,1
73,40,1
82,19,1
108,26,1
90,20,1
107,20,1
74,16,1
105,24,1
