13,30,0
21,10,0
16,32,0
26,24,0
26,14,0
48,34,0
10,39,0
3,21,0
6,31,0
45,27,0
37,32,0
14,3,0
4,17,0
23,8,0
32,18,0
19,34,0
7,25,0
16,37,0
37,42,0
30,36,0
32,6,0
25,43,0
34,35,0
29,39,0
25,50,0
32,11,0
19,48,0
33,39,0
34,8,0
13,19,0
37,9,0
16,27,0
29,2,0
30,23,0
35,34,0
19,1,0
22,6,0
10,18,0
21,40,0
47,29,0
20,15,0
43,14,0
45,14,0
10,21,0
27,27,0
42,16,0
43,41,0
38,36,0
18,11,0
37,44,0
35,42,0
17,10,0
10,32,0
39,44,0
17,44,0
16,8,0
31,21,0
6,27,0
39,30,0
27,13,0
6,30,0
34,13,0
27,36,0
21,41,0
29,8,0
31,9,0
25,14,0
26,43,0
43,39,0
40,15,0
25,38,0
13,45,0
30,20,0
23,26,0
45,32,0
27,14,0
44,19,0
30,31,0
5,38,0
7,33,0
17,35,0
16,19,0
19,9,0
18,6,0
36,16,0
18,6,0
6,15,0
44,31,0
26,8,0
30,46,0
21,41,0
22,12,0
32,6,0
45,17,0
12,28,0
49,20,0
15,3,0
14,34,0
16,19,0
5,26,0
20,16,0
42,35,0
20,23,0
24,26,0
35,42,0
5,10,0
45,26,0
20,18,0
7,41,0
28,8,0
43,31,0
47,28,0
26,49,0
11,5,0
34,32,0
32,18,0
22,29,0
40,12,0
17,36,0
32,28,0
16,25,0
20,36,0
9,40,0
32,42,0
23,34,0
13,26,0
18,1,0
40,32,0
40,20,0
22,21,0
28,17,0
41,31,0
10,21,0
21,38,0
18,25,0
30,47,0
24,9,0
28,43,0
15,28,0
26,27,0
15,37,0
2,16,0
28,13,0
18,2,0
27,45,0
12,21,0
29,10,0
3,18,0
9,40,0
33,32,0
46,33,0
14,44,0
38,36,0
26,27,0
24,40,0
24,35,0
31,10,0
6,15,0
22,12,0
28,2,0
44,20,0
26,17,0
14,7,0
3,24,0
32,10,0
40,16,0
30,18,0
40,5,0
35,14,0
40,34,0
12,38,0
12,13,0
38,15,0
24,32,0
43,21,0
11,44,0
32,16,0
33,13,0
46,37,0
4,27,0
14,34,0
7,30,0
20,30,0
24,1,0
10,18,0
17,28,0
10,44,0
22,20,0
13,22,0
32,21,0
24,25,0
19,11,0
15,11,0
6,16,0
34,21,0
27,6,0
35,9,0
18,29,0
8,26,0
28,15,0
10,41,0
24,3,0
25,12,0
13,36,0
37,25,0
42,19,0
6,22,0
13,4,0
2,16,0
19,2,0
28,11,0
33,47,0
15,3,0
11,24,0
17,46,0
39,12,0
24,26,0
36,40,0
6,16,0
22,14,0
24,30,0
36,25,0
29,41,0
17,36,0
7,21,0
13,21,0
32,29,0
45,11,0
13,17,0
5,25,0
26,20,0
13,7,0
22,39,0
36,13,0
18,17,0
43,24,0
28,20,0
17,36,0
22,37,0
19,29,0
49,27,0
7,17,0
36,38,0
24,31,0
33,9,0
29,24,0
13,13,0
43,35,0
33,35,0
30,38,0
20,44,0
8,20,0
4,22,0
32,8,0
43,21,0
18,18,0
24,10,0
19,25,0
30,18,0
4,33,0
39,26,0
10,35,0
20,41,0
46,36,0
31,44,0
22,42,0
25,6,0
15,29,0
30,8,0
47,36,0
25,28,0
7,28,0
29,41,0
17,43,0
11,30,0
30,24,0
31,14,0
25,8,0
45,39,0
19,47,0
41,43,0
41,36,0
11,9,0
29,41,0
7,8,0
24,13,0
38,31,0
38,26,0
41,27,0
17,2,0
29,38,0
4,20,0
20,46,0
31,27,0
40,43,0
39,5,0
24,43,0
7,20,0
36,5,0
26,32,0
18,9,0
35,33,0
11,23,0
7,23,0
21,5,0
22,46,0
4,26,0
23,22,0
46,32,0
38,38,0
9,11,0
10,20,0
23,16,0
31,37,0
14,44,0
32,13,0
19,31,0
24,35,0
12,44,0
7,15,0
27,6,0
22,14,0
31,29,0
21,24,0
27,48,0
23,8,0
26,36,0
12,45,0
28,6,0
40,28,0
21,20,0
26,4,0
27,34,0
16,32,0
14,22,0
43,26,0
18,21,0
24,15,0
17,13,0
48,17,0
13,39,0
45,33,0
42,11,0
26,15,0
1,28,0
38,13,0
8,26,0
4,24,0
29,14,0
15,12,0
38,17,0
26,36,0
3,22,0
8,37,0
44,31,0
38,32,0
27,37,0
26,14,0
45,15,0
20,47,0
7,35,0
15,15,0
42,37,0
13,5,0
26,28,0
36,39,0
7,41,0
7,16,0
30,25,0
29,9,0
6,15,0
46,36,0
5,36,0
20,24,0
38,34,0
38,35,0
12,30,0
22,47,0
13,29,0
35,18,0
26,19,0
5,26,0
9,24,0
2,32,0
30,38,0
7,8,0
26,18,0
16,39,0
11,23,0
2,18,0
23,6,0
13,12,0
25,36,0
15,25,0
48,21,0
3,32,0
25,30,0
12,35,0
8,15,0
13,33,0
93,35,1
52,32,1
74,36,1
88,15,1
68,23,1
97,35,1
64,34,1
88,29,1
73,21,1
79,35,1
64,36,1
59,34,1
70,47,1
84,13,1
60,42,1
81,31,1
87,12,1
56,33,1
82,47,1
54,34,1
77,9,1
85,11,1
75,27,1
69,44,1
70,9,1
77,40,1
70,11,1
54,15,1
79,30,1
79,47,1
67,8,1
59,12,1
72,2,1
81,21,1
68,29,1
62,20,1
85,13,1
89,40,1
72,10,1
71,37,1
93,15,1
51,28,1
74,34,1
62,5,1
85,26,1
91,33,1
83,22,1
96,29,1
78,47,1
75,43,1
94,17,1
71,1,1
72,13,1
79,10,1
90,30,1
84,8,1
96,27,1
82,6,1
65,8,1
78,21,1
84,14,1
65,24,1
66,4,1
52,16,1
86,13,1
61,15,1
84,45,1
91,44,1
95,17,1
55,15,1
77,4,1
77,22,1
88,34,1
69,30,1
83,35,1
87,9,1
97,17,1
58,10,1
83,41,1
87,20,1
89,34,1
63,26,1
89,26,1
82,34,1
88,37,1
64,32,1
69,11,1
88,20,1
67,19,1
53,20,1
79,25,1
89,26,1
83,43,1
93,13,1
70,6,1
70,15,1
85,7,1
62,32,1
73,33,1
54,33,1
73,13,1
60,34,1
58,37,1
69,22,1
74,20,1
72,16,1
86,41,1
51,20,1
72,17,1
81,29,1
57,28,1
80,28,1
93,34,1
90,33,1
86,3,1
54,12,1
68,10,1
93,23,1
66,29,1
89,9,1
61,44,1
67,46,1
76,17,1
62,42,1
79,49,1
80,29,1
81,34,1
85,42,1
56,39,1
57,39,1
70,18,1
82,14,1
68,31,1
62,6,1
68,34,1
62,25,1
84,32,1
58,29,1
78,40,1
81,31,1
81,16,1
87,44,1
86,18,1
77,47,1
79,27,1
93,34,1
82,12,1
63,28,1
72,25,1
92,31,1
68,13,1
64,36,1
67,9,1
78,15,1
69,12,1
69,49,1
74,32,1
77,13,1
97,31,1
88,26,1
80,41,1
81,12,1
54,34,1
88,25,1
57,33,1
64,28,1
51,30,1
77,14,1
91,23,1
52,19,1
90,29,1
58,33,1
67,44,1
64,5,1
67,45,1
95,33,1
76,11,1
80,32,1
80,48,1
74,14,1
73,29,1
68,46,1
79,6,1
61,43,1
75,23,1
54,21,1
78,32,1
70,44,1
82,17,1
68,13,1
65,41,1
77,23,1
89,29,1
59,15,1
59,6,1
87,14,1
55,11,1
68,4,1
94,14,1
83,9,1
78,13,1
72,6,1
91,29,1
76,3,1
62,18,1
59,24,1
57,32,1
64,33,1
66,23,1
55,40,1
68,5,1
83,10,1
94,35,1
83,34,1
86,23,1
69,46,1
80,48,1
71,16,1
83,10,1
93,32,1
67,36,1
79,45,1
86,46,1
73,38,1
92,16,1
84,43,1
59,14,1
52,31,1
56,22,1
70,14,1
74,4,1
96,29,1
82,17,1
89,6,1
71,19,1
69,19,1
85,22,1
90,24,1
62,22,1
59,26,1
95,26,1
75,42,1
89,38,1
88,35,1
80,19,1
71,40,1
91,27,1
78,3,1
66,20,1
63,44,1
73,32,1
78,6,1
57,11,1
70,10,1
66,11,1
63,40,1
78,39,1
91,23,1
82,13,1
61,43,1
59,33,1
82,4,1
73,43,1
83,44,1
70,34,1
94,39,1
67,28,1
83,29,1
60,25,1
75,17,1
61,29,1
70,27,1
93,30,1
82,32,1
78,47,1
68,17,1
77,28,1
56,15,1
73,11,1
82,19,1
82,7,1
96,35,1
79,1,1
85,33,1
84,34,1
86,45,1
73,26,1
69,22,1
95,25,1
73,31,1
91,31,1
62,24,1
66,9,1
94,13,1
61,24,1
73,28,1
70,11,1
68,44,1
94,38,1
93,16,1
78,15,1
73,14,1
71,31,1
66,39,1
87,24,1
59,35,1
52,29,1
82,46,1
60,38,1
92,8,1
59,24,1
80,33,1
84,32,1
53,14,1
55,18,1
69,37,1
63,30,1
80,37,1
74,27,1
69,45,1
90,43,1
71,32,1
54,16,1
80,40,1
65,3,1
87,16,1
69,12,1
78,31,1
97,24,1
96,20,1
71,15,1
85,32,1
66,44,1
87,9,1
67,45,1
80,25,1
70,3,1
64,16,1
66,39,1
97,25,1
62,16,1
63,33,1
56,32,1
69,20,1
77,9,1
58,29,1
98,20,1
91,24,1
61,19,1
84,13,1
92,31,1
73,15,1
70,38,1
81,34,1
55,27,1
74,8,1
81,37,1
74,31,1
67,12,1
87,45,1
65,33,1
68,36,1
56,20,1
65,40,1
84,12,1
76,28,1
99,20,1
79,43,1
92,38,1
87,25,1
92,21,1
81,33,1
59,29,1
68,26,1
95,28,1
81,22,1
58,21,1
75,25,1
67,35,1
79,9,1
70,32,1
86,6,1
83,19,1
75,27,1
97,21,1
55,13,1
92,24,1
67,5,1
85,16,1
91,21,1
91,36,1
59,29,1
87,46,1
59,15,1
68,5,1
60,18,1
69,2,1
95,36,1
99,20,1
78,29,1
99,29,1
59,32,1
75,12,1
94,15,1
79,6,1
84,4,1
84,15,1
95,35,1
70,45,1
63,18,1
54,38,1
82,4,1
72,14,1
88,15,1
70,3,1
89,15,1
84,3,1
79,25,1
57,22,1
77,49,1
65,37,1
92,32,1
60,6,1
65,36,1
69,17,1
77,12,1
90,42,1
55,29,1
77,10,1
59,22,1
65,10,1
94,40,1
60,17,1
80,44,1
94,16,1
53,15,1
76,11,1
75,44,1
53,30,1
68,1,1
89,40,1
75,30,1
71,7,1
74,37,1
92,18,1
62,44,1
75,4,1
63,22,1
72,10,1
64,34,1
72,27,1
72,17,1
64,21,1
84,43,1
60,12,1
81,26,1
66,19,1
58,27,1
96,28,1
81,4,1
59,17,1
71,3,1
65,38,1
69,49,1
85,19,1
68,25,1
68,40,1
55,13,1
59,10,1
89,6,1
68,24,1
58,33,1
67,9,1
68,12,1
95,39,1
64,16,1
67,13,1
91,12,1
85,40,1
96,19,1
90,11,1
67,33,1
57,25,1
72,27,1
69,26,1
51,23,1
86,27,1
78,49,1
52,19,1
99,24,1
89,8,1
76,25,1
56,9,1
60,37,1
62,31,1
72,27,1
81,43,1
72,9,1
82,11,1
80,15,1
65,32,1
84,2,1
64,22,1
54,23,1
76,4,1
77,12,1
64,32,1
75,39,1
63,34,1
60,16,1
69,10,1
72,3,1
58,19,1
88,46,1
86,45,1
90,39,1
71,23,1
74,8,1
87,22,1
68,35,1
80,10,1
54,28,1
94,23,1
61,15,1
84,43,1
64,11,1
79,12,1
96,30,1
70,43,1
75,4,1
71,13,1
89,26,1
61,31,1
89,26,1
82,22,1
81,23,1
61,31,1
56,20,1
88,35,1
62,4,1
78,5,1
69,39,1
86,39,1
65,11,1
87,22,1
82,12,1
63,18,1
53,23,1
86,43,1
60,19,1
70,35,1
99,19,1
55,38,1
78,7,1
70,45,1
65,14,1
55,21,1
86,16,1
63,22,1
60,33,1
75,14,1
91,16,1
55,15,1
61,39,1
63,5,1
86,25,1
53,35,1
78,17,1
82,35,1
54,28,1
62,36,1
57,41,1
99,27,1
66,37,1
86,29,1
92,39,1
68,34,1
97,19,1
98,32,1
99,31,1
57,28,1
89,13,1
76,30,1
84,25,1
78,19,1
79,36,1
94,29,1
92,42,1
91,30,1
92,18,1
75,47,1
83,28,1
80,24,1
79,32,1
64,8,1
67,14,1
68,35,1
85,9,1
63,26,1
71,13,1
