38,18,0
32,31,0
48,32,0
38,46,0
27,29,0
18,36,0
32,13,0
8,38,0
35,15,0
4,21,0
6,32,0
32,34,0
42,36,0
27,7,0
32,44,0
5,10,0
31,21,0
27,13,0
47,33,0
28,47,0
21,31,0
42,34,0
31,13,0
18,27,0
43,19,0
24,21,0
17,2,0
42,19,0
33,18,0
14,36,0
25,27,0
20,41,0
32,24,0
26,42,0
19,4,0
7,42,0
31,43,0
23,21,0
12,44,0
23,31,0
14,27,0
31,35,0
10,32,0
47,28,0
41,19,0
21,16,0
38,32,0
48,33,0
35,39,0
42,7,0
33,18,0
48,23,0
32,26,0
12,37,0
16,37,0
44,25,0
5,23,0
33,34,0
37,25,0
40,14,0
37,10,0
39,29,0
41,35,0
33,25,0
30,21,0
40,23,0
15,42,0
26,35,0
44,28,0
36,46,0
19,43,0
37,20,0
16,14,0
16,21,0
12,26,0
11,23,0
20,3,0
20,49,0
35,28,0
2,34,0
32,13,0
27,2,0
17,23,0
24,22,0
23,39,0
12,41,0
15,31,0
39,23,0
43,12,0
27,42,0
23,43,0
36,43,0
18,16,0
35,44,0
38,24,0
41,7,0
39,12,0
45,39,0
26,9,0
38,40,0
9,33,0
37,37,0
9,16,0
28,43,0
17,5,0
33,35,0
45,39,0
38,26,0
44,13,0
22,20,0
26,16,0
26,6,0
41,11,0
39,16,0
20,13,0
43,8,0
14,5,0
42,20,0
5,10,0
31,22,0
25,7,0
33,2,0
42,40,0
41,28,0
11,14,0
29,39,0
7,30,0
35,35,0
8,33,0
45,33,0
27,2,0
37,25,0
23,28,0
10,40,0
9,39,0
12,27,0
18,47,0
48,28,0
3,24,0
48,20,0
17,43,0
17,32,0
20,9,0
5,35,0
40,8,0
15,9,0
26,24,0
20,22,0
37,16,0
8,13,0
35,30,0
23,33,0
36,19,0
24,31,0
14,32,0
24,40,0
35,30,0
7,41,0
23,15,0
16,48,0
2,29,0
18,9,0
26,34,0
11,22,0
11,24,0
19,23,0
5,19,0
43,14,0
28,28,0
1,28,0
13,26,0
25,36,0
24,45,0
7,15,0
36,30,0
16,43,0
20,41,0
22,35,0
27,35,0
27,31,0
39,9,0
29,46,0
5,36,0
3,34,0
28,26,0
44,20,0
41,26,0
21,1,0
13,36,0
6,29,0
15,39,0
43,14,0
31,44,0
36,37,0
39,39,0
40,24,0
19,19,0
24,31,0
13,41,0
18,47,0
19,3,0
21,13,0
28,14,0
36,5,0
41,44,0
22,22,0
15,26,0
31,47,0
12,30,0
2,22,0
33,34,0
41,33,0
5,31,0
47,36,0
19,12,0
44,15,0
30,7,0
27,1,0
39,8,0
19,4,0
32,16,0
25,3,0
42,20,0
35,5,0
37,10,0
9,20,0
30,3,0
3,34,0
23,18,0
24,35,0
42,39,0
37,41,0
5,21,0
45,17,0
46,12,0
6,22,0
26,27,0
38,39,0
49,21,0
20,2,0
36,13,0
36,17,0
48,31,0
8,12,0
48,23,0
9,34,0
18,11,0
29,12,0
9,6,0
26,6,0
40,26,0
6,17,0
18,24,0
41,21,0
14,4,0
2,28,0
30,33,0
23,17,0
48,34,0
30,3,0
48,22,0
46,19,0
24,22,0
47,25,0
40,24,0
16,41,0
37,44,0
38,22,0
41,37,0
35,37,0
33,26,0
28,22,0
35,42,0
36,5,0
34,29,0
25,37,0
27,46,0
4,37,0
32,12,0
18,36,0
32,36,0
23,38,0
7,41,0
33,36,0
22,28,0
7,34,0
22,13,0
31,19,0
43,15,0
21,3,0
9,35,0
13,42,0
21,27,0
11,40,0
42,13,0
17,43,0
31,42,0
23,5,0
31,45,0
21,49,0
36,35,0
27,17,0
26,36,0
23,45,0
5,10,0
4,17,0
47,30,0
36,5,0
45,25,0
16,31,0
5,15,0
19,45,0
36,4,0
20,44,0
16,15,0
16,32,0
32,9,0
39,23,0
22,7,0
25,20,0
43,36,0
31,44,0
37,4,0
12,20,0
39,27,0
42,35,0
43,29,0
32,42,0
39,14,0
33,22,0
26,48,0
35,11,0
17,30,0
33,19,0
30,25,0
28,32,0
6,19,0
35,27,0
39,21,0
13,44,0
26,36,0
37,45,0
7,21,0
24,10,0
33,38,0
41,26,0
29,24,0
45,33,0
10,10,0
34,17,0
25,47,0
17,17,0
23,24,0
37,25,0
14,43,0
11,16,0
28,43,0
22,34,0
14,28,0
18,27,0
23,35,0
42,41,0
8,40,0
40,36,0
30,42,0
36,43,0
6,31,0
28,27,0
21,20,0
22,10,0
30,40,0
6,26,0
21,41,0
23,21,0
3,18,0
39,28,0
18,30,0
29,8,0
7,13,0
35,40,0
23,6,0
25,13,0
6,21,0
16,47,0
10,44,0
23,32,0
24,2,0
5,23,0
32,22,0
43,25,0
47,17,0
4,33,0
17,38,0
35,28,0
41,12,0
42,29,0
25,37,0
39,45,0
37,5,0
23,25,0
69,42,1
60,15,1
58,20,1
62,36,1
57,36,1
79,38,1
73,18,1
82,10,1
74,39,1
79,32,1
60,17,1
98,16,1
58,32,1
69,17,1
86,39,1
75,7,1
98,32,1
82,7,1
60,45,1
61,34,1
71,43,1
76,42,1
62,20,1
62,29,1
56,9,1
83,6,1
75,5,1
87,19,1
54,36,1
82,41,1
82,7,1
53,27,1
61,7,1
84,6,1
69,25,1
69,23,1
91,37,1
74,28,1
70,47,1
83,11,1
77,31,1
65,8,1
75,2,1
72,31,1
74,8,1
80,13,1
86,20,1
69,8,1
59,10,1
57,15,1
76,28,1
83,43,1
91,26,1
71,47,1
53,35,1
63,20,1
86,21,1
59,32,1
97,14,1
95,40,1
89,39,1
67,29,1
67,45,1
83,33,1
88,32,1
65,13,1
58,20,1
89,8,1
64,26,1
59,39,1
71,35,1
66,11,1
55,19,1
80,49,1
79,5,1
91,8,1
65,19,1
72,33,1
52,24,1
93,33,1
65,40,1
75,4,1
61,7,1
61,41,1
74,28,1
67,46,1
68,28,1
56,36,1
85,24,1
68,45,1
88,39,1
92,39,1
66,13,1
55,29,1
81,48,1
58,23,1
80,48,1
72,19,1
66,17,1
55,39,1
65,5,1
60,7,1
67,2,1
65,16,1
99,29,1
81,41,1
78,49,1
72,30,1
90,45,1
57,10,1
74,31,1
57,13,1
75,31,1
70,46,1
94,35,1
60,23,1
69,29,1
75,12,1
67,7,1
87,38,1
80,4,1
79,26,1
71,19,1
88,23,1
67,3,1
66,30,1
68,8,1
88,5,1
84,48,1
70,14,1
83,31,1
75,8,1
93,18,1
98,22,1
98,19,1
70,25,1
62,23,1
75,39,1
86,44,1
79,8,1
73,6,1
52,17,1
94,11,1
68,13,1
90,5,1
90,36,1
87,33,1
84,38,1
96,21,1
66,32,1
93,39,1
96,16,1
93,36,1
85,42,1
66,16,1
77,9,1
80,10,1
75,22,1
54,31,1
94,21,1
79,38,1
62,34,1
68,49,1
88,7,1
79,47,1
87,32,1
96,28,1
92,7,1
72,46,1
76,32,1
57,40,1
62,44,1
73,43,1
84,28,1
67,24,1
69,11,1
97,36,1
91,35,1
65,14,1
78,42,1
83,10,1
74,39,1
75,32,1
66,35,1
86,41,1
91,41,1
69,31,1
82,36,1
71,14,1
65,30,1
83,7,1
59,38,1
60,27,1
89,20,1
60,44,1
82,24,1
85,41,1
64,14,1
84,36,1
79,12,1
90,30,1
97,30,1
74,26,1
77,20,1
90,7,1
86,25,1
64,30,1
88,22,1
76,21,1
96,23,1
75,8,1
66,16,1
95,25,1
95,30,1
88,43,1
65,30,1
55,11,1
88,39,1
89,11,1
54,25,1
58,9,1
88,15,1
88,30,1
68,34,1
85,4,1
87,15,1
71,44,1
68,18,1
75,45,1
71,5,1
76,30,1
68,5,1
87,46,1
77,27,1
90,15,1
70,18,1
87,12,1
61,41,1
77,33,1
61,40,1
64,4,1
60,11,1
80,33,1
78,21,1
76,49,1
64,25,1
69,13,1
98,22,1
75,35,1
73,18,1
99,18,1
74,48,1
57,37,1
84,38,1
80,48,1
84,23,1
67,15,1
82,35,1
74,46,1
74,33,1
83,25,1
91,24,1
90,42,1
73,4,1
78,18,1
71,33,1
79,18,1
59,21,1
83,16,1
97,23,1
64,25,1
85,4,1
84,29,1
67,9,1
89,30,1
89,17,1
72,35,1
84,24,1
68,36,1
95,13,1
73,14,1
69,45,1
56,11,1
71,44,1
72,27,1
71,43,1
62,35,1
82,7,1
51,28,1
61,6,1
81,9,1
82,28,1
55,23,1
73,31,1
63,37,1
91,42,1
63,20,1
72,15,1
61,44,1
85,31,1
59,32,1
72,16,1
92,17,1
54,14,1
66,7,1
52,27,1
62,34,1
60,10,1
82,20,1
54,36,1
81,13,1
70,32,1
73,36,1
80,20,1
67,32,1
88,12,1
86,9,1
88,10,1
76,27,1
72,9,1
61,25,1
67,9,1
81,31,1
74,9,1
98,23,1
94,12,1
89,12,1
87,17,1
60,25,1
77,5,1
54,33,1
64,15,1
76,7,1
58,39,1
59,31,1
80,40,1
61,11,1
85,42,1
67,33,1
79,43,1
68,33,1
96,19,1
58,27,1
67,38,1
56,17,1
80,32,1
77,28,1
83,12,1
96,30,1
57,11,1
54,32,1
66,45,1
85,3,1
91,15,1
69,9,1
64,33,1
63,32,1
60,8,1
74,37,1
94,33,1
64,14,1
73,13,1
79,38,1
78,36,1
92,37,1
96,37,1
72,5,1
89,20,1
79,16,1
71,13,1
80,13,1
62,35,1
61,33,1
67,21,1
85,28,1
55,10,1
79,25,1
87,42,1
99,31,1
76,13,1
59,33,1
64,25,1
58,35,1
72,34,1
84,5,1
63,28,1
72,43,1
89,13,1
83,14,1
81,42,1
82,31,1
56,25,1
80,44,1
68,38,1
96,38,1
79,49,1
71,11,1
86,8,1
52,29,1
78,19,1
62,23,1
79,5,1
79,2,1
97,25,1
66,44,1
88,29,1
87,12,1
78,24,1
76,16,1
70,9,1
86,23,1
83,20,1
85,19,1
77,34,1
78,29,1
65,9,1
82,14,1
84,24,1
74,7,1
64,13,1
81,25,1
76,42,1
74,5,1
58,33,1
62,36,1
74,28,1
83,37,1
79,5,1
86,10,1
62,29,1
74,2,1
79,10,1
69,45,1
68,39,1
82,11,1
66,5,1
65,33,1
72,22,1
84,10,1
86,40,1
52,26,1
71,3,1
64,12,1
89,21,1
59,40,1
95,35,1
64,33,1
70,18,1
87,7,1
90,34,1
60,32,1
80,37,1
70,49,1
99,19,1
59,35,1
74,17,1
80,43,1
78,27,1
84,34,1
74,15,1
72,49,1
87,14,1
99,23,1
62,32,1
64,31,1
65,23,1
80,38,1
81,12,1
64,7,1
71,1,1
68,39,1
72,25,1
68,12,1
78,30,1
95,25,1
61,7,1
55,25,1
51,25,1
62,18,1
84,11,1
57,30,1
60,38,1
65,23,1
64,40,1
69,48,1
76,49,1
93,33,1
90,25,1
66,28,1
75,1,1
70,6,1
97,16,1
81,12,1
73,39,1
58,34,1
82,6,1
91,36,1
58,22,1
66,11,1
80,21,1
69,18,1
66,4,1
77,16,1
84,25,1
87,28,1
57,33,1
98,33,1
92,31,1
82,31,1
71,11,1
80,8,1
83,32,1
89,10,1
61,27,1
92,7,1
82,32,1
90,5,1
68,28,1
82,42,1
85,42,1
89,12,1
79,6,1
90,31,1
67,13,1
85,22,1
62,19,1
95,36,1
57,37,1
83,9,1
76,35,1
71,40,1
57,17,1
70,46,1
89,44,1
53,20,1
62,39,1
63,7,1
70,23,1
63,4,1
65,14,1
83,5,1
63,45,1
88,6,1
56,25,1
82,7,1
87,40,1
89,9,1
67,34,1
94,24,1
76,31,1
65,17,1
70,43,1
95,16,1
81,32,1
78,22,1
92,36,1
68,27,1
68,46,1
80,16,1
67,17,1
77,44,1
58,20,1
75,5,1
62,38,1
80,35,1
97,30,1
82,35,1
73,42,1
74,27,1
63,4,1
67,5,1
73,49,1
58,14,1
84,4,1
90,23,1
61,38,1
86,5,1
84,42,1
85,3,1
81,13,1
72,39,1
83,16,1
61,33,1
76,13,1
60,22,1
64,23,1
74,15,1
93,42,1
93,13,1
64,39,1
64,17,1
89,32,1
78,48,1
72,6,1
76,10,1
99,21,1
66,25,1
75,9,1
89,31,1
63,42,1
