1,31,0
17,35,0
27,45,0
14,16,0
46,12,0
15,38,0
42,25,0
16,25,0
42,32,0
44,30,0
39,41,0
30,14,0
2,31,0
10,25,0
38,20,0
13,30,0
29,39,0
41,43,0
45,16,0
15,15,0
9,25,0
19,42,0
45,12,0
10,20,0
42,14,0
38,13,0
14,46,0
16,33,0
18,36,0
48,29,0
25,45,0
27,4,0
48,16,0
36,37,0
6,30,0
24,36,0
19,41,0
40,19,0
48,33,0
11,28,0
46,34,0
33,18,0
15,25,0
27,44,0
41,13,0
44,18,0
39,14,0
13,18,0
21,40,0
33,6,0
18,46,0
6,15,0
3,36,0
13,22,0
9,44,0
28,26,0
37,44,0
26,6,0
40,34,0
45,20,0
6,34,0
32,5,0
37,13,0
33,8,0
33,18,0
18,38,0
8,35,0
34,36,0
18,47,0
43,12,0
27,1,0
17,24,0
5,25,0
25,36,0
46,13,0
22,15,0
6,19,0
17,45,0
18,43,0
6,21,0
9,34,0
36,14,0
28,18,0
20,6,0
14,44,0
12,43,0
49,26,0
35,46,0
12,43,0
31,24,0
37,43,0
14,8,0
32,40,0
44,30,0
47,32,0
43,8,0
10,12,0
35,22,0
11,42,0
25,14,0
16,41,0
13,32,0
4,24,0
18,47,0
13,34,0
22,30,0
32,32,0
23,29,0
21,41,0
13,13,0
23,18,0
18,49,0
6,28,0
18,7,0
27,46,0
16,31,0
36,41,0
24,46,0
12,42,0
19,15,0
43,24,0
18,1,0
25,43,0
45,34,0
25,48,0
15,39,0
20,1,0
49,30,0
47,30,0
35,5,0
12,45,0
32,22,0
31,47,0
7,23,0
31,29,0
29,42,0
2,25,0
24,28,0
24,40,0
12,28,0
9,22,0
36,5,0
1,32,0
22,29,0
25,33,0
37,28,0
32,31,0
13,21,0
25,2,0
36,38,0
36,10,0
19,26,0
35,3,0
32,4,0
32,22,0
41,11,0
7,24,0
28,14,0
39,23,0
9,19,0
17,45,0
31,14,0
24,33,0
20,19,0
11,5,0
18,11,0
30,12,0
21,13,0
45,40,0
37,13,0
44,24,0
31,24,0
25,27,0
15,43,0
23,19,0
26,22,0
6,13,0
11,39,0
19,14,0
42,14,0
14,6,0
18,45,0
32,44,0
12,5,0
14,7,0
25,37,0
11,43,0
4,31,0
5,34,0
36,28,0
29,27,0
21,19,0
16,14,0
13,46,0
18,39,0
8,9,0
45,35,0
27,23,0
38,40,0
36,16,0
22,43,0
46,20,0
22,17,0
34,14,0
42,23,0
27,5,0
6,12,0
23,39,0
18,9,0
36,10,0
31,16,0
37,31,0
37,32,0
30,24,0
30,7,0
44,37,0
12,4,0
16,11,0
48,28,0
24,13,0
5,24,0
31,15,0
12,39,0
43,41,0
7,25,0
25,30,0
10,5,0
5,29,0
12,18,0
18,25,0
3,22,0
48,22,0
41,18,0
35,10,0
24,20,0
41,10,0
9,44,0
25,22,0
43,21,0
5,22,0
3,16,0
26,14,0
27,5,0
21,22,0
1,18,0
28,29,0
36,36,0
33,27,0
15,12,0
15,8,0
18,29,0
44,25,0
39,17,0
26,45,0
39,34,0
7,25,0
43,35,0
10,17,0
11,28,0
30,34,0
15,21,0
45,14,0
10,32,0
13,28,0
17,35,0
31,11,0
45,21,0
49,32,0
36,22,0
14,20,0
42,19,0
48,18,0
33,16,0
39,22,0
27,25,0
20,31,0
20,37,0
41,27,0
15,6,0
14,8,0
17,37,0
10,37,0
4,29,0
35,15,0
33,37,0
22,3,0
11,10,0
44,11,0
2,28,0
17,29,0
42,20,0
48,23,0
30,24,0
21,15,0
17,11,0
30,12,0
46,28,0
17,20,0
18,1,0
48,28,0
7,22,0
7,34,0
11,14,0
44,19,0
13,45,0
37,38,0
12,19,0
25,41,0
30,48,0
29,46,0
13,17,0
21,28,0
25,9,0
22,1,0
29,31,0
45,25,0
5,27,0
27,20,0
4,32,0
10,12,0
11,12,0
25,16,0
8,23,0
34,41,0
29,28,0
33,24,0
43,37,0
31,5,0
18,17,0
23,31,0
34,12,0
16,21,0
47,32,0
19,7,0
7,37,0
21,48,0
25,21,0
16,9,0
6,15,0
23,10,0
44,14,0
12,41,0
29,1,0
16,16,0
33,37,0
42,30,0
35,30,0
14,16,0
22,19,0
21,3,0
9,16,0
28,48,0
5,23,0
39,10,0
16,31,0
44,25,0
26,32,0
9,14,0
14,31,0
19,40,0
16,13,0
11,18,0
34,46,0
26,40,0
32,10,0
24,24,0
14,45,0
15,39,0
29,25,0
20,37,0
26,25,0
4,12,0
20,14,0
19,15,0
33,26,0
17,19,0
43,30,0
28,32,0
22,33,0
8,28,0
17,13,0
6,23,0
7,24,0
34,9,0
49,28,0
26,22,0
1,22,0
28,27,0
37,13,0
19,39,0
15,38,0
28,23,0
33,14,0
18,36,0
29,41,0
41,18,0
46,34,0
32,6,0
23,42,0
38,8,0
290,37,1
291,38,1
300,23,1
277,26,1
274,25,1
276,35,1
311,40,1
294,26,1
309,30,1
313,32,1
286,46,1
315,23,1
272,22,1
286,45,1
289,14,1
296,37,1
285,32,1
305,17,1
273,31,1
300,27,1
300,47,1
301,10,1
314,19,1
300,42,1
303,24,1
308,14,1
295,42,1
313,19,1
312,15,1
298,23,1
309,14,1
287,22,1
297,39,1
304,7,1
292,41,1
297,9,1
305,39,1
299,47,1
293,28,1
292,11,1
295,46,1
292,4,1
311,34,1
291,24,1
299,22,1
295,42,1
304,3,1
288,9,1
317,14,1
315,31,1
294,27,1
316,14,1
312,11,1
304,14,1
299,37,1
319,31,1
271,26,1
315,28,1
277,36,1
312,23,1
271,30,1
276,16,1
311,26,1
276,40,1
317,31,1
291,19,1
288,16,1
278,14,1
306,31,1
283,13,1
293,40,1
287,7,1
280,6,1
303,46,1
312,12,1
301,16,1
312,19,1
287,27,1
294,49,1
304,42,1
302,24,1
314,10,1
295,0,1
312,28,1
293,10,1
295,49,1
317,22,1
296,31,1
312,20,1
297,16,1
280,34,1
286,5,1
279,14,1
302,20,1
312,21,1
300,30,1
295,15,1
298,2,1
283,27,1
298,40,1
305,28,1
287,13,1
310,23,1
316,18,1
284,19,1
292,23,1
294,10,1
305,37,1
292,39,1
291,13,1
310,43,1
279,11,1
274,36,1
309,9,1
297,5,1
299,39,1
278,22,1
316,35,1
313,23,1
302,7,1
311,42,1
285,27,1
319,26,1
278,29,1
297,27,1
271,26,1
316,17,1
278,26,1
290,39,1
308,15,1
296,11,1
285,6,1
305,24,1
298,18,1
288,19,1
290,10,1
289,42,1
276,40,1
295,41,1
293,17,1
276,23,1
286,21,1
313,25,1
307,15,1
278,27,1
312,43,1
301,49,1
289,10,1
308,20,1
297,42,1
308,5,1
303,40,1
290,28,1
274,31,1
306,21,1
285,33,1
294,47,1
279,25,1
281,9,1
315,21,1
287,3,1
297,14,1
307,35,1
312,38,1
312,32,1
291,38,1
293,30,1
315,16,1
290,17,1
274,34,1
290,42,1
301,4,1
277,11,1
282,42,1
285,14,1
304,9,1
311,31,1
285,4,1
300,35,1
285,31,1
292,28,1
313,24,1
307,17,1
290,10,1
304,3,1
271,27,1
305,3,1
314,19,1
304,37,1
308,46,1
303,47,1
316,35,1
318,30,1
272,34,1
312,22,1
279,11,1
317,36,1
292,29,1
276,11,1
319,18,1
292,44,1
275,20,1
298,22,1
291,42,1
302,25,1
317,32,1
282,12,1
314,22,1
312,42,1
293,34,1
277,42,1
299,17,1
295,23,1
280,20,1
291,7,1
273,27,1
301,1,1
298,35,1
290,47,1
290,38,1
305,28,1
308,15,1
304,11,1
289,48,1
290,9,1
301,11,1
290,2,1
303,11,1
294,13,1
301,46,1
299,10,1
317,33,1
282,27,1
309,23,1
308,6,1
282,26,1
275,29,1
314,23,1
280,39,1
311,13,1
296,36,1
274,15,1
316,38,1
274,32,1
303,22,1
292,14,1
286,24,1
283,10,1
283,20,1
290,7,1
311,28,1
313,20,1
302,19,1
295,50,1
294,46,1
304,33,1
298,32,1
282,33,1
292,5,1
284,34,1
305,41,1
279,15,1
284,38,1
274,16,1
284,35,1
299,3,1
288,23,1
305,20,1
313,17,1
310,37,1
290,29,1
314,19,1
287,44,1
303,23,1
299,33,1
301,46,1
285,25,1
281,28,1
292,9,1
302,10,1
274,15,1
302,35,1
283,19,1
319,21,1
291,48,1
303,5,1
300,28,1
294,31,1
301,48,1
291,40,1
318,29,1
312,43,1
308,4,1
275,35,1
302,2,1
295,34,1
273,23,1
312,12,1
306,34,1
290,37,1
283,30,1
295,20,1
288,49,1
305,47,1
276,29,1
306,41,1
316,37,1
271,19,1
281,5,1
296,43,1
306,9,1
293,34,1
306,38,1
302,29,1
301,41,1
294,39,1
292,48,1
280,23,1
272,28,1
307,39,1
305,31,1
278,39,1
292,21,1
303,4,1
305,35,1
300,30,1
315,28,1
276,14,1
308,22,1
304,40,1
299,29,1
282,16,1
295,22,1
302,39,1
272,27,1
300,45,1
282,46,1
276,26,1
304,48,1
313,9,1
309,41,1
280,36,1
307,4,1
304,23,1
312,20,1
310,21,1
308,8,1
312,10,1
313,15,1
296,2,1
318,31,1
309,26,1
307,16,1
314,37,1
302,11,1
277,40,1
284,44,1
304,36,1
303,27,1
281,44,1
278,40,1
296,3,1
299,46,1
293,4,1
285,33,1
278,27,1
301,20,1
315,23,1
308,31,1
284,30,1
289,4,1
286,10,1
314,21,1
292,26,1
310,16,1
283,16,1
278,16,1
280,23,1
276,13,1
297,21,1
294,13,1
311,33,1
291,41,1
302,19,1
290,37,1
297,48,1
314,12,1
305,22,1
306,37,1
290,43,1
299,45,1
287,11,1
293,5,1
318,30,1
286,14,1
276,10,1
306,12,1
306,29,1
300,18,1
286,2,1
308,4,1
279,32,1
304,46,1
298,43,1
290,36,1
280,10,1
288,4,1
287,43,1
278,43,1
286,23,1
301,5,1
286,13,1
304,24,1
300,31,1
311,23,1
276,35,1
281,32,1
317,19,1
288,31,1
299,28,1
291,46,1
295,15,1
276,37,1
301,49,1
303,40,1
295,14,1
307,16,1
298,38,1
303,18,1
302,16,1
303,39,1
308,16,1
309,10,1
287,12,1
278,29,1
297,48,1
301,13,1
311,8,1
298,25,1
281,29,1
291,3,1
285,37,1
298,32,1
282,23,1
282,11,1
293,42,1
300,27,1
272,31,1
305,29,1
310,29,1
290,7,1
278,37,1
314,17,1
299,45,1
284,11,1
279,19,1
284,41,1
283,15,1
291,32,1
279,17,1
290,25,1
275,33,1
288,7,1
293,8,1
298,5,1
310,7,1
297,18,1
282,26,1
278,43,1
308,41,1
278,32,1
285,21,1
284,5,1
295,6,1
279,20,1
291,39,1
305,19,1
296,6,1
317,15,1
272,17,1
301,32,1
286,8,1
300,38,1
276,22,1
304,4,1
289,39,1
287,22,1
297,40,1
303,32,1
284,39,1
288,22,1
290,38,1
313,31,1
277,41,1
292,17,1
289,48,1
275,19,1
312,41,1
299,2,1
308,29,1
315,31,1
307,10,1
292,6,1
282,45,1
304,30,1
317,36,1
302,44,1
308,42,1
275,27,1
272,22,1
290,30,1
299,40,1
307,39,1
282,10,1
304,17,1
299,20,1
320,25,1
308,31,1
308,38,1
288,14,1
285,27,1
300,10,1
278,32,1
315,15,1
305,38,1
314,38,1
304,13,1
296,18,1
300,16,1
299,28,1
281,32,1
307,19,1
278,20,1
297,49,1
285,14,1
281,45,1
288,42,1
291,39,1
300,42,1
271,30,1
293,7,1
283,23,1
311,24,1
279,24,1
296,15,1
318,25,1
279,38,1
271,30,1
313,42,1
279,18,1
306,14,1
315,24,1
296,44,1
305,6,1
285,31,1
311,12,1
290,1,1
288,6,1
306,41,1
286,23,1
299,18,1
311,30,1
288,14,1
305,13,1
309,21,1
279,40,1
277,19,1
289,30,1
283,43,1
284,13,1
306,35,1
283,28,1
272,23,1
287,47,1
288,19,1
315,10,1
278,28,1
280,15,1
284,43,1
299,12,1
275,29,1
303,9,1
281,14,1
296,22,1
272,25,1
305,28,1
294,10,1
283,40,1
312,39,1
292,30,1
279,37,1
295,15,1
301,3,1
290,37,1
299,16,1
309,26,1
276,33,1
303,23,1
297,37,1
276,23,1
