29,1,0
32,15,0
24,2,0
26,46,0
19,46,0
39,43,0
16,33,0
21,19,0
40,24,0
9,32,0
32,46,0
28,9,0
46,22,0
45,25,0
8,42,0
17,6,0
15,42,0
18,38,0
31,18,0
4,19,0
5,12,0
8,17,0
37,38,0
17,7,0
3,27,0
29,44,0
13,14,0
27,11,0
45,22,0
35,17,0
20,16,0
19,3,0
32,1,0
7,24,0
38,18,0
48,19,0
32,12,0
19,44,0
10,41,0
46,28,0
29,25,0
42,38,0
28,39,0
27,2,0
46,30,0
44,16,0
25,1,0
25,44,0
33,39,0
20,33,0
7,40,0
30,2,0
44,30,0
26,23,0
40,26,0
37,24,0
39,39,0
43,27,0
15,43,0
7,8,0
30,8,0
15,10,0
37,17,0
13,30,0
33,17,0
29,40,0
28,12,0
2,18,0
15,36,0
2,27,0
16,14,0
26,33,0
45,19,0
13,25,0
13,29,0
14,17,0
47,21,0
26,5,0
40,42,0
22,48,0
8,38,0
25,14,0
41,28,0
25,46,0
9,33,0
41,26,0
42,21,0
48,30,0
30,12,0
21,28,0
12,7,0
18,49,0
35,14,0
6,29,0
44,35,0
20,9,0
11,33,0
6,24,0
23,21,0
6,9,0
11,13,0
9,20,0
15,29,0
34,12,0
24,14,0
13,24,0
31,6,0
37,44,0
30,37,0
18,12,0
34,40,0
10,11,0
38,25,0
14,41,0
15,27,0
21,34,0
19,34,0
2,20,0
8,20,0
10,12,0
25,6,0
13,45,0
49,28,0
20,6,0
12,12,0
27,2,0
31,18,0
11,35,0
8,23,0
30,16,0
39,19,0
40,17,0
16,28,0
21,48,0
39,6,0
10,33,0
18,39,0
17,36,0
41,40,0
13,4,0
11,29,0
29,11,0
20,34,0
13,23,0
23,39,0
15,32,0
11,11,0
8,9,0
32,18,0
30,2,0
5,19,0
21,33,0
39,38,0
39,38,0
22,42,0
18,7,0
37,25,0
18,17,0
27,42,0
6,33,0
27,18,0
9,32,0
20,18,0
30,19,0
47,25,0
38,34,0
22,12,0
26,32,0
26,41,0
26,44,0
29,9,0
41,40,0
9,42,0
29,5,0
18,46,0
4,14,0
11,10,0
23,9,0
42,28,0
26,2,0
44,25,0
1,22,0
35,3,0
36,36,0
4,27,0
6,29,0
25,0,0
28,16,0
12,10,0
17,35,0
23,48,0
16,14,0
7,25,0
40,23,0
47,35,0
36,25,0
24,23,0
4,27,0
10,43,0
30,34,0
35,28,0
18,39,0
45,23,0
32,12,0
17,2,0
19,22,0
27,15,0
18,10,0
8,12,0
36,21,0
12,23,0
31,13,0
14,33,0
41,27,0
30,43,0
34,22,0
18,38,0
17,13,0
20,24,0
14,31,0
15,4,0
20,33,0
24,45,0
11,12,0
32,10,0
40,24,0
7,37,0
16,19,0
5,22,0
15,45,0
10,26,0
44,39,0
36,34,0
29,11,0
37,43,0
27,22,0
30,36,0
15,17,0
16,18,0
27,7,0
41,25,0
30,48,0
4,26,0
28,36,0
43,17,0
12,19,0
33,46,0
15,30,0
28,36,0
40,22,0
31,42,0
35,15,0
25,10,0
31,38,0
30,38,0
42,8,0
47,33,0
3,23,0
27,7,0
30,43,0
6,27,0
16,48,0
24,31,0
14,10,0
47,28,0
43,30,0
15,37,0
31,8,0
24,4,0
11,27,0
22,12,0
14,41,0
30,27,0
40,33,0
26,45,0
27,41,0
37,25,0
34,7,0
9,21,0
33,28,0
42,38,0
19,41,0
19,48,0
40,41,0
40,27,0
34,16,0
18,32,0
49,23,0
27,15,0
21,38,0
1,29,0
26,1,0
40,20,0
39,28,0
23,26,0
21,9,0
18,48,0
9,24,0
43,36,0
6,30,0
41,31,0
13,8,0
27,48,0
45,14,0
30,38,0
25,27,0
15,18,0
1,28,0
35,35,0
7,20,0
38,19,0
32,49,0
14,31,0
10,10,0
35,17,0
20,14,0
5,30,0
43,30,0
7,8,0
16,19,0
38,40,0
33,48,0
13,42,0
28,11,0
17,4,0
45,39,0
20,41,0
24,12,0
20,18,0
10,45,0
41,35,0
13,28,0
43,8,0
27,25,0
4,33,0
4,18,0
30,39,0
44,40,0
8,35,0
7,38,0
6,26,0
28,38,0
35,17,0
33,26,0
33,26,0
10,42,0
26,26,0
31,32,0
9,14,0
14,10,0
46,38,0
17,3,0
18,14,0
5,33,0
36,46,0
11,27,0
13,31,0
19,41,0
24,30,0
23,48,0
31,33,0
17,10,0
8,40,0
28,20,0
9,19,0
8,18,0
24,36,0
6,13,0
22,11,0
17,11,0
20,5,0
12,41,0
18,13,0
20,16,0
22,37,0
22,13,0
43,19,0
7,41,0
38,16,0
38,8,0
2,34,0
40,35,0
29,45,0
23,37,0
43,38,0
43,42,0
48,25,0
8,10,0
11,21,0
34,2,0
33,11,0
21,22,0
26,39,0
12,36,0
42,10,0
17,6,0
20,24,0
47,29,0
38,46,0
15,7,0
80,24,1
83,24,1
75,38,1
83,11,1
44,25,1
78,36,1
73,15,1
48,28,1
59,34,1
59,17,1
84,14,1
76,27,1
82,16,1
75,29,1
72,4,1
47,8,1
69,40,1
45,23,1
73,35,1
58,22,1
72,17,1
57,41,1
49,34,1
74,26,1
44,27,1
52,27,1
61,12,1
69,31,1
84,27,1
72,28,1
69,15,1
79,35,1
46,26,1
41,19,1
42,23,1
50,12,1
74,25,1
75,26,1
44,27,1
59,23,1
70,23,1
51,23,1
58,41,1
55,25,1
79,23,1
54,11,1
64,42,1
45,38,1
83,13,1
63,15,1
47,8,1
49,39,1
84,38,1
77,15,1
66,26,1
84,17,1
64,31,1
66,22,1
81,7,1
55,19,1
65,1,1
84,25,1
48,9,1
78,41,1
70,38,1
74,44,1
68,30,1
44,25,1
68,39,1
43,15,1
52,42,1
83,9,1
89,18,1
69,45,1
41,20,1
78,11,1
62,19,1
73,34,1
79,41,1
61,3,1
67,8,1
86,14,1
77,43,1
69,41,1
67,46,1
68,6,1
64,3,1
59,41,1
44,26,1
57,4,1
54,20,1
76,14,1
74,39,1
79,12,1
52,14,1
78,30,1
61,38,1
59,9,1
43,26,1
79,11,1
47,20,1
87,22,1
89,25,1
58,30,1
59,11,1
57,27,1
82,23,1
64,20,1
87,32,1
89,31,1
43,17,1
79,18,1
74,35,1
46,35,1
41,18,1
65,43,1
71,24,1
65,37,1
80,39,1
52,20,1
60,35,1
66,13,1
62,15,1
81,32,1
42,23,1
76,34,1
63,23,1
72,42,1
59,45,1
61,20,1
63,9,1
66,3,1
42,29,1
41,26,1
70,35,1
70,28,1
80,27,1
70,27,1
82,36,1
50,14,1
75,36,1
68,10,1
71,46,1
57,12,1
75,13,1
74,8,1
45,28,1
81,38,1
60,18,1
61,1,1
89,29,1
49,12,1
89,29,1
55,26,1
72,45,1
69,18,1
87,14,1
51,7,1
67,47,1
64,33,1
75,18,1
71,9,1
67,25,1
83,20,1
78,12,1
82,25,1
52,19,1
67,36,1
80,41,1
78,6,1
61,4,1
83,26,1
61,16,1
86,15,1
74,10,1
77,40,1
57,23,1
84,15,1
70,21,1
69,10,1
69,8,1
48,23,1
79,43,1
54,8,1
65,48,1
50,26,1
63,39,1
85,30,1
89,22,1
75,43,1
49,33,1
52,34,1
72,30,1
80,34,1
48,20,1
68,16,1
73,5,1
72,36,1
66,22,1
52,20,1
83,22,1
71,30,1
80,5,1
59,27,1
42,32,1
67,1,1
62,17,1
43,35,1
81,7,1
83,10,1
72,2,1
65,21,1
56,8,1
51,38,1
46,27,1
76,14,1
72,41,1
46,30,1
64,9,1
74,37,1
50,15,1
62,15,1
59,33,1
48,23,1
66,4,1
48,29,1
60,7,1
65,30,1
59,40,1
54,23,1
61,29,1
46,41,1
62,20,1
60,34,1
70,14,1
79,18,1
89,27,1
52,13,1
60,48,1
66,48,1
51,41,1
80,27,1
53,4,1
78,30,1
57,46,1
76,40,1
58,8,1
73,43,1
62,2,1
82,34,1
75,14,1
49,43,1
46,39,1
65,40,1
51,39,1
72,48,1
74,9,1
62,15,1
52,35,1
49,18,1
63,46,1
74,23,1
70,38,1
53,36,1
52,20,1
76,6,1
86,17,1
75,15,1
54,4,1
76,34,1
84,18,1
81,32,1
87,29,1
51,43,1
53,43,1
68,7,1
49,18,1
80,25,1
78,7,1
73,48,1
58,23,1
60,11,1
83,30,1
53,11,1
53,12,1
53,10,1
76,40,1
63,44,1
75,39,1
73,15,1
73,43,1
61,30,1
84,19,1
53,46,1
63,15,1
71,2,1
66,35,1
83,32,1
60,17,1
63,33,1
55,8,1
65,44,1
55,20,1
77,5,1
46,31,1
65,9,1
73,31,1
65,45,1
68,39,1
55,13,1
48,15,1
88,32,1
57,21,1
71,47,1
44,22,1
43,28,1
64,44,1
72,4,1
46,14,1
56,7,1
53,35,1
55,18,1
70,26,1
79,14,1
59,13,1
44,12,1
47,11,1
50,14,1
71,2,1
88,19,1
61,40,1
61,46,1
77,19,1
61,7,1
84,28,1
69,29,1
59,49,1
59,12,1
87,25,1
67,27,1
59,12,1
75,6,1
86,26,1
78,12,1
58,29,1
56,16,1
78,36,1
51,35,1
59,34,1
82,34,1
56,12,1
45,39,1
76,11,1
55,9,1
52,5,1
43,29,1
51,18,1
56,37,1
68,29,1
63,39,1
82,39,1
74,44,1
74,20,1
76,34,1
80,22,1
69,6,1
57,2,1
85,23,1
63,18,1
71,33,1
70,29,1
61,9,1
86,15,1
44,37,1
49,28,1
71,33,1
70,29,1
65,38,1
67,23,1
61,30,1
84,22,1
76,14,1
70,45,1
50,35,1
51,9,1
60,41,1
59,12,1
51,31,1
59,48,1
83,39,1
53,46,1
56,2,1
58,19,1
80,35,1
65,18,1
55,18,1
84,33,1
62,44,1
76,31,1
55,30,1
85,37,1
48,7,1
59,24,1
79,36,1
86,22,1
71,28,1
43,14,1
57,32,1
76,37,1
44,15,1
62,33,1
70,14,1
61,19,1
49,19,1
84,20,1
63,19,1
55,3,1
65,11,1
67,13,1
52,12,1
74,35,1
77,11,1
48,12,1
65,15,1
77,5,1
50,13,1
59,46,1
64,7,1
70,46,1
52,14,1
52,44,1
71,24,1
52,31,1
89,25,1
58,24,1
50,9,1
78,14,1
61,45,1
64,33,1
83,40,1
59,27,1
63,4,1
59,22,1
63,45,1
89,19,1
41,30,1
61,31,1
72,27,1
87,32,1
48,42,1
57,29,1
72,1,1
75,8,1
87,14,1
66,46,1
50,26,1
65,23,1
49,42,1
62,1,1
89,26,1
68,37,1
77,11,1
81,42,1
81,25,1
52,11,1
47,9,1
51,5,1
56,35,1
80,20,1
63,25,1
82,7,1
47,18,1
80,23,1
73,19,1
47,28,1
65,18,1
80,15,1
47,30,1
79,20,1
77,12,1
41,31,1
57,9,1
61,48,1
82,29,1
57,44,1
48,20,1
64,36,1
76,43,1
82,33,1
64,22,1
63,1,1
53,27,1
64,1,1
45,10,1
83,15,1
66,48,1
48,26,1
78,15,1
61,15,1
72,10,1
56,19,1
71,42,1
81,14,1
81,40,1
65,33,1
87,29,1
68,14,1
73,17,1
54,45,1
48,11,1
65,5,1
84,40,1
75,15,1
78,17,1
61,8,1
80,5,1
73,43,1
56,19,1
82,13,1
57,36,1
61,39,1
86,33,1
72,11,1
62,39,1
75,40,1
68,10,1
67,25,1
70,8,1
59,32,1
81,18,1
81,21,1
54,22,1
70,30,1
50,42,1
52,38,1
63,24,1
74,6,1
70,32,1
56,27,1
60,3,1
48,15,1
75,6,1
89,27,1
60,10,1
65,36,1
65,27,1
87,20,1
58,3,1
85,20,1
58,13,1
65,22,1
68,7,1
45,39,1
67,47,1
53,5,1
83,40,1
50,5,1
45,11,1
72,46,1
60,41,1
62,44,1
63,46,1
41,21,1
76,13,1
76,40,1
50,27,1
66,1,1
77,6,1
78,32,1
76,20,1
76,18,1
63,11,1
58,6,1
59,19,1
75,36,1
57,29,1
68,44,1
83,31,1
63,43,1
45,12,1
46,30,1
63,35,1
61,23,1
51,16,1
83,37,1
46,30,1
78,10,1
48,27,1
81,38,1
55,15,1
60,40,1
80,42,1
61,11,1
72,17,1
54,41,1
58,39,1
58,36,1
86,34,1
56,20,1
88,28,1
