26,42,0
10,22,0
33,7,0
31,7,0
38,25,0
36,42,0
7,14,0
41,38,0
5,32,0
26,17,0
31,33,0
38,17,0
22,34,0
39,13,0
22,20,0
24,26,0
23,40,0
19,34,0
40,14,0
39,36,0
45,26,0
29,41,0
19,37,0
31,42,0
26,13,0
9,18,0
29,23,0
34,35,0
32,40,0
36,9,0
30,48,0
24,45,0
40,42,0
7,40,0
9,25,0
20,42,0
45,40,0
34,29,0
18,16,0
7,42,0
18,39,0
7,20,0
24,15,0
36,12,0
6,19,0
32,20,0
44,41,0
3,30,0
34,7,0
19,44,0
36,17,0
3,32,0
31,18,0
22,1,0
24,10,0
21,19,0
22,27,0
40,36,0
10,25,0
23,28,0
46,30,0
36,36,0
5,26,0
13,32,0
37,5,0
3,18,0
12,28,0
22,23,0
30,39,0
30,5,0
36,41,0
19,10,0
5,39,0
9,27,0
31,16,0
17,15,0
42,32,0
32,13,0
37,40,0
44,17,0
43,13,0
47,33,0
3,16,0
30,47,0
23,24,0
3,19,0
22,47,0
42,29,0
27,31,0
27,18,0
15,14,0
21,14,0
28,36,0
32,36,0
21,43,0
30,26,0
24,28,0
35,39,0
22,48,0
37,5,0
21,8,0
6,34,0
37,36,0
14,39,0
24,24,0
47,34,0
8,13,0
17,40,0
46,20,0
36,23,0
44,32,0
12,16,0
22,24,0
4,23,0
16,46,0
44,38,0
14,46,0
34,11,0
48,20,0
46,30,0
20,17,0
35,15,0
2,29,0
49,19,0
10,28,0
19,23,0
15,42,0
16,19,0
19,20,0
45,14,0
19,26,0
44,12,0
13,41,0
18,34,0
13,44,0
34,7,0
13,23,0
47,24,0
7,31,0
12,4,0
16,11,0
6,35,0
37,9,0
15,45,0
30,45,0
33,22,0
33,47,0
21,19,0
31,28,0
22,5,0
7,28,0
9,33,0
18,20,0
3,32,0
28,23,0
32,31,0
29,2,0
26,16,0
16,11,0
33,9,0
48,20,0
34,23,0
38,35,0
5,30,0
41,13,0
30,29,0
37,27,0
28,42,0
20,33,0
19,26,0
17,45,0
37,44,0
15,14,0
16,5,0
36,41,0
24,12,0
37,46,0
13,37,0
13,26,0
35,22,0
18,38,0
35,26,0
34,16,0
31,34,0
36,44,0
27,12,0
34,46,0
42,14,0
49,30,0
37,26,0
38,25,0
3,17,0
31,7,0
24,38,0
9,23,0
45,19,0
40,9,0
14,28,0
31,37,0
47,30,0
31,11,0
36,13,0
37,13,0
35,25,0
11,10,0
9,42,0
13,14,0
39,41,0
24,43,0
39,29,0
21,13,0
23,6,0
31,16,0
28,27,0
25,15,0
49,29,0
29,43,0
19,15,0
21,14,0
9,28,0
37,18,0
19,41,0
10,21,0
19,14,0
28,18,0
18,43,0
7,16,0
5,19,0
36,3,0
20,12,0
35,41,0
27,23,0
35,14,0
35,31,0
17,48,0
8,43,0
34,18,0
10,9,0
43,36,0
25,45,0
32,10,0
27,6,0
28,16,0
23,7,0
18,14,0
16,43,0
38,39,0
34,27,0
6,10,0
15,24,0
31,8,0
17,22,0
2,29,0
27,10,0
11,23,0
36,42,0
17,9,0
26,3,0
38,36,0
2,27,0
43,13,0
19,16,0
27,8,0
20,49,0
22,12,0
19,38,0
27,18,0
19,3,0
35,29,0
20,19,0
3,33,0
12,4,0
9,12,0
28,49,0
23,29,0
41,26,0
20,41,0
24,37,0
45,18,0
6,10,0
12,39,0
32,22,0
24,4,0
24,16,0
31,45,0
35,12,0
32,18,0
19,40,0
14,34,0
16,39,0
41,6,0
44,27,0
14,24,0
9,9,0
21,1,0
25,0,0
36,42,0
29,27,0
4,27,0
9,34,0
41,21,0
34,4,0
10,27,0
10,32,0
29,31,0
39,8,0
16,18,0
24,8,0
29,4,0
15,3,0
45,23,0
5,35,0
37,37,0
10,26,0
22,16,0
24,4,0
13,31,0
18,20,0
24,36,0
18,19,0
24,42,0
28,1,0
37,35,0
48,28,0
19,9,0
25,5,0
6,25,0
17,28,0
19,30,0
25,21,0
1,19,0
24,22,0
14,17,0
3,25,0
7,19,0
38,19,0
35,24,0
22,26,0
17,12,0
30,21,0
38,27,0
44,35,0
11,25,0
30,6,0
10,32,0
44,13,0
43,18,0
46,15,0
43,27,0
35,34,0
8,11,0
36,42,0
25,24,0
14,34,0
11,12,0
38,7,0
11,9,0
10,26,0
29,40,0
32,38,0
14,46,0
1,22,0
23,38,0
30,7,0
25,13,0
27,36,0
11,5,0
7,31,0
19,35,0
5,32,0
25,31,0
16,37,0
19,12,0
16,22,0
28,24,0
42,29,0
9,9,0
16,14,0
10,20,0
38,24,0
1,28,0
49,26,0
37,35,0
29,4,0
10,6,0
39,26,0
46,23,0
24,2,0
23,24,0
16,10,0
5,24,0
48,19,0
35,8,0
30,6,0
14,37,0
43,18,0
47,26,0
48,27,0
40,35,0
6,27,0
52,30,1
68,17,1
59,47,1
69,11,1
70,1,1
85,31,1
60,6,1
70,20,1
78,15,1
63,31,1
49,42,1
54,7,1
44,29,1
61,34,1
63,32,1
67,43,1
84,9,1
64,29,1
61,20,1
48,22,1
55,12,1
76,20,1
50,11,1
77,29,1
78,44,1
81,32,1
62,36,1
80,29,1
76,41,1
54,45,1
58,32,1
86,12,1
79,41,1
56,43,1
80,37,1
44,32,1
78,8,1
75,16,1
76,31,1
46,18,1
54,38,1
47,12,1
43,27,1
76,29,1
72,21,1
64,27,1
68,14,1
88,26,1
63,17,1
82,39,1
83,28,1
56,6,1
56,39,1
64,43,1
64,47,1
68,21,1
70,3,1
79,25,1
62,38,1
44,29,1
48,16,1
82,35,1
63,18,1
54,30,1
74,39,1
64,3,1
56,31,1
73,35,1
79,19,1
58,9,1
51,8,1
81,11,1
42,22,1
79,41,1
71,18,1
84,17,1
64,39,1
68,30,1
70,38,1
62,34,1
71,10,1
53,22,1
55,38,1
86,22,1
83,15,1
58,3,1
49,36,1
66,42,1
41,32,1
62,17,1
77,45,1
50,33,1
82,29,1
72,1,1
48,40,1
67,48,1
62,41,1
52,5,1
77,8,1
79,33,1
58,28,1
78,22,1
61,13,1
43,22,1
63,39,1
48,29,1
57,33,1
85,37,1
69,21,1
54,34,1
66,33,1
63,49,1
65,41,1
55,22,1
80,16,1
73,6,1
49,37,1
85,38,1
46,13,1
52,16,1
74,26,1
56,2,1
45,34,1
51,18,1
71,43,1
58,24,1
63,2,1
74,17,1
69,9,1
55,43,1
82,13,1
70,20,1
46,9,1
66,10,1
71,43,1
65,12,1
49,19,1
52,13,1
56,22,1
66,34,1
65,15,1
43,30,1
72,46,1
87,30,1
71,24,1
70,40,1
52,33,1
48,26,1
47,38,1
70,11,1
49,35,1
75,21,1
80,34,1
87,23,1
63,13,1
56,35,1
88,23,1
55,13,1
50,19,1
51,25,1
79,6,1
77,42,1
46,38,1
73,42,1
69,7,1
82,30,1
57,25,1
53,6,1
67,6,1
65,35,1
73,15,1
66,32,1
68,45,1
87,35,1
69,47,1
60,48,1
45,13,1
52,10,1
53,7,1
64,28,1
87,16,1
67,31,1
61,31,1
66,34,1
45,39,1
82,40,1
46,18,1
48,20,1
57,31,1
50,42,1
63,47,1
61,26,1
60,33,1
55,6,1
68,39,1
79,12,1
82,16,1
63,20,1
68,49,1
76,23,1
80,40,1
57,20,1
64,42,1
79,29,1
88,27,1
72,20,1
58,43,1
60,27,1
68,29,1
50,35,1
60,26,1
50,25,1
62,31,1
63,26,1
78,46,1
72,10,1
41,26,1
57,30,1
48,29,1
84,17,1
46,25,1
74,24,1
51,45,1
62,18,1
61,1,1
54,18,1
76,29,1
86,31,1
80,24,1
74,42,1
66,16,1
80,30,1
46,35,1
52,37,1
44,22,1
67,9,1
79,5,1
50,11,1
76,24,1
73,23,1
48,7,1
50,34,1
46,35,1
66,39,1
78,42,1
86,20,1
49,20,1
74,40,1
64,36,1
69,44,1
45,28,1
80,22,1
65,19,1
73,27,1
85,36,1
53,20,1
51,29,1
41,18,1
81,24,1
73,29,1
62,46,1
51,20,1
62,25,1
54,31,1
61,36,1
41,25,1
59,36,1
80,13,1
76,5,1
61,14,1
54,21,1
68,29,1
41,26,1
51,18,1
84,9,1
63,10,1
63,30,1
74,20,1
44,32,1
59,42,1
63,21,1
54,16,1
61,3,1
55,7,1
73,44,1
84,30,1
56,3,1
67,28,1
72,41,1
44,17,1
85,39,1
78,38,1
68,45,1
60,49,1
50,42,1
57,12,1
44,26,1
74,17,1
58,47,1
53,26,1
73,47,1
54,5,1
57,39,1
89,23,1
52,30,1
54,37,1
46,9,1
50,19,1
83,11,1
88,21,1
73,46,1
73,38,1
64,44,1
82,10,1
59,38,1
48,27,1
64,36,1
55,18,1
59,25,1
57,3,1
66,29,1
81,18,1
78,6,1
81,20,1
58,28,1
46,32,1
72,21,1
70,40,1
84,32,1
53,38,1
44,30,1
76,17,1
80,26,1
75,24,1
80,29,1
73,2,1
62,42,1
83,12,1
78,22,1
65,8,1
76,43,1
69,8,1
75,21,1
87,19,1
62,1,1
60,29,1
73,17,1
45,39,1
64,7,1
50,34,1
66,9,1
78,40,1
53,27,1
41,26,1
82,15,1
67,40,1
51,41,1
86,14,1
59,6,1
76,41,1
76,14,1
52,25,1
78,41,1
64,26,1
53,40,1
45,34,1
85,40,1
59,40,1
78,25,1
43,31,1
48,39,1
83,25,1
66,35,1
41,19,1
60,28,1
72,48,1
65,24,1
56,44,1
60,23,1
71,39,1
44,27,1
64,4,1
77,38,1
68,18,1
84,26,1
59,46,1
67,15,1
70,3,1
59,6,1
82,28,1
45,33,1
42,24,1
73,32,1
66,47,1
64,42,1
78,10,1
49,25,1
81,42,1
69,17,1
61,44,1
59,40,1
83,13,1
74,11,1
59,33,1
41,23,1
45,39,1
68,32,1
68,11,1
78,18,1
59,33,1
62,12,1
73,14,1
87,29,1
53,34,1
52,34,1
72,15,1
65,31,1
61,41,1
61,2,1
48,10,1
72,30,1
72,15,1
74,18,1
42,28,1
76,25,1
68,22,1
49,23,1
75,45,1
48,31,1
50,17,1
63,34,1
68,24,1
60,40,1
50,37,1
78,5,1
81,18,1
65,27,1
65,47,1
68,22,1
74,17,1
53,37,1
61,6,1
77,9,1
54,40,1
60,37,1
66,14,1
64,26,1
62,32,1
52,35,1
69,2,1
64,23,1
76,47,1
89,22,1
83,41,1
54,4,1
75,14,1
74,36,1
76,25,1
47,40,1
57,4,1
80,34,1
87,17,1
44,36,1
68,40,1
52,12,1
59,20,1
53,21,1
49,34,1
80,6,1
69,31,1
73,23,1
52,13,1
75,44,1
74,2,1
68,40,1
82,32,1
81,39,1
48,15,1
58,3,1
46,14,1
74,26,1
79,11,1
66,1,1
75,30,1
58,30,1
62,16,1
62,33,1
72,49,1
71,47,1
83,19,1
66,2,1
87,20,1
63,18,1
67,43,1
77,38,1
73,44,1
84,11,1
67,30,1
67,18,1
76,34,1
47,31,1
74,17,1
88,23,1
75,39,1
43,35,1
51,39,1
90,25,1
63,10,1
69,24,1
45,14,1
47,40,1
53,5,1
66,5,1
59,42,1
46,18,1
71,14,1
49,16,1
47,25,1
71,3,1
77,27,1
59,26,1
81,34,1
70,16,1
72,11,1
73,3,1
65,6,1
82,30,1
66,29,1
83,30,1
86,16,1
71,46,1
64,41,1
63,1,1
68,2,1
86,30,1
58,2,1
84,34,1
43,29,1
70,34,1
74,8,1
54,18,1
73,34,1
87,29,1
75,27,1
41,23,1
52,40,1
66,31,1
88,33,1
87,18,1
70,13,1
65,22,1
47,19,1
67,35,1
60,22,1
59,13,1
82,13,1
63,20,1
78,36,1
65,2,1
49,32,1
74,12,1
70,17,1
70,23,1
62,16,1
43,15,1
54,45,1
65,7,1
53,8,1
49,24,1
44,37,1
71,4,1
52,14,1
69,25,1
54,42,1
53,43,1
78,23,1
64,13,1
75,13,1
60,32,1
53,9,1
58,12,1
77,15,1
45,29,1
74,33,1
69,29,1
65,36,1
71,35,1
67,22,1
44,36,1
51,18,1
82,31,1
47,34,1
65,6,1
58,37,1
79,41,1
44,37,1
88,31,1
76,8,1
42,34,1
72,8,1
