22,26,0
34,28,0
18,38,0
22,36,0
20,3,0
5,13,0
15,33,0
26,43,0
24,47,0
11,11,0
39,32,0
35,40,0
32,3,0
22,27,0
17,26,0
28,49,0
30,18,0
14,19,0
37,11,0
15,20,0
31,31,0
13,9,0
29,7,0
13,6,0
32,26,0
21,11,0
21,36,0
43,30,0
36,21,0
33,21,0
42,32,0
40,27,0
43,9,0
30,36,0
20,25,0
7,16,0
1,29,0
14,36,0
16,7,0
41,29,0
27,36,0
9,13,0
38,32,0
30,47,0
33,14,0
31,32,0
15,35,0
14,40,0
36,33,0
33,22,0
17,13,0
26,4,0
23,44,0
24,28,0
37,9,0
43,25,0
19,31,0
34,32,0
30,7,0
27,28,0
12,17,0
7,10,0
46,28,0
20,9,0
32,30,0
12,4,0
10,12,0
10,23,0
2,28,0
28,22,0
41,22,0
29,7,0
30,3,0
28,42,0
30,15,0
33,5,0
43,34,0
30,45,0
20,15,0
15,12,0
29,10,0
33,32,0
37,7,0
9,21,0
16,20,0
36,5,0
24,2,0
26,21,0
33,27,0
20,16,0
9,30,0
45,20,0
14,6,0
34,38,0
20,33,0
4,12,0
21,31,0
7,13,0
12,20,0
13,5,0
14,10,0
26,49,0
49,32,0
29,22,0
9,44,0
22,6,0
33,36,0
5,28,0
20,4,0
8,27,0
9,21,0
36,15,0
41,39,0
16,9,0
6,21,0
41,23,0
39,34,0
12,28,0
13,32,0
40,17,0
36,13,0
17,23,0
49,31,0
40,42,0
35,30,0
29,28,0
38,14,0
40,36,0
14,41,0
21,49,0
36,17,0
29,31,0
11,41,0
19,35,0
31,39,0
37,10,0
28,31,0
36,32,0
44,15,0
41,14,0
23,25,0
16,20,0
26,7,0
40,42,0
24,25,0
35,23,0
15,34,0
25,28,0
42,15,0
16,38,0
46,14,0
30,46,0
10,16,0
28,46,0
39,36,0
14,13,0
30,22,0
37,26,0
9,20,0
37,39,0
14,19,0
16,31,0
22,47,0
40,8,0
36,24,0
17,15,0
1,20,0
9,42,0
1,25,0
35,44,0
2,25,0
33,10,0
17,31,0
19,31,0
39,20,0
14,46,0
34,18,0
43,40,0
8,23,0
13,31,0
38,35,0
11,11,0
1,26,0
35,10,0
20,17,0
24,14,0
42,9,0
37,18,0
1,31,0
13,12,0
48,27,0
43,16,0
15,11,0
38,19,0
45,14,0
49,23,0
21,35,0
6,29,0
24,42,0
19,38,0
22,31,0
24,9,0
35,8,0
25,18,0
41,18,0
26,16,0
12,39,0
26,34,0
40,31,0
43,9,0
9,31,0
18,24,0
7,18,0
10,31,0
6,29,0
40,18,0
6,28,0
40,15,0
18,23,0
8,14,0
4,16,0
36,20,0
15,16,0
26,41,0
45,17,0
24,19,0
29,44,0
33,22,0
31,42,0
25,47,0
38,22,0
7,29,0
22,37,0
27,11,0
16,12,0
46,33,0
6,19,0
45,37,0
30,49,0
44,19,0
27,24,0
30,23,0
28,36,0
31,26,0
32,15,0
43,8,0
9,21,0
17,4,0
36,4,0
24,34,0
44,17,0
17,41,0
16,13,0
24,31,0
12,16,0
32,8,0
44,16,0
47,16,0
13,35,0
34,2,0
46,37,0
15,37,0
18,7,0
22,40,0
29,23,0
29,21,0
14,26,0
25,12,0
16,15,0
11,33,0
27,42,0
10,32,0
29,1,0
20,34,0
33,22,0
16,44,0
30,11,0
24,39,0
48,34,0
8,23,0
25,38,0
38,24,0
19,23,0
8,30,0
36,16,0
9,37,0
44,17,0
38,14,0
30,3,0
7,32,0
8,20,0
19,23,0
36,41,0
32,15,0
6,17,0
19,45,0
19,7,0
8,25,0
24,17,0
20,22,0
37,15,0
27,15,0
40,26,0
26,49,0
28,38,0
10,11,0
15,30,0
22,18,0
35,7,0
12,33,0
9,41,0
45,35,0
28,16,0
33,24,0
17,2,0
14,47,0
24,47,0
40,27,0
27,38,0
46,23,0
35,6,0
12,37,0
22,36,0
45,16,0
9,19,0
27,27,0
23,9,0
32,29,0
28,46,0
40,41,0
23,34,0
36,46,0
9,34,0
11,10,0
13,9,0
29,48,0
29,24,0
31,13,0
14,34,0
33,3,0
31,41,0
10,31,0
45,30,0
9,24,0
9,25,0
23,18,0
44,34,0
21,30,0
14,13,0
9,9,0
13,40,0
7,38,0
2,20,0
26,22,0
14,4,0
28,36,0
32,13,0
17,35,0
18,22,0
42,18,0
42,18,0
41,29,0
39,16,0
33,26,0
30,19,0
47,23,0
18,36,0
7,34,0
26,9,0
19,15,0
44,23,0
31,2,0
30,39,0
22,26,0
37,27,0
23,6,0
4,32,0
20,45,0
4,24,0
18,31,0
48,34,0
10,5,0
33,34,0
23,15,0
4,26,0
21,19,0
16,19,0
29,12,0
10,40,0
14,24,0
41,39,0
40,39,0
31,8,0
28,3,0
4,24,0
29,31,0
26,48,0
20,32,0
6,34,0
6,19,0
42,43,1
38,18,1
32,35,1
29,30,1
38,42,1
19,37,1
26,7,1
42,7,1
57,17,1
43,2,1
50,41,1
29,44,1
35,26,1
44,14,1
23,22,1
30,10,1
43,3,1
43,32,1
44,19,1
18,42,1
57,34,1
16,31,1
32,30,1
50,13,1
38,28,1
40,10,1
40,20,1
49,44,1
44,37,1
42,28,1
16,40,1
39,37,1
24,15,1
45,41,1
43,13,1
28,43,1
38,1,1
12,24,1
20,14,1
19,14,1
32,15,1
36,24,1
41,13,1
25,47,1
19,34,1
54,15,1
20,35,1
31,33,1
39,28,1
28,45,1
22,31,1
34,13,1
54,11,1
30,14,1
43,16,1
32,43,1
29,14,1
43,45,1
32,39,1
14,23,1
33,36,1
24,42,1
49,27,1
31,48,1
13,35,1
48,39,1
17,19,1
25,39,1
50,18,1
11,25,1
45,36,1
54,32,1
43,11,1
55,14,1
43,39,1
45,3,1
20,17,1
40,14,1
29,42,1
28,32,1
47,21,1
15,31,1
41,12,1
12,28,1
27,5,1
51,39,1
28,26,1
44,38,1
28,16,1
39,44,1
18,18,1
51,6,1
37,30,1
40,12,1
15,30,1
26,9,1
37,34,1
27,19,1
14,24,1
49,33,1
54,22,1
60,25,1
57,18,1
32,36,1
20,44,1
32,32,1
13,27,1
38,49,1
47,29,1
26,42,1
32,49,1
46,14,1
30,20,1
27,26,1
42,22,1
19,6,1
24,3,1
28,35,1
23,36,1
28,28,1
40,27,1
29,32,1
45,31,1
35,31,1
35,6,1
58,29,1
15,36,1
16,16,1
27,6,1
43,48,1
42,7,1
22,16,1
39,28,1
24,29,1
31,40,1
22,37,1
51,17,1
27,5,1
13,20,1
23,40,1
46,29,1
17,21,1
51,22,1
25,22,1
40,12,1
45,44,1
43,21,1
22,28,1
41,33,1
47,24,1
54,26,1
26,22,1
41,25,1
51,39,1
43,48,1
55,30,1
58,25,1
51,41,1
33,39,1
42,30,1
31,42,1
45,10,1
55,13,1
26,36,1
23,13,1
53,24,1
31,43,1
34,47,1
44,40,1
27,40,1
46,38,1
12,32,1
26,2,1
21,31,1
27,21,1
43,33,1
35,13,1
27,30,1
21,32,1
31,9,1
54,25,1
57,32,1
42,28,1
11,18,1
38,23,1
15,28,1
35,20,1
42,41,1
56,15,1
26,14,1
14,37,1
47,23,1
29,21,1
21,43,1
22,32,1
47,34,1
26,20,1
55,38,1
34,46,1
35,14,1
21,41,1
21,11,1
33,10,1
33,40,1
38,30,1
48,35,1
40,27,1
38,43,1
43,32,1
54,21,1
41,28,1
57,33,1
21,10,1
19,18,1
18,42,1
31,16,1
35,48,1
41,36,1
45,10,1
23,32,1
33,18,1
17,33,1
38,15,1
20,25,1
43,33,1
25,15,1
32,39,1
53,28,1
44,27,1
21,30,1
28,17,1
28,34,1
51,14,1
21,35,1
33,42,1
52,43,1
26,42,1
50,45,1
45,14,1
27,30,1
24,3,1
22,25,1
34,4,1
30,13,1
41,36,1
42,47,1
19,22,1
20,41,1
38,24,1
44,21,1
16,26,1
46,20,1
29,16,1
44,41,1
14,32,1
22,20,1
53,38,1
33,23,1
36,41,1
40,31,1
24,35,1
17,40,1
58,26,1
15,33,1
44,18,1
45,29,1
31,49,1
29,47,1
40,10,1
34,41,1
35,27,1
21,31,1
38,12,1
54,40,1
20,15,1
18,15,1
47,7,1
46,19,1
31,14,1
31,8,1
33,44,1
48,14,1
19,16,1
51,42,1
38,15,1
45,16,1
42,32,1
30,35,1
31,6,1
41,33,1
25,9,1
21,14,1
48,15,1
17,8,1
54,28,1
24,42,1
38,31,1
35,1,1
11,29,1
23,36,1
38,47,1
44,39,1
43,10,1
51,12,1
42,36,1
30,49,1
20,32,1
38,22,1
38,8,1
36,18,1
57,29,1
58,23,1
15,14,1
41,33,1
48,4,1
12,29,1
17,26,1
46,29,1
22,45,1
15,31,1
40,17,1
39,27,1
25,37,1
50,5,1
25,12,1
43,34,1
56,12,1
18,42,1
28,26,1
42,38,1
38,20,1
32,40,1
41,47,1
34,29,1
37,10,1
16,38,1
46,29,1
50,26,1
51,23,1
42,12,1
44,29,1
38,49,1
46,11,1
49,33,1
19,43,1
33,32,1
52,37,1
45,10,1
26,4,1
21,38,1
25,17,1
25,43,1
50,5,1
30,18,1
18,35,1
56,36,1
35,32,1
38,20,1
44,30,1
18,31,1
24,10,1
30,24,1
54,36,1
53,38,1
24,4,1
39,15,1
21,40,1
19,34,1
30,12,1
19,7,1
54,37,1
56,12,1
45,9,1
44,14,1
30,33,1
52,35,1
50,13,1
51,10,1
45,46,1
28,24,1
14,23,1
17,19,1
48,15,1
15,17,1
27,11,1
24,4,1
31,16,1
14,37,1
16,12,1
34,12,1
15,19,1
29,31,1
45,44,1
50,33,1
44,34,1
37,39,1
36,34,1
45,11,1
53,14,1
18,33,1
21,26,1
52,43,1
25,4,1
17,29,1
53,39,1
41,12,1
41,20,1
41,36,1
35,45,1
48,9,1
22,5,1
42,15,1
14,16,1
46,5,1
58,29,1
34,7,1
12,28,1
58,30,1
30,13,1
34,37,1
36,43,1
27,36,1
48,26,1
51,43,1
51,23,1
38,40,1
48,38,1
42,6,1
23,7,1
23,28,1
25,38,1
40,24,1
39,1,1
38,30,1
14,32,1
38,38,1
53,20,1
35,42,1
51,37,1
33,17,1
16,30,1
45,26,1
37,20,1
51,15,1
51,8,1
34,21,1
41,28,1
24,22,1
39,19,1
41,45,1
50,26,1
57,25,1
54,11,1
43,3,1
24,20,1
40,20,1
28,20,1
22,24,1
28,22,1
48,11,1
14,22,1
57,22,1
22,24,1
27,30,1
45,33,1
23,35,1
52,38,1
55,23,1
33,34,1
22,39,1
14,31,1
29,47,1
19,27,1
37,44,1
46,23,1
23,9,1
50,9,1
18,30,1
32,5,1
22,13,1
39,8,1
24,43,1
52,17,1
51,21,1
45,25,1
56,22,1
39,22,1
42,12,1
31,31,1
59,25,1
36,1,1
32,18,1
23,6,1
12,34,1
31,47,1
28,35,1
29,21,1
35,42,1
26,24,1
32,15,1
47,43,1
24,46,1
18,30,1
16,39,1
27,27,1
52,8,1
17,11,1
44,10,1
49,29,1
30,1,1
43,48,1
42,42,1
34,31,1
36,23,1
18,10,1
57,20,1
20,20,1
17,30,1
26,47,1
33,20,1
52,22,1
21,7,1
31,22,1
37,18,1
30,42,1
53,32,1
14,38,1
38,41,1
29,5,1
47,41,1
21,22,1
26,22,1
18,29,1
27,4,1
38,8,1
26,33,1
40,44,1
26,26,1
49,12,1
59,32,1
38,43,1
24,23,1
52,24,1
45,33,1
31,38,1
56,21,1
59,24,1
50,18,1
32,20,1
39,32,1
51,36,1
30,39,1
43,40,1
41,35,1
37,37,1
40,1,1
30,37,1
27,16,1
26,37,1
39,4,1
27,12,1
43,2,1
55,38,1
15,20,1
17,23,1
24,44,1
30,38,1
21,39,1
38,35,1
49,32,1
30,44,1
24,22,1
17,23,1
38,6,1
23,5,1
29,35,1
42,18,1
34,29,1
13,26,1
59,19,1
41,40,1
48,9,1
56,21,1
43,11,1
19,40,1
36,6,1
12,19,1
30,35,1
36,45,1
15,14,1
52,34,1
35,50,1
35,11,1
39,10,1
44,9,1
57,24,1
17,27,1
53,26,1
46,45,1
49,45,1
