21,29,0
49,20,0
24,8,0
3,25,0
37,33,0
29,8,0
12,7,0
24,27,0
18,4,0
40,8,0
16,21,0
46,32,0
31,2,0
6,33,0
18,34,0
36,8,0
26,3,0
3,25,0
20,33,0
46,23,0
18,3,0
49,32,0
44,13,0
7,34,0
21,31,0
16,8,0
31,29,0
7,32,0
34,13,0
11,42,0
9,35,0
41,26,0
22,16,0
38,25,0
22,32,0
17,42,0
38,27,0
14,5,0
35,39,0
38,24,0
34,9,0
35,32,0
27,31,0
11,25,0
5,38,0
48,19,0
46,33,0
46,16,0
44,38,0
45,10,0
22,40,0
39,42,0
32,1,0
4,15,0
32,35,0
14,30,0
37,37,0
31,43,0
12,13,0
45,30,0
8,40,0
31,38,0
45,25,0
31,2,0
43,36,0
14,25,0
47,29,0
26,44,0
35,44,0
33,2,0
16,44,0
19,15,0
23,28,0
32,39,0
7,9,0
7,17,0
12,6,0
23,27,0
19,1,0
36,47,0
47,19,0
9,8,0
13,9,0
19,43,0
11,34,0
46,29,0
24,1,0
43,15,0
25,28,0
44,36,0
47,36,0
21,43,0
7,25,0
20,8,0
36,28,0
17,10,0
46,22,0
23,11,0
24,23,0
19,41,0
35,33,0
11,44,0
27,20,0
22,49,0
8,23,0
46,23,0
17,3,0
23,3,0
19,32,0
16,17,0
17,12,0
46,30,0
36,14,0
9,20,0
35,23,0
17,37,0
23,6,0
24,3,0
30,21,0
25,24,0
16,16,0
10,15,0
34,42,0
15,8,0
47,33,0
38,43,0
32,32,0
27,37,0
1,22,0
21,2,0
32,13,0
27,26,0
20,26,0
16,4,0
35,46,0
39,21,0
38,10,0
23,16,0
25,24,0
44,28,0
39,15,0
30,42,0
32,2,0
24,6,0
4,22,0
31,38,0
29,10,0
31,46,0
17,41,0
12,14,0
34,27,0
16,14,0
19,34,0
11,5,0
18,32,0
18,40,0
12,39,0
10,31,0
27,27,0
15,13,0
18,38,0
4,17,0
13,4,0
44,12,0
34,48,0
17,32,0
38,24,0
14,38,0
20,17,0
27,14,0
48,19,0
27,10,0
30,27,0
46,29,0
27,27,0
23,30,0
44,11,0
25,40,0
12,29,0
35,45,0
30,11,0
33,7,0
28,32,0
25,4,0
27,46,0
29,25,0
7,21,0
15,20,0
15,31,0
36,20,0
43,34,0
19,3,0
34,5,0
17,8,0
31,35,0
37,39,0
7,14,0
3,17,0
8,10,0
36,11,0
14,47,0
6,41,0
7,9,0
17,14,0
15,33,0
17,26,0
23,33,0
18,38,0
24,49,0
31,17,0
37,10,0
33,19,0
40,31,0
33,40,0
18,12,0
33,8,0
12,16,0
29,1,0
9,17,0
43,18,0
49,30,0
10,30,0
6,35,0
1,19,0
30,16,0
41,20,0
46,16,0
30,12,0
40,42,0
6,35,0
23,39,0
26,46,0
20,49,0
7,9,0
7,10,0
6,31,0
40,26,0
26,27,0
32,27,0
25,36,0
16,29,0
28,38,0
34,22,0
12,10,0
21,19,0
41,29,0
44,35,0
27,24,0
14,30,0
35,37,0
25,4,0
37,8,0
42,31,0
5,21,0
16,48,0
31,9,0
40,43,0
33,41,0
19,37,0
37,45,0
17,18,0
14,27,0
9,7,0
17,6,0
40,41,0
40,35,0
17,8,0
12,36,0
16,26,0
7,32,0
41,19,0
7,24,0
15,33,0
47,29,0
28,36,0
5,29,0
20,15,0
38,28,0
42,22,0
22,6,0
27,9,0
20,8,0
16,35,0
47,29,0
18,19,0
4,29,0
39,39,0
6,16,0
40,11,0
12,22,0
4,15,0
40,20,0
27,46,0
4,26,0
41,11,0
22,25,0
10,34,0
31,31,0
23,34,0
39,26,0
48,33,0
30,42,0
16,47,0
26,25,0
34,11,0
25,21,0
43,37,0
44,32,0
39,18,0
13,23,0
35,39,0
14,16,0
44,23,0
12,37,0
23,39,0
18,7,0
19,40,0
35,33,0
34,19,0
17,40,0
14,18,0
36,30,0
41,12,0
22,42,0
9,32,0
42,7,0
20,6,0
16,12,0
39,40,0
17,24,0
38,22,0
31,26,0
26,16,0
12,32,0
28,3,0
37,44,0
8,35,0
39,24,0
18,14,0
30,12,0
38,9,0
46,24,0
2,22,0
7,12,0
19,25,0
20,27,0
20,14,0
31,47,0
6,36,0
48,18,0
18,48,0
25,38,0
34,26,0
16,14,0
34,25,0
26,3,0
19,32,0
20,30,0
32,8,0
23,38,0
39,15,0
10,25,0
26,46,0
46,15,0
11,8,0
36,30,0
17,33,0
41,10,0
42,37,0
34,21,0
4,15,0
38,11,0
32,2,0
21,21,0
18,2,0
12,24,0
42,14,0
41,11,0
2,20,0
37,24,0
40,5,0
9,22,0
16,28,0
13,22,0
21,7,0
33,30,0
38,16,0
20,24,0
22,2,0
44,32,0
30,48,0
33,20,0
45,35,0
36,23,0
19,37,0
18,28,0
29,33,0
14,11,0
36,4,0
46,18,0
30,11,1
11,24,1
50,24,1
55,35,1
32,35,1
24,16,1
25,23,1
31,26,1
25,7,1
51,38,1
29,28,1
34,10,1
19,31,1
37,7,1
48,36,1
39,1,1
42,8,1
38,39,1
59,29,1
44,28,1
22,31,1
54,38,1
44,48,1
37,3,1
50,20,1
56,12,1
39,12,1
49,27,1
24,34,1
18,35,1
30,45,1
20,23,1
50,35,1
48,13,1
31,22,1
57,14,1
21,35,1
44,18,1
44,17,1
43,43,1
24,3,1
54,38,1
40,21,1
53,42,1
51,10,1
33,42,1
35,21,1
18,41,1
38,6,1
52,27,1
48,12,1
38,40,1
23,31,1
13,14,1
52,42,1
47,7,1
38,15,1
49,34,1
39,33,1
15,28,1
53,12,1
29,2,1
29,19,1
45,47,1
50,44,1
52,28,1
27,28,1
36,4,1
19,42,1
12,27,1
44,22,1
35,28,1
42,10,1
30,12,1
22,12,1
30,4,1
22,14,1
47,6,1
44,3,1
58,26,1
36,49,1
36,11,1
34,22,1
57,19,1
16,18,1
21,43,1
32,13,1
37,18,1
13,30,1
56,18,1
51,25,1
35,40,1
46,13,1
54,15,1
48,12,1
35,24,1
38,13,1
30,20,1
42,4,1
32,15,1
15,23,1
16,40,1
33,21,1
21,14,1
49,42,1
19,34,1
49,45,1
50,42,1
35,10,1
53,40,1
48,14,1
48,24,1
28,4,1
36,29,1
26,45,1
42,39,1
24,19,1
26,35,1
53,13,1
43,37,1
38,18,1
52,26,1
27,29,1
27,17,1
14,30,1
47,41,1
22,7,1
56,22,1
46,30,1
27,16,1
33,17,1
20,38,1
37,29,1
33,48,1
38,25,1
31,37,1
36,20,1
42,10,1
44,41,1
49,31,1
35,47,1
11,24,1
18,7,1
39,10,1
47,30,1
28,22,1
56,32,1
57,27,1
51,17,1
21,45,1
24,7,1
35,37,1
31,20,1
29,38,1
32,30,1
49,38,1
42,26,1
41,8,1
59,25,1
45,9,1
21,32,1
52,11,1
53,24,1
37,42,1
28,23,1
52,32,1
18,31,1
51,18,1
17,26,1
28,7,1
40,46,1
40,36,1
26,43,1
46,11,1
16,41,1
35,15,1
30,42,1
36,21,1
33,13,1
34,23,1
48,27,1
55,40,1
25,17,1
36,42,1
28,23,1
12,20,1
34,38,1
46,7,1
34,17,1
29,19,1
21,15,1
37,23,1
47,15,1
51,41,1
12,33,1
39,44,1
38,25,1
19,27,1
43,8,1
18,43,1
17,13,1
30,1,1
26,47,1
48,23,1
40,39,1
39,25,1
19,35,1
57,31,1
29,31,1
20,27,1
37,13,1
52,26,1
51,27,1
26,33,1
12,29,1
29,4,1
19,34,1
21,32,1
14,18,1
31,35,1
17,21,1
37,42,1
50,22,1
24,26,1
20,42,1
44,27,1
51,41,1
27,38,1
55,33,1
30,47,1
21,6,1
37,15,1
42,23,1
16,37,1
45,31,1
21,22,1
31,35,1
14,31,1
17,25,1
33,11,1
35,11,1
23,9,1
14,13,1
39,15,1
33,34,1
39,35,1
53,30,1
12,22,1
59,18,1
54,34,1
39,5,1
57,28,1
30,45,1
19,12,1
16,17,1
26,14,1
14,13,1
31,16,1
26,36,1
58,20,1
54,37,1
53,22,1
18,23,1
48,15,1
37,23,1
11,23,1
32,15,1
29,18,1
25,33,1
40,34,1
30,42,1
49,29,1
54,12,1
20,32,1
52,16,1
36,9,1
41,41,1
38,45,1
44,21,1
24,43,1
28,42,1
51,7,1
32,33,1
44,31,1
36,30,1
45,20,1
47,40,1
39,12,1
34,33,1
53,35,1
39,23,1
48,36,1
48,14,1
27,34,1
49,19,1
49,16,1
30,35,1
36,12,1
24,10,1
48,6,1
12,32,1
30,46,1
57,21,1
44,18,1
37,28,1
17,34,1
48,28,1
45,43,1
53,18,1
24,10,1
30,13,1
38,11,1
12,29,1
47,15,1
50,5,1
39,22,1
39,16,1
19,26,1
35,42,1
20,5,1
58,19,1
38,16,1
35,20,1
21,20,1
25,36,1
34,41,1
36,13,1
46,41,1
29,29,1
20,25,1
49,27,1
48,32,1
45,39,1
42,16,1
17,23,1
36,19,1
56,23,1
13,29,1
19,19,1
29,7,1
31,42,1
36,45,1
50,45,1
28,45,1
37,24,1
30,26,1
28,1,1
35,50,1
47,30,1
20,12,1
41,40,1
23,42,1
16,35,1
30,13,1
34,4,1
56,19,1
30,33,1
45,10,1
40,47,1
32,22,1
27,48,1
44,30,1
45,30,1
34,27,1
14,23,1
15,27,1
18,32,1
14,21,1
40,41,1
53,25,1
52,37,1
21,22,1
49,8,1
42,37,1
50,23,1
17,27,1
41,43,1
19,29,1
41,35,1
55,27,1
44,46,1
42,47,1
39,17,1
42,32,1
59,19,1
53,39,1
33,22,1
35,31,1
19,10,1
29,46,1
30,42,1
27,22,1
51,7,1
27,12,1
19,13,1
27,42,1
36,8,1
44,5,1
26,42,1
58,31,1
24,39,1
27,41,1
24,47,1
34,16,1
53,21,1
46,41,1
24,3,1
50,14,1
38,37,1
47,4,1
52,12,1
52,31,1
16,22,1
15,39,1
51,22,1
39,6,1
20,9,1
50,9,1
23,41,1
29,11,1
52,7,1
58,21,1
55,35,1
28,1,1
38,17,1
25,15,1
39,4,1
26,12,1
44,46,1
39,22,1
45,34,1
39,1,1
49,45,1
53,20,1
32,48,1
35,8,1
56,21,1
17,36,1
36,8,1
25,37,1
59,29,1
20,38,1
35,49,1
21,44,1
59,30,1
32,27,1
19,19,1
44,7,1
43,12,1
24,40,1
20,31,1
12,17,1
43,9,1
37,35,1
26,44,1
52,36,1
17,19,1
40,38,1
50,38,1
49,40,1
23,14,1
57,36,1
32,39,1
31,38,1
56,16,1
17,32,1
46,39,1
49,12,1
21,17,1
13,22,1
42,5,1
18,15,1
27,43,1
46,10,1
38,37,1
33,8,1
17,25,1
19,26,1
22,20,1
34,23,1
17,27,1
18,19,1
23,46,1
51,19,1
44,32,1
51,9,1
12,27,1
23,18,1
54,36,1
21,6,1
36,25,1
43,9,1
48,40,1
41,8,1
50,34,1
44,2,1
51,23,1
57,27,1
48,45,1
27,30,1
42,44,1
46,43,1
24,11,1
40,35,1
21,15,1
34,38,1
28,9,1
37,12,1
18,40,1
27,43,1
31,12,1
16,40,1
59,29,1
25,47,1
30,11,1
23,16,1
26,15,1
23,28,1
29,14,1
14,32,1
42,8,1
57,18,1
43,25,1
44,26,1
55,10,1
17,17,1
43,16,1
26,30,1
14,37,1
34,38,1
44,10,1
22,40,1
42,18,1
30,4,1
42,28,1
37,33,1
54,34,1
44,9,1
43,3,1
32,48,1
29,41,1
36,38,1
31,28,1
54,19,1
18,39,1
31,5,1
38,8,1
14,38,1
30,8,1
12,17,1
28,32,1
43,13,1
15,38,1
24,24,1
47,16,1
36,4,1
51,32,1
29,4,1
56,12,1
32,32,1
37,18,1
11,24,1
32,41,1
30,15,1
34,24,1
26,32,1
59,24,1
36,16,1
36,8,1
25,18,1
25,44,1
33,29,1
11,29,1
40,38,1
41,32,1
43,11,1
21,18,1
31,49,1
38,17,1
23,30,1
23,5,1
29,25,1
14,26,1
46,7,1
31,22,1
53,17,1
17,21,1
56,30,1
41,1,1
28,35,1
13,22,1
53,15,1
45,43,1
44,26,1
16,21,1
24,24,1
23,10,1
56,27,1
59,19,1
14,23,1
