15,41,0
28,17,0
38,39,0
17,42,0
18,38,0
48,30,0
12,36,0
17,5,0
24,20,0
23,45,0
19,48,0
15,45,0
5,30,0
35,9,0
17,23,0
29,18,0
19,31,0
38,13,0
21,49,0
30,41,0
20,30,0
47,26,0
34,32,0
13,24,0
21,36,0
43,37,0
43,15,0
16,11,0
18,47,0
28,33,0
49,19,0
7,24,0
34,6,0
21,13,0
23,26,0
34,37,0
2,34,0
2,24,0
5,16,0
34,36,0
47,22,0
43,21,0
41,22,0
40,9,0
41,25,0
19,48,0
36,14,0
32,13,0
6,15,0
32,47,0
21,47,0
35,45,0
35,12,0
12,32,0
22,38,0
39,25,0
42,18,0
24,43,0
33,9,0
34,10,0
39,24,0
17,12,0
33,33,0
40,14,0
29,6,0
40,30,0
40,29,0
45,35,0
45,35,0
17,11,0
47,23,0
34,19,0
41,21,0
36,29,0
41,31,0
39,38,0
37,24,0
11,34,0
41,38,0
23,20,0
34,10,0
26,44,0
24,9,0
43,20,0
12,20,0
25,20,0
31,46,0
12,38,0
27,43,0
32,30,0
15,8,0
15,40,0
19,7,0
46,36,0
34,6,0
16,20,0
37,44,0
2,18,0
29,15,0
24,47,0
43,28,0
23,12,0
43,20,0
39,22,0
18,46,0
33,41,0
30,16,0
37,24,0
15,40,0
19,48,0
26,44,0
12,7,0
27,25,0
13,13,0
46,13,0
36,11,0
25,16,0
7,41,0
30,26,0
7,37,0
9,23,0
32,41,0
32,9,0
37,35,0
23,43,0
4,21,0
1,32,0
41,31,0
9,10,0
12,14,0
35,20,0
20,31,0
25,50,0
9,30,0
16,40,0
10,18,0
8,9,0
32,10,0
17,37,0
12,14,0
48,27,0
13,5,0
23,24,0
23,32,0
46,19,0
17,13,0
10,6,0
17,13,0
8,15,0
20,27,0
39,41,0
24,1,0
40,30,0
39,45,0
45,17,0
33,17,0
23,26,0
24,2,0
15,6,0
38,26,0
42,11,0
32,15,0
14,34,0
48,25,0
7,19,0
33,29,0
8,31,0
36,25,0
3,29,0
22,24,0
39,24,0
25,6,0
38,12,0
16,10,0
44,18,0
32,21,0
45,22,0
32,37,0
15,37,0
34,16,0
48,24,0
20,33,0
44,11,0
43,19,0
35,39,0
31,3,0
37,8,0
16,11,0
20,11,0
19,49,0
26,16,0
43,25,0
4,20,0
47,35,0
26,48,0
11,39,0
10,14,0
36,38,0
23,41,0
27,17,0
14,7,0
44,14,0
25,1,0
8,31,0
26,31,0
25,23,0
9,8,0
39,13,0
5,31,0
8,8,0
44,19,0
36,40,0
34,3,0
20,41,0
42,18,0
7,34,0
10,36,0
8,32,0
35,28,0
31,6,0
16,30,0
31,25,0
32,17,0
32,42,0
9,16,0
28,5,0
14,21,0
32,25,0
27,8,0
16,42,0
22,34,0
17,29,0
31,10,0
18,31,0
14,17,0
21,31,0
12,21,0
30,26,0
21,21,0
26,46,0
28,30,0
17,18,0
7,35,0
23,20,0
33,23,0
26,26,0
12,33,0
45,19,0
21,35,0
38,22,0
13,31,0
31,2,0
35,42,0
17,15,0
17,47,0
5,37,0
26,6,0
28,1,0
24,20,0
17,18,0
17,2,0
29,22,0
21,44,0
22,27,0
39,20,0
27,26,0
27,5,0
42,26,0
8,20,0
21,36,0
32,46,0
40,14,0
29,7,0
16,38,0
16,19,0
1,24,0
47,23,0
20,33,0
47,23,0
45,12,0
42,41,0
32,18,0
8,38,0
46,34,0
26,4,0
23,20,0
10,44,0
19,30,0
34,40,0
12,18,0
23,27,0
36,9,0
34,30,0
35,25,0
37,23,0
6,39,0
34,21,0
44,35,0
22,8,0
12,37,0
40,24,0
26,16,0
44,11,0
39,22,0
24,36,0
38,17,0
18,31,0
40,24,0
17,23,0
29,17,0
11,15,0
27,48,0
20,35,0
47,34,0
27,3,0
45,37,0
3,17,0
1,23,0
25,30,0
19,40,0
40,39,0
4,25,0
5,37,0
12,29,0
25,19,0
35,9,0
44,40,0
22,46,0
19,9,0
17,27,0
35,36,0
18,15,0
14,25,0
17,45,0
28,12,0
44,38,0
16,29,0
9,32,0
3,21,0
49,24,0
29,25,0
42,30,0
14,3,0
19,12,0
13,7,0
0,25,0
22,29,0
18,17,0
13,6,0
32,42,0
17,29,0
34,5,0
19,30,0
33,15,0
35,43,0
10,11,0
44,27,0
35,3,0
16,3,0
12,40,0
7,31,0
42,36,0
13,22,0
24,1,0
5,15,0
24,45,0
25,46,0
42,35,0
41,9,0
28,11,0
33,33,0
46,36,0
30,25,0
25,46,0
36,31,0
23,6,0
8,38,0
2,34,0
25,35,0
30,32,0
18,22,0
40,27,0
22,11,0
34,34,0
11,10,0
25,14,0
25,39,0
24,28,0
46,14,0
30,9,0
18,48,0
19,32,0
12,28,0
45,39,0
26,30,0
12,18,0
31,13,0
33,2,0
13,27,0
11,39,0
19,24,1
36,19,1
12,39,1
29,15,1
10,6,1
33,2,1
5,25,1
5,18,1
41,22,1
3,32,1
19,16,1
35,45,1
23,44,1
35,40,1
35,25,1
15,20,1
7,19,1
31,34,1
16,25,1
26,46,1
47,18,1
37,5,1
10,36,1
1,27,1
4,32,1
32,32,1
41,34,1
24,24,1
43,41,1
14,38,1
24,34,1
44,16,1
11,36,1
10,42,1
31,11,1
8,13,1
36,27,1
15,24,1
46,32,1
9,28,1
34,41,1
23,22,1
28,40,1
33,16,1
3,22,1
31,35,1
5,40,1
26,6,1
16,18,1
44,35,1
20,45,1
17,32,1
38,46,1
31,32,1
14,43,1
48,25,1
31,6,1
36,30,1
24,12,1
16,29,1
46,25,1
20,43,1
2,25,1
21,43,1
13,35,1
23,31,1
16,34,1
27,39,1
19,20,1
23,30,1
36,32,1
17,25,1
43,38,1
32,48,1
8,19,1
49,32,1
44,11,1
30,22,1
27,1,1
28,9,1
38,25,1
42,33,1
33,46,1
15,43,1
23,36,1
16,32,1
45,11,1
40,40,1
47,16,1
31,9,1
6,32,1
11,17,1
4,20,1
37,40,1
31,39,1
16,33,1
12,41,1
37,33,1
12,19,1
34,24,1
34,10,1
6,31,1
2,33,1
49,28,1
17,16,1
50,25,1
6,12,1
29,1,1
11,10,1
36,36,1
19,35,1
6,27,1
41,29,1
45,22,1
35,8,1
29,43,1
38,41,1
41,37,1
38,9,1
37,42,1
18,33,1
37,14,1
8,20,1
35,18,1
7,22,1
18,15,1
4,13,1
7,35,1
39,21,1
33,39,1
17,21,1
36,33,1
46,36,1
15,26,1
36,15,1
23,41,1
47,32,1
23,25,1
15,13,1
38,32,1
1,26,1
18,29,1
38,18,1
32,10,1
4,23,1
36,29,1
25,32,1
27,33,1
21,9,1
14,43,1
38,33,1
11,27,1
30,13,1
6,30,1
9,10,1
25,17,1
15,19,1
40,44,1
38,25,1
21,10,1
1,30,1
8,8,1
12,29,1
8,19,1
28,40,1
13,24,1
16,35,1
17,47,1
10,28,1
32,6,1
36,3,1
4,33,1
44,27,1
26,22,1
17,35,1
42,39,1
47,29,1
17,18,1
23,35,1
8,14,1
48,21,1
9,17,1
41,38,1
21,12,1
1,27,1
23,26,1
21,34,1
17,46,1
9,24,1
13,16,1
41,8,1
32,34,1
19,2,1
22,35,1
22,31,1
31,38,1
11,21,1
22,24,1
28,30,1
38,31,1
2,33,1
2,22,1
45,24,1
14,43,1
25,22,1
26,43,1
25,27,1
27,13,1
23,12,1
25,48,1
23,41,1
21,23,1
12,20,1
8,25,1
28,38,1
22,10,1
48,29,1
39,30,1
12,12,1
48,31,1
32,24,1
34,47,1
32,5,1
15,5,1
17,31,1
27,14,1
6,20,1
30,29,1
47,28,1
48,34,1
25,4,1
47,23,1
34,44,1
40,37,1
42,31,1
10,36,1
30,45,1
42,38,1
6,17,1
27,38,1
29,39,1
9,9,1
21,27,1
35,16,1
36,45,1
32,41,1
30,39,1
17,48,1
13,18,1
22,43,1
47,19,1
9,42,1
16,32,1
28,21,1
42,35,1
38,29,1
29,7,1
46,19,1
39,29,1
31,29,1
42,16,1
22,40,1
19,41,1
21,11,1
3,17,1
27,7,1
10,45,1
29,14,1
26,47,1
24,22,1
46,28,1
11,8,1
36,5,1
31,6,1
47,18,1
22,1,1
13,7,1
26,17,1
37,9,1
5,40,1
12,8,1
12,17,1
36,37,1
9,15,1
19,40,1
6,32,1
32,26,1
12,34,1
22,24,1
27,33,1
43,42,1
32,38,1
19,42,1
3,19,1
40,43,1
43,23,1
10,12,1
31,45,1
17,40,1
6,14,1
4,25,1
9,18,1
45,25,1
40,30,1
41,8,1
37,14,1
45,25,1
48,19,1
25,15,1
17,46,1
34,44,1
14,33,1
47,16,1
24,14,1
39,38,1
41,28,1
33,18,1
42,25,1
17,2,1
28,11,1
24,6,1
45,11,1
25,24,1
45,36,1
44,28,1
18,19,1
39,38,1
23,9,1
20,14,1
24,48,1
24,33,1
10,19,1
30,18,1
4,24,1
21,44,1
17,43,1
18,30,1
20,45,1
35,6,1
33,37,1
47,24,1
36,17,1
7,19,1
40,15,1
26,26,1
29,15,1
13,19,1
34,17,1
27,4,1
47,35,1
13,24,1
5,19,1
11,11,1
38,38,1
16,13,1
7,22,1
9,8,1
29,18,1
45,34,1
39,7,1
28,26,1
43,40,1
13,21,1
37,9,1
8,25,1
24,25,1
44,24,1
9,17,1
10,17,1
42,39,1
30,17,1
40,7,1
26,43,1
25,2,1
19,21,1
35,19,1
36,23,1
41,36,1
15,37,1
6,15,1
5,36,1
11,15,1
40,24,1
18,35,1
4,32,1
17,36,1
18,41,1
15,12,1
28,44,1
23,3,1
42,40,1
16,14,1
6,20,1
27,37,1
5,17,1
33,33,1
26,36,1
31,25,1
9,17,1
9,40,1
18,24,1
42,28,1
27,9,1
41,16,1
27,34,1
29,1,1
39,14,1
28,33,1
7,21,1
5,30,1
27,46,1
31,6,1
37,29,1
12,33,1
42,22,1
11,29,1
47,24,1
19,41,1
2,18,1
33,48,1
12,32,1
21,37,1
17,2,1
13,20,1
35,20,1
9,35,1
12,27,1
22,2,1
28,26,1
42,32,1
46,34,1
28,27,1
43,18,1
27,47,1
33,11,1
36,24,1
7,41,1
25,2,1
38,25,1
26,17,1
15,29,1
16,32,1
21,5,1
11,25,1
7,28,1
8,43,1
19,33,1
21,41,1
50,25,1
22,26,1
42,31,1
44,27,1
34,29,1
26,14,1
25,10,1
30,35,1
49,19,1
46,13,1
22,28,1
14,9,1
19,3,1
33,15,1
48,27,1
35,11,1
22,3,1
25,10,1
43,40,1
18,6,1
6,38,1
10,38,1
37,36,1
40,44,1
15,32,1
37,36,1
41,42,1
37,32,1
25,21,1
32,9,1
45,32,1
19,22,1
38,39,1
38,13,1
32,31,1
37,40,1
22,9,1
6,41,1
13,35,1
3,25,1
46,31,1
47,26,1
23,18,1
10,12,1
20,26,1
21,25,1
1,28,1
3,21,1
14,40,1
33,11,1
16,32,1
23,41,1
19,48,1
22,34,1
33,29,1
4,31,1
9,25,1
7,10,1
25,36,1
10,36,1
35,31,1
30,20,1
47,17,1
26,7,1
7,31,1
24,27,1
28,36,1
21,27,1
34,32,1
6,36,1
44,16,1
26,21,1
10,30,1
9,13,1
23,47,1
16,36,1
5,29,1
18,11,1
40,31,1
25,22,1
9,6,1
13,21,1
47,18,1
27,33,1
25,15,1
14,17,1
24,7,1
20,11,1
38,32,1
13,5,1
14,34,1
23,27,1
39,23,1
26,41,1
27,14,1
24,49,1
18,22,1
23,21,1
6,24,1
24,41,1
35,23,1
27,14,1
12,10,1
37,40,1
36,5,1
49,27,1
25,11,1
32,22,1
23,46,1
21,46,1
23,11,1
32,24,1
37,24,1
19,31,1
24,7,1
42,35,1
46,30,1
7,41,1
21,49,1
23,26,1
9,32,1
18,1,1
26,42,1
27,30,1
7,31,1
27,23,1
10,7,1
14,6,1
6,16,1
48,28,1
49,23,1
14,16,1
42,34,1
29,21,1
12,37,1
23,1,1
18,18,1
8,21,1
33,16,1
19,37,1
12,9,1
8,33,1
39,35,1
42,29,1
45,20,1
42,43,1
36,11,1
11,39,1
33,39,1
21,21,1
41,20,1
29,40,1
