38,43,0
1,22,0
9,40,0
20,37,0
17,33,0
46,36,0
21,21,0
21,18,0
38,29,0
37,7,0
44,38,0
46,21,0
15,23,0
26,12,0
24,41,0
40,24,0
30,27,0
50,25,0
14,12,0
28,6,0
43,36,0
31,15,0
32,17,0
19,9,0
28,24,0
16,10,0
48,34,0
19,28,0
8,18,0
24,30,0
5,18,0
30,14,0
39,23,0
10,42,0
37,25,0
20,25,0
22,3,0
29,36,0
32,24,0
10,12,0
24,5,0
38,8,0
6,21,0
36,11,0
35,46,0
35,34,0
43,14,0
46,16,0
17,18,0
8,21,0
28,29,0
24,37,0
14,9,0
35,43,0
28,16,0
45,20,0
35,47,0
48,31,0
33,12,0
24,35,0
42,18,0
8,15,0
3,18,0
33,13,0
9,26,0
41,9,0
33,6,0
44,35,0
13,8,0
38,31,0
21,4,0
26,19,0
12,45,0
25,12,0
11,13,0
50,25,0
8,13,0
34,6,0
38,42,0
8,18,0
45,27,0
2,32,0
36,36,0
16,19,0
24,6,0
40,28,0
32,44,0
9,36,0
42,10,0
24,13,0
16,4,0
27,6,0
33,15,0
47,21,0
7,30,0
49,24,0
36,45,0
14,25,0
33,36,0
19,12,0
19,20,0
36,12,0
24,7,0
26,46,0
22,7,0
9,17,0
27,10,0
17,44,0
26,40,0
4,31,0
4,25,0
27,38,0
25,24,0
2,20,0
38,22,0
41,34,0
31,19,0
22,20,0
24,15,0
24,18,0
14,24,0
28,46,0
3,31,0
30,8,0
49,27,0
9,32,0
37,44,0
17,18,0
8,15,0
11,33,0
28,1,0
22,26,0
22,1,0
32,20,0
27,47,0
20,22,0
25,35,0
34,12,0
37,32,0
26,1,0
35,18,0
25,9,0
43,38,0
44,9,0
7,18,0
29,1,0
17,24,0
32,24,0
36,12,0
9,12,0
14,36,0
4,37,0
19,35,0
15,33,0
6,38,0
15,29,0
5,32,0
23,41,0
40,25,0
34,43,0
37,25,0
20,10,0
12,11,0
48,17,0
26,43,0
47,19,0
34,18,0
33,42,0
30,41,0
23,43,0
7,16,0
21,26,0
16,3,0
25,17,0
46,22,0
19,39,0
3,19,0
46,32,0
12,45,0
24,6,0
16,23,0
5,24,0
46,12,0
23,21,0
30,15,0
22,20,0
32,13,0
37,34,0
20,22,0
33,38,0
14,45,0
13,32,0
22,6,0
12,15,0
37,14,0
21,13,0
22,44,0
16,45,0
20,24,0
27,18,0
50,25,0
20,43,0
18,24,0
18,41,0
8,7,0
44,12,0
19,14,0
29,44,0
10,16,0
19,20,0
26,24,0
24,13,0
11,22,0
28,7,0
38,35,0
34,19,0
5,15,0
15,10,0
13,8,0
16,43,0
33,16,0
38,33,0
7,19,0
2,25,0
8,42,0
39,9,0
47,20,0
6,30,0
9,34,0
13,44,0
26,16,0
36,15,0
22,20,0
35,19,0
32,14,0
27,30,0
40,11,0
38,40,0
25,29,0
18,18,0
35,24,0
25,27,0
43,41,0
31,11,0
25,48,0
29,28,0
20,42,0
4,25,0
7,40,0
36,31,0
22,33,0
20,12,0
10,34,0
42,22,0
37,30,0
43,25,0
8,21,0
11,27,0
42,26,0
1,28,0
23,40,0
2,20,0
27,6,0
21,28,0
39,34,0
25,10,0
5,13,0
9,34,0
15,35,0
22,38,0
19,33,0
47,16,0
27,5,0
43,9,0
44,35,0
12,20,0
35,6,0
11,12,0
37,19,0
21,41,0
34,45,0
34,3,0
23,10,0
26,20,0
21,34,0
3,15,0
18,42,0
39,44,0
15,12,0
19,15,0
5,19,0
40,38,0
29,30,0
4,13,0
35,33,0
14,19,0
27,20,0
26,11,0
34,40,0
15,46,0
43,19,0
30,34,0
27,11,0
43,35,0
32,12,0
47,25,0
43,40,0
11,30,0
28,34,0
13,9,0
32,24,0
36,23,0
45,12,0
29,10,0
21,29,0
28,5,0
28,44,0
15,24,0
15,20,0
24,6,0
14,14,0
14,6,0
43,41,0
18,1,0
26,27,0
7,19,0
15,9,0
21,24,0
38,18,0
14,33,0
14,21,0
6,34,0
14,12,0
7,26,0
9,30,0
45,38,0
13,24,0
25,23,0
32,29,0
27,22,0
24,34,0
22,17,0
5,11,0
9,27,0
6,16,0
38,30,0
29,9,0
10,38,0
25,13,0
22,32,0
33,5,0
23,19,0
16,3,0
15,41,0
19,35,0
37,8,0
21,47,0
22,47,0
27,8,0
18,1,0
12,41,0
2,19,0
26,33,0
13,22,0
23,3,0
33,9,0
46,33,0
30,23,0
31,32,0
36,15,0
44,28,0
46,31,0
34,39,0
41,26,0
7,15,0
22,43,0
13,22,0
49,21,0
40,42,0
28,28,0
6,28,0
17,46,0
8,28,0
8,28,0
35,6,0
3,26,0
38,42,0
42,36,0
14,18,0
30,33,0
24,28,0
18,20,0
32,33,0
47,17,0
13,14,0
20,22,0
9,7,0
44,20,0
40,6,0
38,22,0
8,31,1
9,15,1
36,44,1
26,17,1
17,41,1
24,37,1
43,19,1
42,16,1
35,33,1
25,46,1
25,31,1
11,20,1
13,37,1
24,12,1
6,34,1
5,32,1
20,46,1
25,24,1
26,38,1
41,14,1
29,3,1
41,31,1
37,22,1
47,25,1
12,27,1
28,28,1
3,34,1
48,30,1
7,25,1
28,39,1
28,37,1
6,24,1
19,4,1
19,30,1
18,26,1
8,23,1
26,5,1
9,19,1
10,45,1
14,34,1
15,43,1
2,16,1
41,39,1
17,15,1
31,11,1
41,26,1
15,28,1
34,7,1
24,21,1
16,21,1
41,17,1
30,1,1
25,37,1
23,6,1
34,48,1
3,34,1
34,39,1
28,28,1
15,25,1
14,21,1
26,48,1
16,5,1
28,37,1
17,12,1
15,9,1
46,12,1
13,20,1
24,12,1
43,28,1
15,12,1
45,19,1
45,26,1
24,43,1
31,30,1
21,32,1
35,17,1
10,41,1
41,7,1
20,30,1
5,14,1
43,30,1
35,15,1
25,25,1
31,42,1
24,44,1
39,10,1
10,37,1
21,11,1
20,36,1
29,32,1
29,15,1
47,30,1
22,7,1
36,34,1
40,19,1
31,22,1
6,22,1
31,47,1
24,39,1
38,42,1
44,39,1
9,8,1
24,25,1
27,11,1
26,34,1
19,35,1
24,13,1
30,28,1
28,42,1
14,47,1
17,35,1
33,37,1
47,29,1
15,19,1
11,39,1
43,15,1
25,41,1
13,45,1
39,15,1
12,45,1
11,31,1
17,20,1
18,14,1
6,16,1
46,29,1
8,12,1
16,19,1
34,21,1
13,46,1
2,20,1
40,37,1
38,23,1
20,47,1
14,9,1
10,31,1
22,36,1
22,32,1
24,43,1
12,19,1
8,28,1
36,37,1
24,4,1
8,42,1
40,19,1
21,49,1
48,25,1
42,27,1
27,1,1
49,27,1
33,2,1
39,21,1
16,13,1
32,46,1
41,39,1
28,34,1
30,32,1
27,12,1
27,15,1
27,40,1
32,21,1
38,6,1
34,30,1
37,34,1
7,33,1
8,35,1
9,19,1
10,13,1
38,29,1
17,33,1
20,16,1
41,37,1
3,26,1
7,18,1
3,30,1
39,39,1
8,26,1
10,14,1
36,4,1
37,33,1
9,34,1
42,33,1
8,13,1
26,33,1
13,21,1
20,30,1
35,34,1
7,33,1
32,34,1
36,35,1
44,19,1
38,35,1
31,31,1
16,31,1
35,16,1
39,12,1
19,37,1
21,2,1
41,30,1
8,16,1
7,27,1
3,29,1
10,32,1
39,29,1
9,22,1
43,33,1
12,10,1
40,17,1
4,27,1
40,12,1
16,44,1
22,12,1
22,32,1
46,25,1
22,19,1
11,45,1
22,37,1
20,28,1
7,27,1
22,28,1
43,12,1
28,44,1
10,45,1
36,11,1
31,12,1
27,9,1
22,28,1
42,20,1
21,42,1
31,13,1
27,19,1
14,30,1
17,37,1
31,4,1
15,26,1
15,29,1
37,21,1
10,30,1
1,29,1
39,43,1
21,36,1
23,47,1
7,19,1
26,19,1
38,5,1
20,49,1
27,6,1
44,22,1
25,24,1
16,36,1
2,34,1
34,18,1
41,14,1
12,35,1
16,13,1
1,32,1
43,25,1
13,12,1
25,41,1
26,25,1
39,24,1
16,48,1
19,25,1
6,33,1
33,29,1
24,18,1
36,28,1
42,20,1
37,44,1
28,9,1
22,14,1
43,34,1
24,13,1
13,16,1
42,10,1
5,20,1
48,30,1
18,49,1
32,8,1
39,28,1
17,22,1
20,28,1
34,14,1
23,2,1
26,12,1
2,24,1
16,15,1
17,14,1
49,23,1
32,39,1
4,35,1
45,31,1
5,33,1
39,39,1
49,23,1
18,36,1
10,28,1
6,24,1
9,18,1
32,42,1
16,48,1
22,30,1
25,13,1
18,11,1
35,44,1
29,5,1
13,45,1
11,9,1
5,37,1
35,17,1
17,44,1
36,45,1
31,42,1
24,17,1
39,36,1
22,43,1
48,19,1
14,5,1
33,15,1
44,23,1
23,16,1
9,43,1
43,28,1
1,18,1
10,45,1
2,17,1
46,31,1
31,2,1
2,22,1
29,40,1
17,16,1
37,38,1
20,11,1
24,12,1
22,40,1
33,38,1
8,14,1
34,14,1
8,12,1
24,43,1
27,39,1
37,40,1
28,38,1
43,27,1
22,43,1
17,46,1
22,37,1
20,14,1
7,23,1
43,42,1
45,30,1
17,44,1
39,45,1
25,4,1
34,29,1
24,24,1
24,10,1
32,34,1
4,23,1
8,10,1
19,42,1
35,28,1
11,38,1
15,23,1
6,36,1
16,17,1
24,44,1
37,10,1
40,37,1
21,27,1
45,32,1
19,1,1
9,11,1
44,35,1
18,47,1
27,8,1
45,37,1
7,11,1
27,6,1
18,20,1
23,13,1
19,13,1
25,50,1
34,29,1
42,29,1
34,22,1
29,41,1
42,8,1
25,21,1
29,32,1
7,10,1
43,14,1
31,17,1
5,34,1
14,19,1
45,29,1
36,30,1
26,30,1
22,18,1
46,23,1
10,44,1
6,19,1
23,15,1
5,31,1
36,30,1
23,29,1
41,13,1
18,8,1
25,27,1
32,29,1
3,21,1
8,7,1
40,44,1
16,45,1
34,15,1
6,10,1
20,13,1
18,49,1
33,46,1
39,20,1
40,22,1
28,31,1
6,15,1
27,32,1
44,39,1
8,36,1
17,9,1
24,38,1
41,18,1
18,42,1
37,27,1
39,31,1
45,29,1
16,23,1
31,25,1
9,32,1
18,44,1
4,20,1
45,11,1
2,23,1
47,22,1
15,20,1
36,40,1
25,0,1
35,20,1
38,26,1
20,9,1
21,19,1
21,13,1
27,15,1
31,25,1
31,44,1
4,12,1
32,18,1
33,33,1
15,41,1
19,32,1
37,39,1
1,24,1
17,5,1
35,10,1
3,17,1
34,27,1
31,20,1
31,23,1
20,37,1
40,5,1
46,21,1
41,24,1
12,33,1
7,13,1
47,31,1
22,32,1
8,36,1
31,13,1
26,7,1
26,10,1
32,1,1
11,43,1
43,13,1
29,24,1
46,26,1
28,3,1
13,13,1
35,35,1
34,28,1
42,26,1
21,42,1
12,25,1
31,28,1
8,7,1
32,9,1
41,9,1
24,9,1
45,13,1
28,4,1
25,40,1
37,5,1
35,14,1
30,8,1
28,46,1
21,38,1
29,8,1
27,15,1
49,20,1
15,34,1
22,40,1
39,10,1
10,12,1
42,8,1
35,44,1
35,35,1
47,31,1
24,4,1
1,32,1
48,20,1
21,8,1
9,24,1
15,13,1
39,22,1
14,20,1
24,37,1
11,27,1
22,29,1
25,0,1
22,30,1
12,45,1
12,15,1
26,29,1
24,13,1
33,18,1
16,8,1
7,33,1
38,46,1
33,39,1
48,25,1
26,22,1
46,25,1
6,29,1
25,18,1
49,23,1
30,19,1
38,19,1
45,20,1
31,43,1
24,17,1
19,23,1
11,8,1
9,21,1
20,49,1
9,21,1
28,14,1
8,32,1
23,1,1
15,18,1
37,32,1
23,32,1
21,1,1
7,27,1
30,40,1
41,6,1
17,8,1
35,33,1
21,17,1
36,15,1
17,41,1
22,18,1
22,23,1
20,44,1
27,45,1
27,26,1
4,16,1
17,14,1
19,27,1
25,19,1
26,5,1
21,31,1
45,30,1
47,35,1
41,33,1
42,27,1
9,6,1
23,46,1
15,42,1
6,41,1
5,21,1
16,11,1
45,35,1
22,7,1
13,29,1
33,13,1
13,11,1
22,11,1
40,25,1
40,31,1
4,22,1
4,20,1
3,21,1
11,8,1
39,38,1
32,21,1
