44,9,0
16,44,0
23,14,0
30,45,0
17,37,0
25,48,0
29,24,0
14,18,0
39,15,0
42,31,0
11,18,0
21,45,0
7,19,0
14,5,0
24,20,0
16,14,0
22,20,0
49,28,0
42,10,0
29,18,0
41,31,0
9,13,0
23,3,0
19,24,0
17,48,0
23,32,0
9,31,0
34,19,0
9,24,0
17,37,0
41,44,0
25,19,0
10,6,0
13,8,0
13,18,0
37,42,0
5,29,0
13,44,0
25,23,0
24,44,0
11,30,0
26,44,0
8,20,0
7,34,0
6,12,0
25,33,0
16,8,0
31,37,0
11,12,0
14,14,0
28,2,0
42,12,0
24,47,0
19,15,0
29,16,0
40,27,0
28,37,0
15,39,0
25,19,0
29,1,0
40,37,0
25,31,0
11,5,0
33,13,0
34,43,0
26,34,0
26,40,0
2,18,0
27,4,0
39,44,0
19,12,0
46,22,0
5,14,0
12,24,0
39,11,0
19,30,0
15,19,0
27,15,0
23,38,0
44,13,0
9,35,0
14,27,0
27,4,0
39,6,0
10,10,0
9,40,0
7,29,0
28,32,0
39,30,0
13,37,0
11,13,0
43,20,0
33,32,0
25,22,0
12,5,0
18,48,0
4,12,0
40,29,0
13,14,0
3,28,0
35,6,0
44,35,0
18,2,0
20,35,0
27,33,0
33,2,0
23,33,0
26,42,0
38,18,0
26,5,0
9,19,0
42,7,0
9,34,0
31,42,0
38,46,0
25,43,0
40,33,0
20,20,0
1,29,0
21,39,0
38,32,0
11,43,0
42,42,0
42,13,0
9,32,0
26,13,0
2,19,0
32,13,0
32,24,0
15,24,0
40,32,0
10,23,0
20,19,0
6,33,0
14,21,0
21,3,0
19,44,0
13,34,0
36,15,0
45,25,0
27,32,0
8,39,0
2,17,0
28,16,0
36,11,0
21,10,0
14,34,0
12,41,0
35,31,0
26,49,0
17,3,0
33,48,0
13,5,0
15,35,0
41,24,0
15,46,0
43,10,0
11,32,0
29,21,0
32,40,0
47,35,0
50,25,0
22,30,0
5,12,0
23,13,0
7,26,0
13,9,0
25,33,0
27,1,0
6,36,0
23,38,0
24,24,0
17,31,0
30,4,0
6,14,0
34,42,0
10,32,0
5,11,0
38,32,0
46,21,0
34,17,0
21,41,0
43,12,0
28,26,0
24,35,0
41,38,0
15,9,0
39,43,0
27,12,0
33,43,0
43,16,0
11,13,0
29,46,0
39,36,0
35,39,0
17,14,0
45,37,0
33,38,0
37,17,0
7,10,0
15,45,0
10,30,0
6,24,0
8,20,0
18,10,0
9,12,0
35,44,0
3,19,0
14,10,0
9,6,0
35,32,0
30,20,0
43,16,0
40,28,0
20,35,0
5,11,0
24,41,0
43,20,0
38,21,0
32,14,0
44,10,0
23,40,0
26,47,0
22,4,0
7,36,0
24,31,0
45,23,0
11,15,0
12,6,0
41,6,0
1,24,0
39,28,0
43,22,0
33,20,0
42,19,0
18,35,0
9,43,0
11,13,0
35,9,0
34,17,0
37,23,0
10,21,0
13,27,0
37,12,0
36,13,0
34,47,0
33,32,0
11,20,0
34,45,0
14,10,0
10,27,0
28,37,0
26,11,0
44,17,0
41,28,0
12,42,0
32,49,0
35,24,0
22,40,0
36,5,0
23,2,0
42,41,0
29,29,0
6,37,0
21,40,0
17,17,0
2,27,0
13,30,0
23,36,0
45,15,0
3,24,0
24,26,0
0,25,0
25,33,0
34,32,0
36,18,0
35,4,0
38,34,0
17,36,0
7,30,0
13,11,0
15,44,0
26,22,0
38,24,0
16,17,0
33,30,0
9,28,0
22,27,0
13,13,0
16,47,0
18,18,0
30,47,0
45,22,0
12,28,0
20,10,0
37,42,0
37,42,0
25,4,0
9,25,0
16,32,0
10,20,0
33,18,0
5,36,0
39,29,0
42,38,0
48,26,0
18,39,0
40,36,0
33,28,0
16,19,0
36,37,0
1,20,0
29,25,0
32,45,0
16,7,0
8,24,0
9,38,0
26,3,0
22,30,0
48,20,0
28,43,0
38,36,0
7,21,0
14,44,0
48,17,0
17,37,0
32,1,0
14,20,0
31,49,0
6,33,0
14,19,0
14,10,0
5,12,0
26,23,0
24,5,0
16,22,0
5,28,0
19,34,0
5,33,0
18,22,0
3,26,0
40,8,0
7,31,0
10,25,0
33,43,0
28,41,0
28,15,0
38,38,0
7,8,0
24,34,0
20,22,0
28,7,0
15,29,0
20,7,0
23,3,0
24,45,0
15,11,0
18,14,0
23,43,0
27,2,0
24,18,0
32,41,0
44,16,0
40,41,0
34,20,0
2,27,0
46,25,0
31,18,0
29,12,0
20,41,0
3,35,0
27,45,0
10,23,0
42,21,0
21,3,0
45,37,0
46,20,0
35,4,0
32,26,0
32,9,0
16,26,0
29,47,0
17,45,0
43,26,0
6,12,0
36,5,0
38,38,0
22,9,0
22,18,0
18,48,0
32,6,0
22,1,0
12,32,0
34,14,0
6,27,0
31,45,0
6,27,0
31,20,0
24,28,0
17,46,0
40,17,1
13,5,1
2,22,1
24,30,1
5,21,1
14,16,1
27,42,1
40,42,1
22,49,1
16,25,1
32,30,1
47,22,1
40,13,1
9,6,1
22,30,1
42,18,1
45,14,1
21,46,1
23,37,1
36,16,1
46,34,1
15,33,1
19,18,1
11,44,1
15,40,1
23,34,1
32,17,1
15,32,1
22,10,1
4,31,1
11,39,1
42,18,1
12,36,1
31,48,1
36,18,1
6,24,1
41,17,1
3,34,1
36,47,1
32,3,1
5,27,1
17,39,1
33,12,1
46,38,1
13,30,1
48,22,1
30,2,1
1,31,1
16,44,1
16,24,1
42,11,1
47,36,1
12,36,1
40,42,1
35,21,1
45,27,1
45,11,1
23,24,1
27,27,1
32,19,1
20,45,1
16,9,1
38,39,1
17,29,1
7,32,1
22,29,1
13,15,1
2,32,1
15,3,1
10,27,1
28,21,1
4,12,1
28,31,1
33,7,1
27,48,1
43,23,1
12,44,1
19,46,1
24,42,1
30,22,1
25,0,1
5,11,1
11,9,1
21,25,1
17,31,1
19,43,1
9,34,1
19,15,1
21,44,1
10,34,1
22,26,1
34,43,1
28,33,1
1,25,1
39,42,1
42,26,1
1,25,1
26,47,1
20,38,1
21,46,1
45,22,1
30,43,1
34,17,1
12,40,1
13,27,1
8,12,1
20,16,1
18,26,1
6,41,1
22,12,1
25,25,1
22,36,1
10,20,1
22,37,1
17,43,1
31,43,1
4,37,1
29,33,1
10,43,1
10,34,1
7,32,1
6,18,1
31,14,1
4,27,1
22,38,1
20,26,1
41,35,1
4,20,1
18,42,1
30,30,1
5,27,1
31,26,1
8,10,1
23,13,1
32,18,1
2,24,1
18,17,1
12,24,1
14,37,1
10,30,1
5,27,1
2,22,1
47,24,1
31,34,1
32,33,1
29,24,1
35,10,1
8,37,1
22,20,1
19,26,1
14,43,1
24,23,1
14,46,1
9,15,1
48,18,1
28,33,1
15,24,1
24,13,1
38,25,1
46,23,1
36,11,1
26,38,1
45,11,1
19,44,1
44,15,1
9,36,1
27,36,1
10,18,1
37,30,1
34,31,1
26,23,1
31,23,1
9,31,1
29,14,1
42,27,1
15,17,1
22,23,1
25,20,1
43,33,1
19,18,1
11,21,1
29,19,1
32,36,1
33,13,1
19,17,1
23,23,1
35,8,1
16,9,1
19,12,1
23,21,1
38,38,1
20,2,1
32,45,1
2,19,1
46,25,1
39,39,1
39,25,1
28,12,1
19,3,1
14,31,1
7,29,1
44,19,1
21,47,1
16,39,1
33,4,1
37,4,1
17,47,1
29,47,1
19,34,1
38,6,1
4,29,1
39,11,1
16,27,1
23,31,1
10,43,1
22,3,1
30,25,1
7,29,1
30,46,1
23,44,1
6,38,1
9,32,1
19,49,1
29,12,1
28,19,1
22,18,1
16,31,1
26,18,1
41,24,1
25,3,1
47,23,1
36,12,1
20,38,1
22,12,1
41,6,1
35,30,1
3,30,1
1,31,1
17,11,1
33,30,1
15,18,1
27,44,1
33,38,1
41,32,1
23,6,1
31,26,1
23,27,1
42,39,1
23,7,1
10,40,1
40,42,1
29,22,1
27,3,1
45,33,1
35,34,1
41,40,1
33,30,1
24,12,1
28,10,1
24,1,1
8,21,1
9,25,1
28,3,1
5,36,1
36,41,1
43,17,1
18,36,1
41,16,1
27,35,1
17,44,1
15,42,1
7,37,1
5,23,1
5,37,1
33,23,1
27,33,1
22,20,1
1,19,1
32,11,1
25,32,1
44,31,1
4,12,1
17,17,1
31,30,1
29,34,1
44,25,1
40,43,1
24,34,1
26,22,1
14,24,1
44,40,1
9,10,1
43,36,1
35,32,1
29,47,1
33,32,1
17,40,1
11,42,1
46,25,1
25,9,1
15,45,1
16,20,1
5,24,1
22,26,1
37,45,1
11,39,1
29,38,1
32,41,1
10,30,1
30,46,1
25,29,1
42,23,1
47,31,1
36,15,1
34,18,1
29,35,1
36,15,1
44,28,1
41,15,1
37,8,1
14,14,1
3,26,1
44,10,1
19,20,1
47,17,1
18,7,1
46,29,1
34,12,1
1,27,1
32,32,1
36,19,1
30,49,1
43,34,1
38,45,1
33,10,1
22,38,1
22,42,1
20,33,1
8,22,1
32,10,1
15,24,1
25,19,1
34,9,1
7,25,1
13,36,1
45,33,1
30,29,1
15,21,1
39,42,1
43,15,1
38,14,1
39,8,1
3,21,1
3,23,1
18,44,1
42,34,1
26,3,1
44,13,1
14,40,1
11,26,1
5,35,1
33,20,1
32,23,1
32,17,1
37,34,1
11,10,1
19,28,1
33,48,1
8,43,1
31,9,1
31,26,1
25,7,1
35,32,1
39,9,1
15,44,1
24,26,1
31,33,1
13,16,1
45,13,1
29,37,1
21,7,1
35,30,1
39,24,1
40,45,1
42,8,1
23,27,1
45,11,1
29,10,1
11,34,1
16,48,1
36,20,1
43,30,1
5,32,1
20,21,1
10,24,1
22,34,1
13,23,1
10,14,1
35,34,1
44,14,1
33,40,1
15,26,1
26,37,1
4,24,1
34,29,1
11,40,1
40,14,1
33,26,1
39,34,1
48,27,1
27,14,1
28,22,1
15,29,1
13,29,1
19,5,1
29,1,1
21,5,1
21,4,1
34,19,1
24,4,1
5,17,1
24,4,1
46,33,1
7,28,1
14,31,1
10,6,1
8,11,1
21,44,1
6,29,1
12,14,1
49,24,1
33,13,1
44,29,1
16,8,1
43,13,1
15,7,1
8,41,1
45,17,1
28,38,1
7,31,1
21,24,1
27,7,1
45,34,1
41,39,1
22,8,1
23,20,1
48,16,1
47,35,1
20,26,1
33,27,1
34,19,1
17,16,1
45,28,1
26,40,1
39,26,1
16,29,1
19,42,1
32,47,1
48,20,1
14,39,1
3,28,1
31,1,1
17,21,1
48,33,1
20,17,1
3,17,1
29,27,1
38,29,1
18,15,1
31,13,1
10,5,1
42,8,1
40,28,1
22,39,1
23,11,1
37,29,1
17,30,1
19,45,1
14,6,1
24,29,1
31,38,1
38,12,1
15,26,1
7,19,1
10,19,1
23,28,1
28,31,1
48,33,1
35,6,1
22,16,1
6,25,1
17,8,1
6,11,1
40,42,1
2,28,1
17,43,1
48,25,1
7,39,1
42,26,1
6,28,1
24,31,1
18,5,1
41,42,1
33,19,1
16,42,1
39,33,1
28,11,1
48,30,1
37,16,1
7,33,1
33,13,1
5,38,1
25,12,1
8,29,1
30,9,1
6,25,1
3,23,1
43,30,1
32,20,1
23,9,1
38,8,1
8,29,1
34,3,1
1,27,1
10,29,1
25,28,1
2,27,1
20,19,1
21,18,1
18,22,1
47,23,1
32,3,1
20,29,1
41,36,1
16,27,1
27,39,1
21,48,1
41,19,1
23,38,1
40,28,1
19,44,1
26,7,1
21,49,1
5,27,1
18,29,1
34,15,1
42,28,1
33,3,1
14,33,1
15,30,1
48,32,1
16,3,1
19,35,1
33,35,1
48,31,1
40,16,1
41,30,1
45,21,1
48,27,1
4,18,1
6,17,1
24,49,1
26,38,1
32,47,1
37,14,1
34,25,1
27,18,1
26,13,1
18,40,1
8,11,1
30,12,1
42,20,1
30,3,1
24,25,1
26,37,1
16,17,1
26,20,1
19,18,1
34,17,1
9,15,1
18,13,1
16,8,1
16,26,1
17,29,1
32,38,1
14,22,1
34,28,1
28,26,1
37,14,1
39,10,1
29,24,1
40,33,1
39,12,1
36,28,1
9,21,1
17,39,1
2,29,1
22,38,1
26,14,1
29,48,1
