38,24,0
1,21,0
31,24,0
18,16,0
27,12,0
19,4,0
12,24,0
14,39,0
47,21,0
9,31,0
45,31,0
40,40,0
38,13,0
34,34,0
24,17,0
29,21,0
26,13,0
32,41,0
2,22,0
25,30,0
41,17,0
28,44,0
7,32,0
40,17,0
22,18,0
4,15,0
1,25,0
26,3,0
46,13,0
48,19,0
33,28,0
5,18,0
29,32,0
23,1,0
17,31,0
18,19,0
23,40,0
31,39,0
31,46,0
9,17,0
41,14,0
18,39,0
30,8,0
36,4,0
8,28,0
9,43,0
35,15,0
15,26,0
9,20,0
3,28,0
46,22,0
50,25,0
6,17,0
36,30,0
28,31,0
30,4,0
42,37,0
40,26,0
17,11,0
44,11,0
28,22,0
44,30,0
15,34,0
43,34,0
3,21,0
33,17,0
6,29,0
8,29,0
21,26,0
7,29,0
33,33,0
36,10,0
35,18,0
37,18,0
31,6,0
1,26,0
10,31,0
42,26,0
44,32,0
26,45,0
43,30,0
36,15,0
48,30,0
18,49,0
44,30,0
38,40,0
2,30,0
17,31,0
31,39,0
8,32,0
35,13,0
32,12,0
13,26,0
3,22,0
33,4,0
15,10,0
26,13,0
20,19,0
38,14,0
15,46,0
19,7,0
19,9,0
27,39,0
40,33,0
23,34,0
29,37,0
32,24,0
32,35,0
27,29,0
21,9,0
9,19,0
22,19,0
34,15,0
18,44,0
34,28,0
39,31,0
12,42,0
29,41,0
25,8,0
6,15,0
33,11,0
48,21,0
23,11,0
14,25,0
9,11,0
26,44,0
19,48,0
42,27,0
12,34,0
23,15,0
41,27,0
3,28,0
8,31,0
46,25,0
10,9,0
32,43,0
28,40,0
34,9,0
37,32,0
20,13,0
15,12,0
17,10,0
40,45,0
38,19,0
25,20,0
10,6,0
41,38,0
35,37,0
13,36,0
7,12,0
29,9,0
29,36,0
6,21,0
39,34,0
21,47,0
40,30,0
18,1,0
26,29,0
41,28,0
13,36,0
6,15,0
29,24,0
34,14,0
30,5,0
39,40,0
25,43,0
38,20,0
38,45,0
20,49,0
20,31,0
23,34,0
38,10,0
19,8,0
26,9,0
45,22,0
37,41,0
29,31,0
34,30,0
23,13,0
4,33,0
28,33,0
32,14,0
11,19,0
15,19,0
46,24,0
49,25,0
36,23,0
38,29,0
6,31,0
36,7,0
37,44,0
37,19,0
11,37,0
29,22,0
34,21,0
17,29,0
5,40,0
15,4,0
37,26,0
14,18,0
9,35,0
25,2,0
23,12,0
11,7,0
1,29,0
44,14,0
31,37,0
22,28,0
6,21,0
43,28,0
17,14,0
1,24,0
13,36,0
31,34,0
34,28,0
29,37,0
9,10,0
17,7,0
9,7,0
44,36,0
42,40,0
26,4,0
21,1,0
43,12,0
10,44,0
38,34,0
18,43,0
18,39,0
42,18,0
18,14,0
40,22,0
7,34,0
7,28,0
17,20,0
11,14,0
9,12,0
6,23,0
35,12,0
32,19,0
42,16,0
35,7,0
32,21,0
33,48,0
42,42,0
31,39,0
27,4,0
31,23,0
31,11,0
19,19,0
15,42,0
43,27,0
40,11,0
27,44,0
39,10,0
39,22,0
13,43,0
32,22,0
30,28,0
32,7,0
33,11,0
47,32,0
4,26,0
41,28,0
36,25,0
29,38,0
1,21,0
14,23,0
38,43,0
7,42,0
36,41,0
10,32,0
16,29,0
35,40,0
24,36,0
28,14,0
23,23,0
18,13,0
3,16,0
33,27,0
22,42,0
39,19,0
25,20,0
19,37,0
37,4,0
22,16,0
43,39,0
7,20,0
25,47,0
42,21,0
27,46,0
27,31,0
23,35,0
48,32,0
4,22,0
27,23,0
18,43,0
15,6,0
21,40,0
26,25,0
39,29,0
13,41,0
45,22,0
32,9,0
16,36,0
17,34,0
34,14,0
7,39,0
37,26,0
23,10,0
32,6,0
32,49,0
3,18,0
18,47,0
40,45,0
44,17,0
44,17,0
22,25,0
36,5,0
29,11,0
26,11,0
20,36,0
27,21,0
35,30,0
49,21,0
11,26,0
14,12,0
11,16,0
3,23,0
22,25,0
19,36,0
47,36,0
21,32,0
28,9,0
25,3,0
16,24,0
40,16,0
23,14,0
20,4,0
11,33,0
12,25,0
19,30,0
19,3,0
0,25,0
13,12,0
11,22,0
31,36,0
35,47,0
30,23,0
7,9,0
45,13,0
32,15,0
21,22,0
15,11,0
23,34,0
14,35,0
7,19,0
13,23,0
23,28,0
2,18,0
3,26,0
48,17,0
7,22,0
17,26,0
16,29,0
32,42,0
15,32,0
12,37,0
21,13,0
47,32,0
31,49,0
46,13,0
15,23,0
14,46,0
28,27,0
6,35,0
1,24,0
45,21,0
24,43,0
39,41,0
1,25,0
41,34,0
28,45,0
18,35,0
10,31,0
41,12,0
36,31,0
30,9,0
13,32,0
31,26,0
21,19,0
20,24,0
24,26,0
27,6,0
10,30,0
39,29,0
30,45,0
11,40,0
5,18,0
28,20,0
11,20,0
29,23,1
32,6,1
29,37,1
13,7,1
21,5,1
25,14,1
14,30,1
41,18,1
19,42,1
31,20,1
34,48,1
3,20,1
36,33,1
10,16,1
29,10,1
32,23,1
18,48,1
26,5,1
18,38,1
46,29,1
28,36,1
38,45,1
16,25,1
43,25,1
21,36,1
7,27,1
35,17,1
12,7,1
20,26,1
25,12,1
39,8,1
19,36,1
8,26,1
47,25,1
4,34,1
43,28,1
18,20,1
23,38,1
10,34,1
32,27,1
41,35,1
22,6,1
16,28,1
33,46,1
4,31,1
27,17,1
18,49,1
18,12,1
14,14,1
34,45,1
2,23,1
9,15,1
18,43,1
7,38,1
44,14,1
24,48,1
22,31,1
27,11,1
7,15,1
10,8,1
16,20,1
12,18,1
41,17,1
8,18,1
28,38,1
36,45,1
40,33,1
17,12,1
46,17,1
29,32,1
48,33,1
43,30,1
16,19,1
29,16,1
16,8,1
12,15,1
33,14,1
24,48,1
28,9,1
43,20,1
11,43,1
8,11,1
41,25,1
29,14,1
33,18,1
34,5,1
24,43,1
23,15,1
30,32,1
32,18,1
40,45,1
22,26,1
12,20,1
26,14,1
24,26,1
20,24,1
17,43,1
24,7,1
34,5,1
40,34,1
19,37,1
38,45,1
26,28,1
21,2,1
19,46,1
27,33,1
14,29,1
43,13,1
28,15,1
36,24,1
44,16,1
6,19,1
33,46,1
48,30,1
13,40,1
18,21,1
15,7,1
11,15,1
23,21,1
28,1,1
12,40,1
31,40,1
28,10,1
45,19,1
34,12,1
22,29,1
41,22,1
47,21,1
28,15,1
17,46,1
22,4,1
35,24,1
24,16,1
28,22,1
32,16,1
7,31,1
1,20,1
6,20,1
5,10,1
40,34,1
40,43,1
25,41,1
19,22,1
17,17,1
46,30,1
45,11,1
9,7,1
8,34,1
43,35,1
3,33,1
16,22,1
23,8,1
33,21,1
4,26,1
37,30,1
31,4,1
38,13,1
12,28,1
20,12,1
49,22,1
20,31,1
23,6,1
20,32,1
5,19,1
7,13,1
36,43,1
21,34,1
14,39,1
14,22,1
31,10,1
41,7,1
46,12,1
9,34,1
32,19,1
17,31,1
13,19,1
16,46,1
25,25,1
34,42,1
9,38,1
14,40,1
20,14,1
1,23,1
29,47,1
9,26,1
45,27,1
22,20,1
26,17,1
21,4,1
27,37,1
15,35,1
41,34,1
35,8,1
27,44,1
32,16,1
27,5,1
5,27,1
33,26,1
35,4,1
26,49,1
3,22,1
41,13,1
10,44,1
9,37,1
33,47,1
17,41,1
12,11,1
40,22,1
12,17,1
9,25,1
29,29,1
49,20,1
15,46,1
31,29,1
19,36,1
17,38,1
22,14,1
27,16,1
17,42,1
36,7,1
23,18,1
19,43,1
27,33,1
2,26,1
39,11,1
18,46,1
47,32,1
11,19,1
23,6,1
30,38,1
25,19,1
11,34,1
40,19,1
30,32,1
46,23,1
28,46,1
43,10,1
22,16,1
28,15,1
37,35,1
33,12,1
11,11,1
45,11,1
16,38,1
26,12,1
45,26,1
32,23,1
33,5,1
31,3,1
27,46,1
41,13,1
41,16,1
18,29,1
24,44,1
45,12,1
33,4,1
49,24,1
30,29,1
37,42,1
16,15,1
21,39,1
47,23,1
14,31,1
9,12,1
23,45,1
39,27,1
32,28,1
32,1,1
23,10,1
44,37,1
32,11,1
44,17,1
31,16,1
34,32,1
11,26,1
31,46,1
19,6,1
12,10,1
14,3,1
33,27,1
34,5,1
10,36,1
40,39,1
10,28,1
41,22,1
33,33,1
26,8,1
46,37,1
34,39,1
33,34,1
19,4,1
8,25,1
34,44,1
13,19,1
27,42,1
28,2,1
5,24,1
3,24,1
18,26,1
28,1,1
20,44,1
16,29,1
28,21,1
27,29,1
1,32,1
47,26,1
28,13,1
18,33,1
18,49,1
32,31,1
36,15,1
39,41,1
14,34,1
44,41,1
43,14,1
35,33,1
40,11,1
21,43,1
18,13,1
42,36,1
22,48,1
12,19,1
47,22,1
35,42,1
10,31,1
47,20,1
16,18,1
20,13,1
24,42,1
24,10,1
41,26,1
23,18,1
5,33,1
25,40,1
10,30,1
18,21,1
24,43,1
14,39,1
19,37,1
32,37,1
40,27,1
27,14,1
31,16,1
38,8,1
25,49,1
6,33,1
14,22,1
37,21,1
33,48,1
16,23,1
20,48,1
23,31,1
28,26,1
36,7,1
16,38,1
18,3,1
28,31,1
7,12,1
33,40,1
10,29,1
23,3,1
18,6,1
42,38,1
2,26,1
49,19,1
37,18,1
15,5,1
30,24,1
35,5,1
37,30,1
25,41,1
25,27,1
43,31,1
33,16,1
6,24,1
8,24,1
48,16,1
20,22,1
15,25,1
43,38,1
27,42,1
30,7,1
42,18,1
29,17,1
42,10,1
16,24,1
32,33,1
46,38,1
4,13,1
31,21,1
48,20,1
18,27,1
49,22,1
33,42,1
30,15,1
43,41,1
18,11,1
28,13,1
44,16,1
28,19,1
18,15,1
28,1,1
36,32,1
33,16,1
33,16,1
20,45,1
40,21,1
30,38,1
1,21,1
22,37,1
42,14,1
7,12,1
9,23,1
19,44,1
31,49,1
33,21,1
24,13,1
15,31,1
11,13,1
30,34,1
30,13,1
12,18,1
33,6,1
26,4,1
18,19,1
25,45,1
26,21,1
5,23,1
39,33,1
10,17,1
13,29,1
32,7,1
23,4,1
38,6,1
8,13,1
27,30,1
38,29,1
8,18,1
19,9,1
8,20,1
36,30,1
31,23,1
35,35,1
34,4,1
44,13,1
48,34,1
40,24,1
40,40,1
32,38,1
24,33,1
14,41,1
11,29,1
42,12,1
16,28,1
29,28,1
3,29,1
48,20,1
32,20,1
10,14,1
8,27,1
42,29,1
39,25,1
46,34,1
30,49,1
29,35,1
45,17,1
48,34,1
17,8,1
11,25,1
3,26,1
43,22,1
12,20,1
11,18,1
38,43,1
11,38,1
42,28,1
26,44,1
16,16,1
20,37,1
17,25,1
15,44,1
8,39,1
34,43,1
23,4,1
7,24,1
32,8,1
14,34,1
11,24,1
18,7,1
15,43,1
18,43,1
6,20,1
9,32,1
14,34,1
30,18,1
11,5,1
39,14,1
34,37,1
23,35,1
46,28,1
23,40,1
26,14,1
20,5,1
30,38,1
15,11,1
21,20,1
37,11,1
14,4,1
44,25,1
20,21,1
34,6,1
17,20,1
3,35,1
8,24,1
42,18,1
12,39,1
37,37,1
13,42,1
34,2,1
25,11,1
40,44,1
18,30,1
21,35,1
44,32,1
10,13,1
31,36,1
43,30,1
19,16,1
3,21,1
21,2,1
35,23,1
2,20,1
2,19,1
24,2,1
31,47,1
25,21,1
1,30,1
18,18,1
26,47,1
24,32,1
36,20,1
32,6,1
25,29,1
24,36,1
11,6,1
20,1,1
32,4,1
37,39,1
46,19,1
18,28,1
15,35,1
35,40,1
7,28,1
29,26,1
43,23,1
13,28,1
11,27,1
2,18,1
24,18,1
6,17,1
42,11,1
30,12,1
26,6,1
13,16,1
14,31,1
36,14,1
45,16,1
21,33,1
32,29,1
26,34,1
33,19,1
21,49,1
25,38,1
3,31,1
23,27,1
12,25,1
42,17,1
9,37,1
11,26,1
15,23,1
15,10,1
12,25,1
45,15,1
25,45,1
10,20,1
46,28,1
42,32,1
24,22,1
17,17,1
27,20,1
35,12,1
5,24,1
10,37,1
7,35,1
49,27,1
26,47,1
44,32,1
40,15,1
25,47,1
1,23,1
