41,8,0
19,44,0
25,20,0
20,43,0
42,28,0
42,39,0
48,22,0
19,1,0
27,28,0
14,8,0
36,42,0
44,26,0
32,34,0
47,15,0
6,26,0
34,26,0
26,48,0
27,14,0
33,5,0
22,28,0
23,9,0
25,18,0
25,45,0
3,23,0
3,35,0
24,23,0
23,2,0
15,26,0
43,28,0
30,2,0
9,33,0
21,44,0
24,5,0
17,30,0
46,19,0
11,45,0
16,15,0
3,29,0
21,31,0
41,37,0
44,24,0
2,21,0
42,40,0
39,27,0
40,27,0
32,11,0
45,32,0
23,43,0
35,4,0
37,37,0
1,23,0
21,9,0
15,23,0
26,21,0
16,37,0
24,39,0
19,15,0
40,19,0
32,12,0
11,22,0
30,31,0
29,46,0
43,15,0
13,29,0
25,42,0
6,11,0
15,12,0
42,37,0
42,16,0
22,6,0
34,19,0
17,26,0
30,40,0
49,20,0
18,18,0
8,40,0
7,29,0
38,26,0
16,5,0
8,12,0
12,9,0
47,22,0
21,37,0
37,26,0
32,6,0
22,46,0
20,46,0
29,44,0
31,28,0
26,38,0
32,30,0
29,48,0
25,37,0
42,11,0
6,15,0
44,32,0
42,20,0
16,22,0
22,20,0
7,33,0
22,12,0
14,7,0
9,21,0
9,13,0
11,17,0
12,4,0
39,18,0
29,7,0
18,6,0
43,23,0
15,11,0
25,16,0
28,19,0
28,12,0
15,18,0
9,15,0
15,9,0
30,6,0
21,30,0
15,41,0
27,29,0
38,34,0
26,11,0
40,17,0
36,24,0
8,39,0
23,41,0
20,37,0
4,18,0
16,17,0
28,10,0
37,37,0
24,39,0
1,31,0
43,18,0
34,24,0
44,12,0
21,29,0
28,37,0
33,14,0
21,18,0
27,44,0
6,18,0
30,28,0
22,6,0
22,15,0
24,27,0
32,15,0
47,33,0
34,42,0
21,46,0
26,6,0
25,28,0
21,19,0
48,22,0
16,38,0
31,40,0
6,25,0
10,45,0
30,21,0
13,36,0
41,44,0
47,23,0
44,35,0
12,23,0
18,44,0
45,31,0
23,33,0
10,20,0
37,15,0
18,21,0
17,47,0
9,7,0
9,10,0
20,1,0
27,9,0
29,8,0
35,21,0
31,49,0
14,13,0
26,9,0
18,29,0
43,26,0
39,23,0
8,13,0
18,9,0
32,38,0
18,47,0
9,26,0
24,46,0
14,29,0
9,42,0
34,16,0
25,30,0
26,37,0
10,20,0
27,12,0
36,7,0
13,37,0
39,23,0
21,5,0
40,37,0
16,21,0
42,24,0
43,37,0
6,29,0
30,14,0
24,8,0
34,34,0
27,29,0
21,45,0
18,42,0
4,34,0
20,33,0
28,8,0
36,37,0
35,40,0
8,43,0
27,13,0
25,35,0
37,27,0
7,36,0
13,42,0
28,17,0
6,23,0
22,34,0
27,7,0
41,13,0
13,20,0
44,32,0
26,9,0
24,37,0
11,7,0
37,24,0
8,7,0
27,3,0
14,8,0
13,27,0
11,28,0
10,38,0
33,27,0
16,40,0
36,20,0
28,45,0
15,41,0
18,35,0
42,30,0
18,24,0
41,40,0
7,12,0
39,40,0
47,34,0
32,28,0
45,29,0
29,33,0
33,18,0
46,38,0
35,40,0
22,11,0
44,38,0
33,20,0
48,27,0
13,38,0
12,19,0
18,37,0
49,32,0
27,24,0
5,10,0
30,27,0
32,49,0
34,16,0
48,26,0
49,18,0
35,38,0
14,25,0
13,40,0
2,32,0
6,18,0
12,7,0
27,22,0
27,44,0
42,20,0
12,4,0
32,28,0
42,39,0
7,11,0
15,36,0
34,11,0
49,31,0
42,15,0
6,11,0
32,7,0
32,33,0
41,30,0
26,9,0
11,35,0
11,30,0
41,44,0
23,5,0
28,2,0
36,5,0
34,23,0
43,15,0
23,41,0
28,1,0
28,11,0
31,10,0
36,47,0
25,30,0
26,42,0
24,13,0
21,21,0
44,20,0
40,43,0
46,26,0
16,7,0
11,33,0
27,37,0
22,42,0
20,20,0
32,32,0
31,8,0
15,44,0
43,39,0
32,23,0
34,26,0
48,19,0
37,42,0
8,23,0
34,46,0
22,47,0
3,35,0
36,12,0
40,36,0
34,3,0
17,25,0
46,18,0
10,26,0
18,29,0
16,45,0
6,27,0
9,20,0
45,24,0
7,42,0
31,34,0
5,13,0
22,37,0
30,46,0
19,36,0
9,7,0
43,30,0
13,38,0
33,13,0
33,24,0
44,35,0
45,39,0
33,11,0
19,26,0
29,4,0
43,34,0
28,48,0
14,34,0
13,34,0
42,39,0
39,26,0
23,41,0
7,10,0
8,39,0
19,24,0
16,12,0
21,30,0
1,30,0
45,16,0
18,32,0
15,30,0
25,1,0
11,35,0
29,43,0
38,40,0
45,14,0
7,27,0
22,48,0
8,9,0
12,8,0
32,37,0
23,27,0
43,28,0
30,29,0
34,36,0
19,34,0
25,36,0
23,45,0
4,28,0
20,4,0
40,17,0
13,14,0
22,5,0
23,15,0
11,39,0
44,13,0
18,39,1
30,28,1
46,21,1
12,38,1
34,42,1
38,4,1
22,25,1
20,32,1
17,28,1
29,9,1
41,44,1
41,8,1
23,44,1
33,47,1
13,27,1
40,15,1
27,40,1
25,35,1
38,44,1
26,34,1
12,21,1
25,38,1
18,17,1
26,49,1
45,31,1
40,36,1
38,22,1
43,17,1
6,30,1
39,7,1
47,22,1
41,28,1
21,10,1
8,25,1
27,34,1
35,25,1
24,34,1
25,48,1
3,31,1
31,18,1
32,27,1
12,39,1
37,13,1
29,38,1
40,45,1
12,43,1
30,40,1
21,18,1
26,8,1
41,39,1
37,46,1
30,10,1
41,35,1
15,44,1
11,24,1
16,20,1
39,17,1
8,10,1
42,20,1
8,39,1
11,38,1
27,23,1
36,13,1
42,27,1
21,35,1
38,35,1
43,17,1
45,19,1
15,45,1
46,36,1
33,18,1
32,20,1
46,13,1
20,6,1
25,22,1
18,49,1
28,35,1
3,32,1
28,34,1
43,23,1
36,28,1
6,40,1
42,36,1
19,19,1
39,33,1
23,39,1
26,5,1
15,43,1
35,38,1
32,11,1
40,29,1
10,45,1
32,32,1
20,43,1
13,15,1
8,15,1
9,19,1
40,28,1
13,46,1
39,39,1
44,11,1
8,18,1
29,35,1
44,15,1
10,31,1
21,36,1
49,24,1
49,22,1
24,38,1
21,30,1
35,47,1
40,17,1
45,28,1
25,30,1
38,14,1
28,29,1
45,20,1
44,31,1
49,25,1
45,11,1
10,42,1
46,23,1
39,18,1
27,19,1
33,7,1
10,20,1
2,31,1
34,28,1
11,19,1
10,34,1
23,41,1
41,30,1
18,48,1
5,37,1
42,17,1
24,19,1
20,3,1
35,12,1
37,44,1
36,16,1
13,14,1
6,37,1
10,6,1
43,42,1
38,24,1
25,26,1
26,5,1
12,36,1
27,47,1
25,5,1
30,32,1
28,35,1
8,19,1
11,14,1
26,20,1
21,31,1
13,18,1
33,18,1
21,41,1
13,8,1
23,18,1
38,29,1
37,34,1
25,15,1
9,25,1
38,41,1
38,21,1
30,10,1
19,47,1
36,32,1
22,40,1
29,29,1
30,11,1
11,28,1
33,7,1
42,33,1
47,14,1
19,24,1
9,33,1
41,12,1
27,46,1
7,38,1
7,24,1
28,48,1
3,19,1
25,33,1
24,35,1
34,14,1
8,34,1
7,24,1
34,24,1
26,10,1
20,34,1
23,29,1
16,21,1
18,42,1
8,8,1
8,29,1
29,47,1
8,16,1
10,37,1
25,23,1
27,4,1
13,8,1
5,39,1
21,41,1
34,48,1
4,34,1
24,13,1
26,45,1
25,6,1
41,36,1
17,5,1
20,32,1
15,11,1
28,30,1
23,17,1
38,41,1
11,37,1
14,6,1
29,4,1
23,19,1
27,4,1
19,19,1
28,32,1
9,22,1
29,3,1
31,40,1
31,17,1
15,29,1
14,17,1
30,44,1
42,24,1
5,23,1
29,9,1
29,45,1
42,20,1
24,22,1
45,14,1
8,33,1
7,36,1
16,23,1
11,20,1
41,29,1
19,41,1
24,29,1
10,40,1
47,34,1
12,32,1
33,22,1
7,38,1
30,42,1
4,33,1
10,10,1
14,12,1
46,23,1
6,30,1
21,24,1
45,23,1
19,42,1
16,13,1
14,18,1
13,26,1
8,35,1
9,43,1
28,39,1
22,21,1
48,19,1
17,22,1
37,32,1
18,44,1
23,38,1
12,18,1
34,27,1
7,30,1
28,21,1
11,38,1
27,33,1
20,34,1
29,2,1
10,26,1
16,8,1
35,20,1
17,21,1
19,23,1
34,32,1
9,15,1
30,7,1
26,4,1
34,16,1
8,9,1
27,20,1
30,44,1
2,34,1
37,40,1
11,17,1
28,26,1
36,45,1
1,24,1
34,35,1
7,19,1
23,34,1
15,16,1
9,22,1
26,42,1
34,19,1
43,37,1
48,31,1
25,46,1
30,44,1
21,30,1
14,35,1
40,31,1
21,34,1
18,1,1
28,45,1
39,25,1
27,32,1
7,17,1
30,10,1
25,25,1
25,8,1
24,35,1
41,7,1
28,19,1
44,39,1
17,20,1
17,30,1
25,38,1
36,34,1
34,13,1
32,10,1
10,33,1
30,14,1
35,36,1
39,34,1
23,15,1
9,17,1
15,18,1
18,12,1
37,15,1
9,18,1
24,33,1
24,29,1
25,20,1
12,11,1
25,8,1
35,39,1
8,21,1
12,35,1
27,22,1
1,24,1
30,41,1
7,31,1
11,39,1
8,39,1
6,19,1
38,22,1
37,45,1
41,41,1
39,15,1
7,30,1
28,27,1
26,4,1
20,7,1
8,20,1
17,32,1
37,45,1
13,23,1
8,31,1
19,18,1
48,34,1
23,9,1
9,27,1
30,5,1
5,31,1
33,17,1
7,33,1
40,9,1
5,16,1
39,20,1
9,6,1
38,18,1
28,49,1
27,28,1
21,15,1
22,3,1
20,43,1
33,7,1
49,25,1
4,12,1
23,22,1
14,34,1
34,23,1
4,16,1
40,23,1
35,30,1
10,32,1
8,33,1
41,15,1
47,18,1
40,42,1
30,1,1
35,45,1
32,8,1
5,18,1
31,8,1
37,41,1
37,5,1
17,38,1
20,5,1
26,28,1
48,24,1
45,31,1
4,14,1
26,14,1
12,42,1
35,37,1
34,41,1
11,33,1
47,31,1
24,40,1
20,37,1
44,25,1
30,6,1
27,3,1
32,23,1
34,4,1
45,30,1
26,29,1
18,15,1
40,23,1
37,16,1
17,33,1
3,32,1
8,15,1
25,17,1
5,39,1
39,32,1
26,27,1
19,13,1
14,17,1
25,17,1
44,41,1
39,32,1
21,21,1
41,23,1
31,41,1
32,49,1
12,39,1
5,12,1
31,19,1
30,47,1
30,14,1
10,24,1
4,25,1
42,32,1
16,48,1
35,46,1
22,36,1
27,47,1
47,27,1
31,33,1
15,12,1
12,9,1
40,27,1
19,19,1
6,37,1
30,2,1
35,15,1
30,48,1
34,11,1
21,11,1
32,18,1
32,27,1
28,45,1
4,17,1
8,34,1
41,10,1
44,25,1
7,17,1
31,13,1
13,28,1
45,13,1
37,22,1
42,38,1
1,32,1
27,37,1
22,14,1
15,29,1
47,35,1
32,39,1
33,13,1
47,22,1
15,10,1
11,28,1
35,44,1
37,30,1
29,4,1
18,18,1
15,4,1
37,26,1
6,15,1
27,35,1
47,29,1
12,18,1
13,5,1
41,24,1
20,40,1
13,13,1
30,21,1
40,5,1
15,26,1
40,22,1
26,45,1
7,14,1
20,15,1
34,21,1
17,24,1
17,5,1
4,33,1
4,35,1
31,23,1
41,42,1
18,21,1
34,33,1
22,38,1
21,35,1
29,35,1
14,11,1
9,44,1
40,11,1
23,19,1
16,29,1
21,4,1
21,3,1
28,35,1
35,29,1
49,31,1
48,16,1
38,36,1
6,16,1
35,20,1
27,35,1
16,11,1
9,27,1
1,22,1
33,19,1
26,41,1
32,16,1
31,7,1
18,38,1
7,25,1
15,35,1
25,40,1
31,28,1
43,37,1
32,10,1
29,43,1
18,35,1
23,32,1
16,16,1
23,9,1
19,23,1
40,16,1
9,17,1
46,29,1
12,29,1
5,34,1
34,29,1
2,16,1
32,29,1
11,36,1
43,38,1
31,30,1
23,17,1
40,33,1
34,44,1
9,18,1
45,37,1
4,38,1
21,41,1
24,33,1
27,2,1
3,29,1
23,3,1
19,25,1
7,16,1
44,18,1
32,21,1
18,10,1
32,13,1
25,5,1
40,31,1
30,25,1
44,20,1
32,23,1
37,28,1
14,43,1
6,23,1
