44,17,0
46,27,0
42,16,0
23,27,0
41,26,0
20,4,0
27,40,0
3,27,0
33,22,0
30,14,0
27,19,0
41,30,0
22,48,0
20,32,0
24,34,0
9,15,0
21,9,0
5,36,0
13,41,0
23,14,0
19,15,0
44,22,0
37,43,0
22,10,0
26,4,0
48,28,0
20,19,0
42,43,0
26,21,0
27,25,0
34,4,0
8,16,0
33,30,0
21,45,0
5,30,0
9,15,0
27,29,0
39,19,0
27,25,0
41,23,0
12,8,0
21,8,0
35,14,0
30,6,0
43,32,0
35,46,0
13,7,0
34,26,0
14,37,0
27,15,0
27,8,0
32,9,0
32,31,0
6,19,0
20,13,0
25,39,0
17,10,0
12,24,0
44,41,0
40,7,0
17,44,0
45,35,0
44,31,0
26,35,0
16,30,0
28,6,0
44,36,0
22,39,0
10,13,0
31,46,0
36,4,0
2,29,0
32,9,0
13,33,0
27,2,0
24,42,0
11,12,0
49,26,0
13,17,0
8,7,0
17,17,0
34,25,0
43,23,0
12,39,0
42,35,0
44,37,0
23,31,0
21,40,0
12,39,0
22,2,0
44,10,0
13,33,0
14,9,0
22,19,0
43,19,0
9,40,0
26,16,0
21,47,0
13,31,0
10,15,0
46,17,0
9,26,0
32,10,0
13,24,0
3,20,0
19,38,0
13,39,0
28,33,0
45,22,0
8,24,0
33,15,0
34,40,0
18,23,0
32,13,0
16,4,0
8,14,0
20,48,0
18,7,0
32,5,0
32,42,0
25,37,0
8,38,0
23,31,0
34,16,0
40,26,0
36,45,0
11,5,0
9,13,0
32,39,0
27,14,0
10,31,0
46,21,0
17,27,0
29,12,0
29,35,0
48,20,0
17,14,0
16,46,0
40,30,0
40,26,0
22,39,0
25,0,0
9,28,0
15,38,0
32,22,0
30,18,0
38,39,0
26,45,0
45,28,0
11,28,0
36,39,0
46,15,0
35,32,0
38,17,0
30,9,0
46,13,0
2,24,0
37,15,0
23,6,0
21,43,0
13,15,0
36,33,0
40,20,0
9,15,0
34,7,0
33,10,0
46,23,0
47,36,0
3,22,0
35,7,0
27,47,0
44,13,0
44,26,0
26,16,0
19,38,0
14,27,0
31,34,0
42,36,0
10,26,0
49,30,0
23,8,0
24,6,0
44,18,0
19,11,0
16,14,0
15,39,0
49,28,0
13,44,0
2,34,0
7,32,0
30,22,0
35,36,0
34,15,0
33,31,0
21,28,0
34,19,0
32,41,0
25,1,0
44,14,0
23,36,0
27,30,0
27,6,0
20,20,0
13,16,0
41,34,0
39,33,0
10,33,0
4,36,0
12,7,0
26,38,0
22,21,0
14,30,0
34,17,0
9,29,0
5,11,0
22,31,0
43,41,0
33,31,0
42,33,0
40,20,0
17,19,0
49,20,0
43,32,0
22,19,0
18,38,0
27,22,0
5,37,0
6,10,0
7,11,0
30,25,0
23,35,0
37,5,0
35,34,0
8,28,0
25,3,0
32,44,0
5,26,0
34,10,0
20,29,0
20,26,0
38,9,0
45,29,0
4,18,0
40,16,0
12,46,0
8,39,0
23,44,0
39,8,0
25,4,0
22,49,0
21,26,0
29,35,0
46,37,0
6,34,0
9,24,0
4,32,0
24,40,0
35,14,0
17,27,0
18,49,0
21,15,0
25,48,0
16,5,0
44,28,0
41,8,0
8,30,0
46,22,0
31,28,0
21,34,0
27,3,0
44,19,0
9,9,0
34,15,0
24,34,0
29,45,0
32,5,0
29,48,0
31,42,0
8,40,0
34,41,0
3,24,0
7,42,0
36,37,0
13,4,0
33,2,0
31,27,0
24,12,0
44,33,0
47,22,0
15,31,0
5,29,0
14,25,0
36,45,0
28,33,0
19,24,0
20,23,0
9,30,0
46,16,0
26,36,0
26,35,0
39,19,0
23,18,0
43,18,0
38,44,0
37,5,0
24,34,0
10,40,0
3,24,0
31,7,0
6,34,0
44,29,0
47,26,0
46,26,0
11,21,0
14,42,0
13,4,0
45,13,0
24,34,0
35,12,0
25,49,0
37,31,0
15,13,0
20,3,0
42,13,0
43,12,0
32,4,0
43,17,0
27,8,0
8,25,0
25,5,0
35,39,0
12,28,0
30,26,0
14,5,0
16,26,0
23,12,0
25,18,0
25,4,0
28,14,0
22,43,0
33,14,0
8,33,0
12,22,0
2,24,0
24,32,0
5,16,0
32,25,0
30,37,0
20,17,0
41,17,0
11,22,0
39,36,0
8,24,0
8,40,0
7,26,0
7,13,0
21,30,0
9,7,0
5,25,0
36,38,0
13,31,0
33,43,0
40,39,0
32,47,0
9,16,0
18,31,0
20,25,0
21,33,0
27,5,0
41,20,0
23,14,0
32,17,0
22,37,0
21,6,0
29,2,0
14,18,0
23,5,0
6,32,0
42,34,0
30,6,0
24,16,0
11,21,0
32,39,0
37,25,0
20,31,0
41,7,0
35,16,0
33,44,0
30,31,0
23,20,0
13,32,0
29,23,0
11,5,0
26,20,0
6,12,0
19,14,0
15,21,0
7,34,0
6,19,0
40,12,0
296,9,1
281,41,1
277,14,1
281,42,1
294,23,1
263,36,1
265,18,1
291,24,1
274,19,1
268,22,1
287,13,1
270,43,1
278,21,1
276,40,1
293,35,1
297,14,1
286,1,1
278,1,1
263,26,1
281,24,1
286,4,1
287,31,1
277,35,1
286,19,1
290,8,1
280,49,1
284,3,1
293,40,1
283,28,1
285,30,1
271,8,1
266,9,1
308,33,1
292,46,1
278,17,1
305,33,1
271,7,1
280,37,1
286,1,1
278,1,1
305,19,1
287,43,1
266,24,1
297,26,1
281,25,1
274,39,1
263,25,1
288,34,1
302,10,1
264,26,1
273,46,1
268,40,1
299,38,1
278,15,1
309,30,1
297,23,1
303,19,1
272,40,1
284,41,1
274,33,1
283,42,1
262,21,1
270,21,1
264,13,1
297,10,1
279,12,1
273,7,1
273,41,1
277,41,1
271,16,1
274,45,1
273,33,1
288,36,1
283,7,1
262,16,1
284,22,1
281,37,1
288,14,1
277,29,1
276,28,1
276,3,1
298,28,1
288,34,1
274,18,1
283,48,1
273,8,1
300,27,1
269,7,1
284,33,1
278,12,1
296,24,1
294,20,1
277,31,1
280,31,1
288,29,1
290,2,1
298,46,1
262,22,1
270,45,1
302,7,1
278,8,1
278,2,1
272,12,1
303,8,1
278,19,1
268,28,1
263,20,1
281,16,1
300,10,1
269,36,1
295,46,1
263,36,1
285,0,1
273,21,1
264,14,1
308,24,1
273,17,1
270,6,1
270,42,1
288,41,1
299,25,1
273,36,1
283,11,1
285,50,1
276,22,1
274,45,1
261,27,1
309,27,1
299,14,1
280,39,1
303,12,1
297,40,1
285,22,1
276,24,1
274,42,1
263,29,1
303,39,1
270,43,1
309,19,1
272,18,1
271,12,1
296,12,1
306,37,1
277,3,1
263,14,1
295,32,1
294,38,1
285,3,1
298,38,1
267,32,1
275,5,1
300,10,1
303,18,1
284,47,1
272,13,1
275,36,1
261,18,1
281,40,1
295,16,1
294,35,1
277,18,1
301,17,1
291,24,1
284,40,1
286,4,1
289,9,1
268,37,1
296,17,1
281,29,1
269,22,1
276,29,1
275,12,1
287,29,1
271,29,1
280,32,1
296,6,1
300,40,1
292,40,1
268,17,1
280,24,1
307,27,1
271,41,1
303,17,1
309,23,1
304,10,1
268,13,1
295,18,1
279,20,1
286,31,1
286,23,1
283,32,1
301,8,1
277,25,1
279,39,1
295,5,1
292,20,1
282,17,1
264,24,1
300,20,1
285,46,1
292,8,1
293,27,1
277,45,1
292,13,1
276,7,1
280,1,1
276,42,1
290,2,1
296,18,1
271,12,1
278,40,1
305,14,1
293,6,1
269,34,1
287,35,1
301,18,1
307,21,1
286,29,1
294,26,1
286,38,1
265,26,1
297,19,1
291,20,1
282,44,1
307,14,1
298,21,1
287,9,1
298,45,1
291,34,1
303,32,1
283,38,1
270,36,1
270,11,1
301,21,1
285,49,1
280,13,1
285,10,1
284,32,1
271,10,1
296,42,1
291,27,1
290,33,1
267,40,1
269,37,1
286,11,1
283,44,1
276,25,1
281,45,1
292,10,1
292,9,1
305,35,1
297,43,1
278,34,1
279,1,1
297,13,1
291,28,1
297,4,1
275,37,1
272,6,1
276,18,1
295,16,1
269,6,1
264,20,1
280,4,1
280,25,1
282,23,1
295,18,1
286,7,1
276,43,1
280,30,1
285,30,1
295,43,1
269,41,1
287,26,1
310,25,1
276,3,1
287,36,1
268,28,1
288,34,1
298,5,1
269,30,1
281,35,1
285,43,1
276,27,1
279,23,1
286,8,1
271,14,1
277,37,1
273,42,1
289,16,1
292,15,1
309,29,1
295,9,1
276,14,1
296,13,1
294,32,1
286,16,1
302,7,1
298,20,1
284,30,1
293,45,1
271,33,1
294,28,1
274,16,1
285,0,1
281,6,1
280,38,1
300,11,1
295,13,1
288,15,1
270,22,1
297,25,1
276,2,1
302,34,1
297,27,1
273,42,1
291,39,1
310,25,1
278,42,1
284,16,1
265,17,1
298,39,1
295,13,1
263,19,1
292,3,1
266,29,1
274,8,1
307,19,1
264,14,1
272,39,1
293,14,1
268,36,1
288,22,1
307,30,1
300,21,1
300,39,1
264,16,1
288,27,1
283,22,1
282,11,1
278,27,1
308,24,1
297,32,1
293,30,1
296,9,1
272,30,1
282,11,1
281,25,1
273,6,1
288,42,1
290,36,1
307,36,1
303,9,1
284,17,1
294,48,1
302,18,1
292,26,1
283,20,1
279,44,1
305,28,1
288,25,1
273,12,1
285,45,1
281,4,1
279,26,1
291,45,1
280,18,1
302,26,1
288,42,1
294,23,1
293,8,1
291,12,1
268,22,1
273,17,1
267,15,1
284,34,1
304,11,1
281,42,1
286,49,1
298,30,1
285,40,1
298,32,1
298,34,1
295,25,1
266,37,1
262,21,1
294,15,1
288,16,1
276,31,1
264,17,1
276,40,1
303,9,1
289,3,1
275,32,1
278,36,1
272,15,1
280,17,1
285,1,1
289,42,1
293,23,1
293,12,1
296,17,1
282,20,1
274,29,1
286,10,1
274,41,1
300,18,1
273,18,1
286,6,1
295,28,1
283,19,1
287,18,1
277,29,1
307,36,1
288,45,1
302,13,1
288,30,1
287,48,1
289,40,1
264,38,1
284,2,1
286,9,1
305,40,1
275,32,1
288,23,1
272,24,1
262,31,1
301,34,1
271,27,1
304,35,1
294,42,1
289,38,1
277,48,1
299,27,1
285,12,1
286,36,1
307,29,1
283,9,1
298,6,1
277,25,1
287,22,1
272,34,1
301,40,1
292,17,1
279,16,1
287,5,1
295,5,1
269,37,1
296,11,1
276,2,1
300,26,1
294,11,1
284,9,1
274,13,1
282,37,1
287,35,1
287,12,1
282,36,1
304,18,1
298,20,1
307,24,1
275,25,1
268,22,1
280,25,1
278,35,1
263,17,1
267,30,1
284,30,1
267,8,1
262,32,1
274,28,1
291,44,1
269,19,1
286,11,1
295,36,1
294,42,1
271,27,1
271,22,1
303,34,1
298,16,1
295,29,1
289,36,1
272,42,1
277,30,1
261,25,1
294,14,1
266,17,1
274,33,1
298,37,1
295,23,1
293,12,1
280,22,1
301,7,1
274,22,1
282,20,1
283,4,1
290,18,1
298,37,1
264,22,1
286,8,1
286,8,1
297,22,1
292,21,1
273,19,1
284,29,1
303,22,1
301,38,1
284,10,1
281,4,1
278,27,1
290,24,1
262,34,1
296,7,1
299,42,1
295,35,1
284,14,1
275,47,1
297,5,1
275,42,1
265,11,1
291,26,1
272,41,1
293,30,1
294,24,1
307,14,1
276,2,1
297,9,1
280,18,1
274,42,1
292,9,1
280,18,1
305,26,1
303,22,1
304,33,1
288,22,1
290,7,1
301,8,1
273,14,1
289,29,1
272,9,1
282,22,1
280,10,1
261,21,1
305,19,1
275,13,1
263,36,1
287,27,1
281,30,1
293,19,1
276,7,1
271,11,1
299,19,1
280,41,1
277,47,1
294,29,1
275,19,1
268,23,1
267,37,1
281,23,1
300,30,1
291,31,1
308,16,1
268,33,1
294,36,1
290,6,1
265,15,1
294,29,1
279,34,1
261,27,1
286,13,1
271,22,1
298,32,1
297,5,1
293,40,1
275,9,1
271,14,1
275,44,1
269,40,1
277,5,1
297,27,1
280,7,1
267,34,1
266,28,1
278,46,1
288,45,1
270,26,1
281,13,1
279,30,1
274,33,1
274,18,1
302,12,1
264,38,1
272,12,1
294,24,1
289,9,1
268,13,1
282,48,1
303,31,1
261,29,1
297,20,1
