11,8,0
41,23,0
40,25,0
31,27,0
40,15,0
22,34,0
18,36,0
10,7,0
31,49,0
12,8,0
11,15,0
34,33,0
19,1,0
4,32,0
5,11,0
6,29,0
16,16,0
25,33,0
11,45,0
19,30,0
17,2,0
22,34,0
25,18,0
38,4,0
30,49,0
9,23,0
15,5,0
39,8,0
13,30,0
29,41,0
42,20,0
38,24,0
13,33,0
27,6,0
28,11,0
8,7,0
5,17,0
45,26,0
26,19,0
11,33,0
18,35,0
38,17,0
20,39,0
6,18,0
25,17,0
18,3,0
24,22,0
47,32,0
30,5,0
11,30,0
22,14,0
37,25,0
24,44,0
8,25,0
40,19,0
34,32,0
36,36,0
8,20,0
31,6,0
34,6,0
6,28,0
5,36,0
35,40,0
43,21,0
38,20,0
25,28,0
43,29,0
12,24,0
37,9,0
18,14,0
23,16,0
42,32,0
48,26,0
25,45,0
42,26,0
32,4,0
20,17,0
32,16,0
39,38,0
23,4,0
8,29,0
3,29,0
19,36,0
49,29,0
31,34,0
15,24,0
28,20,0
36,24,0
29,14,0
17,26,0
7,29,0
47,28,0
30,43,0
18,43,0
38,35,0
4,16,0
43,22,0
4,27,0
26,36,0
4,26,0
22,40,0
42,13,0
24,13,0
45,16,0
36,18,0
8,28,0
5,38,0
39,36,0
41,14,0
33,11,0
38,44,0
10,37,0
26,24,0
6,37,0
22,47,0
7,27,0
22,8,0
38,29,0
12,17,0
6,9,0
19,3,0
39,22,0
42,39,0
4,23,0
9,8,0
17,40,0
27,7,0
44,36,0
13,41,0
32,17,0
32,42,0
38,22,0
24,13,0
13,26,0
25,18,0
16,7,0
14,37,0
45,14,0
10,9,0
18,44,0
35,47,0
34,26,0
5,24,0
36,38,0
13,12,0
3,19,0
18,26,0
15,38,0
2,33,0
17,25,0
41,25,0
27,19,0
14,20,0
5,23,0
35,5,0
35,42,0
39,41,0
18,7,0
19,18,0
32,7,0
31,14,0
37,30,0
34,29,0
25,30,0
33,10,0
9,17,0
26,37,0
46,22,0
21,29,0
45,14,0
14,40,0
31,20,0
35,5,0
31,4,0
35,41,0
25,16,0
35,23,0
15,7,0
19,17,0
9,11,0
8,28,0
41,39,0
35,4,0
2,33,0
35,47,0
36,41,0
26,2,0
24,11,0
19,24,0
30,21,0
34,3,0
15,15,0
29,4,0
41,36,0
30,28,0
14,40,0
1,25,0
19,28,0
4,29,0
35,7,0
18,35,0
41,15,0
26,48,0
5,31,0
37,37,0
24,11,0
12,14,0
21,20,0
12,35,0
3,30,0
11,21,0
14,19,0
3,26,0
22,8,0
9,23,0
31,49,0
44,35,0
25,5,0
27,49,0
40,17,0
28,49,0
41,30,0
21,33,0
26,45,0
33,12,0
41,22,0
21,31,0
11,31,0
19,37,0
36,15,0
10,34,0
10,45,0
31,47,0
19,21,0
4,34,0
16,40,0
36,31,0
4,13,0
34,41,0
28,47,0
28,31,0
12,21,0
45,14,0
23,1,0
13,36,0
21,30,0
43,33,0
13,20,0
26,12,0
10,11,0
31,26,0
6,16,0
15,26,0
33,23,0
24,26,0
22,23,0
27,31,0
10,25,0
32,7,0
29,28,0
6,25,0
39,16,0
9,38,0
30,13,0
26,40,0
4,24,0
14,46,0
29,1,0
35,24,0
28,38,0
46,21,0
10,30,0
25,12,0
23,26,0
38,28,0
25,36,0
24,35,0
29,10,0
44,36,0
13,4,0
23,2,0
19,46,0
19,36,0
33,23,0
22,6,0
25,21,0
31,38,0
33,47,0
36,9,0
8,23,0
5,23,0
22,46,0
39,35,0
17,24,0
27,47,0
31,10,0
15,46,0
14,16,0
41,15,0
39,12,0
13,20,0
16,4,0
48,27,0
5,38,0
36,5,0
31,9,0
42,13,0
6,9,0
39,28,0
36,6,0
26,25,0
27,44,0
27,18,0
17,33,0
12,22,0
43,36,0
9,23,0
14,19,0
31,29,0
19,39,0
18,2,0
42,37,0
46,12,0
44,13,0
5,22,0
29,43,0
34,23,0
32,8,0
28,37,0
19,48,0
28,24,0
13,12,0
27,46,0
42,21,0
4,14,0
40,7,0
26,4,0
29,33,0
34,38,0
34,5,0
31,38,0
18,15,0
23,26,0
21,47,0
7,23,0
15,28,0
17,19,0
19,25,0
6,16,0
48,28,0
39,19,0
32,37,0
40,5,0
20,22,0
11,9,0
37,39,0
42,12,0
10,12,0
2,16,0
28,37,0
42,20,0
31,38,0
18,30,0
8,42,0
24,49,0
7,15,0
3,35,0
27,46,0
24,8,0
28,48,0
35,5,0
19,1,0
38,27,0
4,13,0
33,36,0
24,32,0
4,31,0
25,3,0
10,8,0
19,16,0
34,33,0
24,49,0
31,5,0
49,27,0
27,38,0
24,33,0
17,3,0
30,46,0
39,37,0
43,10,0
32,20,0
2,28,0
26,2,0
39,38,0
24,30,0
12,43,0
38,12,0
12,35,0
13,6,0
28,25,0
269,39,1
293,3,1
266,31,1
301,27,1
290,17,1
298,46,1
261,27,1
303,13,1
292,21,1
282,23,1
289,29,1
277,24,1
276,25,1
293,3,1
273,29,1
302,38,1
293,5,1
295,25,1
287,28,1
275,4,1
297,13,1
302,43,1
262,33,1
284,5,1
290,2,1
281,12,1
264,36,1
285,11,1
291,15,1
279,39,1
279,40,1
265,20,1
261,18,1
295,13,1
305,16,1
281,33,1
275,45,1
296,22,1
286,28,1
285,28,1
296,22,1
308,28,1
299,45,1
296,32,1
289,23,1
281,4,1
300,29,1
276,40,1
302,38,1
308,27,1
276,20,1
270,21,1
279,40,1
281,27,1
286,8,1
290,31,1
274,33,1
293,44,1
269,30,1
276,7,1
276,12,1
296,30,1
262,24,1
282,44,1
286,18,1
272,27,1
266,18,1
296,10,1
279,3,1
270,14,1
287,26,1
282,36,1
286,27,1
274,44,1
265,29,1
294,31,1
286,31,1
266,26,1
265,15,1
306,29,1
280,11,1
283,23,1
280,37,1
277,15,1
297,21,1
289,31,1
303,28,1
274,28,1
295,20,1
285,43,1
277,22,1
274,32,1
294,39,1
290,47,1
273,6,1
291,31,1
298,14,1
268,30,1
261,25,1
305,12,1
269,36,1
284,23,1
294,3,1
273,23,1
299,13,1
301,33,1
299,11,1
294,44,1
300,43,1
298,30,1
304,29,1
300,6,1
297,23,1
307,33,1
261,21,1
281,31,1
287,32,1
281,39,1
283,32,1
286,10,1
278,39,1
298,18,1
291,16,1
261,18,1
297,32,1
264,32,1
275,13,1
283,47,1
264,21,1
303,33,1
294,20,1
296,16,1
265,18,1
285,32,1
269,39,1
301,21,1
273,42,1
276,30,1
273,7,1
267,20,1
288,30,1
294,16,1
273,30,1
273,10,1
294,19,1
292,32,1
265,33,1
297,37,1
284,23,1
282,19,1
276,28,1
272,36,1
281,41,1
293,44,1
271,35,1
299,26,1
296,23,1
301,7,1
276,25,1
273,30,1
283,8,1
276,44,1
269,28,1
280,10,1
287,38,1
301,27,1
270,43,1
286,8,1
282,4,1
289,10,1
286,19,1
288,14,1
297,35,1
271,10,1
272,29,1
289,4,1
269,34,1
293,20,1
290,40,1
271,8,1
291,45,1
286,42,1
275,9,1
287,20,1
277,5,1
299,21,1
306,21,1
267,9,1
289,42,1
307,30,1
269,42,1
287,16,1
265,38,1
302,12,1
300,42,1
279,20,1
283,20,1
290,32,1
301,8,1
292,25,1
288,9,1
274,33,1
281,34,1
280,24,1
282,5,1
274,28,1
274,40,1
265,39,1
280,39,1
297,4,1
293,11,1
289,30,1
273,12,1
282,5,1
296,18,1
269,32,1
294,41,1
261,25,1
268,42,1
282,12,1
308,17,1
293,3,1
275,45,1
288,7,1
306,20,1
268,31,1
280,1,1
303,18,1
285,35,1
296,22,1
301,27,1
278,25,1
276,32,1
283,10,1
286,1,1
286,38,1
273,24,1
277,27,1
268,9,1
281,5,1
290,17,1
288,36,1
273,32,1
291,47,1
303,33,1
284,26,1
300,33,1
289,31,1
284,2,1
288,23,1
277,14,1
291,26,1
277,26,1
299,18,1
290,29,1
301,7,1
275,9,1
281,28,1
301,27,1
271,37,1
269,43,1
293,17,1
262,31,1
291,33,1
285,47,1
270,18,1
297,12,1
297,15,1
295,35,1
293,22,1
302,16,1
280,33,1
286,2,1
276,19,1
276,33,1
304,10,1
271,27,1
277,29,1
295,4,1
288,37,1
306,25,1
302,20,1
298,10,1
286,42,1
293,34,1
299,14,1
305,26,1
286,47,1
277,40,1
287,25,1
277,9,1
274,17,1
273,34,1
290,12,1
308,18,1
267,15,1
282,49,1
271,29,1
305,26,1
290,17,1
288,49,1
293,33,1
302,22,1
290,24,1
261,22,1
306,24,1
288,22,1
282,39,1
282,9,1
268,25,1
292,38,1
286,29,1
278,8,1
308,33,1
276,30,1
285,1,1
296,42,1
276,28,1
277,17,1
295,5,1
278,11,1
286,34,1
280,13,1
270,36,1
265,10,1
289,4,1
274,15,1
276,8,1
281,4,1
271,17,1
270,13,1
281,10,1
263,15,1
283,9,1
275,24,1
303,41,1
283,32,1
263,15,1
270,17,1
287,21,1
263,19,1
285,30,1
262,20,1
290,35,1
289,37,1
304,18,1
283,27,1
285,37,1
279,32,1
265,12,1
307,22,1
283,2,1
277,22,1
292,2,1
284,24,1
292,7,1
293,3,1
294,19,1
271,29,1
285,36,1
266,18,1
291,48,1
295,8,1
307,36,1
295,11,1
269,22,1
304,34,1
275,43,1
266,27,1
264,31,1
272,45,1
262,25,1
269,18,1
294,25,1
294,7,1
265,38,1
290,12,1
272,21,1
281,43,1
271,10,1
290,20,1
289,37,1
294,27,1
303,18,1
293,4,1
270,8,1
275,21,1
273,21,1
291,16,1
301,24,1
297,39,1
284,23,1
273,12,1
286,36,1
267,21,1
303,20,1
302,19,1
275,26,1
265,25,1
281,11,1
290,48,1
297,4,1
305,11,1
281,19,1
284,42,1
262,26,1
266,34,1
269,10,1
297,35,1
275,9,1
276,39,1
304,18,1
298,42,1
274,44,1
276,15,1
306,23,1
297,45,1
276,26,1
298,44,1
284,23,1
283,5,1
276,10,1
275,21,1
289,14,1
286,18,1
299,16,1
262,26,1
285,34,1
291,42,1
296,44,1
284,14,1
301,37,1
272,41,1
281,16,1
301,39,1
272,39,1
306,31,1
283,41,1
266,20,1
285,27,1
277,23,1
301,14,1
291,39,1
276,10,1
307,27,1
286,22,1
275,32,1
273,32,1
303,37,1
306,21,1
306,27,1
282,24,1
265,32,1
297,27,1
282,30,1
290,42,1
264,37,1
280,3,1
297,25,1
274,42,1
296,38,1
261,24,1
280,19,1
285,39,1
280,20,1
288,49,1
286,17,1
302,12,1
274,31,1
288,39,1
267,41,1
274,29,1
278,35,1
294,15,1
276,8,1
293,19,1
272,43,1
307,30,1
281,39,1
293,32,1
298,33,1
269,25,1
273,32,1
301,36,1
281,17,1
302,11,1
292,3,1
281,45,1
281,37,1
275,29,1
301,28,1
278,29,1
294,13,1
275,12,1
281,1,1
273,42,1
272,25,1
288,42,1
271,23,1
266,36,1
268,16,1
292,49,1
262,26,1
302,36,1
285,6,1
302,24,1
281,8,1
307,35,1
277,7,1
280,43,1
305,22,1
272,44,1
266,26,1
301,8,1
297,16,1
280,42,1
302,38,1
269,23,1
290,3,1
273,6,1
292,25,1
304,30,1
273,21,1
277,23,1
290,48,1
284,44,1
272,29,1
284,18,1
274,34,1
305,26,1
303,28,1
274,39,1
275,42,1
276,16,1
300,22,1
279,42,1
279,13,1
266,40,1
278,39,1
261,27,1
292,35,1
274,8,1
287,5,1
276,2,1
294,2,1
291,27,1
295,44,1
286,5,1
293,39,1
305,17,1
293,35,1
278,30,1
277,27,1
284,46,1
275,35,1
263,16,1
269,16,1
282,46,1
289,32,1
273,12,1
302,17,1
297,28,1
273,14,1
273,41,1
269,20,1
293,8,1
291,47,1
290,2,1
300,43,1
263,16,1
296,6,1
266,21,1
292,21,1
289,20,1
297,11,1
295,38,1
281,37,1
301,21,1
287,36,1
298,4,1
293,6,1
288,24,1
269,44,1
295,8,1
291,46,1
271,28,1
265,38,1
276,11,1
290,8,1
304,29,1
296,33,1
305,36,1
275,19,1
265,17,1
263,18,1
280,29,1
300,31,1
296,35,1
303,19,1
289,28,1
