11,45,0
11,11,0
17,2,0
48,31,0
17,47,0
5,24,0
46,28,0
27,10,0
22,39,0
9,34,0
25,7,0
29,24,0
29,33,0
25,11,0
22,8,0
15,9,0
40,7,0
21,49,0
38,6,0
3,22,0
34,41,0
13,22,0
32,42,0
29,20,0
24,26,0
4,36,0
18,24,0
24,26,0
44,16,0
37,7,0
28,39,0
34,23,0
29,6,0
45,14,0
40,25,0
17,24,0
14,33,0
41,40,0
4,34,0
41,42,0
5,19,0
36,16,0
13,26,0
22,43,0
6,41,0
38,16,0
7,31,0
34,23,0
29,44,0
22,27,0
9,43,0
9,24,0
14,25,0
32,37,0
34,42,0
21,33,0
3,19,0
36,32,0
7,25,0
32,40,0
30,21,0
11,8,0
29,35,0
45,29,0
33,21,0
40,21,0
27,44,0
21,11,0
27,1,0
33,18,0
29,25,0
30,34,0
48,20,0
6,11,0
30,36,0
15,46,0
34,24,0
34,47,0
31,43,0
37,33,0
26,5,0
39,22,0
37,42,0
45,24,0
11,28,0
21,41,0
13,16,0
31,44,0
28,42,0
3,20,0
34,26,0
3,17,0
18,4,0
26,27,0
7,10,0
23,27,0
31,39,0
39,39,0
36,20,0
48,21,0
16,2,0
47,30,0
36,25,0
38,22,0
6,41,0
12,17,0
24,46,0
46,18,0
46,15,0
45,18,0
36,42,0
24,37,0
16,46,0
8,14,0
36,11,0
17,20,0
21,6,0
3,23,0
14,39,0
31,6,0
13,29,0
28,22,0
8,22,0
33,37,0
18,5,0
22,46,0
11,44,0
26,21,0
15,42,0
10,45,0
31,28,0
3,25,0
1,30,0
37,37,0
41,18,0
3,32,0
28,35,0
20,16,0
24,44,0
25,10,0
10,5,0
43,23,0
9,29,0
40,10,0
38,42,0
16,24,0
22,19,0
20,8,0
27,17,0
18,13,0
29,18,0
42,19,0
35,31,0
24,44,0
26,27,0
30,23,0
21,44,0
34,27,0
18,42,0
30,38,0
41,25,0
32,3,0
34,42,0
47,21,0
46,14,0
13,8,0
6,21,0
19,33,0
27,18,0
36,35,0
10,35,0
29,8,0
17,10,0
12,46,0
21,24,0
38,12,0
15,16,0
20,15,0
46,21,0
10,40,0
24,36,0
27,33,0
29,19,0
30,5,0
47,34,0
43,29,0
21,21,0
8,35,0
31,27,0
49,21,0
16,22,0
32,42,0
49,22,0
41,40,0
17,38,0
28,29,0
2,24,0
38,42,0
9,13,0
35,34,0
37,29,0
28,5,0
13,40,0
26,8,0
10,33,0
18,37,0
21,16,0
27,18,0
22,4,0
6,16,0
23,48,0
14,11,0
31,6,0
26,4,0
12,4,0
38,14,0
6,17,0
31,9,0
30,40,0
25,0,0
15,30,0
42,26,0
35,24,0
33,25,0
29,45,0
3,20,0
25,4,0
42,16,0
12,33,0
42,25,0
11,34,0
17,10,0
7,24,0
42,43,0
49,22,0
18,6,0
38,37,0
14,25,0
8,28,0
31,45,0
13,10,0
28,21,0
31,47,0
7,25,0
6,40,0
7,25,0
26,37,0
3,22,0
11,10,0
19,25,0
34,9,0
10,7,0
5,38,0
12,44,0
41,40,0
23,38,0
31,24,0
14,7,0
19,4,0
8,11,0
34,21,0
30,41,0
40,39,0
41,9,0
32,18,0
45,23,0
30,16,0
12,19,0
42,26,0
5,39,0
37,23,0
19,21,0
31,17,0
40,37,0
38,16,0
32,44,0
48,16,0
15,36,0
21,35,0
30,9,0
16,23,0
31,48,0
37,29,0
37,18,0
35,5,0
29,3,0
8,28,0
32,34,0
22,47,0
20,41,0
31,22,0
37,19,0
16,45,0
32,24,0
42,34,0
22,38,0
26,30,0
18,5,0
27,12,0
38,6,0
26,45,0
16,24,0
19,6,0
22,6,0
38,22,0
7,11,0
22,49,0
36,47,0
2,24,0
39,6,0
2,28,0
11,15,0
12,14,0
14,21,0
18,49,0
26,13,0
14,43,0
8,21,0
30,11,0
24,32,0
14,35,0
15,16,0
32,28,0
39,9,0
30,25,0
8,40,0
30,49,0
23,12,0
30,43,0
22,20,0
25,28,0
21,3,0
34,40,0
39,26,0
19,3,0
39,12,0
25,37,0
30,25,0
30,20,0
21,12,0
18,8,0
40,8,0
19,34,0
13,27,0
3,17,0
27,49,0
32,43,0
30,19,0
39,35,0
41,9,0
34,16,0
33,2,0
14,46,0
33,33,0
24,36,0
28,20,0
4,14,0
31,29,0
17,46,0
18,36,0
28,41,0
18,46,0
32,21,0
42,33,0
4,15,0
44,25,0
31,24,0
7,11,0
32,33,0
23,38,0
41,38,0
10,10,0
44,14,0
38,12,0
36,43,0
41,18,0
15,14,0
35,8,0
12,31,0
41,29,0
26,21,0
37,11,0
44,16,0
13,8,0
32,47,0
43,18,0
25,16,0
21,2,0
22,47,0
36,11,0
13,8,0
24,16,0
21,22,0
14,42,0
46,22,0
35,12,0
44,27,0
15,24,0
32,46,0
6,20,0
265,28,1
295,19,1
280,23,1
274,36,1
306,22,1
281,7,1
287,22,1
284,21,1
289,25,1
285,48,1
285,20,1
271,37,1
292,34,1
304,38,1
263,25,1
274,32,1
293,39,1
272,23,1
279,18,1
287,28,1
267,22,1
271,27,1
287,23,1
298,9,1
264,14,1
278,44,1
293,38,1
270,45,1
298,8,1
285,11,1
273,16,1
280,34,1
282,44,1
290,37,1
288,42,1
285,22,1
263,25,1
269,26,1
292,44,1
276,32,1
274,29,1
292,2,1
268,11,1
298,5,1
294,16,1
308,28,1
287,43,1
268,37,1
299,38,1
289,8,1
287,34,1
269,42,1
290,7,1
273,31,1
307,21,1
293,44,1
269,9,1
300,39,1
307,24,1
269,19,1
294,6,1
298,23,1
305,33,1
264,14,1
268,24,1
275,21,1
292,9,1
272,15,1
299,35,1
277,32,1
266,38,1
276,6,1
286,4,1
304,36,1
286,21,1
284,47,1
281,5,1
294,16,1
275,15,1
282,48,1
281,3,1
295,47,1
294,12,1
285,5,1
271,42,1
272,11,1
290,25,1
309,27,1
284,16,1
287,35,1
298,4,1
270,28,1
276,27,1
308,22,1
281,16,1
271,28,1
292,45,1
298,36,1
281,7,1
295,26,1
300,10,1
282,37,1
273,6,1
275,37,1
282,22,1
284,27,1
272,9,1
300,8,1
277,7,1
289,16,1
299,45,1
308,25,1
280,37,1
266,25,1
286,25,1
289,17,1
289,9,1
261,18,1
278,27,1
274,26,1
275,25,1
264,25,1
280,45,1
263,15,1
266,25,1
271,6,1
292,14,1
298,9,1
280,32,1
269,12,1
305,36,1
301,12,1
293,36,1
299,16,1
299,33,1
272,6,1
309,30,1
268,24,1
267,8,1
267,21,1
280,49,1
302,31,1
287,40,1
276,20,1
295,38,1
277,26,1
293,10,1
299,25,1
281,41,1
285,15,1
301,26,1
278,37,1
292,11,1
289,6,1
293,30,1
301,34,1
303,10,1
269,40,1
269,8,1
286,2,1
288,35,1
288,27,1
285,45,1
288,26,1
279,41,1
268,22,1
282,15,1
274,38,1
289,18,1
271,10,1
290,6,1
292,47,1
302,35,1
300,36,1
271,17,1
277,12,1
280,2,1
277,20,1
302,21,1
279,26,1
297,27,1
278,39,1
303,14,1
264,25,1
295,19,1
291,8,1
283,15,1
282,5,1
269,22,1
274,29,1
297,30,1
298,12,1
296,28,1
305,15,1
272,6,1
285,50,1
276,21,1
294,7,1
277,10,1
271,8,1
287,44,1
280,46,1
304,32,1
277,9,1
303,17,1
282,14,1
282,46,1
280,22,1
304,31,1
288,30,1
293,18,1
279,47,1
276,31,1
295,24,1
273,16,1
287,21,1
306,24,1
284,34,1
284,13,1
275,10,1
306,29,1
263,19,1
298,34,1
303,10,1
304,17,1
266,23,1
290,40,1
280,20,1
304,26,1
288,13,1
284,44,1
293,12,1
282,47,1
276,29,1
281,12,1
262,22,1
294,22,1
264,38,1
288,36,1
281,7,1
280,24,1
279,23,1
275,13,1
302,30,1
290,32,1
280,25,1
284,26,1
305,39,1
277,5,1
278,5,1
272,26,1
285,30,1
302,22,1
291,15,1
275,13,1
289,26,1
303,23,1
267,31,1
304,41,1
289,2,1
277,30,1
291,33,1
283,39,1
281,37,1
276,21,1
283,15,1
289,33,1
291,44,1
285,29,1
287,35,1
297,24,1
286,44,1
264,26,1
280,33,1
273,31,1
303,18,1
282,9,1
277,5,1
292,19,1
282,6,1
306,28,1
285,14,1
282,38,1
287,25,1
278,21,1
292,31,1
276,35,1
303,8,1
290,49,1
274,15,1
300,21,1
272,5,1
289,28,1
297,24,1
292,48,1
285,11,1
305,20,1
293,36,1
267,29,1
280,30,1
281,7,1
279,23,1
291,48,1
292,5,1
283,29,1
290,48,1
277,46,1
304,13,1
270,12,1
288,23,1
275,37,1
300,40,1
301,26,1
261,32,1
280,11,1
284,3,1
265,19,1
272,28,1
268,10,1
288,34,1
291,41,1
297,16,1
304,10,1
272,18,1
300,16,1
286,40,1
286,46,1
296,27,1
282,13,1
303,38,1
281,14,1
301,12,1
292,6,1
298,8,1
282,7,1
293,39,1
306,20,1
290,9,1
268,22,1
299,27,1
309,26,1
288,19,1
295,46,1
268,25,1
302,37,1
283,44,1
274,45,1
300,44,1
269,28,1
307,28,1
304,26,1
295,34,1
278,4,1
298,25,1
264,31,1
297,18,1
292,10,1
274,24,1
295,14,1
291,35,1
292,18,1
265,26,1
271,16,1
297,9,1
276,41,1
284,4,1
280,1,1
300,23,1
274,13,1
307,26,1
294,47,1
288,40,1
292,35,1
270,12,1
264,33,1
287,28,1
292,13,1
289,11,1
274,47,1
298,39,1
278,16,1
285,38,1
264,16,1
275,46,1
293,28,1
285,30,1
265,19,1
289,4,1
288,49,1
277,3,1
277,9,1
261,24,1
269,29,1
276,5,1
272,35,1
272,20,1
291,18,1
304,20,1
275,11,1
263,35,1
282,1,1
295,7,1
282,32,1
297,35,1
297,38,1
295,33,1
301,40,1
274,13,1
279,17,1
270,43,1
273,28,1
285,21,1
293,40,1
301,11,1
287,27,1
296,28,1
287,25,1
266,19,1
300,14,1
266,12,1
272,17,1
265,22,1
261,30,1
279,38,1
278,1,1
303,21,1
277,33,1
270,16,1
266,37,1
283,38,1
288,33,1
302,34,1
272,11,1
287,3,1
276,5,1
294,39,1
276,31,1
290,17,1
291,43,1
291,6,1
284,42,1
287,10,1
303,13,1
293,17,1
299,35,1
272,41,1
273,39,1
269,24,1
285,40,1
297,42,1
270,34,1
273,13,1
265,21,1
289,40,1
276,10,1
303,10,1
282,23,1
270,27,1
274,19,1
294,13,1
299,34,1
301,36,1
279,2,1
300,44,1
297,28,1
268,17,1
273,12,1
300,36,1
275,21,1
267,29,1
270,15,1
285,23,1
289,39,1
287,41,1
269,25,1
279,12,1
272,24,1
299,43,1
271,16,1
302,8,1
291,29,1
296,21,1
278,6,1
272,29,1
294,37,1
278,18,1
265,19,1
286,7,1
302,11,1
306,30,1
287,15,1
275,22,1
292,39,1
308,33,1
297,41,1
280,19,1
268,33,1
269,16,1
297,16,1
266,34,1
263,15,1
282,19,1
268,31,1
300,24,1
293,2,1
281,46,1
285,27,1
271,45,1
278,33,1
288,38,1
265,14,1
284,34,1
296,21,1
267,21,1
309,21,1
285,45,1
283,2,1
287,40,1
268,17,1
268,15,1
284,23,1
301,24,1
292,15,1
299,26,1
298,7,1
305,18,1
282,38,1
267,15,1
285,33,1
273,45,1
292,38,1
280,28,1
284,7,1
280,9,1
289,35,1
285,21,1
280,4,1
269,44,1
271,29,1
265,26,1
279,45,1
287,28,1
299,5,1
270,26,1
296,14,1
275,15,1
268,22,1
275,21,1
295,43,1
264,19,1
293,35,1
270,8,1
276,39,1
262,29,1
299,21,1
286,21,1
296,36,1
284,30,1
289,19,1
296,46,1
294,14,1
283,28,1
300,23,1
276,37,1
291,32,1
302,22,1
266,25,1
275,44,1
303,34,1
308,23,1
277,42,1
297,37,1
281,15,1
280,8,1
277,43,1
273,44,1
288,3,1
295,27,1
295,26,1
271,22,1
277,24,1
293,16,1
268,34,1
278,45,1
307,27,1
306,30,1
270,6,1
263,35,1
269,9,1
276,40,1
280,41,1
273,27,1
291,6,1
282,23,1
292,31,1
277,38,1
304,23,1
282,9,1
280,18,1
278,43,1
