5,18,0
17,27,0
28,42,0
30,39,0
28,19,0
21,18,0
23,10,0
18,5,0
43,12,0
32,22,0
18,49,0
16,38,0
19,1,0
31,44,0
4,32,0
15,8,0
14,28,0
48,31,0
18,26,0
18,44,0
5,12,0
33,46,0
28,21,0
18,37,0
30,8,0
24,8,0
20,25,0
35,27,0
34,28,0
35,37,0
13,28,0
44,24,0
34,28,0
47,20,0
39,13,0
18,48,0
22,24,0
44,18,0
10,7,0
33,28,0
22,38,0
34,34,0
8,35,0
46,32,0
19,13,0
33,47,0
24,48,0
40,7,0
31,17,0
16,45,0
17,43,0
38,32,0
4,25,0
42,39,0
11,14,0
40,41,0
23,5,0
46,22,0
16,21,0
27,23,0
45,33,0
7,9,0
28,15,0
1,31,0
38,19,0
42,40,0
28,18,0
12,40,0
18,8,0
19,12,0
32,25,0
27,25,0
28,8,0
30,10,0
38,22,0
33,11,0
13,21,0
25,0,0
36,40,0
20,33,0
46,15,0
27,44,0
38,12,0
42,32,0
14,37,0
15,15,0
2,28,0
46,36,0
20,20,0
31,43,0
18,5,0
26,42,0
12,23,0
17,24,0
31,31,0
35,11,0
12,41,0
31,15,0
40,43,0
29,3,0
46,18,0
27,27,0
38,46,0
24,34,0
29,43,0
21,17,0
2,16,0
11,20,0
23,12,0
38,38,0
29,4,0
27,16,0
16,30,0
46,34,0
28,45,0
33,27,0
32,17,0
42,10,0
32,11,0
25,7,0
3,15,0
11,31,0
28,22,0
33,48,0
40,22,0
13,27,0
24,29,0
40,17,0
43,12,0
11,36,0
37,20,0
32,31,0
44,34,0
27,26,0
44,9,0
24,22,0
37,43,0
18,28,0
45,12,0
25,2,0
22,36,0
28,36,0
27,8,0
15,31,0
22,19,0
33,17,0
38,33,0
49,18,0
32,4,0
17,33,0
8,23,0
35,34,0
32,19,0
19,45,0
31,23,0
14,29,0
35,38,0
24,12,0
37,16,0
24,21,0
12,45,0
26,27,0
31,48,0
35,6,0
11,33,0
31,1,0
24,6,0
42,11,0
35,25,0
5,31,0
21,29,0
47,26,0
45,40,0
15,26,0
20,36,0
30,17,0
26,15,0
5,30,0
35,4,0
44,22,0
13,46,0
14,17,0
41,44,0
11,14,0
1,30,0
32,42,0
21,15,0
32,47,0
43,9,0
31,43,0
16,37,0
23,36,0
19,46,0
13,16,0
29,8,0
40,32,0
25,42,0
45,22,0
46,37,0
26,31,0
22,19,0
25,42,0
26,41,0
24,23,0
29,33,0
6,31,0
6,10,0
21,32,0
16,12,0
20,6,0
31,46,0
46,35,0
34,43,0
35,36,0
41,14,0
30,18,0
23,22,0
18,15,0
11,25,0
25,14,0
16,16,0
46,15,0
49,26,0
38,30,0
30,9,0
11,13,0
38,22,0
31,48,0
30,2,0
16,24,0
2,31,0
15,28,0
20,16,0
19,27,0
41,32,0
31,33,0
9,24,0
10,17,0
5,31,0
20,18,0
30,16,0
9,9,0
27,17,0
26,21,0
34,11,0
46,32,0
22,41,0
27,38,0
18,4,0
7,10,0
13,31,0
35,22,0
37,15,0
10,44,0
33,38,0
31,29,0
15,45,0
8,32,0
44,17,0
31,15,0
8,29,0
48,24,0
26,7,0
23,41,0
6,35,0
1,24,0
10,35,0
38,5,0
26,3,0
44,34,0
36,46,0
27,8,0
38,4,0
19,26,0
20,24,0
9,11,0
11,15,0
29,1,0
45,31,0
46,29,0
15,20,0
22,15,0
23,10,0
22,8,0
49,27,0
48,32,0
17,27,0
42,31,0
31,3,0
49,23,0
27,44,0
21,21,0
2,31,0
42,14,0
20,49,0
28,21,0
17,14,0
39,5,0
21,3,0
2,25,0
41,12,0
39,23,0
19,24,0
44,13,0
16,15,0
5,28,0
26,10,0
9,25,0
17,12,0
36,17,0
8,21,0
34,9,0
24,38,0
15,35,0
33,3,0
26,5,0
23,42,0
27,23,0
18,24,0
30,10,0
11,21,0
1,19,0
40,32,0
10,8,0
1,24,0
37,17,0
42,39,0
12,22,0
17,46,0
37,4,0
18,3,0
10,22,0
3,18,0
20,9,0
28,47,0
20,15,0
14,19,0
13,38,0
41,19,0
20,43,0
11,15,0
13,35,0
14,10,0
22,30,0
33,23,0
17,2,0
2,33,0
14,15,0
7,10,0
29,31,0
8,26,0
44,39,0
16,19,0
38,44,0
11,31,0
32,41,0
20,17,0
1,28,0
23,14,0
37,9,0
20,32,0
14,22,0
34,3,0
38,15,0
25,18,0
31,35,0
34,13,0
28,44,0
40,35,0
37,21,0
31,24,0
4,14,0
36,45,0
21,8,0
30,29,0
3,14,0
22,5,0
35,44,0
25,28,0
15,4,0
20,9,0
41,24,0
25,36,0
11,28,0
16,25,0
6,29,0
46,20,0
37,11,0
28,45,0
5,11,0
40,21,0
48,26,0
24,6,0
20,41,0
22,39,0
29,10,0
5,34,0
26,20,0
33,39,0
23,23,0
281,8,1
281,33,1
280,22,1
291,7,1
297,13,1
293,22,1
267,27,1
286,15,1
275,22,1
271,14,1
261,26,1
281,1,1
290,20,1
269,40,1
291,19,1
303,10,1
266,12,1
262,19,1
306,24,1
269,32,1
279,40,1
268,28,1
290,40,1
271,30,1
290,42,1
276,44,1
291,39,1
301,44,1
278,4,1
280,1,1
286,25,1
287,28,1
289,15,1
274,38,1
280,47,1
292,22,1
272,12,1
278,44,1
267,30,1
295,25,1
272,5,1
269,15,1
297,37,1
284,48,1
305,12,1
282,15,1
272,7,1
267,41,1
294,30,1
291,26,1
297,43,1
271,37,1
302,26,1
294,17,1
269,10,1
302,17,1
297,27,1
273,19,1
279,43,1
287,16,1
295,29,1
271,32,1
288,16,1
277,6,1
304,16,1
282,12,1
274,42,1
291,9,1
276,46,1
278,4,1
282,2,1
306,31,1
299,17,1
280,43,1
306,23,1
292,3,1
280,36,1
301,33,1
262,17,1
287,23,1
296,44,1
299,12,1
298,17,1
307,31,1
263,17,1
290,9,1
300,26,1
288,11,1
276,35,1
295,20,1
269,6,1
300,21,1
277,38,1
289,32,1
268,9,1
284,49,1
304,26,1
301,21,1
266,13,1
289,34,1
263,28,1
288,18,1
298,17,1
293,30,1
285,39,1
274,13,1
288,38,1
294,8,1
283,46,1
282,26,1
288,42,1
276,42,1
283,35,1
309,23,1
299,44,1
282,42,1
293,42,1
301,19,1
304,12,1
305,19,1
285,43,1
300,10,1
296,29,1
287,28,1
298,46,1
283,29,1
275,24,1
292,18,1
265,32,1
279,42,1
301,28,1
301,33,1
273,22,1
286,40,1
292,19,1
274,23,1
285,42,1
307,32,1
295,9,1
294,42,1
267,14,1
280,18,1
295,45,1
295,10,1
285,33,1
282,12,1
265,11,1
263,22,1
281,30,1
271,35,1
287,22,1
286,5,1
290,23,1
282,10,1
287,31,1
295,27,1
296,32,1
281,20,1
269,26,1
304,29,1
284,13,1
267,37,1
284,39,1
262,29,1
307,24,1
281,26,1
280,41,1
284,14,1
285,30,1
294,12,1
297,26,1
270,29,1
274,9,1
294,3,1
268,30,1
287,35,1
308,24,1
283,12,1
309,20,1
278,18,1
271,35,1
282,2,1
273,16,1
284,21,1
289,30,1
265,30,1
298,41,1
306,35,1
308,30,1
274,3,1
301,33,1
264,22,1
281,9,1
303,40,1
307,34,1
281,22,1
283,6,1
269,25,1
268,26,1
282,17,1
294,47,1
293,34,1
286,31,1
282,28,1
300,11,1
261,26,1
278,49,1
263,33,1
296,28,1
283,34,1
276,44,1
275,42,1
291,8,1
274,34,1
297,4,1
297,21,1
283,9,1
289,46,1
291,27,1
294,22,1
269,38,1
288,5,1
275,42,1
304,13,1
301,33,1
285,11,1
281,5,1
302,39,1
272,46,1
309,24,1
267,35,1
287,47,1
307,22,1
309,28,1
261,18,1
291,9,1
299,23,1
293,41,1
280,11,1
275,21,1
294,44,1
291,39,1
303,8,1
277,18,1
301,20,1
276,21,1
290,15,1
279,29,1
274,9,1
273,40,1
285,46,1
261,29,1
269,30,1
298,34,1
270,24,1
263,36,1
280,27,1
270,17,1
271,30,1
267,40,1
283,38,1
275,41,1
274,38,1
266,26,1
304,20,1
289,47,1
286,33,1
286,7,1
282,13,1
279,31,1
272,17,1
298,6,1
286,38,1
285,5,1
288,41,1
268,32,1
297,21,1
302,7,1
284,24,1
292,17,1
269,39,1
289,24,1
288,43,1
296,20,1
301,14,1
287,2,1
263,24,1
278,43,1
263,15,1
287,8,1
301,36,1
300,35,1
280,8,1
266,25,1
291,37,1
268,34,1
303,33,1
309,31,1
303,35,1
286,9,1
296,31,1
302,30,1
266,37,1
296,16,1
274,15,1
304,33,1
284,9,1
285,24,1
291,31,1
286,22,1
295,8,1
285,26,1
305,14,1
288,26,1
305,11,1
290,14,1
284,15,1
298,42,1
300,17,1
264,35,1
301,14,1
274,6,1
294,46,1
278,44,1
296,17,1
280,45,1
300,23,1
282,4,1
272,42,1
277,45,1
264,14,1
289,28,1
280,47,1
306,33,1
285,21,1
291,17,1
295,4,1
306,38,1
301,23,1
296,14,1
269,25,1
291,33,1
291,37,1
268,34,1
298,9,1
300,37,1
289,17,1
296,30,1
272,17,1
283,28,1
287,7,1
290,32,1
299,31,1
295,15,1
280,39,1
263,15,1
274,47,1
287,4,1
292,33,1
280,26,1
266,35,1
263,19,1
286,7,1
299,43,1
276,23,1
273,36,1
292,1,1
273,16,1
278,24,1
273,5,1
275,42,1
268,15,1
290,38,1
295,21,1
296,38,1
299,14,1
282,16,1
265,40,1
308,33,1
302,31,1
278,30,1
272,11,1
288,36,1
297,26,1
299,8,1
283,39,1
282,8,1
298,20,1
305,16,1
287,12,1
266,36,1
284,10,1
288,46,1
284,26,1
287,32,1
299,33,1
298,6,1
276,31,1
287,44,1
282,10,1
280,15,1
307,32,1
272,43,1
291,41,1
278,39,1
297,8,1
298,41,1
301,36,1
304,37,1
277,21,1
273,19,1
291,1,1
272,40,1
269,24,1
297,25,1
277,21,1
303,35,1
286,32,1
280,47,1
304,21,1
301,13,1
293,25,1
297,24,1
281,40,1
282,30,1
288,46,1
302,35,1
277,4,1
302,39,1
274,16,1
281,37,1
282,9,1
267,18,1
277,41,1
273,14,1
277,22,1
304,40,1
296,40,1
298,35,1
275,31,1
277,6,1
268,38,1
280,23,1
292,20,1
280,30,1
295,30,1
275,10,1
282,15,1
291,45,1
279,32,1
278,11,1
277,23,1
277,41,1
308,26,1
267,24,1
299,43,1
293,30,1
275,31,1
276,17,1
262,29,1
269,29,1
273,40,1
294,38,1
291,42,1
309,22,1
287,42,1
283,29,1
275,47,1
289,10,1
271,12,1
280,33,1
302,28,1
268,33,1
287,40,1
298,34,1
279,34,1
268,33,1
270,30,1
310,25,1
287,16,1
287,28,1
278,23,1
281,41,1
289,43,1
301,7,1
279,8,1
292,40,1
274,35,1
272,23,1
264,13,1
283,2,1
302,30,1
266,30,1
273,9,1
288,21,1
275,14,1
303,13,1
288,40,1
264,33,1
272,28,1
293,9,1
279,41,1
289,26,1
286,2,1
263,23,1
286,40,1
285,9,1
289,13,1
266,29,1
285,34,1
283,44,1
308,33,1
295,33,1
263,35,1
281,44,1
284,7,1
279,31,1
305,21,1
309,25,1
278,31,1
282,5,1
293,29,1
302,16,1
276,9,1
275,45,1
303,23,1
301,39,1
269,35,1
265,21,1
299,5,1
262,23,1
284,41,1
283,22,1
307,23,1
279,47,1
269,24,1
288,14,1
290,17,1
285,33,1
274,18,1
282,39,1
271,27,1
295,33,1
272,13,1
281,10,1
282,42,1
287,37,1
305,18,1
280,12,1
303,36,1
301,17,1
286,48,1
290,32,1
272,43,1
274,41,1
286,37,1
293,46,1
261,21,1
282,2,1
293,32,1
290,6,1
270,27,1
280,15,1
284,42,1
292,3,1
285,33,1
300,30,1
261,18,1
301,30,1
299,9,1
287,34,1
283,44,1
269,43,1
290,2,1
283,39,1
275,16,1
280,35,1
276,43,1
272,13,1
304,40,1
276,3,1
277,13,1
299,38,1
304,25,1
271,32,1
281,41,1
295,13,1
267,29,1
265,36,1
291,37,1
293,12,1
265,12,1
289,35,1
273,24,1
265,30,1
267,25,1
283,10,1
297,44,1
279,43,1
264,34,1
