19,28,0
11,10,0
48,28,0
34,13,0
41,36,0
10,33,0
29,9,0
21,38,0
9,44,0
14,46,0
3,23,0
16,39,0
27,47,0
18,20,0
44,40,0
16,7,0
38,45,0
41,29,0
17,46,0
42,23,0
7,41,0
3,16,0
30,12,0
39,38,0
33,48,0
42,38,0
11,45,0
23,24,0
44,13,0
26,27,0
7,24,0
12,33,0
49,22,0
6,34,0
15,45,0
38,13,0
22,19,0
13,24,0
25,17,0
38,29,0
17,43,0
37,36,0
27,22,0
14,12,0
41,31,0
22,41,0
3,34,0
36,26,0
10,21,0
40,16,0
36,22,0
36,27,0
34,7,0
31,3,0
41,6,0
42,22,0
19,19,0
11,21,0
37,5,0
18,42,0
40,34,0
19,17,0
12,15,0
7,27,0
32,22,0
29,49,0
10,34,0
9,40,0
6,12,0
18,27,0
34,26,0
28,15,0
32,16,0
40,17,0
11,45,0
36,43,0
35,4,0
2,29,0
27,20,0
32,15,0
12,23,0
1,29,0
14,42,0
43,21,0
19,18,0
16,31,0
8,40,0
25,16,0
17,6,0
28,11,0
20,49,0
33,4,0
33,16,0
46,24,0
3,19,0
41,27,0
32,30,0
24,24,0
15,45,0
46,25,0
25,17,0
18,34,0
49,29,0
25,42,0
8,26,0
34,11,0
17,5,0
20,38,0
4,27,0
7,26,0
38,37,0
30,9,0
33,45,0
18,13,0
33,44,0
23,26,0
34,33,0
40,17,0
39,29,0
14,34,0
29,43,0
16,27,0
8,10,0
30,23,0
35,22,0
38,24,0
41,37,0
25,16,0
25,28,0
22,3,0
21,32,0
21,6,0
24,3,0
31,13,0
31,47,0
35,31,0
17,12,0
45,30,0
18,42,0
34,44,0
4,24,0
36,37,0
49,21,0
26,8,0
17,35,0
45,23,0
31,44,0
24,8,0
21,48,0
19,34,0
19,33,0
43,11,0
36,35,0
11,31,0
30,13,0
9,34,0
20,22,0
27,48,0
22,17,0
18,42,0
14,11,0
18,46,0
28,25,0
8,27,0
35,26,0
2,24,0
26,19,0
22,7,0
19,36,0
8,23,0
46,29,0
32,10,0
25,11,0
31,9,0
10,31,0
39,30,0
37,5,0
20,36,0
4,21,0
40,22,0
9,18,0
23,11,0
3,27,0
8,16,0
9,31,0
46,14,0
24,41,0
30,37,0
5,19,0
20,16,0
40,25,0
10,11,0
14,3,0
45,20,0
7,26,0
21,45,0
17,39,0
38,27,0
13,13,0
28,20,0
8,28,0
31,18,0
20,12,0
35,43,0
35,15,0
6,16,0
18,9,0
27,40,0
20,14,0
29,38,0
22,38,0
37,45,0
29,5,0
25,22,0
39,18,0
36,4,0
18,45,0
27,36,0
36,34,0
7,18,0
31,21,0
11,31,0
31,26,0
15,26,0
35,35,0
29,26,0
25,33,0
42,28,0
19,20,0
22,35,0
17,13,0
19,40,0
24,41,0
31,2,0
29,12,0
20,23,0
27,32,0
16,37,0
5,38,0
20,16,0
48,28,0
44,15,0
22,17,0
33,27,0
40,32,0
30,2,0
32,29,0
11,16,0
45,35,0
44,27,0
40,37,0
15,34,0
11,40,0
35,15,0
22,16,0
24,41,0
36,42,0
26,30,0
2,16,0
10,27,0
19,40,0
34,3,0
21,24,0
5,36,0
29,5,0
16,38,0
39,29,0
47,23,0
32,20,0
26,33,0
17,39,0
11,20,0
36,19,0
33,32,0
42,22,0
44,15,0
40,45,0
34,43,0
28,40,0
28,46,0
30,1,0
10,42,0
25,46,0
40,28,0
23,38,0
48,18,0
25,50,0
29,4,0
31,43,0
20,44,0
33,48,0
29,24,0
10,14,0
18,32,0
35,18,0
11,44,0
14,3,0
29,48,0
13,14,0
30,35,0
2,27,0
36,24,0
20,32,0
41,30,0
38,13,0
36,15,0
3,17,0
31,9,0
30,28,0
41,21,0
18,32,0
11,43,0
10,23,0
32,45,0
17,25,0
44,10,0
29,38,0
41,25,0
31,20,0
40,45,0
32,4,0
42,36,0
28,44,0
20,4,0
4,20,0
39,44,0
27,13,0
20,4,0
33,34,0
32,8,0
41,11,0
42,38,0
30,12,0
27,25,0
16,15,0
21,16,0
2,33,0
20,19,0
39,32,0
47,25,0
35,22,0
34,19,0
20,38,0
26,42,0
33,21,0
38,18,0
19,2,0
1,22,0
48,30,0
18,19,0
4,12,0
1,28,0
7,11,0
32,25,0
33,40,0
34,42,0
18,31,0
45,35,0
42,15,0
7,14,0
36,9,0
11,34,0
12,45,0
38,39,0
13,9,0
8,38,0
46,36,0
21,26,0
15,28,0
35,45,0
26,39,0
37,46,0
26,8,0
32,10,0
5,40,0
45,11,0
9,38,0
26,16,0
29,26,0
30,20,0
28,23,0
12,37,0
21,32,0
14,20,0
39,23,0
15,30,0
21,33,0
33,25,0
41,43,0
9,15,0
19,5,0
38,11,0
45,18,0
42,28,0
31,48,0
36,13,0
18,26,0
39,12,0
22,39,0
27,23,0
260,19,1
263,34,1
288,4,1
266,7,1
288,32,1
268,36,1
284,12,1
292,14,1
280,48,1
271,29,1
291,33,1
297,22,1
294,38,1
281,10,1
275,5,1
259,32,1
283,2,1
274,26,1
259,38,1
272,11,1
257,29,1
285,32,1
287,28,1
252,26,1
259,6,1
269,47,1
263,23,1
287,37,1
257,33,1
265,35,1
277,18,1
271,39,1
270,41,1
264,18,1
256,26,1
289,32,1
264,46,1
266,38,1
259,24,1
264,25,1
274,30,1
258,16,1
292,18,1
283,12,1
283,22,1
259,17,1
287,46,1
281,2,1
262,16,1
278,45,1
272,16,1
290,42,1
273,41,1
290,13,1
267,35,1
272,20,1
280,5,1
272,29,1
276,9,1
284,16,1
274,44,1
269,6,1
273,45,1
285,41,1
283,26,1
273,37,1
283,28,1
298,22,1
276,44,1
259,23,1
255,30,1
278,8,1
299,22,1
261,18,1
278,4,1
284,48,1
269,33,1
295,30,1
260,23,1
273,7,1
277,35,1
262,7,1
267,22,1
280,37,1
297,17,1
268,12,1
286,23,1
297,24,1
264,45,1
273,14,1
271,1,1
295,37,1
276,3,1
296,31,1
263,29,1
293,20,1
253,23,1
260,22,1
295,30,1
254,17,1
260,42,1
259,10,1
268,45,1
259,15,1
261,32,1
297,25,1
291,23,1
282,18,1
296,33,1
267,33,1
268,2,1
283,48,1
267,38,1
280,2,1
267,45,1
260,16,1
264,41,1
277,21,1
258,19,1
279,15,1
276,24,1
285,47,1
278,44,1
262,35,1
276,34,1
275,31,1
295,12,1
281,16,1
259,24,1
268,29,1
255,30,1
274,15,1
255,40,1
276,47,1
275,17,1
285,26,1
265,7,1
279,31,1
285,20,1
261,37,1
286,4,1
265,6,1
298,28,1
291,24,1
259,38,1
280,18,1
285,43,1
287,34,1
279,30,1
261,28,1
282,31,1
292,27,1
277,44,1
260,42,1
264,47,1
262,31,1
294,31,1
291,24,1
278,6,1
284,17,1
276,14,1
273,9,1
279,38,1
262,18,1
293,41,1
279,6,1
271,7,1
284,21,1
271,12,1
272,6,1
290,22,1
278,38,1
285,7,1
262,4,1
281,15,1
288,14,1
286,14,1
270,36,1
278,6,1
285,16,1
261,20,1
292,24,1
259,14,1
267,30,1
268,21,1
276,29,1
255,33,1
286,23,1
260,7,1
286,36,1
279,34,1
278,11,1
283,8,1
269,13,1
267,46,1
289,6,1
257,24,1
280,44,1
277,6,1
293,20,1
279,23,1
268,3,1
293,14,1
290,29,1
289,19,1
277,23,1
292,36,1
269,38,1
287,41,1
281,41,1
270,31,1
286,36,1
263,43,1
293,17,1
266,3,1
257,21,1
292,15,1
284,47,1
275,4,1
287,29,1
287,32,1
253,14,1
282,1,1
265,5,1
260,29,1
290,40,1
291,44,1
292,31,1
292,18,1
270,34,1
299,27,1
272,15,1
295,22,1
264,17,1
295,40,1
270,21,1
291,20,1
295,11,1
276,43,1
252,18,1
282,24,1
298,33,1
267,32,1
261,44,1
260,11,1
252,22,1
283,8,1
254,27,1
258,36,1
296,30,1
284,7,1
279,15,1
273,27,1
295,11,1
291,32,1
278,23,1
289,37,1
284,12,1
294,32,1
259,43,1
273,4,1
251,23,1
292,39,1
281,5,1
280,13,1
299,29,1
286,37,1
294,10,1
298,32,1
283,36,1
271,44,1
256,9,1
253,35,1
258,21,1
286,20,1
270,33,1
259,39,1
264,37,1
273,44,1
262,23,1
284,17,1
271,12,1
259,17,1
276,22,1
261,35,1
288,15,1
290,22,1
253,26,1
281,31,1
282,12,1
271,22,1
279,21,1
263,36,1
278,9,1
253,28,1
252,28,1
262,24,1
291,28,1
266,15,1
293,12,1
271,4,1
286,8,1
283,24,1
297,34,1
285,35,1
259,20,1
264,47,1
295,33,1
285,19,1
292,38,1
292,38,1
265,9,1
272,14,1
290,10,1
268,27,1
285,43,1
283,33,1
277,25,1
275,32,1
282,25,1
269,43,1
275,38,1
260,45,1
290,10,1
265,11,1
266,7,1
279,17,1
266,13,1
291,21,1
278,8,1
265,22,1
278,38,1
274,14,1
270,2,1
254,34,1
279,4,1
269,4,1
255,26,1
268,15,1
259,36,1
282,41,1
281,13,1
277,46,1
270,40,1
277,6,1
255,13,1
273,39,1
263,19,1
271,33,1
296,29,1
293,10,1
259,35,1
265,42,1
257,27,1
258,24,1
272,44,1
297,33,1
286,3,1
252,16,1
284,24,1
263,42,1
257,32,1
286,19,1
267,42,1
270,8,1
288,25,1
267,43,1
257,9,1
277,21,1
280,2,1
252,29,1
285,4,1
261,23,1
266,14,1
252,20,1
259,27,1
266,31,1
260,14,1
274,30,1
265,9,1
263,15,1
260,5,1
287,17,1
273,27,1
291,15,1
297,28,1
265,14,1
280,33,1
271,11,1
296,14,1
295,26,1
257,26,1
285,6,1
262,30,1
291,28,1
251,30,1
257,23,1
282,27,1
278,26,1
292,36,1
264,20,1
261,39,1
287,29,1
289,38,1
262,40,1
279,17,1
259,35,1
275,12,1
272,20,1
280,10,1
288,17,1
272,34,1
290,25,1
297,36,1
274,36,1
276,25,1
273,10,1
276,40,1
270,38,1
285,6,1
286,33,1
276,8,1
270,24,1
282,8,1
291,16,1
252,25,1
290,44,1
293,16,1
288,33,1
267,42,1
267,9,1
269,10,1
288,6,1
268,18,1
266,44,1
266,23,1
272,14,1
275,6,1
265,22,1
289,25,1
267,12,1
284,35,1
266,27,1
261,40,1
272,31,1
274,9,1
265,42,1
264,15,1
267,40,1
259,36,1
295,28,1
284,18,1
267,41,1
276,6,1
274,24,1
255,26,1
290,39,1
264,10,1
260,39,1
287,14,1
255,39,1
282,30,1
274,47,1
280,25,1
268,19,1
286,10,1
275,20,1
256,16,1
287,16,1
256,39,1
292,42,1
257,19,1
266,17,1
272,29,1
272,25,1
260,14,1
252,32,1
280,34,1
284,24,1
287,7,1
288,33,1
270,26,1
265,33,1
264,19,1
296,13,1
261,21,1
257,27,1
279,21,1
254,33,1
275,13,1
294,27,1
280,15,1
257,28,1
279,34,1
284,35,1
268,49,1
283,2,1
263,31,1
288,5,1
258,36,1
259,11,1
262,36,1
280,10,1
273,9,1
293,37,1
258,12,1
254,29,1
271,15,1
261,16,1
252,25,1
293,24,1
291,41,1
276,5,1
271,5,1
261,26,1
264,5,1
267,15,1
263,28,1
297,21,1
252,33,1
287,22,1
253,28,1
272,11,1
283,26,1
277,42,1
266,17,1
288,7,1
288,37,1
293,29,1
284,41,1
256,41,1
268,38,1
265,16,1
262,38,1
292,22,1
297,14,1
264,24,1
266,32,1
253,24,1
265,21,1
266,18,1
283,34,1
257,22,1
295,24,1
276,38,1
261,25,1
274,35,1
279,9,1
264,32,1
282,35,1
291,30,1
286,10,1
274,24,1
268,39,1
254,17,1
276,32,1
284,18,1
271,13,1
269,8,1
258,20,1
289,28,1
287,7,1
261,20,1
278,33,1
263,14,1
265,44,1
298,25,1
268,18,1
281,8,1
293,33,1
276,11,1
285,42,1
267,35,1
281,44,1
284,44,1
267,44,1
262,10,1
273,35,1
268,26,1
255,27,1
268,29,1
263,8,1
292,23,1
270,19,1
285,31,1
285,40,1
285,3,1
273,18,1
254,20,1
280,26,1
293,8,1
266,27,1
269,25,1
283,13,1
279,23,1
253,19,1
292,43,1
261,30,1
292,7,1
274,39,1
