5,20,0
23,24,0
12,4,0
27,42,0
36,12,0
43,18,0
2,30,0
13,36,0
10,36,0
29,12,0
43,23,0
22,22,0
36,40,0
21,32,0
10,7,0
11,14,0
29,46,0
37,12,0
17,26,0
39,15,0
31,40,0
7,27,0
23,21,0
37,42,0
7,35,0
17,48,0
39,14,0
35,26,0
26,15,0
41,27,0
13,31,0
2,32,0
25,42,0
28,40,0
22,22,0
14,32,0
31,39,0
31,40,0
9,8,0
2,24,0
13,20,0
13,8,0
16,10,0
40,5,0
20,34,0
45,36,0
42,38,0
9,38,0
11,17,0
5,24,0
39,35,0
1,23,0
21,30,0
41,26,0
38,19,0
40,26,0
29,42,0
21,42,0
33,43,0
23,10,0
40,40,0
11,6,0
37,25,0
24,48,0
33,21,0
28,14,0
17,44,0
19,47,0
37,43,0
4,18,0
39,34,0
14,33,0
29,32,0
12,7,0
27,42,0
30,38,0
39,26,0
8,8,0
26,12,0
40,14,0
17,16,0
15,21,0
26,37,0
49,31,0
33,34,0
31,42,0
40,6,0
12,21,0
21,24,0
27,29,0
45,30,0
28,23,0
3,22,0
20,35,0
19,44,0
20,41,0
33,19,0
19,41,0
27,20,0
30,34,0
14,44,0
19,32,0
38,13,0
13,31,0
19,48,0
34,13,0
25,37,0
33,43,0
7,23,0
23,21,0
47,29,0
36,22,0
28,26,0
9,10,0
38,22,0
20,35,0
37,40,0
27,12,0
30,24,0
15,43,0
29,40,0
8,20,0
22,8,0
41,41,0
15,32,0
27,4,0
44,27,0
37,16,0
26,17,0
21,31,0
9,11,0
15,20,0
23,24,0
42,32,0
7,20,0
43,28,0
24,37,0
40,5,0
49,27,0
47,19,0
48,29,0
30,29,0
34,7,0
31,27,0
16,36,0
23,9,0
29,30,0
6,39,0
12,19,0
33,33,0
27,30,0
20,25,0
16,34,0
11,32,0
47,27,0
35,22,0
31,48,0
27,11,0
9,16,0
30,40,0
27,5,0
22,29,0
3,19,0
22,2,0
45,35,0
4,31,0
43,34,0
50,25,0
12,5,0
33,7,0
46,18,0
29,23,0
39,18,0
31,23,0
9,38,0
5,38,0
7,25,0
30,4,0
9,11,0
29,3,0
24,25,0
15,10,0
32,20,0
18,31,0
0,25,0
1,30,0
38,7,0
15,34,0
33,34,0
28,7,0
41,24,0
39,6,0
30,40,0
37,36,0
20,48,0
15,15,0
27,5,0
12,14,0
9,19,0
9,41,0
23,7,0
18,5,0
36,38,0
21,43,0
19,32,0
15,36,0
11,5,0
28,21,0
34,28,0
11,43,0
38,45,0
37,22,0
23,34,0
37,29,0
10,12,0
26,1,0
25,4,0
39,30,0
12,30,0
26,22,0
23,26,0
40,22,0
14,33,0
17,37,0
18,42,0
19,28,0
9,13,0
19,42,0
7,37,0
31,32,0
21,25,0
37,39,0
23,46,0
30,34,0
23,35,0
37,12,0
32,26,0
44,22,0
18,14,0
15,12,0
41,24,0
48,21,0
20,23,0
28,37,0
20,49,0
17,10,0
40,5,0
2,30,0
45,27,0
32,22,0
8,38,0
13,27,0
32,1,0
18,29,0
22,27,0
33,39,0
17,4,0
24,49,0
37,34,0
40,38,0
13,31,0
29,16,0
4,29,0
28,15,0
25,29,0
39,7,0
30,31,0
16,11,0
39,22,0
29,26,0
31,45,0
49,31,0
6,12,0
8,28,0
23,5,0
16,16,0
23,42,0
11,8,0
35,22,0
35,22,0
24,16,0
31,30,0
18,3,0
14,30,0
32,25,0
23,7,0
14,6,0
26,46,0
38,22,0
49,25,0
41,26,0
32,8,0
15,8,0
30,8,0
27,17,0
22,18,0
25,39,0
3,27,0
5,10,0
34,34,0
21,19,0
36,22,0
29,36,0
35,18,0
27,46,0
31,2,0
26,8,0
41,11,0
31,41,0
29,22,0
25,47,0
31,39,0
47,33,0
4,16,0
8,34,0
6,30,0
19,34,0
5,38,0
17,38,0
38,45,0
7,33,0
28,38,0
9,8,0
26,14,0
7,20,0
26,9,0
43,21,0
30,41,0
13,22,0
33,39,0
22,21,0
25,13,0
23,35,0
31,12,0
39,13,0
27,14,0
29,21,0
24,32,0
18,2,0
46,23,0
38,36,0
4,14,0
15,47,0
42,18,0
23,31,0
18,37,0
27,13,0
12,6,0
38,46,0
6,11,0
34,37,0
16,25,0
39,26,0
26,32,0
39,18,0
3,20,0
13,13,0
46,28,0
2,16,0
24,41,0
39,6,0
31,45,0
31,12,0
11,34,0
31,30,0
5,33,0
11,40,0
49,26,0
27,2,0
21,48,0
24,6,0
15,19,0
13,5,0
40,24,0
32,43,0
2,20,0
19,19,0
37,28,0
32,17,0
17,31,0
20,39,0
31,16,0
11,15,0
4,27,0
41,11,0
26,44,0
45,22,0
15,28,0
34,27,0
22,13,0
24,5,0
24,24,0
27,12,0
14,38,0
17,25,0
41,28,0
40,30,0
13,21,0
30,5,0
43,42,0
279,41,1
277,15,1
262,5,1
286,11,1
263,42,1
272,42,1
260,45,1
276,12,1
279,13,1
251,20,1
259,15,1
269,13,1
271,3,1
279,43,1
257,21,1
298,27,1
273,22,1
285,28,1
266,11,1
296,32,1
264,18,1
285,16,1
281,3,1
265,13,1
268,12,1
260,44,1
267,29,1
277,33,1
283,13,1
277,3,1
283,31,1
277,1,1
251,19,1
263,9,1
271,18,1
295,16,1
264,22,1
268,26,1
287,36,1
284,7,1
268,37,1
266,8,1
259,44,1
275,40,1
283,4,1
280,7,1
288,24,1
261,25,1
251,27,1
263,34,1
272,34,1
294,28,1
283,28,1
289,21,1
274,3,1
267,16,1
262,43,1
259,42,1
274,34,1
265,38,1
279,37,1
281,1,1
288,16,1
266,5,1
288,28,1
271,35,1
290,30,1
256,38,1
284,48,1
264,25,1
274,15,1
271,24,1
265,26,1
272,10,1
275,34,1
274,48,1
288,22,1
264,15,1
284,17,1
269,33,1
298,22,1
276,32,1
281,49,1
293,18,1
259,6,1
280,6,1
280,44,1
266,17,1
266,24,1
256,15,1
291,12,1
293,25,1
262,6,1
266,15,1
263,24,1
267,23,1
283,5,1
281,31,1
284,33,1
295,12,1
279,25,1
255,28,1
271,35,1
281,42,1
270,6,1
295,33,1
266,38,1
256,40,1
294,18,1
267,12,1
283,12,1
257,32,1
252,28,1
297,20,1
280,30,1
268,30,1
285,5,1
286,7,1
274,48,1
278,16,1
294,9,1
284,12,1
297,14,1
282,49,1
286,14,1
295,38,1
265,30,1
280,40,1
264,17,1
275,28,1
290,38,1
274,15,1
287,29,1
257,34,1
298,33,1
268,31,1
264,9,1
287,44,1
290,23,1
278,13,1
277,20,1
281,15,1
266,20,1
265,3,1
291,42,1
289,41,1
269,28,1
297,36,1
269,25,1
288,39,1
265,23,1
275,36,1
293,24,1
275,3,1
268,3,1
286,23,1
262,46,1
279,28,1
273,31,1
269,29,1
292,29,1
285,40,1
262,26,1
292,31,1
267,27,1
261,16,1
274,28,1
273,38,1
267,42,1
282,26,1
252,16,1
265,15,1
286,35,1
294,22,1
268,9,1
280,13,1
288,41,1
268,10,1
286,35,1
254,33,1
259,37,1
282,5,1
283,44,1
253,19,1
282,47,1
273,43,1
282,27,1
297,19,1
286,28,1
282,49,1
276,25,1
285,11,1
281,35,1
265,12,1
281,42,1
270,41,1
282,27,1
265,38,1
288,30,1
287,43,1
269,1,1
287,32,1
260,9,1
259,37,1
263,16,1
283,16,1
261,32,1
262,18,1
296,16,1
271,6,1
277,27,1
280,46,1
280,33,1
263,15,1
263,31,1
283,28,1
265,35,1
274,32,1
276,48,1
251,27,1
286,11,1
290,37,1
263,11,1
268,48,1
269,8,1
280,34,1
292,24,1
273,46,1
251,28,1
274,37,1
262,46,1
279,2,1
266,40,1
260,18,1
293,31,1
267,10,1
289,43,1
277,39,1
276,29,1
261,18,1
298,21,1
271,49,1
288,37,1
260,13,1
279,18,1
275,45,1
259,14,1
269,38,1
253,36,1
270,47,1
275,2,1
286,18,1
278,24,1
288,4,1
287,10,1
280,17,1
275,31,1
277,19,1
256,20,1
259,32,1
266,14,1
289,35,1
278,47,1
257,11,1
285,40,1
297,21,1
280,42,1
281,28,1
261,7,1
268,36,1
293,24,1
293,36,1
288,24,1
278,13,1
291,41,1
288,8,1
253,30,1
280,35,1
275,15,1
284,7,1
263,4,1
259,40,1
281,24,1
295,29,1
284,44,1
279,8,1
255,35,1
285,30,1
264,12,1
275,5,1
269,10,1
274,5,1
268,46,1
281,18,1
270,27,1
277,30,1
295,10,1
283,22,1
297,36,1
276,6,1
273,4,1
289,35,1
268,1,1
278,37,1
266,44,1
275,0,1
261,6,1
269,45,1
280,32,1
286,36,1
288,20,1
259,8,1
261,10,1
271,26,1
294,20,1
292,25,1
260,14,1
264,45,1
284,29,1
298,34,1
275,17,1
286,13,1
266,32,1
274,26,1
264,43,1
286,3,1
261,30,1
266,29,1
259,18,1
261,15,1
255,32,1
267,23,1
255,31,1
266,5,1
259,7,1
258,30,1
258,25,1
264,36,1
299,22,1
281,38,1
291,44,1
286,7,1
269,45,1
271,18,1
293,28,1
267,2,1
269,12,1
255,36,1
264,28,1
279,17,1
272,21,1
281,36,1
280,47,1
269,20,1
282,26,1
267,29,1
277,41,1
291,25,1
269,25,1
272,38,1
258,17,1
276,45,1
262,22,1
270,6,1
252,31,1
293,10,1
297,36,1
291,27,1
271,41,1
284,36,1
300,25,1
262,29,1
274,1,1
262,11,1
265,27,1
265,25,1
293,34,1
292,38,1
285,44,1
260,39,1
277,19,1
296,29,1
261,38,1
276,46,1
265,18,1
265,11,1
280,22,1
288,42,1
282,22,1
281,5,1
267,44,1
296,16,1
264,39,1
297,32,1
264,32,1
284,25,1
262,28,1
264,44,1
271,4,1
285,18,1
297,35,1
287,42,1
265,30,1
284,30,1
290,17,1
260,43,1
272,20,1
289,25,1
282,40,1
295,13,1
278,15,1
259,17,1
274,43,1
268,46,1
291,26,1
261,9,1
290,5,1
272,4,1
277,5,1
274,8,1
269,24,1
275,38,1
290,33,1
261,18,1
252,34,1
290,11,1
260,19,1
295,27,1
262,13,1
270,45,1
283,9,1
264,8,1
272,42,1
284,27,1
254,38,1
274,37,1
265,23,1
298,31,1
285,8,1
281,12,1
278,37,1
276,27,1
260,35,1
271,26,1
267,29,1
287,41,1
289,25,1
293,33,1
291,14,1
278,30,1
281,31,1
257,17,1
294,31,1
280,25,1
251,23,1
282,1,1
268,43,1
266,38,1
256,28,1
257,17,1
299,18,1
261,5,1
291,19,1
291,24,1
283,29,1
279,49,1
273,31,1
264,7,1
277,30,1
270,30,1
260,30,1
263,35,1
270,25,1
254,12,1
271,1,1
283,25,1
262,25,1
298,19,1
289,13,1
263,23,1
280,39,1
260,12,1
291,41,1
294,33,1
282,45,1
274,40,1
265,9,1
271,31,1
291,36,1
293,11,1
266,11,1
276,24,1
286,43,1
259,14,1
253,26,1
285,47,1
273,34,1
284,43,1
280,38,1
266,34,1
278,29,1
258,14,1
281,31,1
271,44,1
286,43,1
288,46,1
289,13,1
294,17,1
290,12,1
268,17,1
282,32,1
280,21,1
259,42,1
296,24,1
293,38,1
281,18,1
280,18,1
280,22,1
267,41,1
286,46,1
284,29,1
264,45,1
268,29,1
270,41,1
291,34,1
274,20,1
270,37,1
276,7,1
257,32,1
275,39,1
266,44,1
268,10,1
295,10,1
294,40,1
283,13,1
272,31,1
270,35,1
282,11,1
275,48,1
299,24,1
286,6,1
274,38,1
264,8,1
298,26,1
263,17,1
257,35,1
278,26,1
266,29,1
278,38,1
270,46,1
261,6,1
273,44,1
294,37,1
271,35,1
257,21,1
262,20,1
272,17,1
298,20,1
259,7,1
268,3,1
284,24,1
256,19,1
268,31,1
293,40,1
273,23,1
273,8,1
263,22,1
295,37,1
268,33,1
250,25,1
265,45,1
265,8,1
276,35,1
298,22,1
269,35,1
268,31,1
285,41,1
294,11,1
274,1,1
253,33,1
289,39,1
258,32,1
270,34,1
276,1,1
281,35,1
295,12,1
271,15,1
262,40,1
281,47,1
261,42,1
271,37,1
266,3,1
279,2,1
260,18,1
277,41,1
293,21,1
258,39,1
285,15,1
254,37,1
270,10,1
