34,5,0
13,44,0
45,37,0
20,40,0
24,48,0
42,11,0
37,32,0
40,10,0
31,29,0
38,31,0
9,31,0
39,44,0
47,26,0
20,35,0
27,11,0
7,42,0
26,35,0
3,35,0
26,12,0
38,23,0
40,26,0
30,29,0
26,48,0
6,9,0
20,13,0
8,41,0
31,27,0
41,6,0
22,25,0
43,27,0
22,36,0
15,36,0
35,4,0
32,23,0
14,33,0
7,31,0
27,43,0
26,40,0
13,43,0
16,38,0
40,41,0
35,17,0
6,21,0
19,6,0
18,20,0
39,39,0
23,19,0
15,43,0
29,3,0
17,12,0
23,31,0
24,12,0
32,38,0
24,42,0
22,37,0
32,7,0
17,24,0
18,21,0
19,1,0
30,19,0
21,40,0
36,28,0
19,41,0
5,14,0
28,10,0
6,29,0
14,23,0
16,7,0
8,11,0
21,24,0
34,15,0
13,5,0
17,26,0
15,23,0
12,45,0
24,43,0
17,19,0
31,30,0
31,45,0
33,13,0
16,10,0
9,27,0
32,26,0
44,18,0
48,24,0
41,41,0
14,20,0
11,42,0
18,39,0
36,44,0
47,32,0
8,22,0
45,36,0
10,11,0
4,30,0
35,21,0
36,18,0
23,7,0
27,36,0
7,26,0
21,7,0
29,48,0
36,13,0
40,9,0
50,25,0
25,30,0
33,39,0
38,43,0
15,32,0
12,13,0
36,13,0
38,6,0
17,27,0
14,13,0
35,33,0
16,18,0
32,24,0
36,37,0
29,14,0
23,34,0
13,36,0
30,26,0
15,10,0
10,22,0
41,9,0
27,46,0
30,22,0
43,19,0
29,46,0
16,2,0
14,13,0
10,22,0
13,6,0
34,24,0
2,32,0
29,18,0
6,18,0
39,45,0
36,39,0
41,20,0
42,20,0
9,21,0
47,23,0
36,41,0
4,20,0
16,44,0
28,35,0
10,36,0
19,43,0
17,26,0
19,29,0
2,22,0
30,32,0
14,6,0
17,14,0
27,42,0
27,36,0
6,23,0
20,9,0
40,12,0
31,45,0
29,4,0
27,47,0
35,47,0
33,37,0
40,13,0
19,38,0
31,30,0
42,8,0
10,9,0
27,20,0
17,27,0
21,11,0
32,6,0
40,10,0
4,13,0
30,16,0
20,20,0
12,6,0
22,11,0
21,46,0
9,18,0
31,41,0
49,28,0
38,24,0
7,29,0
14,40,0
43,20,0
9,25,0
35,45,0
40,23,0
28,15,0
45,18,0
23,24,0
22,42,0
19,27,0
41,25,0
11,13,0
42,8,0
39,17,0
44,32,0
10,43,0
28,30,0
1,27,0
41,23,0
11,18,0
33,2,0
16,5,0
10,19,0
38,21,0
3,19,0
26,42,0
8,31,0
26,6,0
10,5,0
24,11,0
31,49,0
20,42,0
48,18,0
37,8,0
10,10,0
14,10,0
20,24,0
16,3,0
21,5,0
21,4,0
33,19,0
35,27,0
25,40,0
28,31,0
26,33,0
22,7,0
24,24,0
42,23,0
10,35,0
17,7,0
16,13,0
4,17,0
32,28,0
12,28,0
9,12,0
42,35,0
19,49,0
1,23,0
19,47,0
8,18,0
38,21,0
37,24,0
32,36,0
41,32,0
30,34,0
43,21,0
34,48,0
38,7,0
24,49,0
26,37,0
29,44,0
35,40,0
11,5,0
13,45,0
28,46,0
33,27,0
27,16,0
31,36,0
12,28,0
5,13,0
28,17,0
25,16,0
44,29,0
25,21,0
30,7,0
18,47,0
45,31,0
28,31,0
33,33,0
24,37,0
30,21,0
34,13,0
38,28,0
20,20,0
28,37,0
10,45,0
4,15,0
33,30,0
34,6,0
43,9,0
32,2,0
29,36,0
20,44,0
46,12,0
47,22,0
21,32,0
25,26,0
19,19,0
26,38,0
23,47,0
20,36,0
22,43,0
46,15,0
18,8,0
19,38,0
5,33,0
16,26,0
20,44,0
36,23,0
36,3,0
45,34,0
6,26,0
32,6,0
19,12,0
8,21,0
37,37,0
43,13,0
23,24,0
22,8,0
24,18,0
28,1,0
28,23,0
32,4,0
34,25,0
34,11,0
10,30,0
35,17,0
16,21,0
38,13,0
31,40,0
27,10,0
23,48,0
37,42,0
43,12,0
26,37,0
7,11,0
19,22,0
38,22,0
34,40,0
16,29,0
37,14,0
38,28,0
39,41,0
49,26,0
9,31,0
40,31,0
14,42,0
24,49,0
19,20,0
4,22,0
18,7,0
14,34,0
10,10,0
22,33,0
24,26,0
17,14,0
37,31,0
21,16,0
16,4,0
18,4,0
27,33,0
44,39,0
17,8,0
38,10,0
3,19,0
14,29,0
35,12,0
32,14,0
25,8,0
32,4,0
39,7,0
31,20,0
31,5,0
30,14,0
9,19,0
49,31,0
4,28,0
47,25,0
17,7,0
4,23,0
7,25,0
9,36,0
2,19,0
24,11,0
3,35,0
8,19,0
21,9,0
5,12,0
18,41,0
8,37,0
37,12,0
41,40,0
21,40,0
21,16,0
26,21,0
32,2,0
4,29,0
21,40,0
21,30,0
21,30,0
28,46,0
5,11,0
44,26,0
41,28,0
268,1,1
289,40,1
261,13,1
275,31,1
264,16,1
261,29,1
265,32,1
289,40,1
295,26,1
263,40,1
279,2,1
255,19,1
267,48,1
279,46,1
260,13,1
287,32,1
261,5,1
287,40,1
286,22,1
270,26,1
271,43,1
283,39,1
286,21,1
272,3,1
284,29,1
251,23,1
268,1,1
277,14,1
266,44,1
272,31,1
273,42,1
256,13,1
286,5,1
252,34,1
268,27,1
283,28,1
279,20,1
299,23,1
270,2,1
263,33,1
285,43,1
284,12,1
290,6,1
288,25,1
297,22,1
297,26,1
272,41,1
296,20,1
278,27,1
261,8,1
260,31,1
272,37,1
280,28,1
279,31,1
297,23,1
289,27,1
271,38,1
299,24,1
285,13,1
279,49,1
255,23,1
294,38,1
283,39,1
298,22,1
265,6,1
265,29,1
268,5,1
252,23,1
291,44,1
280,38,1
270,1,1
269,12,1
272,15,1
265,41,1
288,7,1
279,3,1
274,4,1
256,19,1
265,11,1
286,23,1
263,13,1
285,46,1
278,7,1
257,40,1
282,35,1
283,10,1
270,5,1
273,16,1
286,33,1
270,35,1
292,27,1
267,42,1
276,49,1
274,34,1
277,14,1
264,26,1
265,15,1
276,30,1
295,23,1
255,19,1
289,31,1
292,37,1
279,40,1
284,4,1
265,44,1
270,6,1
293,29,1
297,34,1
285,40,1
282,28,1
265,13,1
289,6,1
269,27,1
253,35,1
254,25,1
273,31,1
279,43,1
295,23,1
254,14,1
261,40,1
273,10,1
285,18,1
298,27,1
275,7,1
284,24,1
273,1,1
274,13,1
255,21,1
256,16,1
254,12,1
298,32,1
280,27,1
269,45,1
266,17,1
272,33,1
276,27,1
285,12,1
278,19,1
286,39,1
261,38,1
263,38,1
266,28,1
278,38,1
280,3,1
273,33,1
278,3,1
295,17,1
267,7,1
283,8,1
265,14,1
271,12,1
256,30,1
298,30,1
255,28,1
286,7,1
293,38,1
257,11,1
299,24,1
273,3,1
283,27,1
261,12,1
287,21,1
266,21,1
271,33,1
298,16,1
282,25,1
271,45,1
288,4,1
262,8,1
279,2,1
272,48,1
270,24,1
277,43,1
271,24,1
288,19,1
280,41,1
274,18,1
265,13,1
273,40,1
265,36,1
285,9,1
277,18,1
263,7,1
284,7,1
270,24,1
256,27,1
288,37,1
275,44,1
273,8,1
274,13,1
256,16,1
267,43,1
274,2,1
274,20,1
268,19,1
275,10,1
295,29,1
261,11,1
278,38,1
262,33,1
260,13,1
289,35,1
289,24,1
291,19,1
274,23,1
254,15,1
275,7,1
269,9,1
252,21,1
271,43,1
282,2,1
266,21,1
292,16,1
266,47,1
297,33,1
253,15,1
272,17,1
263,46,1
275,32,1
273,18,1
259,34,1
254,13,1
279,16,1
286,44,1
289,13,1
294,33,1
275,34,1
265,29,1
277,30,1
285,19,1
255,11,1
288,15,1
278,10,1
298,30,1
269,12,1
275,0,1
276,27,1
269,15,1
265,8,1
264,29,1
287,40,1
290,25,1
278,1,1
272,33,1
291,13,1
270,49,1
263,40,1
280,45,1
270,49,1
268,41,1
267,4,1
284,36,1
280,3,1
265,38,1
260,9,1
273,45,1
276,19,1
270,34,1
280,41,1
275,26,1
295,32,1
285,8,1
277,1,1
258,18,1
285,43,1
270,33,1
294,14,1
274,35,1
291,35,1
288,28,1
293,38,1
253,25,1
291,6,1
263,19,1
280,8,1
277,18,1
284,27,1
269,24,1
291,6,1
283,2,1
271,37,1
262,31,1
292,29,1
277,19,1
265,30,1
293,27,1
285,36,1
279,43,1
266,28,1
269,20,1
299,27,1
287,4,1
287,39,1
279,40,1
296,29,1
263,6,1
272,48,1
280,18,1
261,31,1
259,29,1
272,4,1
289,35,1
276,14,1
278,30,1
271,45,1
286,5,1
264,41,1
268,46,1
269,20,1
274,31,1
275,1,1
285,37,1
281,26,1
298,33,1
254,12,1
278,47,1
263,42,1
266,18,1
256,39,1
272,32,1
278,37,1
267,29,1
284,20,1
268,46,1
250,25,1
252,31,1
270,27,1
288,27,1
257,35,1
277,37,1
277,45,1
278,24,1
276,21,1
295,17,1
289,24,1
291,40,1
276,44,1
270,35,1
279,7,1
270,37,1
262,43,1
275,23,1
275,11,1
258,27,1
255,35,1
264,21,1
257,8,1
287,41,1
262,33,1
272,42,1
251,19,1
272,14,1
294,25,1
283,13,1
275,31,1
292,29,1
285,46,1
299,22,1
262,27,1
268,8,1
255,22,1
271,29,1
284,2,1
279,32,1
267,34,1
256,41,1
263,9,1
259,6,1
278,9,1
294,41,1
259,26,1
279,44,1
278,20,1
293,30,1
271,43,1
299,19,1
263,21,1
279,29,1
277,12,1
297,27,1
255,19,1
266,30,1
268,20,1
260,6,1
262,13,1
287,10,1
296,24,1
282,9,1
282,32,1
260,8,1
282,5,1
272,36,1
289,25,1
290,43,1
288,41,1
292,27,1
268,41,1
278,26,1
253,18,1
278,7,1
280,24,1
270,31,1
277,38,1
287,10,1
287,41,1
283,30,1
283,37,1
297,25,1
286,21,1
271,21,1
269,2,1
290,44,1
285,38,1
263,4,1
253,32,1
277,30,1
263,9,1
269,8,1
295,26,1
256,15,1
259,41,1
272,28,1
278,15,1
286,36,1
291,9,1
262,5,1
287,30,1
278,38,1
283,29,1
270,3,1
290,35,1
267,48,1
259,40,1
295,34,1
260,38,1
277,29,1
288,41,1
251,28,1
272,12,1
272,22,1
261,36,1
257,16,1
253,29,1
276,40,1
275,41,1
284,45,1
294,13,1
254,36,1
258,26,1
300,25,1
267,21,1
289,7,1
294,41,1
287,23,1
293,30,1
279,29,1
288,29,1
265,23,1
278,46,1
259,12,1
289,18,1
269,17,1
276,17,1
261,28,1
258,24,1
291,43,1
266,17,1
256,36,1
298,19,1
261,44,1
295,36,1
276,22,1
297,31,1
254,29,1
290,8,1
259,28,1
254,16,1
261,28,1
257,42,1
258,22,1
277,24,1
282,20,1
284,23,1
264,31,1
276,16,1
287,17,1
267,30,1
253,28,1
291,33,1
251,26,1
290,37,1
271,29,1
291,11,1
264,43,1
299,21,1
289,36,1
266,33,1
259,37,1
282,31,1
279,33,1
258,24,1
288,31,1
271,10,1
293,16,1
280,15,1
288,28,1
292,23,1
295,27,1
264,12,1
253,23,1
291,22,1
263,14,1
268,22,1
265,41,1
280,4,1
259,33,1
261,37,1
280,24,1
277,33,1
298,23,1
282,47,1
260,23,1
273,44,1
264,22,1
253,35,1
287,45,1
255,35,1
266,21,1
277,7,1
268,43,1
289,22,1
281,18,1
271,44,1
269,34,1
279,34,1
279,21,1
261,23,1
253,19,1
282,3,1
255,10,1
260,42,1
266,25,1
289,40,1
286,40,1
261,11,1
262,33,1
264,9,1
276,34,1
273,29,1
277,22,1
254,14,1
261,16,1
288,35,1
258,24,1
258,29,1
263,36,1
255,34,1
276,7,1
286,41,1
251,24,1
277,28,1
271,26,1
259,15,1
271,26,1
260,33,1
256,21,1
293,34,1
268,27,1
288,11,1
256,34,1
275,32,1
286,43,1
283,33,1
256,15,1
288,5,1
288,22,1
268,3,1
262,43,1
275,48,1
270,15,1
260,38,1
265,31,1
276,36,1
262,12,1
262,19,1
296,22,1
284,36,1
281,33,1
271,48,1
280,16,1
272,9,1
278,22,1
261,37,1
295,23,1
297,34,1
275,25,1
276,29,1
296,37,1
270,3,1
274,15,1
